1 66 49 37.619 -122.37 148 0 0 330 2014 7 1 21 47 6 4 155
1 66 49 37.633 -122.4 177 0 16 330 2014 7 1 21 48 6 4 155
1 66 49 37.65 -122.57 277 299 58 330 2014 7 1 21 49 16 4 155
1 66 49 37.623 -122.57 303 248 66 330 2014 7 1 21 50 6 4 155
1 66 49 37.561 -122.53 281 148 92 330 2014 7 1 21 51 6 4 155
1 66 49 37.496 -122.47 278 144 110 330 2014 7 1 21 52 6 4 155
1 66 49 37.455 -122.4 313 135 120 330 2014 7 1 21 53 6 4 156
1 66 49 37.384 -122.29 318 119 136 330 2014 7 1 21 54 6 4 176
1 66 49 37.324 -122.19 340 128 150 330 2014 7 1 21 55 15 4 176
1 66 49 37.249 -122.07 356 127 166 330 2014 7 1 21 56 6 4 176
1 66 49 37.186 -121.97 362 128 179 330 2014 7 1 21 57 6 4 176
1 66 49 37.121 -121.87 372 127 192 330 2014 7 1 21 58 16 4 176
1 66 49 37.057 -121.76 379 127 203 330 2014 7 1 21 59 6 4 168
1 66 49 36.991 -121.65 385 129 212 330 2014 7 1 22 0 6 4 168
1 66 49 36.922 -121.55 392 127 221 330 2014 7 1 22 1 10 4 168
1 66 49 36.852 -121.43 402 127 230 330 2014 7 1 22 2 6 4 168
1 66 49 36.768 -121.3 407 127 239 330 2014 7 1 22 3 6 4 168
1 66 49 36.697 -121.19 413 128 246 330 2014 7 1 22 4 6 4 168
1 66 49 36.653 -121.11 415 128 250 330 2014 7 1 22 5 6 4 168
1 66 49 36.566 -120.98 419 128 259 330 2014 7 1 22 6 6 4 168
1 66 49 36.476 -120.84 428 128 267 330 2014 7 1 22 7 6 4 168
1 66 49 36.402 -120.72 428 128 273 330 2014 7 1 22 8 15 4 168
1 66 49 36.327 -120.6 430 128 279 330 2014 7 1 22 9 6 4 168
1 66 49 36.25 -120.48 437 128 284 330 2014 7 1 22 10 6 4 189
1 66 49 36.189 -120.39 444 128 288 330 2014 7 1 22 11 6 4 189
1 66 49 36.11 -120.27 446 127 290 330 2014 7 1 22 12 16 4 189
1 66 49 35.997 -120.09 456 128 290 330 2014 7 1 22 13 16 4 189
1 66 49 35.914 -119.97 457 128 290 330 2014 7 1 22 14 16 4 189
1 66 49 35.833 -119.84 461 129 290 330 2014 7 1 22 15 16 1 54
1 66 49 35.784 -119.77 465 128 290 330 2014 7 1 22 16 6 1 54
1 66 49 35.686 -119.62 465 128 290 290 2014 7 1 22 17 6 1 54
1 66 49 35.605 -119.49 463 129 290 290 2014 7 1 22 18 6 1 54
1 66 49 35.524 -119.37 463 129 290 290 2014 7 1 22 19 6 1 53
1 66 49 35.49 -119.32 461 129 290 290 2014 7 1 22 20 6 1 53
1 66 49 35.409 -119.2 461 129 290 290 2014 7 1 22 21 6 1 53
1 66 49 35.281 -119.01 462 129 290 290 2014 7 1 22 22 15 1 53
1 66 49 35.2 -118.89 460 129 290 290 2014 7 1 22 23 6 1 53
1 66 49 35.117 -118.77 460 129 290 290 2014 7 1 22 24 16 1 53
1 66 49 35.038 -118.65 458 129 290 290 2014 7 1 22 25 6 1 53
1 66 49 35.004 -118.61 458 129 287 290 2014 7 1 22 26 6 1 53
1 66 49 34.911 -118.47 458 130 270 290 2014 7 1 22 27 6 1 53
1 66 49 34.828 -118.35 465 130 257 290 2014 7 1 22 28 6 1 53
1 66 49 34.746 -118.23 465 129 244 290 2014 7 1 22 29 6 1 53
1 66 49 34.664 -118.11 461 129 225 290 2014 7 1 22 30 6 1 22
1 66 49 34.599 -117.99 437 130 207 290 2014 7 1 22 31 6 1 22
1 66 49 34.529 -117.84 431 124 179 290 2014 7 1 22 32 15 1 22
1 66 49 34.473 -117.72 418 121 157 290 2014 7 1 22 33 16 1 22
1 66 49 34.422 -117.61 388 119 146 290 2014 7 1 22 34 16 1 21
1 66 49 34.383 -117.52 311 117 137 290 2014 7 1 22 35 17 1 21
1 66 49 34.333 -117.42 300 119 117 290 2014 7 1 22 36 13 1 6
1 66 49 34.288 -117.34 292 126 99 290 2014 7 1 22 37 16 1 6
1 66 49 34.213 -117.32 277 168 81 290 2014 7 1 22 38 6 1 6
1 66 49 34.143 -117.29 264 168 70 290 2014 7 1 22 39 6 1 6
1 66 49 34.091 -117.31 229 195 60 290 2014 7 1 22 40 16 1 6
1 66 49 34.067 -117.37 206 194 47 290 2014 7 1 22 41 6 1 6
1 66 49 34.055 -117.44 195 253 32 290 2014 7 1 22 42 6 1 6
1 66 49 34.05 -117.48 175 264 25 290 2014 7 1 22 43 6 1 6
1 66 49 34.05 -117.53 140 270 17 290 2014 7 1 22 44 6 1 6
1 66 49 34.057 -117.55 166 270 15 290 2014 7 1 22 45 6 1 6
4 66 49 37.619 -122.37 148 0 0 310 2014 7 1 16 58 16 4 155
4 66 49 37.633 -122.4 167 0 17 310 2014 7 1 16 59 15 4 155
4 66 49 37.65 -122.47 236 305 36 310 2014 7 1 17 0 6 4 155
4 66 49 37.6 -122.5 258 247 58 310 2014 7 1 17 1 6 4 155
4 66 49 37.529 -122.49 262 174 78 310 2014 7 1 17 2 6 4 155
4 66 49 37.467 -122.43 285 146 101 310 2014 7 1 17 3 16 4 155
4 66 49 37.417 -122.35 288 127 124 310 2014 7 1 17 4 6 4 156
4 66 49 37.364 -122.28 302 127 137 310 2014 7 1 17 5 6 4 176
4 66 49 37.326 -122.18 329 128 150 310 2014 7 1 17 6 6 4 176
4 66 49 37.294 -122.06 348 101 163 310 2014 7 1 17 7 6 4 176
4 66 49 37.233 -121.97 350 129 182 310 2014 7 1 17 8 6 4 176
4 66 49 37.164 -121.86 342 128 204 310 2014 7 1 17 9 6 4 168
4 66 49 37.055 -121.69 341 128 229 310 2014 7 1 17 10 16 4 168
4 66 49 37.044 -121.67 344 128 231 310 2014 7 1 17 11 8 4 168
4 66 49 36.981 -121.58 350 127 242 310 2014 7 1 17 12 6 4 168
4 66 49 36.919 -121.48 356 129 254 310 2014 7 1 17 13 15 4 168
4 66 49 36.857 -121.37 365 128 265 310 2014 7 1 17 14 6 4 168
4 66 49 36.789 -121.27 378 128 270 310 2014 7 1 17 15 6 4 168
4 66 49 36.719 -121.17 391 128 275 310 2014 7 1 17 16 6 4 168
4 66 49 36.635 -121.03 404 128 282 310 2014 7 1 17 17 6 4 189
4 66 49 36.576 -120.94 409 128 286 310 2014 7 1 17 18 16 4 189
4 66 49 36.489 -120.81 415 128 292 310 2014 7 1 17 19 6 4 189
4 66 49 36.415 -120.69 423 129 297 310 2014 7 1 17 20 6 4 189
4 66 49 36.339 -120.58 426 128 302 310 2014 7 1 17 21 13 4 189
4 66 49 36.262 -120.46 428 129 307 310 2014 7 1 17 22 6 4 189
4 66 49 36.186 -120.34 431 129 310 310 2014 7 1 17 23 17 4 189
4 66 49 36.108 -120.23 435 129 310 310 2014 7 1 17 24 16 4 189
4 66 49 36.027 -120.1 454 129 310 310 2014 7 1 17 25 6 4 189
4 66 49 35.929 -119.95 456 129 310 310 2014 7 1 17 26 6 4 189
4 66 49 35.848 -119.83 456 129 310 310 2014 7 1 17 27 6 1 54
4 66 49 35.767 -119.71 458 129 310 310 2014 7 1 17 28 6 1 54
4 66 49 35.686 -119.59 457 129 310 310 2014 7 1 17 29 6 1 54
4 66 49 35.605 -119.47 456 129 310 310 2014 7 1 17 30 6 1 53
4 66 49 35.524 -119.35 456 129 310 310 2014 7 1 17 31 6 1 53
4 66 49 35.441 -119.23 456 130 310 310 2014 7 1 17 32 6 1 53
4 66 49 35.442 -119.23 457 130 310 310 2014 7 1 17 33 6 1 53
4 66 49 35.345 -119.09 455 129 310 310 2014 7 1 17 34 6 1 53
4 66 49 35.201 -118.88 449 129 310 310 2014 7 1 17 35 16 1 53
4 66 49 35.185 -118.86 449 130 310 310 2014 7 1 17 36 6 1 53
4 66 49 35.027 -118.63 446 130 308 310 2014 7 1 17 37 6 1 53
4 66 49 34.947 -118.51 446 130 308 310 2014 7 1 17 38 6 1 53
4 66 49 35.025 -118.63 445 130 308 310 2014 7 1 17 39 6 1 53
4 66 49 34.848 -118.37 464 195 257 310 2014 7 1 17 40 6 1 53
4 66 49 34.765 -118.26 463 130 233 310 2014 7 1 17 41 6 1 22
4 66 49 34.687 -118.14 445 130 209 310 2014 7 1 17 42 6 1 22
4 66 49 34.618 -118.04 410 130 200 310 2014 7 1 17 43 6 1 22
4 66 49 34.557 -117.9 381 128 184 310 2014 7 1 17 44 15 1 22
4 66 49 34.51 -117.8 353 121 164 310 2014 7 1 17 45 6 1 22
4 66 49 34.466 -117.7 331 119 144 310 2014 7 1 17 46 6 1 22
4 66 49 34.425 -117.62 310 118 140 310 2014 7 1 17 47 6 1 21
4 66 49 34.367 -117.48 316 118 133 310 2014 7 1 17 48 16 1 21
4 66 49 34.333 -117.4 299 119 115 310 2014 7 1 17 49 16 1 6
4 66 49 34.283 -117.33 285 120 100 310 2014 7 1 17 50 6 1 6
4 66 49 34.217 -117.35 253 185 87 310 2014 7 1 17 51 18 1 6
4 66 49 34.15 -117.4 223 207 77 310 2014 7 1 17 52 6 1 6
4 66 49 34.1 -117.42 196 210 60 310 2014 7 1 17 53 6 1 6
4 66 49 34.068 -117.4 183 155 54 310 2014 7 1 17 54 6 1 6
4 66 49 34.059 -117.45 167 253 37 310 2014 7 1 17 55 16 1 6
4 66 49 34.055 -117.5 156 258 25 310 2014 7 1 17 56 8 1 6
4 66 49 34.05 -117.55 141 270 14 310 2014 7 1 17 57 6 1 6
5 66 49 37.633 -122.42 163 0 16 330 2014 7 1 17 59 6 4 155
5 66 49 37.667 -122.48 238 300 32 330 2014 7 1 18 0 6 4 155
5 66 49 37.65 -122.55 286 272 52 330 2014 7 1 18 1 6 4 155
5 66 49 37.598 -122.52 273 252 74 330 2014 7 1 18 2 15 4 155
5 66 49 37.548 -122.45 278 163 97 330 2014 7 1 18 3 6 4 155
5 66 49 37.494 -122.37 294 138 116 330 2014 7 1 18 4 6 4 155
5 66 49 37.436 -122.28 318 130 131 330 2014 7 1 18 5 6 4 176
5 66 49 37.364 -122.18 327 132 150 330 2014 7 1 18 6 9 4 176
5 66 49 37.302 -122.09 335 133 165 330 2014 7 1 18 7 16 4 176
5 66 49 37.235 -122.01 341 127 179 330 2014 7 1 18 8 6 4 176
5 66 49 37.174 -121.91 349 133 192 330 2014 7 1 18 9 6 4 176
5 66 49 37.101 -121.8 358 130 206 330 2014 7 1 18 10 6 4 168
5 66 49 37.039 -121.72 364 129 217 330 2014 7 1 18 11 6 4 168
5 66 49 36.973 -121.62 367 130 226 330 2014 7 1 18 12 16 4 168
5 66 49 36.892 -121.49 379 129 241 330 2014 7 1 18 13 16 4 168
5 66 49 36.826 -121.39 382 125 249 330 2014 7 1 18 14 6 4 168
5 66 49 36.758 -121.28 388 129 257 330 2014 7 1 18 15 6 4 168
5 66 49 36.689 -121.17 396 128 264 330 2014 7 1 18 16 6 4 168
5 66 49 36.619 -121.06 399 127 270 330 2014 7 1 18 17 6 4 168
5 66 49 36.534 -120.93 409 128 276 330 2014 7 1 18 18 6 4 168
5 66 49 36.476 -120.83 413 128 280 330 2014 7 1 18 19 6 4 189
5 66 49 36.404 -120.72 415 128 285 330 2014 7 1 18 20 6 4 189
5 66 49 36.315 -120.58 420 128 291 330 2014 7 1 18 21 12 4 189
5 66 49 36.241 -120.47 421 129 296 330 2014 7 1 18 22 6 4 189
5 66 49 36.167 -120.35 422 128 302 330 2014 7 1 18 23 6 4 189
5 66 49 36.078 -120.21 431 128 308 330 2014 7 1 18 24 16 4 189
5 66 49 36.017 -120.12 428 128 310 330 2014 7 1 18 25 16 4 189
5 66 49 36.017 -120.12 428 128 310 330 2014 7 1 18 26 6 4 189
5 66 49 35.925 -119.98 434 128 310 330 2014 7 1 18 27 6 4 189
5 66 49 35.846 -119.86 437 129 310 330 2014 7 1 18 28 6 1 54
5 66 49 35.701 -119.64 454 129 316 330 2014 7 1 18 29 6 1 54
5 66 49 35.623 -119.52 449 129 322 330 2014 7 1 18 30 6 1 54
5 66 49 35.531 -119.39 439 129 329 330 2014 7 1 18 31 6 1 53
5 66 49 35.515 -119.36 441 129 330 330 2014 7 1 18 32 6 1 53
5 66 49 35.455 -119.27 435 129 330 330 2014 7 1 18 33 6 1 53
5 66 49 35.361 -119.13 438 129 330 330 2014 7 1 18 34 16 1 53
5 66 49 35.281 -119.01 447 129 330 330 2014 7 1 18 35 16 1 53
5 66 49 35.216 -118.92 449 129 330 330 2014 7 1 18 36 6 1 53
5 66 49 35.118 -118.77 455 129 330 330 2014 7 1 18 37 6 1 53
5 66 49 35.017 -118.63 465 129 318 330 2014 7 1 18 38 16 1 53
5 66 49 34.928 -118.5 500 129 291 330 2014 7 1 18 39 15 1 53
5 66 49 34.847 -118.38 484 130 265 330 2014 7 1 18 40 6 1 53
5 66 49 34.766 -118.26 461 129 239 330 2014 7 1 18 41 6 1 22
5 66 49 34.671 -118.12 449 130 210 330 2014 7 1 18 42 6 1 22
5 66 49 34.602 -118 443 129 192 330 2014 7 1 18 43 15 1 22
5 66 49 34.545 -117.88 438 127 172 330 2014 7 1 18 44 6 1 22
5 66 49 34.489 -117.76 417 121 152 330 2014 7 1 18 45 7 1 22
5 66 49 34.441 -117.65 360 118 140 330 2014 7 1 18 46 6 1 21
5 66 49 34.383 -117.53 252 119 140 330 2014 7 1 18 47 16 1 21
5 66 49 34.333 -117.45 311 122 131 330 2014 7 1 18 48 16 1 21
5 66 49 34.283 -117.38 292 139 117 330 2014 7 1 18 49 15 1 6
5 66 49 34.225 -117.33 288 141 102 330 2014 7 1 18 50 16 1 6
5 66 49 34.15 -117.3 274 145 80 330 2014 7 1 18 51 6 1 6
5 66 49 34.083 -117.32 271 155 65 330 2014 7 1 18 52 6 1 6
5 66 49 34.055 -117.4 267 244 44 330 2014 7 1 18 53 6 1 6
5 66 49 33.984 -117.37 267 163 44 330 2014 7 1 18 54 6 1 6
5 66 49 34.05 -117.53 150 270 21 330 2014 7 1 18 55 6 1 6
5 66 49 34.05 -117.57 144 270 12 330 2014 7 1 18 56 6 1 6
5 66 49 34.058 -117.58 173 270 14 330 2014 7 1 18 57 16 1 6
6 66 49 37.633 -122.38 152 0 11 330 2014 7 2 23 54 16 4 155
6 66 49 37.651 -122.44 185 303 32 330 2014 7 2 23 55 16 4 155
6 66 49 37.67 -122.52 225 284 57 330 2014 7 2 23 56 6 4 155
6 66 49 37.617 -122.52 261 186 77 330 2014 7 2 23 57 6 4 155
6 66 49 37.544 -122.48 269 157 100 330 2014 7 2 23 58 15 4 155
6 66 49 37.477 -122.38 308 145 114 330 2014 7 2 23 59 6 4 155
6 66 49 37.42 -122.29 328 129 133 330 2014 7 3 0 0 6 4 176
6 66 49 37.374 -122.22 330 128 145 330 2014 7 3 0 1 6 4 176
6 66 49 37.304 -122.11 340 130 166 330 2014 7 3 0 2 6 4 176
6 66 49 37.244 -122.01 346 129 179 330 2014 7 3 0 3 16 4 176
6 66 49 37.182 -121.91 359 127 191 330 2014 7 3 0 4 16 4 176
6 66 49 37.118 -121.81 362 127 203 330 2014 7 3 0 5 6 4 168
6 66 49 37.038 -121.69 374 128 215 330 2014 7 3 0 6 6 4 168
6 66 49 36.972 -121.59 377 129 223 330 2014 7 3 0 7 6 4 168
6 66 49 36.904 -121.48 385 128 232 330 2014 7 3 0 8 6 4 168
6 66 49 36.838 -121.37 395 127 241 330 2014 7 3 0 9 6 4 168
6 66 49 36.766 -121.26 400 127 249 330 2014 7 3 0 10 6 4 168
6 66 49 36.697 -121.15 403 128 257 330 2014 7 3 0 11 6 4 168
6 66 49 36.625 -121.04 405 127 264 330 2014 7 3 0 12 6 4 168
6 66 49 36.552 -120.93 413 128 269 330 2014 7 3 0 13 6 4 168
6 66 49 36.464 -120.79 421 128 277 330 2014 7 3 0 14 6 4 168
6 66 49 36.391 -120.67 423 127 285 330 2014 7 3 0 15 6 4 189
6 66 49 36.315 -120.56 423 129 292 330 2014 7 3 0 16 7 4 189
6 66 49 36.242 -120.45 423 128 299 330 2014 7 3 0 17 6 4 189
6 66 49 36.168 -120.33 423 128 306 330 2014 7 3 0 18 6 4 189
6 66 49 36.093 -120.21 429 129 313 330 2014 7 3 0 19 6 4 189
6 66 49 36.004 -120.08 422 129 320 330 2014 7 3 0 20 16 4 189
6 66 49 35.945 -119.99 422 129 324 330 2014 7 3 0 21 6 4 189
6 66 49 35.855 -119.85 422 129 330 330 2014 7 3 0 22 6 1 54
6 66 49 35.778 -119.74 425 129 330 330 2014 7 3 0 23 15 1 54
6 66 49 35.7 -119.62 437 129 330 330 2014 7 3 0 24 6 1 54
6 66 49 35.619 -119.5 446 129 329 330 2014 7 3 0 25 16 1 54
6 66 49 35.538 -119.38 452 129 330 330 2014 7 3 0 26 6 1 53
6 66 49 35.457 -119.26 457 129 330 330 2014 7 3 0 27 6 1 53
6 66 49 35.357 -119.11 461 129 330 330 2014 7 3 0 28 16 1 53
6 66 49 35.274 -118.99 462 129 330 330 2014 7 3 0 29 16 1 53
6 66 49 35.291 -119.02 462 129 330 330 2014 7 3 0 30 6 1 53
6 66 49 35.19 -118.87 462 130 325 330 2014 7 3 0 31 6 1 53
6 66 49 35.124 -118.77 463 130 309 330 2014 7 3 0 32 6 1 53
6 66 49 35.04 -118.65 470 130 289 330 2014 7 3 0 33 6 1 53
6 66 49 34.919 -118.48 477 129 261 330 2014 7 3 0 34 6 1 53
6 66 49 34.843 -118.37 477 129 243 330 2014 7 3 0 35 15 1 53
6 66 49 34.759 -118.25 475 130 233 330 2014 7 3 0 36 16 1 22
6 66 49 34.661 -118.11 462 130 215 330 2014 7 3 0 37 6 1 22
6 66 49 34.596 -117.99 432 130 197 330 2014 7 3 0 38 16 1 22
6 66 49 34.539 -117.86 426 127 176 330 2014 7 3 0 39 6 1 22
6 66 49 34.484 -117.74 412 121 164 330 2014 7 3 0 40 6 1 22
6 66 49 34.417 -117.58 397 119 142 330 2014 7 3 0 41 6 1 21
6 66 49 34.367 -117.5 308 117 136 330 2014 7 3 0 42 6 1 21
6 66 49 34.333 -117.4 294 120 116 330 2014 7 3 0 43 15 1 6
6 66 49 34.283 -117.33 291 122 109 330 2014 7 3 0 44 16 1 6
6 66 49 34.206 -117.3 294 158 101 330 2014 7 3 0 45 6 1 6
6 66 49 34.134 -117.28 293 168 81 330 2014 7 3 0 46 16 1 6
6 66 49 34.083 -117.33 236 218 60 330 2014 7 3 0 47 6 1 6
6 66 49 34.048 -117.39 233 238 41 330 2014 7 3 0 48 6 1 6
6 66 49 34.05 -117.47 171 275 31 330 2014 7 3 0 49 6 1 6
6 66 49 34.056 -117.5 162 262 22 330 2014 7 3 0 50 6 1 6
6 66 49 34.055 -117.55 139 270 14 330 2014 7 3 0 51 6 1 6
8 66 49 37.634 -122.41 166 0 330 330 2014 7 2 5 57 15 4 188
8 66 49 37.658 -122.46 211 301 37 330 2014 7 2 5 58 15 4 155
8 66 49 37.671 -122.53 215 300 61 330 2014 7 2 5 59 15 4 155
8 66 49 37.606 -122.53 280 290 77 330 2014 7 2 6 0 6 4 155
8 66 49 37.543 -122.47 293 228 98 330 2014 7 2 6 1 6 4 155
8 66 49 37.48 -122.37 309 135 122 330 2014 7 2 6 2 16 4 155
8 66 49 37.426 -122.28 314 126 140 330 2014 7 2 6 3 6 4 176
8 66 49 37.379 -122.18 326 124 158 330 2014 7 2 6 4 15 4 176
8 66 49 37.328 -122.09 329 122 174 330 2014 7 2 6 5 15 4 176
8 66 49 37.266 -122 337 129 188 330 2014 7 2 6 6 6 4 176
8 66 49 37.203 -121.9 350 130 190 330 2014 7 2 6 7 15 4 176
8 66 49 37.131 -121.79 388 126 190 330 2014 7 2 6 8 15 4 176
8 66 49 37.056 -121.68 414 129 195 330 2014 7 2 6 9 15 4 174
8 66 49 36.99 -121.56 409 128 214 330 2014 7 2 6 10 15 4 168
8 66 49 36.922 -121.46 394 128 227 330 2014 7 2 6 11 15 4 168
8 66 49 36.856 -121.35 390 128 240 330 2014 7 2 6 12 15 4 168
8 66 49 36.788 -121.25 389 129 250 330 2014 7 2 6 13 15 4 168
8 66 49 36.719 -121.15 389 128 258 330 2014 7 2 6 14 15 4 168
8 66 49 36.65 -121.04 391 129 265 330 2014 7 2 6 15 15 4 168
8 66 49 36.579 -120.93 402 127 272 330 2014 7 2 6 16 15 4 168
8 66 49 36.508 -120.82 403 128 279 330 2014 7 2 6 17 15 4 168
8 66 49 36.435 -120.71 407 129 286 330 2014 7 2 6 18 15 4 189
8 66 49 36.365 -120.6 408 127 292 330 2014 7 2 6 19 15 4 189
8 66 49 36.281 -120.46 416 126 297 330 2014 7 2 6 20 15 4 189
8 66 49 36.223 -120.36 422 126 300 330 2014 7 2 6 21 15 4 189
8 66 49 36.137 -120.22 431 127 306 330 2014 7 2 6 22 15 4 189
8 66 49 36.063 -120.1 431 127 311 330 2014 7 2 6 23 15 4 189
8 66 49 35.991 -119.98 431 127 316 330 2014 7 2 6 24 15 4 189
8 66 49 35.919 -119.86 430 127 323 330 2014 7 2 6 25 15 4 189
8 66 49 35.919 -119.86 430 127 323 330 2014 7 2 6 26 6 4 189
8 66 49 35.773 -119.63 430 127 330 330 2014 7 2 6 27 16 1 54
8 66 49 35.698 -119.51 435 127 330 330 2014 7 2 6 28 15 1 54
8 66 49 35.622 -119.39 440 127 330 330 2014 7 2 6 29 15 1 53
8 66 49 35.546 -119.27 442 127 330 330 2014 7 2 6 30 15 1 53
8 66 49 35.547 -119.27 446 127 330 330 2014 7 2 6 31 6 1 53
8 66 49 35.398 -119.03 441 127 329 130 2014 7 2 6 32 15 1 53
8 66 49 35.322 -118.91 441 127 329 130 2014 7 2 6 33 15 1 53
8 66 49 35.247 -118.8 441 128 329 130 2014 7 2 6 34 15 1 53
8 66 49 35.174 -118.68 436 128 330 130 2014 7 2 6 35 15 1 53
8 66 49 35.1 -118.57 430 127 330 130 2014 7 2 6 36 15 1 53
8 66 49 35.03 -118.45 425 128 330 130 2014 7 2 6 37 15 1 53
8 66 49 34.944 -118.33 426 128 330 130 2014 7 2 6 38 15 1 34
8 66 49 34.872 -118.22 424 129 328 130 2014 7 2 6 39 15 1 34
8 66 49 34.798 -118.1 429 128 294 130 2014 7 2 6 40 15 1 53
8 66 49 34.721 -117.98 446 128 257 130 2014 7 2 6 41 15 1 53
8 66 49 34.721 -117.98 446 128 257 130 2014 7 2 6 42 6 1 53
8 66 49 34.645 -117.87 449 128 224 130 2014 7 2 6 43 15 1 22
8 66 49 34.574 -117.76 419 128 194 130 2014 7 2 6 44 15 1 22
8 66 49 34.503 -117.65 408 128 164 130 2014 7 2 6 45 15 1 22
8 66 49 34.4 -117.48 371 128 130 130 2014 7 2 6 46 16 1 21
8 66 49 34.333 -117.38 320 128 116 130 2014 7 2 6 47 16 1 6
8 66 49 34.283 -117.33 296 128 103 130 2014 7 2 6 48 15 1 6
8 66 49 34.2 -117.32 282 157 83 130 2014 7 2 6 49 15 1 6
8 66 49 34.133 -117.3 256 165 70 130 2014 7 2 6 50 15 1 6
8 66 49 34.083 -117.32 201 177 60 130 2014 7 2 6 51 15 1 6
8 66 49 34.05 -117.37 179 227 47 130 2014 7 2 6 52 16 1 6
8 66 49 34.05 -117.43 169 258 36 130 2014 7 2 6 53 16 1 6
8 66 49 34.05 -117.5 148 271 23 130 2014 7 2 6 54 15 1 6
8 66 49 34.05 -117.52 142 271 19 130 2014 7 2 6 55 15 1 6
8 66 49 34.05 -117.57 134 270 11 130 2014 7 2 6 56 6 1 6
8 66 49 34.057 -117.6 147 270 13 130 2014 7 2 6 57 16 1 6
11 66 49 37.628 -122.39 149 0 330 330 2014 7 3 2 52 6 4 188
11 66 49 37.646 -122.44 193 155 31 330 2014 7 3 2 53 15 4 155
11 66 49 37.682 -122.53 217 236 63 330 2014 7 3 2 54 6 4 155
11 66 49 37.648 -122.58 238 297 89 330 2014 7 3 2 55 6 4 155
11 66 49 37.588 -122.53 266 270 107 330 2014 7 3 2 56 15 4 155
11 66 49 37.538 -122.45 292 181 116 330 2014 7 3 2 57 6 4 155
11 66 49 37.475 -122.34 360 135 125 330 2014 7 3 2 58 16 4 155
11 66 49 37.411 -122.24 369 127 138 330 2014 7 3 2 59 7 4 176
11 66 49 37.346 -122.14 374 128 150 330 2014 7 3 3 0 16 4 176
11 66 49 37.281 -122.04 380 154 161 330 2014 7 3 3 1 6 4 176
11 66 49 37.212 -121.93 390 130 171 330 2014 7 3 3 2 6 4 176
11 66 49 37.141 -121.81 393 127 181 330 2014 7 3 3 3 6 4 176
11 66 49 37.06 -121.69 400 128 192 330 2014 7 3 3 4 6 4 176
11 66 49 36.988 -121.58 400 128 198 330 2014 7 3 3 5 6 4 168
11 66 49 36.917 -121.47 412 129 206 330 2014 7 3 3 6 6 4 168
11 66 49 36.858 -121.38 411 126 211 330 2014 7 3 3 7 6 4 168
11 66 49 36.772 -121.24 419 130 219 330 2014 7 3 3 8 16 4 168
11 66 49 36.697 -121.12 421 128 225 330 2014 7 3 3 9 16 4 168
11 66 49 36.622 -121.01 425 129 231 330 2014 7 3 3 10 16 4 168
11 66 49 36.546 -120.89 426 128 239 330 2014 7 3 3 11 6 4 168
11 66 49 36.455 -120.8 427 140 245 330 2014 7 3 3 12 16 4 168
11 66 49 36.348 -120.69 426 141 255 330 2014 7 3 3 13 15 4 168
11 66 49 36.291 -120.59 421 128 262 330 2014 7 3 3 14 16 4 168
11 66 49 36.218 -120.48 424 127 265 330 2014 7 3 3 15 6 4 168
11 66 49 36.129 -120.34 426 128 273 330 2014 7 3 3 16 6 4 168
11 66 49 36.056 -120.22 425 128 280 330 2014 7 3 3 17 15 4 189
11 66 49 35.983 -120.11 424 128 285 330 2014 7 3 3 18 15 4 189
11 66 49 35.908 -119.99 424 128 290 330 2014 7 3 3 19 6 4 189
11 66 49 35.833 -119.88 428 128 290 330 2014 7 3 3 20 6 1 54
11 66 49 35.755 -119.76 443 128 290 330 2014 7 3 3 21 6 1 54
11 66 49 35.675 -119.63 451 128 290 330 2014 7 3 3 22 16 1 54
11 66 49 35.676 -119.63 453 128 290 330 2014 7 3 3 23 6 1 54
11 66 49 35.514 -119.39 460 129 289 290 2014 7 3 3 24 15 1 53
11 66 49 35.432 -119.26 463 128 290 290 2014 7 3 3 25 16 1 53
11 66 49 35.334 -119.11 465 129 290 290 2014 7 3 3 26 16 1 53
11 66 49 35.334 -119.11 465 129 290 290 2014 7 3 3 27 6 1 53
11 66 49 35.251 -118.99 467 128 290 290 2014 7 3 3 28 6 1 53
11 66 49 35.169 -118.86 468 128 290 290 2014 7 3 3 29 6 1 53
11 66 49 35.088 -118.74 469 129 287 290 2014 7 3 3 30 6 1 53
11 66 49 35.002 -118.61 475 128 275 290 2014 7 3 3 31 6 1 53
11 66 49 34.911 -118.48 476 129 262 290 2014 7 3 3 32 6 1 53
11 66 49 34.83 -118.36 470 130 250 290 2014 7 3 3 33 6 1 53
11 66 49 34.749 -118.24 463 129 238 290 2014 7 3 3 34 16 1 22
11 66 49 34.668 -118.12 461 129 226 290 2014 7 3 3 35 16 1 22
11 66 49 34.599 -117.99 452 129 214 290 2014 7 3 3 36 6 1 22
11 66 49 34.527 -117.83 452 126 196 290 2014 7 3 3 37 15 1 22
11 66 49 34.469 -117.71 438 121 175 290 2014 7 3 3 38 15 1 22
11 66 49 34.383 -117.53 368 119 142 290 2014 7 3 3 39 15 1 21
11 66 49 34.333 -117.42 350 118 130 290 2014 7 3 3 40 15 1 21
11 66 49 34.318 -117.38 343 117 129 290 2014 7 3 3 41 6 1 21
11 66 49 34.217 -117.28 296 140 90 290 2014 7 3 3 42 16 1 6
11 66 49 34.15 -117.3 281 151 62 290 2014 7 3 3 43 15 1 6
11 66 49 34.117 -117.37 245 219 45 290 2014 7 3 3 44 16 1 6
11 66 49 34.067 -117.45 246 237 30 290 2014 7 3 3 45 6 1 6
11 66 49 34.05 -117.5 184 239 23 290 2014 7 3 3 46 16 1 6
11 66 49 34.056 -117.52 195 248 19 290 2014 7 3 3 47 16 1 6
11 66 49 34.056 -117.58 152 270 10 290 2014 7 3 3 48 15 1 6
12 66 49 37.619 -122.37 148 0 0 330 2014 7 3 16 28 6 4 155
12 66 49 37.658 -122.46 198 303 31 330 2014 7 3 16 29 6 4 155
12 66 49 37.665 -122.54 244 284 51 330 2014 7 3 16 30 6 4 155
12 66 49 37.596 -122.54 284 207 74 330 2014 7 3 16 31 6 4 155
12 66 49 37.542 -122.46 288 133 99 330 2014 7 3 16 32 6 4 155
12 66 49 37.491 -122.38 299 135 116 330 2014 7 3 16 33 6 4 155
12 66 49 37.437 -122.29 314 127 136 330 2014 7 3 16 34 6 4 176
12 66 49 37.378 -122.2 335 132 145 330 2014 7 3 16 35 6 4 176
12 66 49 37.313 -122.11 350 124 160 330 2014 7 3 16 36 6 4 176
12 66 49 37.241 -121.98 365 132 175 330 2014 7 3 16 37 6 4 176
12 66 49 37.177 -121.88 373 127 187 330 2014 7 3 16 38 6 4 176
12 66 49 37.105 -121.77 381 129 199 330 2014 7 3 16 39 6 4 168
12 66 49 37.04 -121.67 387 126 209 330 2014 7 3 16 40 6 4 168
12 66 49 36.972 -121.56 390 129 219 330 2014 7 3 16 41 6 4 168
12 66 49 36.902 -121.46 395 126 227 330 2014 7 3 16 42 6 4 168
12 66 49 36.819 -121.32 407 130 237 330 2014 7 3 16 43 6 4 168
12 66 49 36.744 -121.21 413 126 245 330 2014 7 3 16 44 6 4 168
12 66 49 36.671 -121.09 416 129 251 330 2014 7 3 16 45 6 4 168
12 66 49 36.596 -120.98 426 128 257 330 2014 7 3 16 46 6 4 168
12 66 49 36.523 -120.86 426 128 257 330 2014 7 3 16 47 6 4 168
12 66 49 36.521 -120.86 429 128 262 330 2014 7 3 16 48 6 4 168
12 66 49 36.444 -120.74 436 128 268 330 2014 7 3 16 49 6 4 168
12 66 49 36.35 -120.6 441 128 275 330 2014 7 3 16 50 6 4 168
12 66 49 36.275 -120.48 441 129 287 330 2014 7 3 16 51 10 4 189
12 66 49 36.199 -120.36 437 129 292 330 2014 7 3 16 52 6 4 189
12 66 49 36.123 -120.25 435 128 301 330 2014 7 3 16 53 6 4 189
12 66 49 36.048 -120.13 423 129 310 310 2014 7 3 16 54 6 4 189
12 66 49 35.973 -120.02 423 128 310 310 2014 7 3 16 55 6 4 189
12 66 49 35.894 -119.9 440 129 310 310 2014 7 3 16 56 6 4 189
12 66 49 35.799 -119.76 442 129 310 310 2014 7 3 16 57 6 1 54
12 66 49 35.722 -119.65 438 129 310 310 2014 7 3 16 58 6 1 54
12 66 49 35.644 -119.53 437 129 310 310 2014 7 3 16 59 6 1 54
12 66 49 35.568 -119.42 432 129 310 310 2014 7 3 17 0 6 1 53
12 66 49 35.492 -119.31 431 129 310 310 2014 7 3 17 1 6 1 53
12 66 49 35.415 -119.19 431 129 310 310 2014 7 3 17 2 6 1 53
12 66 49 35.324 -119.06 429 129 310 310 2014 7 3 17 3 6 1 53
12 66 49 35.248 -118.95 429 129 310 310 2014 7 3 17 4 6 1 53
12 66 49 35.173 -118.84 427 130 310 310 2014 7 3 17 5 6 1 53
12 66 49 35.094 -118.73 428 130 307 310 2014 7 3 17 6 14 1 53
12 66 49 35.016 -118.61 432 129 297 310 2014 7 3 17 7 6 1 53
12 66 49 34.939 -118.5 432 130 297 310 2014 7 3 17 8 16 1 53
12 66 49 34.854 -118.38 435 130 274 310 2014 7 3 17 9 6 1 53
12 66 49 34.776 -118.27 434 130 262 310 2014 7 3 17 10 6 1 53
12 66 49 34.699 -118.16 434 130 262 310 2014 7 3 17 11 6 1 53
12 66 49 34.617 -118.03 413 130 239 310 2014 7 3 17 12 6 1 22
12 66 49 34.564 -117.92 396 128 211 310 2014 7 3 17 13 6 1 22
12 66 49 34.511 -117.8 396 118 211 310 2014 7 3 17 14 6 1 22
12 66 49 34.513 -117.81 390 121 197 310 2014 7 3 17 15 6 1 22
12 66 49 34.463 -117.7 373 119 168 310 2014 7 3 17 16 6 1 22
12 66 49 34.369 -117.49 292 119 140 310 2014 7 3 17 17 16 1 21
12 66 49 34.35 -117.47 308 122 137 310 2014 7 3 17 18 6 1 21
12 66 49 34.326 -117.4 306 120 128 310 2014 7 3 17 19 6 1 21
12 66 49 34.25 -117.33 296 136 105 310 2014 7 3 17 20 6 1 6
12 66 49 34.167 -117.32 274 172 79 310 2014 7 3 17 21 6 1 6
12 66 49 34.109 -117.32 251 190 56 310 2014 7 3 17 22 6 1 6
12 66 49 34.059 -117.37 228 231 44 310 2014 7 3 17 23 6 1 6
12 66 49 34.059 -117.44 217 248 32 310 2014 7 3 17 24 6 1 6
12 66 49 34.056 -117.5 197 270 24 310 2014 7 3 17 25 6 1 6
12 66 49 34.056 -117.55 170 270 16 310 2014 7 3 17 26 6 1 6
14 66 49 37.65 -122.45 189 308 36 330 2014 7 4 22 38 6 4 155
14 66 49 37.667 -122.52 211 297 60 330 2014 7 4 22 39 15 4 155
14 66 49 37.617 -122.52 231 264 81 330 2014 7 4 22 40 15 4 155
14 66 49 37.608 -122.49 228 180 86 330 2014 7 4 22 41 6 4 155
14 66 49 37.561 -122.41 262 141 107 330 2014 7 4 22 42 15 4 155
14 66 49 37.509 -122.33 290 128 124 330 2014 7 4 22 43 16 4 156
14 66 49 37.454 -122.25 305 129 141 330 2014 7 4 22 44 15 4 176
14 66 49 37.397 -122.16 312 128 158 330 2014 7 4 22 45 6 4 176
14 66 49 37.34 -122.07 325 128 174 330 2014 7 4 22 46 16 4 176
14 66 49 37.282 -121.98 332 131 190 330 2014 7 4 22 47 15 4 176
14 66 49 37.223 -121.88 338 127 202 330 2014 7 4 22 48 15 4 168
14 66 49 37.159 -121.8 342 126 214 330 2014 7 4 22 49 15 4 168
14 66 49 37.086 -121.68 350 129 226 330 2014 7 4 22 50 6 4 168
14 66 49 37.021 -121.58 363 130 234 330 2014 7 4 22 51 6 4 168
14 66 49 36.954 -121.48 377 128 242 330 2014 7 4 22 52 15 4 168
14 66 49 36.886 -121.37 385 127 250 330 2014 7 4 22 53 6 4 168
14 66 49 36.818 -121.26 388 129 258 330 2014 7 4 22 54 6 4 168
14 66 49 36.748 -121.16 393 131 266 330 2014 7 4 22 55 15 4 168
14 66 49 36.679 -121.05 394 127 274 330 2014 7 4 22 56 16 4 168
14 66 49 36.607 -120.94 398 130 282 330 2014 7 4 22 57 6 4 189
14 66 49 36.538 -120.83 398 128 290 330 2014 7 4 22 58 6 4 189
14 66 49 36.467 -120.73 402 128 296 330 2014 7 4 22 59 16 4 189
14 66 49 36.395 -120.62 402 130 301 330 2014 7 4 23 0 16 4 189
14 66 49 36.306 -120.48 409 129 307 330 2014 7 4 23 1 16 4 189
14 66 49 36.233 -120.37 414 129 312 330 2014 7 4 23 2 6 4 189
14 66 49 36.157 -120.26 421 129 317 330 2014 7 4 23 3 15 4 189
14 66 49 36.082 -120.15 420 130 323 330 2014 7 4 23 4 6 4 189
14 66 49 36.008 -120.04 418 129 328 330 2014 7 4 23 5 6 4 189
14 66 49 35.933 -119.93 418 130 330 330 2014 7 4 23 6 6 4 189
14 66 49 35.856 -119.81 425 129 330 330 2014 7 4 23 7 15 1 54
14 66 49 35.775 -119.7 441 130 330 330 2014 7 4 23 8 6 1 54
14 66 49 35.697 -119.58 440 130 330 330 2014 7 4 23 9 6 1 54
14 66 49 35.6 -119.44 442 130 330 330 2014 7 4 23 10 16 1 53
14 66 49 35.519 -119.32 443 130 330 330 2014 7 4 23 11 15 1 53
14 66 49 35.439 -119.21 443 130 330 330 2014 7 4 23 12 16 1 53
14 66 49 35.359 -119.09 444 130 328 330 2014 7 4 23 13 16 1 53
14 66 49 35.278 -118.98 445 130 317 330 2014 7 4 23 14 6 1 53
14 66 49 35.196 -118.86 452 130 307 330 2014 7 4 23 15 15 1 53
14 66 49 35.127 -118.76 459 130 294 330 2014 7 4 23 16 6 1 53
14 66 49 35.043 -118.64 465 131 277 330 2014 7 4 23 17 6 1 53
14 66 49 35.024 -118.62 468 130 274 330 2014 7 4 23 18 6 1 53
14 66 49 34.855 -118.38 459 131 240 330 2014 7 4 23 19 16 1 53
14 66 49 34.79 -118.26 433 131 239 330 2014 7 4 23 20 16 1 22
14 66 49 34.79 -118.26 433 131 239 330 2014 7 4 23 21 6 1 22
14 66 49 34.644 -118 433 124 218 330 2014 7 4 23 22 16 1 22
14 66 49 34.644 -118 433 124 218 330 2014 7 4 23 23 6 1 22
14 66 49 34.588 -117.87 431 123 206 330 2014 7 4 23 24 16 1 22
14 66 49 34.545 -117.75 405 120 194 330 2014 7 4 23 25 15 1 22
14 66 49 34.489 -117.66 339 115 181 330 2014 7 4 23 26 6 1 22
14 66 49 34.383 -117.52 313 130 143 330 2014 7 4 23 27 16 1 21
14 66 49 34.333 -117.43 310 126 130 330 2014 7 4 23 28 15 1 21
14 66 49 34.3 -117.35 313 119 116 330 2014 7 4 23 29 16 1 6
14 66 49 34.217 -117.35 306 115 93 330 2014 7 4 23 30 16 1 6
14 66 49 34.133 -117.37 282 159 71 330 2014 7 4 23 31 15 1 6
14 66 49 34.067 -117.38 274 184 46 330 2014 7 4 23 32 15 1 6
14 66 49 34.05 -117.45 199 190 35 330 2014 7 4 23 33 6 1 6
14 66 49 34.05 -117.52 144 219 22 330 2014 7 4 23 34 15 1 6
14 66 49 34.05 -117.55 126 261 15 330 2014 7 4 23 35 16 1 6
15 66 49 37.633 -122.42 163 304 18 330 2014 7 4 2 40 6 4 155
15 66 49 37.657 -122.45 172 293 27 330 2014 7 4 2 41 6 4 155
15 66 49 37.666 -122.54 235 302 47 330 2014 7 4 2 42 6 4 155
15 66 49 37.65 -122.55 264 277 54 330 2014 7 4 2 43 6 4 155
15 66 49 37.583 -122.6 274 217 79 330 2014 7 4 2 44 6 4 155
15 66 49 37.474 -122.64 282 197 105 330 2014 7 4 2 45 6 4 155
15 66 49 37.387 -122.58 332 153 119 330 2014 7 4 2 46 6 4 156
15 66 49 37.332 -122.51 366 119 132 330 2014 7 4 2 47 15 4 176
15 66 49 37.271 -122.38 366 126 145 330 2014 7 4 2 48 16 4 176
15 66 49 37.208 -122.28 368 125 157 330 2014 7 4 2 49 6 4 176
15 66 49 37.147 -122.17 372 127 167 330 2014 7 4 2 50 6 4 176
15 66 49 37.137 -122.14 379 129 171 330 2014 7 4 2 51 6 4 176
15 66 49 37.074 -122.03 385 126 181 330 2014 7 4 2 52 6 4 176
15 66 49 37.009 -121.92 393 125 191 330 2014 7 4 2 53 6 4 176
15 66 49 36.944 -121.81 394 125 200 330 2014 7 4 2 54 6 4 168
15 66 49 36.878 -121.7 395 125 208 330 2014 7 4 2 55 6 4 168
15 66 49 36.81 -121.59 400 125 216 330 2014 7 4 2 56 6 4 168
15 66 49 36.745 -121.47 403 126 223 330 2014 7 4 2 57 6 4 168
15 66 49 36.663 -121.34 410 126 231 330 2014 7 4 2 58 16 4 168
15 66 49 36.608 -121.24 415 125 235 330 2014 7 4 2 59 6 4 168
15 66 49 36.524 -121.1 420 127 243 330 2014 7 4 3 0 6 4 168
15 66 49 36.454 -120.98 423 125 248 330 2014 7 4 3 1 16 4 168
15 66 49 36.383 -120.86 423 127 253 330 2014 7 4 3 2 6 4 168
15 66 49 36.311 -120.74 432 126 258 330 2014 7 4 3 3 6 4 168
15 66 49 36.237 -120.62 432 126 263 330 2014 7 4 3 4 16 4 168
15 66 49 36.166 -120.5 433 126 268 330 2014 7 4 3 5 16 4 168
15 66 49 36.093 -120.38 433 126 273 330 2014 7 4 3 6 6 4 168
15 66 49 36.02 -120.27 433 127 278 330 2014 7 4 3 7 6 4 168
15 66 49 35.948 -120.15 433 126 283 330 2014 7 4 3 8 6 4 189
15 66 49 35.875 -120.03 433 127 288 330 2014 7 4 3 9 16 4 189
15 66 49 35.786 -119.88 434 127 294 330 2014 7 4 3 10 6 1 54
15 66 49 35.713 -119.76 434 127 299 330 2014 7 4 3 11 6 1 54
15 66 49 35.64 -119.65 432 127 305 330 2014 7 4 3 12 16 1 54
15 66 49 35.568 -119.53 431 127 310 330 2014 7 4 3 13 16 1 54
15 66 49 35.496 -119.42 428 127 315 330 2014 7 4 3 14 6 1 53
15 66 49 35.424 -119.3 425 127 320 330 2014 7 4 3 15 6 1 53
15 66 49 35.352 -119.19 425 127 322 330 2014 7 4 3 16 15 1 53
15 66 49 35.28 -119.07 425 127 326 330 2014 7 4 3 17 6 1 53
15 66 49 35.189 -118.93 445 127 305 330 2014 7 4 3 18 6 1 53
15 66 49 35.125 -118.83 457 128 289 330 2014 7 4 3 19 16 1 53
15 66 49 35.047 -118.7 462 126 270 330 2014 7 4 3 20 6 1 53
15 66 49 34.972 -118.58 456 128 257 330 2014 7 4 3 21 6 1 53
15 66 49 34.877 -118.44 440 127 240 330 2014 7 4 3 22 15 1 53
15 66 49 34.802 -118.33 436 128 240 330 2014 7 4 3 23 15 1 53
15 66 49 34.724 -118.21 448 128 225 330 2014 7 4 3 24 16 1 22
15 66 49 34.646 -118.09 455 128 205 330 2014 7 4 3 25 15 1 22
15 66 49 34.646 -118.09 455 128 205 330 2014 7 4 3 26 6 1 22
15 66 49 34.586 -117.96 428 128 200 330 2014 7 4 3 27 6 1 22
15 66 49 34.52 -117.82 409 124 175 330 2014 7 4 3 28 6 1 22
15 66 49 34.469 -117.71 384 119 157 330 2014 7 4 3 29 16 1 22
15 66 49 34.425 -117.61 328 117 143 330 2014 7 4 3 30 7 1 21
15 66 49 34.377 -117.51 313 121 135 330 2014 7 4 3 31 6 1 21
15 66 49 34.335 -117.42 308 125 120 330 2014 7 4 3 32 6 1 6
15 66 49 34.289 -117.34 300 115 101 330 2014 7 4 3 33 6 1 6
15 66 49 34.212 -117.32 283 161 85 330 2014 7 4 3 34 6 1 6
15 66 49 34.142 -117.29 257 168 73 330 2014 7 4 3 35 6 1 6
15 66 49 34.05 -117.38 202 200 50 330 2014 7 4 3 36 6 1 6
15 66 49 34.05 -117.43 176 231 35 330 2014 7 4 3 37 16 1 6
15 66 49 34.056 -117.43 193 270 36 330 2014 7 4 3 38 15 1 6
15 66 49 34.05 -117.48 150 276 24 330 2014 7 4 3 39 16 1 6
15 66 49 34.056 -117.54 153 258 16 330 2014 7 4 3 40 16 1 6
15 66 49 34.056 -117.59 142 277 9 330 2014 7 4 3 41 6 1 6
17 66 49 37.633 -122.4 165 0 13 250 2014 7 4 16 25 15 4 155
17 66 49 37.65 -122.47 216 299 32 250 2014 7 4 16 26 15 4 155
17 66 49 37.617 -122.52 246 242 54 250 2014 7 4 16 27 6 4 155
17 66 49 37.563 -122.49 262 229 72 250 2014 7 4 16 28 16 4 155
17 66 49 37.497 -122.44 272 157 96 250 2014 7 4 16 29 6 4 155
17 66 49 37.427 -122.39 281 152 118 250 2014 7 4 16 30 16 4 156
17 66 49 37.371 -122.31 309 150 138 250 2014 7 4 16 31 6 4 176
17 66 49 37.318 -122.22 309 141 154 250 2014 7 4 16 32 16 4 176
17 66 49 37.25 -122.11 333 112 170 250 2014 7 4 16 33 6 4 176
17 66 49 37.192 -122.02 345 127 185 250 2014 7 4 16 34 16 4 176
17 66 49 37.133 -121.92 348 128 199 250 2014 7 4 16 35 15 4 168
17 66 49 37.073 -121.82 350 125 213 250 2014 7 4 16 36 6 4 168
17 66 49 37.009 -121.73 354 127 227 250 2014 7 4 16 37 16 4 168
17 66 49 37.021 -121.75 352 126 224 250 2014 7 4 16 38 6 4 168
17 66 49 36.899 -121.55 358 306 249 250 2014 7 4 16 39 6 4 168
17 66 49 36.825 -121.42 376 127 250 250 2014 7 4 16 40 7 4 168
17 66 49 36.746 -121.3 379 127 250 250 2014 7 4 16 41 15 4 168
17 66 49 36.681 -121.19 379 127 250 250 2014 7 4 16 42 16 4 168
17 66 49 36.617 -121.09 378 128 250 250 2014 7 4 16 43 6 4 168
17 66 49 36.553 -120.99 378 127 250 250 2014 7 4 16 44 16 4 168
17 66 49 36.487 -120.89 378 128 250 250 2014 7 4 16 45 6 4 168
17 66 49 36.423 -120.78 378 127 250 250 2014 7 4 16 46 15 4 168
17 66 49 36.357 -120.68 378 127 250 250 2014 7 4 16 47 6 4 168
17 66 49 36.358 -120.68 378 128 250 250 2014 7 4 16 48 6 4 168
17 66 49 36.227 -120.47 378 128 250 250 2014 7 4 16 49 15 4 168
17 66 49 36.162 -120.37 379 128 250 250 2014 7 4 16 50 6 4 168
17 66 49 36.162 -120.37 378 128 250 250 2014 7 4 16 51 6 4 168
17 66 49 36.018 -120.15 378 128 250 250 2014 7 4 16 52 6 4 168
17 66 49 35.953 -120.05 377 128 250 250 2014 7 4 16 53 15 4 168
17 66 49 35.953 -120.05 377 127 250 250 2014 7 4 16 54 16 4 168
17 66 49 35.888 -119.95 377 128 250 250 2014 7 4 16 55 6 4 168
17 66 49 35.821 -119.84 377 129 250 250 2014 7 4 16 56 6 1 53
17 66 49 35.756 -119.74 377 128 250 250 2014 7 4 16 57 16 1 53
17 66 49 35.69 -119.64 377 129 250 250 2014 7 4 16 58 16 1 53
17 66 49 35.625 -119.54 376 128 250 250 2014 7 4 16 59 15 1 53
17 66 49 35.545 -119.42 376 129 250 250 2014 7 4 17 0 6 1 53
17 66 49 35.479 -119.32 376 128 250 250 2014 7 4 17 1 6 1 53
17 66 49 35.413 -119.22 375 129 250 250 2014 7 4 17 2 6 1 53
17 66 49 35.347 -119.12 376 128 250 250 2014 7 4 17 3 6 1 53
17 66 49 35.283 -119.03 375 129 250 250 2014 7 4 17 4 6 1 53
17 66 49 35.217 -118.93 374 129 249 250 2014 7 4 17 5 15 1 53
17 66 49 35.134 -118.81 384 129 240 250 2014 7 4 17 6 15 1 53
17 66 49 35.082 -118.73 379 129 240 250 2014 7 4 17 7 16 1 53
17 66 49 35.007 -118.61 364 128 240 250 2014 7 4 17 8 6 1 53
17 66 49 34.943 -118.52 363 129 240 250 2014 7 4 17 9 15 1 53
17 66 49 34.876 -118.42 363 129 240 250 2014 7 4 17 10 16 1 53
17 66 49 34.81 -118.33 369 129 240 250 2014 7 4 17 11 16 1 53
17 66 49 34.744 -118.23 369 130 239 250 2014 7 4 17 12 16 1 22
17 66 49 34.664 -118.11 375 129 230 250 2014 7 4 17 13 7 1 22
17 66 49 34.61 -118.02 356 126 230 250 2014 7 4 17 14 16 1 22
17 66 49 34.561 -117.91 362 127 223 250 2014 7 4 17 15 8 1 22
17 66 49 34.513 -117.8 362 118 223 250 2014 7 4 17 16 6 1 22
17 66 49 34.464 -117.7 358 119 173 250 2014 7 4 17 17 15 1 22
17 66 49 34.407 -117.58 350 119 144 250 2014 7 4 17 18 6 1 21
17 66 49 34.4 -117.55 339 119 140 250 2014 7 4 17 19 6 1 21
17 66 49 34.329 -117.41 297 125 116 250 2014 7 4 17 20 16 1 6
17 66 49 34.317 -117.38 310 119 109 250 2014 7 4 17 21 6 1 6
17 66 49 34.25 -117.33 298 132 89 250 2014 7 4 17 22 16 1 6
17 66 49 34.182 -117.31 273 165 80 250 2014 7 4 17 23 6 1 6
17 66 49 34.119 -117.32 250 195 64 250 2014 7 4 17 24 6 1 6
17 66 49 34.05 -117.45 219 210 36 250 2014 7 4 17 25 16 1 6
17 66 49 34.055 -117.44 248 256 39 250 2014 7 4 17 26 6 1 6
17 66 49 34.055 -117.51 222 270 24 250 2014 7 4 17 27 6 1 6
17 66 49 34.057 -117.56 188 270 15 250 2014 7 4 17 28 6 1 6
