2 66 67 37.633 -122.4 165 0 13 50 2014 7 3 21 38 6 4 155
2 66 67 37.65 -122.45 219 305 35 50 2014 7 3 21 39 6 4 155
2 66 67 37.683 -122.55 278 296 50 50 2014 7 3 21 40 6 4 155
2 66 67 37.617 -122.58 276 239 50 50 2014 7 3 21 41 6 4 155
2 66 67 37.567 -122.52 274 153 50 50 2014 7 3 21 42 6 4 155
2 66 67 37.517 -122.45 275 130 50 50 2014 7 3 21 43 6 4 155
2 66 67 37.478 -122.4 274 133 50 50 2014 7 3 21 44 6 4 155
2 66 67 37.4 -122.3 275 129 50 50 2014 7 3 21 45 6 4 156
2 66 67 37.367 -122.23 274 129 50 50 2014 7 3 21 46 6 4 156
2 66 67 37.317 -122.17 221 124 50 50 2014 7 3 21 47 6 4 156
2 66 67 37.283 -122.1 219 125 50 50 2014 7 3 21 48 6 4 154
2 66 67 37.25 -122.03 220 126 50 50 2014 7 3 21 49 6 4 154
2 66 67 37.223 -121.98 220 122 50 50 2014 7 3 21 50 6 4 154
2 66 67 37.199 -121.91 229 107 49 50 2014 7 3 21 51 6 4 154
2 66 67 37.212 -121.83 222 72 36 50 2014 7 3 21 52 6 4 154
2 66 67 37.265 -121.83 212 0 25 50 2014 7 3 21 53 6 4 154
2 66 67 37.3 -121.87 167 326 15 50 2014 7 3 21 54 6 4 154
2 66 67 37.333 -121.9 161 316 7 50 2014 7 3 21 55 6 4 154
4 66 67 37.619 -122.37 144 0 0 50 2014 7 4 6 18 6 4 155
4 66 67 37.667 -122.5 246 287 50 50 2014 7 4 6 19 16 4 155
4 66 67 37.668 -122.5 229 295 50 50 2014 7 4 6 20 16 4 155
4 66 67 37.617 -122.53 236 209 50 50 2014 7 4 6 21 6 4 155
4 66 67 37.55 -122.48 240 148 50 50 2014 7 4 6 22 6 4 155
4 66 67 37.463 -122.37 251 130 50 50 2014 7 4 6 23 16 4 155
4 66 67 37.45 -122.35 272 135 50 50 2014 7 4 6 24 6 4 156
4 66 67 37.4 -122.28 272 135 50 50 2014 7 4 6 25 6 4 156
4 66 67 37.357 -122.23 272 131 49 50 2014 7 4 6 26 6 4 156
4 66 67 37.326 -122.16 232 122 50 50 2014 7 4 6 27 6 4 156
4 66 67 37.295 -122.09 224 122 49 50 2014 7 4 6 28 6 4 154
4 66 67 37.233 -121.95 221 122 50 50 2014 7 4 6 29 15 4 154
4 66 67 37.226 -121.95 218 122 50 50 2014 7 4 6 30 6 4 154
4 66 67 37.217 -121.83 212 121 41 50 2014 7 4 6 31 16 4 154
4 66 67 37.218 -121.83 227 72 38 50 2014 7 4 6 32 6 4 154
4 66 67 37.258 -121.81 196 38 26 50 2014 7 4 6 33 6 4 154
4 66 67 37.283 -121.85 161 312 19 50 2014 7 4 6 34 6 4 154
4 66 67 37.317 -121.88 128 319 11 50 2014 7 4 6 35 15 4 154
4 66 67 37.344 -121.91 135 340 4 50 2014 7 4 6 36 6 4 154
