2 66 70 37.633 -122.38 165 0 13 110 2014 7 1 14 17 16 4 155
2 66 70 37.667 -122.33 196 334 26 110 2014 7 1 14 18 6 4 155
2 66 70 37.7 -122.28 183 51 45 110 2014 7 1 14 19 15 4 155
2 66 70 37.733 -122.23 243 57 61 110 2014 7 1 14 20 6 4 155
2 66 70 37.783 -122.2 189 33 78 110 2014 7 1 14 21 6 4 155
2 66 70 37.817 -122.17 196 22 92 110 2014 7 1 14 22 6 4 155
2 66 70 37.867 -122.13 200 27 106 110 2014 7 1 14 23 6 4 155
2 66 70 37.933 -122.12 229 22 110 110 2014 7 1 14 24 6 4 155
2 66 70 37.982 -122.09 241 22 109 110 2014 7 1 14 25 6 4 155
2 66 70 38.04 -122.05 242 30 110 110 2014 7 1 14 26 6 4 155
2 66 70 38.092 -122 237 27 110 110 2014 7 1 14 27 6 4 155
2 66 70 38.15 -121.95 229 36 110 110 2014 7 1 14 28 6 4 155
2 66 70 38.142 -121.95 228 40 110 110 2014 7 1 14 29 6 4 155
2 66 70 38.244 -121.85 228 36 109 110 2014 7 1 14 30 16 4 155
2 66 70 38.3 -121.8 231 38 106 110 2014 7 1 14 31 6 4 153
2 66 70 38.35 -121.75 240 37 96 110 2014 7 1 14 32 16 4 153
2 66 70 38.422 -121.73 239 8 85 110 2014 7 1 14 33 15 4 153
2 66 70 38.479 -121.71 242 11 76 110 2014 7 1 14 34 6 4 153
2 66 70 38.555 -121.69 236 11 64 110 2014 7 1 14 35 6 4 153
2 66 70 38.615 -121.68 222 11 54 110 2014 7 1 14 36 6 4 153
2 66 70 38.676 -121.69 216 0 43 110 2014 7 1 14 37 6 4 153
2 66 70 38.734 -121.7 214 348 30 110 2014 7 1 14 38 6 4 153
2 66 70 38.789 -121.71 204 345 31 110 2014 7 1 14 39 18 4 153
2 66 70 38.804 -121.67 163 57 26 110 2014 7 1 14 40 15 4 153
2 66 70 38.8 -121.63 149 66 22 110 2014 7 1 14 41 10 4 153
2 66 70 38.785 -121.58 148 89 15 110 2014 7 1 14 42 6 4 153
2 66 70 38.747 -121.58 142 180 7 110 2014 7 1 14 43 6 4 153
2 66 70 38.714 -121.58 130 180 2 110 2014 7 1 14 44 6 4 153
6 66 70 37.619 -122.37 150 0 0 110 2014 7 3 1 26 6 4 155
6 66 70 37.667 -122.4 198 0 44 110 2014 7 3 1 27 6 4 155
6 66 70 37.794 -122.25 325 32 110 110 2014 7 3 1 28 15 4 155
6 66 70 37.881 -122.18 368 33 111 110 2014 7 3 1 29 16 4 155
6 66 70 37.95 -122.12 364 33 112 110 2014 7 3 1 30 16 4 155
6 66 70 37.964 -122.11 369 38 111 110 2014 7 3 1 31 6 4 155
6 66 70 38.049 -122.04 369 27 111 110 2014 7 3 1 32 17 4 155
6 66 70 38.2 -121.9 367 35 111 110 2014 7 3 1 33 6 4 155
6 66 70 38.214 -121.88 370 38 109 110 2014 7 3 1 34 15 4 155
6 66 70 38.296 -121.81 370 38 109 110 2014 7 3 1 35 16 4 153
6 66 70 38.37 -121.74 343 38 93 110 2014 7 3 1 36 6 4 153
6 66 70 38.517 -121.7 287 12 67 110 2014 7 3 1 37 15 4 153
6 66 70 38.548 -121.7 288 11 60 110 2014 7 3 1 38 6 4 153
6 66 70 38.623 -121.68 278 8 40 110 2014 7 3 1 39 6 4 153
6 66 70 38.733 -121.68 208 355 29 110 2014 7 3 1 40 16 4 153
6 66 70 38.767 -121.68 122 8 30 110 2014 7 3 1 41 15 4 153
6 66 70 38.776 -121.68 131 0 29 110 2014 7 3 1 42 6 4 153
6 66 70 38.792 -121.65 139 21 23 110 2014 7 3 1 43 6 4 153
6 66 70 38.788 -121.61 124 113 15 110 2014 7 3 1 44 6 4 153
6 66 70 38.758 -121.6 123 142 10 110 2014 7 3 1 45 6 4 153
6 66 70 38.724 -121.6 123 180 4 110 2014 7 3 1 46 6 4 153
8 66 70 37.633 -122.38 145 0 12 110 2014 7 3 14 43 6 4 155
8 66 70 37.667 -122.35 178 334 33 110 2014 7 3 14 44 6 4 155
8 66 70 37.682 -122.31 188 44 43 110 2014 7 3 14 45 6 4 155
8 66 70 37.75 -122.27 218 31 63 110 2014 7 3 14 46 14 4 155
8 66 70 37.8 -122.23 209 29 80 110 2014 7 3 14 47 6 4 155
8 66 70 37.833 -122.2 201 31 98 110 2014 7 3 14 48 6 4 155
8 66 70 37.884 -122.16 202 39 110 110 2014 7 3 14 49 6 4 155
8 66 70 37.941 -122.12 239 21 110 110 2014 7 3 14 50 6 4 155
8 66 70 38 -122.07 232 31 110 110 2014 7 3 14 51 6 4 155
8 66 70 38.053 -122.04 233 27 110 110 2014 7 3 14 52 9 4 155
8 66 70 38.111 -121.98 223 38 110 110 2014 7 3 14 53 6 4 155
8 66 70 38.159 -121.93 223 49 109 110 2014 7 3 14 54 6 4 155
8 66 70 38.211 -121.88 230 38 109 110 2014 7 3 14 55 6 4 155
8 66 70 38.263 -121.83 234 30 105 110 2014 7 3 14 56 6 4 155
8 66 70 38.304 -121.77 234 49 99 110 2014 7 3 14 57 6 4 153
8 66 70 38.313 -121.7 221 75 98 110 2014 7 3 14 58 6 4 153
8 66 70 38.371 -121.67 237 27 88 110 2014 7 3 14 59 6 4 153
8 66 70 38.447 -121.64 243 11 75 110 2014 7 3 15 0 6 4 153
8 66 70 38.513 -121.64 238 14 62 110 2014 7 3 15 1 7 4 153
8 66 70 38.576 -121.65 226 348 49 110 2014 7 3 15 2 6 4 153
8 66 70 38.637 -121.65 221 0 40 110 2014 7 3 15 3 6 4 153
8 66 70 38.692 -121.66 208 0 39 110 2014 7 3 15 4 6 4 153
8 66 70 38.717 -121.67 192 354 39 110 2014 7 3 15 5 6 4 153
8 66 70 38.783 -121.68 200 344 35 110 2014 7 3 15 6 9 4 153
8 66 70 38.786 -121.59 193 89 18 110 2014 7 3 15 7 6 4 153
8 66 70 38.748 -121.58 161 122 9 110 2014 7 3 15 8 6 4 153
8 66 70 38.711 -121.58 142 180 3 110 2014 7 3 15 9 6 4 153
9 66 70 37.65 -122.38 174 0 15 110 2014 7 3 17 40 6 4 155
9 66 70 37.683 -122.33 193 347 33 110 2014 7 3 17 41 6 4 155
9 66 70 37.691 -122.3 197 27 42 110 2014 7 3 17 42 6 4 155
9 66 70 37.733 -122.22 237 56 66 110 2014 7 3 17 43 6 4 155
9 66 70 37.767 -122.17 190 59 80 110 2014 7 3 17 44 6 4 155
9 66 70 37.817 -122.15 191 26 93 110 2014 7 3 17 45 6 4 155
9 66 70 37.867 -122.13 210 16 103 110 2014 7 3 17 46 7 4 155
9 66 70 37.933 -122.1 231 25 109 110 2014 7 3 17 47 6 4 155
9 66 70 38 -122.07 261 21 110 110 2014 7 3 17 48 6 4 155
9 66 70 38.067 -122.03 272 17 110 110 2014 7 3 17 49 6 4 155
9 66 70 38.117 -121.98 265 35 110 110 2014 7 3 17 50 6 4 155
9 66 70 38.167 -121.93 258 36 110 110 2014 7 3 17 51 7 4 155
9 66 70 38.233 -121.87 254 37 110 110 2014 7 3 17 52 6 4 155
9 66 70 38.283 -121.82 253 36 110 110 2014 7 3 17 53 6 4 153
9 66 70 38.327 -121.77 253 37 104 110 2014 7 3 17 54 6 4 153
9 66 70 38.399 -121.72 251 30 87 110 2014 7 3 17 55 6 4 153
9 66 70 38.461 -121.72 250 0 81 110 2014 7 3 17 56 6 4 153
9 66 70 38.54 -121.7 242 11 63 110 2014 7 3 17 57 6 4 153
9 66 70 38.606 -121.68 241 11 49 110 2014 7 3 17 58 6 4 153
9 66 70 38.672 -121.68 237 0 38 110 2014 7 3 17 59 6 4 153
9 66 70 38.733 -121.68 228 1 27 110 2014 7 3 18 0 6 4 153
9 66 70 38.783 -121.68 197 0 21 110 2014 7 3 18 1 6 4 153
9 66 70 38.783 -121.67 205 47 19 110 2014 7 3 18 2 6 4 153
9 66 70 38.756 -121.58 147 104 10 110 2014 7 3 18 3 6 4 153
9 66 70 38.717 -121.58 127 134 4 110 2014 7 3 18 4 6 4 153
10 66 70 37.65 -122.38 172 0 16 110 2014 7 4 4 11 6 4 155
10 66 70 37.681 -122.31 190 34 36 110 2014 7 4 4 12 15 4 155
10 66 70 37.7 -122.28 198 60 44 110 2014 7 4 4 13 6 4 155
10 66 70 37.733 -122.2 198 61 64 110 2014 7 4 4 14 6 4 155
10 66 70 37.783 -122.17 193 53 76 110 2014 7 4 4 15 6 4 155
10 66 70 37.833 -122.15 203 25 89 110 2014 7 4 4 16 6 4 155
10 66 70 37.907 -122.11 239 27 90 110 2014 7 4 4 17 6 4 155
10 66 70 37.95 -122.08 254 23 90 110 2014 7 4 4 18 16 4 155
10 66 70 38.017 -122.05 254 24 97 110 2014 7 4 4 19 15 4 155
10 66 70 38.083 -122.02 252 16 105 110 2014 7 4 4 20 15 4 155
10 66 70 38.133 -121.95 258 33 110 110 2014 7 4 4 21 6 4 155
10 66 70 38.2 -121.9 272 36 110 110 2014 7 4 4 22 6 4 155
10 66 70 38.25 -121.83 263 39 110 110 2014 7 4 4 23 6 4 155
10 66 70 38.338 -121.75 266 30 102 110 2014 7 4 4 24 15 4 153
10 66 70 38.367 -121.72 287 38 96 110 2014 7 4 4 25 15 4 153
10 66 70 38.433 -121.68 305 39 83 110 2014 7 4 4 26 15 4 153
10 66 70 38.517 -121.68 268 359 71 110 2014 7 4 4 27 8 4 153
10 66 70 38.583 -121.68 262 1 59 110 2014 7 4 4 28 6 4 153
10 66 70 38.65 -121.68 237 1 47 110 2014 7 4 4 29 6 4 153
10 66 70 38.717 -121.68 208 357 34 110 2014 7 4 4 30 6 4 153
10 66 70 38.767 -121.68 219 356 22 110 2014 7 4 4 31 6 4 153
10 66 70 38.8 -121.63 197 34 20 110 2014 7 4 4 32 6 4 153
10 66 70 38.783 -121.58 169 82 15 110 2014 7 4 4 33 15 4 153
10 66 70 38.75 -121.58 136 168 8 110 2014 7 4 4 34 6 4 153
10 66 70 38.717 -121.58 121 180 3 110 2014 7 4 4 35 6 4 153
10 66 70 38.691 -121.58 135 180 110 110 2014 7 4 4 36 6 4 153
11 66 70 37.617 -122.38 129 0 5 110 2014 7 4 14 23 6 4 155
11 66 70 37.65 -122.37 164 250 16 110 2014 7 4 14 24 6 4 155
11 66 70 37.683 -122.3 203 11 29 110 2014 7 4 14 25 15 4 155
11 66 70 37.738 -122.26 209 38 46 110 2014 7 4 14 26 15 4 155
11 66 70 37.783 -122.22 214 28 57 110 2014 7 4 14 27 15 4 155
11 66 70 37.833 -122.18 221 31 71 110 2014 7 4 14 28 6 4 155
11 66 70 37.883 -122.15 217 32 87 110 2014 7 4 14 29 16 4 155
11 66 70 37.933 -122.12 215 25 101 110 2014 7 4 14 30 6 4 155
11 66 70 37.983 -122.08 222 28 110 110 2014 7 4 14 31 16 4 155
11 66 70 38.05 -122.05 245 28 110 110 2014 7 4 14 32 6 4 155
11 66 70 38.1 -122 253 28 110 110 2014 7 4 14 33 6 4 155
11 66 70 38.15 -121.93 256 38 110 110 2014 7 4 14 34 15 4 155
11 66 70 38.217 -121.88 258 38 110 110 2014 7 4 14 35 6 4 155
11 66 70 38.267 -121.83 260 36 110 110 2014 7 4 14 36 6 4 155
11 66 70 38.317 -121.78 262 36 107 110 2014 7 4 14 37 15 4 153
11 66 70 38.383 -121.73 266 37 96 110 2014 7 4 14 38 6 4 153
11 66 70 38.467 -121.72 272 11 84 110 2014 7 4 14 39 6 4 153
11 66 70 38.504 -121.71 267 8 77 110 2014 7 4 14 40 6 4 153
11 66 70 38.6 -121.68 263 10 59 110 2014 7 4 14 41 16 4 153
11 66 70 38.667 -121.7 243 359 42 110 2014 7 4 14 42 6 4 153
11 66 70 38.733 -121.7 227 358 29 110 2014 7 4 14 43 16 4 153
11 66 70 38.76 -121.67 216 32 25 110 2014 7 4 14 44 15 4 153
11 66 70 38.75 -121.58 159 97 11 110 2014 7 4 14 45 15 4 153
11 66 70 38.717 -121.58 132 152 4 110 2014 7 4 14 46 6 4 153
11 66 70 38.694 -121.58 132 180 110 110 2014 7 4 14 47 16 4 175
11 66 70 38.691 -121.58 84 179 110 110 2014 7 4 14 48 15 4 153
12 66 70 37.65 -122.38 164 0 14 110 2014 7 4 16 42 16 4 155
12 66 70 37.667 -122.33 202 347 29 110 2014 7 4 16 43 6 4 155
12 66 70 37.7 -122.27 189 60 47 110 2014 7 4 16 44 16 4 155
12 66 70 37.733 -122.22 238 53 65 110 2014 7 4 16 45 6 4 155
12 66 70 37.811 -122.17 211 27 85 110 2014 7 4 16 46 15 4 155
12 66 70 37.85 -122.15 216 22 95 110 2014 7 4 16 47 6 4 155
12 66 70 37.9 -122.13 214 22 109 110 2014 7 4 16 48 6 4 155
12 66 70 37.967 -122.1 240 22 111 110 2014 7 4 16 49 15 4 155
12 66 70 38.017 -122.05 250 23 110 110 2014 7 4 16 50 6 4 155
12 66 70 38.083 -122 257 24 111 110 2014 7 4 16 51 6 4 155
12 66 70 38.15 -121.95 261 38 110 110 2014 7 4 16 52 6 4 155
12 66 70 38.2 -121.9 261 36 110 110 2014 7 4 16 53 15 4 155
12 66 70 38.267 -121.83 263 37 110 110 2014 7 4 16 54 16 4 155
12 66 70 38.317 -121.78 262 37 110 110 2014 7 4 16 55 6 4 153
12 66 70 38.383 -121.73 261 36 104 110 2014 7 4 16 56 6 4 153
12 66 70 38.467 -121.72 280 18 87 110 2014 7 4 16 57 16 4 153
12 66 70 38.533 -121.7 284 10 71 110 2014 7 4 16 58 16 4 153
12 66 70 38.617 -121.68 265 10 55 110 2014 7 4 16 59 15 4 153
12 66 70 38.667 -121.68 245 2 41 110 2014 7 4 17 0 6 4 153
12 66 70 38.75 -121.7 228 356 24 110 2014 7 4 17 1 6 4 153
12 66 70 38.767 -121.65 175 19 17 110 2014 7 4 17 2 6 4 153
12 66 70 38.767 -121.6 163 81 13 110 2014 7 4 17 3 6 4 153
12 66 70 38.733 -121.58 126 136 6 110 2014 7 4 17 4 6 4 153
12 66 70 38.712 -121.58 136 158 4 110 2014 7 4 17 5 15 4 153
13 66 70 37.619 -122.37 122 0 0 110 2014 7 4 17 11 16 4 155
13 66 70 37.65 -122.38 176 0 17 110 2014 7 4 17 12 16 4 155
13 66 70 37.681 -122.33 193 35 29 110 2014 7 4 17 13 7 4 155
13 66 70 37.769 -122.24 208 54 60 110 2014 7 4 17 14 16 4 155
13 66 70 37.783 -122.23 220 28 63 110 2014 7 4 17 15 8 4 155
13 66 70 37.82 -122.2 212 35 73 110 2014 7 4 17 16 6 4 155
13 66 70 37.889 -122.16 226 21 87 110 2014 7 4 17 17 15 4 155
13 66 70 37.95 -122.12 234 31 102 110 2014 7 4 17 18 6 4 155
13 66 70 38.017 -122.07 243 27 110 110 2014 7 4 17 19 6 4 155
13 66 70 38.067 -122.03 250 30 110 110 2014 7 4 17 20 16 4 155
13 66 70 38.117 -121.97 257 37 110 110 2014 7 4 17 21 6 4 155
13 66 70 38.183 -121.92 262 39 111 110 2014 7 4 17 22 16 4 155
13 66 70 38.234 -121.87 261 35 110 110 2014 7 4 17 23 6 4 155
13 66 70 38.303 -121.8 261 38 111 110 2014 7 4 17 24 6 4 153
13 66 70 38.361 -121.74 263 30 111 110 2014 7 4 17 25 16 4 153
13 66 70 38.433 -121.72 275 20 100 110 2014 7 4 17 26 6 4 153
13 66 70 38.517 -121.7 282 7 84 110 2014 7 4 17 27 6 4 153
13 66 70 38.583 -121.68 274 11 62 110 2014 7 4 17 28 6 4 153
13 66 70 38.656 -121.69 269 3 47 110 2014 7 4 17 29 15 4 153
13 66 70 38.737 -121.7 246 348 35 110 2014 7 4 17 30 16 4 153
13 66 70 38.784 -121.67 227 27 27 110 2014 7 4 17 31 6 4 153
13 66 70 38.779 -121.61 191 89 17 110 2014 7 4 17 32 15 4 153
13 66 70 38.744 -121.58 170 142 8 110 2014 7 4 17 33 15 4 153
13 66 70 38.705 -121.58 142 146 1 110 2014 7 4 17 34 6 4 153
