0 18.747 34.194 31.016 32.492 31.332 15.962 37.509 32.703 48.043 27.177 25.651 19.008 19.015 32.77 26.564 18.195 35.524 28.177 13.293 14.164 30.223 17.052 37.153 33.123 30.348 46.229 35.936 28.548 24.136 27.807 33.126 18.051 23.598 30.701 31.858 31.858 32.597
0 0 33.929 29.133 30.597 29.446 15.18 37.107 30.807 46.882 21.018 15.209 14.19 14.697 32.301 25.843 19.008 32.754 21.127 17.013 18.589 26.445 17.389 34.897 31.225 43.346 44.687 36.073 26.624 23.104 21.568 31.227 20.057 22.554 28.82 30.033 29.968 30.702
0 0 0 24.721 20.746 29.542 34.327 24.742 25.316 26.297 38.529 34.711 33.913 34.327 34.126 34.275 34.008 33.765 33.501 34.711 34.035 34.199 34.116 33.912 33.751 46.545 25.085 24.628 38.45 34.035 34.317 25.074 33.996 34.126 25.144 37.011 20.484 24.953
0 0 0 0 13.219 11.887 26.746 27.747 14.163 46.81 37.521 26.784 30.695 26.648 32.592 30.108 25.218 33.544 27.525 30.072 28.003 28.847 28.003 35.323 31.305 30.934 44.751 14.433 17.349 25.689 28.462 13.265 27.35 25.504 23.873 27.65 20.249 19.321
0 0 0 0 0 15.42 23.674 25.608 17.476 42.386 38.934 24.609 32.137 28.094 32.954 31.483 24.993 29.078 28.405 31.543 29.477 29.005 29.477 31.098 30.626 33.367 40.785 17.057 19.169 21.528 28.309 16.632 28.76 26.021 19.852 27.824 18.655 20.113
0 0 0 0 0 0 25.637 27.187 16.361 51.666 37.823 26.185 31.003 26.957 32.823 30.401 24.176 38.268 27.386 30.387 28.318 30.135 28.318 40.092 36.09 30.794 49.545 15.849 17.679 27.147 27.804 13.124 27.651 26.611 22.555 27.4 25.154 17.277
0 0 0 0 0 0 0 37.555 25.584 46.654 24.375 19.148 17.238 14.859 32.636 25.603 15.097 32.65 24.726 15.691 15.15 25.636 17.669 34.733 31.04 40.21 44.456 35.08 25.603 22.479 24.766 29.983 16.382 21.939 23.53 30.946 23.15 23.762
0 0 0 0 0 0 0 0 26.981 46.552 38.024 37.178 37.023 37.555 37.361 37.212 36.786 37.011 36.887 37.436 37.186 37.47 37.186 37.077 36.963 43.29 44.354 26.642 30.807 37.174 37.353 27.223 37.307 37.178 43.449 39.507 39.343 26.776
0 0 0 0 0 0 0 0 0 46.986 39.136 26.296 32.344 28.302 32.693 31.681 25.209 32.855 31.174 31.753 29.688 30.157 29.688 35 31.328 30.38 44.791 23.639 20.043 25.548 31.823 13.325 28.963 26.229 20.754 27.721 21.571 17.15
0 0 0 0 0 0 0 0 0 0 49.179 46.882 46.986 48.752 46.809 27.148 47.126 23.315 45.886 46.598 47.748 25.53 46.373 25.174 28.013 69.007 24.912 46.714 60.131 36.717 46.597 46.664 38.26 27.788 46.466 59.004 42.886 45.197
0 0 0 0 0 0 0 0 0 0 0 16.848 22.941 20.798 32.627 27.842 27.056 35.103 10.716 27.422 32.099 27.572 27.126 37.335 33.732 43.748 47.177 38.934 34.843 27.197 12.628 39.542 36.048 24.338 44.876 40.135 38.613 39.035
0 0 0 0 0 0 0 0 0 0 0 0 19.566 13.27 32.343 25.843 26.185 32.754 18.611 25.212 25.284 26.445 25.284 34.897 31.225 50.627 44.687 37.01 25.837 23.104 19.323 31.197 24.55 22.554 32.304 29.4 25.822 25.078
0 0 0 0 0 0 0 0 0 0 0 0 0 17.342 33.437 26.622 19.581 32.855 26.686 20.517 20.277 26.532 20.203 35 31.328 43.451 44.791 35.779 28.108 23.214 25.614 32.758 19.539 22.664 30.388 31.518 31.518 32.241
0 0 0 0 0 0 0 0 0 0 0 0 0 0 32.419 28.836 17.033 34.588 22.21 17.325 18.932 27.957 17.125 36.752 33.09 42.499 46.559 36.393 25.603 25.085 21.575 30.661 21.62 24.534 27.406 30.033 27.473 28.198
0 0 0 0 0 0 0 0 0 0 0 0 0 0 0 34.007 32.3 32.572 32.846 32.627 34.231 32.209 32.733 34.787 32.246 49.503 44.625 35.91 34.767 32.538 32.508 32.796 38.482 32.209 45.963 42.307 39.826 37.994
0 0 0 0 0 0 0 0 0 0 0 0 0 0 0 0 28 12.883 25.557 26.411 26.656 18.78 25.961 15.176 12.344 46.237 32.177 35.775 38.277 19.018 27.112 32.078 23.815 15.677 29.816 36.919 30.892 31.582
0 0 0 0 0 0 0 0 0 0 0 0 0 0 0 0 0 32.888 27.956 14.537 19.097 29.844 15.018 35.104 31.485 30.455 44.943 35.591 25.059 22.822 27.542 30.237 21.741 22.57 26.428 29.884 24.345 25.101
0 0 0 0 0 0 0 0 0 0 0 0 0 0 0 0 0 0 31.84 32.645 33.368 14.583 32.742 15.573 15.02 51.596 25.401 35.868 45.977 24.436 32.362 32.495 23.045 16.591 30.808 44.883 23.15 31.561
0 0 0 0 0 0 0 0 0 0 0 0 0 0 0 0 0 0 0 27.543 33.277 25.083 27.633 33.941 30.253 43.451 43.688 35.329 34.055 29.09 14.035 30.975 38.002 23.134 45.882 42.203 38.767 28.509
0 0 0 0 0 0 0 0 0 0 0 0 0 0 0 0 0 0 0 0 17.388 27.981 15.276 34.628 30.756 32.84 44.113 35.91 27.585 22.586 28.71 32.175 20.336 21.75 29.759 30.911 30.911 31.648
0 0 0 0 0 0 0 0 0 0 0 0 0 0 0 0 0 0 0 0 0 27.888 20.085 35.576 32.334 31.151 44.559 35.22 25.532 25.078 33.662 30.111 16.493 25.233 27.689 29.884 28.844 29.582
0 0 0 0 0 0 0 0 0 0 0 0 0 0 0 0 0 0 0 0 0 0 29.737 18.242 22.099 56.81 29.67 36.133 38.985 19.66 25.407 30.408 22.578 18.814 33.929 37.398 28.441 29.1
0 0 0 0 0 0 0 0 0 0 0 0 0 0 0 0 0 0 0 0 0 0 0 34.678 30.988 32.407 44.183 35.675 25.532 22.07 28.603 30.111 23.893 21.293 27.689 28.844 28.844 29.582
0 0 0 0 0 0 0 0 0 0 0 0 0 0 0 0 0 0 0 0 0 0 0 0 15.48 53.125 30.203 36.17 48.137 27.593 34.575 34.662 23.596 14.525 33.721 47.088 28.919 33.799
0 0 0 0 0 0 0 0 0 0 0 0 0 0 0 0 0 0 0 0 0 0 0 0 0 42.552 31.303 35.94 44.471 24.082 30.953 31.206 30.668 15.919 36.498 43.453 30.05 30.722
0 0 0 0 0 0 0 0 0 0 0 0 0 0 0 0 0 0 0 0 0 0 0 0 0 0 58.844 35.329 43.585 44.515 43.994 31.151 39.011 44.187 32.698 33.93 43.461 32.698
0 0 0 0 0 0 0 0 0 0 0 0 0 0 0 0 0 0 0 0 0 0 0 0 0 0 0 44.659 57.937 38.102 44.412 44.472 33.463 26.75 43.19 56.92 27.708 43.023
0 0 0 0 0 0 0 0 0 0 0 0 0 0 0 0 0 0 0 0 0 0 0 0 0 0 0 0 19.899 35.22 35.853 18.228 35.762 36.801 26.068 27.001 21.202 20.145
0 0 0 0 0 0 0 0 0 0 0 0 0 0 0 0 0 0 0 0 0 0 0 0 0 0 0 0 0 36.112 34.742 15.669 25.74 35.665 22.086 26.839 33.611 19.791
0 0 0 0 0 0 0 0 0 0 0 0 0 0 0 0 0 0 0 0 0 0 0 0 0 0 0 0 0 0 29.81 29.76 21.293 21.709 28.123 34.473 21.626 23.558
0 0 0 0 0 0 0 0 0 0 0 0 0 0 0 0 0 0 0 0 0 0 0 0 0 0 0 0 0 0 0 31.652 37.569 23.55 45.26 41.514 38.533 27.367
0 0 0 0 0 0 0 0 0 0 0 0 0 0 0 0 0 0 0 0 0 0 0 0 0 0 0 0 0 0 0 0 30.09 30.923 17.904 27.942 20.393 17.579
0 0 0 0 0 0 0 0 0 0 0 0 0 0 0 0 0 0 0 0 0 0 0 0 0 0 0 0 0 0 0 0 0 21.747 27.05 29.181 28.154 28.862
0 0 0 0 0 0 0 0 0 0 0 0 0 0 0 0 0 0 0 0 0 0 0 0 0 0 0 0 0 0 0 0 0 0 26.245 34.061 25.399 26.125
0 0 0 0 0 0 0 0 0 0 0 0 0 0 0 0 0 0 0 0 0 0 0 0 0 0 0 0 0 0 0 0 0 0 0 27.4 19.994 26.663
0 0 0 0 0 0 0 0 0 0 0 0 0 0 0 0 0 0 0 0 0 0 0 0 0 0 0 0 0 0 0 0 0 0 0 0 32.148 42.841
0 0 0 0 0 0 0 0 0 0 0 0 0 0 0 0 0 0 0 0 0 0 0 0 0 0 0 0 0 0 0 0 0 0 0 0 0 20.898
0 0 0 0 0 0 0 0 0 0 0 0 0 0 0 0 0 0 0 0 0 0 0 0 0 0 0 0 0 0 0 0 0 0 0 0 0 0
