0 68.619 7.9352 11.238 55.835 59.727 54.955 11.233 10.87 11.212 11.384 10.067 10.745 8.7802 11.053 11.061 10.719 9.3513 10.168 62.764 11.373 10.652 11.47 10.87 86.942 10.315 10.21 11.038 11.319 11.186 75.491 11.208 73.222 10.948 11.373 11.72 10.92 11.392 12.517 12.236 13.132 12.014 46.564 63.14 14.639 11.038 11.638 11.373 11.009
0 0 68.964 68.894 13.687 11.041 18.109 68.348 68 68.358 68.413 67.089 68.06 68.815 68.164 68.696 68.952 68.358 66.935 11.706 68.808 68.569 68.632 68.277 88.067 68.415 68.386 68.403 68.619 66.538 16.252 67.307 19.363 69.146 68.729 68.696 67.4 68.311 69.055 68.989 68.975 68.973 24.058 14.725 68.817 68.669 67.222 67.673 68.696
0 0 0 11.249 55.56 59.365 53.705 7.7365 10.799 9.8395 11.675 8.0597 8.9983 10.308 13.081 8.4179 8.4208 6.9114 12.094 62.268 12.456 9.5147 8.3532 8.856 86.2 11.537 6.6949 8.5696 11.571 8.3669 76.616 10.68 72.39 9.3512 8.23 8.5696 10.703 15.453 9.0796 12.773 13.013 8.2806 46.167 63.411 12.481 9.0346 8.3067 9.4625 9.1225
0 0 0 0 56.347 60.2 54.62 10.892 9.8033 10.564 13.751 11.056 11.621 11.249 10.879 10.725 11.478 12.085 11.272 63.091 10.785 10.247 9.3259 11.092 85.174 11.391 9.2572 9.2695 12.427 12.119 74.96 10.748 73.066 12.342 11.818 11.243 11.849 12.246 11.782 15.021 13.213 11.259 47.004 63.821 11.761 12.669 11.13 9.7429 10.171
0 0 0 0 0 8.7054 12.58 55.988 55.717 56.961 55.793 56.058 54.377 55.852 56.257 56.347 56.022 56.349 54.735 12.403 55.684 55.318 55.468 55.433 87.037 56.674 55.738 55.865 56.349 54.086 25.605 55.071 21.617 55.803 55.361 55.684 56.022 56.013 55.844 55.684 55.79 56.238 12.967 15.39 55.69 55.349 55.299 55.902 56.517
0 0 0 0 0 0 13.52 59.548 59.566 60.514 59.757 59.648 58.678 59.9 59.928 60.2 59.738 60.057 58.923 13.849 59.67 59.342 59.499 59.539 86.942 60.267 59.713 60.021 60.057 58.266 18.923 58.922 16.833 59.977 59.415 59.67 59.738 59.932 59.655 59.67 59.55 59.902 14.971 11.851 59.88 59.582 59.101 59.844 60.336
0 0 0 0 0 0 0 54.348 54.742 55.277 54.299 54.483 53.079 54.998 54.48 54.457 54.219 55.032 54.584 13.215 54.268 54.744 54.799 55.058 86.295 54.943 53.776 55.801 55.032 51.907 24.891 55.204 23.936 55.397 54.855 54.799 54.219 54.083 55.053 53.715 53.961 54.825 13.564 13.097 55.503 54.717 55.447 53.96 54.646
0 0 0 0 0 0 0 0 8.5139 12.243 10.518 8.4401 9.5178 10.207 13.256 10.564 8.2617 7.2473 7.3563 62.522 7.8471 8.6027 9.0444 12.702 87.513 9.509 8.178 8.3604 8.5266 9.4715 75.87 11.504 72.827 9.7186 9.0343 9.1184 9.8252 13.684 11.513 13.144 13.013 14.951 46.354 62.399 13.121 8.4204 8.1097 10.312 9.3512
0 0 0 0 0 0 0 0 0 11.247 11.821 10.314 10.872 10.723 13.312 11.467 10.312 8.9357 13.073 62.595 10.488 10.251 12.063 11.653 86.104 10.488 10.799 11.98 9.9186 10.968 74.531 12.911 73.035 10.387 13.732 10.799 10.799 14.031 13.395 12.813 15.74 14.031 46.397 61.927 12.911 11.815 11.815 13.563 9.2813
0 0 0 0 0 0 0 0 0 0 10.581 12.327 10.696 9.6342 8.7834 12.243 11.41 8.789 11.502 63.486 10.972 9.7289 10.901 12.702 87.037 10.972 11.059 11.42 9.8575 11.502 76.27 11.59 73.149 10.403 10.492 8.7019 11.324 16.708 9.8249 12.243 14.108 14.543 47.32 63.36 13.296 11.319 11.333 10.167 11.948
0 0 0 0 0 0 0 0 0 0 0 8.9106 14.785 12.428 14.266 15.306 12.937 11.821 9.787 62.617 11.821 10.686 9.5162 12.693 88.447 11.722 11.675 12.078 10.283 13.331 75.824 13.696 72.953 9.932 8.9454 12.21 12.21 14.469 13.61 9.6447 13.221 13.869 46.569 63.429 13.088 10.932 14.502 9.054 11.675
0 0 0 0 0 0 0 0 0 0 0 0 10.363 7.9147 12.765 10.902 10.719 9.8494 9.941 62.628 13.191 8.852 10.022 11.174 85.914 9.8534 8.949 8.8428 7.2732 9.5344 72.935 9.8362 72.946 8.0853 8.0165 11.551 9.0036 15.71 9.5699 9.7641 15.74 14.281 46.456 62.441 13.027 8.6766 9.887 8.6114 10.304
0 0 0 0 0 0 0 0 0 0 0 0 0 9.6609 13.431 10.356 9.635 9.0924 15.543 60.86 9.9669 7.8969 9.8855 9.0862 86.39 10.127 10.614 9.5115 9.6367 9.7827 76.704 10.519 69.98 11.442 8.8593 12.078 9.0967 12.878 12.097 15.505 12.929 11.608 45.778 63.34 14.499 7.955 9.3857 9.8463 11.177
0 0 0 0 0 0 0 0 0 0 0 0 0 0 9.9513 10.745 10.309 8.5925 10.794 63.067 11.834 9.4788 11.821 11.698 90.794 10.722 11.217 9.095 10.956 11.803 75.963 10.154 73.42 11.045 10.511 11.116 10.703 12.773 12.942 14.361 13.439 13.524 46.91 62.704 13.201 8.9798 7.3883 11.52 10.459
0 0 0 0 0 0 0 0 0 0 0 0 0 0 0 12.741 12.765 11.325 12.788 62.865 12.493 9.703 9.5494 13.129 86.2 11.532 10.966 9.0742 12.218 10.607 76.121 8.9857 73.075 11.96 12.994 9.0432 12.821 13.505 11.937 15.603 12.929 10.513 46.728 63.124 13.168 9.9582 8.269 10.786 12.109
0 0 0 0 0 0 0 0 0 0 0 0 0 0 0 0 9.7745 9.7819 14.384 63.091 10.032 9.6898 8.875 9.5379 86.2 9.2747 9.748 9.109 11.233 8.4575 75.301 10.372 73.18 12.428 9.4203 11.22 9.7276 16.358 12.052 16.145 12.357 10.615 47.004 63.821 11.763 8.3061 9.7784 9.4317 11.349
0 0 0 0 0 0 0 0 0 0 0 0 0 0 0 0 0 8.0975 9.3323 62.664 11.835 10.948 11.15 9.3786 86.295 9.635 8.7728 9.0503 11.318 9.312 76.16 10.872 72.845 9.4501 8.6167 11.378 11.42 13.422 10.532 13.646 12.827 10.003 46.538 63.052 10.064 9.2132 9.2132 11.03 11.089
0 0 0 0 0 0 0 0 0 0 0 0 0 0 0 0 0 0 10.687 63.058 9.8399 7.9876 11.492 11.35 86.009 7.4195 8.7728 8.6195 8.5266 10.142 76.002 9.3928 73.16 8.2513 8.8632 11.378 11.724 16.868 13.299 12.21 15.74 12.774 46.873 62.614 9.5202 7.0294 9.5256 11.115 9.7123
0 0 0 0 0 0 0 0 0 0 0 0 0 0 0 0 0 0 0 62.032 12.946 10.932 11.815 10.101 87.418 10.045 11.998 12.305 11.318 10.897 73.583 12.528 72.625 9.8906 9.8955 12.528 11.489 16.024 12.287 8.6957 13.475 13.951 45.93 62.247 12.855 10.977 11.892 11.2 12.287
0 0 0 0 0 0 0 0 0 0 0 0 0 0 0 0 0 0 0 0 62.524 62.523 62.364 62.614 85.461 63.225 62.57 63.208 63.058 61.17 18.341 62.502 20.807 62.777 62.449 62.524 62.664 62.804 63.123 62.524 62.464 62.896 19.458 15.846 62.969 62.393 62.809 62.71 63.236
0 0 0 0 0 0 0 0 0 0 0 0 0 0 0 0 0 0 0 0 0 11.512 9.5296 9.7333 85.365 10.882 13.224 12.338 11.576 14.677 75.957 13.927 72.898 9.8257 10.802 11.638 10.997 13.093 9.8399 13.602 12.351 11.952 46.485 63.308 10.501 12.663 10.563 10.061 10.405
0 0 0 0 0 0 0 0 0 0 0 0 0 0 0 0 0 0 0 0 0 0 9.1403 10.181 86.2 9.4788 8.6854 7.0992 8.7911 10.351 76.696 11.392 72.94 8.6654 7.1171 11.292 10.91 13.952 12.942 12.326 13.908 13.524 46.317 63.285 13.464 8.3086 7.1348 11.626 8.8292
0 0 0 0 0 0 0 0 0 0 0 0 0 0 0 0 0 0 0 0 0 0 0 11.74 87.418 7.9374 9.9498 10.811 7.1771 10.395 76.325 11.465 73.046 9.2354 10.722 10.876 9.802 16.793 12.28 12.388 15.74 13.936 46.448 63.069 13.827 10.645 10.055 12.063 9.6852
0 0 0 0 0 0 0 0 0 0 0 0 0 0 0 0 0 0 0 0 0 0 0 0 89.572 8.9436 8.5557 12.426 9.8649 11.178 76.313 10.576 73.169 10.172 11.964 11.125 10.954 15.941 11.761 12.482 12.357 15.219 46.409 62.855 10.988 9.3363 11.35 9.8649 11.208
0 0 0 0 0 0 0 0 0 0 0 0 0 0 0 0 0 0 0 0 0 0 0 0 0 87.322 85.914 85.365 85.365 85.078 90.51 85.174 85.365 87.703 87.132 88.257 87.322 88.637 87.703 87.132 77.54 86.39 86.009 85.174 87.227 88.352 88.257 87.418 91.168
0 0 0 0 0 0 0 0 0 0 0 0 0 0 0 0 0 0 0 0 0 0 0 0 0 0 10.106 9.175 6.5323 10.127 76.308 11.847 73.483 9.5162 11.45 11.281 11.358 12.079 8.6748 13.291 15.74 8.8305 47.07 63.258 13.649 7.8659 8.8659 9.9607 11.167
0 0 0 0 0 0 0 0 0 0 0 0 0 0 0 0 0 0 0 0 0 0 0 0 0 0 0 10.474 10.222 9.2914 76.662 7.0734 72.575 9.3512 8.3349 8.8026 11.506 13.339 9.0639 13.055 15.74 11.337 46.527 63.369 9.9781 7.1509 10.119 9.8484 10.834
0 0 0 0 0 0 0 0 0 0 0 0 0 0 0 0 0 0 0 0 0 0 0 0 0 0 0 0 11.318 7.7577 75.475 10.955 73.819 9.3285 8.0853 11.383 9.8066 15.195 10.085 12.925 15.74 14.808 47.007 62.496 12.212 7.3154 7.4111 9.79 10.438
0 0 0 0 0 0 0 0 0 0 0 0 0 0 0 0 0 0 0 0 0 0 0 0 0 0 0 0 0 11.135 76.12 11.502 73.429 8.7911 10.053 10.288 11.341 10.737 10.178 11.443 13.215 11.318 46.873 62.671 11.745 9.7969 11.745 8.9842 9.917
0 0 0 0 0 0 0 0 0 0 0 0 0 0 0 0 0 0 0 0 0 0 0 0 0 0 0 0 0 0 73.459 10.404 70.165 11.049 9.8248 12.296 11.229 13.298 12.768 14.784 15.74 13.691 45.16 61.51 11.004 9.4024 8.6198 11.461 10.081
0 0 0 0 0 0 0 0 0 0 0 0 0 0 0 0 0 0 0 0 0 0 0 0 0 0 0 0 0 0 0 73.381 19.669 76.325 76.535 76.513 73.205 75.948 75.985 76.046 76.101 76.245 33.309 15.539 76.535 76.27 73.921 73.858 76.038
0 0 0 0 0 0 0 0 0 0 0 0 0 0 0 0 0 0 0 0 0 0 0 0 0 0 0 0 0 0 0 0 73.128 11.679 9.2046 11.453 9.656 13.673 11.059 15.449 12.154 9.85 46.306 61.338 14.902 10.654 10.669 10.497 10.79
0 0 0 0 0 0 0 0 0 0 0 0 0 0 0 0 0 0 0 0 0 0 0 0 0 0 0 0 0 0 0 0 0 73.28 73.152 73.046 72.845 72.848 73.016 72.521 72.616 73.247 28.641 20.033 73.558 72.887 73.383 72.739 73.348
0 0 0 0 0 0 0 0 0 0 0 0 0 0 0 0 0 0 0 0 0 0 0 0 0 0 0 0 0 0 0 0 0 0 8.938 11.287 11.592 11.612 12.118 8.7337 13.709 10.67 46.818 63.318 10.953 8.8623 11.711 10.138 10.436
0 0 0 0 0 0 0 0 0 0 0 0 0 0 0 0 0 0 0 0 0 0 0 0 0 0 0 0 0 0 0 0 0 0 0 8.9679 11.328 16.358 12.169 7.9139 13.013 15.459 46.539 63.193 11.089 7.9775 8.6173 10.107 9.6163
0 0 0 0 0 0 0 0 0 0 0 0 0 0 0 0 0 0 0 0 0 0 0 0 0 0 0 0 0 0 0 0 0 0 0 0 11.197 15.365 10.252 13.751 15.74 14.808 46.485 63.308 12.123 8.9707 12.308 10.225 13.283
0 0 0 0 0 0 0 0 0 0 0 0 0 0 0 0 0 0 0 0 0 0 0 0 0 0 0 0 0 0 0 0 0 0 0 0 0 13.448 12.861 12.832 13.013 12.348 46.538 63.052 10.42 11.084 10.734 10.832 10.725
0 0 0 0 0 0 0 0 0 0 0 0 0 0 0 0 0 0 0 0 0 0 0 0 0 0 0 0 0 0 0 0 0 0 0 0 0 0 13.615 15.453 15.74 17.051 46.74 63.672 14.038 13.422 14.942 12.341 12.931
0 0 0 0 0 0 0 0 0 0 0 0 0 0 0 0 0 0 0 0 0 0 0 0 0 0 0 0 0 0 0 0 0 0 0 0 0 0 0 13.837 14.097 10.879 46.454 63.14 13.299 11.606 11.513 12.049 11.144
0 0 0 0 0 0 0 0 0 0 0 0 0 0 0 0 0 0 0 0 0 0 0 0 0 0 0 0 0 0 0 0 0 0 0 0 0 0 0 0 14.131 14.577 46.485 63.308 14.248 11.601 15.479 11.443 13.055
0 0 0 0 0 0 0 0 0 0 0 0 0 0 0 0 0 0 0 0 0 0 0 0 0 0 0 0 0 0 0 0 0 0 0 0 0 0 0 0 0 14.808 46.351 62.982 15.74 13.013 15.74 13.709 13.709
0 0 0 0 0 0 0 0 0 0 0 0 0 0 0 0 0 0 0 0 0 0 0 0 0 0 0 0 0 0 0 0 0 0 0 0 0 0 0 0 0 0 46.715 62.897 12.774 11.089 14.951 11.519 11.28
0 0 0 0 0 0 0 0 0 0 0 0 0 0 0 0 0 0 0 0 0 0 0 0 0 0 0 0 0 0 0 0 0 0 0 0 0 0 0 0 0 0 0 21.453 46.766 46.485 46.617 46.654 47.139
0 0 0 0 0 0 0 0 0 0 0 0 0 0 0 0 0 0 0 0 0 0 0 0 0 0 0 0 0 0 0 0 0 0 0 0 0 0 0 0 0 0 0 0 63.193 63.113 61.922 63.55 63.87
0 0 0 0 0 0 0 0 0 0 0 0 0 0 0 0 0 0 0 0 0 0 0 0 0 0 0 0 0 0 0 0 0 0 0 0 0 0 0 0 0 0 0 0 0 13.027 11.589 11.614 12.349
0 0 0 0 0 0 0 0 0 0 0 0 0 0 0 0 0 0 0 0 0 0 0 0 0 0 0 0 0 0 0 0 0 0 0 0 0 0 0 0 0 0 0 0 0 0 7.3015 11.452 11.245
0 0 0 0 0 0 0 0 0 0 0 0 0 0 0 0 0 0 0 0 0 0 0 0 0 0 0 0 0 0 0 0 0 0 0 0 0 0 0 0 0 0 0 0 0 0 0 8.6938 10.304
0 0 0 0 0 0 0 0 0 0 0 0 0 0 0 0 0 0 0 0 0 0 0 0 0 0 0 0 0 0 0 0 0 0 0 0 0 0 0 0 0 0 0 0 0 0 0 0 9.1764
0 0 0 0 0 0 0 0 0 0 0 0 0 0 0 0 0 0 0 0 0 0 0 0 0 0 0 0 0 0 0 0 0 0 0 0 0 0 0 0 0 0 0 0 0 0 0 0 0
