0 9.3264 13.15 9.6513 11.331 12.204 18.271 13.154 10.968 13.474 16.084 14.015 12.12 17.704 14.141 12.343 12.12 11.217 12.999 13.013 16.142 12.071 14.344 11.149 13.681 10.826 12.011 13.964 13.992 14.938 16.778 15.779 15.839 12.442 14.003 12.076 14.026 10.242 13.992 12.714 14.917 15.714 15.379 17.704 12.2 9.3377 13.033 15.839 14.757 12.047 17.477 15.782 12.419 17.704 12.131 15.175 11.177 10.51 9.8301
0 0 11.124 8.6471 12.049 15.846 16.912 11.955 11.175 11.906 10.603 9.0684 8.5905 18.96 14.833 13.232 9.3631 14.31 11.651 11.515 16.779 8.3538 12.19 9.3393 12.289 13.077 11.746 12.286 12.697 11.136 18.097 12.321 9.2864 11.171 9.3391 12.634 14.187 11.857 9.054 12.409 15.912 15.591 15.09 18.96 12.756 8.379 15.007 10.746 12.028 10.252 18.166 13.649 8.9543 18.96 8.8293 12.702 14.334 10.254 9.2761
0 0 0 9.4784 10.364 11.123 9.2058 12.054 12.05 13.905 11.277 12.632 12.782 18.097 10.201 13.402 12.345 13.691 11.171 12.019 11.504 12.979 14.833 10.238 13.908 10.476 11.348 15.438 11.074 11.301 17.242 12.084 16.422 12.057 11.654 9.2751 13.113 10.644 11.938 12.054 13.025 20.156 15.379 18.097 11.394 11.198 15.354 12.029 12.483 14.06 17.477 12.052 12.051 18.097 11.735 8.3433 11.886 12.068 14.41
0 0 0 0 13.905 14.673 17.478 10.874 10.094 11.023 11.651 8.6415 10.241 18.96 14.879 13.083 8.4801 14.683 11.987 14.318 16.359 7.889 11.005 9.168 16.069 11.185 7.4176 13.308 9.6433 11.151 18.097 11.136 10.29 9.2244 8.3847 13.3 14.388 9.2676 8.348 10.979 13.543 16.28 14.141 18.96 12.38 9.1421 14.813 13.503 12.443 13.163 18.234 13.093 8.7279 18.96 7.4281 11.621 14.573 9.4072 10.232
0 0 0 0 0 13.037 16.864 10.196 9.3076 12.057 13.904 11.686 11.123 19.779 13.044 10.299 11.871 12.089 10.281 12.133 14.054 11.169 12.74 11.133 13.695 14.004 14.952 10.291 11.648 12.053 18.902 13.177 12.051 11.268 14.082 11.125 14.537 11.122 14.018 10.196 15.47 19.485 19.819 19.779 9.5128 14.83 17.065 12.114 13.904 9.3974 20.037 12.976 13.907 19.779 9.5335 12.05 12.506 10.25 12.05
0 0 0 0 0 0 14.64 13.917 10.435 15.769 13.913 16.719 16.293 16.802 14.848 16.646 12.345 13.913 12.06 12.184 12.988 14.008 11.13 10.199 12.054 13.521 15.431 14.403 15.48 10.238 15.943 12.979 12.647 10.207 12.922 12.06 15.578 16.576 15.025 12.987 14.138 22.316 20.813 16.665 13.913 11.13 16.027 16.272 14.85 13.915 17.458 9.6518 15.776 16.905 15.968 12.06 14.973 15.68 11.864
0 0 0 0 0 0 0 11.17 11.898 13.017 11.472 16.947 18.469 20.702 15.297 18.171 18.374 16.053 15.391 14.993 16.489 15.834 12.23 15.671 13.374 18.448 18.358 18.436 17.867 16.819 19.828 15.919 19.531 13.402 18.169 15.769 18.783 18.19 17.478 11.214 17.975 23.152 20.852 20.702 13.693 18.298 16.835 18.281 15.457 18.945 17.169 15.372 16.248 20.702 17.478 12.537 18.621 17.976 21.474
0 0 0 0 0 0 0 0 9.5433 8.9395 9.6144 12.493 12.859 20.421 10.214 10.538 10.882 14.478 10.353 9.5067 11.944 9.7637 7.6581 11.127 13.005 11.371 12.043 14.065 11.592 10.127 19.535 12.978 11.566 11.13 12.414 10.197 15.197 12.048 11.94 10.268 14.553 18.725 15.379 20.421 13.904 10.094 16.537 12.846 12.432 10.189 17.366 11.234 9.7097 20.421 10.526 10.26 15.479 11.728 13.973
0 0 0 0 0 0 0 0 0 10.203 10.203 13.326 12.158 18.13 11.556 12.701 10.418 14.18 12.546 12.147 11.504 10.353 7.5501 12.067 13.193 14.343 11.344 13.402 12.317 11.203 17.227 14.832 13.193 10.204 10.314 12.159 12.48 12.595 11.729 9.2768 14.562 19.4 16.81 18.13 13.904 9.1431 12.545 12.212 8.6995 9.7295 17.022 12.11 11.219 18.13 12.649 7.5949 11.338 11.938 13.502
0 0 0 0 0 0 0 0 0 0 10.613 14.126 10.903 18.902 12.061 11.388 11.278 12.985 8.4086 11.13 12.05 9.814 11.262 10.452 10.214 11.793 12.147 11.956 11.972 9.2768 18.084 12.076 15.566 9.4581 10.839 9.2731 14.179 11.652 11.497 7.4556 14.057 18.798 14.99 18.902 12.982 11.27 10.827 10.94 11.559 12.049 16.912 10.312 10.33 18.902 11.28 8.3435 12.193 12.503 14.799
0 0 0 0 0 0 0 0 0 0 0 11.551 11.468 21.788 13.956 10.688 10.014 12.123 11.171 13.91 12.98 11.522 10.499 8.6654 8.6845 12.114 14.833 15.438 11.62 11.301 20.877 15.259 16.064 8.5855 12.787 12.053 11.84 12.127 9.8122 9.2775 14.266 19.37 14.256 21.788 11.58 11.729 14.212 13.094 13.329 12.409 18.34 12.975 11.239 21.788 12.655 9.8122 12.193 11.628 14.754
0 0 0 0 0 0 0 0 0 0 0 0 11.293 16.778 11.628 12.113 10.293 14.811 10.288 14.296 17.214 9.5834 11.385 11.238 13.523 13.018 11.114 12.986 9.9303 9.3002 15.852 15.182 12.121 12.783 13.069 10.593 13.098 11.242 12.103 13.523 13.025 15.353 15.672 16.778 15.025 9.541 15.354 12.111 15.11 14.06 19.29 14.502 13.145 16.778 13.02 11.621 12.063 11.241 9.8478
0 0 0 0 0 0 0 0 0 0 0 0 0 17.108 13.91 13.069 10.518 12.456 9.6222 13.012 15.833 8.6326 10.566 9.6426 13.788 11.209 10.346 14.847 9.9303 8.4086 16.173 14.101 12.156 11.422 9.471 11.4 12.426 9.2684 9.3374 10.365 12.947 15.613 14.753 17.108 13.058 8.3614 14.906 12.514 15.052 13.163 18.537 12.936 10.894 16.802 8.4616 10.545 12.604 12.088 9.8617
0 0 0 0 0 0 0 0 0 0 0 0 0 0 19.535 18.902 16.271 18.96 18.317 21.05 19.729 17.369 18.385 22.884 18.097 20.042 17.278 21.979 16.394 21.615 10.754 20.176 20.54 19.984 18.363 17.871 18.902 17.768 18.385 18.96 16.93 18.96 18.902 10.22 17.704 17.278 19.468 21.615 17.494 16.637 24.894 20.176 18.097 9.5926 17.494 19.113 17.334 17.278 19.127
0 0 0 0 0 0 0 0 0 0 0 0 0 0 0 12.708 9.3097 12.056 11.132 13.907 13.914 13.907 9.3485 12.057 11.556 11.282 10.287 15.893 13.429 11.73 18.653 12.977 14.851 9.6269 12.172 10.21 15.032 12.606 13.185 13.91 14.149 18.837 17.798 19.535 12.05 13.966 12.205 14.047 13.956 13.921 18.87 11.177 13.966 19.535 12.573 14.833 14.274 10.485 13.907
0 0 0 0 0 0 0 0 0 0 0 0 0 0 0 0 10.244 13.528 13.212 13.521 17.115 12.391 13.346 12.097 13.346 13.094 15.795 13.923 9.7792 11.438 18.084 15.094 13.075 10.219 9.5259 12.43 12.494 13.297 9.9669 10.597 13.21 14.37 14.912 18.902 15.157 9.3285 17.827 10.215 13.094 13.069 18.835 14.259 11.179 18.902 8.6007 13.321 11.373 12.077 9.7672
0 0 0 0 0 0 0 0 0 0 0 0 0 0 0 0 0 10.383 10.704 13.142 16.587 7.646 9.2399 11.215 13.159 11.209 13.396 14.98 12.501 9.4066 15.697 15.291 13.117 12.595 8.4738 8.9935 11.148 11.71 9.4575 11.972 15.557 15.762 14.414 16.685 11.392 9.4328 15.181 8.51 13.332 9.295 17.836 14.518 8.8365 16.371 9.2508 10.314 8.471 12.088 8.3777
0 0 0 0 0 0 0 0 0 0 0 0 0 0 0 0 0 0 13.907 13.656 13.467 11.369 12.574 11.149 12.509 13.949 15 14.746 12.543 15.08 18.097 12.978 11.584 14.419 14.12 13.907 10.474 14.909 12.744 10.288 13.329 22.589 18.908 18.96 14.331 15.026 14.042 14.222 12.055 13.183 17.757 12.048 13.913 18.96 15.434 12.979 11.337 13.231 14.319
0 0 0 0 0 0 0 0 0 0 0 0 0 0 0 0 0 0 0 11.421 12.977 11.132 11.494 11.127 8.4044 10.43 13.044 12.235 12.256 7.4993 17.472 13.906 11.406 13.011 9.2909 12.98 15.197 10.195 9.3429 8.4306 14.553 18.725 14.853 18.317 11.124 11.131 15.265 10.416 13.997 10.927 17.465 12.53 8.6627 18.317 9.5408 9.3429 15.479 11.301 12.453
0 0 0 0 0 0 0 0 0 0 0 0 0 0 0 0 0 0 0 0 12.979 14.121 12.377 11.128 12.984 12.711 16.611 15.199 15.837 13.148 20.148 13.905 14.005 10.389 11.121 9.2704 14.032 13.422 15.336 13.918 14.551 19.773 17.389 21.05 12.977 12.049 13.448 12.073 13.159 12.025 18.433 10.197 12.139 21.05 14.6 10.562 13.836 12.786 14.3
0 0 0 0 0 0 0 0 0 0 0 0 0 0 0 0 0 0 0 0 0 13.905 11.504 12.98 11.99 18.235 18.474 17.576 18.358 15.831 18.902 13.248 16.454 12.262 18.405 13.904 18.678 17.561 17.148 12.05 18.034 30.098 25.229 19.729 13.841 15.251 14.186 18.018 13.15 17.917 19.266 12.613 13.228 19.729 17.431 12.988 19.293 18.341 16.046
0 0 0 0 0 0 0 0 0 0 0 0 0 0 0 0 0 0 0 0 0 0 13.005 9.7311 10.286 11.34 10.482 13.954 12.447 8.8359 16.475 15.808 12.079 9.3571 10.219 9.5569 12.181 12.049 8.8613 11.131 13.058 18.849 14.853 17.369 14.831 8.7049 16.62 12.902 11.808 12.148 18.433 10.371 8.7357 17.369 8.3877 11.494 11.364 12.071 8.3944
0 0 0 0 0 0 0 0 0 0 0 0 0 0 0 0 0 0 0 0 0 0 0 11.124 11.521 11.254 12.975 13.914 10.662 10.14 17.494 16.162 15.705 11.442 11.171 8.8905 13.096 11.121 11.155 11.442 14.454 19.513 15.564 18.385 13.912 10.251 17.001 11.94 11.447 11.93 17.502 10.195 12.227 18.385 11.242 10.465 10.69 11.63 13.826
0 0 0 0 0 0 0 0 0 0 0 0 0 0 0 0 0 0 0 0 0 0 0 0 11.832 12.386 11.865 15.581 11.68 10.769 21.979 13.015 12.068 12.06 10.133 12.979 14.537 12.049 10.579 8.004 15.087 19.485 15.752 22.884 11.122 9.8138 15.443 12.751 11.271 8.6986 17.973 12.976 10.583 22.884 11.136 9.3063 12.202 12.123 9.7746
0 0 0 0 0 0 0 0 0 0 0 0 0 0 0 0 0 0 0 0 0 0 0 0 0 14.658 16.82 16.052 11.94 11.851 17.242 12.571 11.498 13.278 15.127 11.87 13.402 16.471 11.836 8.7906 14.832 19.407 15.77 18.097 14.842 16.135 16.25 16.04 11.289 15.739 16.69 10.364 14.297 18.097 14.829 9.2889 14.066 12.738 17.825
0 0 0 0 0 0 0 0 0 0 0 0 0 0 0 0 0 0 0 0 0 0 0 0 0 0 15.379 10.207 9.3036 8.026 19.138 10.217 11.218 13.597 13.187 13.141 13.913 13.092 11.097 12.82 14.255 15.198 12.725 20.042 9.9126 13.09 14.816 9.4746 13.021 13.038 19.284 15.354 10.213 20.042 11.198 11.807 12.169 9.3714 13.538
0 0 0 0 0 0 0 0 0 0 0 0 0 0 0 0 0 0 0 0 0 0 0 0 0 0 0 13.021 14.34 12.109 16.484 12.943 12.049 11.154 13.647 13.997 15.785 12.217 12.975 12.94 14.223 14.191 12.059 17.278 12.977 14.873 17.065 14.564 13.326 9.4875 20.024 15.302 13.588 17.278 12.975 12.704 12.984 11.282 13.902
0 0 0 0 0 0 0 0 0 0 0 0 0 0 0 0 0 0 0 0 0 0 0 0 0 0 0 0 13.93 10.877 21.077 14.708 13.948 13.847 12.114 14.006 13.949 14.843 13.927 16.052 12.982 15.194 13.042 21.979 13.132 14.215 17.065 13.194 16.542 13.134 21.942 15.168 14.39 21.979 13.006 12.332 14.013 13.038 12.378
0 0 0 0 0 0 0 0 0 0 0 0 0 0 0 0 0 0 0 0 0 0 0 0 0 0 0 0 0 12.885 15.944 15.49 13.028 12.447 13.049 10.838 12.053 12.447 11.714 12.48 11.06 13.019 12.648 16.394 12.112 9.0712 18.962 11.239 16.064 12.663 21.117 15.808 9.4583 16.394 11.551 10.76 11.646 12.113 8.5223
0 0 0 0 0 0 0 0 0 0 0 0 0 0 0 0 0 0 0 0 0 0 0 0 0 0 0 0 0 0 20.696 9.5941 14.001 13.799 13.047 10.438 12.17 13.042 8.0481 9.6215 15.378 17.486 14.082 21.615 11.133 10.226 16.247 12.514 16.137 8.3868 17.022 14.367 9.3161 21.615 10.299 9.3951 9.5913 9.3594 9.9254
0 0 0 0 0 0 0 0 0 0 0 0 0 0 0 0 0 0 0 0 0 0 0 0 0 0 0 0 0 0 0 19.279 19.615 19.167 17.52 17.055 18.084 16.947 17.494 18.097 15.066 18.614 17.99 12.455 16.778 16.484 18.582 20.696 16.608 15.811 18.983 19.279 17.242 8.7324 16.608 18.305 15.927 16.484 18.272
0 0 0 0 0 0 0 0 0 0 0 0 0 0 0 0 0 0 0 0 0 0 0 0 0 0 0 0 0 0 0 0 15.144 14.502 10.381 14.899 15.83 11.591 15.159 12.084 14.953 19.821 17.133 20.176 13.908 9.5396 18.515 13.687 12.923 13.909 19.188 14.191 11.144 20.176 15.207 15.338 14.68 15.563 15.404
0 0 0 0 0 0 0 0 0 0 0 0 0 0 0 0 0 0 0 0 0 0 0 0 0 0 0 0 0 0 0 0 0 14.982 12.122 12.276 14.879 10.297 12.121 15.817 14.266 16.238 13.65 20.54 11.765 10.312 14.89 12.99 9.2385 10.428 17.576 15.076 9.651 20.54 8.5988 15.794 12.203 15.035 10.497
0 0 0 0 0 0 0 0 0 0 0 0 0 0 0 0 0 0 0 0 0 0 0 0 0 0 0 0 0 0 0 0 0 0 11.365 13.911 13.585 12.975 10.789 9.2713 14.653 20.69 15.098 19.984 12.057 13.054 17.253 12.073 12.982 12.544 17.478 13.936 10.271 19.984 10.841 12.055 11.267 13.096 14.784
0 0 0 0 0 0 0 0 0 0 0 0 0 0 0 0 0 0 0 0 0 0 0 0 0 0 0 0 0 0 0 0 0 0 0 13.372 13.927 9.3278 12.134 11.124 14.164 14.774 12.202 18.363 14.117 8.3943 13.563 11.178 13.368 10.434 20.58 15.86 9.2743 18.363 10.288 11.234 12.105 9.3648 11.149
0 0 0 0 0 0 0 0 0 0 0 0 0 0 0 0 0 0 0 0 0 0 0 0 0 0 0 0 0 0 0 0 0 0 0 0 15.197 13.654 11.624 11.306 14.553 21.697 17.587 17.871 11.124 12.286 15.929 13.098 12.053 12.203 17.697 12.53 9.8653 17.871 11.239 12.982 15.479 12.544 12.478
0 0 0 0 0 0 0 0 0 0 0 0 0 0 0 0 0 0 0 0 0 0 0 0 0 0 0 0 0 0 0 0 0 0 0 0 0 15.023 11.239 14.047 17.177 18.086 15.536 18.902 11.84 13.904 13.448 13.209 16.264 13.912 21.096 15.514 13.07 18.902 11.186 16.093 13.905 12.067 13.136
0 0 0 0 0 0 0 0 0 0 0 0 0 0 0 0 0 0 0 0 0 0 0 0 0 0 0 0 0 0 0 0 0 0 0 0 0 0 12.048 12.291 13.826 15.032 15.377 17.768 11.415 8.3417 12.281 12.048 11.203 12.134 18.193 14.35 9.2704 17.768 11.122 11.729 13.947 13.166 9.2676
0 0 0 0 0 0 0 0 0 0 0 0 0 0 0 0 0 0 0 0 0 0 0 0 0 0 0 0 0 0 0 0 0 0 0 0 0 0 0 11.005 14.036 14.259 12.558 18.385 13.402 9.1253 17.766 14.077 15.11 9.458 20.152 14.583 9.534 18.385 8.4155 10.83 11.351 9.4959 8.5646
0 0 0 0 0 0 0 0 0 0 0 0 0 0 0 0 0 0 0 0 0 0 0 0 0 0 0 0 0 0 0 0 0 0 0 0 0 0 0 0 13.28 18.958 14.753 18.96 13.904 12.333 15.354 11.103 11.373 13.976 18.537 9.1754 9.5513 18.96 11.433 8.599 11.965 12.862 15.185
0 0 0 0 0 0 0 0 0 0 0 0 0 0 0 0 0 0 0 0 0 0 0 0 0 0 0 0 0 0 0 0 0 0 0 0 0 0 0 0 0 13.859 11.661 16.569 13.543 13.156 19.067 12.947 16.085 14.057 22.786 15.941 12.802 16.253 13.115 13.156 11.393 12.679 13.025
0 0 0 0 0 0 0 0 0 0 0 0 0 0 0 0 0 0 0 0 0 0 0 0 0 0 0 0 0 0 0 0 0 0 0 0 0 0 0 0 0 0 13.28 18.96 21.67 17.263 17.766 13.804 18.908 15.622 28.499 27.636 18.849 19.3 13.818 18.905 17.628 13.058 17.602
0 0 0 0 0 0 0 0 0 0 0 0 0 0 0 0 0 0 0 0 0 0 0 0 0 0 0 0 0 0 0 0 0 0 0 0 0 0 0 0 0 0 0 18.902 17.303 13.757 18.578 13.465 14.639 14.246 31.073 22.352 14.701 18.902 13.752 15.285 15.252 12.505 14.853
0 0 0 0 0 0 0 0 0 0 0 0 0 0 0 0 0 0 0 0 0 0 0 0 0 0 0 0 0 0 0 0 0 0 0 0 0 0 0 0 0 0 0 0 17.704 17.278 19.468 21.615 17.494 16.685 17.613 20.176 18.097 11.476 17.494 19.113 17.606 17.483 19.127
0 0 0 0 0 0 0 0 0 0 0 0 0 0 0 0 0 0 0 0 0 0 0 0 0 0 0 0 0 0 0 0 0 0 0 0 0 0 0 0 0 0 0 0 0 11.989 14.212 12.652 13.922 11.624 17.477 13.832 11.129 17.704 12.344 9.2728 12.193 13.722 11.313
0 0 0 0 0 0 0 0 0 0 0 0 0 0 0 0 0 0 0 0 0 0 0 0 0 0 0 0 0 0 0 0 0 0 0 0 0 0 0 0 0 0 0 0 0 0 14.408 11.121 11.672 13.988 18.188 13.209 7.5185 17.278 8.0833 11.766 10.221 9.3007 8.4434
0 0 0 0 0 0 0 0 0 0 0 0 0 0 0 0 0 0 0 0 0 0 0 0 0 0 0 0 0 0 0 0 0 0 0 0 0 0 0 0 0 0 0 0 0 0 0 14.408 14.965 11.228 14.212 15.594 15.665 19.468 17.065 12.949 16.101 18.827 15.523
0 0 0 0 0 0 0 0 0 0 0 0 0 0 0 0 0 0 0 0 0 0 0 0 0 0 0 0 0 0 0 0 0 0 0 0 0 0 0 0 0 0 0 0 0 0 0 0 13.567 14.001 20.005 14.939 12.049 21.615 12.143 10.597 13.123 12.298 12.048
0 0 0 0 0 0 0 0 0 0 0 0 0 0 0 0 0 0 0 0 0 0 0 0 0 0 0 0 0 0 0 0 0 0 0 0 0 0 0 0 0 0 0 0 0 0 0 0 0 11.847 18.34 15.263 12.197 17.494 9.9571 13.466 13.836 15.053 15.091
0 0 0 0 0 0 0 0 0 0 0 0 0 0 0 0 0 0 0 0 0 0 0 0 0 0 0 0 0 0 0 0 0 0 0 0 0 0 0 0 0 0 0 0 0 0 0 0 0 0 18.24 15.571 11.245 16.637 9.3974 12.251 14.045 10.982 12.134
0 0 0 0 0 0 0 0 0 0 0 0 0 0 0 0 0 0 0 0 0 0 0 0 0 0 0 0 0 0 0 0 0 0 0 0 0 0 0 0 0 0 0 0 0 0 0 0 0 0 0 17.587 17.975 17.354 19.348 18.778 21.167 20.124 18.433
0 0 0 0 0 0 0 0 0 0 0 0 0 0 0 0 0 0 0 0 0 0 0 0 0 0 0 0 0 0 0 0 0 0 0 0 0 0 0 0 0 0 0 0 0 0 0 0 0 0 0 0 9.1285 20.176 14.724 12.53 16.153 15.393 14.053
0 0 0 0 0 0 0 0 0 0 0 0 0 0 0 0 0 0 0 0 0 0 0 0 0 0 0 0 0 0 0 0 0 0 0 0 0 0 0 0 0 0 0 0 0 0 0 0 0 0 0 0 0 18.097 8.9875 9.651 11.364 11.153 8.554
0 0 0 0 0 0 0 0 0 0 0 0 0 0 0 0 0 0 0 0 0 0 0 0 0 0 0 0 0 0 0 0 0 0 0 0 0 0 0 0 0 0 0 0 0 0 0 0 0 0 0 0 0 0 17.494 19.113 16.93 17.788 19.127
0 0 0 0 0 0 0 0 0 0 0 0 0 0 0 0 0 0 0 0 0 0 0 0 0 0 0 0 0 0 0 0 0 0 0 0 0 0 0 0 0 0 0 0 0 0 0 0 0 0 0 0 0 0 0 12.4 11.272 12.095 8.0044
0 0 0 0 0 0 0 0 0 0 0 0 0 0 0 0 0 0 0 0 0 0 0 0 0 0 0 0 0 0 0 0 0 0 0 0 0 0 0 0 0 0 0 0 0 0 0 0 0 0 0 0 0 0 0 0 14.746 10.656 15.472
0 0 0 0 0 0 0 0 0 0 0 0 0 0 0 0 0 0 0 0 0 0 0 0 0 0 0 0 0 0 0 0 0 0 0 0 0 0 0 0 0 0 0 0 0 0 0 0 0 0 0 0 0 0 0 0 0 12.11 10.573
0 0 0 0 0 0 0 0 0 0 0 0 0 0 0 0 0 0 0 0 0 0 0 0 0 0 0 0 0 0 0 0 0 0 0 0 0 0 0 0 0 0 0 0 0 0 0 0 0 0 0 0 0 0 0 0 0 0 9.6932
0 0 0 0 0 0 0 0 0 0 0 0 0 0 0 0 0 0 0 0 0 0 0 0 0 0 0 0 0 0 0 0 0 0 0 0 0 0 0 0 0 0 0 0 0 0 0 0 0 0 0 0 0 0 0 0 0 0 0
