0 106.17 26.865 27.784 27.036 32.857 32.296 184.21 94.781 43.722 152.02 25.011 183.2 19.389 47.409 39.491 32.849 28.595 81.075 35.781 83.974 100.9 120.13 137.3 136.63 160.33 135.59 60.45 51.347 44.487 32.614 143.88 34.746 158.11 27.187 160.58 183.18 161.21 185.24 26.252 82.95 154.76 182.07 133.07 182.74 25.651 27.123 23.945 46.725 37.728 135.9 28.595 23.764 32.333 21.425 177.63 75.796 28.038 27.209 28.224 25.831 32.296 29.774 28.162 23.571
0 0 96.163 96.937 96.712 76.085 76.658 169.4 94.709 82.674 144.62 94.612 168.33 90.215 64.457 107.02 76.664 97.096 81.345 120.71 32.355 16.695 88.688 105.05 104.87 149.5 132.25 90.839 97.354 95.461 80.373 136.72 84.738 77.236 95.847 71.965 80.167 59.285 170.45 95.879 81.195 145.96 167.2 129.81 168.4 92.365 95.387 92.295 81.529 105.62 132.61 97.067 91.525 76.422 91.53 163.86 76.166 97.075 96.145 95.56 94.914 76.512 98.615 96.929 93.662
0 0 0 13.964 14.15 24.643 24.763 187.38 97.716 44.122 155.38 12.779 186.66 17.769 39.496 16.911 25.399 14.03 81.936 30.314 73.774 90.448 113.22 140.88 140.61 163.43 139.57 57.065 44.331 39.27 24.998 147.32 35.277 149.82 11.566 152.15 174.5 152.75 188.39 21.573 86.519 157.83 185.32 137.12 186.1 22.877 17.907 11.895 46.988 19.857 139.47 13.504 12.389 28.144 12.981 180.52 77.259 10.705 13.579 13.068 13.857 24.697 13.194 13.506 13.923
0 0 0 0 13.531 27.497 25.89 188.58 99.274 42.763 156.98 12.976 187.59 16.675 40.092 17.399 26.544 14.33 83.616 29.995 74.731 91.072 113.79 141.71 141.49 164.99 141.08 56.374 46.489 40.06 27.294 148.66 33.77 150.14 11.239 152.75 174.72 153.42 189.63 21.265 87.925 159.89 186.41 138.64 187.19 22.553 17.605 16.416 45.376 20.674 141.21 12.724 13.93 27.46 14.81 182.34 78.92 11.171 12.663 15.049 15.655 26.778 14.567 12.668 13.252
0 0 0 0 0 26.35 25.462 187.85 98.062 48.261 155.81 13.917 187.14 14.192 39.423 16.676 26.619 14.06 82.722 28.83 74.181 90.644 113.71 141.23 140.99 164.04 140.11 56.716 44.436 39.324 26.343 147.7 40.585 149.98 11.403 152.54 174.67 153.19 188.86 20.142 87.521 159.16 185.77 137.58 186.62 21.363 16.505 15.032 52.599 20.161 140.37 13.748 12.68 26.344 13.083 181.14 78.122 11.56 13.597 7.8684 13.301 25.521 12.545 12.14 12.475
0 0 0 0 0 0 13.486 169.43 95.392 48.41 144.84 25.5 168.42 16.622 23.41 36.115 11.837 27.215 80.881 45.036 52.853 68.975 88.775 118.35 118.18 149.77 132.19 48.438 32.087 33.59 24.222 136.84 39.556 131.22 25.462 133.76 155.58 134.42 170.48 24.392 81.425 146.19 167.25 129.8 168.28 25.285 24.867 20.608 51.858 39.621 132.46 27.281 19.314 13.488 20.845 163.68 75.589 27.062 27.194 25.89 22.673 13.553 31.09 28.617 21.355
0 0 0 0 0 0 0 169.73 94.952 43.279 144.33 23.388 168.52 17.261 23.477 35.728 12.896 27.282 81.423 44.591 51.783 68.734 89.442 118.77 118.7 150.06 131.69 49.467 32.071 33.525 24.423 136.91 34.72 131.74 25.378 134.17 155.24 134.8 170.8 23.776 81.375 146.09 167.49 129.23 168.71 25.399 24.551 22.324 46.323 39.891 132.54 28.779 20.534 13.92 18.618 164.04 76.278 27.198 26.866 26.735 23.202 14.6 30.893 26.546 21.132
0 0 0 0 0 0 0 0 106.28 161.43 55.94 185.25 26.278 176.92 176.81 195.82 169.79 188.97 141.71 207.24 169.77 169.43 144.14 144.77 144.77 49.193 66.186 188.18 188.88 186.8 169.71 60.575 164.05 144.64 187.46 144.39 144.95 169.77 21.299 186.56 106.55 52.592 90.091 68.032 30.12 186.96 186.5 181.15 159.07 203.13 67.653 188.81 178.8 169.84 179.26 33.902 123.16 188.92 187.72 186.8 181.51 169.55 192.56 188.63 182.32
0 0 0 0 0 0 0 0 0 66.719 66.298 94.775 105.4 94.983 96.851 107.06 95.028 99.577 40.671 118.58 94.829 95.396 96.97 97.684 97.369 78.266 47.563 99.1 99.046 97.324 94.781 57.749 71.045 111.76 97.743 114.54 134.59 115.26 107.26 96.92 19.347 71.407 124.08 45.143 104.87 97.072 95.818 95.078 62.886 116.86 46.559 100.06 95.372 94.829 94.938 99.197 21.654 99.693 97.72 96.45 94.857 94.993 103.42 99.068 92.734
0 0 0 0 0 0 0 0 0 0 126.85 48.092 160.41 43.277 48.772 45.361 48.243 43.255 51.475 53.308 59.448 76.317 95.551 124.65 124.56 136.32 110.11 50.973 48.309 43.073 48.797 118.57 22.796 137.43 44.631 140.1 161.74 140.78 162.48 42.759 58.192 130.68 159.24 107.52 160.14 43.941 45.79 44.049 14.897 55.945 109.84 43.606 48.081 44.273 44.297 154.92 46.065 44.153 43.932 44.294 48.765 50.069 44.093 43.302 45.092
0 0 0 0 0 0 0 0 0 0 0 152.41 46.934 144.4 149.48 164.03 143.99 157.42 105.22 176.9 144.2 144.55 137.31 137.66 137.99 17.403 22.842 155.81 156.96 155.18 144.27 21.254 129.8 129.15 155.07 135.89 137.35 144.46 63.264 154.54 69.835 36.889 115.18 32.32 43.735 155.02 154.24 148.05 124.31 172.98 22.771 157.11 146.54 143.79 146.71 36.714 84.771 156.92 155.5 154.27 145.94 144.84 161.06 156.81 149.61
0 0 0 0 0 0 0 0 0 0 0 0 184.17 14.61 38.497 16.723 25.989 13.902 80.855 29.465 72.514 89.391 111.25 139.24 138.98 161.01 136.93 56.026 43.509 39.141 25.342 144.34 40.426 148.38 13.62 150.81 173.06 151.43 186.29 20.753 83.347 155.3 183.05 134.45 183.65 22.012 17.103 11.732 52.504 22.973 136.55 13.223 15.276 25.969 14.225 178.31 75.745 14.067 13.704 10.585 12.208 25.249 14.082 12.045 14.244
0 0 0 0 0 0 0 0 0 0 0 0 0 175.72 175.8 194.77 168.76 187.89 141.15 206.17 168.61 168.36 144.11 144.84 144.98 36.153 63.824 187.22 187.8 185.74 168.58 53.789 163.11 144.79 186.36 144.27 145.07 168.39 38.702 185.8 105.84 42.478 107.49 66.719 28.413 186.02 185.52 180.16 158.31 202.14 65.48 187.94 178.1 168.62 178.28 19.85 122.29 188.2 186.78 185.87 181.49 168.53 191.74 187.57 181.53
0 0 0 0 0 0 0 0 0 0 0 0 0 0 35.046 20.938 16.614 15.154 81.14 32.539 67.85 84.709 104.08 134.21 133.86 152.06 131.62 54.049 40.863 36.446 26.099 136.37 34.291 144.92 15.096 147.46 169.19 148.12 177.98 22.606 81.256 147.21 174.68 129.18 175.23 23.962 18.924 13.399 46.369 29.554 132.7 17.173 11.693 20.307 10.954 170.32 76.137 16.63 17.439 16.861 14.323 18.805 18.529 16.474 12.468
0 0 0 0 0 0 0 0 0 0 0 0 0 0 0 46.937 24.643 41.057 81.728 62.016 40.608 57.406 94.774 113.29 112.84 155.55 135.23 35.664 34.84 36.309 30.811 141.27 38.72 113.24 38.925 115.69 138.64 116.27 177.85 39.558 80.595 151.62 174.63 132.78 175.65 36.895 38.734 36.645 51.872 46.313 135.79 40.148 35.512 23.335 36.522 170.85 77.378 40.603 39.467 39.028 38.813 23.236 41.418 39.935 39.58
0 0 0 0 0 0 0 0 0 0 0 0 0 0 0 0 36.906 15.744 92.032 27.774 83.343 100.55 120.13 152.73 152.54 171.59 148.66 60.739 49.775 44.293 36.109 155.79 37.982 158.31 16.542 160.88 183.48 161.54 196.87 19.132 95.463 167.07 193.62 146.19 194.13 20.286 16.566 19.165 49.755 20.724 149.41 16.559 21.191 36.131 19.839 189.11 87.186 17.344 18.095 16.726 20.05 35.928 17.358 16.635 19.184
0 0 0 0 0 0 0 0 0 0 0 0 0 0 0 0 0 28.147 80.886 44.472 51.927 68.44 89.196 118.21 118.03 149.72 131.6 47.703 32.122 34.231 28.304 136.24 39.522 131.55 26.896 134.83 155.43 135.43 170.84 24.895 80.667 146.26 167.6 129.22 168.7 26.192 25.15 21.063 52.045 40.118 132.71 27.955 20.004 12.274 20.561 164.13 75.73 27.759 27.477 24.932 24.819 13.873 31.66 27.913 21.641
0 0 0 0 0 0 0 0 0 0 0 0 0 0 0 0 0 0 83.917 30.863 73.945 90.813 114.41 141.83 141.73 165.12 141.51 54.042 40.977 36.02 27.312 149.39 34.679 150.4 14.73 153.06 175.68 153.74 190.02 22.177 88.374 160.22 186.77 138.97 187.39 23.384 18.534 13.847 46.223 19.036 141.61 14.678 14.472 27.245 14.187 182.62 79.559 13.47 13.597 14.383 13.379 27.414 13.509 15.495 13.913
0 0 0 0 0 0 0 0 0 0 0 0 0 0 0 0 0 0 0 88.662 81.112 81.076 84.474 112.02 111.54 115.2 85.136 82.496 84.367 81.019 81.345 96.627 55.788 126.95 82.192 128.25 151.76 128.9 142.7 81.48 38.666 109.5 139.68 82.177 140.52 81.554 80.637 81.113 46.346 101.77 83.776 84.387 81.025 80.79 81.186 134.7 25.512 83.834 81.723 81.62 80.941 80.918 88.361 83.59 78.811
0 0 0 0 0 0 0 0 0 0 0 0 0 0 0 0 0 0 0 0 89.79 104.72 123.75 148.35 148.42 184.17 162.26 47.226 41.159 33.665 43.406 168.86 49.603 166.28 28.968 170.34 194.47 163.74 208.29 26.888 107.88 179.7 205.04 159.79 205.79 29.442 27.155 31.486 56.896 30.968 162.44 30.102 32.383 45.062 32.768 201.01 97.978 29.041 29.889 28.724 32.36 45.053 29.571 29.493 30.124
0 0 0 0 0 0 0 0 0 0 0 0 0 0 0 0 0 0 0 0 0 23.641 89.474 109.42 109.61 149.52 132.01 68.053 74.537 73.553 52.058 136.47 60.337 86.566 73.686 89.606 108.05 90.182 170.83 72.909 81.46 145.59 167.54 129.49 168.5 70.143 72.882 69.907 58.206 82.046 132.37 74.178 69.291 51.685 69.146 163.75 76 74.031 73.412 73.428 73.459 52.06 75.943 74.552 71.346
0 0 0 0 0 0 0 0 0 0 0 0 0 0 0 0 0 0 0 0 0 0 87.355 98.759 99.139 150.32 131.8 84.885 91.18 89.895 68.737 136.96 77.058 77.612 89.857 75.098 92.176 74.942 170.49 90.072 81.127 145.86 167.23 129.31 168.44 87.105 89.881 86.597 75.12 99.499 132.4 91.133 86.073 68.589 86.039 163.9 76.369 91.112 90.365 89.95 89.354 68.657 92.802 91.098 87.704
0 0 0 0 0 0 0 0 0 0 0 0 0 0 0 0 0 0 0 0 0 0 0 42.837 43.665 140.88 129.13 104.82 114.7 112.22 89.362 129.97 96.106 55.882 112.93 60.476 75.578 89.078 143.89 112.51 80.87 138.25 144.29 126.73 144.04 107.45 112.69 107.16 94.421 126.6 130.54 114.52 106.04 88.717 106.21 144.18 77.567 114.38 113.38 112.27 110.98 89.502 117.29 114.85 108.89
0 0 0 0 0 0 0 0 0 0 0 0 0 0 0 0 0 0 0 0 0 0 0 0 15.317 141.12 128.82 134.58 141.58 140.53 118.75 130.39 125.71 56.21 140.6 54.699 63.852 112.71 144.56 140.09 90.688 138.2 145 126.55 144.75 136.47 139.56 136.68 123.13 150.94 130.41 141.85 135.43 118.39 135.63 144.87 100.88 141.7 140.87 139.89 139.56 118.67 144.34 141.68 137.82
0 0 0 0 0 0 0 0 0 0 0 0 0 0 0 0 0 0 0 0 0 0 0 0 0 140.61 129.2 134.67 141.5 140.56 118.42 130.61 125.49 55.774 140.41 48.484 62.8 112.61 144.6 139.85 90.092 137.75 144.81 126.86 144.81 136.23 139.63 136.75 122.9 150.99 130.96 141.94 135.24 118.2 135.66 144.85 100.48 141.78 140.95 139.95 139.48 118.51 143.97 141.37 137.91
0 0 0 0 0 0 0 0 0 0 0 0 0 0 0 0 0 0 0 0 0 0 0 0 0 0 33.742 164.28 165.29 163.39 149.7 22.972 139.06 136.75 163.62 139.45 140.41 150.04 57.47 162.88 78.578 38.801 110.35 41.766 31.724 163.41 162.4 156.88 133.38 180.21 35.046 165.61 154.25 150.01 155.23 24.901 96.03 165.51 163.41 162.36 154.29 150.23 169.2 165.09 158.65
0 0 0 0 0 0 0 0 0 0 0 0 0 0 0 0 0 0 0 0 0 0 0 0 0 0 0 140.25 141.37 139.34 131.49 17.849 113.3 120.93 139.54 125.57 128.93 131.62 72.483 138.96 56.378 35.421 117.36 14.381 62.454 139.77 138.27 132.38 107.4 157.9 17.303 141.78 131.76 132.29 131.92 55.423 66.781 141.22 139.36 139.1 132.29 131.63 145.32 140.99 133.76
0 0 0 0 0 0 0 0 0 0 0 0 0 0 0 0 0 0 0 0 0 0 0 0 0 0 0 0 41.151 32.148 51.543 147.58 51.183 145.22 56.04 147.88 169.59 148.56 189.23 56.379 86.655 158.92 186.02 137.78 186.81 55.223 56.355 55.162 49.934 60.25 140.34 57.1 54.814 48.462 55.079 181.88 78.604 56.753 56.778 56.267 56.249 44.851 57.735 56.294 55.566
0 0 0 0 0 0 0 0 0 0 0 0 0 0 0 0 0 0 0 0 0 0 0 0 0 0 0 0 0 30.842 38.302 148.98 40.605 127.2 43.894 133.47 158.9 129.64 189.93 43.463 87.964 159.67 186.67 138.79 187.39 42.113 44.004 42.513 52.582 49.739 141.05 44.487 41.639 32.812 41.76 182.62 79.54 44.668 43.611 44.085 43.131 32.587 46.283 44.661 42.674
0 0 0 0 0 0 0 0 0 0 0 0 0 0 0 0 0 0 0 0 0 0 0 0 0 0 0 0 0 0 34.036 146.99 33.59 145 39.099 146.17 172.65 146.7 187.85 39.228 85.802 157.5 184.6 136.79 185.26 38.115 38.816 37.398 46.411 43.713 138.9 39.866 36.859 33.59 37.254 180.46 77.042 39.673 39.053 39.178 38.545 30.545 40.981 39.71 37.703
0 0 0 0 0 0 0 0 0 0 0 0 0 0 0 0 0 0 0 0 0 0 0 0 0 0 0 0 0 0 0 136.34 38.602 132.21 25.46 136.63 155.04 136.68 170.75 24.474 81.293 145.61 167.55 129.05 168.45 25.431 24.56 26.209 51.688 39.698 132.43 27.528 25.989 23.678 27.532 163.81 76.009 27.204 27.401 25.957 26.429 23.348 31.593 27.557 24.725
0 0 0 0 0 0 0 0 0 0 0 0 0 0 0 0 0 0 0 0 0 0 0 0 0 0 0 0 0 0 0 0 121.68 121.33 146.99 128.49 130.02 136.55 67.236 146.14 61.714 36.15 116.26 22.841 51.785 146.69 145.8 139.9 115.9 164.75 22.342 149.05 138.29 135.91 138.23 44.753 76.305 148.83 147.11 145.96 137.98 136.86 152.94 148.82 141.54
0 0 0 0 0 0 0 0 0 0 0 0 0 0 0 0 0 0 0 0 0 0 0 0 0 0 0 0 0 0 0 0 0 139.06 34.946 141.53 163.33 142.16 165.09 33.238 61.069 133.03 161.89 110.78 162.74 34.063 35.933 35.676 22.094 48.039 113.48 34.516 40.37 34.927 34.726 157.61 51.226 35.092 35.14 34.942 39.527 39.721 35.009 33.21 35.33
0 0 0 0 0 0 0 0 0 0 0 0 0 0 0 0 0 0 0 0 0 0 0 0 0 0 0 0 0 0 0 0 0 0 149.93 18.368 36.881 77.668 144.45 149.41 112 131.62 144.77 118.78 144.68 147.09 149.6 146.43 136.28 157.4 124.33 150.82 145.87 131.54 146.14 144.77 119.74 150.16 149.86 149.69 148.48 131.22 152.63 150.17 147.96
0 0 0 0 0 0 0 0 0 0 0 0 0 0 0 0 0 0 0 0 0 0 0 0 0 0 0 0 0 0 0 0 0 0 0 152.42 173.89 153.07 188.52 20.362 86.807 158.65 185.25 137.05 185.99 21.454 16.764 12.31 48.623 21.214 139.22 14.015 13.384 25.477 12.828 181.24 77.422 12.062 12.315 11.67 15.528 24.784 12.257 13.648 13.361
0 0 0 0 0 0 0 0 0 0 0 0 0 0 0 0 0 0 0 0 0 0 0 0 0 0 0 0 0 0 0 0 0 0 0 0 27.505 75.585 144.12 152.08 114.75 136.56 144.48 123.27 144.23 149.69 152.21 148.93 138.98 159.9 127.33 153.31 148.41 134.29 148.48 144.39 122.48 152.7 152.43 152.22 151.09 133.92 155.12 152.85 150.44
0 0 0 0 0 0 0 0 0 0 0 0 0 0 0 0 0 0 0 0 0 0 0 0 0 0 0 0 0 0 0 0 0 0 0 0 0 91.778 144.75 173.89 135.05 137.57 145.1 126.64 144.97 171.62 174.06 171.43 160.85 182.21 130.78 175.75 170.53 155.18 170.26 145.07 142.98 175.03 174.44 173.93 173.68 155 177.15 174.87 172.04
0 0 0 0 0 0 0 0 0 0 0 0 0 0 0 0 0 0 0 0 0 0 0 0 0 0 0 0 0 0 0 0 0 0 0 0 0 0 170.8 152.76 115.45 145.59 167.62 129.18 168.34 150.32 152.84 149.57 139.67 160.53 132.55 153.95 149.06 134.96 149.08 163.64 123.18 153.36 153.08 152.86 151.75 134.61 155.76 153.51 151.04
0 0 0 0 0 0 0 0 0 0 0 0 0 0 0 0 0 0 0 0 0 0 0 0 0 0 0 0 0 0 0 0 0 0 0 0 0 0 0 187.58 107.56 60.976 94.822 74.012 43.044 188 187.54 182.19 160.07 204.18 73.375 189.85 179.81 170.91 180.31 46.121 124.19 189.94 188.75 187.84 181.54 170.6 193.57 189.68 183.34
0 0 0 0 0 0 0 0 0 0 0 0 0 0 0 0 0 0 0 0 0 0 0 0 0 0 0 0 0 0 0 0 0 0 0 0 0 0 0 0 85.678 157.5 184.46 136.39 185.36 12.332 9.2459 22.71 46.277 22.279 138.79 21.368 22.502 27.427 23.959 180.01 76.975 20.346 21.163 20.041 22.917 23.817 20.856 20.863 21.467
0 0 0 0 0 0 0 0 0 0 0 0 0 0 0 0 0 0 0 0 0 0 0 0 0 0 0 0 0 0 0 0 0 0 0 0 0 0 0 0 0 72.507 123.91 53.827 105.45 86.778 85.278 80.802 56.174 103.87 56.956 88.738 81.163 80.955 80.911 100.17 19.926 87.801 86.94 86.231 80.85 80.701 91.922 88.167 81.345
0 0 0 0 0 0 0 0 0 0 0 0 0 0 0 0 0 0 0 0 0 0 0 0 0 0 0 0 0 0 0 0 0 0 0 0 0 0 0 0 0 0 114.16 38.608 38.843 158.53 157.14 151.14 127.66 175.49 35.304 160.3 149.22 146.16 149.65 39.224 89.271 159.8 158.67 157.9 148.91 146.4 164.24 159.93 153.77
0 0 0 0 0 0 0 0 0 0 0 0 0 0 0 0 0 0 0 0 0 0 0 0 0 0 0 0 0 0 0 0 0 0 0 0 0 0 0 0 0 0 0 118.19 108.39 184.8 184.32 178.97 157.03 200.96 117.91 186.67 176.72 167.59 177.09 109.37 126.3 186.84 185.56 184.64 179.11 167.36 190.48 186.43 180.21
0 0 0 0 0 0 0 0 0 0 0 0 0 0 0 0 0 0 0 0 0 0 0 0 0 0 0 0 0 0 0 0 0 0 0 0 0 0 0 0 0 0 0 0 65.328 137.29 135.83 129.9 104.82 155.35 18.645 139.22 129.35 129.84 129.57 58.432 64.175 138.73 136.85 136.65 129.81 129.16 142.81 138.46 131.24
0 0 0 0 0 0 0 0 0 0 0 0 0 0 0 0 0 0 0 0 0 0 0 0 0 0 0 0 0 0 0 0 0 0 0 0 0 0 0 0 0 0 0 0 0 185.54 184.96 179.68 157.76 201.79 63.912 187.41 177.68 169.07 177.82 28.214 121.79 187.77 186.22 185.42 178.93 168.42 191.12 187.14 181.07
0 0 0 0 0 0 0 0 0 0 0 0 0 0 0 0 0 0 0 0 0 0 0 0 0 0 0 0 0 0 0 0 0 0 0 0 0 0 0 0 0 0 0 0 0 0 13.078 24.071 47.175 23.492 139.52 22.661 23.854 25.839 25.376 180.65 77.378 21.579 22.444 21.256 24.288 24.452 22.12 21.989 22.632
0 0 0 0 0 0 0 0 0 0 0 0 0 0 0 0 0 0 0 0 0 0 0 0 0 0 0 0 0 0 0 0 0 0 0 0 0 0 0 0 0 0 0 0 0 0 0 19.026 48.724 21.464 138.34 17.705 18.822 24.988 20.26 180.09 76.487 16.704 17.504 16.406 19.231 24.391 17.203 17.25 17.84
0 0 0 0 0 0 0 0 0 0 0 0 0 0 0 0 0 0 0 0 0 0 0 0 0 0 0 0 0 0 0 0 0 0 0 0 0 0 0 0 0 0 0 0 0 0 0 0 47.684 27.086 133.15 13.671 14.801 20.902 13.441 174.64 76.215 15.055 14.242 14.604 13.365 20.604 18.764 13.164 12.248
0 0 0 0 0 0 0 0 0 0 0 0 0 0 0 0 0 0 0 0 0 0 0 0 0 0 0 0 0 0 0 0 0 0 0 0 0 0 0 0 0 0 0 0 0 0 0 0 0 59.068 106.98 46.611 52.498 47.605 48.029 152.13 43.339 47.103 46.508 47.961 51.994 53.2 46.857 46.959 48.858
0 0 0 0 0 0 0 0 0 0 0 0 0 0 0 0 0 0 0 0 0 0 0 0 0 0 0 0 0 0 0 0 0 0 0 0 0 0 0 0 0 0 0 0 0 0 0 0 0 0 157.89 18.313 27.364 41.049 27.839 196.95 97.074 20.343 21.005 20.435 27.283 39.109 14.774 19.492 25.276
0 0 0 0 0 0 0 0 0 0 0 0 0 0 0 0 0 0 0 0 0 0 0 0 0 0 0 0 0 0 0 0 0 0 0 0 0 0 0 0 0 0 0 0 0 0 0 0 0 0 0 141.64 132.69 132.52 132.76 57.056 66.436 141.7 139.41 138.75 133.04 132.46 145.62 141.23 134.08
0 0 0 0 0 0 0 0 0 0 0 0 0 0 0 0 0 0 0 0 0 0 0 0 0 0 0 0 0 0 0 0 0 0 0 0 0 0 0 0 0 0 0 0 0 0 0 0 0 0 0 0 15.207 27.941 13.662 182.62 79.592 11.888 13.911 13.34 13.353 27.302 12.867 12.757 15.264
0 0 0 0 0 0 0 0 0 0 0 0 0 0 0 0 0 0 0 0 0 0 0 0 0 0 0 0 0 0 0 0 0 0 0 0 0 0 0 0 0 0 0 0 0 0 0 0 0 0 0 0 0 20.119 11.822 172.1 76.45 12.532 13.496 12.967 12.296 20.277 16.124 14.11 13.002
0 0 0 0 0 0 0 0 0 0 0 0 0 0 0 0 0 0 0 0 0 0 0 0 0 0 0 0 0 0 0 0 0 0 0 0 0 0 0 0 0 0 0 0 0 0 0 0 0 0 0 0 0 0 20.498 164.36 75.829 27.254 25.625 26.174 26.524 15.36 29.851 28.569 21.987
0 0 0 0 0 0 0 0 0 0 0 0 0 0 0 0 0 0 0 0 0 0 0 0 0 0 0 0 0 0 0 0 0 0 0 0 0 0 0 0 0 0 0 0 0 0 0 0 0 0 0 0 0 0 0 172.86 76.267 13.275 14.673 14.238 14.26 20.195 16.911 13.526 12.827
0 0 0 0 0 0 0 0 0 0 0 0 0 0 0 0 0 0 0 0 0 0 0 0 0 0 0 0 0 0 0 0 0 0 0 0 0 0 0 0 0 0 0 0 0 0 0 0 0 0 0 0 0 0 0 0 116.06 182.26 180.91 180.52 172.55 163.83 185.9 182.35 175.86
0 0 0 0 0 0 0 0 0 0 0 0 0 0 0 0 0 0 0 0 0 0 0 0 0 0 0 0 0 0 0 0 0 0 0 0 0 0 0 0 0 0 0 0 0 0 0 0 0 0 0 0 0 0 0 0 0 79.638 77.592 76.732 75.951 75.863 83.931 78.996 74.074
0 0 0 0 0 0 0 0 0 0 0 0 0 0 0 0 0 0 0 0 0 0 0 0 0 0 0 0 0 0 0 0 0 0 0 0 0 0 0 0 0 0 0 0 0 0 0 0 0 0 0 0 0 0 0 0 0 0 12.334 13.293 14.864 26.189 11.499 11.66 11.13
0 0 0 0 0 0 0 0 0 0 0 0 0 0 0 0 0 0 0 0 0 0 0 0 0 0 0 0 0 0 0 0 0 0 0 0 0 0 0 0 0 0 0 0 0 0 0 0 0 0 0 0 0 0 0 0 0 0 0 13.396 13.469 26.964 15.04 14.186 15.672
0 0 0 0 0 0 0 0 0 0 0 0 0 0 0 0 0 0 0 0 0 0 0 0 0 0 0 0 0 0 0 0 0 0 0 0 0 0 0 0 0 0 0 0 0 0 0 0 0 0 0 0 0 0 0 0 0 0 0 0 12.824 26.174 13.614 12.649 11.662
0 0 0 0 0 0 0 0 0 0 0 0 0 0 0 0 0 0 0 0 0 0 0 0 0 0 0 0 0 0 0 0 0 0 0 0 0 0 0 0 0 0 0 0 0 0 0 0 0 0 0 0 0 0 0 0 0 0 0 0 0 24.479 16.241 12.862 12.824
0 0 0 0 0 0 0 0 0 0 0 0 0 0 0 0 0 0 0 0 0 0 0 0 0 0 0 0 0 0 0 0 0 0 0 0 0 0 0 0 0 0 0 0 0 0 0 0 0 0 0 0 0 0 0 0 0 0 0 0 0 0 31.135 27.67 20.52
0 0 0 0 0 0 0 0 0 0 0 0 0 0 0 0 0 0 0 0 0 0 0 0 0 0 0 0 0 0 0 0 0 0 0 0 0 0 0 0 0 0 0 0 0 0 0 0 0 0 0 0 0 0 0 0 0 0 0 0 0 0 0 11.944 14.777
0 0 0 0 0 0 0 0 0 0 0 0 0 0 0 0 0 0 0 0 0 0 0 0 0 0 0 0 0 0 0 0 0 0 0 0 0 0 0 0 0 0 0 0 0 0 0 0 0 0 0 0 0 0 0 0 0 0 0 0 0 0 0 0 13.946
0 0 0 0 0 0 0 0 0 0 0 0 0 0 0 0 0 0 0 0 0 0 0 0 0 0 0 0 0 0 0 0 0 0 0 0 0 0 0 0 0 0 0 0 0 0 0 0 0 0 0 0 0 0 0 0 0 0 0 0 0 0 0 0 0
