0 14.528 14.5 14.956 24.926 9.3955 14.064 26.511 15.35 49.706 20.424 12.902 10.572 15.368 15.858 25.585 82.575 15.388 43.396 14.963 13.226
0 0 14.483 15.729 31.776 15.331 20.783 31.226 14.413 42.951 26.942 19.283 15.029 14.223 12.455 31.337 82.378 24.897 42.267 15.845 17.331
0 0 0 11.47 23.985 19.19 16.283 24.9 15.045 50.89 18.524 20.391 15.642 10.707 10.915 25.203 82.575 29.805 43.944 14.289 16.221
0 0 0 0 19.871 19.66 16.817 21.065 13.893 55.684 17.164 20.938 15.827 14.068 14.318 23.493 82.59 30.344 43.86 13.458 16.652
0 0 0 0 0 25.338 13.369 15.36 27.97 73.517 13.931 34.103 21.174 21.394 29.423 14.097 82.632 25.065 46.918 22.842 28.559
0 0 0 0 0 0 14.987 26.193 14.152 50.633 20.604 13.147 13.341 16.875 20.73 26.4 82.567 12.501 43.114 16.875 14.506
0 0 0 0 0 0 0 18.996 16.563 62.036 11.944 22.77 11.378 15.032 18.058 19.598 82.583 14.473 45.086 14.309 20.053
0 0 0 0 0 0 0 0 28.746 72.733 19.565 33.779 22.59 25.481 29.955 13.025 82.604 32.462 48.81 24.211 35.316
0 0 0 0 0 0 0 0 0 46.215 23.143 13.282 11.365 15.548 15.873 28.4 81.386 20.949 43.534 13.739 14
0 0 0 0 0 0 0 0 0 0 67.288 40.126 54.458 53.702 44.786 70.972 82.672 49.729 79.373 52.076 58.248
0 0 0 0 0 0 0 0 0 0 0 28.745 17.107 17.837 24.122 16.489 82.477 20.155 46.553 19.035 26.845
0 0 0 0 0 0 0 0 0 0 0 0 17.541 19.374 21.45 30.852 82.365 14.455 41.35 19.932 21.064
0 0 0 0 0 0 0 0 0 0 0 0 0 14.954 15.355 24.34 82.457 18.954 43.868 15.729 15.391
0 0 0 0 0 0 0 0 0 0 0 0 0 0 14.344 25.366 82.425 27.856 44.173 14.342 18.905
0 0 0 0 0 0 0 0 0 0 0 0 0 0 0 28.893 82.523 31.235 49.45 11.449 17.765
0 0 0 0 0 0 0 0 0 0 0 0 0 0 0 0 83.307 28.605 50.149 24.359 36.303
0 0 0 0 0 0 0 0 0 0 0 0 0 0 0 0 0 82.278 112.02 82.604 82.471
0 0 0 0 0 0 0 0 0 0 0 0 0 0 0 0 0 0 43.568 27.856 15.841
0 0 0 0 0 0 0 0 0 0 0 0 0 0 0 0 0 0 0 43.536 42.89
0 0 0 0 0 0 0 0 0 0 0 0 0 0 0 0 0 0 0 0 14.068
0 0 0 0 0 0 0 0 0 0 0 0 0 0 0 0 0 0 0 0 0
