0 14.176 11.278 69.951 63.23 49.332 9.9784 15.407 12.083 10.503 10.708 10.039 13.51 12.897 55.757 77.221 64.532 11.085 12.562 30.038 11.662 11.188 13.747 36.064 64.662 77.515 9.6172 13.931 9.7854 12.057 9.7021 11.662 19.345 11.676 11.174 69.117 14.387 14.947
0 0 19.515 69.687 64.413 55.227 10.968 19.545 10.31 14.999 14.479 15.469 21.098 16.25 56.511 77.517 64.729 11.522 14.79 32.648 14.077 12.691 13.05 39.799 65.046 78.073 12.446 11.305 12.6 19.347 13.854 15.322 19.533 12.159 13.42 69.163 14.999 15.933
0 0 0 69.287 63.334 49.276 10.13 13.266 13.701 9.9911 9.2351 11.833 11.661 14.187 55.993 80.43 66.693 10.722 13.541 29.936 13.056 9.6112 13.424 35.99 64.547 79.477 11.388 14.329 9.5126 10.674 8.9641 13.223 19.737 12.764 10.715 71.773 13.183 12.525
0 0 0 0 14.219 26.194 69.834 70 69.687 69.89 69.834 69.335 69.07 69.687 18.884 17.774 35.982 69.759 69.456 43.969 70.146 69.628 69.671 38.479 11.945 14.305 69.619 69.687 69.895 69.22 69.038 69.586 87.467 69.647 69.542 15.893 69.712 70.203
0 0 0 0 0 18.146 63.23 63.891 64.413 63.127 63.185 63.546 62.988 62.845 12.55 27.394 36.125 63.544 62.925 37.286 63.55 63.376 62.787 31.195 12.057 23.065 63.294 64.413 63.355 63.73 61.636 62.614 81.946 63.431 62.707 19.312 63.441 63.716
0 0 0 0 0 0 49.331 54.395 48.742 48.377 54.536 54.621 55.154 49.674 12.065 40.466 40.455 52.423 52.893 23.01 52.165 55.071 52.866 16.606 17.34 38.453 54.103 55.012 54.587 54.398 50.009 52.921 65.772 50.811 53.152 32.135 54.54 54.374
0 0 0 0 0 0 0 12.037 10.245 11.241 12.662 11.495 11.244 12.008 55.757 77.304 64.67 9.9478 11.731 29.55 10.465 10.191 9.9447 35.969 64.667 77.586 11.934 9.2604 10.348 11.982 9.2978 12.037 18.881 11.639 8.0582 69.05 8.3622 15.054
0 0 0 0 0 0 0 0 12.925 12.772 16.373 13.07 11.691 11.936 56.216 76.869 64.672 13.149 12.713 32.229 13.04 11.584 10.178 38.753 64.003 78.208 11.582 11.09 13.166 13.407 10.388 11.58 19.802 13.051 9.7065 68.701 13.355 15.21
0 0 0 0 0 0 0 0 0 10.876 14.394 11.906 10.799 10.312 56.511 77.357 64.004 8.3713 10.512 28.59 10.95 11.59 12.033 34.902 64.628 78.162 10.03 9.5294 9.0155 13.726 10.804 10.924 19.403 12.724 10.876 69.41 8.9961 14.388
0 0 0 0 0 0 0 0 0 0 13.467 11.252 11.115 11.409 55.821 80.168 66.821 10.353 11.281 28.62 10.465 10.946 13.321 34.912 64.286 79.073 10.457 10.911 10.35 12.347 10.137 11.101 19.582 11.139 9.9025 71.287 11.691 13.43
0 0 0 0 0 0 0 0 0 0 0 10.296 14.613 15.307 55.718 77.221 64.22 13.068 16.337 32.02 12.55 11.242 14.412 39.532 64.611 78.615 14.41 15.941 11.966 11.606 10.509 11.511 19.003 13.035 12.251 69.064 14.87 14.633
0 0 0 0 0 0 0 0 0 0 0 0 14.26 15.842 56.035 80.438 66.519 10.887 15.411 32.057 12.007 7.8473 13.521 38.293 64.545 79.015 13.088 13.797 10.326 10.171 11.553 10.616 19.601 11.059 11.667 71.66 12.557 12.455
0 0 0 0 0 0 0 0 0 0 0 0 0 11.782 55.674 77.223 64.906 11.277 10.245 32.561 10.179 10.805 12.134 39.592 63.821 78.299 11.691 11.96 10.498 12.48 11.711 9.2737 20.374 12.39 14.134 68.762 9.5892 17.723
0 0 0 0 0 0 0 0 0 0 0 0 0 0 55.589 77.63 64.557 9.9805 11.568 30.283 13.084 14.336 11.27 36.254 63.928 78.131 10.762 11.612 12.169 15.431 13.171 12.513 20.014 10.818 11.234 68.746 11.323 16.471
0 0 0 0 0 0 0 0 0 0 0 0 0 0 0 34.973 39.55 56.541 55.654 29.655 56.033 56.028 55.378 24.401 12.777 28.581 55.685 56.511 56.186 55.879 54.426 55.232 74.374 56.246 55.677 25.565 55.815 56.315
0 0 0 0 0 0 0 0 0 0 0 0 0 0 0 0 41.299 77.194 76.974 56.068 79.9 78.325 77.406 51.573 27.046 15.419 77.204 77.012 80.201 80.75 79.949 80.15 92.517 80.711 77.648 15.288 76.834 80.361
0 0 0 0 0 0 0 0 0 0 0 0 0 0 0 0 0 64.669 63.079 48.17 66.459 64.466 62.837 46.277 38.845 31.034 64.865 64.584 66.523 67.915 66.173 64.297 82.365 66.096 63.426 34.108 64.787 66.289
0 0 0 0 0 0 0 0 0 0 0 0 0 0 0 0 0 0 9.7425 30.519 9.9622 11.825 10.745 37.708 64.241 78.092 8.577 10.392 9.0423 13.039 10.174 7.509 20.142 9.8224 7.9983 69.41 11.597 12.815
0 0 0 0 0 0 0 0 0 0 0 0 0 0 0 0 0 0 0 30.492 12.781 13.322 11.939 37.165 63.755 78.356 9.5911 12.066 8.6769 15.414 13.148 11.614 19.951 10.2 9.3846 68.952 11.13 16.076
0 0 0 0 0 0 0 0 0 0 0 0 0 0 0 0 0 0 0 0 30.041 32.513 30.324 9.5865 36.581 55.275 32.033 32.881 31.928 31.862 27.387 30.477 47.098 30.194 30.767 47.721 32.448 31.973
0 0 0 0 0 0 0 0 0 0 0 0 0 0 0 0 0 0 0 0 0 11.615 13.922 37.319 64.333 79.531 10.757 12.519 8.8816 10.947 8.6674 11.429 19.342 9.0582 8.6128 71.224 10.291 11.608
0 0 0 0 0 0 0 0 0 0 0 0 0 0 0 0 0 0 0 0 0 0 11.67 39.47 64.393 79.326 9.6852 11.834 10.695 11.1 7.9303 12.708 19.826 10.23 7.9124 69.654 13.235 15.339
0 0 0 0 0 0 0 0 0 0 0 0 0 0 0 0 0 0 0 0 0 0 0 36.8 63.065 78.035 9.9447 12.837 10.46 13.815 11.386 12.033 20.714 11.893 8.902 69.279 11.86 17.389
0 0 0 0 0 0 0 0 0 0 0 0 0 0 0 0 0 0 0 0 0 0 0 0 30.245 50.1 39.265 38.907 39.348 39.213 34.03 36.69 52.617 36.177 37.554 43.24 40.006 39.439
0 0 0 0 0 0 0 0 0 0 0 0 0 0 0 0 0 0 0 0 0 0 0 0 0 24.024 63.859 64.654 64.3 64.699 62.189 63.068 81.459 64.263 63.45 19.171 64.493 65.15
0 0 0 0 0 0 0 0 0 0 0 0 0 0 0 0 0 0 0 0 0 0 0 0 0 0 78.436 77.883 79.367 79.358 79.147 79.709 94.744 79.073 78.551 15.211 78.208 79.622
0 0 0 0 0 0 0 0 0 0 0 0 0 0 0 0 0 0 0 0 0 0 0 0 0 0 0 10.912 8.8869 11.67 10.503 9.0782 19.728 12.588 7.0231 68.767 10.183 13.391
0 0 0 0 0 0 0 0 0 0 0 0 0 0 0 0 0 0 0 0 0 0 0 0 0 0 0 0 12.14 14.414 12.332 12.18 20.441 12.347 10.876 68.746 11.416 17.681
0 0 0 0 0 0 0 0 0 0 0 0 0 0 0 0 0 0 0 0 0 0 0 0 0 0 0 0 0 11.058 10.806 10.649 19.739 9.2107 9.1347 71.544 11.41 12.215
0 0 0 0 0 0 0 0 0 0 0 0 0 0 0 0 0 0 0 0 0 0 0 0 0 0 0 0 0 0 9.4013 11.703 19.453 11.214 12.58 71.959 12.594 11.08
0 0 0 0 0 0 0 0 0 0 0 0 0 0 0 0 0 0 0 0 0 0 0 0 0 0 0 0 0 0 0 11.928 22.055 11.14 8.8977 71.256 13.131 15.813
0 0 0 0 0 0 0 0 0 0 0 0 0 0 0 0 0 0 0 0 0 0 0 0 0 0 0 0 0 0 0 0 21.469 11.797 11.443 71.148 13.517 14.069
0 0 0 0 0 0 0 0 0 0 0 0 0 0 0 0 0 0 0 0 0 0 0 0 0 0 0 0 0 0 0 0 0 20.078 20.53 86.49 19.642 18.434
0 0 0 0 0 0 0 0 0 0 0 0 0 0 0 0 0 0 0 0 0 0 0 0 0 0 0 0 0 0 0 0 0 0 8.7946 71.89 11.212 12.705
0 0 0 0 0 0 0 0 0 0 0 0 0 0 0 0 0 0 0 0 0 0 0 0 0 0 0 0 0 0 0 0 0 0 0 69.082 13.253 16.166
0 0 0 0 0 0 0 0 0 0 0 0 0 0 0 0 0 0 0 0 0 0 0 0 0 0 0 0 0 0 0 0 0 0 0 0 68.763 71.508
0 0 0 0 0 0 0 0 0 0 0 0 0 0 0 0 0 0 0 0 0 0 0 0 0 0 0 0 0 0 0 0 0 0 0 0 0 13.503
0 0 0 0 0 0 0 0 0 0 0 0 0 0 0 0 0 0 0 0 0 0 0 0 0 0 0 0 0 0 0 0 0 0 0 0 0 0
