0 22.332 14.417 25.739 32.22 26.085 46.447 14.733 14.222 55.193 59.116 61.62 48.618
0 0 15.026 25.039 31.042 28.249 45.151 16.454 28.249 54.925 59.087 60.687 47.458
0 0 0 23.969 29.648 23.672 43.942 14.063 14.613 54.091 58.212 58.917 47.523
0 0 0 0 15.581 14.659 28.949 15.335 28.471 40.107 48.282 40.473 33.292
0 0 0 0 0 14.476 21.462 23.734 34.467 34.433 46.125 40.134 29.777
0 0 0 0 0 0 28.541 16.5 29.095 40.062 48.425 40.043 34.618
0 0 0 0 0 0 0 38.776 47.726 33.341 31.384 35.76 22.58
0 0 0 0 0 0 0 0 17.804 49.178 54.813 50.577 42.845
0 0 0 0 0 0 0 0 0 56.646 60.239 64.293 49.801
0 0 0 0 0 0 0 0 0 0 34.595 33.378 41.758
0 0 0 0 0 0 0 0 0 0 0 40.751 25.563
0 0 0 0 0 0 0 0 0 0 0 0 39.812
0 0 0 0 0 0 0 0 0 0 0 0 0
