0 22.387 156.58 37.588 196.87 45.956 27.723 158.75 30.211 152.54 157.08 136.78 51.488 179.14 37.615 27.955 187.52 26.623 68.556 28.145 158.57 51.939 149.88
0 0 136.29 36.279 179.67 47.978 30.359 138.59 25.314 134.45 137.61 120.36 57.277 161.48 34.636 25.338 169.09 29.301 63.184 29.901 138.64 60.532 131.48
0 0 0 155.91 55.112 172.52 150.97 17.011 128.9 23.165 14.566 20.478 156.53 32.25 155.36 156.46 34.813 140.54 196.94 147.65 27.755 196.74 28.408
0 0 0 0 190.88 74.866 35.557 159.03 51.756 151.86 156.25 136.1 83.671 176.11 17.672 35.942 187.93 34.736 91.676 33.988 158.04 83.923 149.26
0 0 0 0 0 217.97 192.84 52.319 177.54 59.394 55.092 73.85 207.29 25.03 191.13 192.73 24.575 183.84 239.04 190.12 53.829 239.37 61.946
0 0 0 0 0 0 54.865 175.47 46.028 170.58 173.84 156.65 33.264 199.24 75.052 48.783 205.91 52.665 25.627 54.629 175.08 25.394 167.53
0 0 0 0 0 0 0 153.41 46.94 147.65 152.26 131.89 56.777 175.03 35.329 25.167 183.15 28.432 69.744 12.09 153.47 56.823 144.88
0 0 0 0 0 0 0 0 132.22 26.209 15.061 25.678 160.81 30.713 159.25 158.78 30.788 142.8 199.21 150.16 29.676 198.95 29.265
0 0 0 0 0 0 0 0 0 126.31 130.2 111.22 35.694 157.34 51.921 33.356 162.77 44.995 68.784 45.656 131.51 68.151 123.22
0 0 0 0 0 0 0 0 0 0 21.959 25.36 152.37 36.585 151.21 152.3 38.597 138.63 194.02 144.78 17.804 193.68 16.982
0 0 0 0 0 0 0 0 0 0 0 21.575 157.04 32.269 155.85 156.71 34.076 141.85 198.3 148.96 28.452 198.04 29.144
0 0 0 0 0 0 0 0 0 0 0 0 136.59 51.413 135.43 136.52 54.275 123.18 178.25 129.06 29.227 177.97 29.301
0 0 0 0 0 0 0 0 0 0 0 0 0 186.83 83.802 55.602 190.68 54.541 43.841 56.866 158.6 46.331 149.79
0 0 0 0 0 0 0 0 0 0 0 0 0 0 176.42 175 20.15 165.81 220.98 172.42 30.528 220.93 39.393
0 0 0 0 0 0 0 0 0 0 0 0 0 0 0 35.715 187.94 34.966 91.719 34.299 157.58 83.871 148.82
0 0 0 0 0 0 0 0 0 0 0 0 0 0 0 0 186.81 24.261 70.015 22.675 158.62 53.918 149.63
0 0 0 0 0 0 0 0 0 0 0 0 0 0 0 0 0 173.27 229.35 180.2 32.189 229.35 40.944
0 0 0 0 0 0 0 0 0 0 0 0 0 0 0 0 0 0 61.356 28.931 142.77 56.444 135.56
0 0 0 0 0 0 0 0 0 0 0 0 0 0 0 0 0 0 0 70.797 199.2 17.977 191.25
0 0 0 0 0 0 0 0 0 0 0 0 0 0 0 0 0 0 0 0 150.11 56.831 142
0 0 0 0 0 0 0 0 0 0 0 0 0 0 0 0 0 0 0 0 0 198.99 12.579
0 0 0 0 0 0 0 0 0 0 0 0 0 0 0 0 0 0 0 0 0 0 190.9
0 0 0 0 0 0 0 0 0 0 0 0 0 0 0 0 0 0 0 0 0 0 0
