0 16.032 26.098 26.59 13.708 14.827 14.38 17.8 13.526 26.291 14.454 24.711 16.412 18.361 23.004 29.724 14.052 20.162 14.418 17.732 20.156 18.533 13.708 19.338 15.423 15.336 16.792 17.062 13.591 25.311 14.032 16.973
0 0 24.805 25.895 14.611 15.725 13.357 13.681 13.647 24.997 12.545 17.235 9.8251 13.141 15.515 28.736 13.368 18.641 13.587 13.806 14.563 19.656 15.317 21.698 15.818 13.309 14.151 17.836 14.557 19.573 15.41 13.864
0 0 0 14.856 24.672 19.311 26.399 27.096 24.736 16.832 26.512 25.133 25.849 27.483 25.431 15.912 25.837 18.672 26.634 27.484 27.949 39.893 26.63 42.226 31.998 28.487 19.525 21.001 26.52 19.564 27.163 26.444
0 0 0 0 25.803 19.052 25.955 27.159 26.072 14.179 26.728 25.285 26.165 26.286 25.159 14.608 26.177 15.423 27.159 26.94 26.273 36.938 27.708 38 29.958 26.877 18.216 18.366 25.578 19.593 27.49 26.774
0 0 0 0 0 14.03 12.397 11.729 12.381 24.685 13.929 16.935 14.621 14.982 14.475 28.379 14.131 18.388 13.602 11.979 26.064 20.657 11.504 19.446 16.336 13.717 14.614 14.066 12.491 17.28 13.054 13.509
0 0 0 0 0 0 15.8 18.6 15.134 15.117 14.329 16.753 15.303 16.899 14.135 20.762 15.725 9.7873 14.408 15.952 19.098 30.919 13.93 29.587 24.662 16.064 11.424 12.288 15.299 21.522 17.87 14.836
0 0 0 0 0 0 0 13.398 13.919 26.288 13.57 16.662 14.333 13.712 15.085 29.945 14.285 19.297 13.207 13.11 25.406 20.533 14.154 19.109 16.336 13.344 15.976 15.847 11.615 21.221 11.627 12.705
0 0 0 0 0 0 0 0 11.305 26.879 13.466 15.107 13.708 13.497 14.253 29.422 14.17 20.22 13.358 13.311 26.176 20.816 12.05 18.117 15.514 11.263 16.096 16.886 11.14 22.726 10.409 12.459
0 0 0 0 0 0 0 0 0 24.514 13.708 16.169 13.708 13.712 14.999 28.726 13.578 18.464 13.113 11.807 26.273 20.533 11.602 20.689 15.126 13.361 14.412 15.912 12.445 20.15 11.197 12.157
0 0 0 0 0 0 0 0 0 0 26.445 24.506 25.722 26.55 25.666 13.708 26.168 13.063 26.468 27.61 26.273 40.126 26.797 42.27 31.071 27.49 16.184 14.992 25.991 19.775 26.841 26.76
0 0 0 0 0 0 0 0 0 0 0 16.487 10.693 12.955 14.796 29.625 13.796 18.48 12.441 13.466 13.793 18.873 14.743 19.304 15.818 12.441 14.333 13.596 15.147 22.727 15.969 14.333
0 0 0 0 0 0 0 0 0 0 0 0 15.684 12.586 12.617 29.089 15.978 19.231 15.958 16.257 16.894 18.267 16.169 19.891 17.32 16.07 16.021 18.213 15.616 17.384 15.881 16.092
0 0 0 0 0 0 0 0 0 0 0 0 0 11.268 14.138 28.773 12.367 19.552 13.149 13.466 13.053 17.885 14.831 18.913 15.355 11.163 15.821 16.703 14.02 22.625 14.904 14.333
0 0 0 0 0 0 0 0 0 0 0 0 0 0 11.122 29.589 14.75 20.962 13.144 12.856 19.134 18.08 13.897 17.933 15.818 14.277 16.15 19.153 13.929 22.612 15.403 13.602
0 0 0 0 0 0 0 0 0 0 0 0 0 0 0 28.489 15.796 21.045 14.135 14.979 14.942 19.96 14.792 19.854 16.87 15.232 15.083 15.525 15.132 17.387 15.515 15.324
0 0 0 0 0 0 0 0 0 0 0 0 0 0 0 0 29.25 16.38 30.693 30.551 28.773 40.986 29.995 43.102 33.315 31.247 20.329 20.976 29.467 20.474 30.251 29.879
0 0 0 0 0 0 0 0 0 0 0 0 0 0 0 0 0 18.641 13.304 12.445 18.61 19.848 13.897 18.313 16.108 14.234 13.97 15.839 14.317 23.283 14.61 13.541
0 0 0 0 0 0 0 0 0 0 0 0 0 0 0 0 0 0 20.636 20.555 23.808 34.553 18.611 34.41 24.773 21.141 14.033 11.632 19.711 21.17 20.501 19.87
0 0 0 0 0 0 0 0 0 0 0 0 0 0 0 0 0 0 0 11.575 16.894 19.356 13.165 17.722 15.818 12.374 15.302 14.335 13.378 22.625 13.314 13.386
0 0 0 0 0 0 0 0 0 0 0 0 0 0 0 0 0 0 0 0 26.176 18.669 13.147 18.174 15.033 11.263 15.67 16.23 12.491 22.64 11.344 12.459
0 0 0 0 0 0 0 0 0 0 0 0 0 0 0 0 0 0 0 0 0 19.763 26.064 23.847 24.259 16.832 26.55 23.516 26.176 26.55 25.895 26.55
0 0 0 0 0 0 0 0 0 0 0 0 0 0 0 0 0 0 0 0 0 0 20.39 18.611 17.437 21.06 30.295 30.03 20.444 29.809 20.657 20.818
0 0 0 0 0 0 0 0 0 0 0 0 0 0 0 0 0 0 0 0 0 0 0 18.51 16.336 12.32 14.121 14.446 13.162 22.251 11.167 11.453
0 0 0 0 0 0 0 0 0 0 0 0 0 0 0 0 0 0 0 0 0 0 0 0 20.097 18.465 29.23 28.4 17.922 29.055 17.421 18.215
0 0 0 0 0 0 0 0 0 0 0 0 0 0 0 0 0 0 0 0 0 0 0 0 0 16.786 25.32 27.596 15.708 25.28 15.997 18.739
0 0 0 0 0 0 0 0 0 0 0 0 0 0 0 0 0 0 0 0 0 0 0 0 0 0 17.068 16.946 13.378 22.928 13.967 12.579
0 0 0 0 0 0 0 0 0 0 0 0 0 0 0 0 0 0 0 0 0 0 0 0 0 0 0 12.637 14.843 22.814 15.953 15.899
0 0 0 0 0 0 0 0 0 0 0 0 0 0 0 0 0 0 0 0 0 0 0 0 0 0 0 0 15.67 21.221 16.814 16.091
0 0 0 0 0 0 0 0 0 0 0 0 0 0 0 0 0 0 0 0 0 0 0 0 0 0 0 0 0 22.821 12.599 12.309
0 0 0 0 0 0 0 0 0 0 0 0 0 0 0 0 0 0 0 0 0 0 0 0 0 0 0 0 0 0 22.44 23.128
0 0 0 0 0 0 0 0 0 0 0 0 0 0 0 0 0 0 0 0 0 0 0 0 0 0 0 0 0 0 0 14.766
0 0 0 0 0 0 0 0 0 0 0 0 0 0 0 0 0 0 0 0 0 0 0 0 0 0 0 0 0 0 0 0
