0 16.032 26.098 35.034 26.59 13.708 14.827 14.38 17.8 13.526 26.291 14.454 24.711 16.412 18.361 23.004 39.922 29.724 43.965 14.052 20.162 14.418 53.139 17.732 20.156 18.533 27.838 13.708 27.196 19.338 15.423 35.641 264.08 15.336 16.792 17.062 13.591 25.311 28.111 14.032 16.973 40.415
0 0 24.805 34.503 25.895 14.611 15.725 13.357 13.681 13.647 24.997 12.545 17.235 9.8251 13.141 15.515 36.665 28.736 40.731 13.368 18.641 13.587 53.442 13.806 14.563 19.656 26.575 15.317 29.552 21.698 15.818 37.497 262.87 13.309 14.151 17.836 14.557 19.573 26.715 15.41 13.864 39.41
0 0 0 21.53 14.856 24.672 19.311 26.399 27.096 24.736 16.832 26.512 25.133 25.849 27.483 25.431 31.789 15.912 35.444 25.837 18.672 26.634 72.448 27.484 27.949 39.893 25.208 26.63 39.287 42.226 31.998 47.377 248.41 28.487 19.525 21.001 26.52 19.564 49.128 27.163 26.444 21.088
0 0 0 0 18.522 34.058 29.858 34.898 35.448 33.026 21.889 35.145 33.136 34.707 35.745 33.442 33.014 19.161 29.068 34.976 26.843 35.607 83.267 35.694 33.52 42.523 33.386 34.707 58.007 51.429 39.416 65.241 231.13 35.898 29.154 30.588 35.338 28.965 49.176 35.631 35.393 15.038
0 0 0 0 0 25.803 19.052 25.955 27.159 26.072 14.179 26.728 25.285 26.165 26.286 25.159 29.298 14.608 32.935 26.177 15.423 27.159 78.106 26.94 26.273 36.938 25.623 27.708 42.953 38 29.958 50.621 243.13 26.877 18.216 18.366 25.578 19.593 43.629 27.49 26.774 22.956
0 0 0 0 0 0 14.03 12.397 11.729 12.381 24.685 13.929 16.935 14.621 14.982 14.475 36.793 28.379 40.892 14.131 18.388 13.602 53.554 11.979 26.064 20.657 22.252 11.504 29.82 19.446 16.336 38.051 262.7 13.717 14.614 14.066 12.491 17.28 29.414 13.054 13.509 39.56
0 0 0 0 0 0 0 15.8 18.6 15.134 15.117 14.329 16.753 15.303 16.899 14.135 36.357 20.762 40.067 15.725 9.7873 14.408 61.047 15.952 19.098 30.919 26.033 13.93 32.481 29.587 24.662 40.333 257.24 16.064 11.424 12.288 15.299 21.522 40.183 17.87 14.836 30.254
0 0 0 0 0 0 0 0 13.398 13.919 26.288 13.57 16.662 14.333 13.712 15.085 39.315 29.945 42.714 14.285 19.297 13.207 52.772 13.11 25.406 20.533 26.033 14.154 28.792 19.109 16.336 36.778 264.12 13.344 15.976 15.847 11.615 21.221 28.237 11.627 12.705 41.088
0 0 0 0 0 0 0 0 0 11.305 26.879 13.466 15.107 13.708 13.497 14.253 40.672 29.422 44.383 14.17 20.22 13.358 52.441 13.311 26.176 20.816 28.154 12.05 26.93 18.117 15.514 35.523 264.46 11.263 16.096 16.886 11.14 22.726 28.12 10.409 12.459 41.295
0 0 0 0 0 0 0 0 0 0 24.514 13.708 16.169 13.708 13.712 14.999 37.372 28.726 41.163 13.578 18.464 13.113 53.73 11.807 26.273 20.533 22.763 11.602 29.365 20.689 15.126 37.826 262.63 13.361 14.412 15.912 12.445 20.15 28.661 11.197 12.157 39.529
0 0 0 0 0 0 0 0 0 0 0 26.445 24.506 25.722 26.55 25.666 31.96 13.708 36.051 26.168 13.063 26.468 72.108 27.61 26.273 40.126 25.485 26.797 38.718 42.27 31.071 46.964 248.51 27.49 16.184 14.992 25.991 19.775 49.223 26.841 26.76 21.382
0 0 0 0 0 0 0 0 0 0 0 0 16.487 10.693 12.955 14.796 39.874 29.625 43.457 13.796 18.48 12.441 52.521 13.466 13.793 18.873 28.019 14.743 27.196 19.304 15.818 35.542 264.1 12.441 14.333 13.596 15.147 22.727 29.521 15.969 14.333 41.401
0 0 0 0 0 0 0 0 0 0 0 0 0 15.684 12.586 12.617 37.162 29.089 40.544 15.978 19.231 15.958 53.47 16.257 16.894 18.267 21.976 16.169 29.633 19.891 17.32 38.134 262.87 16.07 16.021 18.213 15.616 17.384 27.279 15.881 16.092 39.863
0 0 0 0 0 0 0 0 0 0 0 0 0 0 11.268 14.138 39.793 28.773 43.308 12.367 19.552 13.149 53.547 13.466 13.053 17.885 28.019 14.831 27.563 18.913 15.355 36.173 263.81 11.163 15.821 16.703 14.02 22.625 29.526 14.904 14.333 40.445
0 0 0 0 0 0 0 0 0 0 0 0 0 0 0 11.122 40.104 29.589 43.455 14.75 20.962 13.144 52.991 12.856 19.134 18.08 26.742 13.897 27.399 17.933 15.818 35.261 264.28 14.277 16.15 19.153 13.929 22.612 27.423 15.403 13.602 41.159
0 0 0 0 0 0 0 0 0 0 0 0 0 0 0 0 37.011 28.489 40.561 15.796 21.045 14.135 53.376 14.979 14.942 19.96 27.08 14.792 29.259 19.854 16.87 38.03 262.68 15.232 15.083 15.525 15.132 17.387 30.289 15.515 15.324 40.071
0 0 0 0 0 0 0 0 0 0 0 0 0 0 0 0 0 29.393 37.939 40.104 34.656 40.448 62.062 40.424 36.687 44.297 36.687 38.974 51.472 48.722 41.766 64.047 262.76 40.135 36.66 36.366 39.709 36.332 29.218 41.56 39.984 40.335
0 0 0 0 0 0 0 0 0 0 0 0 0 0 0 0 0 0 32.24 29.25 16.38 30.693 80.047 30.551 28.773 40.986 28.361 29.995 44.538 43.102 33.315 51.442 242.58 31.247 20.329 20.976 29.467 20.474 49.969 30.251 29.879 17.596
0 0 0 0 0 0 0 0 0 0 0 0 0 0 0 0 0 0 0 43.455 38.341 43.673 66.736 43.995 40.76 47.877 41.178 43.117 57.116 52.95 45.209 68.768 256.12 44.674 39.897 40.448 43.398 39.899 41.087 44.467 43.672 28.911
0 0 0 0 0 0 0 0 0 0 0 0 0 0 0 0 0 0 0 0 18.641 13.304 53.352 12.445 18.61 19.848 27.108 13.897 27.302 18.313 16.108 35.542 264.08 14.234 13.97 15.839 14.317 23.283 29.306 14.61 13.541 40
0 0 0 0 0 0 0 0 0 0 0 0 0 0 0 0 0 0 0 0 0 20.636 65.353 20.555 23.808 34.553 29.369 18.611 35.244 34.41 24.773 42.847 253.91 21.141 14.033 11.632 19.711 21.17 44.641 20.501 19.87 27.102
0 0 0 0 0 0 0 0 0 0 0 0 0 0 0 0 0 0 0 0 0 0 52.441 11.575 16.894 19.356 27.511 13.165 28.497 17.722 15.818 35.703 264.53 12.374 15.302 14.335 13.378 22.625 29.501 13.314 13.386 42.195
0 0 0 0 0 0 0 0 0 0 0 0 0 0 0 0 0 0 0 0 0 0 0 52.082 53.554 42.561 53.908 53.097 54.165 40.827 48.948 39.642 307.22 51.708 61.19 60.62 53.149 61.726 51.32 52.241 52.845 87.536
0 0 0 0 0 0 0 0 0 0 0 0 0 0 0 0 0 0 0 0 0 0 0 0 26.176 18.669 27.116 13.147 26.422 18.174 15.033 34.728 265.09 11.263 15.67 16.23 12.491 22.64 27.631 11.344 12.459 41.794
0 0 0 0 0 0 0 0 0 0 0 0 0 0 0 0 0 0 0 0 0 0 0 0 0 19.763 38.741 26.064 29.611 23.847 24.259 37.85 262.53 16.832 26.55 23.516 26.176 26.55 34.468 25.895 26.55 40.245
0 0 0 0 0 0 0 0 0 0 0 0 0 0 0 0 0 0 0 0 0 0 0 0 0 0 28.8 20.39 23.079 18.611 17.437 29.521 272.95 21.06 30.295 30.03 20.444 29.809 25.892 20.657 20.818 53.458
0 0 0 0 0 0 0 0 0 0 0 0 0 0 0 0 0 0 0 0 0 0 0 0 0 0 0 25.573 29.835 31.28 27.663 38.639 262.71 27.352 25.295 27.08 27.4 25.587 29.058 26.944 27.146 39.72
0 0 0 0 0 0 0 0 0 0 0 0 0 0 0 0 0 0 0 0 0 0 0 0 0 0 0 0 27.497 18.51 16.336 35.782 263.99 12.32 14.121 14.446 13.162 22.251 28.795 11.167 11.453 41.058
0 0 0 0 0 0 0 0 0 0 0 0 0 0 0 0 0 0 0 0 0 0 0 0 0 0 0 0 0 19.524 26.082 25.629 279.13 26.28 32.356 32.026 27.441 32.464 45.606 26.719 27.288 57.992
0 0 0 0 0 0 0 0 0 0 0 0 0 0 0 0 0 0 0 0 0 0 0 0 0 0 0 0 0 0 20.097 22.009 278.75 18.465 29.23 28.4 17.922 29.055 32.359 17.421 18.215 55.799
0 0 0 0 0 0 0 0 0 0 0 0 0 0 0 0 0 0 0 0 0 0 0 0 0 0 0 0 0 0 0 33.564 267.26 16.786 25.32 27.596 15.708 25.28 23.22 15.997 18.739 45.053
0 0 0 0 0 0 0 0 0 0 0 0 0 0 0 0 0 0 0 0 0 0 0 0 0 0 0 0 0 0 0 0 286.51 34.408 40.66 40.344 35.48 40.394 51.683 35.3 35.122 65.246
0 0 0 0 0 0 0 0 0 0 0 0 0 0 0 0 0 0 0 0 0 0 0 0 0 0 0 0 0 0 0 0 0 264.98 257.2 257.51 263.97 257.02 272.74 264.83 264.43 229.58
0 0 0 0 0 0 0 0 0 0 0 0 0 0 0 0 0 0 0 0 0 0 0 0 0 0 0 0 0 0 0 0 0 0 17.068 16.946 13.378 22.928 30.602 13.967 12.579 42.253
0 0 0 0 0 0 0 0 0 0 0 0 0 0 0 0 0 0 0 0 0 0 0 0 0 0 0 0 0 0 0 0 0 0 0 12.637 14.843 22.814 39.557 15.953 15.899 30.626
0 0 0 0 0 0 0 0 0 0 0 0 0 0 0 0 0 0 0 0 0 0 0 0 0 0 0 0 0 0 0 0 0 0 0 0 15.67 21.221 40.892 16.814 16.091 30.721
0 0 0 0 0 0 0 0 0 0 0 0 0 0 0 0 0 0 0 0 0 0 0 0 0 0 0 0 0 0 0 0 0 0 0 0 0 22.821 28.958 12.599 12.309 40.669
0 0 0 0 0 0 0 0 0 0 0 0 0 0 0 0 0 0 0 0 0 0 0 0 0 0 0 0 0 0 0 0 0 0 0 0 0 0 39.975 22.44 23.128 29.882
0 0 0 0 0 0 0 0 0 0 0 0 0 0 0 0 0 0 0 0 0 0 0 0 0 0 0 0 0 0 0 0 0 0 0 0 0 0 0 26.67 28.984 61.955
0 0 0 0 0 0 0 0 0 0 0 0 0 0 0 0 0 0 0 0 0 0 0 0 0 0 0 0 0 0 0 0 0 0 0 0 0 0 0 0 14.766 41.866
0 0 0 0 0 0 0 0 0 0 0 0 0 0 0 0 0 0 0 0 0 0 0 0 0 0 0 0 0 0 0 0 0 0 0 0 0 0 0 0 0 40.984
0 0 0 0 0 0 0 0 0 0 0 0 0 0 0 0 0 0 0 0 0 0 0 0 0 0 0 0 0 0 0 0 0 0 0 0 0 0 0 0 0 0
