0 120.99 137.4 21.896 144.4 155.13 130.22 137.1 16.247 156.53 154.74 149.54 155.98 148.7 144.1 141.72 22.329 243.19 194.92 136.84 133.8 137.2 140.86 153.2 134.72 140.5
0 0 28.261 125.08 28.175 49.312 43.224 46.529 121.49 38.555 36.749 52.048 41.572 50.569 49.41 29.539 132.56 126.02 75.343 31.413 38.542 23.426 47.216 53.644 45.656 47.913
0 0 0 141.76 12.441 42.531 39.651 41.882 137.83 26.587 29.148 43.329 32.991 43.476 42.493 26.48 149.02 118.99 59.072 33.483 23.021 30.312 41.688 44.638 40.58 34.006
0 0 0 0 148.47 161.07 136.18 142.98 21.635 162.38 160.67 154.88 164.92 154.02 149.55 145.66 25.705 244.71 196.55 141.14 138.23 141.15 146.33 160.11 140.76 144.47
0 0 0 0 0 43.961 41.465 42.27 144.75 26.093 29.831 44.665 35.869 44.427 43.969 29.527 155.91 118.78 56.655 36.614 26.974 34.292 43.348 46.197 42.16 36.648
0 0 0 0 0 0 26.905 23.956 154.68 37.444 40.613 27.55 33.215 27.848 35.907 40.554 164.63 119.22 53.29 26.021 37.051 30.423 16.996 14.865 22.272 30.004
0 0 0 0 0 0 0 26.969 130.4 34.381 35.751 20.143 29.976 19.09 24.046 33.842 141.73 121.43 68.038 30.401 34.317 27.614 24.837 25.264 25.056 42.98
0 0 0 0 0 0 0 0 137.62 35.707 37.613 26.815 32.062 27.088 35.018 36.703 148.67 119.28 60.949 25.617 36.185 27.034 24.882 24.033 26.492 43.995
0 0 0 0 0 0 0 0 0 155.82 154.01 149.33 155.27 148.7 144.43 142.18 14.72 243.44 195.08 137.35 134.36 137.54 141.17 152.75 135.06 141.03
0 0 0 0 0 0 0 0 0 0 22.775 38.81 26.185 38.418 37.358 19.196 165.63 118.79 52.398 32.208 30.283 28.427 36.562 39.807 35.147 36.122
0 0 0 0 0 0 0 0 0 0 0 41.759 23.212 41.902 40.213 19.711 163.84 118.33 53.789 37.965 33.58 32.112 38.598 43.84 36.445 35.385
0 0 0 0 0 0 0 0 0 0 0 0 26.655 14.447 29.485 42.464 160.19 118.24 52.913 30.744 39.007 32.929 27.426 27.854 29.89 45.585
0 0 0 0 0 0 0 0 0 0 0 0 0 27.893 22.836 21.368 164.86 119.18 52.706 37.824 35.593 34.122 32.387 32.892 32.676 37.387
0 0 0 0 0 0 0 0 0 0 0 0 0 0 29.911 41.786 159.7 119.07 53.446 30.227 38.542 31.949 29.168 28.261 29.833 48.073
0 0 0 0 0 0 0 0 0 0 0 0 0 0 0 40.101 155.67 118.76 54.514 40.861 38.338 37.111 35.348 35.576 35.355 40.42
0 0 0 0 0 0 0 0 0 0 0 0 0 0 0 0 153.37 118.94 56.13 32.319 29.92 28.538 38.949 45.192 36.629 31.874
0 0 0 0 0 0 0 0 0 0 0 0 0 0 0 0 0 249.22 205.83 148.49 145.39 148.74 152.36 162.7 146.28 152.18
0 0 0 0 0 0 0 0 0 0 0 0 0 0 0 0 0 0 73.714 118.68 119.03 119.2 118.66 118.23 119.59 107
0 0 0 0 0 0 0 0 0 0 0 0 0 0 0 0 0 0 0 59.984 63.006 59.574 56.857 53.218 63.434 56.277
0 0 0 0 0 0 0 0 0 0 0 0 0 0 0 0 0 0 0 0 24.129 25.617 24.378 32.822 21.459 23.063
0 0 0 0 0 0 0 0 0 0 0 0 0 0 0 0 0 0 0 0 0 35.361 35.865 40.359 33.775 22.433
0 0 0 0 0 0 0 0 0 0 0 0 0 0 0 0 0 0 0 0 0 0 28.205 35.038 26.836 44.947
0 0 0 0 0 0 0 0 0 0 0 0 0 0 0 0 0 0 0 0 0 0 0 15.122 11.811 27.915
0 0 0 0 0 0 0 0 0 0 0 0 0 0 0 0 0 0 0 0 0 0 0 0 19.775 36.429
0 0 0 0 0 0 0 0 0 0 0 0 0 0 0 0 0 0 0 0 0 0 0 0 0 23.343
0 0 0 0 0 0 0 0 0 0 0 0 0 0 0 0 0 0 0 0 0 0 0 0 0 0
