0 34.968 34.963 28.742 26.22 16.734 25.592 29.162 15.275 59.967 53.168 18.907 16.9 14.64 17.285 32.022
0 0 24.666 34.791 34.887 34.929 34.828 34.939 30.763 68.184 24.283 43.168 34.887 35.473 35.055 13.799
0 0 0 34.362 48.154 47.732 42.489 44.718 43.356 83.149 43.481 48.264 48.477 45.801 48.577 28.666
0 0 0 0 29.05 27.551 27.44 27.844 28.638 55.462 53.058 35.554 29.49 28.772 28.02 29.058
0 0 0 0 0 20.892 31.566 29.479 15.786 44.596 53.356 23.233 21.657 26.515 16.434 30.051
0 0 0 0 0 0 25.629 19.672 13.696 44.434 53.036 13.23 14.982 14.535 14.61 29.281
0 0 0 0 0 0 0 18.902 26.162 57.052 53.331 26.321 17.942 23.396 27.197 29.358
0 0 0 0 0 0 0 0 29.052 47.904 53.164 18.871 29.933 29.181 18.893 29.744
0 0 0 0 0 0 0 0 0 48.779 48.947 14.941 13.919 15.476 13.958 28.171
0 0 0 0 0 0 0 0 0 0 52.52 45.648 44.347 47.668 44.519 64.564
0 0 0 0 0 0 0 0 0 0 0 61.714 53.462 52.997 53.053 25.44
0 0 0 0 0 0 0 0 0 0 0 0 16.058 15.621 18.262 37.65
0 0 0 0 0 0 0 0 0 0 0 0 0 13.516 15.037 30.073
0 0 0 0 0 0 0 0 0 0 0 0 0 0 20.077 29.618
0 0 0 0 0 0 0 0 0 0 0 0 0 0 0 29.694
0 0 0 0 0 0 0 0 0 0 0 0 0 0 0 0
