0 24.627 39.113 33.092 116.21 28.682 34.377 32.08 96.613 51.199 35.676 36.889 28.82 35.01 32.759 33.206 33.358 22.907 31.971 36.179 26.457 24.948 31.129 22.555 21.821 31.254 63.768
0 0 23.756 17.908 119.67 11.105 15.411 16.699 106.79 33.851 20.581 18.734 16.459 18.034 12.864 15.039 18.65 12.554 15.258 16.91 17.363 24.055 15.818 13.915 14.255 18.604 46.983
0 0 0 32.847 124.87 28.192 33.365 32.454 117.8 15.268 18.123 36.03 14.039 35.114 32.723 34.041 12.815 22.729 32.281 35.945 26.776 24.514 31.074 21.827 21.168 18.683 32.047
0 0 0 0 118.71 11.4 16.894 16.688 103.04 41.906 28.048 13.729 26.665 14.71 13.358 13.731 28.369 17.112 16.17 14.874 16.27 20.445 13.645 19.988 19.338 25.81 53.353
0 0 0 0 0 118.61 117.46 117.85 68.691 127.82 130.52 116.71 122.09 117.18 117.4 117.53 123.5 119.89 117.87 116.96 118.92 120.08 117.88 120.3 120.22 123.34 134.24
0 0 0 0 0 0 16.309 16.894 105.09 37.968 23.777 14.991 19.66 15.728 12.437 12.627 23.707 13.718 14.523 16.555 17.562 15.612 13.836 12.85 14.33 20.179 50.277
0 0 0 0 0 0 0 12.186 102.61 42.302 28.622 13.673 26.078 12.836 16.699 16.894 28.915 16.894 15.942 15.575 16.921 21.297 16.877 16.751 17.455 25.942 53.207
0 0 0 0 0 0 0 0 103.59 41.316 25.998 13.621 25.337 12.276 16.699 15.517 28.121 15.517 17.237 14.335 15.822 18.898 15.579 15.027 17.455 23.369 52.156
0 0 0 0 0 0 0 0 0 124.2 119.88 101.41 112.15 102.13 102.94 103.36 114.5 108.13 103.25 101.42 106.08 108.06 103.95 108.09 108.27 114.53 137.87
0 0 0 0 0 0 0 0 0 0 22.531 44.831 24.499 44.011 41.472 41.771 19.27 32.984 41.046 44.836 35.464 32.506 39.803 32.367 31.812 23.884 32.629
0 0 0 0 0 0 0 0 0 0 0 31.715 18.883 30.43 27.546 27.136 17.2 19.367 25.393 30.983 21.859 23.854 24.962 19.356 18.953 18.445 31.793
0 0 0 0 0 0 0 0 0 0 0 0 29.641 14.93 12.987 13.729 33.864 18.966 17.2 13.053 17.63 25.556 14.652 20.947 21.977 29.503 55.452
0 0 0 0 0 0 0 0 0 0 0 0 0 28.495 26.18 26.665 14.035 14.069 24.849 29.6 17.767 24.558 24.841 16.247 14.035 19.007 40.2
0 0 0 0 0 0 0 0 0 0 0 0 0 0 15.027 14.71 30.703 19.503 16.786 14.532 22.109 24.631 15.669 21.443 18.74 28.294 54.68
0 0 0 0 0 0 0 0 0 0 0 0 0 0 0 12.52 28.333 14.376 16.646 13.422 17.483 24.141 12.308 16.567 18.389 24.588 52.732
0 0 0 0 0 0 0 0 0 0 0 0 0 0 0 0 29.093 15.119 15.724 11.673 16.877 21.347 11.876 17.436 19.056 25.061 53.163
0 0 0 0 0 0 0 0 0 0 0 0 0 0 0 0 0 17.018 27.99 31.565 23.395 23.607 27.28 16.417 15.77 18.978 36.852
0 0 0 0 0 0 0 0 0 0 0 0 0 0 0 0 0 0 15.258 18.93 17.513 25.178 13.901 11.021 13.265 18.698 46.084
0 0 0 0 0 0 0 0 0 0 0 0 0 0 0 0 0 0 0 16.676 31.375 28.148 16.498 15.79 17.568 23.727 52.235
0 0 0 0 0 0 0 0 0 0 0 0 0 0 0 0 0 0 0 0 17.744 24.16 13.638 20.613 21.425 29.115 54.767
0 0 0 0 0 0 0 0 0 0 0 0 0 0 0 0 0 0 0 0 0 20.744 16.116 18.088 17.776 27.696 48.582
0 0 0 0 0 0 0 0 0 0 0 0 0 0 0 0 0 0 0 0 0 0 17.025 23.675 25.482 13.071 46.321
0 0 0 0 0 0 0 0 0 0 0 0 0 0 0 0 0 0 0 0 0 0 0 16.207 17.674 24.221 51.765
0 0 0 0 0 0 0 0 0 0 0 0 0 0 0 0 0 0 0 0 0 0 0 0 14.086 19.086 46.076
0 0 0 0 0 0 0 0 0 0 0 0 0 0 0 0 0 0 0 0 0 0 0 0 0 18.991 45.444
0 0 0 0 0 0 0 0 0 0 0 0 0 0 0 0 0 0 0 0 0 0 0 0 0 0 36.744
0 0 0 0 0 0 0 0 0 0 0 0 0 0 0 0 0 0 0 0 0 0 0 0 0 0 0
