0 104.01 205.25 186.92 172.18 208.29 208.23 134.47 158.4 90.432 208.65 208.43 173.23 166.54
0 0 110.88 88.649 78.964 120.77 120.97 34.065 60.725 65.798 120.72 120.64 92.184 72.519
0 0 0 38.324 49.53 33.402 33.903 78.945 60.175 120.19 32.837 22.301 50.416 54.917
0 0 0 0 17.129 54.017 54.524 59.423 31.939 119.6 54.089 53.871 49.459 27.024
0 0 0 0 0 63.413 63.588 50.733 27.084 119.99 63.219 63.403 50.811 21.268
0 0 0 0 0 0 26.848 87.624 72.108 125.13 24.289 37.778 57.833 67.864
0 0 0 0 0 0 0 87.598 72.37 119.96 13.677 27.316 50.921 68.276
0 0 0 0 0 0 0 0 33.316 85.942 87.776 87.663 63.755 45.252
0 0 0 0 0 0 0 0 0 98.263 71.938 72.045 54.032 26.272
0 0 0 0 0 0 0 0 0 0 119.81 119.49 84.714 119.34
0 0 0 0 0 0 0 0 0 0 0 21.546 49.899 68.077
0 0 0 0 0 0 0 0 0 0 0 0 40.531 67.819
0 0 0 0 0 0 0 0 0 0 0 0 0 51.516
0 0 0 0 0 0 0 0 0 0 0 0 0 0
