1 46 1 37.733 -122.25 159 0 14 410 2014 7 1 14 35 6 4 155
1 46 1 37.767 -122.3 224 297 40 410 2014 7 1 14 36 6 4 155
1 46 1 37.8 -122.37 229 305 69 410 2014 7 1 14 37 6 4 155
1 46 1 37.867 -122.37 261 313 102 410 2014 7 1 14 38 6 4 155
1 46 1 37.879 -122.34 257 0 112 410 2014 7 1 14 39 18 4 155
1 46 1 37.894 -122.23 297 37 138 410 2014 7 1 14 40 15 4 155
1 46 1 37.913 -122.11 347 76 172 410 2014 7 1 14 41 10 4 155
1 46 1 37.932 -121.99 357 79 204 410 2014 7 1 14 42 6 4 155
1 46 1 37.956 -121.83 382 79 238 410 2014 7 1 14 43 6 4 155
1 46 1 37.978 -121.68 399 79 270 410 2014 7 1 14 44 6 4 185
1 46 1 37.998 -121.54 401 79 294 410 2014 7 1 14 45 6 4 185
1 46 1 38.019 -121.39 423 79 311 410 2014 7 1 14 46 6 4 185
1 46 1 38.041 -121.24 444 79 325 410 2014 7 1 14 47 6 4 185
1 46 1 38.064 -121.08 463 79 341 410 2014 7 1 14 48 6 4 185
1 46 1 38.086 -120.91 474 79 356 410 2014 7 1 14 49 6 4 185
1 46 1 38.109 -120.73 479 79 374 410 2014 7 1 14 50 15 4 185
1 46 1 38.138 -120.53 480 80 390 410 2014 7 1 14 51 7 4 185
1 46 1 38.16 -120.37 480 80 405 410 2014 7 1 14 52 15 4 185
1 46 1 38.179 -120.2 479 80 410 410 2014 7 1 14 53 16 4 185
1 46 1 38.201 -120.04 477 80 410 410 2014 7 1 14 54 6 4 185
1 46 1 38.223 -119.88 478 81 410 410 2014 7 1 14 55 6 4 185
1 46 1 38.243 -119.72 477 79 410 410 2014 7 1 14 56 9 4 185
1 46 1 38.268 -119.51 473 80 410 410 2014 7 1 14 57 15 4 185
1 46 1 38.288 -119.35 472 81 410 410 2014 7 1 14 58 6 4 185
1 46 1 38.308 -119.19 468 80 410 410 2014 7 1 14 59 6 4 185
1 46 1 38.324 -119.06 470 80 410 410 2014 7 1 15 0 6 4 180
1 46 1 38.348 -118.86 468 81 410 410 2014 7 1 15 1 6 4 180
1 46 1 38.371 -118.66 476 81 410 410 2014 7 1 15 2 16 4 180
1 46 1 38.386 -118.53 475 81 410 410 2014 7 1 15 3 6 4 180
1 46 1 38.406 -118.36 476 81 410 410 2014 7 1 15 4 15 4 180
1 46 1 38.424 -118.2 479 81 410 410 2014 7 1 15 5 6 4 180
1 46 1 38.428 -118.17 479 81 410 410 2014 7 1 15 6 6 4 180
1 46 1 38.462 -117.86 479 81 410 410 2014 7 1 15 7 6 4 180
1 46 1 38.48 -117.69 479 81 410 410 2014 7 1 15 8 6 4 180
1 46 1 38.487 -117.62 480 82 410 410 2014 7 1 15 9 6 4 180
1 46 1 38.505 -117.45 480 82 410 410 2014 7 1 15 10 6 4 180
1 46 1 38.52 -117.28 479 82 410 410 2014 7 1 15 11 6 4 180
1 46 1 38.497 -116.98 472 95 410 410 2014 7 1 15 12 6 5 204
1 46 1 38.482 -116.81 472 95 410 410 2014 7 1 15 13 15 5 204
1 46 1 38.467 -116.65 472 96 410 410 2014 7 1 15 14 6 5 204
1 46 1 38.453 -116.48 472 96 410 410 2014 7 1 15 15 16 5 204
1 46 1 38.45 -116.45 473 96 410 410 2014 7 1 15 16 6 5 204
1 46 1 38.433 -116.25 473 96 410 410 2014 7 1 15 17 6 5 204
1 46 1 38.417 -116.08 473 96 410 410 2014 7 1 15 18 16 5 204
1 46 1 38.4 -115.92 472 96 410 410 2014 7 1 15 19 6 5 204
1 46 1 38.384 -115.75 472 97 410 410 2014 7 1 15 20 16 5 204
1 46 1 38.371 -115.58 471 96 410 410 2014 7 1 15 21 15 5 204
1 46 1 38.356 -115.42 472 96 410 410 2014 7 1 15 22 16 5 204
1 46 1 38.336 -115.23 471 96 410 410 2014 7 1 15 23 16 5 204
1 46 1 38.319 -115.06 471 96 410 410 2014 7 1 15 24 6 5 204
1 46 1 38.302 -114.9 472 97 410 410 2014 7 1 15 25 16 5 204
1 46 1 38.285 -114.73 472 97 410 410 2014 7 1 15 26 6 5 204
1 46 1 38.268 -114.57 472 97 410 410 2014 7 1 15 27 15 5 204
1 46 1 38.246 -114.37 471 97 410 410 2014 7 1 15 28 6 5 204
1 46 1 38.204 -114.21 467 97 410 410 2014 7 1 15 29 6 5 204
1 46 1 38.163 -114.06 467 108 410 410 2014 7 1 15 30 6 5 206
1 46 1 38.163 -114.06 467 104 410 410 2014 7 1 15 31 6 5 206
1 46 1 38.081 -113.75 467 108 410 410 2014 7 1 15 32 16 5 206
1 46 1 38.039 -113.59 467 108 410 410 2014 7 1 15 33 16 5 206
1 46 1 38.038 -113.59 470 108 410 410 2014 7 1 15 34 15 5 206
1 46 1 37.971 -113.34 473 108 410 410 2014 7 1 15 35 16 5 206
1 46 1 37.93 -113.18 473 108 410 410 2014 7 1 15 36 6 5 206
1 46 1 37.888 -113.02 473 108 410 410 2014 7 1 15 37 6 5 206
1 46 1 37.837 -112.83 473 108 410 410 2014 7 1 15 38 16 5 206
1 46 1 37.82 -112.77 471 108 410 410 2014 7 1 15 39 6 5 203
1 46 1 37.749 -112.51 473 109 410 410 2014 7 1 15 40 6 5 203
1 46 1 37.705 -112.35 473 109 410 410 2014 7 1 15 41 6 5 203
1 46 1 37.655 -112.2 474 109 410 410 2014 7 1 15 42 15 5 203
1 46 1 37.6 -112.05 475 114 410 410 2014 7 1 15 43 6 5 203
1 46 1 37.546 -111.89 474 114 410 410 2014 7 1 15 44 6 5 203
1 46 1 37.492 -111.74 475 113 410 410 2014 7 1 15 45 6 5 203
1 46 1 37.427 -111.56 476 113 410 410 2014 7 1 15 46 6 6 269
1 46 1 37.372 -111.41 477 113 410 410 2014 7 1 15 47 15 6 269
1 46 1 37.318 -111.25 477 114 410 410 2014 7 1 15 48 15 6 269
1 46 1 37.297 -111.19 475 114 410 410 2014 7 1 15 49 6 6 269
1 46 1 37.208 -110.95 476 114 410 410 2014 7 1 15 50 15 6 269
1 46 1 37.178 -110.86 475 114 410 410 2014 7 1 15 51 6 6 269
1 46 1 37.123 -110.71 475 114 410 410 2014 7 1 15 52 16 6 269
1 46 1 37.068 -110.56 475 113 410 410 2014 7 1 15 53 16 6 269
1 46 1 37.013 -110.42 474 115 410 410 2014 7 1 15 54 6 6 269
1 46 1 36.976 -110.33 474 114 410 410 2014 7 1 15 55 6 6 269
1 46 1 36.921 -110.18 474 118 410 410 2014 7 1 15 56 6 6 269
1 46 1 36.856 -110.01 474 116 410 410 2014 7 1 15 57 6 6 269
1 46 1 36.803 -109.87 474 115 410 410 2014 7 1 15 58 16 6 269
1 46 1 36.739 -109.7 476 115 410 410 2014 7 1 15 59 6 6 269
1 46 1 36.666 -109.51 470 115 410 410 2014 7 1 16 0 16 6 269
1 46 1 36.622 -109.39 475 115 410 390 2014 7 1 16 1 7 6 269
1 46 1 36.548 -109.2 476 114 398 390 2014 7 1 16 2 16 6 259
1 46 1 36.492 -109.06 476 115 390 390 2014 7 1 16 3 15 6 259
1 46 1 36.429 -108.9 475 116 390 290 2014 7 1 16 4 6 6 259
1 46 1 36.375 -108.76 468 115 379 290 2014 7 1 16 5 16 6 259
1 46 1 36.31 -108.59 468 116 361 290 2014 7 1 16 6 13 6 259
1 46 1 36.255 -108.45 468 115 345 290 2014 7 1 16 7 15 6 260
1 46 1 36.209 -108.33 469 116 330 290 2014 7 1 16 8 6 6 260
1 46 1 36.156 -108.2 460 116 308 290 2014 7 1 16 9 6 6 260
1 46 1 36.102 -108.06 459 116 290 290 2014 7 1 16 10 6 6 260
1 46 1 36.074 -108 458 116 290 290 2014 7 1 16 11 6 2 88
1 46 1 36.007 -107.88 442 118 290 290 2014 7 1 16 12 6 2 88
1 46 1 35.83 -107.72 447 142 266 290 2014 7 1 16 13 16 2 68
1 46 1 35.736 -107.63 441 143 248 290 2014 7 1 16 14 6 2 68
1 46 1 35.707 -107.61 429 143 243 290 2014 7 1 16 15 16 2 68
1 46 1 35.607 -107.52 401 143 218 290 2014 7 1 16 16 6 2 68
1 46 1 35.453 -107.39 379 143 181 290 2014 7 1 16 17 6 2 68
1 46 1 35.386 -107.29 370 144 160 290 2014 7 1 16 18 16 2 68
1 46 1 35.371 -107.27 377 130 157 290 2014 7 1 16 19 6 2 68
1 46 1 35.304 -107.18 363 129 140 290 2014 7 1 16 20 16 2 80
1 46 1 35.24 -107.09 357 132 119 290 2014 7 1 16 21 11 2 80
1 46 1 35.167 -106.99 326 130 110 290 2014 7 1 16 22 16 2 80
1 46 1 35.117 -106.92 277 131 110 290 2014 7 1 16 23 16 2 80
1 46 1 35.068 -106.85 240 131 106 290 2014 7 1 16 24 6 2 80
1 46 1 35.031 -106.81 181 143 95 290 2014 7 1 16 25 6 2 80
1 46 1 35.043 -106.76 167 98 80 290 2014 7 1 16 26 7 2 80
1 46 1 35.045 -106.71 148 81 68 290 2014 7 1 16 27 6 2 80
1 46 1 35.044 -106.67 133 91 61 290 2014 7 1 16 28 6 2 80
1 46 1 35.044 -106.63 130 89 55 290 2014 7 1 16 29 6 2 80
2 46 1 37.717 -122.25 151 0 11 410 2014 7 1 20 36 6 4 155
2 46 1 37.767 -122.3 226 258 27 410 2014 7 1 20 37 6 4 155
2 46 1 37.817 -122.35 249 318 51 410 2014 7 1 20 38 16 4 155
2 46 1 37.861 -122.35 260 352 67 410 2014 7 1 20 39 16 4 155
2 46 1 37.917 -122.27 296 64 106 410 2014 7 1 20 40 16 4 155
2 46 1 37.931 -122.2 300 47 116 410 2014 7 1 20 41 6 4 155
2 46 1 37.947 -122.07 340 81 146 410 2014 7 1 20 42 6 4 155
2 46 1 37.962 -121.94 361 78 174 410 2014 7 1 20 43 15 4 155
2 46 1 37.982 -121.78 380 80 208 410 2014 7 1 20 44 6 4 171
2 46 1 37.998 -121.64 397 81 233 410 2014 7 1 20 45 6 4 171
2 46 1 38.016 -121.5 411 81 256 410 2014 7 1 20 46 6 4 185
2 46 1 38.034 -121.35 425 81 276 410 2014 7 1 20 47 6 4 185
2 46 1 38.052 -121.19 444 81 292 410 2014 7 1 20 48 6 4 185
2 46 1 38.071 -121.03 467 81 304 410 2014 7 1 20 49 16 4 185
2 46 1 38.092 -120.86 487 81 316 410 2014 7 1 20 50 15 4 185
2 46 1 38.117 -120.69 498 80 335 410 2014 7 1 20 51 6 4 185
2 46 1 38.143 -120.48 493 80 355 410 2014 7 1 20 52 6 4 185
2 46 1 38.165 -120.31 493 80 369 390 2014 7 1 20 53 16 4 185
2 46 1 38.184 -120.16 488 80 380 390 2014 7 1 20 54 6 4 185
2 46 1 38.21 -119.98 485 80 380 390 2014 7 1 20 55 6 4 185
2 46 1 38.232 -119.81 484 80 380 390 2014 7 1 20 56 6 4 185
2 46 1 38.251 -119.64 483 81 380 390 2014 7 1 20 57 6 4 185
2 46 1 38.273 -119.47 483 80 380 390 2014 7 1 20 58 15 4 185
2 46 1 38.295 -119.29 486 81 380 390 2014 7 1 20 59 6 4 185
2 46 1 38.316 -119.12 481 80 380 390 2014 7 1 21 0 6 4 180
2 46 1 38.335 -118.96 481 80 380 390 2014 7 1 21 1 6 4 180
2 46 1 38.355 -118.79 482 81 387 390 2014 7 1 21 2 6 4 180
2 46 1 38.379 -118.58 486 81 390 390 2014 7 1 21 3 6 4 180
2 46 1 38.398 -118.42 486 81 390 390 2014 7 1 21 4 6 4 180
2 46 1 38.417 -118.25 482 81 390 390 2014 7 1 21 5 6 4 180
2 46 1 38.434 -118.09 478 81 390 390 2014 7 1 21 6 6 4 180
2 46 1 38.453 -117.93 477 82 390 390 2014 7 1 21 7 6 4 180
2 46 1 38.471 -117.76 477 81 390 390 2014 7 1 21 8 6 4 180
2 46 1 38.489 -117.59 474 81 390 390 2014 7 1 21 9 6 4 180
2 46 1 38.506 -117.42 473 82 390 390 2014 7 1 21 10 15 4 180
2 46 1 38.514 -117.22 476 82 390 390 2014 7 1 21 11 6 5 204
2 46 1 38.501 -117.05 476 95 390 390 2014 7 1 21 12 16 5 204
2 46 1 38.501 -117.05 476 95 390 390 2014 7 1 21 13 6 5 204
2 46 1 38.472 -116.71 476 96 390 390 2014 7 1 21 14 16 5 204
2 46 1 38.457 -116.54 476 96 390 390 2014 7 1 21 15 16 5 204
2 46 1 38.442 -116.37 478 96 390 390 2014 7 1 21 16 6 5 204
2 46 1 38.442 -116.37 477 96 390 390 2014 7 1 21 17 6 5 204
2 46 1 38.41 -116.03 479 97 390 390 2014 7 1 21 18 6 5 204
2 46 1 38.411 -116.03 478 96 390 390 2014 7 1 21 19 16 5 204
2 46 1 38.394 -115.86 482 95 390 390 2014 7 1 21 20 16 5 204
2 46 1 38.375 -115.69 489 96 390 390 2014 7 1 21 21 6 5 204
2 46 1 38.36 -115.52 488 97 390 390 2014 7 1 21 22 16 5 204
2 46 1 38.328 -115.15 486 96 390 390 2014 7 1 21 23 15 5 204
2 46 1 38.311 -114.98 486 97 390 390 2014 7 1 21 24 21 5 204
2 46 1 38.311 -114.98 486 96 390 390 2014 7 1 21 25 16 5 204
2 46 1 38.294 -114.81 478 96 390 390 2014 7 1 21 26 6 5 204
2 46 1 38.277 -114.65 477 97 390 390 2014 7 1 21 27 6 5 204
2 46 1 38.259 -114.48 474 97 390 390 2014 7 1 21 28 16 5 204
2 46 1 38.233 -114.32 472 97 390 390 2014 7 1 21 29 6 5 204
2 46 1 38.181 -114.13 472 99 390 390 2014 7 1 21 30 15 5 204
2 46 1 38.14 -113.97 473 106 390 390 2014 7 1 21 31 6 5 206
2 46 1 38.099 -113.82 472 108 390 390 2014 7 1 21 32 16 5 206
2 46 1 38.057 -113.66 471 108 390 390 2014 7 1 21 33 16 5 206
2 46 1 38.017 -113.51 470 108 390 390 2014 7 1 21 34 6 5 206
2 46 1 37.957 -113.28 469 108 390 390 2014 7 1 21 35 16 5 206
2 46 1 37.933 -113.19 470 108 390 390 2014 7 1 21 36 6 5 206
2 46 1 37.891 -113.03 470 108 390 390 2014 7 1 21 37 6 5 206
2 46 1 37.839 -112.84 472 108 390 390 2014 7 1 21 38 16 5 206
2 46 1 37.794 -112.68 473 108 390 390 2014 7 1 21 39 6 5 203
2 46 1 37.75 -112.52 473 109 390 390 2014 7 1 21 40 6 5 203
2 46 1 37.707 -112.36 465 109 390 390 2014 7 1 21 41 6 5 203
2 46 1 37.659 -112.21 465 109 390 390 2014 7 1 21 42 6 5 203
2 46 1 37.604 -112.06 467 113 390 390 2014 7 1 21 43 15 5 203
2 46 1 37.55 -111.91 468 114 390 390 2014 7 1 21 44 16 5 203
2 46 1 37.496 -111.76 469 114 390 390 2014 7 1 21 45 16 5 203
2 46 1 37.475 -111.7 469 114 390 390 2014 7 1 21 46 12 6 269
2 46 1 37.381 -111.43 468 113 390 390 2014 7 1 21 47 6 6 269
2 46 1 37.328 -111.28 468 113 390 390 2014 7 1 21 48 6 6 269
2 46 1 37.274 -111.13 468 114 390 390 2014 7 1 21 49 16 6 269
2 46 1 37.25 -111.07 468 114 390 390 2014 7 1 21 50 6 6 269
2 46 1 37.197 -110.93 468 114 390 390 2014 7 1 21 51 6 6 269
2 46 1 37.141 -110.78 469 114 390 390 2014 7 1 21 52 6 6 269
2 46 1 37.055 -110.54 469 114 390 390 2014 7 1 21 53 6 6 269
2 46 1 37.033 -110.48 470 114 390 390 2014 7 1 21 54 6 6 269
2 46 1 36.977 -110.33 471 114 390 390 2014 7 1 21 55 15 6 269
2 46 1 36.911 -110.15 471 115 390 390 2014 7 1 21 56 6 6 269
2 46 1 36.852 -110 471 115 390 390 2014 7 1 21 57 6 6 269
2 46 1 36.799 -109.86 473 117 390 390 2014 7 1 21 58 16 6 269
2 46 1 36.736 -109.69 474 115 390 390 2014 7 1 21 59 6 6 269
2 46 1 36.681 -109.55 475 115 390 390 2014 7 1 22 0 6 6 269
2 46 1 36.626 -109.4 476 115 390 390 2014 7 1 22 1 10 6 269
2 46 1 36.562 -109.24 477 114 390 390 2014 7 1 22 2 6 6 269
2 46 1 36.507 -109.1 476 115 390 290 2014 7 1 22 3 6 6 259
2 46 1 36.444 -108.93 474 120 385 290 2014 7 1 22 4 6 6 259
2 46 1 36.389 -108.79 474 116 367 290 2014 7 1 22 5 6 6 259
2 46 1 36.332 -108.65 475 115 349 290 2014 7 1 22 6 6 6 260
2 46 1 36.269 -108.48 471 115 327 290 2014 7 1 22 7 6 6 260
2 46 1 36.214 -108.34 468 115 309 290 2014 7 1 22 8 15 6 260
2 46 1 36.157 -108.21 468 116 291 290 2014 7 1 22 9 6 6 260
2 46 1 36.092 -108.04 473 116 290 290 2014 7 1 22 10 6 6 260
2 46 1 36.093 -108.04 473 115 290 290 2014 7 1 22 11 6 6 260
2 46 1 35.916 -107.8 456 144 277 290 2014 7 1 22 12 16 2 68
2 46 1 35.832 -107.68 456 131 277 290 2014 7 1 22 13 16 2 68
2 46 1 35.726 -107.63 408 143 234 290 2014 7 1 22 14 16 2 68
2 46 1 35.726 -107.62 409 143 234 290 2014 7 1 22 15 16 2 68
2 46 1 35.639 -107.55 401 143 212 290 2014 7 1 22 16 6 2 68
2 46 1 35.553 -107.47 401 145 185 290 2014 7 1 22 17 6 2 68
2 46 1 35.416 -107.34 366 144 163 290 2014 7 1 22 18 6 2 68
2 46 1 35.379 -107.28 373 130 151 290 2014 7 1 22 19 6 2 68
2 46 1 35.326 -107.18 357 122 138 290 2014 7 1 22 20 6 2 80
2 46 1 35.274 -107.08 337 121 121 290 2014 7 1 22 21 6 2 80
2 46 1 35.21 -107.01 309 136 105 290 2014 7 1 22 22 15 2 80
2 46 1 35.146 -106.94 285 138 94 290 2014 7 1 22 23 6 2 80
2 46 1 35.106 -106.87 268 123 85 290 2014 7 1 22 24 16 2 80
2 46 1 35.067 -106.79 272 121 74 290 2014 7 1 22 25 6 2 80
2 46 1 35.045 -106.71 216 111 71 290 2014 7 1 22 26 6 2 80
2 46 1 35.044 -106.66 165 91 59 290 2014 7 1 22 27 6 2 80
2 46 1 35.044 -106.6 153 91 53 290 2014 7 1 22 28 6 2 80
3 46 1 37.721 -122.22 149 0 0 410 2014 7 1 4 9 6 4 155
3 46 1 37.745 -122.28 182 288 21 410 2014 7 1 4 11 6 4 155
3 46 1 37.806 -122.19 238 17 84 410 2014 7 1 4 12 6 4 155
3 46 1 37.83 -122.08 294 63 116 410 2014 7 1 4 13 6 4 155
3 46 1 37.855 -121.97 328 60 154 410 2014 7 1 4 14 6 4 155
3 46 1 37.881 -121.86 342 73 191 410 2014 7 1 4 15 6 4 152
3 46 1 37.906 -121.72 364 74 228 410 2014 7 1 4 16 6 4 171
3 46 1 37.928 -121.58 389 75 255 410 2014 7 1 4 17 6 4 185
3 46 1 37.95 -121.44 406 77 281 410 2014 7 1 4 18 6 4 185
3 46 1 37.974 -121.29 429 78 303 410 2014 7 1 4 19 6 4 185
3 46 1 37.996 -121.13 442 78 322 410 2014 7 1 4 20 16 4 185
3 46 1 38.021 -120.97 463 78 344 410 2014 7 1 4 21 6 4 185
3 46 1 38.045 -120.82 463 79 365 410 2014 7 1 4 22 6 4 185
3 46 1 38.069 -120.65 466 78 377 410 2014 7 1 4 23 15 4 185
3 46 1 38.098 -120.45 484 79 392 410 2014 7 1 4 24 6 4 185
3 46 1 38.123 -120.28 486 79 407 410 2014 7 1 4 25 6 4 185
3 46 1 38.148 -120.11 486 79 410 410 2014 7 1 4 26 6 4 185
3 46 1 38.17 -119.94 486 79 410 410 2014 7 1 4 27 7 4 185
3 46 1 38.198 -119.78 486 79 410 410 2014 7 1 4 28 16 4 185
3 46 1 38.221 -119.61 486 79 410 410 2014 7 1 4 29 6 4 185
3 46 1 38.257 -119.34 485 79 410 410 2014 7 1 4 30 15 4 185
3 46 1 38.267 -119.27 486 80 410 410 2014 7 1 4 31 6 4 184
3 46 1 38.288 -119.11 483 80 410 410 2014 7 1 4 32 15 4 180
3 46 1 38.288 -118.9 482 86 410 410 2014 7 1 4 33 6 4 180
3 46 1 38.289 -118.73 480 89 410 410 2014 7 1 4 34 15 4 180
3 46 1 38.292 -118.57 480 89 410 410 2014 7 1 4 35 6 4 180
3 46 1 38.292 -118.5 480 88 410 410 2014 7 1 4 36 6 4 180
3 46 1 38.293 -118.23 479 89 410 410 2014 7 1 4 37 15 4 180
3 46 1 38.294 -118.05 477 89 410 410 2014 7 1 4 38 15 4 180
3 46 1 38.294 -117.88 477 90 410 410 2014 7 1 4 39 6 4 180
3 46 1 38.294 -117.71 477 89 410 410 2014 7 1 4 40 6 4 180
3 46 1 38.295 -117.54 474 89 410 410 2014 7 1 4 41 6 4 180
3 46 1 38.295 -117.39 474 89 410 410 2014 7 1 4 42 6 4 180
3 46 1 38.294 -117.19 474 90 410 410 2014 7 1 4 43 15 5 204
3 46 1 38.294 -117.03 475 89 410 410 2014 7 1 4 44 16 5 204
3 46 1 38.291 -116.86 475 90 410 410 2014 7 1 4 45 16 5 204
3 46 1 38.291 -116.79 473 90 410 410 2014 7 1 4 46 6 5 204
3 46 1 38.289 -116.52 473 90 410 410 2014 7 1 4 47 6 5 204
3 46 1 38.287 -116.35 473 91 410 410 2014 7 1 4 48 16 5 204
3 46 1 38.286 -116.19 473 90 410 410 2014 7 1 4 49 15 5 204
3 46 1 38.282 -116.02 475 91 410 410 2014 7 1 4 50 16 5 204
3 46 1 38.282 -115.95 476 91 410 410 2014 7 1 4 51 6 5 204
3 46 1 38.278 -115.75 476 91 410 410 2014 7 1 4 52 6 5 204
3 46 1 38.276 -115.58 477 90 410 410 2014 7 1 4 53 6 5 204
3 46 1 38.273 -115.41 476 90 410 410 2014 7 1 4 54 16 5 204
3 46 1 38.27 -115.24 477 91 410 410 2014 7 1 4 55 15 5 204
3 46 1 38.267 -115.07 476 91 410 410 2014 7 1 4 56 6 5 204
3 46 1 38.263 -114.9 476 91 410 410 2014 7 1 4 57 16 5 204
3 46 1 38.258 -114.74 473 91 410 410 2014 7 1 4 58 6 5 204
3 46 1 38.255 -114.57 474 91 410 410 2014 7 1 4 59 6 5 204
3 46 1 38.249 -114.4 474 91 410 410 2014 7 1 5 0 6 5 204
3 46 1 38.211 -114.24 477 91 410 410 2014 7 1 5 1 15 5 204
3 46 1 38.169 -114.08 477 99 410 410 2014 7 1 5 2 15 5 204
3 46 1 38.127 -113.92 477 107 410 410 2014 7 1 5 3 16 5 206
3 46 1 38.085 -113.76 477 108 410 410 2014 7 1 5 4 15 5 206
3 46 1 38.042 -113.6 477 108 410 410 2014 7 1 5 5 15 5 206
3 46 1 38 -113.44 477 108 410 410 2014 7 1 5 6 6 5 206
3 46 1 37.957 -113.28 479 108 410 410 2014 7 1 5 7 6 5 206
3 46 1 37.914 -113.12 479 108 410 410 2014 7 1 5 8 6 5 206
3 46 1 37.872 -112.96 479 108 410 410 2014 7 1 5 9 15 5 206
3 46 1 37.827 -112.8 480 108 410 410 2014 7 1 5 10 15 5 206
3 46 1 37.782 -112.63 482 109 410 410 2014 7 1 5 11 6 5 203
3 46 1 37.736 -112.47 485 109 410 410 2014 7 1 5 12 6 5 203
3 46 1 37.701 -112.34 486 109 410 410 2014 7 1 5 13 6 5 203
3 46 1 37.627 -112.12 485 112 410 410 2014 7 1 5 14 15 5 203
3 46 1 37.571 -111.97 485 114 410 410 2014 7 1 5 15 15 5 203
3 46 1 37.516 -111.81 484 114 410 410 2014 7 1 5 16 6 5 203
3 46 1 37.463 -111.66 481 114 410 410 2014 7 1 5 17 6 6 269
3 46 1 37.407 -111.51 480 114 410 410 2014 7 1 5 18 15 6 269
3 46 1 37.353 -111.36 480 114 410 410 2014 7 1 5 19 15 6 269
3 46 1 37.299 -111.21 479 114 410 410 2014 7 1 5 20 6 6 269
3 46 1 37.265 -111.11 477 113 410 410 2014 7 1 5 21 7 6 269
3 46 1 37.21 -110.96 479 114 410 410 2014 7 1 5 22 6 6 269
3 46 1 37.132 -110.75 479 114 410 410 2014 7 1 5 23 16 6 269
3 46 1 37.087 -110.63 482 114 410 410 2014 7 1 5 24 6 6 269
3 46 1 37.019 -110.45 480 114 410 410 2014 7 1 5 25 15 6 269
3 46 1 36.975 -110.33 481 115 410 410 2014 7 1 5 26 6 6 269
3 46 1 36.919 -110.17 481 114 410 410 2014 7 1 5 27 6 6 269
3 46 1 36.861 -110.02 477 114 410 410 2014 7 1 5 28 6 6 269
3 46 1 36.808 -109.88 477 115 410 410 2014 7 1 5 29 15 6 269
3 46 1 36.754 -109.74 476 115 410 410 2014 7 1 5 30 6 6 269
3 46 1 36.681 -109.55 432 115 410 410 2014 7 1 5 31 15 6 269
3 46 1 36.617 -109.38 472 115 410 410 2014 7 1 5 32 7 6 269
3 46 1 36.583 -109.29 473 115 410 410 2014 7 1 5 33 15 6 269
3 46 1 36.529 -109.15 472 115 410 410 2014 7 1 5 34 6 6 259
3 46 1 36.464 -108.98 473 115 410 410 2014 7 1 5 35 15 6 259
3 46 1 36.409 -108.84 474 115 410 410 2014 7 1 5 36 6 6 259
3 46 1 36.334 -108.65 473 115 410 270 2014 7 1 5 37 15 6 259
3 46 1 36.279 -108.51 474 115 410 270 2014 7 1 5 38 15 6 259
3 46 1 36.213 -108.34 474 116 408 270 2014 7 1 5 39 15 6 259
3 46 1 36.158 -108.21 468 116 385 270 2014 7 1 5 40 15 6 259
3 46 1 36.12 -108.11 469 115 368 270 2014 7 1 5 41 15 6 259
3 46 1 36.064 -107.97 473 117 339 270 2014 7 1 5 42 6 2 88
3 46 1 35.969 -107.84 460 118 318 270 2014 7 1 5 43 16 2 88
3 46 1 35.882 -107.74 445 139 291 270 2014 7 1 5 44 15 2 88
3 46 1 35.797 -107.65 436 137 267 270 2014 7 1 5 45 16 2 68
3 46 1 35.716 -107.55 418 137 244 270 2014 7 1 5 46 6 2 68
3 46 1 35.676 -107.51 415 137 233 270 2014 7 1 5 47 16 2 68
3 46 1 35.563 -107.39 408 138 202 270 2014 7 1 5 48 6 2 68
3 46 1 35.518 -107.34 396 138 189 270 2014 7 1 5 49 6 2 68
3 46 1 35.361 -107.16 360 137 143 270 2014 7 1 5 50 15 2 68
3 46 1 35.356 -107.16 370 137 142 270 2014 7 1 5 51 6 2 68
3 46 1 35.283 -107.08 355 138 121 270 2014 7 1 5 52 15 2 80
3 46 1 35.209 -107 330 137 111 270 2014 7 1 5 53 15 2 80
3 46 1 35.149 -106.93 279 138 106 270 2014 7 1 5 54 15 2 80
3 46 1 35.096 -106.87 280 138 98 270 2014 7 1 5 55 6 2 80
3 46 1 35.064 -106.8 228 119 88 270 2014 7 1 5 56 6 2 80
3 46 1 35.045 -106.7 162 110 66 270 2014 7 1 5 57 15 2 80
3 46 1 35.045 -106.68 170 93 63 270 2014 7 1 5 58 16 2 80
3 46 1 35.044 -106.63 155 93 55 270 2014 7 1 5 59 6 2 80
4 46 1 37.721 -122.22 149 0 0 390 2014 7 2 20 55 6 4 155
4 46 1 37.75 -122.28 186 97 21 390 2014 7 2 20 57 6 4 155
4 46 1 37.828 -122.27 231 348 58 390 2014 7 2 20 58 6 4 155
4 46 1 37.883 -122.17 302 50 97 390 2014 7 2 20 59 6 4 155
4 46 1 37.917 -122.05 350 68 122 390 2014 7 2 21 0 6 4 155
4 46 1 37.926 -121.97 352 70 140 390 2014 7 2 21 1 6 4 155
4 46 1 37.949 -121.81 367 78 175 390 2014 7 2 21 2 6 4 171
4 46 1 37.969 -121.68 388 79 202 390 2014 7 2 21 3 6 4 171
4 46 1 37.989 -121.54 406 79 226 390 2014 7 2 21 4 6 4 171
4 46 1 38.011 -121.39 424 79 247 390 2014 7 2 21 5 6 4 185
4 46 1 38.032 -121.24 435 79 265 390 2014 7 2 21 6 6 4 185
4 46 1 38.054 -121.08 452 79 284 390 2014 7 2 21 7 6 4 185
4 46 1 38.077 -120.92 463 79 301 390 2014 7 2 21 8 6 4 185
4 46 1 38.115 -120.64 483 80 326 390 2014 7 2 21 9 16 4 185
4 46 1 38.137 -120.47 487 79 343 390 2014 7 2 21 10 6 4 185
4 46 1 38.15 -120.38 485 80 351 390 2014 7 2 21 11 6 4 185
4 46 1 38.172 -120.21 486 80 363 390 2014 7 2 21 12 6 4 185
4 46 1 38.195 -120.04 492 80 375 390 2014 7 2 21 13 6 4 185
4 46 1 38.219 -119.87 492 260 387 390 2014 7 2 21 14 6 4 185
4 46 1 38.239 -119.7 490 80 390 390 2014 7 2 21 15 6 4 185
4 46 1 38.261 -119.53 489 81 390 390 2014 7 2 21 16 6 4 185
4 46 1 38.287 -119.32 488 80 390 390 2014 7 2 21 17 15 4 185
4 46 1 38.308 -119.15 488 80 390 390 2014 7 2 21 18 6 4 180
4 46 1 38.328 -118.98 485 80 390 390 2014 7 2 21 19 16 4 180
4 46 1 38.348 -118.81 486 81 390 390 2014 7 2 21 20 6 4 180
4 46 1 38.359 -118.71 486 81 390 390 2014 7 2 21 21 6 4 180
4 46 1 38.379 -118.54 485 81 390 390 2014 7 2 21 22 6 4 180
4 46 1 38.388 -118.47 485 81 390 390 2014 7 2 21 23 6 4 180
4 46 1 38.42 -118.19 480 81 390 390 2014 7 2 21 24 6 4 180
4 46 1 38.449 -117.95 489 81 390 390 2014 7 2 21 25 6 4 180
4 46 1 38.459 -117.85 490 81 390 390 2014 7 2 21 26 6 4 180
4 46 1 38.486 -117.61 487 81 390 390 2014 7 2 21 27 15 4 180
4 46 1 38.504 -117.44 483 81 390 390 2014 7 2 21 28 6 4 180
4 46 1 38.515 -117.34 484 81 390 390 2014 7 2 21 29 6 4 180
4 46 1 38.511 -117.17 480 84 390 390 2014 7 2 21 30 6 5 204
4 46 1 38.497 -117 478 95 390 390 2014 7 2 21 31 6 5 204
4 46 1 38.482 -116.83 478 95 390 390 2014 7 2 21 32 6 5 204
4 46 1 38.464 -116.62 477 96 390 390 2014 7 2 21 33 6 5 204
4 46 1 38.449 -116.46 479 96 390 390 2014 7 2 21 34 6 5 204
4 46 1 38.434 -116.28 479 96 390 390 2014 7 2 21 35 6 5 204
4 46 1 38.429 -116.22 479 96 390 390 2014 7 2 21 36 6 5 204
4 46 1 38.403 -115.95 480 97 390 390 2014 7 2 21 37 6 5 204
4 46 1 38.388 -115.78 480 96 390 390 2014 7 2 21 38 16 5 204
4 46 1 38.369 -115.58 479 96 390 390 2014 7 2 21 39 15 5 204
4 46 1 38.369 -115.58 479 96 390 390 2014 7 2 21 40 6 5 204
4 46 1 38.352 -115.41 479 96 390 390 2014 7 2 21 41 6 5 204
4 46 1 38.337 -115.25 479 96 390 390 2014 7 2 21 42 6 5 204
4 46 1 38.321 -115.08 477 96 390 390 2014 7 2 21 43 6 5 204
4 46 1 38.283 -114.72 474 97 390 390 2014 7 2 21 44 6 5 204
4 46 1 38.267 -114.55 474 97 390 390 2014 7 2 21 45 6 5 204
4 46 1 38.267 -114.56 472 97 390 390 2014 7 2 21 46 6 5 204
4 46 1 38.248 -114.39 472 100 390 390 2014 7 2 21 47 6 5 204
4 46 1 38.209 -114.23 469 97 390 390 2014 7 2 21 48 6 5 204
4 46 1 38.167 -114.08 468 102 390 390 2014 7 2 21 49 16 5 204
4 46 1 38.125 -113.92 468 108 390 390 2014 7 2 21 50 6 5 206
4 46 1 38.076 -113.73 469 108 390 390 2014 7 2 21 51 6 5 206
4 46 1 38.034 -113.57 473 108 390 390 2014 7 2 21 52 6 5 206
4 46 1 37.991 -113.41 473 108 390 390 2014 7 2 21 53 17 5 206
4 46 1 37.948 -113.25 475 108 390 390 2014 7 2 21 54 6 5 206
4 46 1 37.904 -113.09 475 109 390 390 2014 7 2 21 55 6 5 206
4 46 1 37.862 -112.93 475 108 390 390 2014 7 2 21 56 6 5 206
4 46 1 37.819 -112.77 476 108 390 390 2014 7 2 21 57 6 5 203
4 46 1 37.766 -112.57 477 108 390 390 2014 7 2 21 58 6 5 203
4 46 1 37.721 -112.42 477 109 390 390 2014 7 2 21 59 16 5 203
4 46 1 37.676 -112.26 477 109 390 390 2014 7 2 22 0 6 5 203
4 46 1 37.642 -112.17 478 113 390 390 2014 7 2 22 1 6 5 203
4 46 1 37.566 -111.95 477 113 390 390 2014 7 2 22 2 6 5 203
4 46 1 37.511 -111.8 477 113 390 390 2014 7 2 22 3 6 5 203
4 46 1 37.458 -111.64 477 114 390 390 2014 7 2 22 4 6 6 269
4 46 1 37.394 -111.46 477 114 390 390 2014 7 2 22 5 6 6 269
4 46 1 37.339 -111.31 478 114 390 390 2014 7 2 22 6 6 6 269
4 46 1 37.285 -111.16 476 114 390 390 2014 7 2 22 7 6 6 269
4 46 1 37.232 -111.01 474 114 390 390 2014 7 2 22 8 6 6 269
4 46 1 37.177 -110.86 474 114 390 390 2014 7 2 22 9 6 6 269
4 46 1 37.127 -110.74 471 114 390 390 2014 7 2 22 10 6 6 269
4 46 1 37.074 -110.59 474 114 390 390 2014 7 2 22 11 6 6 269
4 46 1 37.001 -110.38 474 114 390 390 2014 7 2 22 12 6 6 269
4 46 1 36.963 -110.29 474 114 390 390 2014 7 2 22 13 6 6 269
4 46 1 36.899 -110.12 474 115 390 390 2014 7 2 22 14 6 6 269
4 46 1 36.846 -109.98 474 116 390 390 2014 7 2 22 15 6 6 269
4 46 1 36.783 -109.81 474 117 390 390 2014 7 2 22 16 6 6 269
4 46 1 36.728 -109.67 475 115 390 370 2014 7 2 22 17 6 6 269
4 46 1 36.664 -109.51 475 115 380 370 2014 7 2 22 18 16 6 269
4 46 1 36.609 -109.36 474 116 371 370 2014 7 2 22 19 16 6 269
4 46 1 36.609 -109.36 474 116 371 370 2014 7 2 22 20 6 6 269
4 46 1 36.555 -109.22 472 114 370 360 2014 7 2 22 21 6 6 259
4 46 1 36.492 -109.06 473 116 368 290 2014 7 2 22 22 6 6 259
4 46 1 36.437 -108.92 473 115 363 290 2014 7 2 22 23 6 6 259
4 46 1 36.372 -108.75 474 115 353 290 2014 7 2 22 24 16 6 260
4 46 1 36.316 -108.61 474 115 344 290 2014 7 2 22 25 6 6 260
4 46 1 36.251 -108.44 474 116 333 290 2014 7 2 22 26 6 6 260
4 46 1 36.194 -108.3 474 116 324 290 2014 7 2 22 27 6 6 260
4 46 1 36.13 -108.14 474 116 313 290 2014 7 2 22 28 6 6 260
4 46 1 36.074 -108 473 116 303 290 2014 7 2 22 29 6 2 88
4 46 1 36.003 -107.88 460 126 290 290 2014 7 2 22 30 6 2 88
4 46 1 35.894 -107.78 435 143 262 290 2014 7 2 22 31 6 2 68
4 46 1 35.803 -107.69 433 143 241 290 2014 7 2 22 32 16 2 68
4 46 1 35.699 -107.6 412 144 222 290 2014 7 2 22 33 6 2 68
4 46 1 35.616 -107.53 390 144 205 290 2014 7 2 22 34 6 2 68
4 46 1 35.494 -107.42 377 144 174 290 2014 7 2 22 35 16 2 68
4 46 1 35.407 -107.33 378 144 159 290 2014 7 2 22 36 6 2 68
4 46 1 35.354 -107.23 362 127 147 290 2014 7 2 22 37 6 2 68
4 46 1 35.303 -107.13 337 121 131 290 2014 7 2 22 38 6 2 80
4 46 1 35.241 -107.05 317 125 114 290 2014 7 2 22 39 16 2 80
4 46 1 35.184 -106.98 297 136 100 290 2014 7 2 22 40 6 2 80
4 46 1 35.131 -106.91 281 137 90 290 2014 7 2 22 41 6 2 80
4 46 1 35.108 -106.86 273 131 89 290 2014 7 2 22 42 6 2 80
4 46 1 35.072 -106.79 240 121 83 290 2014 7 2 22 43 6 2 80
4 46 1 35.044 -106.71 145 122 69 290 2014 7 2 22 44 16 2 80
4 46 1 35.043 -106.66 146 87 60 290 2014 7 2 22 45 6 2 80
4 46 1 35.044 -106.62 151 90 54 290 2014 7 2 22 46 6 2 80
5 46 1 37.721 -122.22 149 0 0 410 2014 7 2 14 32 16 4 155
6 46 1 38.109 -120.73 471 70 333 410 2014 7 2 14 47 6 4 185
6 46 1 38.133 -120.57 478 80 347 410 2014 7 2 14 48 6 4 185
6 46 1 38.158 -120.36 486 79 367 410 2014 7 2 14 49 6 4 185
6 46 1 38.18 -120.2 486 80 370 410 2014 7 2 14 50 6 4 185
6 46 1 38.203 -120.03 483 80 370 410 2014 7 2 14 51 6 4 185
6 46 1 38.224 -119.86 479 80 370 410 2014 7 2 14 52 16 4 185
6 46 1 38.246 -119.7 479 81 370 410 2014 7 2 14 53 6 4 185
6 46 1 38.254 -119.62 479 80 370 410 2014 7 2 14 54 7 4 185
6 46 1 38.287 -119.36 479 81 370 410 2014 7 2 14 55 16 4 185
6 46 1 38.308 -119.19 478 80 370 410 2014 7 2 14 56 6 4 185
6 46 1 38.328 -119.02 478 81 370 410 2014 7 2 14 57 16 4 180
6 46 1 38.352 -118.82 479 81 383 410 2014 7 2 14 58 6 4 180
6 46 1 38.372 -118.65 485 81 394 410 2014 7 2 14 59 6 4 180
6 46 1 38.382 -118.55 486 81 401 410 2014 7 2 15 0 6 4 180
6 46 1 38.401 -118.38 485 81 410 410 2014 7 2 15 1 6 4 180
6 46 1 38.418 -118.23 482 81 410 410 2014 7 2 15 2 6 4 180
6 46 1 38.449 -117.96 481 81 410 410 2014 7 2 15 3 16 4 180
6 46 1 38.46 -117.86 481 81 410 410 2014 7 2 15 4 6 4 180
6 46 1 38.478 -117.69 475 82 410 410 2014 7 2 15 5 6 4 180
6 46 1 38.495 -117.52 475 81 410 410 2014 7 2 15 6 6 4 180
6 46 1 38.513 -117.36 475 82 410 410 2014 7 2 15 7 6 4 180
6 46 1 38.513 -117.19 472 83 410 410 2014 7 2 15 8 16 5 204
6 46 1 38.499 -117.02 472 95 410 410 2014 7 2 15 9 6 5 204
6 46 1 38.492 -116.95 470 96 410 410 2014 7 2 15 10 6 5 204
6 46 1 38.478 -116.78 475 96 410 410 2014 7 2 15 11 6 5 204
6 46 1 38.451 -116.48 473 96 410 410 2014 7 2 15 12 6 5 204
6 46 1 38.448 -116.45 474 96 410 410 2014 7 2 15 13 6 5 204
6 46 1 38.438 -116.31 473 96 410 410 2014 7 2 15 14 6 5 204
6 46 1 38.413 -116.05 474 96 410 410 2014 7 2 15 15 6 5 204
6 46 1 38.396 -115.86 475 276 410 410 2014 7 2 15 16 6 5 204
6 46 1 38.38 -115.69 472 96 410 410 2014 7 2 15 17 6 5 204
6 46 1 38.356 -115.45 472 96 410 410 2014 7 2 15 18 17 5 204
6 46 1 38.349 -115.36 472 96 410 410 2014 7 2 15 19 15 5 204
6 46 1 38.33 -115.16 469 96 410 410 2014 7 2 15 20 16 5 204
6 46 1 38.312 -115 471 97 410 410 2014 7 2 15 21 6 5 204
6 46 1 38.296 -114.83 473 97 410 410 2014 7 2 15 22 6 5 204
6 46 1 38.308 -114.97 472 97 410 410 2014 7 2 15 23 6 5 204
6 46 1 38.261 -114.5 477 97 410 410 2014 7 2 15 24 16 5 204
6 46 1 38.229 -114.33 477 97 410 410 2014 7 2 15 25 6 5 204
6 46 1 38.208 -114.27 479 103 410 410 2014 7 2 15 26 6 5 204
6 46 1 38.151 -114.12 478 114 410 410 2014 7 2 15 27 6 5 204
6 46 1 38.097 -113.97 473 114 410 410 2014 7 2 15 28 6 5 206
6 46 1 38.03 -113.79 473 114 410 410 2014 7 2 15 29 6 5 206
6 46 1 37.976 -113.64 471 115 410 410 2014 7 2 15 30 6 5 206
6 46 1 37.92 -113.49 472 114 410 410 2014 7 2 15 31 6 5 206
6 46 1 37.864 -113.34 472 114 410 410 2014 7 2 15 32 6 5 206
6 46 1 37.809 -113.19 472 115 410 410 2014 7 2 15 33 6 5 206
6 46 1 37.753 -113.04 472 115 410 410 2014 7 2 15 34 6 5 206
6 46 1 37.697 -112.88 472 114 410 410 2014 7 2 15 35 6 5 203
6 46 1 37.638 -112.72 478 114 410 410 2014 7 2 15 36 6 5 203
6 46 1 37.58 -112.57 478 115 410 410 2014 7 2 15 37 6 5 203
6 46 1 37.523 -112.43 467 115 410 410 2014 7 2 15 38 15 5 203
6 46 1 37.466 -112.28 468 115 410 410 2014 7 2 15 39 16 1 49
6 46 1 37.408 -112.13 471 116 410 410 2014 7 2 15 40 6 1 49
6 46 1 37.351 -111.98 471 113 410 410 2014 7 2 15 41 6 1 49
6 46 1 37.282 -111.8 471 0 410 410 2014 7 2 15 42 6 6 269
6 46 1 37.224 -111.66 471 116 410 410 2014 7 2 15 43 6 6 269
6 46 1 37.166 -111.51 472 116 410 410 2014 7 2 15 44 8 6 269
6 46 1 37.118 -111.39 473 114 410 410 2014 7 2 15 45 6 6 269
6 46 1 37.061 -111.24 474 111 410 410 2014 7 2 15 46 6 6 269
6 46 1 36.992 -111.06 472 116 410 410 2014 7 2 15 47 6 6 269
6 46 1 36.932 -110.92 472 116 410 410 2014 7 2 15 48 6 6 269
6 46 1 36.919 -110.89 473 117 410 410 2014 7 2 15 49 6 6 269
6 46 1 36.861 -110.74 473 116 410 410 2014 7 2 15 50 15 6 269
6 46 1 36.803 -110.6 472 116 410 360 2014 7 2 15 51 6 6 269
6 46 1 36.743 -110.45 472 117 410 350 2014 7 2 15 52 6 6 269
6 46 1 36.641 -110.21 465 116 395 350 2014 7 2 15 53 6 6 269
6 46 1 36.587 -110.07 466 117 386 350 2014 7 2 15 54 6 6 269
6 46 1 36.529 -109.93 472 116 377 350 2014 7 2 15 55 6 6 269
6 46 1 36.463 -109.78 465 117 366 350 2014 7 2 15 56 6 6 269
6 46 1 36.407 -109.64 463 117 357 350 2014 7 2 15 57 6 6 270
6 46 1 36.34 -109.48 466 117 350 290 2014 7 2 15 58 6 6 270
6 46 1 36.282 -109.34 466 117 341 290 2014 7 2 15 59 6 6 270
6 46 1 36.246 -109.26 463 117 335 290 2014 7 2 16 0 6 6 260
6 46 1 36.188 -109.12 462 117 326 290 2014 7 2 16 1 6 6 260
6 46 1 36.1 -108.91 467 117 312 290 2014 7 2 16 2 6 6 260
6 46 1 36.064 -108.83 463 117 305 290 2014 7 2 16 3 6 6 260
6 46 1 35.971 -108.61 451 117 290 290 2014 7 2 16 4 16 6 260
6 46 1 35.937 -108.53 450 117 290 290 2014 7 2 16 5 6 2 88
6 46 1 35.881 -108.4 448 118 290 290 2014 7 2 16 6 6 2 88
6 46 1 35.816 -108.25 444 118 290 290 2014 7 2 16 7 6 2 88
6 46 1 35.761 -108.12 444 117 290 290 2014 7 2 16 8 6 2 88
6 46 1 35.694 -107.97 444 118 273 290 2014 7 2 16 9 6 2 68
6 46 1 35.641 -107.85 428 118 252 290 2014 7 2 16 10 6 2 68
6 46 1 35.615 -107.79 425 118 241 290 2014 7 2 16 11 6 2 68
6 46 1 35.564 -107.68 408 118 221 290 2014 7 2 16 12 6 2 68
6 46 1 35.508 -107.55 392 118 198 290 2014 7 2 16 13 6 2 68
6 46 1 35.45 -107.42 384 118 178 290 2014 7 2 16 14 19 2 68
6 46 1 35.361 -107.25 374 119 151 290 2014 7 2 16 15 16 2 68
6 46 1 35.351 -107.22 364 123 147 290 2014 7 2 16 16 6 2 68
6 46 1 35.26 -107.07 327 121 118 290 2014 7 2 16 17 6 2 80
6 46 1 35.197 -107 307 135 103 290 2014 7 2 16 18 6 2 80
6 46 1 35.167 -106.96 296 137 98 290 2014 7 2 16 19 6 2 80
6 46 1 35.095 -106.87 247 134 89 290 2014 7 2 16 20 9 2 80
6 46 1 35.049 -106.82 224 136 80 290 2014 7 2 16 21 6 2 80
6 46 1 35.045 -106.75 225 110 73 290 2014 7 2 16 22 16 2 80
6 46 1 35.044 -106.68 168 88 63 290 2014 7 2 16 23 16 2 80
6 46 1 35.043 -106.64 139 90 56 290 2014 7 2 16 24 6 2 80
6 46 1 35.043 -106.59 154 92 53 290 2014 7 2 16 25 16 2 80
7 46 1 37.721 -122.22 149 0 0 410 2014 7 2 4 5 15 4 155
7 46 1 35.034 -106.59 149 121 0 410 2014 7 2 4 9 16 2 80
7 46 1 37.897 -121.97 348 33 166 410 2014 7 2 4 10 15 4 155
7 46 1 37.897 -121.97 348 33 166 410 2014 7 2 4 11 6 4 155
7 46 1 37.922 -121.84 366 60 190 410 2014 7 2 4 12 15 4 155
7 46 1 37.947 -121.7 376 76 210 410 2014 7 2 4 13 15 4 171
7 46 1 37.973 -121.57 403 76 234 410 2014 7 2 4 14 15 4 171
7 46 1 37.999 -121.42 423 76 263 410 2014 7 2 4 15 15 4 185
7 46 1 38.026 -121.27 435 77 288 410 2014 7 2 4 16 6 4 185
7 46 1 38.055 -121.11 455 77 307 410 2014 7 2 4 17 15 4 185
7 46 1 38.1 -120.82 483 77 346 410 2014 7 2 4 18 15 4 185
7 46 1 38.122 -120.65 482 80 361 410 2014 7 2 4 19 15 4 185
7 46 1 38.148 -120.45 485 80 370 410 2014 7 2 4 20 15 4 185
7 46 1 38.153 -120.41 488 80 370 410 2014 7 2 4 21 6 4 185
7 46 1 38.175 -120.25 488 80 383 410 2014 7 2 4 22 16 4 185
7 46 1 38.197 -120.08 485 80 398 410 2014 7 2 4 23 15 4 185
7 46 1 38.218 -119.91 481 81 410 410 2014 7 2 4 24 15 4 185
7 46 1 38.24 -119.74 480 80 410 410 2014 7 2 4 25 15 4 185
7 46 1 38.26 -119.58 477 81 410 410 2014 7 2 4 26 6 4 185
7 46 1 38.284 -119.38 477 80 410 410 2014 7 2 4 27 6 4 185
7 46 1 38.304 -119.21 477 80 410 410 2014 7 2 4 28 6 4 185
7 46 1 38.325 -119.05 477 81 410 410 2014 7 2 4 29 15 4 180
7 46 1 38.343 -118.88 478 81 410 410 2014 7 2 4 30 15 4 180
7 46 1 38.363 -118.72 478 80 410 410 2014 7 2 4 31 6 4 180
7 46 1 38.382 -118.55 477 81 410 410 2014 7 2 4 32 15 4 180
7 46 1 38.401 -118.39 476 81 410 410 2014 7 2 4 33 15 4 180
7 46 1 38.42 -118.22 475 81 410 410 2014 7 2 4 34 15 4 180
7 46 1 38.439 -118.05 474 81 410 410 2014 7 2 4 35 15 4 180
7 46 1 38.458 -117.88 473 81 410 410 2014 7 2 4 36 15 4 180
7 46 1 38.474 -117.72 469 82 410 410 2014 7 2 4 37 15 4 180
7 46 1 38.492 -117.56 466 81 410 410 2014 7 2 4 38 15 4 180
7 46 1 38.51 -117.39 466 82 410 410 2014 7 2 4 39 15 4 180
7 46 1 38.516 -117.22 467 85 410 410 2014 7 2 4 40 15 5 204
7 46 1 38.499 -117.02 469 95 410 410 2014 7 2 4 41 15 5 204
7 46 1 38.484 -116.85 471 96 410 410 2014 7 2 4 42 15 5 204
7 46 1 38.471 -116.69 472 95 410 410 2014 7 2 4 43 15 5 204
7 46 1 38.454 -116.52 472 96 410 410 2014 7 2 4 44 15 5 204
7 46 1 38.439 -116.35 473 96 410 410 2014 7 2 4 45 15 5 204
7 46 1 38.424 -116.18 477 95 410 410 2014 7 2 4 46 7 5 204
7 46 1 38.409 -116.01 476 96 410 410 2014 7 2 4 47 16 5 204
7 46 1 38.401 -115.91 477 96 410 410 2014 7 2 4 48 15 5 204
7 46 1 38.384 -115.75 476 96 410 410 2014 7 2 4 49 15 5 204
7 46 1 38.37 -115.58 476 96 410 410 2014 7 2 4 50 15 5 204
7 46 1 38.354 -115.41 475 96 410 410 2014 7 2 4 51 15 5 204
7 46 1 38.337 -115.25 473 96 410 410 2014 7 2 4 52 15 5 204
7 46 1 38.322 -115.09 473 97 410 410 2014 7 2 4 53 15 5 204
7 46 1 38.304 -114.93 471 97 410 410 2014 7 2 4 54 15 5 204
7 46 1 38.285 -114.73 470 97 410 410 2014 7 2 4 55 7 5 204
7 46 1 38.268 -114.56 470 102 410 410 2014 7 2 4 56 15 5 204
7 46 1 38.25 -114.4 469 97 410 410 2014 7 2 4 57 15 5 204
7 46 1 38.211 -114.24 465 97 410 410 2014 7 2 4 58 15 5 204
7 46 1 38.17 -114.09 465 102 410 410 2014 7 2 4 59 16 5 204
7 46 1 38.129 -113.93 466 107 410 410 2014 7 2 5 0 15 5 206
7 46 1 38.089 -113.77 466 108 410 410 2014 7 2 5 1 15 5 206
7 46 1 38.047 -113.62 466 108 410 410 2014 7 2 5 2 15 5 206
7 46 1 38.004 -113.46 466 108 410 410 2014 7 2 5 3 6 5 206
7 46 1 37.963 -113.31 467 108 410 410 2014 7 2 5 4 15 5 206
7 46 1 37.921 -113.15 467 108 410 410 2014 7 2 5 5 15 5 206
7 46 1 37.879 -112.99 467 108 410 410 2014 7 2 5 6 6 5 206
7 46 1 37.837 -112.83 467 108 410 410 2014 7 2 5 7 15 5 206
7 46 1 37.793 -112.67 467 109 410 410 2014 7 2 5 8 15 5 203
7 46 1 37.75 -112.52 468 109 410 410 2014 7 2 5 9 15 5 203
7 46 1 37.706 -112.36 468 109 410 410 2014 7 2 5 10 15 5 203
7 46 1 37.66 -112.21 467 110 410 410 2014 7 2 5 11 15 5 203
7 46 1 37.606 -112.06 467 114 410 410 2014 7 2 5 12 15 5 203
7 46 1 37.552 -111.91 467 114 410 410 2014 7 2 5 13 15 5 203
7 46 1 37.498 -111.76 467 114 410 410 2014 7 2 5 14 15 5 203
7 46 1 37.445 -111.61 468 114 410 410 2014 7 2 5 15 15 6 269
7 46 1 37.391 -111.46 468 114 410 410 2014 7 2 5 16 15 6 269
7 46 1 37.337 -111.31 468 113 410 410 2014 7 2 5 17 15 6 269
7 46 1 37.284 -111.16 468 114 410 410 2014 7 2 5 18 15 6 269
7 46 1 37.219 -110.98 468 115 410 410 2014 7 2 5 19 15 6 269
7 46 1 37.165 -110.83 468 113 410 410 2014 7 2 5 20 15 6 269
7 46 1 37.11 -110.69 468 115 410 410 2014 7 2 5 21 6 6 269
7 46 1 37.065 -110.57 470 114 410 410 2014 7 2 5 22 15 6 269
7 46 1 37 -110.39 468 115 410 410 2014 7 2 5 23 15 6 269
7 46 1 36.955 -110.27 472 115 410 410 2014 7 2 5 24 6 6 269
7 46 1 36.899 -110.12 472 114 410 410 2014 7 2 5 25 15 6 269
7 46 1 36.845 -109.98 472 115 410 410 2014 7 2 5 26 15 6 269
7 46 1 36.782 -109.81 473 115 410 410 2014 7 2 5 27 15 6 269
7 46 1 36.729 -109.67 473 115 410 410 2014 7 2 5 28 15 6 269
7 46 1 36.675 -109.53 472 115 410 410 2014 7 2 5 29 15 6 269
7 46 1 36.62 -109.39 474 115 410 410 2014 7 2 5 30 15 6 269
7 46 1 36.566 -109.25 471 115 410 290 2014 7 2 5 31 15 6 269
7 46 1 36.512 -109.11 470 115 406 290 2014 7 2 5 32 15 6 259
7 46 1 36.451 -108.95 467 115 396 290 2014 7 2 5 33 16 6 259
7 46 1 36.386 -108.78 468 116 385 290 2014 7 2 5 34 15 6 259
7 46 1 36.331 -108.64 469 116 375 290 2014 7 2 5 35 15 6 259
7 46 1 36.274 -108.5 473 115 366 290 2014 7 2 5 36 15 6 259
7 46 1 36.217 -108.35 475 115 357 290 2014 7 2 5 37 15 6 260
7 46 1 36.151 -108.19 478 116 346 290 2014 7 2 5 38 15 6 260
7 46 1 36.093 -108.05 478 116 337 290 2014 7 2 5 39 15 6 260
7 46 1 36.033 -107.91 474 118 319 290 2014 7 2 5 40 15 2 88
7 46 1 35.946 -107.81 455 136 296 290 2014 7 2 5 41 16 2 88
7 46 1 35.844 -107.69 441 137 273 290 2014 7 2 5 42 15 2 68
7 46 1 35.758 -107.6 438 137 253 290 2014 7 2 5 43 6 2 68
7 46 1 35.674 -107.51 426 138 234 290 2014 7 2 5 44 15 2 68
7 46 1 35.593 -107.42 414 134 211 290 2014 7 2 5 45 15 2 68
7 46 1 35.593 -107.42 414 134 211 290 2014 7 2 5 46 6 2 68
7 46 1 35.503 -107.32 395 138 186 290 2014 7 2 5 47 6 2 68
7 46 1 35.357 -107.15 385 137 160 290 2014 7 2 5 48 15 2 80
7 46 1 35.279 -107.07 373 139 159 290 2014 7 2 5 49 15 2 80
7 46 1 35.201 -106.99 371 138 122 290 2014 7 2 5 50 15 2 80
7 46 1 35.13 -106.91 344 137 104 290 2014 7 2 5 51 15 2 80
7 46 1 35.067 -106.84 289 138 92 290 2014 7 2 5 52 15 2 80
7 46 1 35.045 -106.77 236 114 79 290 2014 7 2 5 53 15 2 80
7 46 1 35.045 -106.71 180 91 67 290 2014 7 2 5 54 15 2 80
7 46 1 35.045 -106.66 127 90 60 290 2014 7 2 5 55 15 2 80
7 46 1 35.044 -106.61 135 90 53 290 2014 7 2 5 56 15 2 80
8 46 1 37.721 -122.22 149 0 0 390 2014 7 3 14 37 6 4 155
8 46 1 37.725 -122.25 152 97 16 390 2014 7 3 14 39 6 4 155
8 46 1 37.801 -122.18 262 94 73 390 2014 7 3 14 40 6 4 155
8 46 1 37.824 -122.08 284 20 106 390 2014 7 3 14 41 6 4 155
8 46 1 37.848 -121.97 326 52 131 390 2014 7 3 14 42 6 4 155
8 46 1 37.877 -121.85 357 82 161 390 2014 7 3 14 43 6 4 152
8 46 1 37.911 -121.71 373 73 193 390 2014 7 3 14 44 6 4 171
8 46 1 37.931 -121.58 398 74 218 390 2014 7 3 14 45 6 4 171
8 46 1 37.953 -121.44 408 75 241 390 2014 7 3 14 46 14 4 185
8 46 1 37.976 -121.29 429 78 262 390 2014 7 3 14 47 6 4 185
8 46 1 38.004 -121.1 451 78 285 390 2014 7 3 14 48 6 4 185
8 46 1 38.029 -120.94 461 79 302 390 2014 7 3 14 49 6 4 185
8 46 1 38.052 -120.77 473 78 317 390 2014 7 3 14 50 6 4 185
8 46 1 38.078 -120.6 486 79 334 390 2014 7 3 14 51 6 4 185
8 46 1 38.116 -120.34 493 79 356 390 2014 7 3 14 52 9 4 185
8 46 1 38.128 -120.26 493 79 363 390 2014 7 3 14 53 6 4 185
8 46 1 38.164 -120 496 79 384 390 2014 7 3 14 54 6 4 185
8 46 1 38.178 -119.92 494 80 388 390 2014 7 3 14 55 6 4 185
8 46 1 38.208 -119.72 494 79 390 390 2014 7 3 14 56 6 4 185
8 46 1 38.231 -119.54 495 79 390 390 2014 7 3 14 57 6 4 185
8 46 1 38.252 -119.39 497 80 390 390 2014 7 3 14 58 6 4 185
8 46 1 38.276 -119.22 494 80 390 390 2014 7 3 14 59 6 4 184
8 46 1 38.289 -119.12 493 79 390 390 2014 7 3 15 0 6 4 180
8 46 1 38.295 -118.84 492 85 390 390 2014 7 3 15 1 7 4 180
8 46 1 38.296 -118.67 488 89 390 390 2014 7 3 15 2 6 4 180
8 46 1 38.298 -118.5 487 89 390 390 2014 7 3 15 3 6 4 180
8 46 1 38.299 -118.33 485 89 390 390 2014 7 3 15 4 6 4 180
8 46 1 38.298 -118.21 484 89 390 390 2014 7 3 15 5 6 4 180
8 46 1 38.298 -118.04 482 89 390 390 2014 7 3 15 6 9 4 180
8 46 1 38.3 -117.8 479 89 390 390 2014 7 3 15 7 6 4 180
8 46 1 38.3 -117.63 478 89 390 390 2014 7 3 15 8 6 4 180
8 46 1 38.299 -117.46 478 89 390 390 2014 7 3 15 9 6 4 180
8 46 1 38.299 -117.29 478 90 390 390 2014 7 3 15 10 6 4 180
8 46 1 38.298 -117.12 478 89 390 390 2014 7 3 15 11 6 5 204
8 46 1 38.296 -116.94 478 90 390 390 2014 7 3 15 12 6 5 204
8 46 1 38.294 -116.81 477 90 390 390 2014 7 3 15 13 6 5 204
8 46 1 38.293 -116.64 475 90 390 390 2014 7 3 15 14 6 5 204
8 46 1 38.291 -116.44 476 90 390 390 2014 7 3 15 15 6 5 204
8 46 1 38.288 -116.27 476 90 390 390 2014 7 3 15 16 6 5 204
8 46 1 38.286 -116.1 476 91 390 390 2014 7 3 15 17 6 5 204
8 46 1 38.285 -115.97 476 89 390 390 2014 7 3 15 18 6 5 204
8 46 1 38.281 -115.8 477 90 390 390 2014 7 3 15 19 6 5 204
8 46 1 38.278 -115.59 478 91 390 390 2014 7 3 15 20 6 5 204
8 46 1 38.275 -115.42 478 91 390 390 2014 7 3 15 21 6 5 204
8 46 1 38.27 -115.24 480 91 390 390 2014 7 3 15 22 6 5 204
8 46 1 38.267 -115.08 479 91 390 390 2014 7 3 15 23 6 5 204
8 46 1 38.264 -114.91 479 91 390 390 2014 7 3 15 24 6 5 204
8 46 1 38.263 -114.91 479 91 390 390 2014 7 3 15 25 6 5 204
8 46 1 38.259 -114.74 477 91 390 390 2014 7 3 15 26 6 5 204
8 46 1 38.255 -114.57 478 91 390 390 2014 7 3 15 27 6 5 204
8 46 1 38.244 -114.37 478 91 390 390 2014 7 3 15 28 6 5 204
8 46 1 38.203 -114.21 471 92 390 390 2014 7 3 15 29 6 5 204
8 46 1 38.162 -114.05 471 100 390 390 2014 7 3 15 30 6 5 206
8 46 1 38.12 -113.9 471 108 390 390 2014 7 3 15 31 6 5 206
8 46 1 38.078 -113.74 470 108 390 390 2014 7 3 15 32 6 5 206
8 46 1 38.038 -113.58 468 108 390 390 2014 7 3 15 33 6 5 206
8 46 1 37.97 -113.33 470 108 390 390 2014 7 3 15 34 6 5 206
8 46 1 37.928 -113.17 470 108 390 390 2014 7 3 15 35 6 5 206
8 46 1 37.886 -113.01 470 108 390 390 2014 7 3 15 36 6 5 206
8 46 1 37.842 -112.85 471 108 390 390 2014 7 3 15 37 6 5 206
8 46 1 37.799 -112.69 473 108 390 390 2014 7 3 15 38 6 5 203
8 46 1 37.772 -112.6 474 108 390 390 2014 7 3 15 39 8 5 203
8 46 1 37.701 -112.34 475 109 390 390 2014 7 3 15 40 6 5 203
8 46 1 37.683 -112.28 474 109 390 390 2014 7 3 15 41 6 5 203
8 46 1 37.618 -112.1 474 111 390 390 2014 7 3 15 42 6 5 203
8 46 1 37.542 -111.88 476 114 390 390 2014 7 3 15 43 6 5 203
8 46 1 37.509 -111.79 474 114 390 390 2014 7 3 15 44 6 5 203
8 46 1 37.456 -111.64 475 113 390 390 2014 7 3 15 45 6 6 269
8 46 1 37.402 -111.49 475 113 390 390 2014 7 3 15 46 6 6 269
8 46 1 37.347 -111.33 475 114 390 390 2014 7 3 15 47 6 6 269
8 46 1 37.282 -111.15 475 114 390 390 2014 7 3 15 48 6 6 269
8 46 1 37.227 -111 475 114 390 390 2014 7 3 15 49 16 6 269
8 46 1 37.172 -110.85 475 113 390 390 2014 7 3 15 50 10 6 269
8 46 1 37.117 -110.7 475 114 390 390 2014 7 3 15 51 6 6 269
8 46 1 37.062 -110.56 475 115 390 390 2014 7 3 15 52 16 6 269
8 46 1 37.008 -110.41 474 114 390 390 2014 7 3 15 53 6 6 269
8 46 1 36.972 -110.32 471 114 390 390 2014 7 3 15 54 6 6 269
8 46 1 36.917 -110.17 471 117 390 390 2014 7 3 15 55 6 6 269
8 46 1 36.862 -110.02 471 115 390 350 2014 7 3 15 56 6 6 269
8 46 1 36.799 -109.86 471 117 383 350 2014 7 3 15 57 6 6 269
8 46 1 36.744 -109.71 476 115 374 350 2014 7 3 15 58 6 6 269
8 46 1 36.68 -109.55 477 116 364 350 2014 7 3 15 59 6 6 269
8 46 1 36.627 -109.41 470 114 355 350 2014 7 3 16 0 6 6 270
8 46 1 36.572 -109.26 470 115 350 290 2014 7 3 16 1 6 6 270
8 46 1 36.511 -109.11 455 115 350 290 2014 7 3 16 2 6 6 260
8 46 1 36.46 -108.97 455 115 350 290 2014 7 3 16 3 6 6 260
8 46 1 36.396 -108.81 455 115 350 290 2014 7 3 16 4 6 6 260
8 46 1 36.344 -108.67 455 116 350 290 2014 7 3 16 5 6 6 260
8 46 1 36.281 -108.51 456 115 350 290 2014 7 3 16 6 6 6 260
8 46 1 36.226 -108.38 458 116 338 290 2014 7 3 16 7 6 6 260
8 46 1 36.171 -108.24 458 116 311 290 2014 7 3 16 8 6 6 260
8 46 1 36.108 -108.08 454 116 290 290 2014 7 3 16 9 6 6 260
8 46 1 36.059 -107.96 428 116 290 290 2014 7 3 16 10 6 2 88
8 46 1 35.969 -107.85 416 134 290 8 2014 7 3 16 11 7 2 88
8 46 1 35.969 -107.85 416 134 290 8 2014 7 3 16 12 6 2 88
8 46 1 35.779 -107.67 413 142 245 8 2014 7 3 16 13 6 2 68
8 46 1 35.706 -107.56 413 130 245 8 2014 7 3 16 14 6 2 68
8 46 1 35.692 -107.6 402 137 226 8 2014 7 3 16 15 6 2 68
8 46 1 35.567 -107.49 380 144 198 8 2014 7 3 16 16 6 2 68
8 46 1 35.46 -107.39 359 144 176 8 2014 7 3 16 17 6 2 68
8 46 1 35.401 -107.32 364 144 157 8 2014 7 3 16 18 6 2 68
8 46 1 35.371 -107.26 363 135 150 8 2014 7 3 16 19 6 2 68
8 46 1 35.299 -107.12 323 122 127 8 2014 7 3 16 20 6 2 80
8 46 1 35.239 -107.04 313 127 112 8 2014 7 3 16 21 6 2 80
8 46 1 35.159 -106.95 298 136 95 8 2014 7 3 16 22 6 2 80
8 46 1 35.144 -106.94 298 136 93 8 2014 7 3 16 23 6 2 80
8 46 1 35.091 -106.87 271 135 85 8 2014 7 3 16 24 6 2 80
8 46 1 35.044 -106.81 234 119 79 8 2014 7 3 16 25 6 2 80
8 46 1 35.046 -106.74 191 120 73 8 2014 7 3 16 26 7 2 80
8 46 1 35.044 -106.69 172 89 63 8 2014 7 3 16 27 6 2 80
8 46 1 35.044 -106.62 156 90 54 8 2014 7 3 16 28 6 2 80
9 46 1 37.721 -122.22 149 0 0 390 2014 7 3 20 36 6 4 155
9 46 1 37.8 -122.32 266 300 40 390 2014 7 3 20 38 6 4 155
9 46 1 37.833 -122.25 260 3 46 390 2014 7 3 20 39 6 4 155
9 46 1 37.848 -122.19 266 78 61 390 2014 7 3 20 40 7 4 155
9 46 1 37.873 -122.07 291 67 96 390 2014 7 3 20 41 7 4 155
9 46 1 37.897 -121.96 323 75 115 390 2014 7 3 20 42 6 4 155
9 46 1 37.924 -121.84 353 79 143 390 2014 7 3 20 43 6 4 155
9 46 1 37.956 -121.7 367 82 177 390 2014 7 3 20 44 6 4 171
9 46 1 37.984 -121.57 380 73 203 390 2014 7 3 20 45 6 4 171
9 46 1 38.012 -121.43 395 82 229 390 2014 7 3 20 46 17 4 171
9 46 1 38.04 -121.29 412 75 251 390 2014 7 3 20 47 6 4 185
9 46 1 38.07 -121.14 428 75 271 390 2014 7 3 20 48 6 4 185
9 46 1 38.101 -120.99 442 75 289 390 2014 7 3 20 49 7 4 185
9 46 1 38.139 -120.8 460 75 308 390 2014 7 3 20 50 6 4 185
9 46 1 38.172 -120.64 472 75 325 390 2014 7 3 20 51 6 4 185
9 46 1 38.207 -120.48 474 83 344 390 2014 7 3 20 52 10 4 185
9 46 1 38.241 -120.32 474 74 358 390 2014 7 3 20 53 6 4 185
9 46 1 38.279 -120.16 474 74 370 390 2014 7 3 20 54 6 4 185
9 46 1 38.318 -120 478 73 371 390 2014 7 3 20 55 6 4 185
9 46 1 38.338 -119.8 476 75 382 390 2014 7 3 20 56 6 4 185
9 46 1 38.353 -119.63 480 85 390 390 2014 7 3 20 57 6 4 185
9 46 1 38.366 -119.46 484 83 390 390 2014 7 3 20 58 6 4 185
9 46 1 38.382 -119.27 489 84 390 390 2014 7 3 20 59 6 4 185
9 46 1 38.386 -119.2 486 83 390 390 2014 7 3 21 0 6 4 185
9 46 1 38.407 -118.93 484 84 390 390 2014 7 3 21 1 6 4 180
9 46 1 38.421 -118.76 484 84 390 390 2014 7 3 21 2 6 4 180
9 46 1 38.432 -118.59 483 84 390 390 2014 7 3 21 3 6 4 180
9 46 1 38.439 -118.49 483 85 390 390 2014 7 3 21 4 6 4 180
9 46 1 38.45 -118.34 483 84 390 390 2014 7 3 21 5 6 4 180
9 46 1 38.462 -118.17 479 84 390 390 2014 7 3 21 6 6 4 180
9 46 1 38.481 -117.9 479 84 390 390 2014 7 3 21 7 6 4 180
9 46 1 38.487 -117.8 479 85 390 390 2014 7 3 21 8 6 4 180
9 46 1 38.499 -117.63 481 84 390 390 2014 7 3 21 9 6 4 180
9 46 1 38.509 -117.45 483 85 390 390 2014 7 3 21 10 6 4 180
9 46 1 38.519 -117.28 483 85 390 390 2014 7 3 21 11 6 5 204
9 46 1 38.506 -117.11 482 91 390 390 2014 7 3 21 12 6 5 204
9 46 1 38.491 -116.94 478 96 390 390 2014 7 3 21 13 6 5 204
9 46 1 38.478 -116.77 478 95 390 390 2014 7 3 21 14 6 5 204
9 46 1 38.462 -116.6 478 96 390 390 2014 7 3 21 15 6 5 204
9 46 1 38.448 -116.43 477 96 390 390 2014 7 3 21 16 6 5 204
9 46 1 38.429 -116.23 477 96 390 390 2014 7 3 21 17 6 5 204
9 46 1 38.414 -116.07 477 96 390 390 2014 7 3 21 18 6 5 204
9 46 1 38.397 -115.9 477 96 390 390 2014 7 3 21 19 6 5 204
9 46 1 38.382 -115.73 477 96 390 390 2014 7 3 21 20 7 5 204
9 46 1 38.381 -115.73 477 96 390 390 2014 7 3 21 21 10 5 204
9 46 1 38.349 -115.39 477 96 390 390 2014 7 3 21 22 6 5 204
9 46 1 38.334 -115.22 477 96 390 390 2014 7 3 21 23 6 5 204
9 46 1 38.318 -115.05 477 97 390 390 2014 7 3 21 24 6 5 204
9 46 1 38.318 -115.05 478 96 390 390 2014 7 3 21 25 8 5 204
9 46 1 38.296 -114.85 478 96 390 390 2014 7 3 21 26 6 5 204
9 46 1 38.278 -114.68 478 97 390 390 2014 7 3 21 27 6 5 204
9 46 1 38.262 -114.51 483 97 390 390 2014 7 3 21 28 6 5 204
9 46 1 38.239 -114.35 483 97 390 390 2014 7 3 21 29 6 5 204
9 46 1 38.196 -114.19 475 98 390 390 2014 7 3 21 30 6 5 204
9 46 1 38.155 -114.03 475 105 390 390 2014 7 3 21 31 6 5 206
9 46 1 38.103 -113.84 475 108 390 390 2014 7 3 21 32 6 5 206
9 46 1 38.061 -113.68 476 108 390 390 2014 7 3 21 33 6 5 206
9 46 1 38.019 -113.52 476 108 390 390 2014 7 3 21 34 6 5 206
9 46 1 37.95 -113.26 484 108 390 390 2014 7 3 21 35 6 5 206
9 46 1 37.935 -113.2 477 108 390 390 2014 7 3 21 36 6 5 206
9 46 1 37.891 -113.04 477 108 390 390 2014 7 3 21 37 6 5 206
9 46 1 37.848 -112.88 477 108 390 390 2014 7 3 21 38 6 5 206
9 46 1 37.805 -112.72 477 108 390 390 2014 7 3 21 39 6 5 203
9 46 1 37.752 -112.52 477 109 390 390 2014 7 3 21 40 6 5 203
9 46 1 37.707 -112.37 477 109 390 390 2014 7 3 21 41 6 5 203
9 46 1 37.659 -112.21 476 109 390 390 2014 7 3 21 42 6 5 203
9 46 1 37.605 -112.06 472 113 390 390 2014 7 3 21 43 6 5 203
9 46 1 37.551 -111.91 472 114 390 390 2014 7 3 21 44 6 5 203
9 46 1 37.497 -111.76 472 113 390 390 2014 7 3 21 45 6 5 203
9 46 1 37.444 -111.61 473 114 390 390 2014 7 3 21 46 6 6 269
9 46 1 37.38 -111.42 473 113 390 390 2014 7 3 21 47 6 6 269
9 46 1 37.326 -111.27 473 115 390 390 2014 7 3 21 48 6 6 269
9 46 1 37.271 -111.12 473 113 390 390 2014 7 3 21 49 6 6 269
9 46 1 37.216 -110.97 473 114 390 390 2014 7 3 21 50 6 6 269
9 46 1 37.183 -110.88 475 114 390 390 2014 7 3 21 51 6 6 269
9 46 1 37.128 -110.73 472 114 390 370 2014 7 3 21 52 6 6 269
9 46 1 37.073 -110.59 471 114 390 370 2014 7 3 21 53 6 6 269
9 46 1 37.018 -110.44 470 114 388 370 2014 7 3 21 54 6 6 269
9 46 1 36.965 -110.29 468 115 378 370 2014 7 3 21 55 6 6 269
9 46 1 36.903 -110.13 468 114 370 370 2014 7 3 21 56 6 6 269
9 46 1 36.848 -109.99 469 115 370 370 2014 7 3 21 57 6 6 269
9 46 1 36.787 -109.82 469 117 370 370 2014 7 3 21 58 6 6 269
9 46 1 36.733 -109.68 469 115 370 370 2014 7 3 21 59 6 6 269
9 46 1 36.67 -109.52 469 115 370 370 2014 7 3 22 0 6 6 269
9 46 1 36.615 -109.38 471 115 370 370 2014 7 3 22 1 6 6 269
9 46 1 36.553 -109.21 469 115 370 370 2014 7 3 22 2 6 6 259
9 46 1 36.499 -109.07 469 115 370 370 2014 7 3 22 3 6 6 259
9 46 1 36.435 -108.91 469 116 370 290 2014 7 3 22 4 6 6 259
9 46 1 36.38 -108.77 469 115 370 290 2014 7 3 22 5 6 6 259
9 46 1 36.325 -108.63 470 115 370 290 2014 7 3 22 6 7 6 259
9 46 1 36.269 -108.49 470 115 365 290 2014 7 3 22 7 6 6 259
9 46 1 36.204 -108.32 470 116 333 290 2014 7 3 22 8 6 6 260
9 46 1 36.149 -108.19 469 116 305 290 2014 7 3 22 9 6 6 260
9 46 1 36.095 -108.05 462 116 290 290 2014 7 3 22 10 6 6 260
9 46 1 36.086 -108.03 457 116 290 290 2014 7 3 22 11 6 6 260
9 46 1 36.013 -107.89 440 119 290 290 2014 7 3 22 12 6 2 88
9 46 1 35.925 -107.79 440 138 276 290 2014 7 3 22 13 6 2 68
9 46 1 35.828 -107.68 430 137 246 290 2014 7 3 22 14 6 2 68
9 46 1 35.744 -107.59 430 137 221 290 2014 7 3 22 15 6 2 68
9 46 1 35.581 -107.42 402 138 177 290 2014 7 3 22 16 6 2 68
9 46 1 35.547 -107.38 385 139 167 290 2014 7 3 22 17 6 2 68
9 46 1 35.503 -107.34 379 139 160 290 2014 7 3 22 18 6 2 68
9 46 1 35.379 -107.21 313 142 160 290 2014 7 3 22 19 6 2 68
9 46 1 35.322 -107.14 315 134 151 290 2014 7 3 22 20 8 2 80
9 46 1 35.273 -107.06 322 135 134 290 2014 7 3 22 21 9 2 80
9 46 1 35.255 -106.95 317 111 116 290 2014 7 3 22 22 6 2 80
9 46 1 35.226 -106.86 310 101 98 290 2014 7 3 22 23 6 2 80
9 46 1 35.146 -106.85 287 137 86 290 2014 7 3 22 24 7 2 80
9 46 1 35.083 -106.84 234 180 80 290 2014 7 3 22 25 6 2 80
9 46 1 35.044 -106.8 175 156 81 290 2014 7 3 22 26 6 2 80
9 46 1 35.044 -106.74 164 101 72 290 2014 7 3 22 27 6 2 80
9 46 1 35.044 -106.69 163 90 65 290 2014 7 3 22 28 6 2 80
9 46 1 35.043 -106.64 167 90 57 290 2014 7 3 22 29 6 2 80
10 46 1 37.842 -112.85 413 108 410 410 2014 7 3 5 14 15 5 206
10 46 1 37.75 -112.52 494 108 410 410 2014 7 3 5 16 6 5 203
10 46 1 37.704 -112.35 494 109 410 410 2014 7 3 5 17 16 5 203
10 46 1 37.653 -112.19 491 111 410 410 2014 7 3 5 18 15 5 203
10 46 1 37.597 -112.04 490 114 410 410 2014 7 3 5 19 16 5 203
10 46 1 37.542 -111.89 487 113 410 410 2014 7 3 5 20 16 5 203
10 46 1 37.488 -111.73 484 114 410 410 2014 7 3 5 21 16 5 203
10 46 1 37.436 -111.58 479 114 410 410 2014 7 3 5 22 16 6 269
10 46 1 37.381 -111.43 479 113 410 410 2014 7 3 5 23 15 6 269
10 46 1 37.326 -111.28 478 114 410 410 2014 7 3 5 24 6 6 269
10 46 1 37.269 -111.13 477 114 410 410 2014 7 3 5 25 6 6 269
10 46 1 37.215 -110.97 477 114 410 410 2014 7 3 5 26 6 6 269
10 46 1 37.161 -110.82 479 114 410 410 2014 7 3 5 27 15 6 269
10 46 1 37.096 -110.64 479 115 410 410 2014 7 3 5 28 16 6 269
10 46 1 37.04 -110.49 478 114 410 410 2014 7 3 5 29 15 6 269
10 46 1 36.984 -110.34 478 114 410 410 2014 7 3 5 30 15 6 269
10 46 1 36.938 -110.22 476 115 410 410 2014 7 3 5 31 6 6 269
10 46 1 36.876 -110.06 476 114 410 410 2014 7 3 5 32 16 6 269
10 46 1 36.824 -109.92 475 118 410 410 2014 7 3 5 33 15 6 269
10 46 1 36.759 -109.76 473 115 410 410 2014 7 3 5 34 16 6 269
10 46 1 36.706 -109.61 474 115 410 410 2014 7 3 5 35 16 6 269
10 46 1 36.652 -109.47 475 115 410 410 2014 7 3 5 36 15 6 269
10 46 1 36.587 -109.3 476 115 410 410 2014 7 3 5 37 15 6 269
10 46 1 36.532 -109.16 477 115 410 410 2014 7 3 5 38 15 6 259
10 46 1 36.475 -109.01 478 115 410 410 2014 7 3 5 39 15 6 259
10 46 1 36.42 -108.87 480 115 410 290 2014 7 3 5 40 6 6 259
10 46 1 36.356 -108.7 480 115 405 290 2014 7 3 5 41 16 6 259
10 46 1 36.297 -108.56 481 115 395 290 2014 7 3 5 42 16 6 259
10 46 1 36.238 -108.41 484 116 385 290 2014 7 3 5 43 15 6 259
10 46 1 36.153 -108.29 485 126 377 290 2014 7 3 5 44 15 6 259
10 46 1 36.053 -108.15 481 132 365 290 2014 7 3 5 45 15 6 259
10 46 1 35.965 -108.04 481 132 338 290 2014 7 3 5 46 6 2 88
10 46 1 35.878 -107.92 481 132 310 290 2014 7 3 5 47 16 2 88
10 46 1 35.781 -107.79 465 132 288 290 2014 7 3 5 48 15 2 68
10 46 1 35.701 -107.68 446 133 265 290 2014 7 3 5 49 6 2 68
10 46 1 35.638 -107.6 432 132 244 290 2014 7 3 5 50 15 2 68
10 46 1 35.527 -107.45 421 132 207 290 2014 7 3 5 51 16 2 68
10 46 1 35.451 -107.35 399 132 184 290 2014 7 3 5 52 15 2 68
10 46 1 35.383 -107.26 389 132 164 290 2014 7 3 5 53 15 2 68
10 46 1 35.311 -107.17 379 132 141 290 2014 7 3 5 54 16 2 80
10 46 1 35.248 -107.08 317 133 134 290 2014 7 3 5 55 16 2 80
10 46 1 35.208 -107 299 130 123 290 2014 7 3 5 56 15 2 80
10 46 1 35.196 -106.9 270 98 118 290 2014 7 3 5 57 16 2 80
10 46 1 35.16 -106.84 230 106 104 290 2014 7 3 5 58 15 2 80
10 46 1 35.1 -106.84 214 176 92 290 2014 7 3 5 59 6 2 80
10 46 1 35.072 -106.8 148 151 83 290 2014 7 3 6 0 6 2 80
10 46 1 35.066 -106.76 137 105 75 290 2014 7 3 6 1 15 2 80
10 46 1 35.052 -106.71 134 106 68 290 2014 7 3 6 2 15 2 80
10 46 1 35.044 -106.68 130 106 62 290 2014 7 3 6 3 15 2 80
10 46 1 35.044 -106.64 125 104 56 290 2014 7 3 6 4 15 2 80
11 46 1 37.75 -122.28 192 295 18 390 2014 7 4 14 35 6 4 155
11 46 1 37.8 -122.3 243 338 35 390 2014 7 4 14 36 6 4 155
11 46 1 37.819 -122.22 251 345 51 390 2014 7 4 14 37 15 4 155
11 46 1 37.819 -122.22 251 345 51 390 2014 7 4 14 38 6 4 155
11 46 1 37.839 -122.12 280 68 82 390 2014 7 4 14 39 6 4 155
11 46 1 37.861 -122.02 296 74 116 390 2014 7 4 14 40 6 4 155
11 46 1 37.916 -121.76 365 74 172 390 2014 7 4 14 41 16 4 171
11 46 1 37.916 -121.76 365 74 172 390 2014 7 4 14 42 6 4 171
11 46 1 37.972 -121.5 393 74 222 390 2014 7 4 14 43 16 4 171
11 46 1 38.002 -121.35 411 74 244 390 2014 7 4 14 44 15 4 185
11 46 1 38.031 -121.22 411 75 244 390 2014 7 4 14 45 15 4 185
11 46 1 38.032 -121.21 425 74 268 390 2014 7 4 14 46 6 4 185
11 46 1 38.062 -121.06 428 75 288 390 2014 7 4 14 47 16 4 185
11 46 1 38.107 -120.75 448 76 323 390 2014 7 4 14 48 15 4 185
11 46 1 38.107 -120.75 448 76 323 390 2014 7 4 14 49 6 4 185
11 46 1 38.127 -120.6 446 79 346 390 2014 7 4 14 50 16 4 185
11 46 1 38.151 -120.42 440 80 350 390 2014 7 4 14 51 6 4 185
11 46 1 38.172 -120.27 440 80 350 390 2014 7 4 14 52 6 4 185
11 46 1 38.192 -120.12 440 80 350 390 2014 7 4 14 53 6 4 185
11 46 1 38.213 -119.96 446 80 350 390 2014 7 4 14 54 15 4 185
11 46 1 38.234 -119.78 444 80 350 390 2014 7 4 14 55 15 4 185
11 46 1 38.255 -119.62 445 81 350 390 2014 7 4 14 56 6 4 185
11 46 1 38.273 -119.46 447 80 359 390 2014 7 4 14 57 6 4 185
11 46 1 38.291 -119.31 445 81 374 390 2014 7 4 14 58 16 4 185
11 46 1 38.31 -119.16 445 80 382 390 2014 7 4 14 59 6 4 180
11 46 1 38.33 -119 456 81 387 390 2014 7 4 15 0 15 4 180
11 46 1 38.332 -118.83 463 87 390 390 2014 7 4 15 1 6 4 180
11 46 1 38.331 -118.63 469 90 390 390 2014 7 4 15 2 15 4 180
11 46 1 38.331 -118.47 469 89 390 390 2014 7 4 15 3 6 4 180
11 46 1 38.33 -118.3 471 90 390 390 2014 7 4 15 4 15 4 180
11 46 1 38.328 -118.13 474 90 390 390 2014 7 4 15 5 6 4 180
11 46 1 38.328 -117.96 478 90 390 390 2014 7 4 15 6 6 4 180
11 46 1 38.327 -117.79 478 90 390 390 2014 7 4 15 7 16 4 180
11 46 1 38.327 -117.62 479 90 390 390 2014 7 4 15 8 6 4 180
11 46 1 38.324 -117.41 479 90 390 390 2014 7 4 15 9 15 4 180
11 46 1 38.322 -117.24 480 90 390 390 2014 7 4 15 10 15 5 204
11 46 1 38.32 -117.07 480 90 390 390 2014 7 4 15 11 15 5 204
11 46 1 38.316 -116.89 480 91 390 390 2014 7 4 15 12 18 5 204
11 46 1 38.314 -116.79 480 91 390 390 2014 7 4 15 13 6 5 204
11 46 1 38.31 -116.56 480 91 390 390 2014 7 4 15 14 15 5 204
11 46 1 38.307 -116.38 480 91 390 390 2014 7 4 15 15 6 5 204
11 46 1 38.305 -116.28 480 91 390 390 2014 7 4 15 16 6 5 204
11 46 1 38.3 -116.04 480 91 390 390 2014 7 4 15 17 6 5 204
11 46 1 38.296 -115.87 480 91 390 390 2014 7 4 15 18 6 5 204
11 46 1 38.294 -115.84 480 91 390 390 2014 7 4 15 19 15 5 204
11 46 1 38.29 -115.67 480 91 390 390 2014 7 4 15 20 6 5 204
11 46 1 38.281 -115.32 480 91 390 390 2014 7 4 15 21 15 5 204
11 46 1 38.276 -115.15 480 92 390 390 2014 7 4 15 22 16 5 204
11 46 1 38.276 -115.16 481 91 390 390 2014 7 4 15 23 6 5 204
11 46 1 38.271 -114.99 484 91 390 390 2014 7 4 15 24 6 5 204
11 46 1 38.264 -114.78 485 92 390 390 2014 7 4 15 25 15 5 204
11 46 1 38.256 -114.61 485 92 390 390 2014 7 4 15 26 6 5 204
11 46 1 38.251 -114.44 489 92 390 390 2014 7 4 15 27 15 5 204
11 46 1 38.219 -114.28 481 91 390 390 2014 7 4 15 28 6 5 204
11 46 1 38.177 -114.11 480 98 390 390 2014 7 4 15 29 16 5 204
11 46 1 38.135 -113.95 480 105 390 390 2014 7 4 15 30 6 5 206
11 46 1 38.084 -113.76 481 108 390 390 2014 7 4 15 31 6 5 206
11 46 1 38.041 -113.6 481 108 390 390 2014 7 4 15 32 6 5 206
11 46 1 37.999 -113.44 481 108 390 390 2014 7 4 15 33 6 5 206
11 46 1 37.956 -113.28 480 108 390 390 2014 7 4 15 34 16 5 206
11 46 1 37.914 -113.12 480 108 390 390 2014 7 4 15 35 15 5 206
11 46 1 37.87 -112.96 478 108 390 390 2014 7 4 15 36 6 5 206
11 46 1 37.827 -112.8 478 108 390 390 2014 7 4 15 37 6 5 206
11 46 1 37.782 -112.63 480 108 390 390 2014 7 4 15 38 16 5 203
11 46 1 37.728 -112.44 481 109 390 390 2014 7 4 15 39 6 5 203
11 46 1 37.683 -112.28 481 109 390 390 2014 7 4 15 40 15 5 203
11 46 1 37.628 -112.13 479 114 390 390 2014 7 4 15 41 6 5 203
11 46 1 37.574 -111.97 479 114 390 390 2014 7 4 15 42 6 5 203
11 46 1 37.521 -111.82 475 113 390 390 2014 7 4 15 43 6 5 203
11 46 1 37.466 -111.67 475 114 390 390 2014 7 4 15 44 15 6 269
11 46 1 37.401 -111.49 476 113 390 390 2014 7 4 15 45 6 6 269
11 46 1 37.348 -111.33 476 114 390 390 2014 7 4 15 46 16 6 269
11 46 1 37.293 -111.18 477 114 390 390 2014 7 4 15 47 16 6 269
11 46 1 37.293 -111.18 477 114 390 390 2014 7 4 15 48 6 6 269
11 46 1 37.18 -110.88 481 114 390 390 2014 7 4 15 49 16 6 269
11 46 1 37.18 -110.88 481 114 390 390 2014 7 4 15 50 6 6 269
11 46 1 37.126 -110.72 480 114 390 390 2014 7 4 15 51 6 6 269
11 46 1 37.004 -110.4 478 114 390 390 2014 7 4 15 52 16 6 269
11 46 1 37.003 -110.4 478 115 390 390 2014 7 4 15 53 6 6 269
11 46 1 36.948 -110.25 474 115 390 390 2014 7 4 15 54 15 6 269
11 46 1 36.891 -110.1 474 115 390 390 2014 7 4 15 55 6 6 269
11 46 1 36.837 -109.95 473 115 390 390 2014 7 4 15 56 15 6 269
11 46 1 36.774 -109.79 472 115 390 390 2014 7 4 15 57 6 6 269
11 46 1 36.721 -109.65 471 115 390 390 2014 7 4 15 58 6 6 269
11 46 1 36.621 -109.39 476 115 390 390 2014 7 4 15 59 16 6 269
11 46 1 36.604 -109.34 470 115 390 390 2014 7 4 16 0 6 6 269
11 46 1 36.503 -109.09 471 115 390 390 2014 7 4 16 1 15 6 259
11 46 1 36.486 -109.04 470 115 390 290 2014 7 4 16 2 15 6 259
11 46 1 36.432 -108.9 470 116 390 290 2014 7 4 16 3 6 6 259
11 46 1 36.367 -108.73 470 115 379 290 2014 7 4 16 4 6 6 259
11 46 1 36.31 -108.59 479 115 370 290 2014 7 4 16 5 15 6 259
11 46 1 36.243 -108.42 481 116 342 290 2014 7 4 16 6 6 6 260
11 46 1 36.186 -108.28 481 116 318 290 2014 7 4 16 7 6 6 260
11 46 1 36.13 -108.14 472 116 296 290 2014 7 4 16 8 6 6 260
11 46 1 36.069 -107.99 446 115 290 290 2014 7 4 16 9 6 2 88
11 46 1 35.999 -107.88 439 119 290 290 2014 7 4 16 10 6 2 88
11 46 1 35.894 -107.78 427 142 272 290 2014 7 4 16 11 6 2 68
11 46 1 35.806 -107.7 417 142 252 290 2014 7 4 16 12 15 2 68
11 46 1 35.706 -107.61 399 144 229 290 2014 7 4 16 13 15 2 68
11 46 1 35.664 -107.57 393 144 220 290 2014 7 4 16 14 6 2 68
11 46 1 35.572 -107.49 371 135 200 290 2014 7 4 16 15 16 2 68
11 46 1 35.464 -107.39 360 144 179 290 2014 7 4 16 16 6 2 68
11 46 1 35.391 -107.3 365 140 155 290 2014 7 4 16 17 15 2 68
11 46 1 35.341 -107.21 333 119 144 290 2014 7 4 16 18 6 2 68
11 46 1 35.296 -107.11 313 122 128 290 2014 7 4 16 19 15 2 80
11 46 1 35.236 -107.04 312 128 112 290 2014 7 4 16 20 6 2 80
11 46 1 35.173 -106.97 305 137 100 290 2014 7 4 16 21 6 2 80
11 46 1 35.109 -106.89 271 136 90 290 2014 7 4 16 22 16 2 80
11 46 1 35.087 -106.86 265 135 90 290 2014 7 4 16 23 6 2 80
11 46 1 35.045 -106.8 229 119 83 290 2014 7 4 16 24 15 2 80
11 46 1 35.044 -106.7 187 91 68 290 2014 7 4 16 25 15 2 80
11 46 1 35.045 -106.65 147 88 59 290 2014 7 4 16 26 15 2 80
11 46 1 35.043 -106.61 155 88 53 290 2014 7 4 16 27 6 2 80
12 46 1 37.717 -122.25 158 0 13 410 2014 7 4 4 3 16 4 155
12 46 1 37.765 -122.3 191 305 37 410 2014 7 4 4 4 6 4 155
12 46 1 37.808 -122.36 213 310 68 410 2014 7 4 4 5 16 4 155
12 46 1 37.861 -122.35 251 314 98 410 2014 7 4 4 6 6 4 155
12 46 1 37.877 -122.24 301 3 122 410 2014 7 4 4 7 6 4 155
12 46 1 37.898 -122.12 350 53 155 410 2014 7 4 4 8 6 4 155
12 46 1 37.918 -121.99 363 78 187 410 2014 7 4 4 9 6 4 155
12 46 1 37.94 -121.86 378 78 216 410 2014 7 4 4 10 6 4 155
12 46 1 37.963 -121.72 393 78 243 410 2014 7 4 4 11 6 4 185
12 46 1 37.986 -121.57 414 78 267 410 2014 7 4 4 12 15 4 185
12 46 1 38.014 -121.39 426 78 296 410 2014 7 4 4 13 6 4 185
12 46 1 38.036 -121.24 433 78 316 410 2014 7 4 4 14 6 4 185
12 46 1 38.06 -121.09 444 78 333 410 2014 7 4 4 15 6 4 185
12 46 1 38.084 -120.93 453 78 348 410 2014 7 4 4 16 6 4 185
12 46 1 38.104 -120.77 460 81 356 410 2014 7 4 4 17 6 4 185
12 46 1 38.126 -120.61 460 80 372 410 2014 7 4 4 18 16 4 185
12 46 1 38.147 -120.46 460 80 387 410 2014 7 4 4 19 15 4 185
12 46 1 38.167 -120.3 459 80 397 410 2014 7 4 4 20 15 4 185
12 46 1 38.188 -120.13 467 81 403 410 2014 7 4 4 21 6 4 185
12 46 1 38.212 -119.96 482 80 409 410 2014 7 4 4 22 6 4 185
12 46 1 38.238 -119.76 485 80 409 410 2014 7 4 4 23 6 4 185
12 46 1 38.258 -119.59 484 80 409 410 2014 7 4 4 24 15 4 185
12 46 1 38.277 -119.43 485 81 410 410 2014 7 4 4 25 15 4 185
12 46 1 38.298 -119.27 485 80 410 410 2014 7 4 4 26 15 4 185
12 46 1 38.314 -119.13 483 81 409 410 2014 7 4 4 27 8 4 180
12 46 1 38.334 -118.97 481 81 410 410 2014 7 4 4 28 6 4 180
12 46 1 38.353 -118.8 480 81 410 410 2014 7 4 4 29 6 4 180
12 46 1 38.373 -118.63 480 81 410 410 2014 7 4 4 30 6 4 180
12 46 1 38.401 -118.39 485 81 410 410 2014 7 4 4 31 6 4 180
12 46 1 38.419 -118.22 485 81 410 410 2014 7 4 4 32 6 4 180
12 46 1 38.438 -118.07 486 81 410 410 2014 7 4 4 33 15 4 180
12 46 1 38.456 -117.9 485 82 410 410 2014 7 4 4 34 6 4 180
12 46 1 38.47 -117.76 486 82 410 410 2014 7 4 4 35 6 4 180
12 46 1 38.489 -117.59 486 81 410 410 2014 7 4 4 36 6 4 180
12 46 1 38.507 -117.42 486 82 410 410 2014 7 4 4 37 6 4 180
12 46 1 38.511 -117.17 488 86 410 410 2014 7 4 4 38 16 5 204
12 46 1 38.496 -117 485 95 410 410 2014 7 4 4 39 16 5 204
12 46 1 38.482 -116.83 483 96 410 410 2014 7 4 4 40 15 5 204
12 46 1 38.47 -116.7 479 96 410 410 2014 7 4 4 41 6 5 204
12 46 1 38.453 -116.5 477 96 409 410 2014 7 4 4 42 15 5 204
12 46 1 38.441 -116.36 479 96 410 410 2014 7 4 4 43 15 5 204
12 46 1 38.426 -116.19 479 96 410 410 2014 7 4 4 44 16 5 204
12 46 1 38.411 -116.02 479 96 409 410 2014 7 4 4 45 15 5 204
12 46 1 38.406 -115.99 478 96 410 410 2014 7 4 4 46 6 5 204
12 46 1 38.379 -115.69 476 96 410 410 2014 7 4 4 47 16 5 204
12 46 1 38.363 -115.52 477 96 410 410 2014 7 4 4 48 15 5 204
12 46 1 38.347 -115.35 476 96 410 410 2014 7 4 4 49 16 5 204
12 46 1 38.33 -115.17 476 96 410 410 2014 7 4 4 50 16 5 204
12 46 1 38.314 -115 476 96 410 410 2014 7 4 4 51 6 5 204
12 46 1 38.297 -114.84 476 97 410 410 2014 7 4 4 52 15 5 204
12 46 1 38.297 -114.84 476 96 410 410 2014 7 4 4 53 15 5 204
12 46 1 38.279 -114.67 476 97 410 410 2014 7 4 4 54 6 5 204
12 46 1 38.261 -114.5 477 97 410 410 2014 7 4 4 55 16 5 204
12 46 1 38.236 -114.34 476 97 410 410 2014 7 4 4 56 15 5 204
12 46 1 38.194 -114.18 470 99 410 410 2014 7 4 4 57 7 5 204
12 46 1 38.104 -113.84 470 108 410 410 2014 7 4 4 58 15 5 206
12 46 1 38.063 -113.68 470 108 410 410 2014 7 4 4 59 15 5 206
12 46 1 38.061 -113.68 470 108 410 410 2014 7 4 5 0 15 5 206
12 46 1 38.02 -113.52 470 108 410 410 2014 7 4 5 1 6 5 206
12 46 1 37.954 -113.27 471 108 409 410 2014 7 4 5 2 16 5 206
12 46 1 37.912 -113.11 470 108 410 410 2014 7 4 5 3 16 5 206
12 46 1 37.869 -112.96 470 109 410 410 2014 7 4 5 4 15 5 206
12 46 1 37.827 -112.8 470 108 410 410 2014 7 4 5 5 6 5 206
12 46 1 37.784 -112.64 470 108 410 410 2014 7 4 5 6 6 5 203
12 46 1 37.766 -112.58 470 108 410 410 2014 7 4 5 7 15 5 203
12 46 1 37.722 -112.42 470 109 410 410 2014 7 4 5 8 15 5 203
12 46 1 37.678 -112.26 470 109 410 410 2014 7 4 5 9 6 5 203
12 46 1 37.624 -112.11 469 112 410 410 2014 7 4 5 10 16 5 203
12 46 1 37.53 -111.84 469 114 410 410 2014 7 4 5 11 15 5 203
12 46 1 37.474 -111.69 473 114 410 410 2014 7 4 5 12 15 6 269
12 46 1 37.421 -111.54 475 113 410 410 2014 7 4 5 13 15 6 269
12 46 1 37.366 -111.39 477 113 410 410 2014 7 4 5 14 15 6 269
12 46 1 37.312 -111.24 477 114 410 410 2014 7 4 5 15 16 6 269
12 46 1 37.291 -111.18 473 114 410 410 2014 7 4 5 16 15 6 269
12 46 1 37.237 -111.03 473 115 410 410 2014 7 4 5 17 15 6 269
12 46 1 37.181 -110.88 473 114 410 410 2014 7 4 5 18 15 6 269
12 46 1 37.126 -110.73 473 114 410 410 2014 7 4 5 19 15 6 269
12 46 1 37.07 -110.57 474 114 410 410 2014 7 4 5 20 16 6 269
12 46 1 37.014 -110.42 474 114 410 410 2014 7 4 5 21 6 6 269
12 46 1 36.98 -110.33 476 114 410 410 2014 7 4 5 22 15 6 269
12 46 1 36.866 -110.03 474 115 410 410 2014 7 4 5 23 15 6 269
12 46 1 36.813 -109.89 470 115 409 410 2014 7 4 5 24 15 6 269
12 46 1 36.743 -109.75 470 122 409 410 2014 7 4 5 25 15 6 269
12 46 1 36.751 -109.73 464 117 410 290 2014 7 4 5 26 16 6 269
12 46 1 36.662 -109.5 458 115 410 290 2014 7 4 5 27 6 6 269
12 46 1 36.608 -109.36 474 116 410 290 2014 7 4 5 28 16 6 269
12 46 1 36.583 -109.29 465 115 410 290 2014 7 4 5 29 15 6 269
12 46 1 36.491 -109.05 469 115 410 290 2014 7 4 5 30 15 6 259
12 46 1 36.436 -108.91 469 115 409 290 2014 7 4 5 31 15 6 259
12 46 1 36.41 -108.84 468 115 409 290 2014 7 4 5 32 7 6 259
12 46 1 36.319 -108.61 462 116 371 290 2014 7 4 5 33 15 6 259
12 46 1 36.264 -108.47 462 115 344 290 2014 7 4 5 34 15 6 260
12 46 1 36.246 -108.43 463 116 333 290 2014 7 4 5 35 6 6 260
12 46 1 36.145 -108.18 461 116 290 290 2014 7 4 5 36 16 6 260
12 46 1 36.069 -108.07 447 117 290 290 2014 7 4 5 37 6 6 260
12 46 1 36.042 -108.03 444 130 290 290 2014 7 4 5 38 15 2 88
12 46 1 35.944 -107.91 442 134 290 290 2014 7 4 5 39 15 2 88
12 46 1 35.861 -107.81 442 135 287 290 2014 7 4 5 40 15 2 68
12 46 1 35.779 -107.71 440 134 265 290 2014 7 4 5 41 6 2 68
12 46 1 35.699 -107.61 421 136 244 290 2014 7 4 5 42 6 2 68
12 46 1 35.638 -107.54 407 136 227 290 2014 7 4 5 43 6 2 68
12 46 1 35.493 -107.36 382 133 186 290 2014 7 4 5 44 15 2 68
12 46 1 35.493 -107.36 382 133 186 290 2014 7 4 5 45 6 2 68
12 46 1 35.338 -107.19 359 139 156 290 2014 7 4 5 46 15 2 68
12 46 1 35.262 -107.11 348 141 136 290 2014 7 4 5 47 16 2 80
12 46 1 35.188 -107.05 338 142 116 290 2014 7 4 5 48 15 2 80
12 46 1 35.122 -106.98 300 142 98 290 2014 7 4 5 49 15 2 80
12 46 1 35.115 -106.98 299 142 96 290 2014 7 4 5 50 16 2 80
12 46 1 35.07 -106.92 245 136 87 290 2014 7 4 5 51 6 2 80
12 46 1 35.05 -106.86 210 112 81 290 2014 7 4 5 52 15 2 80
12 46 1 35.044 -106.78 200 91 76 290 2014 7 4 5 53 15 2 80
12 46 1 35.045 -106.72 148 90 70 290 2014 7 4 5 54 6 2 80
12 46 1 35.043 -106.68 121 90 63 290 2014 7 4 5 55 15 2 80
12 46 1 35.044 -106.63 136 90 56 290 2014 7 4 5 56 6 2 80
12 46 1 35.043 -106.59 135 89 54 290 2014 7 4 5 57 6 2 80
