1 46 36 37.75 -122.28 184 0 22 370 2014 7 1 0 26 6 4 155
1 46 36 37.767 -122.35 217 292 47 370 2014 7 1 0 27 6 4 155
1 46 36 37.751 -122.42 216 262 67 370 2014 7 1 0 28 6 4 155
1 46 36 37.697 -122.38 216 154 67 370 2014 7 1 0 29 6 4 155
1 46 36 37.706 -122.47 232 201 91 370 2014 7 1 0 30 6 4 155
1 46 36 37.643 -122.53 267 216 104 370 2014 7 1 0 31 6 4 155
1 46 36 37.429 -122.55 361 183 147 370 2014 7 1 0 32 6 4 176
1 46 36 37.325 -122.55 369 182 167 370 2014 7 1 0 33 6 4 176
1 46 36 37.216 -122.56 377 184 188 370 2014 7 1 0 34 6 4 176
1 46 36 37.218 -122.56 379 183 189 370 2014 7 1 0 35 6 4 176
1 46 36 37.106 -122.57 387 181 207 370 2014 7 1 0 36 6 4 188
1 46 36 36.88 -122.55 417 174 241 370 2014 7 1 0 37 15 4 188
1 46 36 36.765 -122.54 417 176 241 370 2014 7 1 0 38 16 4 188
1 46 36 36.763 -122.53 420 165 256 370 2014 7 1 0 39 6 4 188
1 46 36 36.639 -122.45 429 156 272 370 2014 7 1 0 40 6 4 188
1 46 36 36.548 -122.34 442 135 284 370 2014 7 1 0 41 6 4 188
1 46 36 36.477 -122.25 454 137 295 370 2014 7 1 0 42 6 4 188
1 46 36 36.367 -122.11 458 136 311 370 2014 7 1 0 43 6 4 188
1 46 36 36.273 -122.01 458 134 325 370 2014 7 1 0 44 6 4 188
1 46 36 36.184 -121.9 457 138 340 370 2014 7 1 0 45 6 4 188
1 46 36 36.071 -121.77 457 134 349 370 2014 7 1 0 46 6 4 188
1 46 36 35.979 -121.66 457 136 361 370 2014 7 1 0 47 6 4 188
1 46 36 35.886 -121.56 457 136 369 370 2014 7 1 0 48 6 4 188
1 46 36 35.796 -121.45 456 136 370 370 2014 7 1 0 49 6 4 188
1 46 36 35.701 -121.34 458 137 370 370 2014 7 1 0 50 6 4 188
1 46 36 35.605 -121.23 460 136 370 370 2014 7 1 0 51 6 4 188
1 46 36 35.51 -121.12 465 137 370 370 2014 7 1 0 52 6 4 188
1 46 36 35.382 -121.02 461 145 370 370 2014 7 1 0 53 16 1 55
1 46 36 35.277 -120.93 457 146 370 370 2014 7 1 0 54 6 1 55
1 46 36 35.168 -120.85 459 147 370 370 2014 7 1 0 55 6 1 55
1 46 36 35.092 -120.78 458 147 370 370 2014 7 1 0 56 6 1 55
1 46 36 34.953 -120.68 459 147 370 370 2014 7 1 0 57 6 1 55
1 46 36 34.836 -120.59 459 147 370 370 2014 7 1 0 58 6 1 55
1 46 36 34.729 -120.5 458 147 369 370 2014 7 1 0 59 6 1 55
1 46 36 34.643 -120.43 461 148 369 370 2014 7 1 1 0 6 1 55
1 46 36 34.513 -120.34 457 146 362 370 2014 7 1 1 1 6 1 55
1 46 36 34.383 -120.24 458 149 350 370 2014 7 1 1 2 6 1 55
1 46 36 34.276 -120.16 458 147 350 370 2014 7 1 1 3 6 1 55
1 46 36 34.196 -120.03 473 145 325 370 2014 7 1 1 4 6 1 55
1 46 36 34.126 -119.89 482 131 301 370 2014 7 1 1 5 6 1 55
1 46 36 34.057 -119.75 482 121 301 370 2014 7 1 1 6 6 1 55
1 46 36 34.059 -119.75 478 124 278 370 2014 7 1 1 7 6 1 55
1 46 36 33.976 -119.59 477 120 250 370 2014 7 1 1 8 6 1 55
1 46 36 33.91 -119.46 460 121 227 370 2014 7 1 1 9 6 1 24
1 46 36 33.849 -119.33 436 121 205 370 2014 7 1 1 10 6 1 24
1 46 36 33.789 -119.22 415 121 182 370 2014 7 1 1 11 6 1 24
1 46 36 33.729 -119.1 412 121 157 370 2014 7 1 1 12 6 1 24
1 46 36 33.672 -118.99 397 121 134 370 2014 7 1 1 13 6 1 24
1 46 36 33.6 -118.85 375 121 109 370 2014 7 1 1 14 6 1 24
1 46 36 33.55 -118.73 341 119 105 370 2014 7 1 1 15 6 1 2
1 46 36 33.533 -118.63 299 100 87 370 2014 7 1 1 16 6 1 2
1 46 36 33.533 -118.53 291 94 66 370 2014 7 1 1 17 6 1 2
1 46 36 33.55 -118.45 287 76 47 370 2014 7 1 1 18 6 1 2
1 46 36 33.572 -118.36 285 72 39 370 2014 7 1 1 19 16 1 2
1 46 36 33.617 -118.28 263 65 30 370 2014 7 1 1 20 6 1 2
1 46 36 33.637 -118.22 246 66 30 370 2014 7 1 1 21 6 1 2
1 46 36 33.639 -118.15 229 73 30 370 2014 7 1 1 22 6 1 2
1 46 36 33.682 -118.1 222 51 29 370 2014 7 1 1 23 6 1 2
1 46 36 33.736 -118.06 203 29 18 370 2014 7 1 1 24 6 1 2
1 46 36 33.773 -118.1 180 320 11 370 2014 7 1 1 25 6 1 2
1 46 36 33.801 -118.13 159 320 3 370 2014 7 1 1 26 6 1 2
2 46 36 37.733 -122.25 155 0 18 350 2014 7 1 2 35 6 4 155
2 46 36 37.759 -122.35 236 290 41 350 2014 7 1 2 36 7 4 155
2 46 36 37.72 -122.43 279 287 74 350 2014 7 1 2 37 6 4 155
2 46 36 37.645 -122.47 292 207 103 350 2014 7 1 2 38 16 4 155
2 46 36 37.553 -122.49 344 219 118 350 2014 7 1 2 39 6 4 155
2 46 36 37.453 -122.5 354 196 144 350 2014 7 1 2 40 6 4 156
2 46 36 37.37 -122.52 357 186 162 350 2014 7 1 2 41 6 4 176
2 46 36 37.263 -122.53 375 187 187 350 2014 7 1 2 42 6 4 176
2 46 36 37.133 -122.54 390 182 212 350 2014 7 1 2 43 6 4 188
2 46 36 37.039 -122.46 414 148 228 350 2014 7 1 2 44 15 4 188
2 46 36 36.944 -122.38 417 141 245 350 2014 7 1 2 45 6 4 188
2 46 36 36.849 -122.29 420 145 262 350 2014 7 1 2 46 6 4 188
2 46 36 36.731 -122.18 439 144 276 350 2014 7 1 2 47 16 4 188
2 46 36 36.627 -122.09 460 144 287 350 2014 7 1 2 48 6 4 188
2 46 36 36.539 -122.02 463 142 301 350 2014 7 1 2 49 6 4 188
2 46 36 36.417 -121.91 454 144 328 350 2014 7 1 2 50 6 4 188
2 46 36 36.325 -121.82 424 145 349 350 2014 7 1 2 51 6 4 188
2 46 36 36.227 -121.74 430 144 350 350 2014 7 1 2 52 6 4 188
2 46 36 36.121 -121.64 460 145 350 350 2014 7 1 2 53 6 4 188
2 46 36 36.014 -121.55 469 145 350 350 2014 7 1 2 54 6 4 188
2 46 36 35.905 -121.46 469 145 350 350 2014 7 1 2 55 6 4 188
2 46 36 35.778 -121.35 469 144 350 350 2014 7 1 2 56 6 4 188
2 46 36 35.671 -121.25 470 144 350 350 2014 7 1 2 57 6 4 188
2 46 36 35.58 -121.18 470 144 350 350 2014 7 1 2 58 6 4 188
2 46 36 35.451 -121.06 471 144 350 350 2014 7 1 2 59 6 4 188
2 46 36 35.458 -121.07 471 144 350 350 2014 7 1 3 0 6 4 188
2 46 36 35.34 -120.98 472 147 350 350 2014 7 1 3 1 6 1 55
2 46 36 35.229 -120.89 472 147 350 350 2014 7 1 3 2 6 1 55
2 46 36 35.005 -120.72 474 147 350 350 2014 7 1 3 3 16 1 55
2 46 36 35.005 -120.72 474 147 350 350 2014 7 1 3 4 6 1 55
2 46 36 34.893 -120.63 474 147 350 350 2014 7 1 3 5 6 1 55
2 46 36 34.773 -120.54 475 147 350 350 2014 7 1 3 6 6 1 55
2 46 36 34.66 -120.45 479 147 350 350 2014 7 1 3 7 6 1 55
2 46 36 34.548 -120.36 474 148 344 350 2014 7 1 3 8 6 1 55
2 46 36 34.414 -120.26 474 148 333 350 2014 7 1 3 9 15 1 55
2 46 36 34.311 -120.18 464 147 319 350 2014 7 1 3 10 6 1 55
2 46 36 34.224 -120.07 452 147 299 350 2014 7 1 3 11 6 1 55
2 46 36 34.157 -119.95 450 133 279 350 2014 7 1 3 12 6 1 55
2 46 36 34.089 -119.81 471 128 258 350 2014 7 1 3 13 16 1 55
2 46 36 34.019 -119.67 480 121 237 350 2014 7 1 3 14 6 1 24
2 46 36 33.937 -119.51 476 121 213 350 2014 7 1 3 15 6 1 24
2 46 36 33.873 -119.38 458 121 193 350 2014 7 1 3 16 6 1 24
2 46 36 33.808 -119.26 447 120 171 350 2014 7 1 3 17 6 1 24
2 46 36 33.745 -119.13 436 121 151 350 2014 7 1 3 18 6 1 24
2 46 36 33.683 -119.01 423 121 131 350 2014 7 1 3 19 6 1 24
2 46 36 33.6 -118.85 416 121 110 350 2014 7 1 3 20 6 1 24
2 46 36 33.575 -118.75 386 112 102 350 2014 7 1 3 21 6 1 2
2 46 36 33.55 -118.63 297 98 84 350 2014 7 1 3 22 6 1 2
2 46 36 33.533 -118.53 292 102 62 350 2014 7 1 3 23 6 1 2
2 46 36 33.55 -118.43 281 82 44 350 2014 7 1 3 24 6 1 2
2 46 36 33.583 -118.35 255 76 37 350 2014 7 1 3 25 6 1 2
2 46 36 33.598 -118.3 256 56 33 350 2014 7 1 3 26 6 1 2
2 46 36 33.633 -118.22 218 71 30 350 2014 7 1 3 27 6 1 2
2 46 36 33.667 -118.15 214 62 30 350 2014 7 1 3 28 6 1 2
2 46 36 33.688 -118.1 221 59 22 350 2014 7 1 3 29 6 1 2
2 46 36 33.721 -118.05 218 39 16 350 2014 7 1 3 30 6 1 2
2 46 36 33.757 -118.08 185 320 15 350 2014 7 1 3 31 6 1 2
2 46 36 33.791 -118.12 160 308 6 350 2014 7 1 3 32 6 1 2
3 46 36 37.717 -122.25 155 0 12 390 2014 7 1 15 58 16 4 155
3 46 36 37.75 -122.28 224 258 28 390 2014 7 1 15 59 6 4 155
3 46 36 37.78 -122.39 266 310 61 390 2014 7 1 16 0 16 4 155
3 46 36 37.78 -122.39 266 310 61 390 2014 7 1 16 1 7 4 155
3 46 36 37.718 -122.46 281 232 93 390 2014 7 1 16 2 16 4 155
3 46 36 37.683 -122.5 300 219 100 390 2014 7 1 16 3 15 4 155
3 46 36 37.559 -122.55 349 224 126 390 2014 7 1 16 4 6 4 155
3 46 36 37.461 -122.56 355 173 153 390 2014 7 1 16 5 16 4 156
3 46 36 37.359 -122.56 362 182 178 390 2014 7 1 16 6 13 4 176
3 46 36 37.253 -122.56 376 178 203 390 2014 7 1 16 7 15 4 188
3 46 36 37.14 -122.57 395 181 223 390 2014 7 1 16 8 6 4 188
3 46 36 37.031 -122.57 402 180 243 390 2014 7 1 16 9 6 4 188
3 46 36 36.926 -122.5 424 150 260 390 2014 7 1 16 10 6 4 188
3 46 36 36.811 -122.39 447 141 276 390 2014 7 1 16 11 6 4 188
3 46 36 36.712 -122.29 460 141 290 390 2014 7 1 16 12 6 4 188
3 46 36 36.609 -122.19 476 141 299 390 2014 7 1 16 13 16 4 188
3 46 36 36.507 -122.08 481 141 312 390 2014 7 1 16 14 6 4 188
3 46 36 36.381 -121.96 482 141 331 390 2014 7 1 16 15 16 4 188
3 46 36 36.277 -121.86 477 141 348 390 2014 7 1 16 16 6 4 188
3 46 36 36.175 -121.76 470 141 360 390 2014 7 1 16 17 6 4 188
3 46 36 36.072 -121.66 470 141 372 390 2014 7 1 16 18 16 4 188
3 46 36 35.97 -121.56 470 141 381 390 2014 7 1 16 19 6 4 188
3 46 36 35.867 -121.46 471 141 389 390 2014 7 1 16 20 16 4 188
3 46 36 35.744 -121.34 471 141 390 390 2014 7 1 16 21 11 4 188
3 46 36 35.641 -121.24 473 141 390 390 2014 7 1 16 22 16 4 188
3 46 36 35.532 -121.13 473 142 390 390 2014 7 1 16 23 16 4 188
3 46 36 35.452 -121.07 472 144 389 390 2014 7 1 16 24 6 4 188
3 46 36 35.322 -120.96 470 145 390 390 2014 7 1 16 25 6 1 55
3 46 36 35.315 -120.96 471 147 390 390 2014 7 1 16 26 7 1 55
3 46 36 35.104 -120.79 470 147 390 390 2014 7 1 16 27 6 1 55
3 46 36 34.994 -120.71 469 147 390 390 2014 7 1 16 28 6 1 55
3 46 36 34.874 -120.62 468 147 390 390 2014 7 1 16 29 6 1 55
3 46 36 34.844 -120.59 468 147 390 390 2014 7 1 16 30 6 1 55
3 46 36 34.734 -120.51 467 147 389 390 2014 7 1 16 31 6 1 55
3 46 36 34.624 -120.42 466 147 390 390 2014 7 1 16 32 6 1 55
3 46 36 34.428 -120.27 466 147 387 390 2014 7 1 16 33 6 1 55
3 46 36 34.406 -120.26 466 147 385 390 2014 7 1 16 34 16 1 55
3 46 36 34.287 -120.15 464 147 364 390 2014 7 1 16 35 6 1 55
3 46 36 34.202 -120.03 467 144 339 390 2014 7 1 16 36 6 1 55
3 46 36 34.132 -119.9 474 137 312 390 2014 7 1 16 37 6 1 55
3 46 36 34.064 -119.76 474 126 289 390 2014 7 1 16 38 6 1 55
3 46 36 33.997 -119.63 465 121 266 390 2014 7 1 16 39 16 1 55
3 46 36 33.932 -119.5 452 121 241 390 2014 7 1 16 40 16 1 55
3 46 36 33.858 -119.35 425 121 213 390 2014 7 1 16 41 6 1 24
3 46 36 33.798 -119.24 409 121 188 390 2014 7 1 16 42 6 1 24
3 46 36 33.74 -119.12 400 121 161 390 2014 7 1 16 43 6 1 24
3 46 36 33.684 -119.02 386 121 138 390 2014 7 1 16 44 6 1 24
3 46 36 33.631 -118.91 363 121 118 390 2014 7 1 16 45 16 1 24
3 46 36 33.575 -118.79 364 120 110 390 2014 7 1 16 46 6 1 24
3 46 36 33.555 -118.68 337 101 103 390 2014 7 1 16 47 6 1 2
3 46 36 33.536 -118.59 308 111 91 390 2014 7 1 16 48 16 1 2
3 46 36 33.519 -118.49 298 101 74 390 2014 7 1 16 49 6 1 2
3 46 36 33.516 -118.4 299 89 62 390 2014 7 1 16 50 16 1 2
3 46 36 33.567 -118.3 292 64 51 390 2014 7 1 16 51 6 1 2
3 46 36 33.607 -118.23 285 54 44 390 2014 7 1 16 52 6 1 2
3 46 36 33.642 -118.16 257 59 38 390 2014 7 1 16 53 15 1 2
3 46 36 33.674 -118.1 224 58 27 390 2014 7 1 16 54 6 1 2
3 46 36 33.718 -118.04 218 51 16 390 2014 7 1 16 55 6 1 2
3 46 36 33.733 -118.05 194 50 16 390 2014 7 1 16 56 6 1 2
3 46 36 33.788 -118.12 179 308 7 390 2014 7 1 16 57 16 1 2
3 46 36 33.814 -118.15 149 320 390 390 2014 7 1 16 58 16 1 51
3 46 36 33.814 -118.15 149 320 390 390 2014 7 1 16 59 15 1 51
4 46 36 37.725 -122.25 152 0 15 390 2014 7 1 20 28 6 4 155
4 46 36 37.764 -122.3 198 300 31 390 2014 7 1 20 29 6 4 155
4 46 36 37.755 -122.39 263 314 62 390 2014 7 1 20 30 6 4 155
4 46 36 37.724 -122.48 280 273 93 390 2014 7 1 20 31 6 4 155
4 46 36 37.649 -122.53 318 254 113 390 2014 7 1 20 32 6 4 155
4 46 36 37.552 -122.53 342 195 138 390 2014 7 1 20 33 16 4 155
4 46 36 37.451 -122.54 359 182 165 390 2014 7 1 20 34 16 4 156
4 46 36 37.364 -122.55 372 182 184 350 2014 7 1 20 35 6 4 176
4 46 36 37.24 -122.56 380 183 214 350 2014 7 1 20 36 6 4 188
4 46 36 37.106 -122.56 395 182 237 350 2014 7 1 20 37 6 4 188
4 46 36 37.008 -122.47 426 153 253 350 2014 7 1 20 38 16 4 188
4 46 36 36.909 -122.38 441 144 266 350 2014 7 1 20 39 16 4 188
4 46 36 36.804 -122.28 470 142 278 350 2014 7 1 20 40 16 4 188
4 46 36 36.696 -122.19 480 143 292 350 2014 7 1 20 41 6 4 188
4 46 36 36.587 -122.08 484 144 305 350 2014 7 1 20 42 6 4 188
4 46 36 36.476 -121.98 493 142 326 350 2014 7 1 20 43 15 4 188
4 46 36 36.371 -121.89 476 143 344 350 2014 7 1 20 44 6 4 188
4 46 36 36.247 -121.77 470 143 350 350 2014 7 1 20 45 6 4 188
4 46 36 36.159 -121.7 471 143 349 350 2014 7 1 20 46 6 4 188
4 46 36 36.054 -121.6 471 143 349 350 2014 7 1 20 47 6 4 188
4 46 36 35.928 -121.49 470 144 349 350 2014 7 1 20 48 6 4 188
4 46 36 35.826 -121.39 466 144 349 350 2014 7 1 20 49 16 4 188
4 46 36 35.72 -121.3 469 144 350 350 2014 7 1 20 50 15 4 188
4 46 36 35.607 -121.2 472 144 350 350 2014 7 1 20 51 6 4 188
4 46 36 35.5 -121.11 473 143 350 350 2014 7 1 20 52 6 4 188
4 46 36 35.39 -121.02 472 146 349 350 2014 7 1 20 53 16 1 55
4 46 36 35.266 -120.92 470 148 350 350 2014 7 1 20 54 6 1 55
4 46 36 35.17 -120.85 471 146 349 350 2014 7 1 20 55 6 1 55
4 46 36 35.047 -120.75 472 147 350 350 2014 7 1 20 56 6 1 55
4 46 36 35.036 -120.74 472 147 350 350 2014 7 1 20 57 6 1 55
4 46 36 34.804 -120.56 472 147 349 350 2014 7 1 20 58 15 1 55
4 46 36 34.814 -120.57 472 147 349 350 2014 7 1 20 59 6 1 55
4 46 36 34.694 -120.48 472 146 349 350 2014 7 1 21 0 6 1 55
4 46 36 34.581 -120.39 481 147 350 350 2014 7 1 21 1 6 1 55
4 46 36 34.469 -120.3 477 149 350 350 2014 7 1 21 2 6 1 55
4 46 36 34.359 -120.22 470 147 350 350 2014 7 1 21 3 6 1 55
4 46 36 34.246 -120.1 476 147 348 350 2014 7 1 21 4 6 1 55
4 46 36 34.167 -119.97 483 136 316 350 2014 7 1 21 5 6 1 55
4 46 36 34.098 -119.83 487 132 293 350 2014 7 1 21 6 6 1 55
4 46 36 34.032 -119.7 467 123 273 350 2014 7 1 21 7 6 1 55
4 46 36 33.956 -119.55 441 120 247 350 2014 7 1 21 8 6 1 55
4 46 36 33.896 -119.43 420 121 225 350 2014 7 1 21 9 6 1 24
4 46 36 33.839 -119.32 405 121 206 350 2014 7 1 21 10 15 1 24
4 46 36 33.783 -119.21 384 120 181 350 2014 7 1 21 11 6 1 24
4 46 36 33.73 -119.1 371 121 150 350 2014 7 1 21 12 16 1 24
4 46 36 33.677 -119 367 123 129 350 2014 7 1 21 13 6 1 24
4 46 36 33.617 -118.9 351 121 110 350 2014 7 1 21 14 16 1 24
4 46 36 33.566 -118.78 354 120 110 350 2014 7 1 21 15 16 1 24
4 46 36 33.546 -118.68 330 99 101 350 2014 7 1 21 16 6 1 2
4 46 36 33.528 -118.58 302 103 78 350 2014 7 1 21 17 6 1 2
4 46 36 33.507 -118.47 295 101 49 350 2014 7 1 21 18 6 1 2
4 46 36 33.515 -118.38 291 101 40 350 2014 7 1 21 19 16 1 2
4 46 36 33.544 -118.3 281 64 31 350 2014 7 1 21 20 16 1 2
4 46 36 33.572 -118.22 274 64 31 350 2014 7 1 21 21 6 1 2
4 46 36 33.595 -118.15 242 73 31 350 2014 7 1 21 22 16 1 2
4 46 36 33.644 -118.09 223 59 22 350 2014 7 1 21 23 15 1 2
4 46 36 33.694 -118.05 217 29 16 350 2014 7 1 21 24 21 1 2
4 46 36 33.717 -118.03 206 32 16 350 2014 7 1 21 25 16 1 2
4 46 36 33.75 -118.07 182 14 16 350 2014 7 1 21 26 6 1 2
4 46 36 33.783 -118.12 152 301 8 350 2014 7 1 21 27 6 1 2
4 46 36 33.817 -118.15 138 316 2 350 2014 7 1 21 28 16 1 2
4 46 36 33.825 -118.16 147 320 1 350 2014 7 1 21 29 6 1 2
5 46 36 37.725 -122.25 152 0 350 350 2014 7 2 0 26 6 4 185
5 46 36 37.76 -122.3 197 279 27 350 2014 7 2 0 27 6 4 155
5 46 36 37.779 -122.39 251 300 53 350 2014 7 2 0 28 6 4 155
5 46 36 37.76 -122.49 277 295 85 350 2014 7 2 0 29 6 4 155
5 46 36 37.704 -122.56 304 270 101 350 2014 7 2 0 30 6 4 155
5 46 36 37.619 -122.6 347 240 116 350 2014 7 2 0 31 6 4 155
5 46 36 37.519 -122.6 360 191 142 350 2014 7 2 0 32 16 4 155
5 46 36 37.416 -122.59 368 188 166 350 2014 7 2 0 33 15 4 176
5 46 36 37.309 -122.59 376 177 190 350 2014 7 2 0 34 15 4 176
5 46 36 37.206 -122.55 399 178 209 350 2014 7 2 0 35 15 4 188
5 46 36 37.111 -122.46 420 154 226 350 2014 7 2 0 36 6 4 188
5 46 36 37.01 -122.39 425 142 242 350 2014 7 2 0 37 6 4 188
5 46 36 36.909 -122.3 440 145 254 350 2014 7 2 0 38 16 4 188
5 46 36 36.784 -122.18 459 146 272 350 2014 7 2 0 39 15 4 188
5 46 36 36.677 -122.09 468 145 285 350 2014 7 2 0 40 6 4 188
5 46 36 36.565 -122 478 145 297 350 2014 7 2 0 41 6 4 188
5 46 36 36.454 -121.9 480 145 314 350 2014 7 2 0 42 16 4 188
5 46 36 36.346 -121.81 472 145 333 350 2014 7 2 0 43 6 4 188
5 46 36 36.24 -121.72 471 145 345 350 2014 7 2 0 44 6 4 188
5 46 36 36.13 -121.63 471 144 350 350 2014 7 2 0 45 16 4 188
5 46 36 36.001 -121.52 469 145 349 350 2014 7 2 0 46 6 4 188
5 46 36 35.894 -121.43 469 145 350 350 2014 7 2 0 47 15 4 188
5 46 36 35.788 -121.34 468 145 350 350 2014 7 2 0 48 16 4 188
5 46 36 35.678 -121.25 469 146 350 350 2014 7 2 0 49 15 4 188
5 46 36 35.571 -121.16 467 145 349 350 2014 7 2 0 50 6 4 188
5 46 36 35.464 -121.07 467 146 349 350 2014 7 2 0 51 6 4 188
5 46 36 35.347 -120.98 467 147 349 350 2014 7 2 0 52 15 1 55
5 46 36 35.238 -120.9 467 147 349 350 2014 7 2 0 53 15 1 55
5 46 36 35.127 -120.81 469 147 349 350 2014 7 2 0 54 16 1 55
5 46 36 34.996 -120.71 468 147 350 350 2014 7 2 0 55 16 1 55
5 46 36 34.908 -120.64 466 147 349 350 2014 7 2 0 56 16 1 55
5 46 36 34.797 -120.56 467 147 350 350 2014 7 2 0 57 16 1 55
5 46 36 34.679 -120.46 468 147 350 350 2014 7 2 0 58 15 1 55
5 46 36 34.547 -120.36 469 147 349 350 2014 7 2 0 59 16 1 55
5 46 36 34.46 -120.3 466 148 346 350 2014 7 2 1 0 16 1 55
5 46 36 34.438 -120.28 462 148 344 350 2014 7 2 1 1 6 1 55
5 46 36 34.316 -120.18 466 148 334 350 2014 7 2 1 2 15 1 55
5 46 36 34.222 -120.07 474 146 322 350 2014 7 2 1 3 6 1 55
5 46 36 34.15 -119.94 473 140 299 350 2014 7 2 1 4 6 1 55
5 46 36 34.085 -119.8 466 126 278 350 2014 7 2 1 5 6 1 55
5 46 36 34.017 -119.67 460 121 257 350 2014 7 2 1 6 8 1 55
5 46 36 33.955 -119.55 447 121 236 350 2014 7 2 1 7 6 1 24
5 46 36 33.891 -119.42 438 121 210 350 2014 7 2 1 8 6 1 24
5 46 36 33.822 -119.28 407 121 210 350 2014 7 2 1 9 6 1 24
5 46 36 33.762 -119.17 413 121 177 350 2014 7 2 1 10 6 1 24
5 46 36 33.701 -119.05 417 121 148 350 2014 7 2 1 11 6 1 24
5 46 36 33.643 -118.94 402 121 122 350 2014 7 2 1 12 17 1 24
5 46 36 33.587 -118.83 384 120 110 350 2014 7 2 1 13 6 1 24
5 46 36 33.559 -118.71 321 101 110 350 2014 7 2 1 14 6 1 2
5 46 36 33.55 -118.62 304 103 110 350 2014 7 2 1 15 16 1 2
5 46 36 33.546 -118.51 305 86 95 350 2014 7 2 1 16 12 1 2
5 46 36 33.549 -118.41 300 89 75 350 2014 7 2 1 17 6 1 2
5 46 36 33.567 -118.32 290 76 60 350 2014 7 2 1 18 6 1 2
5 46 36 33.611 -118.22 290 67 44 350 2014 7 2 1 19 6 1 2
5 46 36 33.642 -118.15 260 59 41 350 2014 7 2 1 20 16 1 2
5 46 36 33.667 -118.1 223 62 33 350 2014 7 2 1 21 7 1 2
5 46 36 33.721 -118.06 203 29 21 350 2014 7 2 1 22 16 1 2
5 46 36 33.758 -118.08 169 0 15 350 2014 7 2 1 23 15 1 2
5 46 36 33.789 -118.11 144 320 7 350 2014 7 2 1 24 15 1 2
5 46 36 33.813 -118.15 133 301 350 350 2014 7 2 1 25 16 1 51
6 46 36 37.721 -122.22 153 0 0 350 2014 7 2 2 55 15 4 155
6 46 36 37.756 -122.3 183 138 29 350 2014 7 2 2 58 15 4 155
6 46 36 37.647 -122.41 289 300 94 350 2014 7 2 2 59 16 4 155
6 46 36 37.561 -122.43 313 244 115 350 2014 7 2 3 0 6 4 155
6 46 36 37.363 -122.48 349 190 164 350 2014 7 2 3 1 15 4 176
6 46 36 37.361 -122.48 364 190 164 350 2014 7 2 3 2 15 4 176
6 46 36 37.257 -122.51 374 192 188 350 2014 7 2 3 3 6 4 176
6 46 36 37.149 -122.53 385 190 209 350 2014 7 2 3 4 15 4 188
6 46 36 37.039 -122.54 411 184 227 350 2014 7 2 3 5 16 4 188
6 46 36 36.942 -122.45 428 147 243 350 2014 7 2 3 6 6 4 188
6 46 36 36.844 -122.36 441 142 259 350 2014 7 2 3 7 16 4 188
6 46 36 36.745 -122.27 448 142 274 350 2014 7 2 3 8 15 4 188
6 46 36 36.621 -122.16 457 140 290 350 2014 7 2 3 9 16 4 188
6 46 36 36.518 -122.06 465 141 305 350 2014 7 2 3 10 15 4 188
6 46 36 36.412 -121.96 466 143 322 350 2014 7 2 3 11 6 4 188
6 46 36 36.313 -121.86 467 144 337 350 2014 7 2 3 12 6 4 188
6 46 36 36.211 -121.76 464 142 348 350 2014 7 2 3 13 6 4 188
6 46 36 36.106 -121.66 468 142 350 350 2014 7 2 3 14 15 4 188
6 46 36 36 -121.57 472 143 350 350 2014 7 2 3 15 16 4 188
6 46 36 35.871 -121.45 476 142 350 350 2014 7 2 3 16 16 4 188
6 46 36 35.764 -121.35 478 142 350 350 2014 7 2 3 17 15 4 188
6 46 36 35.658 -121.25 481 143 350 350 2014 7 2 3 18 15 4 188
6 46 36 35.551 -121.15 481 143 350 350 2014 7 2 3 19 15 4 188
6 46 36 35.434 -121.05 482 144 350 350 2014 7 2 3 20 6 1 55
6 46 36 35.322 -120.97 481 147 350 350 2014 7 2 3 21 15 1 55
6 46 36 35.209 -120.88 481 147 350 350 2014 7 2 3 22 15 1 55
6 46 36 35.097 -120.79 481 147 350 350 2014 7 2 3 23 6 1 55
6 46 36 34.982 -120.7 481 147 345 350 2014 7 2 3 24 6 1 55
6 46 36 34.848 -120.59 481 147 333 350 2014 7 2 3 25 6 1 55
6 46 36 34.757 -120.52 480 147 325 350 2014 7 2 3 26 15 1 55
6 46 36 34.635 -120.43 487 147 315 350 2014 7 2 3 27 6 1 55
6 46 36 34.5 -120.33 481 147 310 350 2014 7 2 3 28 15 1 55
6 46 36 34.386 -120.24 481 148 310 350 2014 7 2 3 29 15 1 55
6 46 36 34.284 -120.15 482 148 310 350 2014 7 2 3 30 16 1 55
6 46 36 34.197 -120.03 488 145 310 350 2014 7 2 3 31 16 1 55
6 46 36 34.112 -119.86 493 136 310 350 2014 7 2 3 32 15 1 55
6 46 36 34.041 -119.72 492 125 296 350 2014 7 2 3 33 6 1 55
6 46 36 33.971 -119.58 492 121 296 350 2014 7 2 3 34 16 1 55
6 46 36 33.975 -119.59 464 121 269 350 2014 7 2 3 35 6 1 55
6 46 36 33.908 -119.46 460 121 240 350 2014 7 2 3 36 6 1 55
6 46 36 33.847 -119.33 434 121 213 350 2014 7 2 3 37 15 1 24
6 46 36 33.719 -119.08 392 121 153 350 2014 7 2 3 38 16 1 24
6 46 36 33.719 -119.08 392 121 153 350 2014 7 2 3 39 15 1 24
6 46 36 33.664 -118.97 382 121 131 350 2014 7 2 3 40 15 1 24
6 46 36 33.6 -118.87 359 121 110 350 2014 7 2 3 41 15 1 24
6 46 36 33.563 -118.78 323 124 98 350 2014 7 2 3 42 6 1 24
6 46 36 33.56 -118.69 306 78 79 350 2014 7 2 3 43 16 1 2
6 46 36 33.583 -118.57 290 84 61 350 2014 7 2 3 44 15 1 2
6 46 36 33.583 -118.47 289 82 53 350 2014 7 2 3 45 15 1 2
6 46 36 33.6 -118.38 287 83 46 350 2014 7 2 3 46 15 1 2
6 46 36 33.604 -118.29 287 85 40 350 2014 7 2 3 47 16 1 2
6 46 36 33.614 -118.2 276 76 34 350 2014 7 2 3 48 15 1 2
6 46 36 33.636 -118.14 245 73 26 350 2014 7 2 3 49 6 1 2
6 46 36 33.691 -118.08 215 39 17 350 2014 7 2 3 50 15 1 2
6 46 36 33.726 -118.05 180 39 16 350 2014 7 2 3 51 6 1 2
6 46 36 33.758 -118.08 163 320 15 350 2014 7 2 3 52 6 1 2
6 46 36 33.785 -118.11 149 337 8 350 2014 7 2 3 53 15 1 2
6 46 36 33.809 -118.14 134 301 1 350 2014 7 2 3 54 15 1 2
7 46 36 37.731 -122.26 151 258 17 390 2014 7 2 15 59 6 4 155
7 46 36 37.771 -122.31 208 321 36 390 2014 7 2 16 0 6 4 155
7 46 36 37.773 -122.4 268 311 69 390 2014 7 2 16 1 6 4 155
7 46 36 37.724 -122.48 289 274 102 390 2014 7 2 16 2 6 4 155
7 46 36 37.64 -122.52 329 218 122 390 2014 7 2 16 3 6 4 155
7 46 36 37.522 -122.53 356 189 155 390 2014 7 2 16 4 16 4 155
7 46 36 37.42 -122.53 360 186 181 390 2014 7 2 16 5 6 4 176
7 46 36 37.315 -122.54 374 183 204 390 2014 7 2 16 6 6 4 188
7 46 36 37.207 -122.55 385 183 223 390 2014 7 2 16 7 6 4 188
7 46 36 37.094 -122.56 402 182 241 390 2014 7 2 16 8 6 4 188
7 46 36 36.977 -122.57 412 183 258 390 2014 7 2 16 9 6 4 188
7 46 36 36.859 -122.54 431 173 276 390 2014 7 2 16 10 6 4 188
7 46 36 36.741 -122.52 437 167 292 390 2014 7 2 16 11 6 4 188
7 46 36 36.592 -122.47 446 168 309 390 2014 7 2 16 12 6 4 188
7 46 36 36.498 -122.43 452 167 322 390 2014 7 2 16 13 6 4 188
7 46 36 36.474 -122.41 459 161 325 390 2014 7 2 16 14 19 4 188
7 46 36 36.299 -122.17 473 131 350 390 2014 7 2 16 15 16 4 188
7 46 36 36.206 -122.05 478 132 362 390 2014 7 2 16 16 6 4 188
7 46 36 36.119 -121.93 476 131 377 390 2014 7 2 16 17 6 4 188
7 46 36 36.031 -121.81 475 132 386 390 2014 7 2 16 18 6 4 188
7 46 36 35.942 -121.69 475 132 386 390 2014 7 2 16 19 6 4 188
7 46 36 35.927 -121.67 471 134 389 390 2014 7 2 16 20 9 4 188
7 46 36 35.839 -121.56 467 132 390 390 2014 7 2 16 21 6 4 188
7 46 36 35.677 -121.31 474 123 390 390 2014 7 2 16 22 16 4 188
7 46 36 35.621 -121.16 479 124 390 390 2014 7 2 16 23 16 4 188
7 46 36 35.622 -121.16 481 115 390 390 2014 7 2 16 24 6 4 188
7 46 36 35.566 -121.01 480 114 389 390 2014 7 2 16 25 16 4 188
7 46 36 35.509 -120.86 479 115 389 390 2014 7 2 16 26 6 1 55
7 46 36 35.436 -120.69 479 117 389 390 2014 7 2 16 27 6 1 55
7 46 36 35.376 -120.55 479 117 389 390 2014 7 2 16 28 6 1 55
7 46 36 35.316 -120.39 482 115 390 390 2014 7 2 16 29 6 1 55
7 46 36 35.251 -120.24 482 116 390 390 2014 7 2 16 30 6 1 55
7 46 36 35.189 -120.09 474 117 389 390 2014 7 2 16 31 6 1 54
7 46 36 35.128 -119.95 474 117 389 390 2014 7 2 16 32 6 1 54
7 46 36 35.049 -119.82 471 127 389 390 2014 7 2 16 33 6 1 54
7 46 36 34.954 -119.72 469 137 390 390 2014 7 2 16 34 6 1 54
7 46 36 34.836 -119.59 465 138 389 390 2014 7 2 16 35 16 1 54
7 46 36 34.739 -119.49 465 139 382 390 2014 7 2 16 36 6 1 54
7 46 36 34.641 -119.39 463 139 355 390 2014 7 2 16 37 6 1 54
7 46 36 34.547 -119.29 467 139 330 390 2014 7 2 16 38 6 1 54
7 46 36 34.446 -119.19 477 136 296 390 2014 7 2 16 39 6 1 54
7 46 36 34.326 -119.06 476 139 261 390 2014 7 2 16 40 16 1 54
7 46 36 34.23 -118.96 466 139 233 390 2014 7 2 16 41 6 1 24
7 46 36 34.133 -118.85 423 139 207 390 2014 7 2 16 42 6 1 25
7 46 36 34.033 -118.77 408 139 180 390 2014 7 2 16 43 6 1 25
7 46 36 33.956 -118.72 405 159 155 390 2014 7 2 16 44 6 1 24
7 46 36 33.833 -118.68 395 165 140 390 2014 7 2 16 45 6 1 24
7 46 36 33.733 -118.65 341 167 135 390 2014 7 2 16 46 6 1 2
7 46 36 33.649 -118.62 325 161 111 390 2014 7 2 16 47 6 1 2
7 46 36 33.578 -118.59 309 168 81 390 2014 7 2 16 48 16 1 2
7 46 36 33.527 -118.49 290 155 60 390 2014 7 2 16 49 6 1 2
7 46 36 33.517 -118.42 288 127 50 390 2014 7 2 16 50 6 1 2
7 46 36 33.55 -118.33 278 92 40 390 2014 7 2 16 51 6 1 2
7 46 36 33.567 -118.25 273 71 31 390 2014 7 2 16 52 6 1 2
7 46 36 33.576 -118.23 281 76 30 390 2014 7 2 16 53 6 1 2
7 46 36 33.65 -118.12 216 59 25 390 2014 7 2 16 54 6 1 2
7 46 36 33.667 -118.07 185 42 22 390 2014 7 2 16 55 6 1 2
7 46 36 33.717 -118.05 187 64 16 390 2014 7 2 16 56 6 1 2
7 46 36 33.75 -118.07 183 346 16 390 2014 7 2 16 57 6 1 2
7 46 36 33.783 -118.12 142 324 8 390 2014 7 2 16 58 6 1 2
7 46 36 33.817 -118.15 135 313 2 390 2014 7 2 16 59 6 1 2
7 46 36 33.824 -118.16 148 320 1 390 2014 7 2 17 0 6 1 2
8 46 36 37.721 -122.22 153 0 0 370 2014 7 2 20 18 6 4 155
8 46 36 37.75 -122.28 211 258 27 370 2014 7 2 20 19 6 4 155
8 46 36 37.767 -122.37 244 318 56 370 2014 7 2 20 20 16 4 155
8 46 36 37.717 -122.43 285 277 82 370 2014 7 2 20 21 6 4 155
8 46 36 37.646 -122.49 286 230 111 370 2014 7 2 20 22 6 4 155
8 46 36 37.576 -122.45 286 152 111 370 2014 7 2 20 23 6 4 155
8 46 36 37.43 -122.52 358 185 166 370 2014 7 2 20 24 16 4 176
8 46 36 37.328 -122.53 366 186 188 370 2014 7 2 20 25 16 4 176
8 46 36 37.218 -122.54 386 183 210 370 2014 7 2 20 26 6 4 188
8 46 36 37.107 -122.56 402 185 227 370 2014 7 2 20 27 6 4 188
8 46 36 36.997 -122.57 406 184 245 370 2014 7 2 20 28 6 4 188
8 46 36 36.879 -122.55 434 173 261 370 2014 7 2 20 29 16 4 188
8 46 36 36.755 -122.52 441 168 276 370 2014 7 2 20 30 6 4 188
8 46 36 36.608 -122.48 455 168 292 370 2014 7 2 20 31 12 4 188
8 46 36 36.485 -122.42 474 160 304 370 2014 7 2 20 32 6 4 188
8 46 36 36.377 -122.34 478 147 320 370 2014 7 2 20 33 6 4 188
8 46 36 36.281 -122.23 478 136 338 370 2014 7 2 20 34 15 4 188
8 46 36 36.191 -122.1 474 136 350 370 2014 7 2 20 35 6 4 188
8 46 36 36.093 -121.95 473 130 349 370 2014 7 2 20 36 6 4 188
8 46 36 36.008 -121.83 473 130 350 370 2014 7 2 20 37 6 4 188
8 46 36 35.922 -121.71 474 130 349 370 2014 7 2 20 38 15 4 188
8 46 36 35.836 -121.58 474 130 354 370 2014 7 2 20 39 6 4 188
8 46 36 35.75 -121.46 475 130 364 370 2014 7 2 20 40 6 4 188
8 46 36 35.663 -121.34 475 130 370 370 2014 7 2 20 41 6 4 188
8 46 36 35.577 -121.22 474 130 369 370 2014 7 2 20 42 6 4 188
8 46 36 35.573 -121.21 474 131 369 370 2014 7 2 20 43 6 4 188
8 46 36 35.458 -121.07 475 134 369 370 2014 7 2 20 44 6 4 188
8 46 36 35.349 -120.99 473 145 370 370 2014 7 2 20 45 6 1 55
8 46 36 35.242 -120.89 471 145 369 370 2014 7 2 20 46 6 1 55
8 46 36 35.146 -120.78 473 136 369 370 2014 7 2 20 47 6 1 55
8 46 36 35.046 -120.67 473 136 369 370 2014 7 2 20 48 6 1 55
8 46 36 34.941 -120.59 471 145 370 370 2014 7 2 20 49 6 1 55
8 46 36 34.834 -120.47 475 138 370 370 2014 7 2 20 50 6 1 55
8 46 36 34.724 -120.34 475 136 369 370 2014 7 2 20 51 6 1 55
8 46 36 34.628 -120.23 474 136 369 370 2014 7 2 20 52 9 1 55
8 46 36 34.53 -120.12 473 136 354 370 2014 7 2 20 53 6 1 55
8 46 36 34.425 -120 473 142 331 370 2014 7 2 20 54 16 1 55
8 46 36 34.329 -119.89 477 142 311 370 2014 7 2 20 55 6 1 55
8 46 36 34.233 -119.78 472 136 290 370 2014 7 2 20 56 6 1 55
8 46 36 34.142 -119.67 451 143 270 370 2014 7 2 20 57 6 1 55
8 46 36 34.054 -119.57 431 136 250 370 2014 7 2 20 58 6 1 55
8 46 36 33.971 -119.48 415 136 230 370 2014 7 2 20 59 6 1 24
8 46 36 33.874 -119.37 394 136 205 370 2014 7 2 21 0 6 1 24
8 46 36 33.813 -119.27 384 154 185 370 2014 7 2 21 1 6 1 24
8 46 36 33.759 -119.16 371 131 165 370 2014 7 2 21 2 6 1 24
8 46 36 33.707 -119.06 360 123 144 370 2014 7 2 21 3 6 1 24
8 46 36 33.654 -118.96 360 121 144 370 2014 7 2 21 4 6 1 24
8 46 36 33.595 -118.84 348 121 110 370 2014 7 2 21 5 6 1 24
8 46 36 33.549 -118.75 331 120 110 370 2014 7 2 21 6 6 1 2
8 46 36 33.55 -118.68 305 120 104 370 2014 7 2 21 7 6 1 2
8 46 36 33.541 -118.55 304 89 84 370 2014 7 2 21 8 6 1 2
8 46 36 33.539 -118.44 298 101 66 370 2014 7 2 21 9 16 1 2
8 46 36 33.533 -118.38 289 91 58 370 2014 7 2 21 10 6 1 2
8 46 36 33.533 -118.3 279 90 45 370 2014 7 2 21 11 6 1 2
8 46 36 33.533 -118.2 256 90 36 370 2014 7 2 21 12 6 1 2
8 46 36 33.583 -118.17 223 67 30 370 2014 7 2 21 13 6 1 2
8 46 36 33.65 -118.13 216 23 30 370 2014 7 2 21 14 6 1 2
8 46 36 33.7 -118.1 208 23 25 370 2014 7 2 21 15 6 1 2
8 46 36 33.75 -118.08 173 22 16 370 2014 7 2 21 16 6 1 2
8 46 36 33.783 -118.12 139 346 8 370 2014 7 2 21 17 15 1 2
8 46 36 33.803 -118.13 156 312 5 370 2014 7 2 21 18 6 1 2
9 46 36 37.717 -122.25 148 0 12 370 2014 7 3 0 23 15 4 155
9 46 36 37.75 -122.3 222 258 28 370 2014 7 3 0 24 6 4 155
9 46 36 37.749 -122.38 214 270 61 370 2014 7 3 0 25 16 4 155
9 46 36 37.749 -122.38 214 270 61 370 2014 7 3 0 26 6 4 155
9 46 36 37.717 -122.43 233 237 86 370 2014 7 3 0 27 6 4 155
9 46 36 37.671 -122.51 231 188 113 370 2014 7 3 0 28 16 4 155
9 46 36 37.505 -122.55 340 219 145 370 2014 7 3 0 29 16 4 155
9 46 36 37.504 -122.55 348 191 147 370 2014 7 3 0 30 6 4 155
9 46 36 37.381 -122.56 359 181 172 370 2014 7 3 0 31 6 4 176
9 46 36 37.273 -122.56 387 181 197 370 2014 7 3 0 32 6 4 188
9 46 36 37.173 -122.51 404 157 215 370 2014 7 3 0 33 6 4 188
9 46 36 37.082 -122.42 411 144 230 370 2014 7 3 0 34 6 4 188
9 46 36 36.981 -122.34 427 145 247 370 2014 7 3 0 35 15 4 188
9 46 36 36.883 -122.25 438 145 260 370 2014 7 3 0 36 16 4 188
9 46 36 36.758 -122.15 450 145 277 370 2014 7 3 0 37 6 4 188
9 46 36 36.651 -122.06 464 145 289 370 2014 7 3 0 38 16 4 188
9 46 36 36.544 -121.97 468 145 301 370 2014 7 3 0 39 6 4 188
9 46 36 36.434 -121.88 474 145 313 370 2014 7 3 0 40 6 4 188
9 46 36 36.325 -121.78 475 146 327 370 2014 7 3 0 41 6 4 188
9 46 36 36.193 -121.67 476 145 341 370 2014 7 3 0 42 6 4 188
9 46 36 36.084 -121.58 475 146 354 370 2014 7 3 0 43 15 4 188
9 46 36 35.998 -121.51 470 146 364 370 2014 7 3 0 44 16 4 188
9 46 36 35.87 -121.41 463 146 370 370 2014 7 3 0 45 6 4 188
9 46 36 35.761 -121.32 471 146 370 370 2014 7 3 0 46 16 4 188
9 46 36 35.652 -121.23 472 146 370 370 2014 7 3 0 47 6 4 188
9 46 36 35.537 -121.13 473 146 370 370 2014 7 3 0 48 6 4 188
9 46 36 35.434 -121.05 472 146 370 370 2014 7 3 0 49 6 1 55
9 46 36 35.295 -120.94 471 147 369 370 2014 7 3 0 50 6 1 55
9 46 36 35.185 -120.86 471 147 370 370 2014 7 3 0 51 6 1 55
9 46 36 35.106 -120.79 471 147 370 370 2014 7 3 0 52 6 1 55
9 46 36 34.963 -120.68 471 147 370 370 2014 7 3 0 53 6 1 55
9 46 36 34.874 -120.61 471 147 370 370 2014 7 3 0 54 15 1 55
9 46 36 34.732 -120.51 470 147 369 370 2014 7 3 0 55 16 1 55
9 46 36 34.644 -120.44 470 147 369 370 2014 7 3 0 56 6 1 55
9 46 36 34.533 -120.35 471 147 370 370 2014 7 3 0 57 6 1 55
9 46 36 34.414 -120.26 471 147 367 370 2014 7 3 0 58 16 1 55
9 46 36 34.379 -120.24 470 147 359 370 2014 7 3 0 59 16 1 55
9 46 36 34.286 -120.15 470 147 338 370 2014 7 3 1 0 6 1 55
9 46 36 34.184 -120 485 143 296 370 2014 7 3 1 1 16 1 55
9 46 36 34.115 -119.86 484 130 266 370 2014 7 3 1 2 6 1 55
9 46 36 34.047 -119.73 475 125 252 370 2014 7 3 1 3 6 1 55
9 46 36 33.979 -119.6 469 121 242 370 2014 7 3 1 4 15 1 55
9 46 36 33.913 -119.46 456 121 218 370 2014 7 3 1 5 6 1 24
9 46 36 33.848 -119.34 444 121 196 370 2014 7 3 1 6 6 1 24
9 46 36 33.774 -119.19 428 121 171 370 2014 7 3 1 7 6 1 24
9 46 36 33.714 -119.07 416 121 142 370 2014 7 3 1 8 6 1 24
9 46 36 33.656 -118.96 397 121 118 370 2014 7 3 1 9 6 1 24
9 46 36 33.601 -118.85 387 121 109 370 2014 7 3 1 10 6 1 24
9 46 36 33.55 -118.68 308 116 102 370 2014 7 3 1 11 16 1 2
9 46 36 33.55 -118.58 298 99 87 370 2014 7 3 1 12 6 1 2
9 46 36 33.55 -118.53 302 89 78 370 2014 7 3 1 13 6 1 2
9 46 36 33.554 -118.43 301 89 64 370 2014 7 3 1 14 6 1 2
9 46 36 33.558 -118.34 295 89 49 370 2014 7 3 1 15 16 1 2
9 46 36 33.567 -118.2 237 86 38 370 2014 7 3 1 16 15 1 2
9 46 36 33.569 -118.16 248 89 26 370 2014 7 3 1 17 6 1 2
9 46 36 33.599 -118.1 234 89 16 370 2014 7 3 1 18 6 1 2
9 46 36 33.667 -118.05 196 30 16 370 2014 7 3 1 19 15 1 2
9 46 36 33.697 -118.03 208 29 16 370 2014 7 3 1 20 6 1 2
9 46 36 33.75 -118.07 182 332 16 370 2014 7 3 1 21 15 1 2
9 46 36 33.75 -118.07 182 332 16 370 2014 7 3 1 22 6 1 2
9 46 36 33.777 -118.1 172 320 10 370 2014 7 3 1 23 6 1 2
9 46 36 33.826 -118.16 141 311 370 370 2014 7 3 1 24 16 1 51
10 46 36 37.721 -122.22 153 0 0 350 2014 7 3 2 34 6 4 155
10 46 36 37.755 -122.29 153 280 32 350 2014 7 3 2 35 16 4 155
10 46 36 37.755 -122.29 153 280 32 350 2014 7 3 2 36 6 4 155
10 46 36 37.752 -122.44 249 299 76 350 2014 7 3 2 37 6 4 155
10 46 36 37.682 -122.48 291 268 106 350 2014 7 3 2 38 15 4 155
10 46 36 37.61 -122.44 291 152 106 350 2014 7 3 2 39 15 4 155
10 46 36 37.593 -122.5 321 201 119 350 2014 7 3 2 40 6 4 155
10 46 36 37.49 -122.51 362 195 144 350 2014 7 3 2 41 6 4 155
10 46 36 37.384 -122.52 379 186 166 350 2014 7 3 2 42 6 4 176
10 46 36 37.279 -122.53 379 172 190 350 2014 7 3 2 43 16 4 176
10 46 36 37.171 -122.55 385 185 208 350 2014 7 3 2 44 16 4 188
10 46 36 36.955 -122.37 430 152 243 350 2014 7 3 2 45 16 4 188
10 46 36 36.875 -122.31 431 143 254 350 2014 7 3 2 46 15 4 188
10 46 36 36.856 -122.28 435 147 256 350 2014 7 3 2 47 6 4 188
10 46 36 36.754 -122.19 449 144 271 350 2014 7 3 2 48 15 4 188
10 46 36 36.648 -122.11 452 143 280 350 2014 7 3 2 49 15 4 188
10 46 36 36.542 -122.01 465 143 293 350 2014 7 3 2 50 6 4 188
10 46 36 36.434 -121.92 470 145 305 350 2014 7 3 2 51 6 4 188
10 46 36 36.326 -121.82 471 145 317 350 2014 7 3 2 52 6 4 188
10 46 36 36.217 -121.73 475 144 328 350 2014 7 3 2 53 15 4 188
10 46 36 36.089 -121.61 478 145 343 350 2014 7 3 2 54 6 4 188
10 46 36 35.979 -121.52 477 144 350 350 2014 7 3 2 55 6 4 188
10 46 36 35.874 -121.43 467 144 350 350 2014 7 3 2 56 15 4 188
10 46 36 35.767 -121.33 468 145 350 350 2014 7 3 2 57 6 4 188
10 46 36 35.66 -121.24 468 145 350 350 2014 7 3 2 58 16 4 188
10 46 36 35.547 -121.15 468 145 350 350 2014 7 3 2 59 7 4 188
10 46 36 35.441 -121.06 466 145 350 350 2014 7 3 3 0 16 1 55
10 46 36 35.331 -120.97 466 147 350 350 2014 7 3 3 1 6 1 55
10 46 36 35.222 -120.89 465 147 349 350 2014 7 3 3 2 6 1 55
10 46 36 35.112 -120.8 465 147 350 350 2014 7 3 3 3 6 1 55
10 46 36 34.982 -120.7 464 147 350 350 2014 7 3 3 4 6 1 55
10 46 36 34.873 -120.61 463 147 350 350 2014 7 3 3 5 6 1 55
10 46 36 34.776 -120.54 464 146 350 350 2014 7 3 3 6 6 1 55
10 46 36 34.646 -120.44 467 147 350 350 2014 7 3 3 7 6 1 55
10 46 36 34.537 -120.36 461 148 350 350 2014 7 3 3 8 16 1 55
10 46 36 34.431 -120.28 450 148 349 350 2014 7 3 3 9 16 1 55
10 46 36 34.314 -120.19 455 148 350 350 2014 7 3 3 10 16 1 55
10 46 36 34.224 -120.07 467 147 340 350 2014 7 3 3 11 6 1 55
10 46 36 34.152 -119.94 475 134 327 350 2014 7 3 3 12 16 1 55
10 46 36 34.083 -119.8 482 128 295 350 2014 7 3 3 13 15 1 55
10 46 36 34.012 -119.66 486 121 266 350 2014 7 3 3 14 16 1 55
10 46 36 34.012 -119.66 486 121 266 350 2014 7 3 3 15 6 1 55
10 46 36 33.943 -119.52 484 121 240 350 2014 7 3 3 16 6 1 55
10 46 36 33.797 -119.23 448 121 180 350 2014 7 3 3 17 15 1 24
10 46 36 33.735 -119.11 426 121 155 350 2014 7 3 3 18 15 1 24
10 46 36 33.673 -118.99 426 121 155 350 2014 7 3 3 19 6 1 24
10 46 36 33.678 -119 402 121 131 350 2014 7 3 3 20 6 1 24
10 46 36 33.583 -118.83 345 121 110 350 2014 7 3 3 21 6 1 24
10 46 36 33.528 -118.71 305 120 90 350 2014 7 3 3 22 16 1 2
10 46 36 33.5 -118.65 304 121 71 350 2014 7 3 3 23 6 1 2
10 46 36 33.519 -118.51 297 78 50 350 2014 7 3 3 24 15 1 2
10 46 36 33.532 -118.42 289 76 40 350 2014 7 3 3 25 16 1 2
10 46 36 33.55 -118.37 278 80 40 350 2014 7 3 3 26 16 1 2
10 46 36 33.567 -118.28 282 70 40 350 2014 7 3 3 27 6 1 2
10 46 36 33.6 -118.2 257 72 38 350 2014 7 3 3 28 6 1 2
10 46 36 33.633 -118.13 225 65 32 350 2014 7 3 3 29 6 1 2
10 46 36 33.683 -118.1 214 44 21 350 2014 7 3 3 30 6 1 2
10 46 36 33.733 -118.08 204 12 16 350 2014 7 3 3 31 6 1 2
10 46 36 33.783 -118.1 165 359 9 350 2014 7 3 3 32 6 1 2
10 46 36 33.8 -118.13 130 312 2 350 2014 7 3 3 33 6 1 2
10 46 36 33.824 -118.16 153 301 350 350 2014 7 3 3 34 16 1 51
11 46 36 37.717 -122.25 165 0 7 370 2014 7 3 16 3 6 4 155
11 46 36 37.75 -122.3 224 294 25 370 2014 7 3 16 4 6 4 155
11 46 36 37.764 -122.33 220 310 42 370 2014 7 3 16 5 6 4 155
11 46 36 37.764 -122.41 222 298 65 370 2014 7 3 16 6 6 4 155
11 46 36 37.726 -122.48 243 279 92 370 2014 7 3 16 7 6 4 155
11 46 36 37.67 -122.55 275 221 107 370 2014 7 3 16 8 6 4 155
11 46 36 37.604 -122.64 335 225 126 370 2014 7 3 16 9 6 4 155
11 46 36 37.528 -122.72 356 225 150 370 2014 7 3 16 10 6 4 155
11 46 36 37.425 -122.7 373 184 172 370 2014 7 3 16 11 7 4 176
11 46 36 37.314 -122.67 403 162 191 370 2014 7 3 16 12 6 4 176
11 46 36 37.205 -122.64 407 167 210 370 2014 7 3 16 13 6 4 188
11 46 36 37.068 -122.6 421 167 230 370 2014 7 3 16 14 6 4 188
11 46 36 36.95 -122.57 429 168 246 370 2014 7 3 16 15 6 4 188
11 46 36 36.831 -122.54 437 169 262 370 2014 7 3 16 16 6 4 188
11 46 36 36.713 -122.51 431 167 283 370 2014 7 3 16 17 6 4 188
11 46 36 36.594 -122.48 435 168 297 370 2014 7 3 16 18 6 4 188
11 46 36 36.478 -122.42 446 162 311 370 2014 7 3 16 19 6 4 188
11 46 36 36.373 -122.34 450 149 326 370 2014 7 3 16 20 6 4 188
11 46 36 36.266 -122.2 456 135 343 370 2014 7 3 16 21 6 4 188
11 46 36 36.185 -122.09 450 130 358 370 2014 7 3 16 22 6 4 188
11 46 36 36.104 -121.97 449 130 365 370 2014 7 3 16 23 6 4 188
11 46 36 36.015 -121.84 459 130 370 370 2014 7 3 16 24 6 4 188
11 46 36 35.941 -121.73 463 130 370 370 2014 7 3 16 25 6 4 188
11 46 36 35.857 -121.61 465 130 370 370 2014 7 3 16 26 7 4 188
11 46 36 35.755 -121.47 467 130 370 370 2014 7 3 16 27 6 4 188
11 46 36 35.686 -121.37 469 130 370 370 2014 7 3 16 28 6 4 188
11 46 36 35.584 -121.22 470 130 370 370 2014 7 3 16 29 6 4 188
11 46 36 35.494 -121.11 465 132 370 370 2014 7 3 16 30 6 4 188
11 46 36 35.407 -121.03 458 133 370 370 2014 7 3 16 31 6 1 55
11 46 36 35.301 -120.95 457 146 369 370 2014 7 3 16 32 6 1 55
11 46 36 35.173 -120.85 455 147 369 370 2014 7 3 16 33 6 1 55
11 46 36 35.055 -120.75 455 147 370 370 2014 7 3 16 34 6 1 55
11 46 36 34.948 -120.67 455 147 370 370 2014 7 3 16 35 6 1 55
11 46 36 34.843 -120.59 455 147 370 370 2014 7 3 16 36 6 1 55
11 46 36 34.852 -120.6 455 147 370 370 2014 7 3 16 37 6 1 55
11 46 36 34.744 -120.52 454 147 370 370 2014 7 3 16 38 6 1 55
11 46 36 34.63 -120.43 454 147 369 370 2014 7 3 16 39 6 1 55
11 46 36 34.502 -120.33 456 147 370 370 2014 7 3 16 40 6 1 55
11 46 36 34.415 -120.26 457 147 370 370 2014 7 3 16 41 6 1 55
11 46 36 34.303 -120.17 458 147 370 370 2014 7 3 16 42 6 1 55
11 46 36 34.214 -120.06 466 146 370 370 2014 7 3 16 43 6 1 55
11 46 36 34.131 -119.9 469 139 358 370 2014 7 3 16 44 6 1 55
11 46 36 34.063 -119.76 473 125 332 370 2014 7 3 16 45 6 1 55
11 46 36 33.994 -119.62 476 121 304 370 2014 7 3 16 46 6 1 55
11 46 36 33.926 -119.49 460 121 282 370 2014 7 3 16 47 6 1 55
11 46 36 33.864 -119.37 426 121 259 370 2014 7 3 16 48 6 1 55
11 46 36 33.792 -119.23 407 121 220 370 2014 7 3 16 49 6 1 24
11 46 36 33.735 -119.11 386 121 190 370 2014 7 3 16 50 6 1 24
11 46 36 33.682 -119.01 373 119 151 370 2014 7 3 16 51 10 1 24
11 46 36 33.63 -118.91 355 128 126 370 2014 7 3 16 52 6 1 24
11 46 36 33.596 -118.79 383 108 100 370 2014 7 3 16 53 6 1 24
11 46 36 33.581 -118.66 316 99 94 370 2014 7 3 16 54 6 1 2
11 46 36 33.585 -118.57 294 89 79 370 2014 7 3 16 55 6 1 2
11 46 36 33.589 -118.47 292 89 63 370 2014 7 3 16 56 6 1 2
11 46 36 33.594 -118.38 289 78 50 370 2014 7 3 16 57 6 1 2
11 46 36 33.6 -118.27 282 89 40 370 2014 7 3 16 58 6 1 2
11 46 36 33.604 -118.18 276 89 38 370 2014 7 3 16 59 6 1 2
11 46 36 33.607 -118.11 249 89 30 370 2014 7 3 17 0 6 1 2
11 46 36 33.6 -118.08 221 86 30 370 2014 7 3 17 1 6 1 2
11 46 36 33.667 -117.98 181 51 30 370 2014 7 3 17 2 6 1 2
11 46 36 33.717 -118 171 20 30 370 2014 7 3 17 3 6 1 2
11 46 36 33.731 -118.05 174 300 24 370 2014 7 3 17 4 6 1 2
11 46 36 33.767 -118.08 148 290 15 370 2014 7 3 17 5 6 1 2
11 46 36 33.783 -118.12 147 315 7 370 2014 7 3 17 6 14 1 2
11 46 36 33.791 -118.12 154 301 6 370 2014 7 3 17 7 6 1 2
11 46 36 33.82 -118.15 148 314 370 370 2014 7 3 17 8 16 1 51
12 46 36 37.721 -122.22 109 0 0 310 2014 7 3 20 4 6 4 155
12 46 36 37.737 -122.26 176 297 12 310 2014 7 3 20 5 6 4 155
12 46 36 37.761 -122.33 195 287 40 310 2014 7 3 20 6 7 4 155
12 46 36 37.736 -122.39 201 238 58 310 2014 7 3 20 7 6 4 155
12 46 36 37.692 -122.42 189 255 74 310 2014 7 3 20 8 6 4 155
12 46 36 37.641 -122.43 191 201 90 310 2014 7 3 20 9 6 4 155
12 46 36 37.587 -122.44 194 200 100 310 2014 7 3 20 10 16 4 155
12 46 36 37.527 -122.46 217 177 111 310 2014 7 3 20 11 6 4 155
12 46 36 37.464 -122.47 223 190 120 310 2014 7 3 20 12 6 4 155
12 46 36 37.399 -122.48 232 189 132 310 2014 7 3 20 13 6 4 176
12 46 36 37.321 -122.5 234 189 145 310 2014 7 3 20 14 6 4 176
12 46 36 37.257 -122.51 234 190 156 310 2014 7 3 20 15 6 4 176
12 46 36 37.191 -122.53 236 190 167 310 2014 7 3 20 16 6 4 176
12 46 36 37.126 -122.54 236 191 176 310 2014 7 3 20 17 6 4 176
12 46 36 37.06 -122.55 239 190 185 310 2014 7 3 20 18 6 4 176
12 46 36 36.992 -122.57 241 187 194 310 2014 7 3 20 19 6 4 173
12 46 36 36.922 -122.56 253 177 202 310 2014 7 3 20 20 6 4 188
12 46 36 36.84 -122.54 253 168 213 310 2014 7 3 20 21 6 4 188
12 46 36 36.77 -122.52 254 169 222 310 2014 7 3 20 22 9 4 188
12 46 36 36.697 -122.5 262 166 230 310 2014 7 3 20 23 6 4 188
12 46 36 36.624 -122.48 265 168 239 310 2014 7 3 20 24 6 4 188
12 46 36 36.55 -122.47 270 168 248 310 2014 7 3 20 25 6 4 188
12 46 36 36.475 -122.45 271 168 257 310 2014 7 3 20 26 6 4 188
12 46 36 36.403 -122.42 282 168 264 310 2014 7 3 20 27 6 4 188
12 46 36 36.35 -122.34 293 157 273 310 2014 7 3 20 28 6 4 188
12 46 36 36.299 -122.26 293 129 282 310 2014 7 3 20 29 6 4 188
12 46 36 36.237 -122.16 293 130 291 310 2014 7 3 20 30 6 4 188
12 46 36 36.182 -122.09 294 127 300 310 2014 7 3 20 31 6 4 188
12 46 36 36.131 -122.01 293 133 309 310 2014 7 3 20 32 6 4 188
12 46 36 36.078 -121.93 293 130 309 310 2014 7 3 20 33 6 4 188
12 46 36 36.017 -121.85 319 131 310 310 2014 7 3 20 34 6 4 188
12 46 36 35.955 -121.76 337 129 310 310 2014 7 3 20 35 6 4 188
12 46 36 35.946 -121.74 336 130 310 310 2014 7 3 20 36 6 4 188
12 46 36 35.883 -121.65 344 131 310 310 2014 7 3 20 37 6 4 188
12 46 36 35.818 -121.56 352 129 310 310 2014 7 3 20 38 6 4 188
12 46 36 35.753 -121.47 352 131 310 310 2014 7 3 20 39 6 4 188
12 46 36 35.689 -121.38 353 130 310 310 2014 7 3 20 40 7 4 188
12 46 36 35.611 -121.27 353 130 310 310 2014 7 3 20 41 7 4 188
12 46 36 35.556 -121.19 353 130 310 310 2014 7 3 20 42 6 4 188
12 46 36 35.482 -121.09 353 131 309 310 2014 7 3 20 43 6 4 188
12 46 36 35.398 -121.03 350 147 310 310 2014 7 3 20 44 6 1 55
12 46 36 35.312 -120.96 348 146 310 310 2014 7 3 20 45 6 1 55
12 46 36 35.236 -120.9 349 148 310 310 2014 7 3 20 46 17 1 55
12 46 36 35.149 -120.83 348 147 310 310 2014 7 3 20 47 6 1 55
12 46 36 35.059 -120.76 347 147 310 310 2014 7 3 20 48 6 1 55
12 46 36 34.978 -120.7 346 147 310 310 2014 7 3 20 49 7 1 55
12 46 36 34.904 -120.64 346 148 310 310 2014 7 3 20 50 6 1 55
12 46 36 34.816 -120.57 346 146 310 310 2014 7 3 20 51 6 1 55
12 46 36 34.726 -120.5 346 147 310 310 2014 7 3 20 52 10 1 55
12 46 36 34.638 -120.43 346 147 310 310 2014 7 3 20 53 6 1 55
12 46 36 34.556 -120.37 351 147 306 310 2014 7 3 20 54 6 1 55
12 46 36 34.471 -120.31 350 149 298 310 2014 7 3 20 55 6 1 55
12 46 36 34.382 -120.24 370 148 288 310 2014 7 3 20 56 6 1 55
12 46 36 34.287 -120.17 376 147 278 310 2014 7 3 20 57 6 1 55
12 46 36 34.218 -120.08 382 139 266 310 2014 7 3 20 58 6 1 55
12 46 36 34.154 -119.95 380 140 250 310 2014 7 3 20 59 6 1 55
12 46 36 34.099 -119.83 386 124 238 310 2014 7 3 21 0 6 1 24
12 46 36 34.043 -119.72 386 121 238 310 2014 7 3 21 1 6 1 24
12 46 36 33.993 -119.63 354 120 207 310 2014 7 3 21 2 6 1 24
12 46 36 33.944 -119.53 339 121 193 310 2014 7 3 21 3 6 1 24
12 46 36 33.896 -119.43 339 121 193 310 2014 7 3 21 4 6 1 24
12 46 36 33.885 -119.41 343 121 178 310 2014 7 3 21 5 6 1 24
12 46 36 33.834 -119.31 350 121 165 310 2014 7 3 21 6 6 1 24
12 46 36 33.784 -119.21 350 121 151 310 2014 7 3 21 7 6 1 24
12 46 36 33.733 -119.11 351 121 137 310 2014 7 3 21 8 6 1 24
12 46 36 33.682 -119.01 350 121 122 310 2014 7 3 21 9 6 1 24
12 46 36 33.633 -118.92 342 121 110 310 2014 7 3 21 10 6 1 24
12 46 36 33.567 -118.73 302 119 103 310 2014 7 3 21 11 6 1 2
12 46 36 33.565 -118.71 304 101 100 310 2014 7 3 21 12 6 1 2
12 46 36 33.549 -118.62 296 101 84 310 2014 7 3 21 13 6 1 2
12 46 36 33.533 -118.53 290 118 69 310 2014 7 3 21 14 6 1 2
12 46 36 33.52 -118.42 278 102 50 310 2014 7 3 21 15 6 1 2
12 46 36 33.546 -118.35 259 73 50 310 2014 7 3 21 16 6 1 2
12 46 36 33.575 -118.27 260 64 50 310 2014 7 3 21 17 6 1 2
12 46 36 33.604 -118.19 262 64 43 310 2014 7 3 21 18 6 1 2
12 46 36 33.632 -118.11 264 76 25 310 2014 7 3 21 19 6 1 2
12 46 36 33.657 -118.04 201 58 25 310 2014 7 3 21 20 7 1 2
12 46 36 33.699 -118.02 178 51 23 310 2014 7 3 21 21 10 1 2
12 46 36 33.741 -118.06 178 337 21 310 2014 7 3 21 22 6 1 2
12 46 36 33.783 -118.1 112 314 7 310 2014 7 3 21 23 6 1 2
12 46 36 33.791 -118.12 135 337 5 310 2014 7 3 21 24 6 1 2
12 46 36 33.813 -118.14 121 301 2 310 2014 7 3 21 25 8 1 2
13 46 36 37.732 -122.26 151 0 16 370 2014 7 3 20 20 6 4 155
13 46 36 37.733 -122.27 162 288 20 370 2014 7 3 20 21 6 4 155
13 46 36 37.776 -122.4 237 305 54 370 2014 7 3 20 22 9 4 155
13 46 36 37.723 -122.45 273 292 84 370 2014 7 3 20 23 6 4 155
13 46 36 37.656 -122.41 273 153 84 370 2014 7 3 20 24 6 4 155
13 46 36 37.644 -122.47 282 216 109 370 2014 7 3 20 25 6 4 155
13 46 36 37.548 -122.48 343 202 126 370 2014 7 3 20 26 6 4 155
13 46 36 37.448 -122.5 357 186 150 370 2014 7 3 20 27 6 4 176
13 46 36 37.345 -122.51 372 186 172 370 2014 7 3 20 28 6 4 176
13 46 36 37.102 -122.55 404 187 212 370 2014 7 3 20 29 6 4 188
13 46 36 37.015 -122.5 422 187 224 370 2014 7 3 20 30 6 4 188
13 46 36 36.921 -122.41 431 148 240 370 2014 7 3 20 31 6 4 188
13 46 36 36.822 -122.31 436 142 255 370 2014 7 3 20 32 6 4 188
13 46 36 36.721 -122.22 448 144 269 370 2014 7 3 20 33 6 4 188
13 46 36 36.619 -122.13 452 142 282 370 2014 7 3 20 34 6 4 188
13 46 36 36.601 -122.1 457 143 285 370 2014 7 3 20 35 6 4 188
13 46 36 36.474 -121.98 468 141 299 370 2014 7 3 20 36 6 4 188
13 46 36 36.366 -121.89 474 144 314 370 2014 7 3 20 37 6 4 188
13 46 36 36.265 -121.79 470 143 328 370 2014 7 3 20 38 6 4 188
13 46 36 36.16 -121.7 467 143 342 370 2014 7 3 20 39 6 4 188
13 46 36 36.057 -121.6 461 143 355 370 2014 7 3 20 40 7 4 188
13 46 36 35.935 -121.49 455 143 366 370 2014 7 3 20 41 7 4 188
13 46 36 35.834 -121.4 454 143 370 370 2014 7 3 20 42 6 4 188
13 46 36 35.731 -121.31 453 144 370 370 2014 7 3 20 43 6 4 188
13 46 36 35.629 -121.22 454 143 370 370 2014 7 3 20 44 6 4 188
13 46 36 35.527 -121.13 454 143 369 370 2014 7 3 20 45 6 4 188
13 46 36 35.425 -121.04 450 145 369 370 2014 7 3 20 46 17 1 55
13 46 36 35.299 -120.95 448 147 369 370 2014 7 3 20 47 6 1 55
13 46 36 35.211 -120.87 450 146 370 370 2014 7 3 20 48 6 1 55
13 46 36 35.108 -120.75 457 136 370 370 2014 7 3 20 49 7 1 55
13 46 36 35.016 -120.64 459 136 370 370 2014 7 3 20 50 6 1 55
13 46 36 34.911 -120.52 459 136 370 370 2014 7 3 20 51 6 1 55
13 46 36 34.816 -120.41 460 136 370 370 2014 7 3 20 52 10 1 55
13 46 36 34.719 -120.3 464 136 370 370 2014 7 3 20 53 6 1 55
13 46 36 34.622 -120.19 462 137 368 370 2014 7 3 20 54 6 1 55
13 46 36 34.547 -120.11 461 137 361 370 2014 7 3 20 55 6 1 55
13 46 36 34.446 -120 461 137 351 370 2014 7 3 20 56 6 1 55
13 46 36 34.351 -119.89 462 137 342 370 2014 7 3 20 57 6 1 55
13 46 36 34.256 -119.79 462 143 329 370 2014 7 3 20 58 6 1 55
13 46 36 34.141 -119.66 463 137 294 370 2014 7 3 20 59 6 1 55
13 46 36 34.043 -119.56 472 137 263 370 2014 7 3 21 0 6 1 55
13 46 36 33.914 -119.53 472 170 263 370 2014 7 3 21 1 6 1 55
13 46 36 33.947 -119.45 472 147 235 370 2014 7 3 21 2 6 1 24
13 46 36 33.856 -119.34 470 137 207 370 2014 7 3 21 3 6 1 24
13 46 36 33.716 -119.07 415 129 149 370 2014 7 3 21 4 6 1 24
13 46 36 33.655 -118.96 415 122 149 370 2014 7 3 21 5 6 1 24
13 46 36 33.617 -118.88 382 121 113 370 2014 7 3 21 6 6 1 24
13 46 36 33.567 -118.77 392 121 110 370 2014 7 3 21 7 6 1 2
13 46 36 33.55 -118.67 342 110 105 370 2014 7 3 21 8 6 1 2
13 46 36 33.547 -118.63 346 101 103 370 2014 7 3 21 9 6 1 2
13 46 36 33.533 -118.47 296 100 84 370 2014 7 3 21 10 6 1 2
13 46 36 33.55 -118.37 287 85 71 370 2014 7 3 21 11 6 1 2
13 46 36 33.567 -118.28 264 76 58 370 2014 7 3 21 12 6 1 2
13 46 36 33.583 -118.2 225 76 46 370 2014 7 3 21 13 6 1 2
13 46 36 33.6 -118.13 229 75 36 370 2014 7 3 21 14 6 1 2
13 46 36 33.65 -118.1 217 48 26 370 2014 7 3 21 15 6 1 2
13 46 36 33.7 -118.08 186 22 24 370 2014 7 3 21 16 6 1 2
13 46 36 33.75 -118.08 169 4 16 370 2014 7 3 21 17 6 1 2
13 46 36 33.783 -118.12 137 346 9 370 2014 7 3 21 18 6 1 2
13 46 36 33.803 -118.13 148 320 3 370 2014 7 3 21 19 6 1 2
13 46 36 33.829 -118.16 146 320 370 370 2014 7 3 21 20 7 1 51
14 46 36 37.722 -122.25 141 0 370 370 2014 7 4 0 46 6 4 185
14 46 36 37.756 -122.29 165 272 27 370 2014 7 4 0 47 6 4 155
14 46 36 37.77 -122.37 241 302 45 370 2014 7 4 0 48 6 4 155
14 46 36 37.706 -122.41 267 296 76 370 2014 7 4 0 49 6 4 155
14 46 36 37.629 -122.42 278 208 104 370 2014 7 4 0 50 6 4 155
14 46 36 37.538 -122.45 334 189 118 370 2014 7 4 0 51 6 4 155
14 46 36 37.44 -122.46 338 190 131 370 2014 7 4 0 52 6 4 176
14 46 36 37.324 -122.49 400 190 152 370 2014 7 4 0 53 6 4 176
14 46 36 37.212 -122.52 412 190 169 370 2014 7 4 0 54 6 4 176
14 46 36 37.093 -122.55 426 189 186 370 2014 7 4 0 55 6 4 176
14 46 36 36.951 -122.49 452 171 204 370 2014 7 4 0 56 6 4 188
14 46 36 36.85 -122.39 461 138 218 370 2014 7 4 0 57 6 4 188
14 46 36 36.748 -122.29 468 142 232 370 2014 7 4 0 58 15 4 188
14 46 36 36.646 -122.19 477 142 244 370 2014 7 4 0 59 6 4 188
14 46 36 36.54 -122.09 484 142 254 370 2014 7 4 1 0 6 4 188
14 46 36 36.427 -121.98 491 142 267 370 2014 7 4 1 1 7 4 188
14 46 36 36.322 -121.88 484 142 285 370 2014 7 4 1 2 16 4 188
14 46 36 36.2 -121.76 477 142 304 370 2014 7 4 1 3 6 4 188
14 46 36 36.096 -121.66 473 142 318 370 2014 7 4 1 4 6 4 188
14 46 36 35.994 -121.57 467 142 333 370 2014 7 4 1 5 6 4 188
14 46 36 35.892 -121.47 465 142 346 370 2014 7 4 1 6 6 4 188
14 46 36 35.79 -121.38 461 142 357 370 2014 7 4 1 7 6 4 188
14 46 36 35.689 -121.28 460 142 365 370 2014 7 4 1 8 6 4 188
14 46 36 35.689 -121.28 460 142 365 370 2014 7 4 1 9 6 4 188
14 46 36 35.569 -121.17 458 142 370 370 2014 7 4 1 10 13 4 188
14 46 36 35.481 -121.09 458 143 370 370 2014 7 4 1 11 6 4 188
14 46 36 35.352 -120.99 459 147 370 370 2014 7 4 1 12 6 1 55
14 46 36 35.243 -120.9 461 147 370 370 2014 7 4 1 13 6 1 55
14 46 36 35.135 -120.82 461 147 370 370 2014 7 4 1 14 6 1 55
14 46 36 35.027 -120.73 461 147 370 370 2014 7 4 1 15 6 1 55
14 46 36 34.919 -120.65 459 147 368 370 2014 7 4 1 16 6 1 55
14 46 36 34.802 -120.56 459 147 358 370 2014 7 4 1 17 6 1 55
14 46 36 34.701 -120.48 457 147 349 370 2014 7 4 1 18 6 1 55
14 46 36 34.586 -120.39 461 147 339 370 2014 7 4 1 19 16 1 55
14 46 36 34.457 -120.3 463 147 327 370 2014 7 4 1 20 6 1 55
14 46 36 34.348 -120.21 465 147 318 370 2014 7 4 1 21 6 1 55
14 46 36 34.244 -120.1 472 147 308 370 2014 7 4 1 22 6 1 55
14 46 36 34.167 -119.97 474 135 298 370 2014 7 4 1 23 6 1 55
14 46 36 34.099 -119.83 476 132 288 370 2014 7 4 1 24 6 1 55
14 46 36 34.03 -119.7 478 122 276 370 2014 7 4 1 25 6 1 55
14 46 36 33.961 -119.56 479 121 247 370 2014 7 4 1 26 6 1 55
14 46 36 33.88 -119.4 470 121 214 370 2014 7 4 1 27 6 1 24
14 46 36 33.814 -119.27 453 121 186 370 2014 7 4 1 28 6 1 24
14 46 36 33.751 -119.15 429 121 159 370 2014 7 4 1 29 6 1 24
14 46 36 33.692 -119.03 389 121 133 370 2014 7 4 1 30 6 1 24
14 46 36 33.636 -118.92 385 121 116 370 2014 7 4 1 31 7 1 24
14 46 36 33.576 -118.81 337 121 110 370 2014 7 4 1 32 6 1 24
14 46 36 33.534 -118.72 305 120 97 370 2014 7 4 1 33 6 1 2
14 46 36 33.491 -118.64 299 125 84 370 2014 7 4 1 34 7 1 2
14 46 36 33.448 -118.56 293 125 69 370 2014 7 4 1 35 6 1 2
14 46 36 33.452 -118.47 288 115 55 370 2014 7 4 1 36 6 1 2
14 46 36 33.481 -118.37 285 68 39 370 2014 7 4 1 37 6 1 2
14 46 36 33.483 -118.35 273 72 36 370 2014 7 4 1 38 6 1 2
14 46 36 33.524 -118.2 276 76 22 370 2014 7 4 1 39 15 1 2
14 46 36 33.556 -118.13 258 64 16 370 2014 7 4 1 40 6 1 2
14 46 36 33.567 -118.12 218 61 16 370 2014 7 4 1 41 6 1 2
14 46 36 33.66 -118.03 217 39 16 370 2014 7 4 1 42 16 1 2
14 46 36 33.667 -118.03 209 30 16 370 2014 7 4 1 43 6 1 2
14 46 36 33.7 -118.02 202 6 16 370 2014 7 4 1 44 6 1 2
14 46 36 33.75 -118.07 198 318 16 370 2014 7 4 1 45 6 1 2
14 46 36 33.782 -118.11 177 308 9 370 2014 7 4 1 46 6 1 2
14 46 36 33.807 -118.14 149 315 2 370 2014 7 4 1 47 6 1 2
15 46 36 37.75 -122.27 185 0 24 370 2014 7 4 2 44 6 4 155
15 46 36 37.703 -122.24 185 157 24 370 2014 7 4 2 45 6 4 155
15 46 36 37.788 -122.34 206 304 30 370 2014 7 4 2 46 6 4 155
15 46 36 37.817 -122.48 215 301 30 370 2014 7 4 2 47 15 4 155
15 46 36 37.8 -122.55 229 265 59 370 2014 7 4 2 48 16 4 155
15 46 36 37.807 -122.56 218 252 59 370 2014 7 4 2 49 6 4 155
15 46 36 37.748 -122.6 245 218 81 370 2014 7 4 2 50 6 4 155
15 46 36 37.65 -122.61 295 208 107 370 2014 7 4 2 51 6 4 155
15 46 36 37.553 -122.6 353 183 127 370 2014 7 4 2 52 6 4 155
15 46 36 37.451 -122.6 363 170 152 370 2014 7 4 2 53 6 4 156
15 46 36 37.345 -122.59 378 177 171 370 2014 7 4 2 54 6 4 176
15 46 36 37.235 -122.58 390 177 190 370 2014 7 4 2 55 6 4 176
15 46 36 37.14 -122.5 412 163 208 370 2014 7 4 2 56 6 4 188
15 46 36 37.045 -122.42 419 147 228 370 2014 7 4 2 57 6 4 188
15 46 36 36.947 -122.33 428 144 243 370 2014 7 4 2 58 16 4 188
15 46 36 36.865 -122.27 432 143 254 370 2014 7 4 2 59 6 4 188
15 46 36 36.722 -122.14 448 149 277 370 2014 7 4 3 0 6 4 188
15 46 36 36.618 -122.05 453 145 290 370 2014 7 4 3 1 16 4 188
15 46 36 36.511 -121.96 462 145 303 370 2014 7 4 3 2 6 4 188
15 46 36 36.404 -121.86 464 145 317 370 2014 7 4 3 3 6 4 188
15 46 36 36.299 -121.78 464 144 331 370 2014 7 4 3 4 16 4 188
15 46 36 36.194 -121.69 462 145 345 370 2014 7 4 3 5 16 4 188
15 46 36 36.107 -121.62 463 144 354 370 2014 7 4 3 6 6 4 188
15 46 36 35.961 -121.49 461 147 364 370 2014 7 4 3 7 6 4 188
15 46 36 35.852 -121.4 467 145 370 370 2014 7 4 3 8 6 4 188
15 46 36 35.745 -121.31 467 145 370 370 2014 7 4 3 9 16 4 188
15 46 36 35.638 -121.22 465 146 370 370 2014 7 4 3 10 6 4 188
15 46 36 35.531 -121.13 466 145 370 370 2014 7 4 3 11 6 4 188
15 46 36 35.436 -121.05 467 146 370 370 2014 7 4 3 12 16 1 55
15 46 36 35.312 -120.96 467 148 370 370 2014 7 4 3 13 16 1 55
15 46 36 35.194 -120.86 469 147 370 370 2014 7 4 3 14 6 1 55
15 46 36 35.072 -120.77 469 147 370 370 2014 7 4 3 15 6 1 55
15 46 36 34.995 -120.71 469 146 370 370 2014 7 4 3 16 15 1 55
15 46 36 34.885 -120.62 469 147 370 370 2014 7 4 3 17 6 1 55
15 46 36 34.767 -120.53 467 147 370 370 2014 7 4 3 18 6 1 55
15 46 36 34.636 -120.43 470 147 370 370 2014 7 4 3 19 16 1 55
15 46 36 34.526 -120.34 471 148 370 370 2014 7 4 3 20 6 1 55
15 46 36 34.418 -120.26 464 148 369 370 2014 7 4 3 21 6 1 55
15 46 36 34.305 -120.17 466 148 344 370 2014 7 4 3 22 15 1 55
15 46 36 34.213 -120.05 478 145 313 370 2014 7 4 3 23 15 1 55
15 46 36 34.142 -119.92 480 139 286 370 2014 7 4 3 24 16 1 55
15 46 36 34.075 -119.78 474 127 262 370 2014 7 4 3 25 15 1 55
15 46 36 34.01 -119.65 458 121 239 370 2014 7 4 3 26 6 1 24
15 46 36 33.944 -119.52 458 121 239 370 2014 7 4 3 27 6 1 24
15 46 36 33.945 -119.53 448 121 216 370 2014 7 4 3 28 6 1 24
15 46 36 33.807 -119.25 432 121 169 370 2014 7 4 3 29 16 1 24
15 46 36 33.807 -119.25 432 121 169 370 2014 7 4 3 30 7 1 24
15 46 36 33.747 -119.14 413 121 149 370 2014 7 4 3 31 6 1 24
15 46 36 33.633 -118.93 387 121 112 370 2014 7 4 3 32 6 1 24
15 46 36 33.583 -118.83 346 121 110 370 2014 7 4 3 33 6 1 24
15 46 36 33.567 -118.73 304 122 110 370 2014 7 4 3 34 6 1 2
15 46 36 33.55 -118.63 292 104 110 370 2014 7 4 3 35 6 1 2
15 46 36 33.55 -118.53 290 96 87 370 2014 7 4 3 36 6 1 2
15 46 36 33.567 -118.45 289 80 65 370 2014 7 4 3 37 16 1 2
15 46 36 33.583 -118.35 277 80 44 370 2014 7 4 3 38 15 1 2
15 46 36 33.583 -118.27 270 83 29 370 2014 7 4 3 39 16 1 2
15 46 36 33.617 -118.18 250 79 20 370 2014 7 4 3 40 16 1 2
15 46 36 33.667 -118.13 220 53 20 370 2014 7 4 3 41 6 1 2
15 46 36 33.674 -118.11 228 39 20 370 2014 7 4 3 42 6 1 2
15 46 36 33.75 -118.07 201 46 19 370 2014 7 4 3 43 6 1 2
15 46 36 33.783 -118.1 150 332 9 370 2014 7 4 3 44 16 1 2
15 46 36 33.8 -118.13 131 316 2 370 2014 7 4 3 45 15 1 2
15 46 36 33.817 -118.15 153 301 1 370 2014 7 4 3 46 6 1 2
16 46 36 37.733 -122.25 157 0 17 350 2014 7 4 17 56 6 4 155
16 46 36 37.772 -122.31 197 289 29 350 2014 7 4 17 57 16 4 155
16 46 36 37.746 -122.39 255 307 58 350 2014 7 4 17 58 6 4 155
16 46 36 37.682 -122.35 255 154 58 350 2014 7 4 17 59 6 4 155
16 46 36 37.682 -122.45 277 236 90 350 2014 7 4 18 0 16 4 155
16 46 36 37.527 -122.48 345 204 122 350 2014 7 4 18 1 6 4 155
16 46 36 37.425 -122.5 370 186 143 350 2014 7 4 18 2 8 4 176
16 46 36 37.294 -122.53 383 187 166 350 2014 7 4 18 3 6 4 176
16 46 36 37.186 -122.54 389 188 187 350 2014 7 4 18 4 6 4 176
16 46 36 37.074 -122.56 396 186 206 350 2014 7 4 18 5 15 4 188
16 46 36 36.935 -122.56 419 183 224 350 2014 7 4 18 6 15 4 188
16 46 36 36.935 -122.56 419 183 224 350 2014 7 4 18 7 6 4 188
16 46 36 36.817 -122.53 428 172 239 350 2014 7 4 18 8 6 4 188
16 46 36 36.598 -122.41 443 167 265 350 2014 7 4 18 9 16 4 188
16 46 36 36.581 -122.38 447 143 268 350 2014 7 4 18 10 16 4 188
16 46 36 36.416 -122.19 459 134 288 350 2014 7 4 18 11 15 4 188
16 46 36 36.398 -122.16 464 134 289 350 2014 7 4 18 12 16 4 188
16 46 36 36.304 -122.05 465 136 291 350 2014 7 4 18 13 6 4 188
16 46 36 36.209 -121.94 471 135 305 350 2014 7 4 18 14 16 4 188
16 46 36 36.115 -121.83 471 136 320 350 2014 7 4 18 15 16 4 188
16 46 36 36.006 -121.69 470 135 332 350 2014 7 4 18 16 16 4 188
16 46 36 35.911 -121.59 468 135 346 350 2014 7 4 18 17 6 4 188
16 46 36 35.819 -121.48 461 136 350 350 2014 7 4 18 18 6 4 188
16 46 36 35.728 -121.37 458 136 350 350 2014 7 4 18 19 16 4 188
16 46 36 35.633 -121.26 458 135 350 350 2014 7 4 18 20 15 4 188
16 46 36 35.542 -121.15 458 138 350 350 2014 7 4 18 21 6 4 188
16 46 36 35.441 -121.06 459 139 350 350 2014 7 4 18 22 6 1 55
16 46 36 35.313 -120.96 455 147 349 350 2014 7 4 18 23 6 1 55
16 46 36 35.206 -120.87 457 147 350 350 2014 7 4 18 24 15 1 55
16 46 36 35.111 -120.8 458 146 350 350 2014 7 4 18 25 15 1 55
16 46 36 35.004 -120.72 458 147 350 350 2014 7 4 18 26 6 1 55
16 46 36 34.876 -120.62 455 147 349 350 2014 7 4 18 27 16 1 55
16 46 36 34.769 -120.53 454 147 349 350 2014 7 4 18 28 6 1 55
16 46 36 34.675 -120.46 457 147 350 350 2014 7 4 18 29 6 1 55
16 46 36 34.547 -120.36 456 148 350 350 2014 7 4 18 30 6 1 55
16 46 36 34.441 -120.28 451 148 349 350 2014 7 4 18 31 15 1 55
16 46 36 34.334 -120.2 452 148 346 350 2014 7 4 18 32 6 1 55
16 46 36 34.238 -120.09 454 148 334 350 2014 7 4 18 33 6 1 55
16 46 36 34.164 -119.97 462 142 309 350 2014 7 4 18 34 6 1 55
16 46 36 34.1 -119.83 462 131 287 350 2014 7 4 18 35 16 1 55
16 46 36 34.036 -119.71 452 122 266 350 2014 7 4 18 36 16 1 55
16 46 36 33.961 -119.56 437 120 240 350 2014 7 4 18 37 16 1 55
16 46 36 33.899 -119.44 431 121 219 350 2014 7 4 18 38 6 1 24
16 46 36 33.844 -119.32 399 121 198 350 2014 7 4 18 39 16 1 24
16 46 36 33.844 -119.32 399 121 198 350 2014 7 4 18 40 15 1 24
16 46 36 33.787 -119.21 391 120 178 350 2014 7 4 18 41 6 1 24
16 46 36 33.733 -119.1 376 121 157 350 2014 7 4 18 42 16 1 24
16 46 36 33.669 -118.98 369 126 136 350 2014 7 4 18 43 15 1 24
16 46 36 33.618 -118.88 355 120 118 350 2014 7 4 18 44 6 1 24
16 46 36 33.572 -118.79 334 111 106 350 2014 7 4 18 45 6 1 24
16 46 36 33.583 -118.69 297 89 89 350 2014 7 4 18 46 6 1 2
16 46 36 33.6 -118.6 290 82 66 350 2014 7 4 18 47 16 1 2
16 46 36 33.607 -118.51 280 86 45 350 2014 7 4 18 48 6 1 2
16 46 36 33.622 -118.41 263 76 41 350 2014 7 4 18 49 6 1 2
16 46 36 33.633 -118.35 212 75 41 350 2014 7 4 18 50 6 1 2
16 46 36 33.643 -118.27 217 70 39 350 2014 7 4 18 51 16 1 2
16 46 36 33.655 -118.2 214 89 27 350 2014 7 4 18 52 16 1 2
16 46 36 33.717 -118.08 208 55 17 350 2014 7 4 18 53 16 1 2
16 46 36 33.726 -118.07 215 58 16 350 2014 7 4 18 54 6 1 2
16 46 36 33.783 -118.12 148 341 7 350 2014 7 4 18 55 15 1 2
16 46 36 33.798 -118.12 160 301 4 350 2014 7 4 18 56 15 1 2
17 46 36 37.733 -122.27 185 285 18 370 2014 7 4 20 17 6 4 155
17 46 36 37.759 -122.3 219 288 29 370 2014 7 4 20 18 6 4 155
17 46 36 37.763 -122.38 234 308 60 370 2014 7 4 20 19 6 4 155
17 46 36 37.686 -122.42 249 288 89 370 2014 7 4 20 20 16 4 155
17 46 36 37.603 -122.44 295 203 109 370 2014 7 4 20 21 16 4 155
17 46 36 37.508 -122.45 333 189 118 370 2014 7 4 20 22 6 4 155
17 46 36 37.401 -122.47 355 189 138 370 2014 7 4 20 23 6 4 176
17 46 36 37.283 -122.51 392 190 157 370 2014 7 4 20 24 6 4 176
17 46 36 37.166 -122.53 420 189 176 370 2014 7 4 20 25 15 4 176
17 46 36 37.046 -122.55 433 189 192 370 2014 7 4 20 26 15 4 173
17 46 36 36.922 -122.56 452 179 207 370 2014 7 4 20 27 6 4 188
17 46 36 36.779 -122.53 445 165 237 370 2014 7 4 20 28 6 4 188
17 46 36 36.659 -122.5 438 168 251 370 2014 7 4 20 29 15 4 188
17 46 36 36.539 -122.46 440 166 264 370 2014 7 4 20 30 6 4 188
17 46 36 36.426 -122.39 451 154 277 370 2014 7 4 20 31 6 4 188
17 46 36 36.325 -122.29 460 143 291 370 2014 7 4 20 32 6 4 188
17 46 36 36.241 -122.17 463 128 303 370 2014 7 4 20 33 6 4 188
17 46 36 36.138 -122.03 467 127 318 370 2014 7 4 20 34 6 4 188
17 46 36 36.054 -121.9 467 130 331 370 2014 7 4 20 35 6 4 188
17 46 36 35.97 -121.78 467 131 344 370 2014 7 4 20 36 15 4 188
17 46 36 35.887 -121.66 467 130 355 370 2014 7 4 20 37 6 4 188
17 46 36 35.802 -121.54 466 131 364 370 2014 7 4 20 38 6 4 188
17 46 36 35.702 -121.4 466 130 370 370 2014 7 4 20 39 15 4 188
17 46 36 35.637 -121.3 462 130 370 370 2014 7 4 20 40 6 4 188
17 46 36 35.553 -121.18 462 130 370 370 2014 7 4 20 41 6 4 188
17 46 36 35.461 -121.08 459 131 370 370 2014 7 4 20 42 6 4 188
17 46 36 35.357 -120.99 449 138 370 370 2014 7 4 20 43 6 1 55
17 46 36 35.254 -120.91 447 146 370 370 2014 7 4 20 44 6 1 55
17 46 36 35.129 -120.81 447 147 369 370 2014 7 4 20 45 6 1 55
17 46 36 35.013 -120.72 448 147 370 370 2014 7 4 20 46 16 1 55
17 46 36 34.908 -120.64 448 147 370 370 2014 7 4 20 47 16 1 55
17 46 36 34.822 -120.57 450 147 370 370 2014 7 4 20 48 6 1 55
17 46 36 34.715 -120.49 451 147 370 370 2014 7 4 20 49 15 1 55
17 46 36 34.601 -120.4 457 147 370 370 2014 7 4 20 50 16 1 55
17 46 36 34.496 -120.32 452 148 370 370 2014 7 4 20 51 16 1 55
17 46 36 34.456 -120.3 447 148 370 370 2014 7 4 20 52 15 1 55
17 46 36 34.35 -120.22 447 148 369 370 2014 7 4 20 53 6 1 55
17 46 36 34.252 -120.11 453 148 364 370 2014 7 4 20 54 6 1 55
17 46 36 34.176 -119.99 455 136 354 370 2014 7 4 20 55 15 1 55
17 46 36 34.111 -119.86 459 133 335 370 2014 7 4 20 56 6 1 55
17 46 36 34.043 -119.72 468 123 305 370 2014 7 4 20 57 6 1 55
17 46 36 33.973 -119.58 479 120 270 370 2014 7 4 20 58 6 1 55
17 46 36 33.888 -119.42 487 121 228 370 2014 7 4 20 59 16 1 24
17 46 36 33.821 -119.28 474 121 197 370 2014 7 4 21 0 15 1 24
17 46 36 33.756 -119.16 449 121 169 370 2014 7 4 21 1 16 1 24
17 46 36 33.695 -119.04 423 121 139 370 2014 7 4 21 2 15 1 24
17 46 36 33.641 -118.92 420 121 111 370 2014 7 4 21 3 6 1 24
17 46 36 33.633 -118.72 304 92 99 370 2014 7 4 21 4 15 1 2
17 46 36 33.633 -118.62 291 91 83 370 2014 7 4 21 5 15 1 2
17 46 36 33.63 -118.58 291 89 80 370 2014 7 4 21 6 6 1 2
17 46 36 33.627 -118.48 281 89 66 370 2014 7 4 21 7 6 1 2
17 46 36 33.624 -118.39 278 89 58 370 2014 7 4 21 8 6 1 2
17 46 36 33.623 -118.31 276 89 45 370 2014 7 4 21 9 18 1 2
17 46 36 33.635 -118.22 272 89 33 370 2014 7 4 21 10 15 1 2
17 46 36 33.693 -118.15 255 39 30 370 2014 7 4 21 11 6 1 2
17 46 36 33.727 -118.1 218 58 20 370 2014 7 4 21 12 16 1 2
17 46 36 33.774 -118.1 191 28 10 370 2014 7 4 21 13 6 1 2
17 46 36 33.817 -118.15 170 313 0 370 2014 7 4 21 14 15 1 2
17 46 36 33.871 -118.15 188 301 1 370 2014 7 4 21 15 15 1 15
