1 10 18 34.18 -118.36 167.6 31.4 219 330 1 53
1 10 18 34.145 -118.41 224.6 146.2 42.6 330 1 8
1 10 18 34.172 -118.45 237.6 200 60.4 330 1 8
1 10 18 34.225 -118.45 249.4 240 79.4 330 1 8
1 10 18 34.316 -118.44 286.4 328.4 105 330 1 8
1 10 18 34.389 -118.38 317 87.2 122.2 330 1 8
1 10 18 34.46 -118.33 341.2 20.6 142.6 330 1 32
1 10 18 34.527 -118.21 359.8 36.6 165.4 330 1 22
1 10 18 34.566 -118.1 371.9 52 182.7 330 1 22
1 10 18 34.611 -117.97 378 61.6 201.2 330 1 22
1 10 18 34.637 -117.85 386.6 66 215.2 330 1 22
1 10 18 34.666 -117.72 392.8 72 226.4 330 1 22
1 10 18 34.694 -117.61 404.8 74.4 239 330 1 22
1 10 18 34.738 -117.44 417.6 72.8 255.8 330 1 22
1 10 18 34.768 -117.32 420.4 71.6 265.8 330 1 22
1 10 18 34.812 -117.15 421.8 71.6 281.4 330 1 43
1 10 18 34.848 -117.02 423 71.8 293 330 1 43
1 10 18 34.89 -116.91 426.2 70 300 330 1 43
1 10 18 34.967 -116.76 429.2 67 310.6 330 1 43
1 10 18 35.041 -116.64 430.8 59.4 314.4 330 1 43
1 10 18 35.104 -116.54 436.4 56 317.2 330 1 43
1 10 18 35.179 -116.44 437.5 48.4 321.6 330 1 43
1 10 18 35.268 -116.31 439 49 324 330 1 43
1 10 18 35.348 -116.2 441 48.2 326.8 330 1 43
1 10 18 35.427 -116.09 444.8 48.2 330 330 1 43
1 10 18 35.506 -115.98 446.4 48.4 333 330 1 43
1 10 18 35.586 -115.86 448.6 48.4 335.8 330 1 43
1 10 18 35.675 -115.74 446.2 48.2 337.8 330 1 43
1 10 18 35.758 -115.62 447.6 48.2 341.6 330 1 47
1 10 18 35.815 -115.52 450.8 48.4 344.8 330 1 47
1 10 18 35.89 -115.4 447.6 50.4 348 330 1 47
1 10 18 35.962 -115.27 447.2 52.8 350.8 330 1 47
1 10 18 36.029 -115.14 445.8 53.6 352.8 330 1 47
1 10 18 36.081 -115.01 448.5 59.6 354.2 330 1 47
1 10 18 36.133 -114.85 448.6 64.4 355 330 1 47
1 10 18 36.174 -114.72 452.4 64.2 355.8 330 1 47
1 10 18 36.23 -114.55 456 66.8 356.6 330 1 47
1 10 18 36.286 -114.36 457 68.6 357.2 330 1 47
1 10 18 36.324 -114.24 458.2 68.4 358 330 1 47
1 10 18 36.37 -114.09 458.8 68.6 359.4 330 1 47
1 10 18 36.414 -113.94 458.8 68.6 361.4 330 1 48
1 10 18 36.462 -113.79 459.4 68.6 362.2 330 1 48
1 10 18 36.5 -113.67 461.8 68.2 362.2 330 1 48
1 10 18 36.551 -113.51 462.2 70.6 362.2 330 1 48
1 10 18 36.598 -113.36 464 68 362.2 330 1 48
1 10 18 36.657 -113.17 461.2 68 362.2 330 1 48
1 10 18 36.706 -113.01 464.6 67.8 362.2 330 1 48
1 10 18 36.745 -112.89 465 68 362.2 330 1 48
1 10 18 36.793 -112.74 467.2 68.2 362.2 330 1 48
1 10 18 36.835 -112.6 465.6 68 362.2 330 1 48
1 10 18 36.878 -112.47 467 68.6 362.2 330 1 48
1 10 18 36.937 -112.28 467.8 68.3 362.2 330 1 48
1 10 18 36.959 -112.2 467.2 68.55 362.2 330 1 48
1 10 18 37.006 -112.05 466.2 68.7 362.2 330 1 48
1 10 18 37.055 -111.89 466.4 68.6 362.2 330 1 48
1 10 18 37.086 -111.79 465.7 68.6 362.2 330 1 48
1 10 18 37.126 -111.66 464.95 68.4 362.2 330 6 270
1 10 18 37.165 -111.53 464.75 68.75 362.2 330 6 270
1 10 18 37.214 -111.36 464.35 68.85 362.2 330 6 270
1 10 18 37.257 -111.22 463.2 68.8 362.2 330 6 270
1 10 18 37.287 -111.12 463.8 68 362.2 330 6 270
1 10 18 37.331 -110.96 463.8 68.6 362.2 330 6 270
1 10 18 37.377 -110.81 463.8 69 362.2 330 6 270
1 10 18 37.422 -110.65 463.4 69.2 362.2 330 6 270
1 10 18 37.473 -110.49 463.4 69.2 362.2 330 6 270
1 10 18 37.52 -110.34 463.2 68 362.2 330 6 270
1 10 18 37.569 -110.18 463.6 67 363.2 330 6 270
1 10 18 37.615 -110.02 462.6 67.4 364.2 330 6 270
1 10 18 37.663 -109.87 462.2 68.4 365.2 330 6 270
1 10 18 37.709 -109.72 462 68 366 330 6 270
1 10 18 37.757 -109.55 462.6 68.2 366.2 330 6 270
1 10 18 37.802 -109.4 462.8 68.8 366.2 330 6 270
1 10 18 37.852 -109.23 465.2 68.4 366.2 330 6 270
1 10 18 37.899 -109.08 465.8 67 366.2 330 6 270
1 10 18 37.946 -108.91 466.8 69 366.2 330 6 260
1 10 18 37.985 -108.81 466.4 69 366.2 330 6 260
1 10 18 38.047 -108.65 466.5 65.9 366.2 330 6 260
1 10 18 38.098 -108.51 466 64.2 366.2 330 6 260
1 10 18 38.158 -108.36 465.9 61.9 366.2 330 6 260
1 10 18 38.211 -108.22 465.4 62.8 366.2 330 6 260
1 10 18 38.256 -108.11 464.6 61.8 366.2 330 6 260
1 10 18 38.315 -107.97 461.4 61.5 366.2 330 6 260
1 10 18 38.363 -107.85 461.8 59.3 365.5 330 6 268
1 10 18 38.421 -107.71 460.9 60.85 365.15 330 6 268
1 10 18 38.483 -107.57 459.9 59.7 363.9 270 6 268
1 10 18 38.552 -107.41 461.7 60.4 362 270 6 268
1 10 18 38.622 -107.26 462.4 59 360.8 270 6 268
1 10 18 38.663 -107.16 464.6 59 357.6 270 6 268
1 10 18 38.713 -107.05 466 59.8 353 270 6 268
1 10 18 38.773 -106.91 465.2 59.5 346.3 270 6 268
1 10 18 38.838 -106.76 460.8 59.8 337.2 270 6 268
1 10 18 38.899 -106.62 460.2 60 328.4 270 6 268
1 10 18 38.977 -106.44 463.2 59.4 319.4 270 6 268
1 10 18 39.026 -106.33 461 59.4 302 270 6 268
1 10 18 39.087 -106.19 458.4 59.4 283.4 270 6 268
1 10 18 39.154 -106.04 448.6 59.6 264.6 270 6 240
1 10 18 39.212 -105.91 425.4 59.2 244.4 270 6 240
1 10 18 39.272 -105.77 411 59.8 220.4 270 6 240
1 10 18 39.323 -105.65 396 60.6 196.2 270 6 240
1 10 18 39.371 -105.51 365.4 65.8 178.6 270 6 240
1 10 18 39.382 -105.39 341 73.8 170.4 270 6 233
1 10 18 39.376 -105.28 323.3 94.85 153.75 270 6 233
1 10 18 39.369 -105.14 319.8 89.1 142.7 270 6 233
1 10 18 39.385 -105.03 312.7 74.6 135 270 6 233
1 10 18 39.427 -104.9 294.35 60.95 125.65 270 6 233
1 10 18 39.469 -104.83 279.1 122.1 119.5 270 6 233
1 10 18 39.544 -104.73 260.8 44 109.8 270 6 233
1 10 18 39.58 -104.71 249.6 28.6 104.6 270 6 233
1 10 18 39.652 -104.69 237.8 85.4 90 270 6 233
1 10 18 39.701 -104.67 218.6 14.2 81.6 270 6 233
1 10 18 39.755 -104.67 191 82.4 72.2 270 6 233
1 10 18 39.81 -104.67 159.8 1.2 59.2 270 6 233
1 10 18 39.827 -104.66 155.6 71.4 55.8 270 6 233
2 10 18 34.187 -118.36 159.4 67.4 89.6 390 1 8
2 10 18 34.138 -118.41 215 162.2 43 390 1 8
2 10 18 34.173 -118.45 252.4 194.8 64.6 390 1 8
2 10 18 34.239 -118.44 276 214.8 81.8 390 1 8
2 10 18 34.334 -118.44 315 193.4 112.4 390 1 8
2 10 18 34.398 -118.4 341.2 156.8 129.6 390 1 32
2 10 18 34.475 -118.33 365.2 101.2 156.8 390 1 32
2 10 18 34.54 -118.22 380.2 36.4 186.2 390 1 22
2 10 18 34.596 -118.13 392.4 51.4 213.4 390 1 22
2 10 18 34.636 -118 407.4 60 226 390 1 22
2 10 18 34.655 -117.85 419 63.6 246.8 390 1 43
2 10 18 34.683 -117.7 431.8 70.8 256.2 390 1 43
2 10 18 34.713 -117.57 451 77.6 280 390 1 43
2 10 18 34.751 -117.43 457.8 75.8 293.8 390 1 43
2 10 18 34.783 -117.3 471.2 73 311 390 1 43
2 10 18 34.824 -117.14 478 72 330.6 390 1 43
2 10 18 34.869 -116.97 475.8 78.6 348.8 390 1 43
2 10 18 34.93 -116.83 470.4 71.4 363 390 1 43
2 10 18 35.005 -116.7 470.4 65.8 376.4 390 1 43
2 10 18 35.087 -116.57 473 56.2 385 390 1 43
2 10 18 35.176 -116.45 470.4 51.6 389.8 390 1 43
2 10 18 35.269 -116.32 470.8 50.2 392.8 390 1 43
2 10 18 35.357 -116.19 470.2 48.2 394 390 1 43
2 10 18 35.439 -116.07 468.8 49 394 390 1 43
2 10 18 35.524 -115.94 470.4 49.6 394 390 1 43
2 10 18 35.605 -115.81 467.4 50.6 394 390 1 43
2 10 18 35.69 -115.68 465.2 51 394 390 1 47
2 10 18 35.772 -115.54 466 51.6 394 390 1 47
2 10 18 35.851 -115.42 466.2 51 394 390 1 47
2 10 18 35.917 -115.32 467.2 51.6 394 390 1 47
2 10 18 35.98 -115.22 462.8 52 394 390 1 47
2 10 18 36.054 -115.07 465.2 52 394 390 1 47
2 10 18 36.108 -114.91 468.6 55.2 394 390 1 47
2 10 18 36.158 -114.77 468.2 62 394 390 1 47
2 10 18 36.207 -114.62 468.6 66 394 390 1 47
2 10 18 36.258 -114.46 468.8 67.2 394 390 1 47
2 10 18 36.311 -114.3 469.6 67.4 394 390 1 47
2 10 18 36.363 -114.14 469.8 67.4 394 390 1 49
2 10 18 36.403 -114.02 471 66.8 394 390 1 49
2 10 18 36.445 -113.9 471.2 67.4 394 390 1 49
2 10 18 36.5 -113.74 470.8 66.8 394 390 1 49
2 10 18 36.553 -113.59 470.8 66.2 394 390 1 49
2 10 18 36.606 -113.44 470.4 65.6 394 390 1 49
2 10 18 36.67 -113.25 470.8 66 394 390 1 49
2 10 18 36.727 -113.1 470.4 64.2 394 390 1 49
2 10 18 36.77 -112.97 469.8 64.6 394 390 1 49
2 10 18 36.821 -112.82 470 67.6 394 390 1 49
2 10 18 36.864 -112.68 469.2 68 394 390 1 49
2 10 18 36.914 -112.52 469.4 68.2 394 390 1 49
2 10 18 36.959 -112.37 469.8 68.4 394 390 1 49
2 10 18 37.004 -112.2 471 71 394 390 1 49
2 10 18 37.043 -112.05 470.8 70.6 394 390 1 49
2 10 18 37.086 -111.89 471.6 70.8 394 390 1 49
2 10 18 37.127 -111.74 471.2 70.8 394 390 6 269
2 10 18 37.182 -111.55 472 70.8 394 390 6 269
2 10 18 37.219 -111.41 471.4 70.6 394 390 6 269
2 10 18 37.27 -111.25 470 67.8 394 390 6 269
2 10 18 37.313 -111.12 469.4 67.2 394 390 6 269
2 10 18 37.348 -110.99 469.2 68 394 390 6 269
2 10 18 37.395 -110.84 468.2 67.6 394 390 6 269
2 10 18 37.443 -110.67 467.8 68.6 394 390 6 269
2 10 18 37.494 -110.52 467.6 68.4 394 390 6 269
2 10 18 37.541 -110.37 467.4 67.6 394 390 6 269
2 10 18 37.567 -110.26 468.6 67.6 394 390 6 269
2 10 18 37.61 -110.11 468.5 67.8 394 390 6 269
2 10 18 37.657 -109.96 468.4 68 394 390 6 269
2 10 18 37.705 -109.81 467.6 68.1 394 390 6 269
2 10 18 37.763 -109.64 467.2 67 394 390 6 269
2 10 18 37.816 -109.48 465.2 65.4 394 390 6 269
2 10 18 37.852 -109.36 464 66.4 394 390 6 269
2 10 18 37.907 -109.2 463.2 66 394 390 6 269
2 10 18 37.963 -109.05 462 66.2 394 390 6 254
2 10 18 38.024 -108.9 462.4 63.6 394 390 6 254
2 10 18 38.08 -108.75 462.6 62.2 394 390 6 254
2 10 18 38.126 -108.63 463.4 63 394 390 6 254
2 10 18 38.181 -108.49 462.3 62.5 394 390 6 254
2 10 18 38.24 -108.34 461.9 62.6 394 390 6 254
2 10 18 38.297 -108.2 461.5 62.6 394 390 6 254
2 10 18 38.363 -108.03 461.2 62.4 393.2 390 6 253
2 10 18 38.413 -107.9 459.6 61.4 391.2 370 6 253
2 10 18 38.457 -107.78 459.4 62.8 387.8 370 6 253
2 10 18 38.516 -107.63 461.4 62.8 383.8 370 6 253
2 10 18 38.574 -107.49 460.4 62.8 382 370 6 253
2 10 18 38.638 -107.34 461.4 61.2 379.6 270 6 253
2 10 18 38.696 -107.19 461.2 61.6 374.4 270 6 253
2 10 18 38.758 -107.05 461.2 60 372.4 270 6 253
2 10 18 38.816 -106.9 459.4 61.6 359.6 270 6 268
2 10 18 38.878 -106.76 459.8 59.4 354.6 270 6 268
2 10 18 38.918 -106.65 459.6 61.4 347.4 270 6 268
2 10 18 38.99 -106.47 459.8 61.2 336.8 270 6 268
2 10 18 39.037 -106.36 459.4 61.8 329.2 270 6 268
2 10 18 39.1 -106.2 458.8 62.2 316 270 6 268
2 10 18 39.166 -106.04 448 61.4 289.4 270 6 268
2 10 18 39.22 -105.89 432.4 62.2 268.4 270 6 240
2 10 18 39.283 -105.75 411.2 61.6 247.4 270 6 240
2 10 18 39.332 -105.63 390.8 60.2 229 270 6 240
2 10 18 39.384 -105.51 375.2 62.2 213.2 270 6 240
2 10 18 39.45 -105.39 365.2 57.8 195.6 270 6 233
2 10 18 39.497 -105.28 348.6 55.2 182.4 270 6 233
2 10 18 39.553 -105.18 347.8 54.8 173 270 6 233
2 10 18 39.612 -105.07 338.8 54.8 160.6 270 6 233
2 10 18 39.663 -104.98 333.4 55.4 145 270 6 233
2 10 18 39.721 -104.89 317 49 131.6 270 6 233
2 10 18 39.791 -104.85 300.4 29.2 121.8 270 6 233
2 10 18 39.86 -104.83 283.1 48.2 114 270 6 233
2 10 18 39.942 -104.83 265 78.8 106.8 270 6 233
2 10 18 40.01 -104.83 254.8 287 101.4 270 6 233
2 10 18 40.059 -104.8 247.8 90.2 91 270 6 233
2 10 18 40.052 -104.74 223 87.2 80.6 270 6 233
2 10 18 40.006 -104.71 200 142.4 72.4 270 6 233
2 10 18 39.96 -104.7 178 163.6 65.4 270 6 233
2 10 18 39.932 -104.7 152.6 176.4 59.2 270 6 233
2 10 18 39.894 -104.7 149 179 53.8 270 6 233
