1 10 33 34.183 -118.36 161.71 28.714 54.571 270 1 8
1 10 33 34.162 -118.4 233.57 193 39.714 270 1 8
1 10 33 34.211 -118.44 253.43 195.14 71.286 270 1 8
1 10 33 34.286 -118.44 280.71 277 102.57 270 1 8
1 10 33 34.372 -118.4 331.57 240.86 129.57 270 1 8
1 10 33 34.442 -118.32 361 14.857 161.14 270 1 32
1 10 33 34.499 -118.2 382.43 33.857 190.57 270 1 22
1 10 33 34.541 -118.08 397.86 53.429 213.86 270 1 22
1 10 33 34.587 -117.95 413.57 61.571 242.71 270 1 22
1 10 33 34.62 -117.82 426.21 67.286 261.21 270 1 43
1 10 33 34.656 -117.68 433.64 70.214 274 270 1 43
1 10 33 34.685 -117.58 439.93 71.786 283.43 270 1 43
1 10 33 34.728 -117.43 450.18 71.607 286.57 270 1 43
1 10 33 34.765 -117.3 452.5 70.143 287.14 270 1 43
1 10 33 34.78 -117.19 457.5 78.429 287.14 270 1 43
1 10 33 34.84 -117.02 455.43 74.857 287.14 270 1 43
1 10 33 34.874 -116.95 455.5 71.571 287.14 270 1 43
1 10 33 34.921 -116.82 456 68.429 284.29 270 1 43
1 10 33 34.982 -116.66 457.43 65.929 277.64 270 1 43
1 10 33 35.043 -116.52 455 65.429 264.79 130 1 43
1 10 33 35.102 -116.42 449.71 65.286 257.36 130 1 43
1 10 33 35.185 -116.3 438.71 55.714 244.86 130 1 43
1 10 33 35.282 -116.17 430.57 50.429 233.14 130 1 31
1 10 33 35.355 -116.08 419.29 48.143 218 130 1 31
1 10 33 35.43 -115.99 408.14 45.929 192.5 130 1 31
1 10 33 35.511 -115.89 390.5 45 167.36 130 1 31
1 10 33 35.582 -115.8 372.29 45.786 148.5 130 1 31
1 10 33 35.659 -115.7 351.29 45 139.14 130 1 31
1 10 33 35.735 -115.64 327.57 36.857 132.71 130 1 31
1 10 33 35.811 -115.6 320.14 25.286 130.71 130 1 3
1 10 33 35.882 -115.56 316.86 23.143 128.14 130 1 3
1 10 33 35.942 -115.5 316.14 83.286 121.71 130 1 3
1 10 33 35.996 -115.44 305.64 52.286 115.14 130 1 3
1 10 33 36.021 -115.35 284.57 70.429 108.43 130 1 3
1 10 33 36.022 -115.26 277.14 87.857 97.857 130 1 3
1 10 33 36.017 -115.17 266.29 91.429 87.143 130 1 3
1 10 33 36.011 -115.08 245.57 93.857 78.143 130 1 3
1 10 33 36.01 -115 231.86 89.714 65 130 1 3
1 10 33 36.033 -114.95 219.86 114.14 54.143 130 1 3
1 10 33 36.064 -114.98 195.14 158 42.857 130 1 3
1 10 33 36.074 -115.03 161.29 294.86 35.714 130 1 3
1 10 33 36.074 -115.08 143.86 281.57 27.857 130 1 3
1 10 33 36.074 -115.12 143 270 21.571 130 1 3
2 10 33 34.179 -118.37 172.92 57.692 76.154 270 1 8
2 10 33 34.157 -118.39 198.69 168.31 72.154 270 1 8
2 10 33 34.167 -118.45 243.15 191.62 64.385 270 1 8
2 10 33 34.234 -118.44 263.62 221.38 92.077 270 1 8
2 10 33 34.314 -118.41 310.69 152.69 114.62 270 1 8
2 10 33 34.404 -118.37 350.85 121.77 140.69 270 1 32
2 10 33 34.483 -118.3 368.23 23.538 170.54 270 1 32
2 10 33 34.539 -118.19 377.69 31.308 199.23 270 1 22
2 10 33 34.582 -118.07 386.23 51.154 221.85 270 1 22
2 10 33 34.604 -117.93 395.23 70.308 241.85 270 1 43
2 10 33 34.634 -117.8 402.23 74.077 255.58 270 1 43
2 10 33 34.667 -117.65 412.54 77.231 261.15 270 1 43
2 10 33 34.702 -117.51 416.54 75.846 263.08 270 1 43
2 10 33 34.735 -117.38 422.92 72.231 264.31 270 1 43
2 10 33 34.778 -117.24 427.31 72.231 265.69 270 1 43
2 10 33 34.807 -117.12 428.31 75.808 265.65 270 1 43
2 10 33 34.869 -116.98 430.42 71.538 264.31 270 1 43
2 10 33 34.92 -116.85 428.92 65.462 264 270 1 43
2 10 33 34.965 -116.72 430.46 64.538 261.27 270 1 43
2 10 33 35.01 -116.6 428.54 67.154 258.62 270 1 43
2 10 33 35.061 -116.49 423.5 68.154 247.62 270 1 43
2 10 33 35.13 -116.37 417.42 62.154 240.31 130 1 43
2 10 33 35.212 -116.26 414.15 56.692 235.31 130 1 43
2 10 33 35.292 -116.16 403 49.231 224.46 130 1 31
2 10 33 35.375 -116.06 394.23 45.538 206.31 130 1 31
2 10 33 35.437 -115.98 384.85 45 186.77 130 1 31
2 10 33 35.512 -115.89 375.62 44.923 166.92 130 1 31
2 10 33 35.579 -115.8 360.85 45.077 150.08 130 1 31
2 10 33 35.649 -115.71 338.23 47.846 134.23 130 1 31
2 10 33 35.702 -115.62 332.08 48.615 121.15 130 1 31
2 10 33 35.753 -115.55 317.15 49.538 111.85 130 1 3
2 10 33 35.813 -115.46 303.46 50.462 98.923 130 1 3
2 10 33 35.867 -115.38 287.08 49.846 87.923 130 1 3
2 10 33 35.928 -115.35 266.69 60 76.769 130 1 3
2 10 33 35.983 -115.33 243.85 102.15 66.308 130 1 3
2 10 33 36.048 -115.3 214.77 72 53.462 130 1 3
2 10 33 36.074 -115.26 190.38 62.308 43.923 130 1 3
2 10 33 36.079 -115.21 163.15 79.692 31.846 130 1 3
2 10 33 36.076 -115.17 155.92 98.308 23.462 130 1 3
