1 10 51 34.175 -118.37 163 0 23.5 60 1 8
1 10 51 34.142 -118.42 197 196 36.5 60 1 8
1 10 51 34.127 -118.52 224 250 40 60 1 8
1 10 51 34.142 -118.57 238 270 40 60 1 8
1 10 51 34.17 -118.65 241.5 294 40.5 60 1 8
1 10 51 34.193 -118.75 235 286.5 40.5 60 1 8
1 10 51 34.197 -118.82 227 280.5 40.5 60 1 14
1 10 51 34.198 -118.91 225 273 40 60 1 14
1 10 51 34.198 -118.94 214 269 37.5 60 1 14
1 10 51 34.198 -119.02 191.5 269 30.5 60 1 14
1 10 51 34.204 -119.04 204.5 271 29 60 1 14
1 10 51 34.199 -119.11 130.5 273 15 60 1 14
1 10 51 34.2 -119.16 130.5 267 8 60 1 14
