1 10 53 34.159 -118.38 190 0 206.5 380 1 8
1 10 53 34.15 -118.41 218.5 201.5 38.5 380 1 8
1 10 53 34.155 -118.47 237.5 222 54 380 1 8
1 10 53 34.215 -118.51 266.5 273 75 380 1 8
1 10 53 34.287 -118.55 286 310.5 97 380 1 8
1 10 53 34.404 -118.61 315 332 127 380 1 8
1 10 53 34.496 -118.66 325.5 337 139 380 1 8
1 10 53 34.577 -118.71 335 333.5 150.5 380 1 32
1 10 53 34.647 -118.76 348.75 329.5 169 196 1 32
1 10 53 34.74 -118.82 352 331 172.5 380 1 32
1 10 53 34.853 -118.88 381.5 333 187.5 380 1 32
1 10 53 34.957 -118.94 398.5 337 200.5 380 1 33
1 10 53 35.064 -118.99 412 336.5 214 380 1 33
1 10 53 35.228 -119.08 424 337 235 380 1 33
1 10 53 35.297 -119.11 434 337 242.5 380 1 33
1 10 53 35.463 -119.19 436.5 337 264 380 1 33
1 10 53 35.534 -119.23 438 337 272 380 1 33
1 10 53 35.657 -119.3 437 337 285 380 1 53
1 10 53 35.746 -119.34 437.5 336 291.5 380 1 53
1 10 53 35.886 -119.41 449.5 337 303 380 1 53
1 10 53 35.98 -119.46 457.5 337 309.5 380 1 53
1 10 53 36.119 -119.53 457.5 337 320 380 4 187
1 10 53 36.248 -119.6 457.5 336.5 329 380 4 187
1 10 53 36.341 -119.65 456.5 336.5 335 380 4 187
1 10 53 36.433 -119.69 457.5 336.5 341 380 4 187
1 10 53 36.55 -119.76 459 336 348.5 380 4 187
1 10 53 36.689 -119.83 459.5 338.5 358.5 380 4 187
1 10 53 36.806 -119.89 456.5 337 366.5 380 4 187
1 10 53 36.92 -119.95 450 336.5 370.5 380 4 187
1 10 53 37.034 -120.02 449.5 336.5 374.5 380 4 187
1 10 53 37.145 -120.08 448.5 336 378.5 380 4 187
1 10 53 37.27 -120.15 446 336.5 380 380 4 187
1 10 53 37.385 -120.21 444.5 338.5 380 380 4 184
1 10 53 37.502 -120.25 444.5 342 380 380 4 184
1 10 53 37.614 -120.32 450 338.5 380 380 4 184
1 10 53 37.728 -120.39 450.5 338 380 380 4 184
1 10 53 37.844 -120.45 450 336 380 380 4 184
1 10 53 37.958 -120.52 446 336.5 380 380 4 184
1 10 53 38.072 -120.57 446.5 336 380 380 4 185
1 10 53 38.19 -120.62 446.5 342.5 380 380 4 185
1 10 53 38.312 -120.7 448.5 336 378 380 4 185
1 10 53 38.427 -120.77 449 336 375 380 4 185
1 10 53 38.543 -120.83 450.5 336 375 380 4 185
1 10 53 38.668 -120.9 451.5 338.5 375 380 4 185
1 10 53 38.783 -120.97 452.5 336 375 380 4 185
1 10 53 38.898 -121.03 453 336 375 380 4 185
1 10 53 39.017 -121.08 453 343 375 380 4 186
1 10 53 39.139 -121.17 453.5 336 375 380 4 186
1 10 53 39.196 -121.2 454 336 375 380 4 186
1 10 53 39.343 -121.28 454.5 336 375 380 4 186
1 10 53 39.486 -121.36 454.5 336.5 375 380 4 186
1 10 53 39.552 -121.4 457.5 336 375 380 4 186
1 10 53 39.689 -121.48 452.5 335.5 375 380 4 186
1 10 53 39.864 -121.58 456 336 375 380 4 186
1 10 53 39.92 -121.61 454 336 375.5 380 4 186
1 10 53 40.035 -121.68 454 336 378 380 4 186
1 10 53 40.15 -121.75 453 336 380 380 4 186
1 10 53 40.267 -121.8 453.5 336 380 380 4 186
1 10 53 40.373 -121.84 451.5 342.5 380 380 4 186
1 10 53 40.502 -121.89 450 343 380 380 4 186
1 10 53 40.645 -121.95 451.5 342 380 380 4 186
1 10 53 40.737 -121.99 451 342 380 380 4 186
1 10 53 40.867 -122.04 450.5 342.5 380 380 4 186
1 10 53 40.997 -122.09 450 342 380 380 4 186
1 10 53 41.101 -122.12 453.75 347.5 380 380 3 141
1 10 53 41.26 -122.16 454 351 380 380 3 141
1 10 53 41.433 -122.19 456 351 380 380 3 141
1 10 53 41.55 -122.22 452 351.5 380 380 3 141
1 10 53 41.63 -122.23 453 350.5 380 380 3 141
1 10 53 41.802 -122.27 454 350.5 380 380 3 141
1 10 53 41.929 -122.3 455.5 351 380 380 3 141
1 10 53 42.07 -122.32 457.5 351.5 380 380 3 141
1 10 53 42.196 -122.34 456 351 380 380 3 141
1 10 53 42.302 -122.36 453.75 351.5 380 380 3 141
1 10 53 42.447 -122.39 452 351.5 380 380 3 141
1 10 53 42.572 -122.41 455.5 351 380 380 3 141
1 10 53 42.698 -122.44 455 351 380 380 3 140
1 10 53 42.825 -122.47 455.5 351 380 380 3 140
1 10 53 42.951 -122.5 458 351 380 380 3 140
1 10 53 43.089 -122.53 459.5 351 380 380 3 140
1 10 53 43.191 -122.55 460.5 351 380 380 3 140
1 10 53 43.294 -122.57 461.5 351 380 380 3 140
1 10 53 43.398 -122.59 463.25 350.75 380 380 3 136
1 10 53 43.502 -122.62 465.62 350.62 380 380 3 136
1 10 53 43.607 -122.64 466.5 350.5 374.5 380 3 136
1 10 53 43.713 -122.66 469 350.5 362 370 3 136
1 10 53 43.812 -122.68 466.25 350.5 351.25 370 3 136
1 10 53 43.919 -122.71 460.75 350.5 333 344 3 136
1 10 53 44.023 -122.72 455 350.75 310.5 320 3 136
1 10 53 44.169 -122.73 450 353 295 380 3 136
1 10 53 44.302 -122.73 452 177 272.5 380 3 136
1 10 53 44.419 -122.72 432.5 178 251 380 3 130
1 10 53 44.544 -122.72 408.5 180.5 226 380 3 130
1 10 53 44.656 -122.7 400 3.5 200 380 3 130
1 10 53 44.755 -122.69 395 3 182.5 380 3 130
1 10 53 44.864 -122.68 361.5 4 160.5 380 3 130
1 10 53 44.959 -122.67 348 3.5 141.5 380 3 112
1 10 53 45.05 -122.66 324.5 3.5 122 380 3 112
1 10 53 45.108 -122.66 313.5 3 108 380 3 112
1 10 53 45.203 -122.65 301.5 2.5 88.5 380 3 112
1 10 53 45.302 -122.64 290 3 72 380 3 112
1 10 53 45.365 -122.59 284 9 60.5 380 3 112
1 10 53 45.395 -122.5 272 52.5 49.5 380 3 112
1 10 53 45.454 -122.42 232 54.5 38.5 380 3 112
1 10 53 45.504 -122.42 198.5 194 27 380 3 112
1 10 53 45.523 -122.45 194 176.5 24.5 380 3 112
1 10 53 45.552 -122.52 169.5 308.5 12.5 380 3 112
1 10 53 45.569 -122.56 135 299.5 5.5 380 3 112
1 10 53 45.584 -122.59 135.5 297.5 190.5 380 3 112
2 10 53 34.172 -118.36 179.8 35.6 19.6 380 1 8
2 10 53 34.154 -118.4 223.4 156 34.4 380 1 8
2 10 53 34.171 -118.47 254.6 244.8 60 380 1 8
2 10 53 34.234 -118.52 269 292.4 79.8 380 1 8
2 10 53 34.29 -118.56 290.8 299.2 100.6 380 1 8
2 10 53 34.374 -118.6 312.8 330.4 117.6 380 1 8
2 10 53 34.466 -118.65 329.8 336.6 135.8 380 1 32
2 10 53 34.556 -118.69 345.8 336.2 152.4 380 1 32
2 10 53 34.657 -118.72 367.4 270.4 165 380 1 32
2 10 53 34.734 -118.76 381.2 272.2 177.4 380 1 32
2 10 53 34.856 -118.81 394.6 339.8 195.4 380 1 32
2 10 53 34.964 -118.86 404 339 208.8 380 1 33
2 10 53 35.099 -118.92 412.2 339 226.4 380 1 33
2 10 53 35.196 -118.96 418.4 339 239 380 1 33
2 10 53 35.317 -119.01 422.6 340.6 253.4 380 1 53
2 10 53 35.434 -119.05 424.4 272.6 264.8 380 1 53
2 10 53 35.521 -119.08 431 272.6 272.2 380 1 53
2 10 53 35.65 -119.12 442.2 341.4 281.4 380 1 53
2 10 53 35.731 -119.16 443.4 341.8 285.4 380 1 53
2 10 53 35.861 -119.2 449.6 343.8 298.8 380 1 53
2 10 53 35.981 -119.24 451.2 343.4 308.4 380 1 53
2 10 53 36.114 -119.29 451.8 341.8 321.2 380 4 187
2 10 53 36.248 -119.34 449.8 343 333.2 380 4 187
2 10 53 36.364 -119.38 448.2 343.2 340.4 380 4 187
2 10 53 36.463 -119.42 444.4 342.2 346.8 380 4 187
2 10 53 36.565 -119.46 442.4 342.8 357.2 380 4 187
2 10 53 36.669 -119.51 438.2 342 366.4 380 4 187
2 10 53 36.76 -119.55 436.2 340.8 371 380 4 187
2 10 53 36.88 -119.6 436.6 340.8 375.4 380 4 187
2 10 53 37.021 -119.66 444.8 340.8 378.2 380 4 187
2 10 53 37.139 -119.71 450.2 340.6 380 380 4 187
2 10 53 37.264 -119.76 454.4 340.6 380 380 4 187
2 10 53 37.36 -119.8 457.8 340.4 380 380 4 187
2 10 53 37.479 -119.85 458.2 341.6 380 380 4 184
2 10 53 37.614 -119.91 459 341 380 380 4 184
2 10 53 37.739 -119.97 457.8 340.6 380 380 4 184
2 10 53 37.859 -120.02 458.8 340.4 380 380 4 184
2 10 53 37.979 -120.07 457.4 340.6 380 380 4 184
2 10 53 38.1 -120.13 457.4 340.8 380 380 4 185
2 10 53 38.224 -120.18 457.4 340.4 380 380 4 185
2 10 53 38.345 -120.23 457.2 342 380 380 4 185
2 10 53 38.466 -120.28 457 341.2 380 380 4 185
2 10 53 38.592 -120.33 457.4 342 380 380 4 185
2 10 53 38.713 -120.37 457.2 342.4 380 380 4 185
2 10 53 38.843 -120.43 456.8 342.2 380 380 4 185
2 10 53 38.968 -120.48 455.4 342 380 380 4 185
2 10 53 39.094 -120.53 457.4 342 380 380 4 185
2 10 53 39.227 -120.58 456.6 342 380 380 4 185
2 10 53 39.354 -120.63 457.4 341.8 380 380 4 186
2 10 53 39.475 -120.68 459 342 380 380 4 186
2 10 53 39.596 -120.73 459 341.8 380 380 4 186
2 10 53 39.719 -120.78 460.6 342.2 380 380 4 186
2 10 53 39.871 -120.84 458.2 341.4 380 380 4 186
2 10 53 39.981 -120.89 457.4 342 380 380 4 186
2 10 53 40.123 -120.95 458 342.2 380 380 4 186
2 10 53 40.219 -120.99 457.2 341.8 380 380 4 186
2 10 53 40.351 -121.05 458 341.6 380 380 4 186
2 10 53 40.476 -121.1 460.4 341.6 380 380 4 186
2 10 53 40.599 -121.15 457.6 341.4 380 380 4 186
2 10 53 40.72 -121.2 459.4 341.8 380 380 4 186
2 10 53 40.838 -121.26 459.4 340.4 380 380 4 186
2 10 53 40.957 -121.32 458.8 339.6 380 380 4 186
2 10 53 41.093 -121.38 458.6 339 380 380 3 141
2 10 53 41.21 -121.4 459.8 280.6 380 380 3 141
2 10 53 41.354 -121.48 459.4 309.7 380 380 3 141
2 10 53 41.434 -121.54 459.8 338.7 380 380 3 141
2 10 53 41.553 -121.6 459.4 338.6 380 380 3 141
2 10 53 41.678 -121.68 461 338.6 380 380 3 141
2 10 53 41.784 -121.73 461.2 338.2 380 380 3 141
2 10 53 41.917 -121.8 464.4 340.2 380 380 3 141
2 10 53 42.045 -121.84 466 273.8 380 380 3 141
2 10 53 42.198 -121.88 469.2 275 380 380 3 141
2 10 53 42.282 -121.91 464.2 345 380 380 3 141
2 10 53 42.399 -121.96 463.4 344.8 380 380 3 141
2 10 53 42.501 -122 463.4 341.8 380 380 3 141
2 10 53 42.618 -122.06 464 341.8 380 380 3 141
2 10 53 42.75 -122.12 464 341.6 380 380 3 141
2 10 53 42.867 -122.17 463.2 341.4 380 380 3 141
2 10 53 43.003 -122.23 463.8 341.4 380 380 3 141
2 10 53 43.126 -122.28 463.2 341.6 380 380 3 141
2 10 53 43.249 -122.34 466.2 341.2 380 380 3 141
2 10 53 43.378 -122.4 469.8 341.2 380 380 3 141
2 10 53 43.499 -122.46 466.8 341.4 380 380 3 135
2 10 53 43.62 -122.52 466.8 340.2 380 380 3 136
2 10 53 43.749 -122.59 465.8 339.2 375 380 3 136
2 10 53 43.873 -122.64 468 340.4 354.6 380 3 136
2 10 53 43.996 -122.68 462 340.8 332.8 380 3 136
2 10 53 44.122 -122.7 462 343.8 310.4 380 3 136
2 10 53 44.248 -122.7 464 350 282.4 380 3 136
2 10 53 44.349 -122.69 458.4 283.8 258.6 380 3 136
2 10 53 44.494 -122.68 429.8 73.2 223.6 380 3 130
2 10 53 44.611 -122.68 402.4 73.6 194.6 380 3 130
2 10 53 44.718 -122.67 384.8 74 171 380 3 130
2 10 53 44.83 -122.66 365.4 2 146.8 380 3 130
2 10 53 44.928 -122.66 332.4 2.4 131 380 3 130
2 10 53 45.017 -122.64 323.8 76.2 114.4 380 3 112
2 10 53 45.116 -122.63 311.2 76.2 96.6 380 3 112
2 10 53 45.191 -122.62 303.4 76.2 82.6 380 3 112
2 10 53 45.273 -122.59 292.6 9.8 64.2 380 3 112
2 10 53 45.318 -122.54 284.2 32.2 51.2 380 3 112
2 10 53 45.373 -122.49 275.6 34.6 35.6 380 3 112
2 10 53 45.443 -122.45 238.6 26.2 29.8 380 3 112
2 10 53 45.5 -122.45 224 72.6 23.4 380 3 112
2 10 53 45.538 -122.48 172.4 265.6 16.6 380 3 112
2 10 53 45.561 -122.53 140.2 307.2 8.8 380 3 112
2 10 53 45.57 -122.56 129.2 298.8 5 380 3 112
2 10 53 45.588 -122.59 126.6 298.8 304.6 380 3 135
