1 10 69 34.201 -118.36 149 0 7 330 1 8
1 10 69 34.145 -118.41 285 202 39 330 1 8
1 10 69 34.184 -118.33 285 61 39 330 1 8
1 10 69 34.269 -118.43 273 313 86 330 1 8
1 10 69 34.269 -118.43 273 313 86 330 1 8
1 10 69 34.438 -118.34 307 17 133 330 1 32
1 10 69 34.438 -118.34 307 17 133 330 1 32
1 10 69 34.503 -118.27 339 22 147 330 1 22
1 10 69 34.561 -118.18 340 33 165 330 1 22
1 10 69 34.624 -118.08 345 48 181 330 1 22
1 10 69 34.643 -117.96 360 52 194 330 1 22
1 10 69 34.656 -117.84 359 65 208 330 1 22
1 10 69 34.679 -117.71 367 80 219 330 1 22
1 10 69 34.712 -117.58 372 77 230 330 1 22
1 10 69 34.743 -117.45 378 75 240 330 1 43
1 10 69 34.774 -117.33 384 72 240 330 1 43
1 10 69 34.805 -117.21 382 72 246 330 1 43
1 10 69 34.836 -117.08 392 72 250 330 1 43
1 10 69 34.877 -116.92 408 72 252 330 1 43
1 10 69 34.91 -116.79 409 72 254 330 1 43
1 10 69 34.943 -116.66 405 72 262 330 1 43
1 10 69 34.989 -116.54 397 72 266 330 1 43
1 10 69 35.069 -116.44 405 68 271 330 1 43
1 10 69 35.165 -116.32 411 54 281 330 1 43
1 10 69 35.248 -116.22 416 45 291 330 1 43
1 10 69 35.325 -116.12 411 45 298 330 1 43
1 10 69 35.405 -116.02 411 45 303 330 1 43
1 10 69 35.489 -115.92 419 44 308 330 1 43
1 10 69 35.538 -115.86 420 44 311 330 1 43
1 10 69 35.68 -115.7 432 45 319 330 1 47
1 10 69 35.721 -115.67 432 34 321 330 1 47
1 10 69 35.82 -115.59 432 34 326 330 1 47
1 10 69 35.919 -115.5 432 33 330 330 1 47
1 10 69 36.082 -115.37 445 33 330 330 1 47
1 10 69 36.145 -115.31 454 34 330 330 1 47
1 10 69 36.25 -115.22 462 34 330 330 1 47
1 10 69 36.357 -115.13 468 34 330 330 1 47
1 10 69 36.529 -114.99 471 33 330 330 1 38
1 10 69 36.592 -114.94 465 34 330 330 1 38
1 10 69 36.697 -114.84 459 34 330 330 1 38
1 10 69 36.802 -114.76 459 34 330 330 1 38
1 10 69 36.907 -114.67 459 33 330 330 1 38
1 10 69 37.013 -114.57 461 34 330 330 1 38
1 10 69 37.125 -114.48 461 35 330 330 1 38
1 10 69 37.231 -114.38 467 34 330 330 1 38
1 10 69 37.359 -114.27 467 34 330 330 1 38
1 10 69 37.403 -114.23 465 34 330 330 1 38
1 10 69 37.529 -114.12 465 34 330 330 1 38
1 10 69 37.635 -114.03 464 34 330 330 1 38
1 10 69 37.78 -113.9 460 34 330 330 1 38
1 10 69 37.843 -113.84 457 35 330 330 1 38
1 10 69 37.946 -113.75 457 35 330 310 5 205
1 10 69 38.119 -113.6 476 34 323 310 5 205
1 10 69 38.165 -113.55 484 35 321 310 5 205
1 10 69 38.299 -113.43 489 35 315 310 5 205
1 10 69 38.452 -113.29 486 35 310 310 5 205
1 10 69 38.452 -113.29 486 35 310 310 5 205
1 10 69 38.559 -113.2 476 35 310 170 5 205
1 10 69 38.664 -113.1 469 35 310 170 5 205
1 10 69 38.792 -112.99 469 35 310 170 5 205
1 10 69 38.898 -112.88 471 35 310 170 5 205
1 10 69 39.013 -112.8 472 35 310 170 5 205
1 10 69 39.135 -112.74 473 29 310 170 5 215
1 10 69 39.259 -112.68 475 25 310 170 5 215
1 10 69 39.382 -112.61 476 21 309 170 5 215
1 10 69 39.505 -112.55 477 22 279 170 5 215
1 10 69 39.644 -112.47 452 22 242 170 5 215
1 10 69 39.754 -112.41 429 22 215 170 5 215
1 10 69 39.856 -112.36 402 22 194 170 5 215
1 10 69 39.954 -112.31 382 12 173 170 5 215
1 10 69 40.047 -112.26 364 21 170 170 5 215
1 10 69 40.148 -112.22 371 17 157 170 5 215
1 10 69 40.262 -112.19 358 15 144 170 5 197
1 10 69 40.358 -112.15 358 15 136 170 5 197
1 10 69 40.455 -112.12 359 14 130 170 5 197
1 10 69 40.508 -112.11 358 14 128 170 5 197
1 10 69 40.644 -112.08 341 9 110 170 5 197
1 10 69 40.69 -112.09 298 3 109 170 5 197
1 10 69 40.807 -112.1 256 356 101 170 5 197
1 10 69 40.879 -112.11 255 354 89 170 5 197
1 10 69 40.946 -112.11 246 355 77 170 5 197
1 10 69 40.961 -112.09 234 357 73 170 5 197
1 10 69 40.945 -112.01 206 75 70 170 5 197
1 10 69 40.867 -112.01 163 176 54 170 5 197
1 10 69 40.848 -112 143 175 50 170 5 197
1 10 69 40.819 -112 146 175 45 170 5 197
2 10 69 34.182 -118.35 153.6 132.4 78.2 330 1 8
2 10 69 34.145 -118.39 194 115.6 32.8 330 1 8
2 10 69 34.163 -118.42 231.4 155 53.8 330 1 8
2 10 69 34.214 -118.46 249 259.8 74 330 1 8
2 10 69 34.278 -118.44 260.6 255.8 89.2 330 1 8
2 10 69 34.358 -118.42 293.8 280.8 106.4 330 1 8
2 10 69 34.423 -118.35 313.8 29.2 117.6 330 1 8
2 10 69 34.494 -118.27 340 29 132.6 330 1 8
2 10 69 34.542 -118.17 349 45.2 143.6 330 1 22
2 10 69 34.594 -118.09 357.6 53.8 157.8 330 1 22
2 10 69 34.628 -117.97 365.6 57.2 171.2 330 1 22
2 10 69 34.651 -117.83 370 64.6 186.4 330 1 22
2 10 69 34.671 -117.75 374.2 74.8 194.2 330 1 22
2 10 69 34.707 -117.59 379.4 75.8 209.8 330 1 22
2 10 69 34.739 -117.46 384.2 73.6 221.2 330 1 22
2 10 69 34.772 -117.33 389.2 76.2 230.4 330 1 22
2 10 69 34.807 -117.2 393.8 75.2 240 330 1 43
2 10 69 34.833 -117.1 397 75.2 247.6 330 1 43
2 10 69 34.878 -116.96 397.6 71.2 255.8 330 1 43
2 10 69 34.936 -116.84 403 68.8 266.2 330 1 43
2 10 69 35.018 -116.7 409 59 274.8 330 1 43
2 10 69 35.081 -116.61 415.2 54.4 280 330 1 43
2 10 69 35.162 -116.5 419.6 49 286.2 330 1 43
2 10 69 35.233 -116.4 419.8 48.6 291 330 1 43
2 10 69 35.321 -116.27 424 49.2 295.8 330 1 43
2 10 69 35.398 -116.16 429.8 48.8 298.4 330 1 43
2 10 69 35.484 -116.04 435.2 48.6 301 330 1 43
2 10 69 35.56 -115.93 441.8 48.6 302.8 330 1 43
2 10 69 35.656 -115.79 443 48.6 306 330 1 47
2 10 69 35.729 -115.68 445.2 49 308 330 1 47
2 10 69 35.801 -115.58 447.2 49.2 309.6 330 1 47
2 10 69 35.888 -115.45 448 49.2 310 330 1 47
2 10 69 35.962 -115.34 450 48.8 311 330 1 47
2 10 69 36.027 -115.25 452.6 49.2 311.2 330 1 47
2 10 69 36.147 -115.08 454 48.6 313 330 1 47
2 10 69 36.213 -114.99 455 45.8 313.2 330 1 47
2 10 69 36.302 -114.88 454.8 45.8 314 330 1 47
2 10 69 36.385 -114.78 451.6 45.8 314 330 1 47
2 10 69 36.469 -114.68 452.8 43 314 330 1 48
2 10 69 36.592 -114.55 454.6 40 314 330 1 48
2 10 69 36.658 -114.49 453 39 314 330 1 48
2 10 69 36.787 -114.37 453 36.2 314 330 1 48
2 10 69 36.866 -114.3 451.4 34.8 314 330 1 48
2 10 69 36.98 -114.21 452 33.4 314 330 1 48
2 10 69 37.098 -114.11 452.2 33 314 330 1 48
2 10 69 37.19 -114.03 453.2 33.6 314 330 1 48
2 10 69 37.29 -113.94 453.2 33.2 314 330 1 48
2 10 69 37.382 -113.87 453.8 34 314 330 1 48
2 10 69 37.516 -113.75 454.6 33.6 314 330 1 48
2 10 69 37.614 -113.67 453.8 32.2 314 330 1 48
2 10 69 37.717 -113.59 452.6 31.8 313.6 310 5 205
2 10 69 37.82 -113.51 453.2 31.2 312.6 310 5 205
2 10 69 37.945 -113.43 453.4 29.4 310 310 5 205
2 10 69 38.065 -113.35 453.2 27.6 310 310 5 205
2 10 69 38.18 -113.27 451.6 27 310 310 5 205
2 10 69 38.277 -113.21 451 27 310 310 5 205
2 10 69 38.383 -113.13 450.4 27.2 310 170 5 205
2 10 69 38.498 -113.07 449.6 22.8 308.8 170 5 205
2 10 69 38.59 -113.02 449.2 22.2 308.8 170 5 205
2 10 69 38.706 -112.95 451.2 24.2 308 170 5 205
2 10 69 38.835 -112.88 452.8 22.8 308 170 5 205
2 10 69 38.929 -112.83 453.4 21.8 308 170 5 205
2 10 69 39.026 -112.77 454.2 22.4 304.6 170 5 205
2 10 69 39.142 -112.71 454.6 22.6 299.8 170 5 215
2 10 69 39.261 -112.64 450.4 22.8 294.8 170 5 215
2 10 69 39.398 -112.56 448.8 22.4 278.6 170 5 215
2 10 69 39.54 -112.49 442.2 21.6 255.8 170 5 215
2 10 69 39.615 -112.44 432.8 22.6 237.4 170 5 215
2 10 69 39.721 -112.37 421.8 22.6 213.4 170 5 215
2 10 69 39.841 -112.31 405 23 186.4 170 5 215
2 10 69 39.928 -112.26 375.6 18.7 169.9 150 5 215
2 10 69 40.053 -112.2 361.8 19.8 160.6 170 5 215
2 10 69 40.146 -112.16 361 18.8 151.4 170 5 197
2 10 69 40.246 -112.12 358.2 18.4 141.6 170 5 197
2 10 69 40.35 -112.07 342.9 21.5 133.3 150 5 197
2 10 69 40.428 -112.04 317.1 85.6 125.5 150 5 197
2 10 69 40.529 -112.03 306 148 116 170 5 197
2 10 69 40.621 -112.04 281.8 214 106.4 170 5 197
2 10 69 40.682 -112.04 254.6 355.4 103.6 170 5 197
2 10 69 40.754 -112.05 237.4 286.2 93 170 5 197
2 10 69 40.802 -112.03 229.4 220 78.6 170 5 197
2 10 69 40.818 -112 208.4 208.4 67.4 170 5 197
2 10 69 40.814 -111.99 180.6 230.2 57 170 5 197
2 10 69 40.808 -111.98 161.2 247 48.8 170 5 197
2 10 69 40.796 -111.99 134 247.6 43.2 170 5 197
3 10 69 34.166 -118.36 185 0 21 330 1 8
3 10 69 34.13 -118.41 202 180 46 330 1 8
3 10 69 34.183 -118.44 233 212 61 330 1 8
3 10 69 34.259 -118.43 271 345 77 330 1 8
3 10 69 34.336 -118.39 296 352 95 330 1 8
3 10 69 34.417 -118.36 310 14 115 330 1 8
3 10 69 34.497 -118.28 313 37 135 330 1 32
3 10 69 34.551 -118.19 315 30 151 330 1 22
3 10 69 34.593 -118.11 325 53 162 330 1 22
3 10 69 34.624 -117.98 336 55 180 330 1 22
3 10 69 34.652 -117.87 342 69 193 330 1 22
3 10 69 34.679 -117.76 345 73 206 330 1 22
3 10 69 34.707 -117.64 352 73 218 330 1 22
3 10 69 34.735 -117.52 358 73 229 330 1 22
3 10 69 34.771 -117.38 376 73 234 330 1 22
3 10 69 34.801 -117.25 392 73 239 330 1 22
3 10 69 34.833 -117.12 407 73 244 330 1 43
3 10 69 34.867 -116.99 412 73 249 330 1 43
3 10 69 34.959 -116.85 431 72 255 330 1 43
3 10 69 35.036 -116.74 435 59 260 330 1 43
3 10 69 34.977 -116.61 435 119 260 330 1 43
3 10 69 35.113 -116.62 438 70 265 330 1 43
3 10 69 35.267 -116.39 437 50 275 330 1 43
3 10 69 35.372 -116.47 437 330 275 330 1 34
3 10 69 35.357 -116.26 426 25 281 330 1 43
3 10 69 35.43 -116.15 426 50 286 330 1 43
3 10 69 35.527 -116.01 429 50 290 330 1 43
3 10 69 35.601 -115.89 429 50 290 330 1 43
3 10 69 35.677 -115.78 433 51 290 330 1 47
3 10 69 35.753 -115.67 433 50 290 330 1 47
3 10 69 35.828 -115.55 433 51 290 330 1 47
3 10 69 35.903 -115.43 433 51 290 330 1 47
3 10 69 35.978 -115.32 432 51 290 330 1 47
3 10 69 36.068 -115.18 434 51 290 330 1 47
3 10 69 36.15 -115.07 435 48 290 330 1 47
3 10 69 36.236 -114.96 441 45 295 330 1 47
3 10 69 36.32 -114.86 441 45 300 330 1 47
3 10 69 36.403 -114.75 437 46 305 330 1 47
3 10 69 36.501 -114.62 430 46 311 330 1 48
3 10 69 36.583 -114.52 428 46 316 330 1 48
3 10 69 36.663 -114.41 424 46 321 330 1 48
3 10 69 36.743 -114.3 422 46 325 330 1 48
3 10 69 36.839 -114.22 422 36 329 330 1 48
3 10 69 36.925 -114.11 422 42 330 330 1 48
3 10 69 37.013 -114.01 428 43 330 330 1 48
3 10 69 37.102 -113.91 431 41 330 330 1 48
3 10 69 37.194 -113.81 439 42 330 330 1 48
3 10 69 37.286 -113.7 442 41 330 330 1 48
3 10 69 37.393 -113.58 442 43 330 330 1 48
3 10 69 37.309 -113.46 442 133 330 330 1 48
3 10 69 37.484 -113.47 443 41 330 330 1 48
3 10 69 37.575 -113.36 444 43 330 330 1 48
3 10 69 37.677 -113.27 445 36 330 330 5 205
3 10 69 37.798 -113.22 447 16 330 330 5 205
3 10 69 37.916 -113.18 443 15 330 330 5 205
3 10 69 38.033 -113.14 437 15 330 330 5 205
3 10 69 38.146 -113.1 430 16 330 330 5 205
3 10 69 38.282 -113.04 424 16 330 330 5 205
3 10 69 38.396 -113 425 16 330 310 5 205
3 10 69 38.507 -112.94 426 16 330 310 5 205
3 10 69 38.619 -112.88 432 20 330 310 5 205
3 10 69 38.732 -112.82 433 22 323 310 5 205
3 10 69 38.847 -112.75 450 20 310 310 5 205
3 10 69 38.957 -112.69 432 23 310 150 5 205
3 10 69 39.063 -112.64 414 21 310 150 5 205
3 10 69 39.19 -112.57 414 22 310 150 5 215
3 10 69 39.294 -112.51 417 22 288 150 5 215
3 10 69 39.399 -112.45 415 22 264 150 5 215
3 10 69 39.5 -112.39 399 20 241 150 5 215
3 10 69 39.598 -112.34 388 23 219 150 5 215
3 10 69 39.695 -112.28 383 23 197 150 5 215
3 10 69 39.804 -112.22 359 23 171 150 5 215
3 10 69 39.891 -112.17 342 21 159 150 5 215
3 10 69 39.987 -112.12 321 28 150 150 5 215
3 10 69 40.069 -112.07 333 24 139 150 5 215
3 10 69 40.138 -112.02 319 20 125 150 5 197
3 10 69 40.226 -111.97 307 29 111 150 5 197
3 10 69 40.307 -111.95 302 18 110 150 5 197
3 10 69 40.395 -111.93 299 0 110 150 5 197
3 10 69 40.472 -111.94 281 356 98 150 5 197
3 10 69 40.545 -111.95 257 354 84 150 5 197
3 10 69 40.611 -111.95 232 356 72 150 5 197
3 10 69 40.668 -111.96 212 354 62 150 5 197
3 10 69 40.718 -111.97 184 355 53 150 5 197
3 10 69 40.756 -111.97 142 355 46 150 5 197
3 10 69 40.79 -111.97 124 355 42 150 5 197
