1 10 67 34.201 -118.36 150 0 7 400 1 8
1 10 67 34.183 -118.35 155 0 20 400 1 8
1 10 67 34.136 -118.48 234 215 84 400 1 8
1 10 67 34.195 -118.52 234 335 84 400 1 8
1 10 67 34.149 -118.57 278 274 123 400 1 8
1 10 67 34.228 -118.61 306 271 158 400 1 32
1 10 67 34.444 -118.7 386 339 230 400 1 32
1 10 67 34.429 -118.7 366 340 228 400 1 32
1 10 67 34.544 -118.75 384 338 246 400 1 53
1 10 67 34.746 -118.84 409 339 298 400 1 53
1 10 67 34.763 -118.84 422 340 302 400 1 53
1 10 67 34.854 -118.9 424 332 320 400 1 53
1 10 67 34.974 -119 428 326 320 400 1 53
1 10 67 35.069 -119.08 427 324 320 400 1 53
1 10 67 35.186 -119.18 425 327 320 400 1 53
1 10 67 35.285 -119.26 425 325 320 400 1 53
1 10 67 35.384 -119.34 427 325 332 400 1 53
1 10 67 35.481 -119.42 427 326 361 400 1 53
1 10 67 35.55 -119.48 413 326 379 400 1 54
1 10 67 35.582 -119.63 377 301 400 400 1 54
1 10 67 35.603 -119.78 374 280 400 400 1 54
1 10 67 35.62 -119.91 369 280 400 400 1 54
1 10 67 35.638 -120.03 369 280 400 400 1 54
1 10 67 35.656 -120.15 367 280 400 400 1 54
1 10 67 35.678 -120.3 371 280 400 400 1 54
1 10 67 35.714 -120.41 370 284 400 400 4 188
1 10 67 35.779 -120.52 381 301 396 400 4 188
1 10 67 35.858 -120.62 398 313 376 400 4 188
1 10 67 35.95 -120.73 401 310 342 400 4 188
1 10 67 36.017 -120.82 406 310 323 400 4 188
1 10 67 36.1 -120.95 397 313 297 400 4 188
1 10 67 36.183 -121.05 379 313 272 400 4 188
1 10 67 36.25 -121.13 366 312 251 400 4 188
1 10 67 36.286 -121.19 365 314 242 400 4 188
1 10 67 36.4 -121.3 368 314 229 400 4 188
1 10 67 36.463 -121.36 367 330 220 400 4 188
1 10 67 36.567 -121.43 367 325 210 400 4 188
1 10 67 36.65 -121.5 364 328 185 400 4 174
1 10 67 36.726 -121.56 377 327 147 400 4 174
1 10 67 36.818 -121.63 392 331 118 400 4 154
1 10 67 36.902 -121.7 351 321 101 400 4 154
1 10 67 36.973 -121.75 313 327 90 400 4 154
1 10 67 37.05 -121.8 282 327 71 400 4 154
1 10 67 37.105 -121.86 279 331 59 400 4 154
1 10 67 37.17 -121.9 264 329 60 400 4 154
1 10 67 37.247 -121.95 258 338 54 400 4 154
1 10 67 37.303 -121.98 232 332 46 400 4 154
1 10 67 37.333 -122 206 333 44 400 4 154
1 10 67 37.383 -122.03 174 329 33 400 4 154
1 10 67 37.417 -122.03 176 333 20 400 4 156
1 10 67 37.4 -121.98 138 47 10 400 4 156
1 10 67 37.371 -121.94 139 122 400 400 4 189
1 10 67 37.371 -121.94 139 122 400 400 4 189
2 10 67 34.174 -118.37 171 66.286 48.214 400 1 8
2 10 67 34.148 -118.42 210.86 195.43 47.857 400 1 8
2 10 67 34.184 -118.47 253.21 248.5 74.643 400 1 8
2 10 67 34.253 -118.52 293.5 290.43 104.86 400 1 8
2 10 67 34.338 -118.57 327.79 321.29 140.64 400 1 32
2 10 67 34.428 -118.63 357.36 332 168.71 400 1 32
2 10 67 34.521 -118.68 379.43 331.79 197 400 1 32
2 10 67 34.61 -118.74 399.57 331.43 221.57 400 1 32
2 10 67 34.728 -118.81 411.29 331.79 251.14 400 1 53
2 10 67 34.84 -118.89 425.86 331 278.79 400 1 53
2 10 67 34.943 -118.98 434.79 327.32 299.11 400 1 53
2 10 67 35.027 -119.06 438.57 321.64 319 400 1 53
2 10 67 35.106 -119.15 440.25 320.11 337.46 380 1 53
2 10 67 35.178 -119.25 438.61 314.14 349.89 380 1 53
2 10 67 35.249 -119.36 433.54 307.14 364.07 380 1 54
2 10 67 35.312 -119.48 427.57 302.61 369.75 380 1 54
2 10 67 35.366 -119.6 423.5 299.82 371.43 380 1 54
2 10 67 35.419 -119.72 422.25 297.11 372.79 380 1 54
2 10 67 35.468 -119.84 420.09 297 372.79 380 1 54
2 10 67 35.522 -119.97 420.36 297.36 372.79 380 1 54
2 10 67 35.578 -120.1 419.86 297.07 372.79 380 1 54
2 10 67 35.63 -120.22 421.75 296.86 372.79 380 1 54
2 10 67 35.678 -120.33 422.36 297.64 372 200 1 54
2 10 67 35.731 -120.45 419.43 297.46 369.86 200 4 188
2 10 67 35.797 -120.57 420.79 300.86 364.5 200 4 188
2 10 67 35.864 -120.67 421.18 305.71 354.21 200 4 188
2 10 67 35.943 -120.8 393.18 308.23 339.41 200 4 188
2 10 67 36.015 -120.9 417.75 311.11 325.29 200 4 188
2 10 67 36.098 -120.99 415.11 316.18 304 200 4 188
2 10 67 36.191 -121.09 413.5 313.71 279.64 200 4 188
2 10 67 36.268 -121.18 408.93 316.71 256.36 200 4 188
2 10 67 36.359 -121.28 403.86 317.79 228.07 200 4 188
2 10 67 36.434 -121.35 397.93 319.5 209.29 200 4 188
2 10 67 36.535 -121.44 385.21 322.57 180.57 200 4 174
2 10 67 36.606 -121.49 378.93 330.71 161.21 200 4 174
2 10 67 36.722 -121.5 370.5 316.79 132.79 200 4 154
2 10 67 36.816 -121.54 352.5 323.14 113.86 200 4 154
2 10 67 36.9 -121.56 331 319.07 97.857 200 4 154
2 10 67 36.974 -121.6 312.43 316.71 84 200 4 154
2 10 67 37.04 -121.63 293.36 314.36 71.214 200 4 154
2 10 67 37.109 -121.68 272.79 336.07 57.786 200 4 154
2 10 67 37.163 -121.72 252.93 332.5 49 200 4 154
2 10 67 37.217 -121.78 227.29 320.93 36.071 200 4 154
2 10 67 37.262 -121.82 204.5 319.71 25.357 200 4 154
2 10 67 37.296 -121.85 186.79 318.29 17 200 4 154
2 10 67 37.331 -121.89 153.64 317.5 8.1429 200 4 154
2 10 67 37.351 -121.92 145.5 317.07 85.143 200 4 154
