4 34 34 33.943 -118.41 150 0 1 150 2014 7 2 19 41 6 1 15
4 34 34 33.883 -118.52 271 0 46 150 2014 7 2 19 42 16 1 15
4 34 34 33.847 -118.58 275 233 70 150 2014 7 2 19 43 6 1 15
4 34 34 33.755 -118.55 284 157 101 150 2014 7 2 19 44 6 1 2
4 34 34 33.678 -118.53 292 170 127 150 2014 7 2 19 45 6 1 2
4 34 34 33.597 -118.5 301 161 145 150 2014 7 2 19 46 6 1 17
4 34 34 33.517 -118.47 306 161 150 150 2014 7 2 19 47 6 1 17
4 34 34 33.436 -118.45 256 168 149 150 2014 7 2 19 48 6 1 17
4 34 34 33.385 -118.43 203 164 150 150 2014 7 2 19 49 6 1 17
4 34 34 33.353 -118.4 181 164 149 150 2014 7 2 19 50 6 1 17
4 34 34 33.336 -118.34 179 106 138 150 2014 7 2 19 51 6 1 17
4 34 34 33.38 -118.3 203 39 136 150 2014 7 2 19 52 16 1 17
4 34 34 33.422 -118.28 201 22 130 150 2014 7 2 19 53 6 1 2
4 34 34 33.434 -118.35 195 291 142 150 2014 7 2 19 54 6 1 17
4 34 34 33.429 -118.4 174 270 144 150 2014 7 2 19 55 6 1 17
4 34 34 33.423 -118.46 164 270 143 150 2014 7 2 19 56 6 1 17
4 34 34 33.396 -118.49 144 219 133 150 2014 7 2 19 57 15 1 17
4 34 34 33.349 -118.49 167 202 140 150 2014 7 2 19 58 6 1 17
4 34 34 33.306 -118.48 161 164 135 150 2014 7 2 19 59 16 1 17
4 34 34 33.317 -118.45 181 168 136 150 2014 7 2 20 0 6 1 17
4 34 34 33.358 -118.38 171 68 132 150 2014 7 2 20 1 7 1 17
4 34 34 33.417 -118.43 164 323 133 150 2014 7 2 20 2 16 1 17
4 34 34 33.417 -118.43 164 323 133 150 2014 7 2 20 3 6 1 17
4 34 34 33.441 -118.51 166 291 138 150 2014 7 2 20 4 6 1 17
4 34 34 33.45 -118.53 151 292 126 150 2014 7 2 20 5 6 1 2
4 34 34 33.467 -118.57 186 290 130 150 2014 7 2 20 6 6 1 2
4 34 34 33.483 -118.62 155 305 126 150 2014 7 2 20 7 6 1 2
4 34 34 33.517 -118.65 170 290 121 150 2014 7 2 20 8 16 1 2
4 34 34 33.5 -118.6 168 68 129 150 2014 7 2 20 9 6 1 2
4 34 34 33.5 -118.57 138 109 122 150 2014 7 2 20 10 6 1 2
4 34 34 33.483 -118.52 154 110 129 150 2014 7 2 20 11 6 1 2
4 34 34 33.466 -118.48 155 107 125 150 2014 7 2 20 12 6 1 2
4 34 34 33.433 -118.42 180 124 125 150 2014 7 2 20 13 6 1 2
4 34 34 33.405 -118.46 213 222 132 150 2014 7 2 20 14 6 1 17
4 34 34 33.45 -118.52 238 315 138 150 2014 7 2 20 15 6 1 2
4 34 34 33.5 -118.55 260 311 142 150 2014 7 2 20 16 6 1 17
4 34 34 33.483 -118.48 266 333 145 150 2014 7 2 20 17 6 1 17
4 34 34 33.433 -118.47 238 112 150 150 2014 7 2 20 18 6 1 17
4 34 34 33.422 -118.46 242 164 149 150 2014 7 2 20 19 6 1 17
4 34 34 33.419 -118.4 203 106 147 150 2014 7 2 20 20 16 1 17
4 34 34 33.417 -118.37 139 96 140 150 2014 7 2 20 21 6 1 17
4 34 34 33.434 -118.31 217 56 141 150 2014 7 2 20 22 6 1 17
4 34 34 33.433 -118.45 305 302 124 150 2014 7 2 20 23 6 1 2
4 34 34 33.384 -118.36 278 140 110 150 2014 7 2 20 24 16 1 2
4 34 34 33.384 -118.27 276 89 110 150 2014 7 2 20 25 16 1 2
4 34 34 33.381 -118.18 287 89 110 150 2014 7 2 20 26 6 1 2
4 34 34 33.418 -118.09 306 76 100 150 2014 7 2 20 27 6 1 2
4 34 34 33.484 -118.03 305 39 83 150 2014 7 2 20 28 6 1 2
4 34 34 33.584 -118.03 302 9 70 150 2014 7 2 20 29 16 1 2
4 34 34 33.662 -118.04 292 0 70 150 2014 7 2 20 30 6 1 2
4 34 34 33.742 -118.05 292 350 70 150 2014 7 2 20 31 12 1 2
4 34 34 33.783 -118.05 292 354 70 150 2014 7 2 20 32 6 1 2
4 34 34 33.85 -118.1 274 348 57 150 2014 7 2 20 33 6 1 15
4 34 34 33.949 -118.18 266 328 30 150 2014 7 2 20 34 15 1 15
4 34 34 33.967 -118.22 228 313 30 150 2014 7 2 20 35 6 1 15
4 34 34 33.95 -118.27 199 267 20 150 2014 7 2 20 36 6 1 15
4 34 34 33.95 -118.33 142 267 11 150 2014 7 2 20 37 6 1 15
4 34 34 33.933 -118.37 114 264 5 150 2014 7 2 20 38 15 1 15
