2 34 57 33.933 -118.43 135 0 25 150 2014 7 1 2 37 6 1 15
2 34 57 33.891 -118.47 177 228 38 150 2014 7 1 2 38 16 1 15
2 34 57 33.834 -118.48 208 162 58 150 2014 7 1 2 39 6 1 15
2 34 57 33.799 -118.44 187 189 70 150 2014 7 1 2 40 6 1 15
2 34 57 33.781 -118.37 210 164 81 150 2014 7 1 2 41 6 1 15
2 34 57 33.783 -118.29 231 119 90 150 2014 7 1 2 42 6 1 15
2 34 57 33.783 -118.2 242 94 97 150 2014 7 1 2 43 6 1 2
2 34 57 33.784 -118.12 246 88 105 150 2014 7 1 2 44 15 1 2
2 34 57 33.784 -118.03 248 89 112 150 2014 7 1 2 45 6 1 2
2 34 57 33.779 -117.95 249 89 118 150 2014 7 1 2 46 6 1 2
2 34 57 33.768 -117.85 251 92 124 150 2014 7 1 2 47 16 1 2
2 34 57 33.762 -117.78 254 95 128 150 2014 7 1 2 48 6 1 2
2 34 57 33.755 -117.67 259 96 130 150 2014 7 1 2 49 6 1 2
2 34 57 33.749 -117.59 259 95 130 150 2014 7 1 2 50 6 1 6
2 34 57 33.748 -117.58 269 94 130 150 2014 7 1 2 51 6 1 6
2 34 57 33.741 -117.49 278 95 130 150 2014 7 1 2 52 6 1 6
2 34 57 33.733 -117.4 281 95 130 150 2014 7 1 2 53 6 1 6
2 34 57 33.726 -117.3 284 95 130 150 2014 7 1 2 54 6 1 6
2 34 57 33.718 -117.21 283 95 130 150 2014 7 1 2 55 6 1 6
2 34 57 33.71 -117.11 284 95 130 150 2014 7 1 2 56 6 1 6
2 34 57 33.701 -117 285 89 130 150 2014 7 1 2 57 6 1 6
2 34 57 33.683 -116.88 287 95 130 150 2014 7 1 2 58 6 1 6
2 34 57 33.683 -116.78 285 95 130 150 2014 7 1 2 59 6 1 26
2 34 57 33.683 -116.68 292 95 109 150 2014 7 1 3 0 6 1 26
2 34 57 33.683 -116.6 230 93 94 150 2014 7 1 3 1 6 1 4
2 34 57 33.717 -116.55 228 62 61 150 2014 7 1 3 2 6 1 4
2 34 57 33.75 -116.5 206 55 34 150 2014 7 1 3 3 16 1 4
2 34 57 33.8 -116.48 178 51 12 150 2014 7 1 3 4 6 1 4
4 34 57 33.934 -118.44 148 255 20 150 2014 7 1 16 45 16 1 15
4 34 57 33.934 -118.44 148 255 20 150 2014 7 1 16 46 6 1 15
4 34 57 33.883 -118.47 185 251 40 150 2014 7 1 16 47 6 1 15
4 34 57 33.832 -118.49 192 154 57 150 2014 7 1 16 48 16 1 15
4 34 57 33.792 -118.45 207 204 74 150 2014 7 1 16 49 6 1 15
4 34 57 33.764 -118.39 203 167 88 150 2014 7 1 16 50 16 1 15
4 34 57 33.745 -118.32 207 114 104 150 2014 7 1 16 51 6 1 2
4 34 57 33.75 -118.25 208 114 118 150 2014 7 1 16 52 6 1 2
4 34 57 33.765 -118.18 208 96 129 150 2014 7 1 16 53 15 1 2
4 34 57 33.777 -118.11 214 80 140 150 2014 7 1 16 54 6 1 18
4 34 57 33.784 -118.02 223 78 150 150 2014 7 1 16 55 6 1 18
4 34 57 33.775 -117.94 241 81 150 150 2014 7 1 16 56 6 1 18
4 34 57 33.767 -117.85 253 90 150 150 2014 7 1 16 57 16 1 18
4 34 57 33.763 -117.77 257 96 150 150 2014 7 1 16 58 16 1 18
4 34 57 33.755 -117.68 258 95 150 150 2014 7 1 16 59 15 1 18
4 34 57 33.749 -117.59 260 94 150 150 2014 7 1 17 0 6 1 26
4 34 57 33.741 -117.49 259 95 150 150 2014 7 1 17 1 6 1 26
4 34 57 33.734 -117.41 260 95 150 150 2014 7 1 17 2 6 1 26
4 34 57 33.727 -117.32 258 95 150 150 2014 7 1 17 3 16 1 26
4 34 57 33.721 -117.24 257 95 150 150 2014 7 1 17 4 6 1 26
4 34 57 33.714 -117.15 255 89 150 150 2014 7 1 17 5 6 1 26
4 34 57 33.708 -117.07 256 95 150 150 2014 7 1 17 6 6 1 26
4 34 57 33.697 -116.96 258 96 151 150 2014 7 1 17 7 6 1 26
4 34 57 33.691 -116.88 259 89 151 150 2014 7 1 17 8 6 1 26
4 34 57 33.684 -116.79 260 103 149 110 2014 7 1 17 9 6 1 26
4 34 57 33.677 -116.71 255 89 146 110 2014 7 1 17 10 16 1 26
4 34 57 33.667 -116.65 207 96 136 110 2014 7 1 17 11 8 1 26
4 34 57 33.68 -116.56 206 73 110 110 2014 7 1 17 12 6 1 26
4 34 57 33.683 -116.52 217 82 104 110 2014 7 1 17 13 15 1 26
4 34 57 33.694 -116.43 206 89 79 110 2014 7 1 17 14 6 1 4
4 34 57 33.717 -116.4 200 84 57 110 2014 7 1 17 15 6 1 4
4 34 57 33.76 -116.44 200 321 57 110 2014 7 1 17 16 6 1 4
4 34 57 33.783 -116.47 145 15 13 110 2014 7 1 17 17 6 1 4
5 34 57 33.933 -118.45 151 248 26 150 2014 7 1 21 48 6 1 15
5 34 57 33.884 -118.46 177 255 41 150 2014 7 1 21 49 16 1 15
5 34 57 33.83 -118.46 192 195 59 150 2014 7 1 21 50 6 1 15
5 34 57 33.8 -118.42 187 159 74 150 2014 7 1 21 51 6 1 15
5 34 57 33.773 -118.36 195 161 89 150 2014 7 1 21 52 6 1 15
5 34 57 33.76 -118.28 211 124 108 150 2014 7 1 21 53 6 1 2
5 34 57 33.772 -118.2 224 108 119 150 2014 7 1 21 54 6 1 2
5 34 57 33.777 -118.13 230 88 129 150 2014 7 1 21 55 15 1 2
5 34 57 33.783 -118.05 232 82 140 150 2014 7 1 21 56 6 1 18
5 34 57 33.776 -117.97 241 85 149 150 2014 7 1 21 57 6 1 18
5 34 57 33.769 -117.89 241 90 150 150 2014 7 1 21 58 16 1 18
5 34 57 33.763 -117.81 241 95 150 150 2014 7 1 21 59 6 1 18
5 34 57 33.759 -117.73 238 95 150 150 2014 7 1 22 0 6 1 18
5 34 57 33.753 -117.65 238 95 150 150 2014 7 1 22 1 10 1 18
5 34 57 33.751 -117.64 237 94 150 150 2014 7 1 22 2 6 1 18
5 34 57 33.746 -117.56 237 94 150 150 2014 7 1 22 3 6 1 26
5 34 57 33.739 -117.48 237 95 150 150 2014 7 1 22 4 6 1 26
5 34 57 33.733 -117.4 236 95 150 150 2014 7 1 22 5 6 1 26
5 34 57 33.726 -117.32 237 95 150 150 2014 7 1 22 6 6 1 26
5 34 57 33.72 -117.24 237 95 150 150 2014 7 1 22 7 6 1 26
5 34 57 33.714 -117.16 237 95 150 150 2014 7 1 22 8 15 1 26
5 34 57 33.706 -117.07 237 95 150 150 2014 7 1 22 9 6 1 26
5 34 57 33.7 -116.99 237 95 150 150 2014 7 1 22 10 6 1 26
5 34 57 33.7 -116.9 240 95 151 150 2014 7 1 22 11 6 1 26
5 34 57 33.683 -116.82 242 96 150 150 2014 7 1 22 12 16 1 26
5 34 57 33.683 -116.75 242 94 149 150 2014 7 1 22 13 16 1 26
5 34 57 33.673 -116.68 238 100 141 150 2014 7 1 22 14 16 1 26
5 34 57 33.669 -116.6 229 89 123 150 2014 7 1 22 15 16 1 26
5 34 57 33.676 -116.51 227 73 99 150 2014 7 1 22 16 6 1 4
5 34 57 33.683 -116.45 227 89 76 150 2014 7 1 22 17 6 1 4
5 34 57 33.717 -116.38 209 81 46 150 2014 7 1 22 18 6 1 4
5 34 57 33.75 -116.43 177 51 26 150 2014 7 1 22 19 6 1 4
5 34 57 33.783 -116.47 156 14 14 150 2014 7 1 22 20 6 1 4
7 34 57 33.93 -118.44 136 255 20 150 2014 7 2 3 4 15 1 15
7 34 57 33.882 -118.46 189 195 33 150 2014 7 2 3 5 16 1 15
7 34 57 33.827 -118.46 198 180 48 150 2014 7 2 3 6 6 1 15
7 34 57 33.792 -118.4 217 178 52 150 2014 7 2 3 7 16 1 15
7 34 57 33.756 -118.34 221 126 71 150 2014 7 2 3 8 15 1 2
7 34 57 33.722 -118.28 212 124 81 150 2014 7 2 3 9 16 1 2
7 34 57 33.689 -118.22 211 108 93 150 2014 7 2 3 10 15 1 2
7 34 57 33.689 -118.22 211 108 93 150 2014 7 2 3 11 6 1 2
7 34 57 33.716 -118.16 222 103 103 150 2014 7 2 3 12 6 1 2
7 34 57 33.755 -118.1 224 93 115 150 2014 7 2 3 13 6 1 2
7 34 57 33.776 -117.95 222 57 136 150 2014 7 2 3 14 15 1 18
7 34 57 33.771 -117.88 222 95 136 150 2014 7 2 3 15 16 1 18
7 34 57 33.772 -117.88 219 85 143 150 2014 7 2 3 16 16 1 18
7 34 57 33.764 -117.8 222 96 150 150 2014 7 2 3 17 15 1 18
7 34 57 33.757 -117.73 223 95 150 150 2014 7 2 3 18 15 1 18
7 34 57 33.752 -117.65 240 96 150 150 2014 7 2 3 19 15 1 18
7 34 57 33.746 -117.56 244 94 150 150 2014 7 2 3 20 6 1 26
7 34 57 33.72 -117.47 253 94 150 150 2014 7 2 3 21 15 1 26
7 34 57 33.699 -117.39 253 102 150 150 2014 7 2 3 22 15 1 26
7 34 57 33.676 -117.31 253 107 150 150 2014 7 2 3 23 6 1 26
7 34 57 33.655 -117.22 255 108 150 150 2014 7 2 3 24 6 1 26
7 34 57 33.631 -117.14 256 107 150 150 2014 7 2 3 25 6 1 26
7 34 57 33.611 -117.06 256 108 150 150 2014 7 2 3 26 15 1 26
7 34 57 33.62 -116.98 255 108 150 150 2014 7 2 3 27 6 1 26
7 34 57 33.621 -116.87 256 87 150 150 2014 7 2 3 28 15 1 26
7 34 57 33.623 -116.79 256 89 148 150 2014 7 2 3 29 15 1 26
7 34 57 33.622 -116.7 256 89 134 150 2014 7 2 3 30 16 1 26
7 34 57 33.624 -116.61 265 89 116 150 2014 7 2 3 31 16 1 26
7 34 57 33.641 -116.53 258 76 100 150 2014 7 2 3 32 15 1 4
7 34 57 33.686 -116.47 242 51 75 150 2014 7 2 3 33 6 1 4
7 34 57 33.767 -116.43 206 47 22 150 2014 7 2 3 34 16 1 4
7 34 57 33.767 -116.43 206 47 22 150 2014 7 2 3 35 6 1 4
7 34 57 33.8 -116.48 150 19 12 150 2014 7 2 3 36 6 1 4
10 34 57 33.927 -118.45 232 0 18 150 2014 7 2 21 55 6 1 15
10 34 57 33.871 -118.46 196 219 36 150 2014 7 2 21 56 6 1 15
10 34 57 33.829 -118.44 188 148 49 150 2014 7 2 21 57 6 1 15
10 34 57 33.798 -118.37 193 173 68 150 2014 7 2 21 58 6 1 15
10 34 57 33.78 -118.3 214 135 82 150 2014 7 2 21 59 16 1 15
10 34 57 33.781 -118.23 214 89 82 150 2014 7 2 22 0 6 1 2
10 34 57 33.781 -118.16 210 99 110 150 2014 7 2 22 1 6 1 2
10 34 57 33.784 -118.09 215 89 123 150 2014 7 2 22 2 6 1 2
10 34 57 33.784 -118.02 217 87 134 150 2014 7 2 22 3 6 1 18
10 34 57 33.776 -117.94 220 90 145 150 2014 7 2 22 4 6 1 18
10 34 57 33.77 -117.87 220 95 145 150 2014 7 2 22 5 6 1 18
10 34 57 33.761 -117.76 259 96 150 150 2014 7 2 22 6 6 1 18
10 34 57 33.754 -117.68 259 95 150 150 2014 7 2 22 7 6 1 18
10 34 57 33.755 -117.68 261 95 150 150 2014 7 2 22 8 6 1 18
10 34 57 33.748 -117.59 261 95 150 150 2014 7 2 22 9 6 1 26
10 34 57 33.734 -117.41 267 94 150 150 2014 7 2 22 10 6 1 26
10 34 57 33.727 -117.32 267 95 150 150 2014 7 2 22 11 6 1 26
10 34 57 33.727 -117.32 267 95 150 150 2014 7 2 22 12 6 1 26
10 34 57 33.719 -117.21 267 95 150 150 2014 7 2 22 13 6 1 26
10 34 57 33.712 -117.13 267 90 150 150 2014 7 2 22 14 6 1 26
10 34 57 33.705 -117.04 267 95 150 150 2014 7 2 22 15 6 1 26
10 34 57 33.697 -116.95 267 94 150 150 2014 7 2 22 16 6 1 26
10 34 57 33.69 -116.86 267 103 150 150 2014 7 2 22 17 6 1 26
10 34 57 33.681 -116.77 268 89 147 150 2014 7 2 22 18 16 1 26
10 34 57 33.671 -116.67 244 101 127 150 2014 7 2 22 19 16 1 26
10 34 57 33.668 -116.59 241 89 107 150 2014 7 2 22 20 6 1 26
10 34 57 33.7 -116.53 267 62 90 150 2014 7 2 22 21 6 1 4
10 34 57 33.751 -116.45 265 40 77 150 2014 7 2 22 22 6 1 4
10 34 57 33.817 -116.45 234 52 58 150 2014 7 2 22 23 6 1 4
10 34 57 33.85 -116.47 186 11 42 150 2014 7 2 22 24 16 1 4
10 34 57 33.883 -116.52 160 353 25 150 2014 7 2 22 25 6 1 4
10 34 57 33.85 -116.52 146 320 9 150 2014 7 2 22 26 6 1 4
11 34 57 33.943 -118.41 122 0 1 150 2014 7 3 21 54 6 1 15
11 34 57 33.933 -118.43 156 245 16 150 2014 7 3 21 55 6 1 15
11 34 57 33.886 -118.47 183 208 33 150 2014 7 3 21 56 6 1 15
11 34 57 33.833 -118.46 188 164 49 150 2014 7 3 21 57 6 1 15
11 34 57 33.781 -118.44 189 177 63 150 2014 7 3 21 58 6 1 15
11 34 57 33.751 -118.39 202 166 76 150 2014 7 3 21 59 6 1 15
11 34 57 33.723 -118.33 200 122 89 150 2014 7 3 22 0 6 1 2
11 34 57 33.746 -118.25 222 122 102 150 2014 7 3 22 1 6 1 2
11 34 57 33.759 -118.19 209 86 114 150 2014 7 3 22 2 6 1 2
11 34 57 33.772 -118.12 209 73 125 150 2014 7 3 22 3 6 1 2
11 34 57 33.784 -118.05 210 76 135 150 2014 7 3 22 4 6 1 18
11 34 57 33.777 -117.97 215 77 144 150 2014 7 3 22 5 6 1 18
11 34 57 33.77 -117.89 222 87 150 150 2014 7 3 22 6 7 1 18
11 34 57 33.764 -117.81 233 95 150 150 2014 7 3 22 7 6 1 18
11 34 57 33.758 -117.72 250 95 150 150 2014 7 3 22 8 6 1 18
11 34 57 33.751 -117.64 260 94 150 150 2014 7 3 22 9 6 1 18
11 34 57 33.745 -117.55 260 95 150 150 2014 7 3 22 10 6 1 26
11 34 57 33.738 -117.46 267 95 150 150 2014 7 3 22 11 6 1 26
11 34 57 33.729 -117.35 269 95 150 150 2014 7 3 22 12 6 1 26
11 34 57 33.722 -117.27 267 95 150 150 2014 7 3 22 13 6 1 26
11 34 57 33.715 -117.18 270 95 150 150 2014 7 3 22 14 6 1 26
11 34 57 33.707 -117.09 269 89 147 150 2014 7 3 22 15 6 1 26
11 34 57 33.7 -117 269 99 141 110 2014 7 3 22 16 6 1 26
11 34 57 33.693 -116.89 271 89 133 110 2014 7 3 22 17 6 1 6
11 34 57 33.7 -116.88 272 94 130 110 2014 7 3 22 18 6 1 6
11 34 57 33.683 -116.78 268 96 122 110 2014 7 3 22 19 6 1 26
11 34 57 33.679 -116.73 251 91 112 110 2014 7 3 22 20 8 1 26
11 34 57 33.723 -116.57 244 85 74 110 2014 7 3 22 21 9 1 4
11 34 57 33.733 -116.57 263 52 73 110 2014 7 3 22 22 6 1 4
11 34 57 33.817 -116.53 199 58 34 110 2014 7 3 22 23 6 1 4
13 34 57 33.929 -118.44 148 246 17 150 2014 7 3 3 31 6 1 15
13 34 57 33.881 -118.45 172 202 34 150 2014 7 3 3 32 6 1 15
13 34 57 33.822 -118.45 176 180 55 150 2014 7 3 3 33 6 1 15
13 34 57 33.772 -118.44 179 178 70 150 2014 7 3 3 34 16 1 15
13 34 57 33.737 -118.4 191 176 87 150 2014 7 3 3 35 16 1 15
13 34 57 33.744 -118.33 195 156 103 150 2014 7 3 3 36 6 1 2
13 34 57 33.753 -118.26 214 96 116 150 2014 7 3 3 37 15 1 2
13 34 57 33.763 -118.19 213 82 130 150 2014 7 3 3 38 15 1 2
13 34 57 33.774 -118.12 211 80 143 150 2014 7 3 3 39 15 1 18
13 34 57 33.784 -118.05 214 79 150 150 2014 7 3 3 40 15 1 18
13 34 57 33.775 -117.96 254 80 151 150 2014 7 3 3 41 6 1 18
13 34 57 33.768 -117.85 269 89 151 150 2014 7 3 3 42 16 1 18
13 34 57 33.763 -117.76 276 95 151 150 2014 7 3 3 43 15 1 18
13 34 57 33.755 -117.67 282 94 151 150 2014 7 3 3 44 16 1 18
13 34 57 33.748 -117.57 284 94 151 150 2014 7 3 3 45 6 1 26
13 34 57 33.741 -117.47 286 95 151 150 2014 7 3 3 46 16 1 26
13 34 57 33.734 -117.38 287 95 151 150 2014 7 3 3 47 16 1 26
13 34 57 33.726 -117.28 287 94 151 150 2014 7 3 3 48 15 1 26
13 34 57 33.717 -117.17 287 95 151 150 2014 7 3 3 49 15 1 26
13 34 57 33.707 -117.07 287 95 151 150 2014 7 3 3 50 15 1 26
13 34 57 33.699 -116.98 287 89 151 150 2014 7 3 3 51 15 1 26
13 34 57 33.724 -116.89 287 71 151 150 2014 7 3 3 52 16 1 26
13 34 57 33.683 -116.78 288 95 148 150 2014 7 3 3 53 15 1 26
13 34 57 33.683 -116.75 287 95 150 150 2014 7 3 3 54 6 1 26
13 34 57 33.668 -116.61 246 103 126 150 2014 7 3 3 55 15 1 26
13 34 57 33.667 -116.58 224 95 119 150 2014 7 3 3 56 6 1 26
13 34 57 33.667 -116.52 213 89 95 150 2014 7 3 3 57 15 1 4
13 34 57 33.685 -116.47 214 67 77 150 2014 7 3 3 58 15 1 4
13 34 57 33.75 -116.4 219 63 39 150 2014 7 3 3 59 15 1 4
13 34 57 33.783 -116.45 193 39 19 150 2014 7 3 4 0 16 1 4
13 34 57 33.8 -116.48 140 10 9 150 2014 7 3 4 1 16 1 4
14 34 57 33.933 -118.47 194 0 27 150 2014 7 3 5 4 15 1 15
14 34 57 33.883 -118.54 221 244 59 150 2014 7 3 5 5 16 1 15
14 34 57 33.824 -118.56 285 211 80 150 2014 7 3 5 6 15 1 15
14 34 57 33.817 -118.47 285 94 80 150 2014 7 3 5 7 6 1 15
14 34 57 33.731 -118.53 294 137 111 170 2014 7 3 5 8 15 1 2
14 34 57 33.691 -118.45 318 162 135 170 2014 7 3 5 9 6 1 18
14 34 57 33.686 -118.22 359 105 162 170 2014 7 3 5 10 15 1 18
14 34 57 33.683 -118.07 370 91 170 170 2014 7 3 5 11 15 1 18
14 34 57 33.681 -117.95 376 90 170 170 2014 7 3 5 12 15 1 18
14 34 57 33.681 -117.95 376 90 170 170 2014 7 3 5 13 6 1 18
14 34 57 33.678 -117.82 376 91 170 170 2014 7 3 5 14 15 1 18
14 34 57 33.676 -117.7 376 91 171 170 2014 7 3 5 15 16 1 18
14 34 57 33.672 -117.56 397 91 170 170 2014 7 3 5 16 6 1 26
14 34 57 33.669 -117.42 410 91 170 170 2014 7 3 5 17 16 1 26
14 34 57 33.666 -117.29 413 91 170 170 2014 7 3 5 18 15 1 26
14 34 57 33.661 -117.15 413 91 170 170 2014 7 3 5 19 16 1 26
14 34 57 33.65 -116.93 405 92 171 170 2014 7 3 5 20 16 1 26
14 34 57 33.65 -116.82 392 91 151 170 2014 7 3 5 21 16 1 26
14 34 57 33.648 -116.75 387 89 141 170 2014 7 3 5 22 16 1 26
14 34 57 33.65 -116.58 331 91 90 170 2014 7 3 5 23 15 1 4
14 34 57 33.667 -116.5 241 81 89 170 2014 7 3 5 24 6 1 4
14 34 57 33.683 -116.43 232 76 62 170 2014 7 3 5 25 6 1 4
14 34 57 33.717 -116.38 227 73 34 170 2014 7 3 5 26 6 1 4
14 34 57 33.75 -116.43 171 50 26 170 2014 7 3 5 27 15 1 4
14 34 57 33.783 -116.47 152 0 13 170 2014 7 3 5 28 16 1 4
15 34 57 33.943 -118.41 122 0 1 150 2014 7 3 16 44 6 1 15
15 34 57 33.883 -118.47 191 241 31 150 2014 7 3 16 45 6 1 15
15 34 57 33.861 -118.48 193 195 39 150 2014 7 3 16 46 6 1 15
15 34 57 33.825 -118.44 194 191 53 150 2014 7 3 16 47 6 1 15
15 34 57 33.795 -118.39 194 161 65 150 2014 7 3 16 48 6 1 15
15 34 57 33.761 -118.32 202 131 78 150 2014 7 3 16 49 6 1 2
15 34 57 33.752 -118.26 222 122 89 150 2014 7 3 16 50 6 1 2
15 34 57 33.765 -118.19 212 111 99 150 2014 7 3 16 51 10 1 2
15 34 57 33.778 -118.1 214 85 112 150 2014 7 3 16 52 6 1 2
15 34 57 33.782 -118.03 219 78 123 150 2014 7 3 16 53 6 1 2
15 34 57 33.777 -117.95 226 86 132 150 2014 7 3 16 54 6 1 18
15 34 57 33.771 -117.88 226 90 141 150 2014 7 3 16 55 6 1 18
15 34 57 33.764 -117.8 226 94 149 150 2014 7 3 16 56 6 1 18
15 34 57 33.757 -117.7 257 95 150 150 2014 7 3 16 57 6 1 18
15 34 57 33.75 -117.61 265 95 150 150 2014 7 3 16 58 6 1 18
15 34 57 33.742 -117.52 265 94 149 150 2014 7 3 16 59 6 1 26
15 34 57 33.735 -117.44 265 95 150 150 2014 7 3 17 0 6 1 26
15 34 57 33.728 -117.35 265 95 150 150 2014 7 3 17 1 6 1 26
15 34 57 33.729 -117.35 269 95 150 150 2014 7 3 17 2 6 1 26
15 34 57 33.714 -117.16 262 95 150 150 2014 7 3 17 3 6 1 26
15 34 57 33.705 -117.07 260 91 150 150 2014 7 3 17 4 6 1 26
15 34 57 33.7 -116.99 260 95 150 150 2014 7 3 17 5 6 1 26
15 34 57 33.722 -116.9 260 71 150 150 2014 7 3 17 6 14 1 26
15 34 57 33.685 -116.8 262 95 149 150 2014 7 3 17 7 6 1 26
15 34 57 33.683 -116.75 267 95 147 110 2014 7 3 17 8 16 1 26
15 34 57 33.667 -116.67 234 97 131 110 2014 7 3 17 9 6 1 26
15 34 57 33.667 -116.6 255 92 108 110 2014 7 3 17 10 6 1 26
15 34 57 33.717 -116.53 241 79 89 110 2014 7 3 17 11 6 1 4
15 34 57 33.767 -116.52 209 33 67 110 2014 7 3 17 12 6 1 4
15 34 57 33.817 -116.53 207 354 43 110 2014 7 3 17 13 6 1 4
15 34 57 33.867 -116.55 165 344 24 110 2014 7 3 17 14 6 1 4
15 34 57 33.85 -116.53 149 337 10 110 2014 7 3 17 15 6 1 4
17 34 57 33.933 -118.44 155 246 19 150 2014 7 4 0 57 6 1 15
17 34 57 33.875 -118.46 188 252 40 150 2014 7 4 0 58 15 1 15
17 34 57 33.823 -118.46 186 201 56 150 2014 7 4 0 59 6 1 15
17 34 57 33.775 -118.44 185 161 72 150 2014 7 4 1 0 6 1 15
17 34 57 33.759 -118.38 196 172 85 150 2014 7 4 1 1 7 1 15
17 34 57 33.751 -118.31 197 117 102 150 2014 7 4 1 2 16 1 2
17 34 57 33.753 -118.24 208 101 112 150 2014 7 4 1 3 6 1 2
17 34 57 33.766 -118.17 211 92 125 150 2014 7 4 1 4 6 1 2
17 34 57 33.777 -118.1 212 81 133 150 2014 7 4 1 5 6 1 18
17 34 57 33.78 -118.01 219 78 144 150 2014 7 4 1 6 6 1 18
17 34 57 33.774 -117.94 221 87 150 150 2014 7 4 1 7 6 1 18
17 34 57 33.767 -117.86 247 91 150 150 2014 7 4 1 8 6 1 18
17 34 57 33.761 -117.77 263 95 150 150 2014 7 4 1 9 6 1 18
17 34 57 33.755 -117.68 264 95 150 150 2014 7 4 1 10 13 1 18
17 34 57 33.747 -117.59 272 94 150 150 2014 7 4 1 11 6 1 26
17 34 57 33.739 -117.48 271 95 150 150 2014 7 4 1 12 6 1 26
17 34 57 33.732 -117.39 271 95 150 150 2014 7 4 1 13 6 1 26
17 34 57 33.725 -117.3 271 95 150 150 2014 7 4 1 14 6 1 26
17 34 57 33.718 -117.21 271 95 150 150 2014 7 4 1 15 6 1 26
17 34 57 33.732 -117.12 271 79 150 150 2014 7 4 1 16 6 1 26
17 34 57 33.703 -117.03 273 95 150 150 2014 7 4 1 17 6 1 26
17 34 57 33.724 -116.94 273 73 150 150 2014 7 4 1 18 6 1 26
17 34 57 33.688 -116.84 259 95 149 150 2014 7 4 1 19 16 1 26
17 34 57 33.688 -116.84 259 95 149 150 2014 7 4 1 20 6 1 26
17 34 57 33.68 -116.75 258 94 144 150 2014 7 4 1 21 6 1 26
17 34 57 33.667 -116.65 265 100 128 150 2014 7 4 1 22 6 1 26
17 34 57 33.684 -116.58 271 80 113 150 2014 7 4 1 23 6 1 26
17 34 57 33.729 -116.51 260 47 93 150 2014 7 4 1 24 6 1 4
17 34 57 33.774 -116.46 257 39 79 150 2014 7 4 1 25 6 1 4
17 34 57 33.867 -116.48 172 15 26 150 2014 7 4 1 26 6 1 4
