1 34 62 33.933 -118.43 156 0 18 90 2014 7 1 23 34 6 1 15
1 34 62 33.883 -118.47 187 246 35 90 2014 7 1 23 35 6 1 15
1 34 62 33.833 -118.47 179 200 54 90 2014 7 1 23 36 6 1 15
1 34 62 33.8 -118.48 187 186 69 90 2014 7 1 23 37 16 1 15
1 34 62 33.737 -118.46 187 170 87 90 2014 7 1 23 38 6 1 15
1 34 62 33.691 -118.42 207 128 90 90 2014 7 1 23 39 6 1 15
1 34 62 33.64 -118.37 227 148 91 90 2014 7 1 23 40 6 1 2
1 34 62 33.587 -118.32 238 140 91 90 2014 7 1 23 41 8 1 2
1 34 62 33.539 -118.25 249 120 91 90 2014 7 1 23 42 6 1 2
1 34 62 33.505 -118.17 249 120 91 90 2014 7 1 23 43 15 1 2
1 34 62 33.483 -118.12 247 124 91 90 2014 7 1 23 44 16 1 2
1 34 62 33.436 -118.03 249 130 90 90 2014 7 1 23 45 16 1 2
1 34 62 33.401 -117.96 249 115 90 90 2014 7 1 23 46 11 1 2
1 34 62 33.366 -117.89 248 120 90 90 2014 7 1 23 47 6 1 2
1 34 62 33.324 -117.81 248 120 90 90 2014 7 1 23 48 6 1 2
1 34 62 33.289 -117.73 248 115 90 90 2014 7 1 23 49 15 1 2
1 34 62 33.256 -117.66 247 120 90 90 2014 7 1 23 50 6 1 2
1 34 62 33.221 -117.59 247 120 90 90 2014 7 1 23 51 6 1 2
1 34 62 33.171 -117.54 238 140 90 90 2014 7 1 23 52 6 1 9
1 34 62 33.116 -117.5 239 140 90 90 2014 7 1 23 53 6 1 9
1 34 62 33.051 -117.44 239 140 90 90 2014 7 1 23 54 6 1 9
1 34 62 32.996 -117.4 239 147 90 90 2014 7 1 23 55 16 1 9
1 34 62 32.944 -117.34 250 139 80 90 2014 7 1 23 56 6 1 9
1 34 62 32.896 -117.27 267 131 72 90 2014 7 1 23 57 15 1 9
1 34 62 32.867 -117.23 271 129 68 90 2014 7 1 23 58 6 1 9
1 34 62 32.801 -117.12 261 131 60 90 2014 7 1 23 59 6 1 9
1 34 62 32.78 -117.05 246 106 59 90 2014 7 2 0 0 15 1 9
1 34 62 32.783 -117.02 228 108 56 90 2014 7 2 0 1 6 1 9
1 34 62 32.75 -116.95 206 102 51 90 2014 7 2 0 2 6 1 9
1 34 62 32.717 -116.97 204 156 45 90 2014 7 2 0 3 6 1 9
1 34 62 32.699 -117.06 170 231 29 90 2014 7 2 0 4 16 1 9
1 34 62 32.7 -117.07 164 278 28 90 2014 7 2 0 5 15 1 9
1 34 62 32.717 -117.12 144 289 16 90 2014 7 2 0 6 6 1 9
1 34 62 32.733 -117.17 137 285 5 90 2014 7 2 0 7 16 1 9
4 34 62 33.933 -118.45 165 0 21 110 2014 7 1 4 45 16 1 15
4 34 62 33.9 -118.52 237 185 40 110 2014 7 1 4 46 6 1 15
4 34 62 33.833 -118.55 278 220 61 110 2014 7 1 4 47 6 1 15
4 34 62 33.75 -118.55 287 184 85 110 2014 7 1 4 48 16 1 2
4 34 62 33.683 -118.5 300 156 105 110 2014 7 1 4 49 15 1 2
4 34 62 33.651 -118.42 321 124 109 110 2014 7 1 4 50 16 1 2
4 34 62 33.6 -118.33 338 120 110 110 2014 7 1 4 51 6 1 2
4 34 62 33.533 -118.2 346 118 110 110 2014 7 1 4 52 6 1 2
4 34 62 33.483 -118.1 346 121 110 110 2014 7 1 4 53 6 1 2
4 34 62 33.443 -118.02 343 122 110 110 2014 7 1 4 54 16 1 2
4 34 62 33.383 -117.92 344 120 110 110 2014 7 1 4 55 15 1 2
4 34 62 33.333 -117.8 345 121 111 110 2014 7 1 4 56 6 1 2
4 34 62 33.292 -117.72 346 120 111 110 2014 7 1 4 57 16 1 2
4 34 62 33.242 -117.62 348 125 111 110 2014 7 1 4 58 6 1 2
4 34 62 33.188 -117.53 341 125 108 110 2014 7 1 4 59 6 1 2
4 34 62 33.1 -117.47 288 147 93 110 2014 7 1 5 0 6 1 9
4 34 62 33.036 -117.42 291 149 74 110 2014 7 1 5 1 15 1 9
4 34 62 32.971 -117.37 285 140 71 110 2014 7 1 5 2 15 1 9
4 34 62 32.919 -117.3 285 139 70 110 2014 7 1 5 3 16 1 9
4 34 62 32.866 -117.23 285 131 70 110 2014 7 1 5 4 15 1 9
4 34 62 32.809 -117.15 285 131 68 110 2014 7 1 5 5 15 1 9
4 34 62 32.777 -117.09 233 120 56 110 2014 7 1 5 6 6 1 9
4 34 62 32.765 -117.02 232 106 50 110 2014 7 1 5 7 6 1 9
4 34 62 32.731 -116.97 216 106 44 110 2014 7 1 5 8 6 1 9
4 34 62 32.696 -117.02 202 209 30 110 2014 7 1 5 9 15 1 9
4 34 62 32.704 -117.07 183 270 22 110 2014 7 1 5 10 15 1 9
4 34 62 32.715 -117.12 145 291 13 110 2014 7 1 5 11 6 1 9
4 34 62 32.726 -117.16 137 270 5 110 2014 7 1 5 12 6 1 9
7 34 62 33.943 -118.41 148 0 1 110 2014 7 1 14 41 10 1 15
7 34 62 33.9 -118.52 264 246 37 110 2014 7 1 14 42 6 1 15
7 34 62 33.833 -118.53 281 244 64 110 2014 7 1 14 43 6 1 15
7 34 62 33.75 -118.52 287 194 89 110 2014 7 1 14 44 6 1 2
7 34 62 33.683 -118.48 310 169 109 110 2014 7 1 14 45 6 1 2
7 34 62 33.633 -118.38 355 147 111 110 2014 7 1 14 46 6 1 2
7 34 62 33.614 -118.37 339 120 111 110 2014 7 1 14 47 6 1 2
7 34 62 33.554 -118.27 360 133 111 110 2014 7 1 14 48 6 1 2
7 34 62 33.503 -118.17 369 117 111 110 2014 7 1 14 49 6 1 2
7 34 62 33.417 -117.98 366 120 111 110 2014 7 1 14 50 15 1 2
7 34 62 33.39 -117.94 369 120 111 110 2014 7 1 14 51 7 1 2
7 34 62 33.317 -117.77 355 120 111 110 2014 7 1 14 52 15 1 2
7 34 62 33.267 -117.67 354 120 111 110 2014 7 1 14 53 16 1 2
7 34 62 33.217 -117.57 356 121 108 110 2014 7 1 14 54 6 1 2
7 34 62 33.167 -117.48 304 119 98 110 2014 7 1 14 55 6 1 9
7 34 62 33.141 -117.43 289 125 92 110 2014 7 1 14 56 9 1 9
7 34 62 33.033 -117.37 282 151 78 110 2014 7 1 14 57 15 1 9
7 34 62 32.983 -117.32 277 155 70 110 2014 7 1 14 58 6 1 9
7 34 62 32.933 -117.25 282 133 70 110 2014 7 1 14 59 6 1 9
7 34 62 32.889 -117.22 286 149 65 110 2014 7 1 15 0 6 1 9
7 34 62 32.827 -117.15 282 139 54 110 2014 7 1 15 1 6 1 9
7 34 62 32.767 -117.05 259 140 50 110 2014 7 1 15 2 16 1 9
7 34 62 32.751 -117.01 244 120 50 110 2014 7 1 15 3 6 1 9
7 34 62 32.683 -116.98 233 152 40 110 2014 7 1 15 4 15 1 9
7 34 62 32.683 -116.98 233 152 40 110 2014 7 1 15 5 6 1 9
7 34 62 32.709 -117.09 153 285 22 110 2014 7 1 15 6 6 1 9
7 34 62 32.717 -117.13 146 286 13 110 2014 7 1 15 7 6 1 9
7 34 62 32.73 -117.18 147 270 2 110 2014 7 1 15 8 6 1 9
9 34 62 33.943 -118.41 153 0 1 110 2014 7 1 16 47 6 1 15
9 34 62 33.867 -118.52 267 261 58 110 2014 7 1 16 48 16 1 15
9 34 62 33.866 -118.52 258 229 58 110 2014 7 1 16 49 6 1 15
9 34 62 33.783 -118.53 286 186 87 110 2014 7 1 16 50 16 1 15
9 34 62 33.717 -118.48 312 156 105 110 2014 7 1 16 51 6 1 15
9 34 62 33.657 -118.38 362 123 110 110 2014 7 1 16 52 6 1 2
9 34 62 33.6 -118.27 387 126 110 110 2014 7 1 16 53 15 1 2
9 34 62 33.541 -118.16 386 126 110 110 2014 7 1 16 54 6 1 2
9 34 62 33.483 -118.06 385 117 110 110 2014 7 1 16 55 6 1 2
9 34 62 33.414 -117.93 382 128 110 110 2014 7 1 16 56 6 1 2
9 34 62 33.357 -117.82 382 120 110 110 2014 7 1 16 57 16 1 2
9 34 62 33.301 -117.72 373 124 110 110 2014 7 1 16 58 16 1 2
9 34 62 33.25 -117.63 338 120 110 110 2014 7 1 16 59 15 1 2
9 34 62 33.206 -117.55 303 115 110 110 2014 7 1 17 0 6 1 2
9 34 62 33.146 -117.49 286 147 110 110 2014 7 1 17 1 6 1 9
9 34 62 33.065 -117.43 285 147 103 110 2014 7 1 17 2 6 1 9
9 34 62 32.998 -117.38 284 147 93 110 2014 7 1 17 3 16 1 9
9 34 62 32.932 -117.34 280 147 83 110 2014 7 1 17 4 6 1 9
9 34 62 32.867 -117.28 280 147 73 110 2014 7 1 17 5 6 1 9
9 34 62 32.828 -117.2 283 125 57 110 2014 7 1 17 6 6 1 9
9 34 62 32.784 -117.12 274 120 50 110 2014 7 1 17 7 6 1 9
9 34 62 32.774 -117.05 222 103 50 110 2014 7 1 17 8 6 1 9
9 34 62 32.765 -116.98 210 111 50 110 2014 7 1 17 9 6 1 9
9 34 62 32.724 -116.96 194 106 45 110 2014 7 1 17 10 16 1 9
9 34 62 32.689 -117.01 185 209 37 110 2014 7 1 17 11 8 1 9
9 34 62 32.699 -117.05 140 270 25 110 2014 7 1 17 12 6 1 9
9 34 62 32.711 -117.1 139 270 16 110 2014 7 1 17 13 15 1 9
9 34 62 32.721 -117.14 134 291 9 110 2014 7 1 17 14 6 1 9
9 34 62 32.733 -117.15 131 286 6 110 2014 7 1 17 15 6 1 9
11 34 62 33.858 -118.58 244 0 65 110 2014 7 1 17 26 6 1 15
11 34 62 33.717 -118.53 293 184 108 110 2014 7 1 17 27 6 1 2
11 34 62 33.708 -118.53 291 150 109 110 2014 7 1 17 28 6 1 2
11 34 62 33.583 -118.38 354 144 110 110 2014 7 1 17 29 6 1 2
11 34 62 33.579 -118.38 344 133 110 110 2014 7 1 17 30 6 1 2
11 34 62 33.567 -118.28 353 105 110 110 2014 7 1 17 31 6 1 2
11 34 62 33.505 -118.15 354 117 110 110 2014 7 1 17 32 6 1 2
11 34 62 33.439 -118.06 353 133 110 110 2014 7 1 17 33 6 1 2
11 34 62 33.376 -117.97 350 133 110 110 2014 7 1 17 34 6 1 2
11 34 62 33.322 -117.88 349 120 110 110 2014 7 1 17 35 16 1 2
11 34 62 33.28 -117.78 346 111 110 110 2014 7 1 17 36 6 1 2
11 34 62 33.23 -117.65 346 120 110 110 2014 7 1 17 37 6 1 2
11 34 62 33.188 -117.55 345 120 110 110 2014 7 1 17 38 6 1 2
11 34 62 33.147 -117.45 344 108 110 110 2014 7 1 17 39 6 1 9
11 34 62 33.081 -117.4 295 131 102 110 2014 7 1 17 40 6 1 9
11 34 62 33.012 -117.36 281 153 87 110 2014 7 1 17 41 6 1 9
11 34 62 32.931 -117.31 281 157 70 110 2014 7 1 17 42 6 1 9
11 34 62 32.874 -117.24 283 139 70 110 2014 7 1 17 43 6 1 9
11 34 62 32.823 -117.17 283 139 70 110 2014 7 1 17 44 15 1 9
11 34 62 32.803 -117.09 275 115 70 110 2014 7 1 17 45 6 1 9
11 34 62 32.785 -116.98 277 103 63 110 2014 7 1 17 46 6 1 9
11 34 62 32.783 -116.97 264 101 61 110 2014 7 1 17 47 6 1 9
11 34 62 32.733 -116.82 206 108 60 110 2014 7 1 17 48 16 1 9
11 34 62 32.697 -116.83 211 297 51 110 2014 7 1 17 49 16 1 9
11 34 62 32.683 -116.83 215 192 50 110 2014 7 1 17 50 6 1 9
11 34 62 32.683 -116.97 201 279 47 110 2014 7 1 17 51 18 1 9
11 34 62 32.683 -116.97 201 279 47 110 2014 7 1 17 52 6 1 9
11 34 62 32.693 -117.02 193 297 36 110 2014 7 1 17 53 6 1 9
11 34 62 32.7 -117.07 153 275 21 110 2014 7 1 17 54 6 1 9
11 34 62 32.717 -117.12 139 284 13 110 2014 7 1 17 55 16 1 9
11 34 62 32.733 -117.17 138 286 6 110 2014 7 1 17 56 8 1 9
12 34 62 33.917 -118.45 180 0 21 90 2014 7 1 18 37 6 1 15
12 34 62 33.867 -118.47 196 181 38 90 2014 7 1 18 38 16 1 15
12 34 62 33.817 -118.47 199 188 54 90 2014 7 1 18 39 15 1 15
12 34 62 33.75 -118.47 203 190 71 90 2014 7 1 18 40 6 1 15
12 34 62 33.717 -118.42 205 158 86 90 2014 7 1 18 41 6 1 15
12 34 62 33.683 -118.35 228 127 90 90 2014 7 1 18 42 6 1 2
12 34 62 33.65 -118.28 240 123 90 90 2014 7 1 18 43 15 1 2
12 34 62 33.6 -118.22 243 124 90 90 2014 7 1 18 44 6 1 2
12 34 62 33.567 -118.15 244 124 90 90 2014 7 1 18 45 7 1 2
12 34 62 33.533 -118.08 243 124 90 90 2014 7 1 18 46 6 1 2
12 34 62 33.5 -118.02 243 125 90 90 2014 7 1 18 47 16 1 2
12 34 62 33.45 -117.95 244 125 90 90 2014 7 1 18 48 16 1 2
12 34 62 33.417 -117.9 242 124 90 90 2014 7 1 18 49 15 1 2
12 34 62 33.383 -117.82 241 126 90 90 2014 7 1 18 50 16 1 2
12 34 62 33.333 -117.77 241 125 90 90 2014 7 1 18 51 6 1 2
12 34 62 33.3 -117.7 239 127 90 90 2014 7 1 18 52 6 1 2
12 34 62 33.25 -117.65 240 143 90 90 2014 7 1 18 53 6 1 2
12 34 62 33.183 -117.6 250 143 86 90 2014 7 1 18 54 6 1 2
12 34 62 33.133 -117.55 261 142 81 90 2014 7 1 18 55 6 1 9
12 34 62 33.083 -117.5 263 141 74 90 2014 7 1 18 56 6 1 9
12 34 62 33.027 -117.46 262 135 70 90 2014 7 1 18 57 16 1 9
12 34 62 32.961 -117.39 260 150 70 90 2014 7 1 18 58 6 1 9
12 34 62 32.917 -117.32 247 131 70 90 2014 7 1 18 59 15 1 9
12 34 62 32.871 -117.26 251 132 64 90 2014 7 1 19 0 6 1 9
12 34 62 32.833 -117.2 269 134 51 90 2014 7 1 19 1 6 1 9
12 34 62 32.783 -117.13 251 133 50 90 2014 7 1 19 2 6 1 9
12 34 62 32.767 -117.05 244 99 50 90 2014 7 1 19 3 16 1 9
12 34 62 32.753 -116.97 240 101 50 90 2014 7 1 19 4 16 1 9
12 34 62 32.717 -116.95 217 101 41 90 2014 7 1 19 5 6 1 9
12 34 62 32.683 -117 191 156 33 90 2014 7 1 19 6 6 1 9
12 34 62 32.7 -117.05 195 247 25 90 2014 7 1 19 7 6 1 9
12 34 62 32.717 -117.12 163 288 17 90 2014 7 1 19 8 6 1 9
12 34 62 32.717 -117.15 122 286 7 90 2014 7 1 19 9 6 1 9
12 34 62 32.726 -117.16 122 270 5 90 2014 7 1 19 10 6 1 9
13 34 62 33.933 -118.43 171 0 13 110 2014 7 1 18 53 6 1 15
13 34 62 33.9 -118.52 260 246 26 110 2014 7 1 18 54 6 1 15
13 34 62 33.833 -118.52 276 244 56 110 2014 7 1 18 55 6 1 15
13 34 62 33.75 -118.5 287 181 80 110 2014 7 1 18 56 6 1 15
13 34 62 33.683 -118.47 299 171 103 110 2014 7 1 18 57 16 1 2
13 34 62 33.678 -118.45 296 157 105 110 2014 7 1 18 58 6 1 2
13 34 62 33.583 -118.27 361 122 110 110 2014 7 1 18 59 15 1 2
13 34 62 33.533 -118.17 364 121 110 110 2014 7 1 19 0 6 1 2
13 34 62 33.515 -118.14 359 120 110 110 2014 7 1 19 1 6 1 2
13 34 62 33.461 -118.03 361 120 110 110 2014 7 1 19 2 6 1 2
13 34 62 33.367 -117.87 362 122 110 110 2014 7 1 19 3 16 1 2
13 34 62 33.317 -117.77 359 122 110 110 2014 7 1 19 4 16 1 2
13 34 62 33.267 -117.67 358 122 110 110 2014 7 1 19 5 6 1 2
13 34 62 33.217 -117.57 356 122 110 110 2014 7 1 19 6 6 1 2
13 34 62 33.133 -117.5 339 134 102 110 2014 7 1 19 7 6 1 9
13 34 62 33.067 -117.45 284 145 89 110 2014 7 1 19 8 6 1 9
13 34 62 33 -117.4 286 146 75 110 2014 7 1 19 9 6 1 9
13 34 62 32.933 -117.35 286 146 70 110 2014 7 1 19 10 6 1 9
13 34 62 32.883 -117.27 283 134 70 110 2014 7 1 19 11 6 1 9
13 34 62 32.85 -117.22 223 130 70 110 2014 7 1 19 12 16 1 9
13 34 62 32.808 -117.17 230 127 61 110 2014 7 1 19 13 6 1 9
13 34 62 32.767 -117.1 244 132 57 110 2014 7 1 19 14 15 1 9
13 34 62 32.75 -117.02 216 99 50 110 2014 7 1 19 15 16 1 9
13 34 62 32.738 -116.96 209 104 50 110 2014 7 1 19 16 6 1 9
13 34 62 32.7 -116.97 208 201 40 110 2014 7 1 19 17 6 1 9
13 34 62 32.7 -117.03 177 270 28 110 2014 7 1 19 18 6 1 9
13 34 62 32.7 -117.08 153 287 20 110 2014 7 1 19 19 16 1 9
13 34 62 32.719 -117.13 143 281 11 110 2014 7 1 19 20 15 1 9
13 34 62 32.729 -117.18 137 300 2 110 2014 7 1 19 21 6 1 9
14 34 62 33.933 -118.47 186 0 24 110 2014 7 1 19 42 6 1 15
14 34 62 33.867 -118.5 261 259 40 110 2014 7 1 19 43 16 1 15
14 34 62 33.8 -118.52 275 196 67 110 2014 7 1 19 44 6 1 15
14 34 62 33.733 -118.5 288 188 89 110 2014 7 1 19 45 6 1 2
14 34 62 33.667 -118.47 302 166 110 110 2014 7 1 19 46 6 1 2
14 34 62 33.6 -118.37 339 125 110 110 2014 7 1 19 47 7 1 2
14 34 62 33.55 -118.27 349 121 110 110 2014 7 1 19 48 15 1 2
14 34 62 33.517 -118.18 352 122 110 110 2014 7 1 19 49 16 1 2
14 34 62 33.467 -118.08 351 120 110 110 2014 7 1 19 50 6 1 2
14 34 62 33.421 -118 349 122 110 110 2014 7 1 19 51 6 1 2
14 34 62 33.35 -117.87 343 116 110 110 2014 7 1 19 52 6 1 2
14 34 62 33.3 -117.77 338 121 110 110 2014 7 1 19 53 6 1 2
14 34 62 33.267 -117.67 325 120 110 110 2014 7 1 19 54 16 1 2
14 34 62 33.217 -117.58 323 121 110 110 2014 7 1 19 55 6 1 2
14 34 62 33.159 -117.53 303 137 107 110 2014 7 1 19 56 6 1 9
14 34 62 33.083 -117.47 270 148 91 110 2014 7 1 19 57 6 1 9
14 34 62 33.017 -117.42 276 145 75 110 2014 7 1 19 58 15 1 9
14 34 62 32.957 -117.37 274 144 70 110 2014 7 1 19 59 6 1 9
14 34 62 32.909 -117.3 274 126 70 110 2014 7 1 20 0 6 1 9
14 34 62 32.869 -117.22 274 125 70 110 2014 7 1 20 1 6 1 9
14 34 62 32.826 -117.14 266 120 70 110 2014 7 1 20 2 16 1 9
14 34 62 32.794 -117.07 233 120 70 110 2014 7 1 20 3 15 1 9
14 34 62 32.764 -117.01 230 120 68 110 2014 7 1 20 4 16 1 9
14 34 62 32.735 -116.95 235 106 55 110 2014 7 1 20 5 16 1 9
14 34 62 32.701 -117 222 211 43 110 2014 7 1 20 6 6 1 9
14 34 62 32.705 -117.07 200 268 21 110 2014 7 1 20 7 6 1 9
14 34 62 32.718 -117.12 152 291 10 110 2014 7 1 20 8 6 1 9
14 34 62 32.717 -117.15 129 287 6 110 2014 7 1 20 9 6 1 9
14 34 62 32.734 -117.2 128 283 2 110 2014 7 1 20 10 6 1 9
15 34 62 33.9 -118.47 202 0 25 90 2014 7 1 20 50 15 1 15
15 34 62 33.9 -118.47 202 0 25 90 2014 7 1 20 51 6 1 15
15 34 62 33.85 -118.48 197 215 43 90 2014 7 1 20 52 6 1 15
15 34 62 33.759 -118.45 212 180 71 90 2014 7 1 20 53 16 1 15
15 34 62 33.75 -118.43 221 143 70 90 2014 7 1 20 54 6 1 15
15 34 62 33.717 -118.38 239 131 71 90 2014 7 1 20 55 6 1 15
15 34 62 33.667 -118.32 237 123 73 90 2014 7 1 20 56 6 1 2
15 34 62 33.64 -118.25 238 113 84 90 2014 7 1 20 57 6 1 2
15 34 62 33.617 -118.18 221 128 90 90 2014 7 1 20 58 15 1 2
15 34 62 33.583 -118.13 239 120 90 90 2014 7 1 20 59 6 1 2
15 34 62 33.533 -118.07 242 125 90 90 2014 7 1 21 0 6 1 2
15 34 62 33.494 -117.98 238 129 91 90 2014 7 1 21 1 6 1 2
15 34 62 33.453 -117.92 239 125 91 90 2014 7 1 21 2 6 1 2
15 34 62 33.411 -117.85 239 128 91 90 2014 7 1 21 3 6 1 2
15 34 62 33.369 -117.79 240 120 91 90 2014 7 1 21 4 6 1 2
15 34 62 33.328 -117.73 240 131 91 90 2014 7 1 21 5 6 1 2
15 34 62 33.28 -117.65 240 120 91 90 2014 7 1 21 6 6 1 2
15 34 62 33.241 -117.59 240 140 91 90 2014 7 1 21 7 6 1 2
15 34 62 33.201 -117.52 240 115 89 90 2014 7 1 21 8 6 1 2
15 34 62 33.145 -117.48 238 150 74 90 2014 7 1 21 9 6 1 9
15 34 62 33.088 -117.44 236 150 70 90 2014 7 1 21 10 15 1 9
15 34 62 33.034 -117.41 230 147 71 90 2014 7 1 21 11 6 1 9
15 34 62 32.973 -117.36 223 150 71 90 2014 7 1 21 12 16 1 9
15 34 62 32.95 -117.35 223 148 71 90 2014 7 1 21 13 6 1 9
15 34 62 32.856 -117.31 222 157 71 90 2014 7 1 21 14 16 1 9
15 34 62 32.827 -117.25 227 164 63 90 2014 7 1 21 15 16 1 9
15 34 62 32.817 -117.22 229 119 54 90 2014 7 1 21 16 6 1 9
15 34 62 32.8 -117.15 219 104 49 90 2014 7 1 21 17 6 1 9
15 34 62 32.768 -117.04 216 106 51 90 2014 7 1 21 18 6 1 9
15 34 62 32.767 -117.02 211 113 49 90 2014 7 1 21 19 16 1 9
15 34 62 32.7 -117.03 198 146 38 90 2014 7 1 21 20 16 1 9
15 34 62 32.695 -117.04 199 248 40 90 2014 7 1 21 21 6 1 9
15 34 62 32.718 -117.13 144 270 13 90 2014 7 1 21 22 16 1 9
15 34 62 32.733 -117.17 128 285 4 90 2014 7 1 21 23 15 1 9
15 34 62 32.729 -117.18 139 300 2 90 2014 7 1 21 24 21 1 9
17 34 62 33.917 -118.48 227 0 35 110 2014 7 1 22 29 6 1 15
17 34 62 33.85 -118.52 271 247 49 110 2014 7 1 22 30 6 1 15
17 34 62 33.783 -118.52 288 198 78 110 2014 7 1 22 31 6 1 15
17 34 62 33.7 -118.5 298 169 103 110 2014 7 1 22 32 15 1 2
17 34 62 33.633 -118.45 302 168 110 110 2014 7 1 22 33 16 1 2
17 34 62 33.6 -118.33 335 116 110 110 2014 7 1 22 34 16 1 2
17 34 62 33.567 -118.22 361 107 110 110 2014 7 1 22 35 17 1 2
17 34 62 33.533 -118.1 357 108 110 110 2014 7 1 22 36 13 1 2
17 34 62 33.483 -118.02 364 112 110 110 2014 7 1 22 37 16 1 2
17 34 62 33.4 -117.93 378 139 110 110 2014 7 1 22 38 6 1 2
17 34 62 33.333 -117.83 365 132 110 110 2014 7 1 22 39 6 1 2
17 34 62 33.283 -117.73 356 119 110 110 2014 7 1 22 40 16 1 2
17 34 62 33.233 -117.63 363 119 110 110 2014 7 1 22 41 6 1 2
17 34 62 33.183 -117.53 366 120 109 110 2014 7 1 22 42 6 1 2
17 34 62 33.117 -117.47 293 137 102 110 2014 7 1 22 43 6 1 9
17 34 62 33.05 -117.42 272 147 85 110 2014 7 1 22 44 6 1 9
17 34 62 32.983 -117.37 276 148 70 110 2014 7 1 22 45 6 1 9
17 34 62 32.917 -117.32 282 143 70 110 2014 7 1 22 46 6 1 9
17 34 62 32.867 -117.23 276 129 67 110 2014 7 1 22 47 16 1 9
17 34 62 32.841 -117.18 280 121 57 110 2014 7 1 22 48 6 1 9
17 34 62 32.797 -117.09 274 120 50 110 2014 7 1 22 49 6 1 9
17 34 62 32.766 -117.03 234 120 50 110 2014 7 1 22 50 6 1 9
17 34 62 32.733 -116.98 196 120 48 110 2014 7 1 22 51 6 1 9
17 34 62 32.688 -116.96 197 171 37 110 2014 7 1 22 52 6 1 9
17 34 62 32.683 -117.02 177 160 30 110 2014 7 1 22 53 6 1 9
17 34 62 32.706 -117.08 172 291 21 110 2014 7 1 22 54 16 1 9
17 34 62 32.717 -117.12 140 291 14 110 2014 7 1 22 55 16 1 9
17 34 62 32.733 -117.17 130 285 5 110 2014 7 1 22 56 6 1 9
18 34 62 33.917 -118.48 212 0 28 110 2014 7 2 21 27 15 1 15
18 34 62 33.837 -118.53 256 228 59 110 2014 7 2 21 28 6 1 15
18 34 62 33.788 -118.47 256 134 59 110 2014 7 2 21 29 6 1 15
18 34 62 33.7 -118.52 294 173 98 110 2014 7 2 21 30 6 1 2
18 34 62 33.65 -118.43 326 168 111 110 2014 7 2 21 31 6 1 2
18 34 62 33.583 -118.32 379 123 110 110 2014 7 2 21 32 6 1 2
18 34 62 33.533 -118.2 391 120 110 110 2014 7 2 21 33 6 1 2
18 34 62 33.467 -118.1 393 121 110 110 2014 7 2 21 34 6 1 2
18 34 62 33.417 -117.98 386 121 110 110 2014 7 2 21 35 6 1 2
18 34 62 33.367 -117.88 379 121 110 110 2014 7 2 21 36 6 1 2
18 34 62 33.317 -117.77 377 120 110 110 2014 7 2 21 37 6 1 2
18 34 62 33.267 -117.67 377 121 110 110 2014 7 2 21 38 16 1 2
18 34 62 33.217 -117.57 323 120 110 110 2014 7 2 21 39 15 1 2
18 34 62 33.198 -117.52 321 120 110 110 2014 7 2 21 40 6 1 2
18 34 62 33.181 -117.42 304 101 110 110 2014 7 2 21 41 6 1 2
18 34 62 33.067 -117.37 294 153 110 110 2014 7 2 21 42 6 1 9
18 34 62 33.029 -117.34 299 161 105 110 2014 7 2 21 43 6 1 9
18 34 62 32.917 -117.28 276 158 79 110 2014 7 2 21 44 6 1 9
18 34 62 32.867 -117.23 274 141 65 110 2014 7 2 21 45 6 1 9
18 34 62 32.817 -117.17 260 129 60 110 2014 7 2 21 46 6 1 9
18 34 62 32.783 -117.1 223 131 60 110 2014 7 2 21 47 6 1 9
18 34 62 32.767 -117.03 228 110 59 110 2014 7 2 21 48 6 1 9
18 34 62 32.75 -116.97 229 106 53 110 2014 7 2 21 49 16 1 9
18 34 62 32.704 -116.94 223 149 47 110 2014 7 2 21 50 6 1 9
18 34 62 32.682 -116.99 224 224 39 110 2014 7 2 21 51 6 1 9
18 34 62 32.683 -117 220 248 39 110 2014 7 2 21 52 6 1 9
18 34 62 32.717 -117.12 156 291 17 110 2014 7 2 21 53 17 1 9
18 34 62 32.726 -117.16 145 286 5 110 2014 7 2 21 54 6 1 9
18 34 62 32.733 -117.15 139 286 6 110 2014 7 2 21 55 6 1 9
19 34 62 33.943 -118.41 122 0 1 90 2014 7 2 23 36 6 1 15
19 34 62 33.867 -118.47 194 233 37 90 2014 7 2 23 37 16 1 15
19 34 62 33.817 -118.47 197 212 53 90 2014 7 2 23 38 6 1 15
19 34 62 33.767 -118.47 196 185 70 90 2014 7 2 23 39 6 1 15
19 34 62 33.717 -118.43 205 177 85 90 2014 7 2 23 40 6 1 15
19 34 62 33.667 -118.38 230 141 90 90 2014 7 2 23 41 6 1 2
19 34 62 33.665 -118.38 219 140 90 90 2014 7 2 23 42 6 1 2
19 34 62 33.633 -118.32 240 117 90 90 2014 7 2 23 43 6 1 2
19 34 62 33.596 -118.22 237 124 91 90 2014 7 2 23 44 6 1 2
19 34 62 33.567 -118.18 244 117 90 90 2014 7 2 23 45 6 1 2
19 34 62 33.52 -118.09 240 127 91 90 2014 7 2 23 46 6 1 2
19 34 62 33.481 -118.02 241 120 91 90 2014 7 2 23 47 6 1 2
19 34 62 33.443 -117.96 242 131 91 90 2014 7 2 23 48 6 1 2
19 34 62 33.383 -117.83 244 123 90 90 2014 7 2 23 49 16 1 2
19 34 62 33.36 -117.81 242 120 91 90 2014 7 2 23 50 6 1 2
19 34 62 33.3 -117.72 247 124 90 90 2014 7 2 23 51 6 1 2
19 34 62 33.25 -117.67 242 135 90 90 2014 7 2 23 52 6 1 2
19 34 62 33.183 -117.62 243 145 90 90 2014 7 2 23 53 15 1 2
19 34 62 33.153 -117.58 242 147 86 90 2014 7 2 23 54 16 1 9
19 34 62 33.095 -117.52 257 140 77 90 2014 7 2 23 55 16 1 9
19 34 62 33.035 -117.47 270 131 71 90 2014 7 2 23 56 6 1 9
19 34 62 32.977 -117.41 267 147 71 90 2014 7 2 23 57 6 1 9
19 34 62 32.917 -117.33 245 139 70 90 2014 7 2 23 58 15 1 9
19 34 62 32.884 -117.3 247 120 71 90 2014 7 2 23 59 6 1 9
19 34 62 32.855 -117.21 246 120 71 90 2014 7 3 0 0 6 1 9
19 34 62 32.85 -117.18 246 110 69 90 2014 7 3 0 1 6 1 9
19 34 62 32.817 -117.12 265 112 60 90 2014 7 3 0 2 6 1 9
19 34 62 32.783 -117.03 234 121 60 90 2014 7 3 0 3 16 1 9
19 34 62 32.733 -116.98 238 122 51 90 2014 7 3 0 4 16 1 9
19 34 62 32.701 -117 228 198 47 90 2014 7 3 0 5 6 1 9
19 34 62 32.7 -117.08 196 277 26 90 2014 7 3 0 6 6 1 9
19 34 62 32.717 -117.13 135 285 14 90 2014 7 3 0 7 6 1 9
19 34 62 32.728 -117.17 129 295 4 90 2014 7 3 0 8 6 1 9
20 34 62 33.9 -118.45 181 0 31 90 2014 7 2 0 47 15 1 15
20 34 62 33.863 -118.41 181 137 31 90 2014 7 2 0 48 16 1 15
20 34 62 33.845 -118.46 190 207 50 90 2014 7 2 0 49 15 1 15
20 34 62 33.792 -118.46 190 180 65 90 2014 7 2 0 50 6 1 15
20 34 62 33.75 -118.42 203 144 79 90 2014 7 2 0 51 6 1 15
20 34 62 33.706 -118.38 199 146 90 90 2014 7 2 0 52 15 1 15
20 34 62 33.65 -118.32 253 134 90 90 2014 7 2 0 53 15 1 2
20 34 62 33.591 -118.26 248 137 90 90 2014 7 2 0 54 16 1 2
20 34 62 33.549 -118.2 252 131 90 90 2014 7 2 0 55 16 1 2
20 34 62 33.516 -118.12 250 120 90 90 2014 7 2 0 56 16 1 2
20 34 62 33.476 -118.06 250 120 90 90 2014 7 2 0 57 16 1 2
20 34 62 33.438 -117.99 250 120 90 90 2014 7 2 0 58 15 1 2
20 34 62 33.396 -117.91 249 131 90 90 2014 7 2 0 59 16 1 2
20 34 62 33.359 -117.84 247 120 90 90 2014 7 2 1 0 16 1 2
20 34 62 33.323 -117.77 246 120 90 90 2014 7 2 1 1 6 1 2
20 34 62 33.286 -117.7 245 120 90 90 2014 7 2 1 2 15 1 2
20 34 62 33.233 -117.65 240 131 90 90 2014 7 2 1 3 6 1 2
20 34 62 33.179 -117.61 240 140 90 90 2014 7 2 1 4 6 1 9
20 34 62 33.127 -117.56 240 140 90 90 2014 7 2 1 5 6 1 9
20 34 62 33.065 -117.49 240 140 90 90 2014 7 2 1 6 8 1 9
20 34 62 33.013 -117.44 240 147 90 90 2014 7 2 1 7 6 1 9
20 34 62 32.963 -117.39 240 140 88 90 2014 7 2 1 8 6 1 9
20 34 62 32.925 -117.33 240 128 72 90 2014 7 2 1 9 6 1 9
20 34 62 32.884 -117.26 242 131 70 90 2014 7 2 1 10 6 1 9
20 34 62 32.867 -117.23 230 126 69 90 2014 7 2 1 11 6 1 9
20 34 62 32.8 -117.12 245 126 50 90 2014 7 2 1 12 17 1 9
20 34 62 32.8 -117.12 245 126 50 90 2014 7 2 1 13 6 1 9
20 34 62 32.783 -117.03 225 103 50 90 2014 7 2 1 14 6 1 9
20 34 62 32.717 -116.95 206 103 44 90 2014 7 2 1 15 16 1 9
20 34 62 32.733 -116.95 212 164 47 90 2014 7 2 1 16 12 1 9
20 34 62 32.691 -117 206 231 30 90 2014 7 2 1 17 6 1 9
20 34 62 32.7 -117.07 159 290 24 90 2014 7 2 1 18 6 1 9
20 34 62 32.717 -117.15 134 300 8 90 2014 7 2 1 19 6 1 9
20 34 62 32.722 -117.15 136 277 7 90 2014 7 2 1 20 16 1 9
21 34 62 33.943 -118.41 122 0 1 90 2014 7 2 1 57 6 1 15
21 34 62 33.855 -118.47 200 228 39 90 2014 7 2 1 58 6 1 15
21 34 62 33.85 -118.47 199 209 39 90 2014 7 2 1 59 16 1 15
21 34 62 33.796 -118.47 211 179 41 90 2014 7 2 2 0 16 1 15
21 34 62 33.744 -118.44 213 150 56 90 2014 7 2 2 1 6 1 15
21 34 62 33.701 -118.4 209 140 68 90 2014 7 2 2 2 6 1 15
21 34 62 33.617 -118.28 217 139 89 90 2014 7 2 2 3 15 1 2
21 34 62 33.583 -118.2 242 118 90 90 2014 7 2 2 4 16 1 2
21 34 62 33.589 -118.21 223 115 90 90 2014 7 2 2 5 6 1 2
21 34 62 33.553 -118.14 236 128 90 90 2014 7 2 2 6 6 1 2
21 34 62 33.511 -118.08 243 120 90 90 2014 7 2 2 7 6 1 2
21 34 62 33.433 -117.95 244 124 90 90 2014 7 2 2 8 6 1 2
21 34 62 33.4 -117.88 240 124 90 90 2014 7 2 2 9 15 1 2
21 34 62 33.367 -117.82 242 124 90 90 2014 7 2 2 10 6 1 2
21 34 62 33.351 -117.8 243 120 90 90 2014 7 2 2 11 15 1 2
21 34 62 33.314 -117.73 243 125 90 90 2014 7 2 2 12 16 1 2
21 34 62 33.275 -117.66 243 128 90 90 2014 7 2 2 13 16 1 2
21 34 62 33.236 -117.6 243 120 90 90 2014 7 2 2 14 6 1 2
21 34 62 33.186 -117.55 239 131 90 90 2014 7 2 2 15 15 1 2
21 34 62 33.12 -117.49 239 150 90 90 2014 7 2 2 16 6 1 9
21 34 62 33.033 -117.42 242 145 88 90 2014 7 2 2 17 16 1 9
21 34 62 33.007 -117.4 240 140 85 90 2014 7 2 2 18 6 1 9
21 34 62 32.933 -117.3 261 143 71 90 2014 7 2 2 19 15 1 9
21 34 62 32.913 -117.28 263 120 70 90 2014 7 2 2 20 6 1 9
21 34 62 32.877 -117.21 259 120 69 90 2014 7 2 2 21 15 1 9
21 34 62 32.837 -117.13 251 131 70 90 2014 7 2 2 22 15 1 9
21 34 62 32.803 -117.06 248 115 70 90 2014 7 2 2 23 15 1 9
21 34 62 32.75 -117.01 237 139 57 90 2014 7 2 2 24 6 1 9
21 34 62 32.699 -117.02 217 150 42 90 2014 7 2 2 25 16 1 9
21 34 62 32.704 -117.08 185 248 22 90 2014 7 2 2 26 15 1 9
21 34 62 32.718 -117.12 152 291 13 90 2014 7 2 2 27 16 1 9
21 34 62 32.726 -117.17 131 270 4 90 2014 7 2 2 28 16 1 9
22 34 62 33.943 -118.41 144 0 1 110 2014 7 2 2 38 16 1 15
22 34 62 33.933 -118.47 200 0 25 110 2014 7 2 2 39 15 1 15
22 34 62 33.883 -118.53 260 259 40 110 2014 7 2 2 40 15 1 15
22 34 62 33.75 -118.53 283 200 76 110 2014 7 2 2 41 16 1 2
22 34 62 33.667 -118.53 298 172 97 110 2014 7 2 2 42 16 1 2
22 34 62 33.617 -118.45 318 170 110 110 2014 7 2 2 43 16 1 2
22 34 62 33.608 -118.45 322 125 110 110 2014 7 2 2 44 6 1 2
22 34 62 33.517 -118.25 363 118 110 110 2014 7 2 2 45 6 1 2
22 34 62 33.503 -118.22 360 120 110 110 2014 7 2 2 46 6 1 2
22 34 62 33.417 -118.03 361 118 110 110 2014 7 2 2 47 15 1 2
22 34 62 33.407 -118.01 360 120 110 110 2014 7 2 2 48 6 1 2
22 34 62 33.36 -117.91 359 117 110 110 2014 7 2 2 49 15 1 2
22 34 62 33.313 -117.81 358 120 110 110 2014 7 2 2 50 6 1 2
22 34 62 33.265 -117.7 355 120 110 110 2014 7 2 2 51 16 1 2
22 34 62 33.219 -117.6 355 120 110 110 2014 7 2 2 52 16 1 2
22 34 62 33.159 -117.48 341 111 110 110 2014 7 2 2 53 15 1 9
22 34 62 33.088 -117.44 299 146 95 110 2014 7 2 2 54 6 1 9
22 34 62 33.019 -117.39 288 147 78 110 2014 7 2 2 55 15 1 9
22 34 62 32.953 -117.34 280 147 70 110 2014 7 2 2 56 16 1 9
22 34 62 32.892 -117.28 280 147 70 110 2014 7 2 2 57 16 1 9
22 34 62 32.844 -117.22 272 131 66 110 2014 7 2 2 58 15 1 9
22 34 62 32.818 -117.13 241 106 59 110 2014 7 2 2 59 16 1 9
22 34 62 32.797 -117.06 224 120 59 110 2014 7 2 3 0 6 1 9
22 34 62 32.776 -117 212 106 59 110 2014 7 2 3 1 15 1 9
22 34 62 32.754 -116.94 212 106 57 110 2014 7 2 3 2 15 1 9
22 34 62 32.725 -116.88 213 106 49 110 2014 7 2 3 3 6 1 9
22 34 62 32.67 -116.91 211 168 41 110 2014 7 2 3 4 15 1 9
22 34 62 32.68 -116.97 184 248 36 110 2014 7 2 3 5 16 1 9
22 34 62 32.695 -117.03 183 291 27 110 2014 7 2 3 6 6 1 9
22 34 62 32.717 -117.1 172 285 17 110 2014 7 2 3 7 16 1 9
22 34 62 32.717 -117.15 125 285 7 110 2014 7 2 3 8 15 1 9
22 34 62 32.729 -117.18 131 270 3 110 2014 7 2 3 9 16 1 9
23 34 62 33.933 -118.47 194 0 29 110 2014 7 2 4 31 6 1 15
23 34 62 33.873 -118.54 250 240 57 110 2014 7 2 4 32 15 1 15
23 34 62 33.799 -118.56 268 189 79 110 2014 7 2 4 33 15 1 15
23 34 62 33.738 -118.51 294 164 99 110 2014 7 2 4 34 15 1 2
23 34 62 33.693 -118.43 296 120 110 110 2014 7 2 4 35 15 1 15
23 34 62 33.643 -118.34 338 125 110 110 2014 7 2 4 36 15 1 2
23 34 62 33.6 -118.25 349 123 110 110 2014 7 2 4 37 15 1 2
23 34 62 33.55 -118.15 352 122 110 110 2014 7 2 4 38 15 1 2
23 34 62 33.483 -118.07 346 123 110 110 2014 7 2 4 39 15 1 2
23 34 62 33.433 -117.95 343 123 110 110 2014 7 2 4 40 15 1 2
23 34 62 33.383 -117.87 341 123 110 110 2014 7 2 4 41 15 1 2
23 34 62 33.333 -117.77 344 123 110 110 2014 7 2 4 42 15 1 2
23 34 62 33.264 -117.65 345 125 110 110 2014 7 2 4 43 15 1 2
23 34 62 33.233 -117.58 344 123 110 110 2014 7 2 4 44 15 1 2
23 34 62 33.183 -117.5 312 123 104 110 2014 7 2 4 45 15 1 2
23 34 62 33.117 -117.42 289 124 86 110 2014 7 2 4 46 7 1 9
23 34 62 33.05 -117.37 282 139 70 110 2014 7 2 4 47 16 1 9
23 34 62 32.983 -117.33 281 154 70 110 2014 7 2 4 48 15 1 9
23 34 62 32.9 -117.3 282 155 70 110 2014 7 2 4 49 15 1 9
23 34 62 32.85 -117.23 280 154 70 110 2014 7 2 4 50 15 1 9
23 34 62 32.817 -117.15 249 120 61 110 2014 7 2 4 51 15 1 9
23 34 62 32.8 -117.08 241 116 50 110 2014 7 2 4 52 15 1 9
23 34 62 32.783 -117 239 106 50 110 2014 7 2 4 53 15 1 9
23 34 62 32.733 -116.97 246 109 48 110 2014 7 2 4 54 15 1 9
23 34 62 32.703 -116.97 233 150 40 110 2014 7 2 4 55 7 1 9
23 34 62 32.7 -117.07 178 261 29 110 2014 7 2 4 56 15 1 9
23 34 62 32.717 -117.12 163 286 15 110 2014 7 2 4 57 15 1 9
23 34 62 32.733 -117.15 126 287 7 110 2014 7 2 4 58 15 1 9
23 34 62 32.73 -117.18 131 300 1 110 2014 7 2 4 59 16 1 9
28 34 62 33.933 -118.45 158 0 20 90 2014 7 2 16 20 9 1 15
28 34 62 33.883 -118.47 184 255 35 90 2014 7 2 16 21 6 1 15
28 34 62 33.833 -118.47 175 194 51 90 2014 7 2 16 22 16 1 15
28 34 62 33.783 -118.47 177 179 67 90 2014 7 2 16 23 16 1 15
28 34 62 33.75 -118.43 195 142 77 90 2014 7 2 16 24 6 1 15
28 34 62 33.73 -118.38 194 117 87 90 2014 7 2 16 25 16 1 15
28 34 62 33.7 -118.32 223 121 90 90 2014 7 2 16 26 6 1 2
28 34 62 33.663 -118.24 238 120 90 90 2014 7 2 16 27 6 1 2
28 34 62 33.622 -118.18 234 120 90 90 2014 7 2 16 28 6 1 2
28 34 62 33.578 -118.12 238 140 90 90 2014 7 2 16 29 6 1 2
28 34 62 33.546 -118.05 237 120 90 90 2014 7 2 16 30 6 1 2
28 34 62 33.504 -117.97 237 120 90 90 2014 7 2 16 31 6 1 2
28 34 62 33.462 -117.91 236 120 90 90 2014 7 2 16 32 6 1 2
28 34 62 33.421 -117.85 236 131 90 90 2014 7 2 16 33 6 1 2
28 34 62 33.381 -117.79 235 131 90 90 2014 7 2 16 34 6 1 2
28 34 62 33.341 -117.73 234 120 90 90 2014 7 2 16 35 16 1 2
28 34 62 33.298 -117.67 234 140 90 90 2014 7 2 16 36 6 1 2
28 34 62 33.234 -117.62 233 140 88 90 2014 7 2 16 37 6 1 2
28 34 62 33.177 -117.57 247 147 80 90 2014 7 2 16 38 6 1 9
28 34 62 33.117 -117.52 260 131 72 90 2014 7 2 16 39 6 1 9
28 34 62 33.059 -117.46 262 147 70 90 2014 7 2 16 40 16 1 9
28 34 62 33.033 -117.43 247 143 70 90 2014 7 2 16 41 6 1 9
28 34 62 32.949 -117.35 242 140 70 90 2014 7 2 16 42 6 1 9
28 34 62 32.933 -117.33 236 132 70 90 2014 7 2 16 43 6 1 9
28 34 62 32.9 -117.27 233 127 70 90 2014 7 2 16 44 6 1 9
28 34 62 32.85 -117.2 257 128 63 90 2014 7 2 16 45 6 1 9
28 34 62 32.833 -117.13 270 122 55 90 2014 7 2 16 46 6 1 9
28 34 62 32.806 -117.07 264 109 50 90 2014 7 2 16 47 6 1 9
28 34 62 32.731 -116.95 213 118 50 90 2014 7 2 16 48 16 1 9
28 34 62 32.717 -116.95 197 138 50 90 2014 7 2 16 49 6 1 9
28 34 62 32.684 -116.96 191 192 42 90 2014 7 2 16 50 6 1 9
28 34 62 32.692 -117.02 183 286 34 90 2014 7 2 16 51 6 1 9
28 34 62 32.706 -117.08 184 278 24 90 2014 7 2 16 52 6 1 9
28 34 62 32.717 -117.13 131 286 13 90 2014 7 2 16 53 6 1 9
29 34 62 33.943 -118.41 153 0 1 110 2014 7 2 17 0 6 1 15
29 34 62 33.917 -118.48 254 0 35 110 2014 7 2 17 1 6 1 15
29 34 62 33.868 -118.55 270 237 64 110 2014 7 2 17 2 6 1 15
29 34 62 33.778 -118.54 277 180 93 110 2014 7 2 17 3 6 1 15
29 34 62 33.719 -118.47 304 132 110 110 2014 7 2 17 4 6 1 15
29 34 62 33.662 -118.39 330 133 110 110 2014 7 2 17 5 6 1 2
29 34 62 33.594 -118.28 341 125 110 110 2014 7 2 17 6 6 1 2
29 34 62 33.547 -118.18 341 120 110 110 2014 7 2 17 7 6 1 2
29 34 62 33.467 -118.03 336 122 110 110 2014 7 2 17 8 6 1 2
29 34 62 33.447 -118 337 125 110 110 2014 7 2 17 9 6 1 2
29 34 62 33.35 -117.83 360 123 110 110 2014 7 2 17 10 6 1 2
29 34 62 33.328 -117.78 359 128 110 110 2014 7 2 17 11 6 1 2
29 34 62 33.272 -117.68 362 120 110 110 2014 7 2 17 12 6 1 2
29 34 62 33.218 -117.58 359 120 110 110 2014 7 2 17 13 6 1 2
29 34 62 33.175 -117.51 290 125 101 110 2014 7 2 17 14 6 1 9
29 34 62 33.132 -117.43 286 125 85 110 2014 7 2 17 15 6 1 9
29 34 62 33.07 -117.37 283 131 71 110 2014 7 2 17 16 7 1 9
29 34 62 32.986 -117.33 276 147 70 110 2014 7 2 17 17 6 1 9
29 34 62 32.917 -117.28 216 157 70 110 2014 7 2 17 18 16 1 9
29 34 62 32.917 -117.28 216 157 70 110 2014 7 2 17 19 6 1 9
29 34 62 32.817 -117.18 235 131 63 110 2014 7 2 17 20 16 1 9
29 34 62 32.8 -117.13 220 114 53 110 2014 7 2 17 21 6 1 9
29 34 62 32.783 -117.05 214 115 50 110 2014 7 2 17 22 6 1 9
29 34 62 32.756 -117 218 103 50 110 2014 7 2 17 23 6 1 9
29 34 62 32.733 -116.94 212 120 42 110 2014 7 2 17 24 6 1 9
29 34 62 32.733 -116.93 202 113 41 110 2014 7 2 17 25 6 1 9
29 34 62 32.683 -116.95 196 189 40 110 2014 7 2 17 26 6 1 9
29 34 62 32.686 -117.01 192 267 31 110 2014 7 2 17 27 6 1 9
29 34 62 32.705 -117.07 181 291 21 110 2014 7 2 17 28 6 1 9
29 34 62 32.717 -117.12 138 289 15 110 2014 7 2 17 29 6 1 9
29 34 62 32.725 -117.16 139 303 5 110 2014 7 2 17 30 6 1 9
31 34 62 33.943 -118.41 122 0 1 90 2014 7 2 18 40 16 1 15
31 34 62 33.917 -118.45 189 0 19 90 2014 7 2 18 41 10 1 15
31 34 62 33.883 -118.48 200 179 33 90 2014 7 2 18 42 6 1 15
31 34 62 33.839 -118.49 192 195 46 90 2014 7 2 18 43 16 1 15
31 34 62 33.767 -118.47 200 184 65 90 2014 7 2 18 44 16 1 15
31 34 62 33.733 -118.43 202 140 78 90 2014 7 2 18 45 6 1 15
31 34 62 33.683 -118.38 204 138 89 90 2014 7 2 18 46 6 1 2
31 34 62 33.656 -118.33 224 131 90 90 2014 7 2 18 47 6 1 2
31 34 62 33.617 -118.25 239 113 90 90 2014 7 2 18 48 6 1 2
31 34 62 33.593 -118.2 236 119 90 90 2014 7 2 18 49 6 1 2
31 34 62 33.544 -118.12 236 128 90 90 2014 7 2 18 50 6 1 2
31 34 62 33.506 -118.06 236 120 90 90 2014 7 2 18 51 6 1 2
31 34 62 33.47 -117.99 236 120 90 90 2014 7 2 18 52 6 1 2
31 34 62 33.432 -117.93 236 131 90 90 2014 7 2 18 53 6 1 2
31 34 62 33.394 -117.86 236 120 90 90 2014 7 2 18 54 15 1 2
31 34 62 33.35 -117.78 236 120 90 90 2014 7 2 18 55 6 1 2
31 34 62 33.311 -117.72 236 140 90 90 2014 7 2 18 56 16 1 2
31 34 62 33.273 -117.65 237 115 90 90 2014 7 2 18 57 6 1 2
31 34 62 33.235 -117.59 236 120 90 90 2014 7 2 18 58 6 1 2
31 34 62 33.182 -117.55 233 150 90 90 2014 7 2 18 59 6 1 2
31 34 62 33.129 -117.5 233 140 90 90 2014 7 2 19 0 6 1 9
31 34 62 33.063 -117.45 234 147 90 90 2014 7 2 19 1 6 1 9
31 34 62 33.009 -117.41 234 140 90 90 2014 7 2 19 2 6 1 9
31 34 62 32.954 -117.36 234 150 90 90 2014 7 2 19 3 6 1 9
31 34 62 32.904 -117.31 234 147 86 90 2014 7 2 19 4 6 1 9
31 34 62 32.866 -117.25 233 128 75 90 2014 7 2 19 5 16 1 9
31 34 62 32.827 -117.2 228 120 70 90 2014 7 2 19 6 6 1 9
31 34 62 32.8 -117.17 212 129 70 90 2014 7 2 19 7 6 1 9
31 34 62 32.8 -117.1 204 118 70 90 2014 7 2 19 8 6 1 9
31 34 62 32.783 -117.03 204 96 70 90 2014 7 2 19 9 6 1 9
31 34 62 32.783 -116.97 218 98 61 90 2014 7 2 19 10 6 1 9
31 34 62 32.767 -116.9 206 99 60 90 2014 7 2 19 11 6 1 9
31 34 62 32.717 -116.9 216 145 50 90 2014 7 2 19 12 6 1 9
31 34 62 32.683 -116.95 219 227 39 90 2014 7 2 19 13 6 1 9
31 34 62 32.683 -117.02 192 268 31 90 2014 7 2 19 14 6 1 9
31 34 62 32.704 -117.06 187 281 24 90 2014 7 2 19 15 6 1 9
31 34 62 32.717 -117.12 135 300 15 90 2014 7 2 19 16 17 1 9
31 34 62 32.733 -117.17 126 283 5 90 2014 7 2 19 17 6 1 9
35 34 62 33.917 -118.48 239 0 24 110 2014 7 2 22 38 6 1 15
35 34 62 33.85 -118.55 267 247 54 110 2014 7 2 22 39 16 1 15
35 34 62 33.783 -118.55 267 216 71 110 2014 7 2 22 40 6 1 15
35 34 62 33.777 -118.54 264 180 73 110 2014 7 2 22 41 6 1 15
35 34 62 33.717 -118.52 297 157 95 110 2014 7 2 22 42 6 1 2
35 34 62 33.655 -118.41 305 121 111 110 2014 7 2 22 43 6 1 2
35 34 62 33.567 -118.25 321 121 111 110 2014 7 2 22 44 16 1 2
35 34 62 33.557 -118.22 328 125 110 110 2014 7 2 22 45 6 1 2
35 34 62 33.513 -118.14 309 120 111 110 2014 7 2 22 46 6 1 2
35 34 62 33.433 -117.98 316 122 111 110 2014 7 2 22 47 6 1 2
35 34 62 33.383 -117.88 311 122 111 110 2014 7 2 22 48 6 1 2
35 34 62 33.333 -117.8 300 121 111 110 2014 7 2 22 49 6 1 2
35 34 62 33.3 -117.72 305 122 111 110 2014 7 2 22 50 16 1 2
35 34 62 33.233 -117.65 306 122 111 110 2014 7 2 22 51 18 1 2
35 34 62 33.167 -117.58 303 143 111 110 2014 7 2 22 52 6 1 9
35 34 62 33.1 -117.52 303 142 111 110 2014 7 2 22 53 6 1 9
35 34 62 33.033 -117.47 284 136 94 110 2014 7 2 22 54 16 1 9
35 34 62 33.004 -117.44 288 142 87 110 2014 7 2 22 55 6 1 9
35 34 62 32.944 -117.37 287 139 77 110 2014 7 2 22 56 6 1 9
35 34 62 32.895 -117.3 284 128 64 110 2014 7 2 22 57 6 1 9
35 34 62 32.833 -117.2 256 130 50 110 2014 7 2 22 58 16 1 9
35 34 62 32.783 -117.15 254 130 50 110 2014 7 2 22 59 6 1 9
35 34 62 32.767 -117.07 224 109 50 110 2014 7 2 23 0 6 1 9
35 34 62 32.75 -117.02 197 109 49 110 2014 7 2 23 1 15 1 9
35 34 62 32.713 -117.04 185 111 36 110 2014 7 2 23 2 6 1 9
35 34 62 32.717 -117.1 144 267 18 110 2014 7 2 23 3 6 1 9
35 34 62 32.717 -117.15 127 285 7 110 2014 7 2 23 4 15 1 9
35 34 62 32.729 -117.18 129 270 2 110 2014 7 2 23 5 8 1 9
36 34 62 33.933 -118.43 145 0 17 90 2014 7 3 23 24 6 1 15
36 34 62 33.9 -118.47 192 246 29 90 2014 7 3 23 25 6 1 15
36 34 62 33.833 -118.47 188 228 46 90 2014 7 3 23 26 6 1 15
36 34 62 33.8 -118.47 188 181 61 90 2014 7 3 23 27 6 1 15
36 34 62 33.733 -118.47 197 186 78 90 2014 7 3 23 28 6 1 15
36 34 62 33.726 -118.45 191 180 84 90 2014 7 3 23 29 6 1 15
36 34 62 33.65 -118.37 229 136 90 90 2014 7 3 23 30 6 1 2
36 34 62 33.617 -118.3 241 134 90 90 2014 7 3 23 31 6 1 2
36 34 62 33.6 -118.23 236 108 90 90 2014 7 3 23 32 6 1 2
36 34 62 33.567 -118.17 238 119 90 90 2014 7 3 23 33 6 1 2
36 34 62 33.533 -118.1 241 117 90 90 2014 7 3 23 34 6 1 2
36 34 62 33.5 -118.03 237 119 90 90 2014 7 3 23 35 7 1 2
36 34 62 33.45 -117.97 238 127 90 90 2014 7 3 23 36 17 1 2
36 34 62 33.417 -117.9 240 125 90 90 2014 7 3 23 37 6 1 2
36 34 62 33.383 -117.83 239 125 90 90 2014 7 3 23 38 6 1 2
36 34 62 33.35 -117.78 239 124 90 90 2014 7 3 23 39 6 1 2
36 34 62 33.3 -117.7 237 125 90 90 2014 7 3 23 40 6 1 2
36 34 62 33.267 -117.65 238 124 90 90 2014 7 3 23 41 6 1 2
36 34 62 33.216 -117.61 240 141 91 90 2014 7 3 23 42 6 1 2
36 34 62 33.162 -117.56 240 147 91 90 2014 7 3 23 43 6 1 9
36 34 62 33.112 -117.52 235 150 91 90 2014 7 3 23 44 6 1 9
36 34 62 33.049 -117.46 235 140 90 90 2014 7 3 23 45 6 1 9
36 34 62 33.007 -117.4 245 120 80 90 2014 7 3 23 46 6 1 9
36 34 62 32.967 -117.35 269 128 72 90 2014 7 3 23 47 6 1 9
36 34 62 32.917 -117.26 264 125 71 90 2014 7 3 23 48 6 1 9
36 34 62 32.877 -117.19 248 120 71 90 2014 7 3 23 49 6 1 9
36 34 62 32.839 -117.13 232 128 71 90 2014 7 3 23 50 6 1 9
36 34 62 32.817 -117.08 221 126 70 90 2014 7 3 23 51 6 1 9
36 34 62 32.783 -117.02 245 126 61 90 2014 7 3 23 52 6 1 9
36 34 62 32.764 -116.91 237 103 61 90 2014 7 3 23 53 6 1 9
36 34 62 32.733 -116.88 229 98 61 90 2014 7 3 23 54 6 1 9
36 34 62 32.7 -116.93 222 169 57 90 2014 7 3 23 55 6 1 9
36 34 62 32.7 -117 234 243 45 90 2014 7 3 23 56 7 1 9
36 34 62 32.7 -117.07 199 277 32 90 2014 7 3 23 57 6 1 9
36 34 62 32.717 -117.12 150 286 18 90 2014 7 3 23 58 6 1 9
36 34 62 32.733 -117.17 142 286 5 90 2014 7 3 23 59 6 1 9
36 34 62 32.733 -117.2 148 284 2 90 2014 7 4 0 0 6 1 9
38 34 62 33.943 -118.41 148 0 1 110 2014 7 3 0 12 6 1 15
38 34 62 33.917 -118.48 211 0 26 110 2014 7 3 0 13 6 1 15
38 34 62 33.833 -118.54 269 233 59 110 2014 7 3 0 14 6 1 15
38 34 62 33.717 -118.52 287 172 92 110 2014 7 3 0 15 6 1 2
38 34 62 33.667 -118.45 321 154 102 110 2014 7 3 0 16 7 1 2
38 34 62 33.617 -118.35 365 122 110 110 2014 7 3 0 17 6 1 2
38 34 62 33.55 -118.23 397 121 109 110 2014 7 3 0 18 6 1 2
38 34 62 33.517 -118.12 393 115 109 110 2014 7 3 0 19 6 1 2
38 34 62 33.467 -118 389 108 110 110 2014 7 3 0 20 16 1 2
38 34 62 33.417 -117.9 383 125 110 110 2014 7 3 0 21 6 1 2
38 34 62 33.35 -117.78 383 125 110 110 2014 7 3 0 22 6 1 2
38 34 62 33.283 -117.68 380 124 110 110 2014 7 3 0 23 15 1 2
38 34 62 33.2 -117.62 377 141 110 110 2014 7 3 0 24 6 1 2
38 34 62 33.133 -117.53 327 143 102 110 2014 7 3 0 25 16 1 9
38 34 62 33.067 -117.48 280 142 88 110 2014 7 3 0 26 6 1 9
38 34 62 33 -117.43 279 147 71 110 2014 7 3 0 27 6 1 9
38 34 62 32.951 -117.38 279 131 71 110 2014 7 3 0 28 16 1 9
38 34 62 32.883 -117.3 281 140 70 110 2014 7 3 0 29 16 1 9
38 34 62 32.833 -117.25 256 131 70 110 2014 7 3 0 30 6 1 9
38 34 62 32.794 -117.17 250 121 70 110 2014 7 3 0 31 6 1 9
38 34 62 32.767 -117.1 266 121 54 110 2014 7 3 0 32 6 1 9
38 34 62 32.747 -117.02 247 103 41 110 2014 7 3 0 33 6 1 9
38 34 62 32.7 -117.03 205 189 32 110 2014 7 3 0 34 6 1 9
38 34 62 32.717 -117.1 173 281 21 110 2014 7 3 0 35 15 1 9
38 34 62 32.724 -117.15 153 275 8 110 2014 7 3 0 36 16 1 9
38 34 62 32.732 -117.2 146 279 3 110 2014 7 3 0 37 6 1 9
39 34 62 33.943 -118.41 122 0 1 90 2014 7 3 0 46 16 1 15
39 34 62 33.917 -118.45 184 0 22 90 2014 7 3 0 47 6 1 15
39 34 62 33.867 -118.47 182 233 39 90 2014 7 3 0 48 6 1 15
39 34 62 33.817 -118.47 187 190 56 90 2014 7 3 0 49 6 1 15
39 34 62 33.764 -118.47 191 177 72 90 2014 7 3 0 50 6 1 15
39 34 62 33.717 -118.42 201 141 88 90 2014 7 3 0 51 6 1 15
39 34 62 33.691 -118.37 217 129 90 90 2014 7 3 0 52 6 1 2
39 34 62 33.65 -118.28 248 119 90 90 2014 7 3 0 53 6 1 2
39 34 62 33.6 -118.22 246 123 90 90 2014 7 3 0 54 15 1 2
39 34 62 33.569 -118.15 245 131 90 90 2014 7 3 0 55 16 1 2
39 34 62 33.529 -118.08 245 122 90 90 2014 7 3 0 56 6 1 2
39 34 62 33.49 -118.02 245 131 90 90 2014 7 3 0 57 6 1 2
39 34 62 33.451 -117.95 245 120 90 90 2014 7 3 0 58 16 1 2
39 34 62 33.411 -117.88 245 120 90 90 2014 7 3 0 59 16 1 2
39 34 62 33.364 -117.8 245 131 90 90 2014 7 3 1 0 6 1 2
39 34 62 33.325 -117.74 245 120 91 90 2014 7 3 1 1 16 1 2
39 34 62 33.286 -117.67 245 120 91 90 2014 7 3 1 2 6 1 2
39 34 62 33.246 -117.6 245 131 91 90 2014 7 3 1 3 6 1 2
39 34 62 33.197 -117.52 245 120 91 90 2014 7 3 1 4 15 1 2
39 34 62 33.158 -117.46 246 131 91 90 2014 7 3 1 5 6 1 9
39 34 62 33.117 -117.42 248 125 90 90 2014 7 3 1 6 6 1 9
39 34 62 33.043 -117.37 247 137 89 90 2014 7 3 1 7 6 1 9
39 34 62 33 -117.35 259 157 82 90 2014 7 3 1 8 6 1 9
39 34 62 32.933 -117.32 275 154 70 90 2014 7 3 1 9 6 1 9
39 34 62 32.867 -117.28 257 155 70 90 2014 7 3 1 10 6 1 9
39 34 62 32.831 -117.16 243 103 70 90 2014 7 3 1 11 16 1 9
39 34 62 32.817 -117.12 250 104 70 90 2014 7 3 1 12 6 1 9
39 34 62 32.814 -117.08 242 108 70 90 2014 7 3 1 13 6 1 9
39 34 62 32.767 -116.98 241 113 59 90 2014 7 3 1 14 6 1 9
39 34 62 32.717 -116.97 211 138 51 90 2014 7 3 1 15 16 1 9
39 34 62 32.7 -117.02 180 204 38 90 2014 7 3 1 16 15 1 9
39 34 62 32.7 -117.07 180 275 23 90 2014 7 3 1 17 6 1 9
39 34 62 32.717 -117.12 148 286 13 90 2014 7 3 1 18 6 1 9
39 34 62 32.733 -117.17 127 284 5 90 2014 7 3 1 19 15 1 9
40 34 62 33.9 -118.47 209 0 25 110 2014 7 3 1 47 6 1 15
40 34 62 33.85 -118.48 250 228 45 110 2014 7 3 1 48 6 1 15
40 34 62 33.783 -118.52 275 200 70 110 2014 7 3 1 49 15 1 15
40 34 62 33.7 -118.52 299 200 94 110 2014 7 3 1 50 16 1 2
40 34 62 33.65 -118.42 318 146 110 110 2014 7 3 1 51 6 1 2
40 34 62 33.6 -118.32 383 122 110 110 2014 7 3 1 52 6 1 2
40 34 62 33.574 -118.27 364 120 110 110 2014 7 3 1 53 6 1 2
40 34 62 33.517 -118.16 378 121 110 110 2014 7 3 1 54 6 1 2
40 34 62 33.462 -118.05 380 126 110 110 2014 7 3 1 55 6 1 2
40 34 62 33.367 -117.88 394 121 110 110 2014 7 3 1 56 6 1 2
40 34 62 33.317 -117.77 386 121 110 110 2014 7 3 1 57 6 1 2
40 34 62 33.281 -117.7 389 117 110 110 2014 7 3 1 58 16 1 2
40 34 62 33.183 -117.58 384 127 110 110 2014 7 3 1 59 7 1 2
40 34 62 33.1 -117.5 384 143 110 110 2014 7 3 2 0 6 1 9
40 34 62 33.017 -117.43 322 143 103 110 2014 7 3 2 1 6 1 9
40 34 62 32.977 -117.4 320 147 95 110 2014 7 3 2 2 6 1 9
40 34 62 32.9 -117.32 262 137 73 110 2014 7 3 2 3 16 1 9
40 34 62 32.866 -117.27 238 138 66 110 2014 7 3 2 4 15 1 9
40 34 62 32.833 -117.2 232 125 50 110 2014 7 3 2 5 16 1 9
40 34 62 32.803 -117.14 227 118 49 110 2014 7 3 2 6 6 1 9
40 34 62 32.783 -117.07 201 111 50 110 2014 7 3 2 7 16 1 9
40 34 62 32.75 -117.03 205 128 41 110 2014 7 3 2 8 6 1 9
40 34 62 32.717 -117.07 182 217 24 110 2014 7 3 2 9 6 1 9
40 34 62 32.717 -117.12 142 281 12 110 2014 7 3 2 10 6 1 9
40 34 62 32.733 -117.17 127 283 6 110 2014 7 3 2 11 6 1 9
42 34 62 33.933 -118.43 151 0 16 110 2014 7 3 4 40 15 1 15
42 34 62 33.917 -118.48 219 246 29 110 2014 7 3 4 41 6 1 15
42 34 62 33.867 -118.52 244 226 48 110 2014 7 3 4 42 6 1 15
42 34 62 33.726 -118.5 266 180 89 110 2014 7 3 4 43 16 1 2
42 34 62 33.667 -118.43 293 142 108 110 2014 7 3 4 44 15 1 2
42 34 62 33.617 -118.35 322 121 111 110 2014 7 3 4 45 15 1 2
42 34 62 33.567 -118.25 320 121 111 110 2014 7 3 4 46 15 1 2
42 34 62 33.517 -118.17 320 120 111 110 2014 7 3 4 47 15 1 2
42 34 62 33.521 -118.16 317 125 110 110 2014 7 3 4 48 6 1 2
42 34 62 33.474 -118.07 319 115 110 110 2014 7 3 4 49 15 1 2
42 34 62 33.426 -117.98 325 124 110 110 2014 7 3 4 50 15 1 2
42 34 62 33.367 -117.88 332 119 111 110 2014 7 3 4 51 6 1 2
42 34 62 33.333 -117.78 333 121 110 110 2014 7 3 4 52 15 1 2
42 34 62 33.283 -117.7 331 122 111 110 2014 7 3 4 53 15 1 2
42 34 62 33.198 -117.61 330 140 110 110 2014 7 3 4 54 15 1 2
42 34 62 33.139 -117.52 330 125 110 110 2014 7 3 4 55 15 1 9
42 34 62 33.085 -117.43 331 128 110 110 2014 7 3 4 56 15 1 9
42 34 62 32.983 -117.28 299 128 93 110 2014 7 3 4 57 16 1 9
42 34 62 32.978 -117.27 316 125 90 110 2014 7 3 4 58 15 1 9
42 34 62 32.931 -117.19 299 125 73 110 2014 7 3 4 59 6 1 9
42 34 62 32.883 -117.12 266 126 58 110 2014 7 3 5 0 16 1 9
42 34 62 32.85 -117.05 259 127 50 110 2014 7 3 5 1 16 1 9
42 34 62 32.76 -117.02 268 152 49 110 2014 7 3 5 2 15 1 9
42 34 62 32.7 -117.01 235 168 36 110 2014 7 3 5 3 16 1 9
42 34 62 32.704 -117.07 190 253 21 110 2014 7 3 5 4 15 1 9
42 34 62 32.716 -117.12 157 300 13 110 2014 7 3 5 5 16 1 9
42 34 62 32.727 -117.16 142 270 4 110 2014 7 3 5 6 15 1 9
43 34 62 33.943 -118.41 122 0 1 90 2014 7 3 6 7 6 1 15
43 34 62 33.835 -118.45 194 200 52 90 2014 7 3 6 8 15 1 15
43 34 62 33.783 -118.45 225 182 60 90 2014 7 3 6 9 15 1 15
43 34 62 33.717 -118.42 252 181 68 90 2014 7 3 6 10 16 1 15
43 34 62 33.683 -118.37 260 153 75 90 2014 7 3 6 11 16 1 2
43 34 62 33.633 -118.3 260 134 84 90 2014 7 3 6 12 15 1 2
43 34 62 33.6 -118.22 267 122 90 90 2014 7 3 6 13 6 1 2
43 34 62 33.539 -118.12 273 120 90 90 2014 7 3 6 14 15 1 2
43 34 62 33.5 -118.07 283 124 90 90 2014 7 3 6 15 6 1 2
43 34 62 33.45 -117.97 282 120 90 90 2014 7 3 6 16 15 1 2
43 34 62 33.417 -117.92 277 124 90 90 2014 7 3 6 17 16 1 2
43 34 62 33.383 -117.83 277 124 90 90 2014 7 3 6 18 6 1 2
43 34 62 33.333 -117.77 280 124 90 90 2014 7 3 6 19 15 1 2
43 34 62 33.318 -117.74 281 131 90 90 2014 7 3 6 20 15 1 2
43 34 62 33.217 -117.65 277 137 90 90 2014 7 3 6 21 15 1 2
43 34 62 33.15 -117.58 279 142 90 90 2014 7 3 6 22 15 1 9
43 34 62 33.1 -117.53 276 141 90 90 2014 7 3 6 23 16 1 9
43 34 62 33.033 -117.47 273 140 90 90 2014 7 3 6 24 16 1 9
43 34 62 32.983 -117.42 282 140 85 90 2014 7 3 6 25 16 1 9
43 34 62 32.933 -117.33 296 134 69 90 2014 7 3 6 26 16 1 9
43 34 62 32.867 -117.27 278 131 53 90 2014 7 3 6 27 15 1 9
43 34 62 32.843 -117.23 286 139 50 90 2014 7 3 6 28 6 1 9
43 34 62 32.783 -117.13 223 125 49 90 2014 7 3 6 29 15 1 9
43 34 62 32.767 -117.08 199 121 33 90 2014 7 3 6 30 15 1 9
43 34 62 32.717 -117.1 163 142 18 90 2014 7 3 6 31 15 1 9
43 34 62 32.717 -117.13 145 236 9 90 2014 7 3 6 32 15 1 9
43 34 62 32.733 -117.18 134 281 3 90 2014 7 3 6 33 16 1 9
43 34 62 32.734 -117.2 132 291 3 90 2014 7 3 6 34 6 1 9
44 34 62 33.933 -118.47 215 0 25 110 2014 7 3 14 46 14 1 15
44 34 62 33.9 -118.52 240 259 51 110 2014 7 3 14 47 6 1 15
44 34 62 33.817 -118.53 267 220 69 110 2014 7 3 14 48 6 1 15
44 34 62 33.75 -118.53 289 180 89 110 2014 7 3 14 49 6 1 2
44 34 62 33.683 -118.45 298 166 110 110 2014 7 3 14 50 6 1 2
44 34 62 33.65 -118.37 305 125 129 110 2014 7 3 14 51 6 1 2
44 34 62 33.6 -118.28 334 121 130 110 2014 7 3 14 52 9 1 2
44 34 62 33.55 -118.2 343 122 130 110 2014 7 3 14 53 6 1 2
44 34 62 33.5 -118.1 341 122 130 110 2014 7 3 14 54 6 1 2
44 34 62 33.45 -118.02 342 122 130 110 2014 7 3 14 55 6 1 2
44 34 62 33.4 -117.92 338 122 130 110 2014 7 3 14 56 6 1 2
44 34 62 33.35 -117.82 329 122 130 110 2014 7 3 14 57 6 1 2
44 34 62 33.3 -117.73 324 122 130 110 2014 7 3 14 58 6 1 2
44 34 62 33.248 -117.67 324 138 130 110 2014 7 3 14 59 6 1 2
44 34 62 33.179 -117.61 316 140 130 110 2014 7 3 15 0 6 1 9
44 34 62 33.099 -117.53 315 140 124 110 2014 7 3 15 1 7 1 9
44 34 62 33.031 -117.47 313 140 113 110 2014 7 3 15 2 6 1 9
44 34 62 32.967 -117.4 296 141 99 110 2014 7 3 15 3 6 1 9
44 34 62 32.911 -117.33 294 129 86 110 2014 7 3 15 4 6 1 9
44 34 62 32.865 -117.26 280 131 75 110 2014 7 3 15 5 6 1 9
44 34 62 32.833 -117.22 245 127 70 110 2014 7 3 15 6 9 1 9
44 34 62 32.796 -117.12 242 115 69 110 2014 7 3 15 7 6 1 9
44 34 62 32.783 -117.05 243 111 66 110 2014 7 3 15 8 6 1 9
44 34 62 32.77 -116.96 239 106 53 110 2014 7 3 15 9 6 1 9
44 34 62 32.751 -116.89 242 89 49 110 2014 7 3 15 10 6 1 9
44 34 62 32.7 -116.9 235 108 46 110 2014 7 3 15 11 6 1 9
44 34 62 32.679 -116.98 222 253 39 110 2014 7 3 15 12 6 1 9
44 34 62 32.7 -117.03 194 256 30 110 2014 7 3 15 13 6 1 9
44 34 62 32.712 -117.1 165 270 18 110 2014 7 3 15 14 6 1 9
44 34 62 32.717 -117.13 153 285 12 110 2014 7 3 15 15 6 1 9
44 34 62 32.734 -117.19 152 300 3 110 2014 7 3 15 16 6 1 9
46 34 62 33.933 -118.45 203 0 23 110 2014 7 3 15 37 6 1 15
46 34 62 33.9 -118.52 267 255 61 110 2014 7 3 15 38 6 1 15
46 34 62 33.833 -118.53 287 221 101 110 2014 7 3 15 39 8 1 15
46 34 62 33.733 -118.52 359 173 110 110 2014 7 3 15 40 6 1 2
46 34 62 33.666 -118.48 381 155 110 110 2014 7 3 15 41 6 1 2
46 34 62 33.606 -118.38 382 117 110 110 2014 7 3 15 42 6 1 2
46 34 62 33.538 -118.25 382 128 110 110 2014 7 3 15 43 6 1 2
46 34 62 33.48 -118.15 382 120 110 110 2014 7 3 15 44 6 1 2
46 34 62 33.417 -118.03 384 124 110 110 2014 7 3 15 45 6 1 2
46 34 62 33.35 -117.92 381 123 110 110 2014 7 3 15 46 6 1 2
46 34 62 33.3 -117.82 380 123 110 110 2014 7 3 15 47 6 1 2
46 34 62 33.239 -117.7 382 120 110 110 2014 7 3 15 48 6 1 2
46 34 62 33.182 -117.6 382 122 110 110 2014 7 3 15 49 16 1 9
46 34 62 33.124 -117.49 382 125 110 110 2014 7 3 15 50 10 1 9
46 34 62 33.035 -117.42 380 140 110 110 2014 7 3 15 51 6 1 9
46 34 62 32.967 -117.37 292 149 105 110 2014 7 3 15 52 16 1 9
46 34 62 32.896 -117.31 295 138 91 110 2014 7 3 15 53 6 1 9
46 34 62 32.853 -117.22 279 120 75 110 2014 7 3 15 54 6 1 9
46 34 62 32.817 -117.13 278 117 59 110 2014 7 3 15 55 6 1 9
46 34 62 32.783 -117.07 240 120 50 110 2014 7 3 15 56 6 1 9
46 34 62 32.767 -116.98 231 118 50 110 2014 7 3 15 57 6 1 9
46 34 62 32.75 -116.92 230 100 50 110 2014 7 3 15 58 6 1 9
46 34 62 32.691 -116.93 198 180 44 110 2014 7 3 15 59 6 1 9
46 34 62 32.684 -116.99 189 187 36 110 2014 7 3 16 0 6 1 9
46 34 62 32.7 -117.03 193 260 28 110 2014 7 3 16 1 6 1 9
46 34 62 32.717 -117.1 182 285 18 110 2014 7 3 16 2 6 1 9
46 34 62 32.717 -117.15 136 287 7 110 2014 7 3 16 3 6 1 9
46 34 62 32.724 -117.15 153 270 6 110 2014 7 3 16 4 6 1 9
50 34 62 33.917 -118.48 209 0 53 110 2014 7 3 18 34 7 1 15
50 34 62 33.883 -118.52 219 247 76 110 2014 7 3 18 35 6 1 15
50 34 62 33.781 -118.52 269 189 108 110 2014 7 3 18 36 6 1 15
50 34 62 33.733 -118.52 305 180 110 110 2014 7 3 18 37 6 1 2
50 34 62 33.65 -118.43 348 167 110 110 2014 7 3 18 38 6 1 2
50 34 62 33.6 -118.33 348 124 110 110 2014 7 3 18 39 6 1 2
50 34 62 33.55 -118.23 350 122 110 110 2014 7 3 18 40 6 1 2
50 34 62 33.5 -118.13 350 121 110 110 2014 7 3 18 41 6 1 2
50 34 62 33.45 -118.05 346 121 110 110 2014 7 3 18 42 6 1 2
50 34 62 33.4 -117.95 347 121 110 110 2014 7 3 18 43 6 1 2
50 34 62 33.35 -117.83 346 121 110 110 2014 7 3 18 44 6 1 2
50 34 62 33.3 -117.75 344 120 110 110 2014 7 3 18 45 6 1 2
50 34 62 33.25 -117.65 343 121 110 110 2014 7 3 18 46 6 1 2
50 34 62 33.2 -117.55 345 121 110 110 2014 7 3 18 47 6 1 2
50 34 62 33.133 -117.47 345 124 110 110 2014 7 3 18 48 6 1 9
50 34 62 33.068 -117.43 342 133 110 110 2014 7 3 18 49 6 1 9
50 34 62 32.983 -117.37 286 150 98 110 2014 7 3 18 50 6 1 9
50 34 62 32.917 -117.3 277 145 76 110 2014 7 3 18 51 6 1 9
50 34 62 32.867 -117.23 260 129 70 110 2014 7 3 18 52 6 1 9
50 34 62 32.833 -117.17 264 122 53 110 2014 7 3 18 53 6 1 9
50 34 62 32.8 -117.1 203 124 50 110 2014 7 3 18 54 6 1 9
50 34 62 32.761 -117.06 193 135 37 110 2014 7 3 18 55 6 1 9
50 34 62 32.717 -117.1 160 143 23 110 2014 7 3 18 56 6 1 9
50 34 62 32.722 -117.14 157 270 9 110 2014 7 3 18 57 6 1 9
50 34 62 32.731 -117.18 135 270 3 110 2014 7 3 18 58 6 1 9
51 34 62 33.9 -118.47 189 0 26 90 2014 7 3 18 38 6 1 15
51 34 62 33.862 -118.42 189 137 26 90 2014 7 3 18 39 6 1 15
51 34 62 33.833 -118.48 189 214 52 90 2014 7 3 18 40 6 1 15
51 34 62 33.788 -118.47 190 180 65 90 2014 7 3 18 41 6 1 15
51 34 62 33.717 -118.4 189 138 88 90 2014 7 3 18 42 6 1 15
51 34 62 33.711 -118.39 184 140 89 90 2014 7 3 18 43 6 1 15
51 34 62 33.655 -118.34 209 128 90 90 2014 7 3 18 44 6 1 2
51 34 62 33.583 -118.25 226 135 90 90 2014 7 3 18 45 6 1 2
51 34 62 33.567 -118.18 221 122 90 90 2014 7 3 18 46 6 1 2
51 34 62 33.533 -118.12 220 121 90 90 2014 7 3 18 47 6 1 2
51 34 62 33.516 -118.1 224 120 90 90 2014 7 3 18 48 6 1 2
51 34 62 33.467 -118 217 119 90 90 2014 7 3 18 49 6 1 2
51 34 62 33.433 -117.93 217 120 90 90 2014 7 3 18 50 6 1 2
51 34 62 33.4 -117.88 215 124 90 90 2014 7 3 18 51 6 1 2
51 34 62 33.383 -117.84 219 128 90 90 2014 7 3 18 52 6 1 2
51 34 62 33.351 -117.78 215 120 90 90 2014 7 3 18 53 6 1 2
51 34 62 33.318 -117.72 215 128 90 90 2014 7 3 18 54 6 1 2
51 34 62 33.267 -117.65 212 123 90 90 2014 7 3 18 55 6 1 2
51 34 62 33.231 -117.61 213 128 90 90 2014 7 3 18 56 6 1 2
51 34 62 33.186 -117.57 213 140 89 90 2014 7 3 18 57 6 1 2
51 34 62 33.133 -117.53 192 144 79 90 2014 7 3 18 58 6 1 9
51 34 62 33.1 -117.48 188 143 70 90 2014 7 3 18 59 6 1 9
51 34 62 33.055 -117.46 193 141 70 90 2014 7 3 19 0 6 1 9
51 34 62 33 -117.42 197 155 69 90 2014 7 3 19 1 7 1 9
51 34 62 32.95 -117.37 194 143 70 90 2014 7 3 19 2 6 1 9
51 34 62 32.917 -117.33 198 145 70 90 2014 7 3 19 3 6 1 9
51 34 62 32.867 -117.3 201 144 69 90 2014 7 3 19 4 6 1 9
51 34 62 32.85 -117.25 195 143 61 90 2014 7 3 19 5 6 1 9
51 34 62 32.844 -117.24 201 111 61 90 2014 7 3 19 6 6 1 9
51 34 62 32.813 -117.17 192 120 50 90 2014 7 3 19 7 6 1 9
51 34 62 32.792 -117.11 197 111 50 90 2014 7 3 19 8 6 1 9
51 34 62 32.772 -117.05 202 106 50 90 2014 7 3 19 9 6 1 9
51 34 62 32.747 -117 202 120 49 90 2014 7 3 19 10 6 1 9
51 34 62 32.704 -116.99 195 157 41 90 2014 7 3 19 11 6 1 9
51 34 62 32.699 -117.04 183 248 33 90 2014 7 3 19 12 6 1 9
51 34 62 32.717 -117.13 144 284 12 90 2014 7 3 19 13 6 1 9
51 34 62 32.733 -117.17 94 286 109 90 2014 7 3 19 14 8 1 9
51 34 62 32.733 -117.19 139 300 1 90 2014 7 3 19 15 6 1 9
53 34 62 33.933 -118.45 172 0 18 90 2014 7 3 20 48 6 1 15
53 34 62 33.883 -118.47 190 255 33 90 2014 7 3 20 49 7 1 15
53 34 62 33.833 -118.48 189 195 48 90 2014 7 3 20 50 6 1 15
53 34 62 33.767 -118.47 233 174 50 90 2014 7 3 20 51 6 1 15
53 34 62 33.717 -118.43 229 164 61 90 2014 7 3 20 52 10 1 15
53 34 62 33.683 -118.37 226 136 71 90 2014 7 3 20 53 6 1 2
53 34 62 33.65 -118.3 226 121 82 90 2014 7 3 20 54 6 1 2
53 34 62 33.617 -118.23 231 121 90 90 2014 7 3 20 55 6 1 2
53 34 62 33.583 -118.17 246 120 90 90 2014 7 3 20 56 6 1 2
53 34 62 33.533 -118.1 246 121 90 90 2014 7 3 20 57 6 1 2
53 34 62 33.5 -118.03 240 120 90 90 2014 7 3 20 58 6 1 2
53 34 62 33.48 -117.97 242 115 90 90 2014 7 3 20 59 6 1 2
53 34 62 33.433 -117.9 241 130 90 90 2014 7 3 21 0 6 1 2
53 34 62 33.4 -117.85 240 127 90 90 2014 7 3 21 1 6 1 2
53 34 62 33.36 -117.78 241 134 90 90 2014 7 3 21 2 6 1 2
53 34 62 33.312 -117.7 241 120 90 90 2014 7 3 21 3 6 1 2
53 34 62 33.272 -117.64 242 120 90 90 2014 7 3 21 4 6 1 2
53 34 62 33.232 -117.57 242 131 90 90 2014 7 3 21 5 6 1 2
53 34 62 33.176 -117.53 241 140 90 90 2014 7 3 21 6 6 1 9
53 34 62 33.121 -117.49 240 150 90 90 2014 7 3 21 7 6 1 9
53 34 62 33.05 -117.43 252 147 75 90 2014 7 3 21 8 6 1 9
53 34 62 32.985 -117.38 270 147 70 90 2014 7 3 21 9 6 1 9
53 34 62 32.928 -117.34 255 139 70 90 2014 7 3 21 10 6 1 9
53 34 62 32.886 -117.28 243 139 70 90 2014 7 3 21 11 6 1 9
53 34 62 32.864 -117.2 245 120 62 90 2014 7 3 21 12 6 1 9
53 34 62 32.833 -117.15 234 108 60 90 2014 7 3 21 13 6 1 9
53 34 62 32.8 -117.12 194 128 60 90 2014 7 3 21 14 6 1 9
53 34 62 32.761 -117.03 219 128 50 90 2014 7 3 21 15 6 1 9
53 34 62 32.75 -117 214 104 50 90 2014 7 3 21 16 6 1 9
53 34 62 32.717 -116.97 221 113 36 90 2014 7 3 21 17 6 1 9
53 34 62 32.7 -117.03 204 215 24 90 2014 7 3 21 18 6 1 9
53 34 62 32.712 -117.1 141 270 17 90 2014 7 3 21 19 6 1 9
53 34 62 32.717 -117.13 135 287 12 90 2014 7 3 21 20 7 1 9
53 34 62 32.733 -117.17 122 285 4 90 2014 7 3 21 21 10 1 9
54 34 62 33.917 -118.47 195 0 22 110 2014 7 3 21 31 6 1 15
54 34 62 33.85 -118.5 267 190 39 110 2014 7 3 21 32 6 1 15
54 34 62 33.783 -118.53 268 200 49 110 2014 7 3 21 33 6 1 15
54 34 62 33.757 -118.55 269 202 57 110 2014 7 3 21 34 6 1 15
54 34 62 33.65 -118.5 284 180 90 110 2014 7 3 21 35 6 1 2
54 34 62 33.617 -118.42 293 122 109 110 2014 7 3 21 36 6 1 2
54 34 62 33.583 -118.32 340 118 110 110 2014 7 3 21 37 6 1 2
54 34 62 33.533 -118.22 363 119 110 110 2014 7 3 21 38 6 1 2
54 34 62 33.467 -118.12 371 120 110 110 2014 7 3 21 39 6 1 2
54 34 62 33.417 -118 373 120 110 110 2014 7 3 21 40 6 1 2
54 34 62 33.367 -117.9 378 120 110 110 2014 7 3 21 41 6 1 2
54 34 62 33.317 -117.78 376 120 110 110 2014 7 3 21 42 6 1 2
54 34 62 33.267 -117.68 375 120 110 110 2014 7 3 21 43 6 1 2
54 34 62 33.2 -117.6 362 131 110 110 2014 7 3 21 44 6 1 2
54 34 62 33.117 -117.53 349 142 110 110 2014 7 3 21 45 6 1 9
54 34 62 33.056 -117.48 351 145 110 110 2014 7 3 21 46 6 1 9
54 34 62 32.967 -117.4 321 137 106 110 2014 7 3 21 47 6 1 9
54 34 62 32.9 -117.32 278 140 93 110 2014 7 3 21 48 6 1 9
54 34 62 32.883 -117.25 236 117 86 110 2014 7 3 21 49 6 1 9
54 34 62 32.848 -117.19 240 114 73 110 2014 7 3 21 50 6 1 9
54 34 62 32.818 -117.12 238 120 59 110 2014 7 3 21 51 6 1 9
54 34 62 32.783 -117.05 234 117 50 110 2014 7 3 21 52 6 1 9
54 34 62 32.75 -116.98 246 117 50 110 2014 7 3 21 53 6 1 9
54 34 62 32.7 -116.99 208 195 46 110 2014 7 3 21 54 6 1 9
54 34 62 32.7 -117.05 183 186 30 110 2014 7 3 21 55 6 1 9
54 34 62 32.714 -117.11 159 271 17 110 2014 7 3 21 56 6 1 9
54 34 62 32.717 -117.15 140 294 8 110 2014 7 3 21 57 6 1 9
54 34 62 32.724 -117.15 145 274 6 110 2014 7 3 21 58 6 1 9
57 34 62 33.933 -118.45 175 0 18 90 2014 7 4 22 59 16 1 15
57 34 62 33.843 -118.49 194 226 44 90 2014 7 4 23 0 16 1 15
57 34 62 33.783 -118.47 223 180 54 90 2014 7 4 23 1 16 1 15
57 34 62 33.789 -118.48 204 159 52 90 2014 7 4 23 2 6 1 15
57 34 62 33.683 -118.38 208 143 89 90 2014 7 4 23 3 15 1 2
57 34 62 33.688 -118.39 207 140 90 90 2014 7 4 23 4 6 1 2
57 34 62 33.65 -118.33 242 135 90 90 2014 7 4 23 5 6 1 2
57 34 62 33.6 -118.27 244 121 90 90 2014 7 4 23 6 6 1 2
57 34 62 33.536 -118.13 240 120 91 90 2014 7 4 23 7 15 1 2
57 34 62 33.533 -118.13 244 122 90 90 2014 7 4 23 8 6 1 2
57 34 62 33.499 -118.07 240 122 90 90 2014 7 4 23 9 6 1 2
57 34 62 33.454 -117.99 240 120 90 90 2014 7 4 23 10 16 1 2
57 34 62 33.417 -117.92 241 131 90 90 2014 7 4 23 11 15 1 2
57 34 62 33.38 -117.85 241 120 90 90 2014 7 4 23 12 16 1 2
57 34 62 33.343 -117.79 241 115 90 90 2014 7 4 23 13 16 1 2
57 34 62 33.305 -117.72 241 128 90 90 2014 7 4 23 14 6 1 2
57 34 62 33.233 -117.6 245 124 90 90 2014 7 4 23 15 15 1 2
57 34 62 33.221 -117.6 242 120 90 90 2014 7 4 23 16 6 1 2
57 34 62 33.164 -117.55 242 150 90 90 2014 7 4 23 17 6 1 9
57 34 62 33.109 -117.5 243 140 90 90 2014 7 4 23 18 6 1 9
57 34 62 33.042 -117.45 244 150 90 90 2014 7 4 23 19 16 1 9
57 34 62 32.986 -117.4 245 147 90 90 2014 7 4 23 20 16 1 9
57 34 62 32.937 -117.34 248 139 87 90 2014 7 4 23 21 6 1 9
57 34 62 32.889 -117.28 253 131 84 90 2014 7 4 23 22 16 1 9
57 34 62 32.838 -117.22 259 131 73 90 2014 7 4 23 23 6 1 9
57 34 62 32.788 -117.15 263 131 60 90 2014 7 4 23 24 16 1 9
57 34 62 32.764 -117.08 232 120 51 90 2014 7 4 23 25 15 1 9
57 34 62 32.726 -117.05 201 111 45 90 2014 7 4 23 26 6 1 9
57 34 62 32.717 -117.13 145 250 14 90 2014 7 4 23 27 16 1 9
57 34 62 32.733 -117.17 133 286 3 90 2014 7 4 23 28 15 1 9
57 34 62 32.731 -117.18 132 300 90 90 2014 7 4 23 29 16 1 9
58 34 62 33.943 -118.41 148 0 1 110 2014 7 4 22 46 16 1 15
58 34 62 33.9 -118.5 241 255 30 110 2014 7 4 22 47 15 1 15
58 34 62 33.833 -118.53 264 240 43 110 2014 7 4 22 48 15 1 15
58 34 62 33.75 -118.52 273 199 67 110 2014 7 4 22 49 15 1 2
58 34 62 33.743 -118.5 269 170 73 110 2014 7 4 22 50 6 1 15
58 34 62 33.683 -118.45 279 132 96 110 2014 7 4 22 51 6 1 2
58 34 62 33.567 -118.3 353 143 110 110 2014 7 4 22 52 15 1 2
58 34 62 33.5 -118.2 360 125 110 110 2014 7 4 22 53 6 1 2
58 34 62 33.45 -118.1 364 124 110 110 2014 7 4 22 54 6 1 2
58 34 62 33.439 -118.08 355 120 110 110 2014 7 4 22 55 15 1 2
58 34 62 33.387 -117.98 362 120 110 110 2014 7 4 22 56 16 1 2
58 34 62 33.341 -117.87 362 117 110 110 2014 7 4 22 57 6 1 2
58 34 62 33.294 -117.77 359 120 110 110 2014 7 4 22 58 6 1 2
58 34 62 33.246 -117.66 359 120 110 110 2014 7 4 22 59 16 1 2
58 34 62 33.197 -117.56 358 111 111 110 2014 7 4 23 0 16 1 2
58 34 62 33.05 -117.45 355 146 110 110 2014 7 4 23 1 16 1 9
58 34 62 33.016 -117.42 360 146 110 110 2014 7 4 23 2 6 1 9
58 34 62 32.917 -117.3 289 139 96 110 2014 7 4 23 3 15 1 9
58 34 62 32.89 -117.28 296 131 94 110 2014 7 4 23 4 6 1 9
58 34 62 32.835 -117.21 293 139 84 110 2014 7 4 23 5 6 1 9
58 34 62 32.794 -117.13 272 131 72 110 2014 7 4 23 6 6 1 9
58 34 62 32.767 -117.02 241 108 57 110 2014 7 4 23 7 15 1 9
58 34 62 32.755 -116.97 248 106 52 110 2014 7 4 23 8 6 1 9
58 34 62 32.707 -116.93 239 115 45 110 2014 7 4 23 9 6 1 9
58 34 62 32.678 -116.98 227 195 39 110 2014 7 4 23 10 16 1 9
58 34 62 32.698 -117.04 200 270 32 110 2014 7 4 23 11 15 1 9
58 34 62 32.717 -117.13 173 285 15 110 2014 7 4 23 12 16 1 9
58 34 62 32.727 -117.16 146 286 5 110 2014 7 4 23 13 16 1 9
59 34 62 33.933 -118.43 151 0 14 110 2014 7 4 0 18 6 1 15
59 34 62 33.9 -118.48 222 246 27 110 2014 7 4 0 19 6 1 15
59 34 62 33.85 -118.52 249 193 50 110 2014 7 4 0 20 6 1 15
59 34 62 33.767 -118.53 271 204 63 110 2014 7 4 0 21 6 1 15
59 34 62 33.683 -118.52 285 181 86 110 2014 7 4 0 22 6 1 2
59 34 62 33.633 -118.47 296 167 107 110 2014 7 4 0 23 6 1 2
59 34 62 33.583 -118.37 322 122 110 110 2014 7 4 0 24 6 1 2
59 34 62 33.55 -118.28 342 119 110 110 2014 7 4 0 25 6 1 2
59 34 62 33.5 -118.18 351 119 110 110 2014 7 4 0 26 6 1 2
59 34 62 33.45 -118.08 348 119 109 110 2014 7 4 0 27 6 1 2
59 34 62 33.4 -117.98 341 119 110 110 2014 7 4 0 28 6 1 2
59 34 62 33.35 -117.88 340 119 109 110 2014 7 4 0 29 6 1 2
59 34 62 33.3 -117.78 335 119 110 110 2014 7 4 0 30 6 1 2
59 34 62 33.267 -117.68 331 119 110 110 2014 7 4 0 31 6 1 2
59 34 62 33.217 -117.58 330 119 110 110 2014 7 4 0 32 6 1 2
59 34 62 33.167 -117.48 328 119 109 110 2014 7 4 0 33 6 1 9
59 34 62 33.117 -117.4 326 120 110 110 2014 7 4 0 34 6 1 9
59 34 62 33.033 -117.37 292 140 107 110 2014 7 4 0 35 6 1 9
59 34 62 32.967 -117.33 271 158 94 110 2014 7 4 0 36 6 1 9
59 34 62 32.9 -117.28 271 154 82 110 2014 7 4 0 37 6 1 9
59 34 62 32.85 -117.22 276 136 67 110 2014 7 4 0 38 6 1 9
59 34 62 32.803 -117.16 269 128 54 110 2014 7 4 0 39 6 1 9
59 34 62 32.783 -117.08 227 107 49 110 2014 7 4 0 40 6 1 9
59 34 62 32.75 -117.02 231 108 48 110 2014 7 4 0 41 7 1 9
59 34 62 32.704 -117.03 218 195 37 110 2014 7 4 0 42 6 1 9
59 34 62 32.717 -117.1 186 197 23 110 2014 7 4 0 43 6 1 9
59 34 62 32.717 -117.15 145 276 10 110 2014 7 4 0 44 6 1 9
59 34 62 32.724 -117.17 134 287 1 110 2014 7 4 0 45 6 1 9
60 34 62 33.933 -118.45 158 0 21 90 2014 7 4 0 44 6 1 15
60 34 62 33.9 -118.48 175 255 36 90 2014 7 4 0 45 6 1 15
60 34 62 33.85 -118.48 192 204 49 90 2014 7 4 0 46 6 1 15
60 34 62 33.8 -118.48 198 173 64 90 2014 7 4 0 47 6 1 15
60 34 62 33.75 -118.45 200 164 80 90 2014 7 4 0 48 6 1 15
60 34 62 33.7 -118.4 217 142 90 90 2014 7 4 0 49 6 1 15
60 34 62 33.667 -118.33 247 124 90 90 2014 7 4 0 50 6 1 2
60 34 62 33.633 -118.27 246 124 90 90 2014 7 4 0 51 6 1 2
60 34 62 33.583 -118.2 245 123 90 90 2014 7 4 0 52 6 1 2
60 34 62 33.55 -118.13 248 124 90 90 2014 7 4 0 53 6 1 2
60 34 62 33.517 -118.07 246 124 90 90 2014 7 4 0 54 6 1 2
60 34 62 33.47 -117.99 245 128 91 90 2014 7 4 0 55 6 1 2
60 34 62 33.432 -117.93 246 127 91 90 2014 7 4 0 56 6 1 2
60 34 62 33.392 -117.86 246 123 91 90 2014 7 4 0 57 6 1 2
60 34 62 33.352 -117.79 246 131 91 90 2014 7 4 0 58 15 1 2
60 34 62 33.313 -117.72 247 120 91 90 2014 7 4 0 59 6 1 2
60 34 62 33.275 -117.66 247 115 91 90 2014 7 4 1 0 6 1 2
60 34 62 33.227 -117.58 247 131 91 90 2014 7 4 1 1 7 1 2
60 34 62 33.188 -117.51 247 120 91 90 2014 7 4 1 2 16 1 2
60 34 62 33.13 -117.47 245 150 91 90 2014 7 4 1 3 6 1 9
60 34 62 33.072 -117.43 243 147 91 90 2014 7 4 1 4 6 1 9
60 34 62 33.033 -117.4 238 148 90 90 2014 7 4 1 5 6 1 9
60 34 62 32.967 -117.35 261 149 78 90 2014 7 4 1 6 6 1 9
60 34 62 32.917 -117.3 261 147 70 90 2014 7 4 1 7 6 1 9
60 34 62 32.867 -117.23 240 130 70 90 2014 7 4 1 8 6 1 9
60 34 62 32.807 -117.14 242 120 62 90 2014 7 4 1 9 6 1 9
60 34 62 32.783 -117.12 238 131 60 90 2014 7 4 1 10 13 1 9
60 34 62 32.767 -117.03 234 121 60 90 2014 7 4 1 11 6 1 9
60 34 62 32.75 -116.95 241 99 60 90 2014 7 4 1 12 6 1 9
60 34 62 32.717 -116.88 250 103 55 90 2014 7 4 1 13 6 1 9
60 34 62 32.667 -116.92 222 158 49 90 2014 7 4 1 14 6 1 9
60 34 62 32.683 -116.98 240 268 39 90 2014 7 4 1 15 6 1 9
60 34 62 32.7 -117.05 169 285 34 90 2014 7 4 1 16 6 1 9
60 34 62 32.7 -117.08 142 287 24 90 2014 7 4 1 17 6 1 9
60 34 62 32.717 -117.13 138 286 11 90 2014 7 4 1 18 6 1 9
60 34 62 32.733 -117.17 129 286 5 90 2014 7 4 1 19 16 1 9
62 34 62 33.933 -118.45 204 0 25 110 2014 7 4 2 9 6 1 15
62 34 62 33.9 -118.53 252 255 46 110 2014 7 4 2 10 6 1 15
62 34 62 33.833 -118.57 283 229 72 110 2014 7 4 2 11 6 1 15
62 34 62 33.75 -118.57 283 184 99 110 2014 7 4 2 12 6 1 2
62 34 62 33.667 -118.55 326 179 110 110 2014 7 4 2 13 6 1 2
62 34 62 33.617 -118.45 373 135 110 110 2014 7 4 2 14 15 1 2
62 34 62 33.567 -118.33 391 118 110 110 2014 7 4 2 15 6 1 2
62 34 62 33.517 -118.22 379 119 110 110 2014 7 4 2 16 6 1 2
62 34 62 33.467 -118.1 384 119 110 110 2014 7 4 2 17 16 1 2
62 34 62 33.417 -118 386 119 110 110 2014 7 4 2 18 15 1 2
62 34 62 33.371 -117.91 382 121 110 110 2014 7 4 2 19 6 1 2
62 34 62 33.307 -117.78 385 117 111 110 2014 7 4 2 20 16 1 2
62 34 62 33.253 -117.67 388 120 111 110 2014 7 4 2 21 6 1 2
62 34 62 33.202 -117.56 387 117 111 110 2014 7 4 2 22 16 1 2
62 34 62 33.137 -117.49 326 140 110 110 2014 7 4 2 23 16 1 9
62 34 62 33.07 -117.44 290 147 96 110 2014 7 4 2 24 16 1 9
62 34 62 33.005 -117.39 280 147 80 110 2014 7 4 2 25 16 1 9
62 34 62 32.939 -117.34 280 150 71 110 2014 7 4 2 26 6 1 9
62 34 62 32.871 -117.27 271 139 71 110 2014 7 4 2 27 6 1 9
62 34 62 32.83 -117.21 245 128 59 110 2014 7 4 2 28 6 1 9
62 34 62 32.804 -117.14 246 120 50 110 2014 7 4 2 29 6 1 9
62 34 62 32.794 -117.07 221 103 50 110 2014 7 4 2 30 6 1 9
62 34 62 32.783 -117.03 185 99 50 110 2014 7 4 2 31 6 1 9
62 34 62 32.763 -116.96 197 106 50 110 2014 7 4 2 32 6 1 9
62 34 62 32.719 -116.93 202 139 46 110 2014 7 4 2 33 6 1 9
62 34 62 32.677 -116.96 192 195 40 110 2014 7 4 2 34 6 1 9
62 34 62 32.694 -117.03 191 270 30 110 2014 7 4 2 35 16 1 9
62 34 62 32.707 -117.08 179 286 17 110 2014 7 4 2 36 6 1 9
62 34 62 32.717 -117.1 145 286 13 110 2014 7 4 2 37 16 1 9
62 34 62 32.717 -117.15 133 286 8 110 2014 7 4 2 38 7 1 9
63 34 62 33.933 -118.43 165 0 16 110 2014 7 4 2 22 16 1 15
63 34 62 33.867 -118.55 263 231 48 110 2014 7 4 2 23 16 1 15
63 34 62 33.783 -118.55 270 172 64 110 2014 7 4 2 24 16 1 15
63 34 62 33.717 -118.52 249 177 97 110 2014 7 4 2 25 16 1 2
63 34 62 33.683 -118.45 264 159 110 110 2014 7 4 2 26 6 1 2
63 34 62 33.65 -118.37 330 122 110 110 2014 7 4 2 27 6 1 2
63 34 62 33.583 -118.27 349 122 110 110 2014 7 4 2 28 6 1 2
63 34 62 33.575 -118.24 342 128 110 110 2014 7 4 2 29 6 1 2
63 34 62 33.524 -118.14 346 120 110 110 2014 7 4 2 30 6 1 2
63 34 62 33.433 -117.97 352 122 110 110 2014 7 4 2 31 6 1 2
63 34 62 33.383 -117.88 349 122 110 110 2014 7 4 2 32 6 1 2
63 34 62 33.333 -117.78 348 122 110 110 2014 7 4 2 33 6 1 2
63 34 62 33.267 -117.68 352 122 110 110 2014 7 4 2 34 6 1 2
63 34 62 33.183 -117.62 349 135 111 110 2014 7 4 2 35 16 1 2
63 34 62 33.117 -117.53 348 141 111 110 2014 7 4 2 36 6 1 9
63 34 62 33.084 -117.51 350 133 111 110 2014 7 4 2 37 16 1 9
63 34 62 33.01 -117.44 343 146 105 110 2014 7 4 2 38 7 1 9
63 34 62 32.917 -117.35 287 141 84 110 2014 7 4 2 39 15 1 9
63 34 62 32.893 -117.32 282 139 78 110 2014 7 4 2 40 6 1 9
63 34 62 32.847 -117.25 274 125 70 110 2014 7 4 2 41 6 1 9
63 34 62 32.795 -117.18 242 139 55 110 2014 7 4 2 42 6 1 9
63 34 62 32.786 -117.11 216 106 50 110 2014 7 4 2 43 6 1 9
63 34 62 32.767 -117.02 198 102 51 110 2014 7 4 2 44 6 1 9
63 34 62 32.75 -116.95 200 102 50 110 2014 7 4 2 45 6 1 9
63 34 62 32.728 -116.94 203 106 43 110 2014 7 4 2 46 6 1 9
63 34 62 32.69 -116.98 188 180 39 110 2014 7 4 2 47 15 1 9
63 34 62 32.7 -117.07 189 276 23 110 2014 7 4 2 48 16 1 9
63 34 62 32.71 -117.1 186 291 18 110 2014 7 4 2 49 6 1 9
63 34 62 32.724 -117.15 149 291 7 110 2014 7 4 2 50 6 1 9
63 34 62 32.733 -117.19 141 291 2 110 2014 7 4 2 51 6 1 9
64 34 62 33.933 -118.45 173 0 19 110 2014 7 4 4 44 16 1 15
64 34 62 33.9 -118.52 244 255 34 110 2014 7 4 4 45 15 1 15
64 34 62 33.833 -118.53 277 227 58 110 2014 7 4 4 46 6 1 15
64 34 62 33.737 -118.52 282 180 95 110 2014 7 4 4 47 16 1 2
64 34 62 33.682 -118.42 311 132 110 110 2014 7 4 4 48 15 1 2
64 34 62 33.633 -118.32 342 120 110 110 2014 7 4 4 49 16 1 2
64 34 62 33.585 -118.22 343 117 111 110 2014 7 4 4 50 16 1 2
64 34 62 33.55 -118.17 346 120 111 110 2014 7 4 4 51 6 1 2
64 34 62 33.5 -118.07 348 121 111 110 2014 7 4 4 52 15 1 2
64 34 62 33.45 -117.97 344 121 111 110 2014 7 4 4 53 15 1 2
64 34 62 33.4 -117.87 346 121 111 110 2014 7 4 4 54 6 1 2
64 34 62 33.35 -117.78 345 122 111 110 2014 7 4 4 55 16 1 2
64 34 62 33.3 -117.68 344 125 110 110 2014 7 4 4 56 15 1 2
64 34 62 33.233 -117.6 341 126 110 110 2014 7 4 4 57 7 1 2
64 34 62 33.183 -117.52 310 127 107 110 2014 7 4 4 58 15 1 2
64 34 62 33.117 -117.47 283 149 93 110 2014 7 4 4 59 15 1 9
64 34 62 33.05 -117.42 277 147 76 110 2014 7 4 5 0 15 1 9
64 34 62 32.967 -117.37 285 148 70 110 2014 7 4 5 1 6 1 9
64 34 62 32.9 -117.32 281 147 66 110 2014 7 4 5 2 16 1 9
64 34 62 32.85 -117.25 279 134 50 110 2014 7 4 5 3 16 1 9
64 34 62 32.817 -117.18 250 132 50 110 2014 7 4 5 4 15 1 9
64 34 62 32.793 -117.12 243 117 50 110 2014 7 4 5 5 6 1 9
64 34 62 32.769 -117.05 238 103 50 110 2014 7 4 5 6 6 1 9
64 34 62 32.733 -116.97 226 116 41 110 2014 7 4 5 7 15 1 9
64 34 62 32.7 -116.97 209 158 31 110 2014 7 4 5 8 15 1 9
64 34 62 32.7 -117.03 189 259 25 110 2014 7 4 5 9 6 1 9
64 34 62 32.717 -117.08 169 286 19 110 2014 7 4 5 10 16 1 9
64 34 62 32.72 -117.13 155 283 10 110 2014 7 4 5 11 15 1 9
64 34 62 32.729 -117.17 140 291 2 110 2014 7 4 5 12 15 1 9
65 34 62 33.917 -118.47 193 0 24 90 2014 7 4 6 10 15 1 15
65 34 62 33.917 -118.47 193 0 24 90 2014 7 4 6 11 6 1 15
65 34 62 33.817 -118.48 193 191 55 90 2014 7 4 6 12 16 1 15
65 34 62 33.767 -118.47 187 180 71 90 2014 7 4 6 13 15 1 15
65 34 62 33.717 -118.43 194 162 84 90 2014 7 4 6 14 15 1 15
65 34 62 33.683 -118.38 208 139 91 90 2014 7 4 6 15 15 1 2
65 34 62 33.668 -118.38 201 128 91 90 2014 7 4 6 16 16 1 2
65 34 62 33.6 -118.27 233 136 91 90 2014 7 4 6 17 16 1 2
65 34 62 33.591 -118.26 230 120 91 90 2014 7 4 6 18 6 1 2
65 34 62 33.533 -118.13 235 111 91 90 2014 7 4 6 19 16 1 2
65 34 62 33.5 -118.07 233 129 91 90 2014 7 4 6 20 16 1 2
65 34 62 33.482 -118.05 232 120 91 90 2014 7 4 6 21 6 1 2
65 34 62 33.447 -117.98 232 131 91 90 2014 7 4 6 22 6 1 2
65 34 62 33.383 -117.87 231 123 91 90 2014 7 4 6 23 16 1 2
65 34 62 33.35 -117.8 228 123 91 90 2014 7 4 6 24 6 1 2
65 34 62 33.3 -117.75 226 124 91 90 2014 7 4 6 25 6 1 2
65 34 62 33.267 -117.72 224 138 90 90 2014 7 4 6 26 6 1 2
65 34 62 33.217 -117.67 227 142 90 90 2014 7 4 6 27 6 1 2
65 34 62 33.167 -117.62 227 139 90 90 2014 7 4 6 28 6 1 9
65 34 62 33.117 -117.57 237 140 85 90 2014 7 4 6 29 15 1 9
65 34 62 33.067 -117.52 258 139 75 90 2014 7 4 6 30 6 1 9
65 34 62 33.017 -117.45 269 138 64 90 2014 7 4 6 31 16 1 9
65 34 62 32.95 -117.4 254 140 54 90 2014 7 4 6 32 6 1 9
65 34 62 32.917 -117.33 235 138 50 90 2014 7 4 6 33 6 1 9
65 34 62 32.883 -117.27 223 116 50 90 2014 7 4 6 34 6 1 9
65 34 62 32.85 -117.2 222 119 50 90 2014 7 4 6 35 15 1 9
65 34 62 32.837 -117.17 225 120 50 90 2014 7 4 6 36 6 1 9
65 34 62 32.805 -117.1 220 111 50 90 2014 7 4 6 37 6 1 9
65 34 62 32.776 -117.04 220 118 50 90 2014 7 4 6 38 6 1 9
65 34 62 32.733 -116.98 228 127 45 90 2014 7 4 6 39 6 1 9
65 34 62 32.7 -117.03 228 207 29 90 2014 7 4 6 40 15 1 9
65 34 62 32.717 -117.08 161 281 20 90 2014 7 4 6 41 15 1 9
65 34 62 32.717 -117.13 130 284 11 90 2014 7 4 6 42 15 1 9
65 34 62 32.733 -117.17 121 288 4 90 2014 7 4 6 43 16 1 9
65 34 62 32.712 -117.18 137 300 1 90 2014 7 4 6 44 15 1 9
68 34 62 33.917 -118.45 170 0 23 90 2014 7 4 16 26 15 1 15
68 34 62 33.867 -118.45 178 233 40 90 2014 7 4 16 27 6 1 15
68 34 62 33.817 -118.47 182 187 56 90 2014 7 4 16 28 16 1 15
68 34 62 33.767 -118.48 188 190 70 90 2014 7 4 16 29 6 1 15
68 34 62 33.733 -118.45 193 189 82 90 2014 7 4 16 30 16 1 15
68 34 62 33.721 -118.44 189 140 85 90 2014 7 4 16 31 6 1 15
68 34 62 33.667 -118.33 238 124 91 90 2014 7 4 16 32 16 1 2
68 34 62 33.644 -118.3 237 128 90 90 2014 7 4 16 33 6 1 2
68 34 62 33.583 -118.2 241 123 90 90 2014 7 4 16 34 16 1 2
68 34 62 33.55 -118.13 241 124 90 90 2014 7 4 16 35 15 1 2
68 34 62 33.525 -118.09 239 120 90 90 2014 7 4 16 36 6 1 2
68 34 62 33.467 -117.98 237 124 90 90 2014 7 4 16 37 16 1 2
68 34 62 33.451 -117.96 239 125 90 90 2014 7 4 16 38 6 1 2
68 34 62 33.4 -117.87 236 125 90 90 2014 7 4 16 39 6 1 2
68 34 62 33.374 -117.83 238 120 90 90 2014 7 4 16 40 7 1 2
68 34 62 33.336 -117.77 238 131 90 90 2014 7 4 16 41 15 1 2
68 34 62 33.291 -117.69 238 120 90 90 2014 7 4 16 42 16 1 2
68 34 62 33.247 -117.63 239 120 90 90 2014 7 4 16 43 6 1 2
68 34 62 33.183 -117.57 242 141 90 90 2014 7 4 16 44 16 1 2
68 34 62 33.139 -117.53 240 140 90 90 2014 7 4 16 45 6 1 9
68 34 62 33.067 -117.47 239 145 90 90 2014 7 4 16 46 15 1 9
68 34 62 33.067 -117.47 239 145 90 90 2014 7 4 16 47 6 1 9
68 34 62 33.031 -117.44 240 138 90 90 2014 7 4 16 48 6 1 9
68 34 62 32.918 -117.32 248 145 80 90 2014 7 4 16 49 15 1 9
68 34 62 32.87 -117.26 257 132 70 90 2014 7 4 16 50 6 1 9
68 34 62 32.867 -117.25 233 132 70 90 2014 7 4 16 51 6 1 9
68 34 62 32.817 -117.2 220 134 56 90 2014 7 4 16 52 6 1 9
68 34 62 32.769 -117.1 191 128 50 90 2014 7 4 16 53 15 1 9
68 34 62 32.767 -117.08 189 110 50 90 2014 7 4 16 54 16 1 9
68 34 62 32.743 -117.06 195 141 47 90 2014 7 4 16 55 6 1 9
68 34 62 32.718 -117.1 156 239 25 90 2014 7 4 16 56 6 1 9
68 34 62 32.733 -117.2 145 267 3 90 2014 7 4 16 57 16 1 9
71 34 62 33.933 -118.48 221 0 34 110 2014 7 4 17 25 16 1 15
71 34 62 33.933 -118.48 221 0 34 110 2014 7 4 17 26 6 1 15
71 34 62 33.886 -118.56 259 250 63 110 2014 7 4 17 27 6 1 15
71 34 62 33.816 -118.59 274 202 90 110 2014 7 4 17 28 6 1 15
71 34 62 33.683 -118.53 314 176 111 110 2014 7 4 17 29 15 1 2
71 34 62 33.633 -118.43 342 138 111 110 2014 7 4 17 30 16 1 2
71 34 62 33.567 -118.33 363 126 111 110 2014 7 4 17 31 6 1 2
71 34 62 33.552 -118.31 353 128 110 110 2014 7 4 17 32 15 1 2
71 34 62 33.45 -118.12 382 126 111 110 2014 7 4 17 33 15 1 2
71 34 62 33.435 -118.1 382 117 111 110 2014 7 4 17 34 6 1 2
71 34 62 33.387 -117.99 383 120 110 110 2014 7 4 17 35 15 1 2
71 34 62 33.33 -117.86 374 117 110 110 2014 7 4 17 36 6 1 2
71 34 62 33.25 -117.68 369 118 111 110 2014 7 4 17 37 16 1 2
71 34 62 33.234 -117.64 366 114 110 110 2014 7 4 17 38 6 1 2
71 34 62 33.179 -117.54 370 115 111 110 2014 7 4 17 39 15 1 9
71 34 62 33.088 -117.47 379 134 111 110 2014 7 4 17 40 6 1 9
71 34 62 32.967 -117.37 371 145 109 110 2014 7 4 17 41 6 1 9
71 34 62 32.917 -117.28 297 130 104 110 2014 7 4 17 42 16 1 9
71 34 62 32.85 -117.22 288 131 85 110 2014 7 4 17 43 6 1 9
71 34 62 32.82 -117.16 281 139 73 110 2014 7 4 17 44 6 1 9
71 34 62 32.75 -117.07 258 125 52 110 2014 7 4 17 45 6 1 9
71 34 62 32.743 -117.02 253 132 42 110 2014 7 4 17 46 6 1 9
71 34 62 32.706 -116.97 221 114 39 110 2014 7 4 17 47 16 1 9
71 34 62 32.7 -116.98 233 134 36 110 2014 7 4 17 48 6 1 9
71 34 62 32.718 -117.12 209 270 14 110 2014 7 4 17 49 6 1 9
71 34 62 32.733 -117.17 140 286 6 110 2014 7 4 17 50 16 1 9
71 34 62 32.733 -117.17 140 286 6 110 2014 7 4 17 51 6 1 9
72 34 62 33.933 -118.43 179 0 16 90 2014 7 4 18 32 6 1 15
72 34 62 33.883 -118.45 176 246 32 90 2014 7 4 18 33 6 1 15
72 34 62 33.833 -118.47 183 198 49 90 2014 7 4 18 34 6 1 15
72 34 62 33.751 -118.47 189 195 73 90 2014 7 4 18 35 16 1 15
72 34 62 33.712 -118.41 191 150 87 90 2014 7 4 18 36 16 1 15
72 34 62 33.717 -118.4 202 127 88 90 2014 7 4 18 37 16 1 15
72 34 62 33.681 -118.35 203 115 90 90 2014 7 4 18 38 6 1 2
72 34 62 33.649 -118.29 207 128 90 90 2014 7 4 18 39 16 1 2
72 34 62 33.617 -118.23 209 132 90 90 2014 7 4 18 40 15 1 2
72 34 62 33.583 -118.18 209 118 90 90 2014 7 4 18 41 6 1 2
72 34 62 33.55 -118.12 215 131 90 90 2014 7 4 18 42 16 1 2
72 34 62 33.517 -118.05 218 125 90 90 2014 7 4 18 43 15 1 2
72 34 62 33.473 -117.99 211 125 90 90 2014 7 4 18 44 6 1 2
72 34 62 33.433 -117.93 215 125 90 90 2014 7 4 18 45 6 1 2
72 34 62 33.404 -117.88 213 123 90 90 2014 7 4 18 46 6 1 2
72 34 62 33.363 -117.81 213 128 90 90 2014 7 4 18 47 16 1 2
72 34 62 33.33 -117.75 213 128 90 90 2014 7 4 18 48 6 1 2
72 34 62 33.297 -117.69 212 120 90 90 2014 7 4 18 49 6 1 2
72 34 62 33.263 -117.64 212 128 90 90 2014 7 4 18 50 6 1 2
72 34 62 33.229 -117.58 211 120 90 90 2014 7 4 18 51 16 1 2
72 34 62 33.179 -117.54 211 150 90 90 2014 7 4 18 52 16 1 9
72 34 62 33.119 -117.5 211 150 90 90 2014 7 4 18 53 16 1 9
72 34 62 33.071 -117.46 212 140 91 90 2014 7 4 18 54 6 1 9
72 34 62 33.022 -117.42 212 150 90 90 2014 7 4 18 55 15 1 9
72 34 62 32.974 -117.38 212 140 87 90 2014 7 4 18 56 15 1 9
72 34 62 32.927 -117.34 209 150 78 90 2014 7 4 18 57 6 1 9
72 34 62 32.888 -117.29 207 128 69 90 2014 7 4 18 58 6 1 9
72 34 62 32.844 -117.23 201 128 59 90 2014 7 4 18 59 6 1 9
72 34 62 32.808 -117.19 199 139 51 90 2014 7 4 19 0 6 1 9
72 34 62 32.8 -117.17 194 131 50 90 2014 7 4 19 1 6 1 9
72 34 62 32.756 -117.08 194 128 47 90 2014 7 4 19 2 16 1 9
72 34 62 32.75 -117.05 199 108 44 90 2014 7 4 19 3 6 1 9
72 34 62 32.717 -117.02 189 114 37 90 2014 7 4 19 4 15 1 9
72 34 62 32.714 -117.11 188 253 21 90 2014 7 4 19 5 16 1 9
72 34 62 32.717 -117.13 165 285 14 90 2014 7 4 19 6 6 1 9
72 34 62 32.733 -117.17 132 283 5 90 2014 7 4 19 7 16 1 9
73 34 62 33.933 -118.45 185 0 18 110 2014 7 4 18 56 15 1 15
73 34 62 33.933 -118.45 185 0 18 110 2014 7 4 18 57 6 1 15
73 34 62 33.9 -118.52 247 255 33 110 2014 7 4 18 58 6 1 15
73 34 62 33.817 -118.55 267 219 61 110 2014 7 4 18 59 6 1 15
73 34 62 33.7 -118.5 288 174 97 110 2014 7 4 19 0 6 1 2
73 34 62 33.65 -118.42 314 135 105 110 2014 7 4 19 1 6 1 2
73 34 62 33.6 -118.32 352 122 111 110 2014 7 4 19 2 16 1 2
73 34 62 33.55 -118.2 377 121 111 110 2014 7 4 19 3 6 1 2
73 34 62 33.483 -118.1 382 121 111 110 2014 7 4 19 4 15 1 2
73 34 62 33.433 -118 380 121 111 110 2014 7 4 19 5 16 1 2
73 34 62 33.403 -117.93 381 120 111 110 2014 7 4 19 6 6 1 2
73 34 62 33.333 -117.78 382 122 111 110 2014 7 4 19 7 16 1 2
73 34 62 33.267 -117.68 382 122 111 110 2014 7 4 19 8 16 1 2
73 34 62 33.2 -117.57 370 121 111 110 2014 7 4 19 9 15 1 2
73 34 62 33.165 -117.53 377 124 110 110 2014 7 4 19 10 6 1 9
73 34 62 33.078 -117.46 373 140 110 110 2014 7 4 19 11 6 1 9
73 34 62 32.986 -117.39 331 146 102 110 2014 7 4 19 12 6 1 9
73 34 62 32.9 -117.32 280 146 84 110 2014 7 4 19 13 6 1 9
73 34 62 32.85 -117.25 256 132 70 110 2014 7 4 19 14 6 1 9
73 34 62 32.817 -117.2 258 131 53 110 2014 7 4 19 15 16 1 9
73 34 62 32.767 -117.13 256 132 50 110 2014 7 4 19 16 15 1 9
73 34 62 32.75 -117.05 228 106 50 110 2014 7 4 19 17 16 1 9
73 34 62 32.748 -116.99 230 103 48 110 2014 7 4 19 18 6 1 9
73 34 62 32.705 -116.97 201 89 41 110 2014 7 4 19 19 16 1 9
73 34 62 32.696 -117.03 187 180 33 110 2014 7 4 19 20 16 1 9
73 34 62 32.717 -117.08 155 270 23 110 2014 7 4 19 21 15 1 9
73 34 62 32.709 -117.09 176 296 23 110 2014 7 4 19 22 6 1 9
73 34 62 32.719 -117.14 154 270 12 110 2014 7 4 19 23 6 1 9
73 34 62 32.731 -117.17 142 284 5 110 2014 7 4 19 24 6 1 9
76 34 62 33.917 -118.45 157 0 24 90 2014 7 4 20 50 16 1 15
76 34 62 33.884 -118.41 157 137 24 90 2014 7 4 20 51 16 1 15
76 34 62 33.817 -118.48 199 196 49 90 2014 7 4 20 52 15 1 15
76 34 62 33.801 -118.48 195 195 52 90 2014 7 4 20 53 6 1 15
76 34 62 33.749 -118.45 204 164 65 90 2014 7 4 20 54 6 1 15
76 34 62 33.683 -118.37 217 136 88 90 2014 7 4 20 55 15 1 2
76 34 62 33.675 -118.35 215 128 90 90 2014 7 4 20 56 6 1 2
76 34 62 33.6 -118.23 244 125 90 90 2014 7 4 20 57 6 1 2
76 34 62 33.567 -118.17 243 127 90 90 2014 7 4 20 58 6 1 2
76 34 62 33.517 -118.1 238 126 90 90 2014 7 4 20 59 16 1 2
76 34 62 33.483 -118.03 238 125 90 90 2014 7 4 21 0 15 1 2
76 34 62 33.45 -117.97 236 123 90 90 2014 7 4 21 1 16 1 2
76 34 62 33.417 -117.9 235 123 90 90 2014 7 4 21 2 15 1 2
76 34 62 33.401 -117.89 237 120 91 90 2014 7 4 21 3 6 1 2
76 34 62 33.359 -117.81 237 128 91 90 2014 7 4 21 4 15 1 2
76 34 62 33.333 -117.7 238 99 90 90 2014 7 4 21 5 15 1 2
76 34 62 33.315 -117.66 240 106 91 90 2014 7 4 21 6 6 1 2
76 34 62 33.261 -117.62 241 128 91 90 2014 7 4 21 7 6 1 2
76 34 62 33.204 -117.57 241 147 91 90 2014 7 4 21 8 6 1 2
76 34 62 33.117 -117.5 243 146 91 90 2014 7 4 21 9 18 1 9
76 34 62 33.067 -117.45 244 144 91 90 2014 7 4 21 10 15 1 9
76 34 62 33.017 -117.42 242 145 91 90 2014 7 4 21 11 6 1 9
76 34 62 32.95 -117.37 244 144 91 90 2014 7 4 21 12 16 1 9
76 34 62 32.9 -117.32 244 141 89 90 2014 7 4 21 13 6 1 9
76 34 62 32.867 -117.25 251 130 82 90 2014 7 4 21 14 15 1 9
76 34 62 32.825 -117.21 246 127 76 90 2014 7 4 21 15 15 1 9
76 34 62 32.802 -117.12 247 138 70 90 2014 7 4 21 16 16 1 9
76 34 62 32.778 -117.05 238 105 64 90 2014 7 4 21 17 16 1 9
76 34 62 32.756 -116.98 225 120 60 90 2014 7 4 21 18 6 1 9
76 34 62 32.698 -116.98 210 106 47 90 2014 7 4 21 19 6 1 9
76 34 62 32.699 -117.05 209 271 31 90 2014 7 4 21 20 16 1 9
76 34 62 32.713 -117.11 188 286 21 90 2014 7 4 21 21 15 1 9
76 34 62 32.717 -117.15 131 285 8 90 2014 7 4 21 22 6 1 9
76 34 62 32.733 -117.2 149 287 3 90 2014 7 4 21 23 6 1 9
78 34 62 33.933 -118.43 149 0 17 90 2014 7 4 21 52 16 1 15
78 34 62 33.9 -118.47 184 246 33 90 2014 7 4 21 53 6 1 15
78 34 62 33.849 -118.49 177 228 50 90 2014 7 4 21 54 6 1 15
78 34 62 33.799 -118.49 182 195 64 90 2014 7 4 21 55 6 1 15
78 34 62 33.75 -118.47 182 149 82 90 2014 7 4 21 56 15 1 15
78 34 62 33.717 -118.42 217 164 91 90 2014 7 4 21 57 16 1 15
78 34 62 33.683 -118.35 237 129 89 90 2014 7 4 21 58 15 1 2
78 34 62 33.683 -118.35 225 120 90 90 2014 7 4 21 59 16 1 2
78 34 62 33.64 -118.27 237 120 90 90 2014 7 4 22 0 6 1 2
78 34 62 33.567 -118.15 240 117 89 90 2014 7 4 22 1 15 1 2
78 34 62 33.533 -118.08 240 129 89 90 2014 7 4 22 2 6 1 2
78 34 62 33.5 -118.02 238 119 89 90 2014 7 4 22 3 6 1 2
78 34 62 33.467 -117.95 237 122 89 90 2014 7 4 22 4 16 1 2
78 34 62 33.417 -117.88 237 123 89 90 2014 7 4 22 5 16 1 2
78 34 62 33.383 -117.82 237 127 89 90 2014 7 4 22 6 6 1 2
78 34 62 33.367 -117.8 238 120 90 90 2014 7 4 22 7 16 1 2
78 34 62 33.329 -117.74 238 131 90 90 2014 7 4 22 8 16 1 2
78 34 62 33.267 -117.63 240 124 89 90 2014 7 4 22 9 15 1 2
78 34 62 33.253 -117.61 238 128 90 90 2014 7 4 22 10 16 1 2
78 34 62 33.197 -117.56 239 140 90 90 2014 7 4 22 11 6 1 2
78 34 62 33.1 -117.48 252 147 79 90 2014 7 4 22 12 16 1 9
78 34 62 33.081 -117.47 247 140 77 90 2014 7 4 22 13 6 1 9
78 34 62 32.983 -117.4 242 144 70 90 2014 7 4 22 14 6 1 9
78 34 62 32.933 -117.33 237 144 70 90 2014 7 4 22 15 6 1 9
78 34 62 32.9 -117.28 241 132 67 90 2014 7 4 22 16 15 1 9
78 34 62 32.85 -117.22 241 133 53 90 2014 7 4 22 17 16 1 9
78 34 62 32.817 -117.17 218 131 49 90 2014 7 4 22 18 16 1 9
78 34 62 32.783 -117.12 163 127 31 90 2014 7 4 22 19 16 1 9
78 34 62 32.765 -117.11 156 128 23 90 2014 7 4 22 20 16 1 9
78 34 62 32.717 -117.13 137 204 9 90 2014 7 4 22 21 15 1 9
78 34 62 32.727 -117.17 133 202 4 90 2014 7 4 22 22 15 1 9
78 34 62 32.732 -117.2 125 263 1 90 2014 7 4 22 23 6 1 9
