1 34 76 33.95 -118.48 186 272 23 410 2014 7 1 22 54 16 1 15
1 34 76 33.827 -118.51 266 215 64 410 2014 7 1 22 55 16 1 15
1 34 76 33.827 -118.51 266 215 64 410 2014 7 1 22 56 6 1 15
1 34 76 33.748 -118.52 287 188 100 410 2014 7 1 22 57 6 1 2
1 34 76 33.681 -118.47 316 184 127 410 2014 7 1 22 58 16 1 2
1 34 76 33.644 -118.34 346 167 157 410 2014 7 1 22 59 16 1 18
1 34 76 33.644 -118.22 366 125 189 410 2014 7 1 23 0 6 1 18
1 34 76 33.644 -118.1 378 99 216 410 2014 7 1 23 1 6 1 18
1 34 76 33.644 -117.96 400 90 238 410 2014 7 1 23 2 6 1 18
1 34 76 33.644 -117.79 427 90 263 410 2014 7 1 23 3 6 1 51
1 34 76 33.643 -117.64 445 89 284 410 2014 7 1 23 4 15 1 51
1 34 76 33.643 -117.49 460 90 304 410 2014 7 1 23 5 6 1 51
1 34 76 33.641 -117.33 469 90 321 410 2014 7 1 23 6 6 1 51
1 34 76 33.641 -117.17 474 90 342 410 2014 7 1 23 7 6 1 51
1 34 76 33.626 -117.01 472 90 362 410 2014 7 1 23 8 15 1 51
1 34 76 33.6 -116.83 466 95 379 410 2014 7 1 23 9 6 1 41
1 34 76 33.578 -116.68 467 98 391 410 2014 7 1 23 10 15 1 41
1 34 76 33.557 -116.52 470 99 401 410 2014 7 1 23 11 6 1 41
1 34 76 33.536 -116.37 469 99 409 410 2014 7 1 23 12 6 1 41
1 34 76 33.514 -116.21 470 99 410 410 2014 7 1 23 13 6 1 41
1 34 76 33.491 -116.05 472 99 410 410 2014 7 1 23 14 16 1 41
1 34 76 33.468 -115.9 473 99 410 410 2014 7 1 23 15 6 1 41
1 34 76 33.44 -115.71 473 99 410 410 2014 7 1 23 16 7 1 41
1 34 76 33.418 -115.56 473 99 410 410 2014 7 1 23 17 6 1 41
1 34 76 33.394 -115.4 474 99 410 410 2014 7 1 23 18 6 1 39
1 34 76 33.37 -115.25 473 98 410 410 2014 7 1 23 19 6 1 39
1 34 76 33.346 -115.09 473 100 410 410 2014 7 1 23 20 15 1 39
1 34 76 33.324 -114.94 473 100 410 410 2014 7 1 23 21 6 1 39
1 34 76 33.3 -114.78 472 100 410 410 2014 7 1 23 22 16 1 39
1 34 76 33.294 -114.72 470 100 410 410 2014 7 1 23 23 6 1 39
1 34 76 33.266 -114.54 470 101 410 410 2014 7 1 23 24 6 1 39
1 34 76 33.243 -114.39 470 98 410 410 2014 7 1 23 25 6 1 39
1 34 76 33.216 -114.24 470 101 410 410 2014 7 1 23 26 6 1 39
1 34 76 33.192 -114.08 470 100 410 410 2014 7 1 23 27 6 1 39
1 34 76 33.167 -113.93 468 101 410 410 2014 7 1 23 28 6 2 102
1 34 76 33.142 -113.78 468 101 408 410 2014 7 1 23 29 6 2 102
1 34 76 33.117 -113.63 468 100 398 410 2014 7 1 23 30 15 2 102
1 34 76 33.092 -113.48 468 99 389 410 2014 7 1 23 31 7 2 102
1 34 76 33.062 -113.29 469 102 377 410 2014 7 1 23 32 6 2 102
1 34 76 33.036 -113.14 469 100 368 410 2014 7 1 23 33 6 2 102
1 34 76 33.011 -112.99 469 101 353 410 2014 7 1 23 34 6 2 102
1 34 76 32.984 -112.83 469 101 339 410 2014 7 1 23 35 6 2 102
1 34 76 32.958 -112.68 468 101 324 410 2014 7 1 23 36 6 2 90
1 34 76 32.906 -112.54 467 101 310 410 2014 7 1 23 37 16 2 90
1 34 76 32.852 -112.4 466 109 295 410 2014 7 1 23 38 6 2 90
1 34 76 32.792 -112.24 464 113 272 110 2014 7 1 23 39 6 2 90
1 34 76 32.739 -112.11 461 114 244 110 2014 7 1 23 40 6 2 60
1 34 76 32.688 -111.98 449 114 219 110 2014 7 1 23 41 8 2 60
1 34 76 32.64 -111.85 432 114 197 110 2014 7 1 23 42 6 2 60
1 34 76 32.593 -111.74 403 114 174 110 2014 7 1 23 43 15 2 60
1 34 76 32.532 -111.61 384 115 148 110 2014 7 1 23 44 16 2 60
1 34 76 32.469 -111.5 384 126 148 110 2014 7 1 23 45 16 2 77
1 34 76 32.367 -111.44 362 141 125 110 2014 7 1 23 46 11 2 77
1 34 76 32.367 -111.44 362 141 125 110 2014 7 1 23 47 6 2 77
1 34 76 32.289 -111.37 358 142 115 110 2014 7 1 23 48 6 2 77
1 34 76 32.177 -111.22 326 131 94 110 2014 7 1 23 49 15 2 77
1 34 76 32.118 -111.14 302 131 78 110 2014 7 1 23 50 6 2 77
1 34 76 32.122 -111.14 309 131 79 110 2014 7 1 23 51 6 2 77
1 34 76 32.014 -111 293 130 54 110 2014 7 1 23 52 6 2 77
1 34 76 32.015 -110.93 243 129 51 110 2014 7 1 23 53 6 2 77
1 34 76 32.046 -110.88 179 71 44 110 2014 7 1 23 54 6 2 77
1 34 76 32.079 -110.9 147 54 33 110 2014 7 1 23 55 16 2 77
3 34 76 33.95 -118.47 185 270 22 370 2014 7 1 4 26 6 1 15
3 34 76 33.942 -118.41 185 98 22 370 2014 7 1 4 27 7 1 15
3 34 76 33.814 -118.52 275 219 74 370 2014 7 1 4 28 16 1 15
3 34 76 33.735 -118.52 286 198 106 370 2014 7 1 4 29 6 1 2
3 34 76 33.675 -118.45 339 178 132 370 2014 7 1 4 30 15 1 18
3 34 76 33.644 -118.34 350 156 162 370 2014 7 1 4 31 6 1 18
3 34 76 33.644 -118.22 369 121 191 370 2014 7 1 4 32 15 1 18
3 34 76 33.644 -118.07 378 99 225 370 2014 7 1 4 33 6 1 18
3 34 76 33.644 -117.94 399 89 250 370 2014 7 1 4 34 15 1 51
3 34 76 33.574 -118.04 399 231 250 370 2014 7 1 4 35 6 1 51
3 34 76 33.636 -117.8 417 114 270 370 2014 7 1 4 36 6 1 51
3 34 76 33.602 -117.5 457 96 307 370 2014 7 1 4 37 15 1 51
3 34 76 33.585 -117.35 464 97 329 370 2014 7 1 4 38 15 1 51
3 34 76 33.585 -117.35 464 97 329 370 2014 7 1 4 39 6 1 51
3 34 76 33.567 -117.19 464 97 352 370 2014 7 1 4 40 6 1 51
3 34 76 33.547 -117.02 459 97 369 370 2014 7 1 4 41 6 1 51
3 34 76 33.527 -116.87 459 97 370 370 2014 7 1 4 42 6 1 51
3 34 76 33.512 -116.72 465 98 370 370 2014 7 1 4 43 15 1 41
3 34 76 33.493 -116.56 465 97 370 370 2014 7 1 4 44 16 1 41
3 34 76 33.474 -116.41 463 97 370 370 2014 7 1 4 45 16 1 41
3 34 76 33.455 -116.25 463 98 370 370 2014 7 1 4 46 6 1 41
3 34 76 33.436 -116.1 463 98 370 370 2014 7 1 4 47 6 1 41
3 34 76 33.415 -115.95 467 98 370 370 2014 7 1 4 48 16 1 41
3 34 76 33.395 -115.79 469 98 370 370 2014 7 1 4 49 15 1 41
3 34 76 33.361 -115.52 457 98 370 370 2014 7 1 4 50 16 1 39
3 34 76 33.344 -115.36 465 98 370 370 2014 7 1 4 51 6 1 39
3 34 76 33.332 -115.3 467 97 370 370 2014 7 1 4 52 6 1 39
3 34 76 33.311 -115.15 466 98 370 370 2014 7 1 4 53 6 1 39
3 34 76 33.29 -115 466 100 370 370 2014 7 1 4 54 16 1 39
3 34 76 33.269 -114.85 464 98 370 370 2014 7 1 4 55 15 1 39
3 34 76 33.249 -114.7 464 100 370 370 2014 7 1 4 56 6 1 39
3 34 76 33.215 -114.43 462 99 370 370 2014 7 1 4 57 16 1 39
3 34 76 33.206 -114.4 462 99 370 370 2014 7 1 4 58 6 1 39
3 34 76 33.186 -114.25 462 99 370 370 2014 7 1 4 59 6 1 39
3 34 76 33.161 -114.07 461 99 370 370 2014 7 1 5 0 6 1 39
3 34 76 33.14 -113.92 461 99 370 370 2014 7 1 5 1 15 2 102
3 34 76 33.12 -113.77 460 99 370 370 2014 7 1 5 2 15 2 102
3 34 76 33.099 -113.62 464 99 370 370 2014 7 1 5 3 16 2 102
3 34 76 33.076 -113.47 456 100 370 370 2014 7 1 5 4 15 2 102
3 34 76 33.054 -113.32 456 99 370 370 2014 7 1 5 5 15 2 102
3 34 76 33.034 -113.18 456 99 370 370 2014 7 1 5 6 6 2 102
3 34 76 33.02 -113.08 458 99 370 370 2014 7 1 5 7 6 2 102
3 34 76 32.997 -112.94 458 99 370 370 2014 7 1 5 8 6 2 102
3 34 76 32.974 -112.78 458 100 370 370 2014 7 1 5 9 15 2 102
3 34 76 32.943 -112.64 460 100 368 370 2014 7 1 5 10 15 2 102
3 34 76 32.89 -112.5 460 102 339 370 2014 7 1 5 11 6 2 102
3 34 76 32.825 -112.33 461 109 302 370 2014 7 1 5 12 6 2 90
3 34 76 32.776 -112.2 461 114 277 370 2014 7 1 5 13 6 2 90
3 34 76 32.722 -112.07 441 114 246 370 2014 7 1 5 14 15 2 60
3 34 76 32.662 -111.92 414 115 217 370 2014 7 1 5 15 15 2 60
3 34 76 32.632 -111.83 411 115 201 370 2014 7 1 5 16 6 2 60
3 34 76 32.587 -111.72 388 114 178 370 2014 7 1 5 17 6 2 60
3 34 76 32.54 -111.61 378 119 151 370 2014 7 1 5 18 15 2 60
3 34 76 32.464 -111.49 369 125 124 370 2014 7 1 5 19 15 2 77
3 34 76 32.411 -111.39 355 123 105 370 2014 7 1 5 20 6 2 77
3 34 76 32.357 -111.3 318 123 92 370 2014 7 1 5 21 7 2 77
3 34 76 32.309 -111.22 304 125 77 370 2014 7 1 5 22 6 2 77
3 34 76 32.263 -111.14 301 123 61 370 2014 7 1 5 23 16 2 77
3 34 76 32.227 -111.07 298 125 59 370 2014 7 1 5 24 6 2 77
3 34 76 32.181 -111.01 212 126 51 370 2014 7 1 5 25 15 2 77
3 34 76 32.142 -110.97 187 136 38 370 2014 7 1 5 26 6 2 77
3 34 76 32.104 -110.91 280 136 57 370 2014 7 1 5 27 6 2 77
3 34 76 32.131 -110.85 234 57 57 370 2014 7 1 5 28 6 2 77
3 34 76 32.174 -110.89 226 324 52 370 2014 7 1 5 29 15 2 77
3 34 76 32.196 -110.94 179 325 45 370 2014 7 1 5 30 6 2 77
5 34 76 33.917 -118.47 185 0 24 410 2014 7 1 17 47 6 1 15
5 34 76 33.85 -118.5 273 222 55 410 2014 7 1 17 48 16 1 15
5 34 76 33.789 -118.51 277 202 88 410 2014 7 1 17 49 16 1 15
5 34 76 33.767 -118.52 290 186 98 410 2014 7 1 17 50 6 1 15
5 34 76 33.672 -118.39 338 172 154 410 2014 7 1 17 51 18 1 18
5 34 76 33.671 -118.28 338 90 154 410 2014 7 1 17 52 6 1 18
5 34 76 33.671 -118.28 364 115 182 410 2014 7 1 17 53 6 1 18
5 34 76 33.67 -118.15 365 97 215 410 2014 7 1 17 54 6 1 18
5 34 76 33.668 -118 385 90 237 410 2014 7 1 17 55 16 1 18
5 34 76 33.665 -117.86 409 90 261 410 2014 7 1 17 56 8 1 51
5 34 76 33.664 -117.72 434 91 284 410 2014 7 1 17 57 6 1 51
5 34 76 33.661 -117.57 450 90 305 410 2014 7 1 17 58 6 1 51
5 34 76 33.658 -117.41 464 90 323 410 2014 7 1 17 59 6 1 51
5 34 76 33.655 -117.22 473 91 350 410 2014 7 1 18 0 6 1 51
5 34 76 33.651 -117.07 470 91 373 410 2014 7 1 18 1 6 1 51
5 34 76 33.631 -116.92 459 91 389 410 2014 7 1 18 2 15 1 51
5 34 76 33.609 -116.77 459 96 400 410 2014 7 1 18 3 6 1 41
5 34 76 33.588 -116.61 460 99 410 410 2014 7 1 18 4 6 1 41
5 34 76 33.561 -116.42 472 99 410 410 2014 7 1 18 5 6 1 41
5 34 76 33.537 -116.27 474 99 410 410 2014 7 1 18 6 9 1 41
5 34 76 33.516 -116.11 471 99 410 410 2014 7 1 18 7 16 1 41
5 34 76 33.493 -115.96 471 100 410 410 2014 7 1 18 8 6 1 41
5 34 76 33.468 -115.8 477 99 410 410 2014 7 1 18 9 6 1 41
5 34 76 33.444 -115.64 478 99 410 410 2014 7 1 18 10 6 1 41
5 34 76 33.421 -115.48 478 100 410 410 2014 7 1 18 11 6 1 39
5 34 76 33.39 -115.3 479 98 410 410 2014 7 1 18 12 16 1 39
5 34 76 33.367 -115.14 477 100 410 410 2014 7 1 18 13 16 1 39
5 34 76 33.343 -114.99 476 100 410 410 2014 7 1 18 14 6 1 39
5 34 76 33.316 -114.83 476 100 410 410 2014 7 1 18 15 6 1 39
5 34 76 33.292 -114.68 476 100 410 410 2014 7 1 18 16 6 1 39
5 34 76 33.267 -114.52 476 100 410 410 2014 7 1 18 17 6 1 39
5 34 76 33.256 -114.43 475 100 410 410 2014 7 1 18 18 6 1 39
5 34 76 33.213 -114.18 480 101 410 410 2014 7 1 18 19 6 1 39
5 34 76 33.205 -114.12 476 100 410 410 2014 7 1 18 20 6 1 39
5 34 76 33.162 -113.87 478 101 403 340 2014 7 1 18 21 12 2 102
5 34 76 33.151 -113.81 476 101 399 340 2014 7 1 18 22 6 2 102
5 34 76 33.125 -113.65 476 101 390 340 2014 7 1 18 23 6 2 102
5 34 76 33.094 -113.46 477 101 378 340 2014 7 1 18 24 16 2 102
5 34 76 33.068 -113.31 477 101 369 340 2014 7 1 18 25 16 2 102
5 34 76 33.041 -113.15 481 101 359 340 2014 7 1 18 26 6 2 102
5 34 76 33.014 -113 482 101 337 340 2014 7 1 18 27 6 2 102
5 34 76 32.986 -112.84 476 101 328 340 2014 7 1 18 28 6 2 90
5 34 76 32.959 -112.69 476 101 318 340 2014 7 1 18 29 6 2 90
5 34 76 32.906 -112.54 475 101 308 340 2014 7 1 18 30 6 2 90
5 34 76 32.852 -112.4 469 109 299 340 2014 7 1 18 31 6 2 90
5 34 76 32.791 -112.24 469 113 279 340 2014 7 1 18 32 6 2 90
5 34 76 32.736 -112.1 469 114 279 340 2014 7 1 18 33 6 2 90
5 34 76 32.688 -111.98 444 114 222 340 2014 7 1 18 34 16 2 60
5 34 76 32.641 -111.85 429 114 195 340 2014 7 1 18 35 16 2 60
5 34 76 32.588 -111.73 397 115 165 340 2014 7 1 18 36 6 2 60
5 34 76 32.538 -111.61 379 117 137 340 2014 7 1 18 37 6 2 60
5 34 76 32.483 -111.51 363 119 113 340 2014 7 1 18 38 16 2 77
5 34 76 32.468 -111.49 354 124 109 340 2014 7 1 18 39 15 2 77
5 34 76 32.421 -111.4 313 122 102 340 2014 7 1 18 40 6 2 77
5 34 76 32.373 -111.32 292 124 82 340 2014 7 1 18 41 6 2 77
5 34 76 32.344 -111.26 294 121 70 340 2014 7 1 18 42 6 2 77
5 34 76 32.258 -111.1 265 116 57 340 2014 7 1 18 43 15 2 77
5 34 76 32.251 -111.1 249 133 56 340 2014 7 1 18 44 6 2 77
5 34 76 32.213 -111.05 242 137 51 340 2014 7 1 18 45 7 2 77
5 34 76 32.176 -111 217 134 40 340 2014 7 1 18 46 6 2 77
5 34 76 32.14 -110.97 164 128 31 340 2014 7 1 18 47 16 2 77
6 34 76 33.933 -118.44 183 255 16 330 2014 7 1 15 32 16 1 15
6 34 76 33.9 -118.5 257 230 34 330 2014 7 1 15 33 16 1 15
6 34 76 33.832 -118.56 277 218 50 330 2014 7 1 15 34 15 1 15
6 34 76 33.766 -118.54 271 158 55 330 2014 7 1 15 35 16 1 15
6 34 76 33.688 -118.49 292 173 82 330 2014 7 1 15 36 6 1 2
6 34 76 33.66 -118.4 288 158 103 330 2014 7 1 15 37 6 1 2
6 34 76 33.643 -118.3 313 132 117 330 2014 7 1 15 38 16 1 2
6 34 76 33.645 -118.19 322 100 137 330 2014 7 1 15 39 6 1 18
6 34 76 33.644 -118.06 325 94 151 330 2014 7 1 15 40 6 1 18
6 34 76 33.644 -117.95 345 89 155 330 2014 7 1 15 41 6 1 18
6 34 76 33.644 -117.83 350 90 164 330 2014 7 1 15 42 15 1 18
6 34 76 33.643 -117.71 355 90 176 330 2014 7 1 15 43 6 1 18
6 34 76 33.643 -117.59 355 90 176 330 2014 7 1 15 44 6 1 18
6 34 76 33.642 -117.44 366 90 204 330 2014 7 1 15 45 6 1 18
6 34 76 33.639 -117.31 372 90 216 330 2014 7 1 15 46 6 1 18
6 34 76 33.639 -117.19 372 90 216 330 2014 7 1 15 47 15 1 26
6 34 76 33.639 -117.06 390 90 233 330 2014 7 1 15 48 15 1 26
6 34 76 33.639 -117.06 390 90 233 330 2014 7 1 15 49 6 1 26
6 34 76 33.637 -116.92 399 90 239 330 2014 7 1 15 50 15 1 26
6 34 76 33.637 -116.76 410 90 252 330 2014 7 1 15 51 6 1 41
6 34 76 33.613 -116.49 410 90 268 330 2014 7 1 15 52 16 1 41
6 34 76 33.592 -116.36 410 100 268 330 2014 7 1 15 53 16 1 41
6 34 76 33.591 -116.35 415 97 275 330 2014 7 1 15 54 6 1 41
6 34 76 33.57 -116.21 415 100 281 330 2014 7 1 15 55 6 1 41
6 34 76 33.548 -116.08 415 100 287 330 2014 7 1 15 56 6 1 41
6 34 76 33.526 -115.94 421 100 292 330 2014 7 1 15 57 6 1 41
6 34 76 33.496 -115.76 431 100 302 330 2014 7 1 15 58 16 1 41
6 34 76 33.475 -115.62 431 101 309 330 2014 7 1 15 59 6 1 41
6 34 76 33.45 -115.49 427 100 313 330 2014 7 1 16 0 16 1 41
6 34 76 33.428 -115.31 434 101 322 330 2014 7 1 16 1 7 1 39
6 34 76 33.405 -115.17 431 100 329 330 2014 7 1 16 2 16 1 39
6 34 76 33.381 -115.06 429 100 330 330 2014 7 1 16 3 15 1 39
6 34 76 33.351 -114.89 438 102 330 330 2014 7 1 16 4 6 1 39
6 34 76 33.329 -114.75 442 101 330 330 2014 7 1 16 5 16 1 39
6 34 76 33.302 -114.6 447 100 330 330 2014 7 1 16 6 13 1 39
6 34 76 33.275 -114.42 450 103 330 330 2014 7 1 16 7 15 1 39
6 34 76 33.249 -114.27 452 101 330 330 2014 7 1 16 8 6 1 39
6 34 76 33.223 -114.13 452 100 330 330 2014 7 1 16 9 6 1 39
6 34 76 33.195 -113.98 453 102 330 330 2014 7 1 16 10 6 2 102
6 34 76 33.167 -113.83 458 102 330 330 2014 7 1 16 11 6 2 102
6 34 76 33.139 -113.68 457 102 330 330 2014 7 1 16 12 6 2 102
6 34 76 33.11 -113.51 454 101 330 330 2014 7 1 16 13 16 2 102
6 34 76 33.084 -113.36 454 101 330 330 2014 7 1 16 14 6 2 102
6 34 76 33.056 -113.21 462 102 320 330 2014 7 1 16 15 16 2 90
6 34 76 33.056 -113.21 461 102 320 330 2014 7 1 16 16 6 2 90
6 34 76 32.998 -112.9 470 102 295 330 2014 7 1 16 17 6 2 90
6 34 76 32.97 -112.75 470 102 295 330 2014 7 1 16 18 16 2 90
6 34 76 32.97 -112.75 465 102 280 330 2014 7 1 16 19 6 2 90
6 34 76 32.933 -112.61 446 102 265 330 2014 7 1 16 20 16 2 90
6 34 76 32.872 -112.46 433 104 249 330 2014 7 1 16 21 11 2 64
6 34 76 32.826 -112.34 409 111 231 330 2014 7 1 16 22 16 2 60
6 34 76 32.787 -112.24 379 115 214 330 2014 7 1 16 23 16 2 60
6 34 76 32.749 -112.14 351 114 205 330 2014 7 1 16 24 6 2 60
6 34 76 32.702 -112.02 338 114 191 330 2014 7 1 16 25 6 2 60
6 34 76 32.66 -111.91 355 114 177 330 2014 7 1 16 26 7 2 60
6 34 76 32.617 -111.8 361 114 165 330 2014 7 1 16 27 6 2 60
6 34 76 32.562 -111.67 349 115 149 330 2014 7 1 16 28 6 2 60
6 34 76 32.516 -111.58 333 117 139 330 2014 7 1 16 29 6 2 60
6 34 76 32.469 -111.49 301 125 125 330 2014 7 1 16 30 6 2 77
6 34 76 32.426 -111.42 292 123 110 330 2014 7 1 16 31 6 2 77
6 34 76 32.383 -111.34 301 123 97 330 2014 7 1 16 32 6 2 77
6 34 76 32.339 -111.25 303 122 84 330 2014 7 1 16 33 6 2 77
6 34 76 32.295 -111.18 289 124 74 330 2014 7 1 16 34 16 2 77
6 34 76 32.255 -111.1 283 123 65 330 2014 7 1 16 35 6 2 77
6 34 76 32.207 -111.03 254 133 52 330 2014 7 1 16 36 6 2 77
6 34 76 32.173 -111 197 134 38 330 2014 7 1 16 37 6 2 77
6 34 76 32.145 -110.97 152 140 32 330 2014 7 1 16 38 6 2 77
7 34 76 33.933 -118.45 185 0 16 330 2014 7 1 19 7 6 1 15
7 34 76 33.9 -118.5 261 242 32 330 2014 7 1 19 8 6 1 15
7 34 76 33.843 -118.52 271 231 51 330 2014 7 1 19 9 6 1 15
7 34 76 33.77 -118.52 277 147 72 330 2014 7 1 19 10 6 1 15
7 34 76 33.687 -118.48 305 156 97 330 2014 7 1 19 11 6 1 2
7 34 76 33.669 -118.39 310 167 109 330 2014 7 1 19 12 16 1 2
7 34 76 33.668 -118.28 338 131 124 330 2014 7 1 19 13 6 1 2
7 34 76 33.667 -118.16 341 96 139 330 2014 7 1 19 14 15 1 18
7 34 76 33.665 -118.02 355 90 156 330 2014 7 1 19 15 16 1 18
7 34 76 33.663 -117.9 360 90 169 330 2014 7 1 19 16 6 1 18
7 34 76 33.662 -117.78 365 91 182 330 2014 7 1 19 17 6 1 18
7 34 76 33.659 -117.65 368 90 193 330 2014 7 1 19 18 6 1 18
7 34 76 33.657 -117.53 374 91 205 330 2014 7 1 19 19 16 1 18
7 34 76 33.655 -117.4 381 91 213 330 2014 7 1 19 20 15 1 18
7 34 76 33.653 -117.24 391 90 224 330 2014 7 1 19 21 6 1 18
7 34 76 33.65 -117.11 397 91 233 330 2014 7 1 19 22 6 1 26
7 34 76 33.649 -116.97 400 91 241 330 2014 7 1 19 23 6 1 51
7 34 76 33.643 -116.84 404 91 249 330 2014 7 1 19 24 6 1 41
7 34 76 33.641 -116.7 411 91 257 330 2014 7 1 19 25 15 1 41
7 34 76 33.641 -116.7 411 91 257 330 2014 7 1 19 26 6 1 41
7 34 76 33.634 -116.39 418 90 273 330 2014 7 1 19 27 6 1 41
7 34 76 33.631 -116.25 418 91 273 330 2014 7 1 19 28 6 1 41
7 34 76 33.627 -116.11 417 91 284 330 2014 7 1 19 29 16 1 41
7 34 76 33.625 -115.97 422 91 289 330 2014 7 1 19 30 16 1 41
7 34 76 33.688 -115.85 422 57 289 330 2014 7 1 19 31 6 1 41
7 34 76 33.621 -115.82 428 80 294 330 2014 7 1 19 32 6 1 41
7 34 76 33.617 -115.65 430 91 301 330 2014 7 1 19 33 6 1 41
7 34 76 33.579 -115.43 435 95 310 330 2014 7 1 19 34 16 1 41
7 34 76 33.566 -115.37 430 101 313 330 2014 7 1 19 35 6 1 41
7 34 76 33.537 -115.23 429 104 318 330 2014 7 1 19 36 6 1 39
7 34 76 33.485 -114.99 430 104 327 330 2014 7 1 19 37 16 1 39
7 34 76 33.456 -114.85 425 104 330 330 2014 7 1 19 38 16 1 39
7 34 76 33.425 -114.71 428 104 330 330 2014 7 1 19 39 16 1 39
7 34 76 33.394 -114.57 429 104 330 330 2014 7 1 19 40 16 1 39
7 34 76 33.379 -114.51 430 105 330 330 2014 7 1 19 41 6 1 39
7 34 76 33.347 -114.37 434 104 330 330 2014 7 1 19 42 6 1 39
7 34 76 33.315 -114.23 434 105 330 330 2014 7 1 19 43 16 1 39
7 34 76 33.284 -114.09 435 105 330 330 2014 7 1 19 44 6 1 39
7 34 76 33.254 -113.95 438 105 330 330 2014 7 1 19 45 6 2 102
7 34 76 33.215 -113.79 438 104 330 330 2014 7 1 19 46 6 2 102
7 34 76 33.182 -113.65 438 105 330 330 2014 7 1 19 47 7 2 102
7 34 76 33.151 -113.51 438 105 330 330 2014 7 1 19 48 15 2 102
7 34 76 33.121 -113.36 439 105 330 330 2014 7 1 19 49 16 2 102
7 34 76 33.086 -113.22 447 104 330 330 2014 7 1 19 50 6 2 102
7 34 76 33.054 -113.08 444 105 329 330 2014 7 1 19 51 6 2 90
7 34 76 33.026 -112.97 444 105 311 330 2014 7 1 19 52 6 2 90
7 34 76 32.991 -112.82 455 105 284 330 2014 7 1 19 53 6 2 90
7 34 76 32.957 -112.68 447 105 261 330 2014 7 1 19 54 16 2 90
7 34 76 32.91 -112.55 423 106 260 330 2014 7 1 19 55 6 2 90
7 34 76 32.861 -112.43 420 109 260 330 2014 7 1 19 56 6 2 90
7 34 76 32.812 -112.3 420 114 260 330 2014 7 1 19 57 6 2 90
7 34 76 32.757 -112.16 421 114 260 330 2014 7 1 19 58 15 2 90
7 34 76 32.706 -112.03 428 114 237 330 2014 7 1 19 59 6 2 60
7 34 76 32.653 -111.89 452 114 210 330 2014 7 1 20 0 6 2 60
7 34 76 32.605 -111.76 435 115 183 330 2014 7 1 20 1 6 2 60
7 34 76 32.556 -111.65 410 119 158 330 2014 7 1 20 2 16 2 60
7 34 76 32.482 -111.55 394 136 133 330 2014 7 1 20 3 15 2 60
7 34 76 32.383 -111.45 359 136 116 330 2014 7 1 20 4 16 2 77
7 34 76 32.309 -111.37 310 136 102 330 2014 7 1 20 5 16 2 77
7 34 76 32.269 -111.32 301 138 95 330 2014 7 1 20 6 6 2 77
7 34 76 32.208 -111.25 299 134 84 330 2014 7 1 20 7 6 2 77
7 34 76 32.151 -111.18 299 135 71 330 2014 7 1 20 8 6 2 77
7 34 76 32.1 -111.11 294 130 61 330 2014 7 1 20 9 6 2 77
7 34 76 32.058 -111.03 282 129 55 330 2014 7 1 20 10 6 2 77
7 34 76 32.032 -110.95 231 119 50 330 2014 7 1 20 11 6 2 77
7 34 76 32.045 -110.9 197 111 45 330 2014 7 1 20 12 6 2 77
9 34 76 33.943 -118.41 148 0 1 330 2014 7 2 2 26 15 1 15
9 34 76 33.929 -118.45 202 246 23 330 2014 7 2 2 27 16 1 15
9 34 76 33.881 -118.53 261 141 44 330 2014 7 2 2 28 16 1 15
9 34 76 33.818 -118.55 275 235 64 330 2014 7 2 2 29 15 1 15
9 34 76 33.74 -118.53 284 216 85 330 2014 7 2 2 30 6 1 2
9 34 76 33.681 -118.47 302 181 106 330 2014 7 2 2 31 6 1 2
9 34 76 33.649 -118.36 304 152 122 330 2014 7 2 2 32 6 1 2
9 34 76 33.644 -118.26 325 122 138 330 2014 7 2 2 33 16 1 18
9 34 76 33.645 -118.15 325 101 154 330 2014 7 2 2 34 16 1 18
9 34 76 33.644 -118.04 333 91 167 330 2014 7 2 2 35 15 1 18
9 34 76 33.644 -117.92 337 89 182 330 2014 7 2 2 36 6 1 18
9 34 76 33.644 -117.78 359 90 195 330 2014 7 2 2 37 16 1 18
9 34 76 33.643 -117.66 365 90 207 330 2014 7 2 2 38 16 1 18
9 34 76 33.642 -117.53 372 90 217 330 2014 7 2 2 39 15 1 18
9 34 76 33.641 -117.4 384 90 225 330 2014 7 2 2 40 15 1 18
9 34 76 33.64 -117.27 392 90 235 330 2014 7 2 2 41 16 1 18
9 34 76 33.638 -117.14 398 90 242 330 2014 7 2 2 42 16 1 51
9 34 76 33.621 -117.01 403 90 249 330 2014 7 2 2 43 16 1 51
9 34 76 33.601 -116.84 406 95 259 330 2014 7 2 2 44 6 1 51
9 34 76 33.582 -116.71 407 98 266 330 2014 7 2 2 45 6 1 41
9 34 76 33.563 -116.58 407 99 266 330 2014 7 2 2 46 6 1 41
9 34 76 33.545 -116.44 414 99 279 330 2014 7 2 2 47 15 1 41
9 34 76 33.545 -116.44 414 99 279 330 2014 7 2 2 48 6 1 41
9 34 76 33.504 -116.15 422 99 289 330 2014 7 2 2 49 15 1 41
9 34 76 33.504 -116.15 422 99 289 330 2014 7 2 2 50 6 1 41
9 34 76 33.461 -115.87 432 99 299 330 2014 7 2 2 51 16 1 41
9 34 76 33.441 -115.73 432 99 299 330 2014 7 2 2 52 16 1 41
9 34 76 33.441 -115.73 432 99 303 330 2014 7 2 2 53 15 1 41
9 34 76 33.416 -115.56 433 100 310 330 2014 7 2 2 54 6 1 41
9 34 76 33.385 -115.33 433 100 318 330 2014 7 2 2 55 15 1 39
9 34 76 33.366 -115.19 431 99 323 330 2014 7 2 2 56 16 1 39
9 34 76 33.344 -115.05 430 100 327 330 2014 7 2 2 57 16 1 39
9 34 76 33.322 -114.91 430 99 330 330 2014 7 2 2 58 15 1 39
9 34 76 33.299 -114.77 432 100 330 330 2014 7 2 2 59 16 1 39
9 34 76 33.288 -114.71 441 101 330 330 2014 7 2 3 0 6 1 39
9 34 76 33.255 -114.48 442 100 330 330 2014 7 2 3 1 15 1 39
9 34 76 33.232 -114.33 444 100 330 330 2014 7 2 3 2 15 1 39
9 34 76 33.208 -114.19 444 100 330 330 2014 7 2 3 3 6 1 39
9 34 76 33.185 -114.05 443 100 330 330 2014 7 2 3 4 15 1 39
9 34 76 33.157 -113.88 440 101 330 330 2014 7 2 3 5 16 2 102
9 34 76 33.134 -113.74 435 101 330 330 2014 7 2 3 6 6 2 102
9 34 76 33.112 -113.6 432 100 330 330 2014 7 2 3 7 16 2 102
9 34 76 33.104 -113.54 432 100 330 330 2014 7 2 3 8 15 2 102
9 34 76 33.066 -113.32 429 101 328 330 2014 7 2 3 9 16 2 90
9 34 76 33.042 -113.18 435 101 318 330 2014 7 2 3 10 15 2 90
9 34 76 33.027 -113.09 444 101 311 330 2014 7 2 3 11 6 2 90
9 34 76 33.018 -113.03 440 101 307 330 2014 7 2 3 12 6 2 90
9 34 76 32.993 -112.89 441 101 297 330 2014 7 2 3 13 6 2 90
9 34 76 32.968 -112.74 441 101 287 110 2014 7 2 3 14 15 2 90
9 34 76 32.929 -112.6 445 101 277 110 2014 7 2 3 15 16 2 90
9 34 76 32.876 -112.47 449 104 267 110 2014 7 2 3 16 16 2 90
9 34 76 32.823 -112.33 451 111 257 110 2014 7 2 3 17 15 2 60
9 34 76 32.765 -112.18 450 114 246 110 2014 7 2 3 18 15 2 60
9 34 76 32.714 -112.05 447 114 236 110 2014 7 2 3 19 15 2 60
9 34 76 32.663 -111.92 443 114 226 110 2014 7 2 3 20 6 2 60
9 34 76 32.559 -111.66 402 115 164 110 2014 7 2 3 21 15 2 60
9 34 76 32.488 -111.57 379 115 140 110 2014 7 2 3 22 15 2 60
9 34 76 32.486 -111.56 393 132 139 110 2014 7 2 3 23 6 2 60
9 34 76 32.409 -111.48 373 137 119 110 2014 7 2 3 24 6 2 77
9 34 76 32.34 -111.4 350 137 106 110 2014 7 2 3 25 6 2 77
9 34 76 32.283 -111.34 303 135 87 110 2014 7 2 3 26 15 2 77
9 34 76 32.221 -111.27 302 136 66 110 2014 7 2 3 27 6 2 77
9 34 76 32.168 -111.19 298 126 59 110 2014 7 2 3 28 15 2 77
9 34 76 32.122 -111.11 299 128 50 110 2014 7 2 3 29 15 2 77
9 34 76 32.067 -111.03 289 127 50 110 2014 7 2 3 30 16 2 77
9 34 76 32.028 -110.97 263 127 50 110 2014 7 2 3 31 16 2 77
9 34 76 31.992 -110.91 238 128 50 110 2014 7 2 3 32 15 2 77
9 34 76 31.995 -110.86 193 127 46 110 2014 7 2 3 33 6 2 77
9 34 76 32.041 -110.86 165 84 43 110 2014 7 2 3 34 16 2 77
9 34 76 32.068 -110.88 137 41 37 110 2014 7 2 3 35 6 2 77
11 34 76 33.929 -118.45 160 0 18 330 2014 7 2 4 1 6 1 15
11 34 76 33.883 -118.52 258 255 33 330 2014 7 2 4 2 16 1 15
11 34 76 33.828 -118.56 268 230 55 330 2014 7 2 4 3 15 1 15
11 34 76 33.752 -118.54 278 210 76 330 2014 7 2 4 4 15 1 2
11 34 76 33.688 -118.49 296 188 93 330 2014 7 2 4 5 15 1 2
11 34 76 33.659 -118.4 297 158 110 330 2014 7 2 4 6 16 1 2
11 34 76 33.659 -118.4 297 158 110 330 2014 7 2 4 7 6 1 2
11 34 76 33.644 -118.27 339 128 118 330 2014 7 2 4 8 15 1 2
11 34 76 33.645 -118.15 352 98 130 330 2014 7 2 4 9 16 1 2
11 34 76 33.644 -118.03 353 94 146 330 2014 7 2 4 10 15 1 18
11 34 76 33.644 -117.91 358 89 155 330 2014 7 2 4 11 6 1 18
11 34 76 33.644 -117.79 371 90 167 330 2014 7 2 4 12 15 1 18
11 34 76 33.643 -117.64 380 90 179 330 2014 7 2 4 13 15 1 18
11 34 76 33.643 -117.51 387 90 188 330 2014 7 2 4 14 15 1 18
11 34 76 33.641 -117.37 397 90 197 330 2014 7 2 4 15 15 1 18
11 34 76 33.639 -117.24 402 90 206 330 2014 7 2 4 16 6 1 18
11 34 76 33.639 -117.1 405 90 214 330 2014 7 2 4 17 15 1 26
11 34 76 33.638 -116.96 410 90 218 330 2014 7 2 4 18 15 1 26
11 34 76 33.634 -116.82 421 90 223 330 2014 7 2 4 19 15 1 26
11 34 76 33.636 -116.68 421 90 228 330 2014 7 2 4 20 15 1 26
11 34 76 33.634 -116.5 436 90 234 330 2014 7 2 4 21 6 1 26
11 34 76 33.631 -116.35 438 90 239 330 2014 7 2 4 22 16 1 26
11 34 76 33.629 -116.21 440 90 244 330 2014 7 2 4 23 15 1 41
11 34 76 33.607 -116.06 451 90 249 330 2014 7 2 4 24 15 1 41
11 34 76 33.583 -115.92 438 95 255 330 2014 7 2 4 25 15 1 41
11 34 76 33.556 -115.77 440 100 260 330 2014 7 2 4 26 6 1 41
11 34 76 33.528 -115.62 445 101 265 330 2014 7 2 4 27 6 1 41
11 34 76 33.503 -115.48 445 102 270 330 2014 7 2 4 28 6 1 41
11 34 76 33.475 -115.34 444 101 275 330 2014 7 2 4 29 15 1 39
11 34 76 33.443 -115.16 443 102 281 330 2014 7 2 4 30 15 1 39
11 34 76 33.416 -115.02 443 102 286 330 2014 7 2 4 31 6 1 39
11 34 76 33.39 -114.88 443 103 291 330 2014 7 2 4 32 15 1 39
11 34 76 33.365 -114.73 439 101 297 330 2014 7 2 4 33 15 1 39
11 34 76 33.337 -114.59 437 102 303 330 2014 7 2 4 34 15 1 39
11 34 76 33.311 -114.46 435 103 308 330 2014 7 2 4 35 15 1 39
11 34 76 33.285 -114.32 431 102 313 330 2014 7 2 4 36 15 1 39
11 34 76 33.259 -114.18 430 103 318 330 2014 7 2 4 37 15 1 39
11 34 76 33.231 -114.04 427 103 323 330 2014 7 2 4 38 15 1 39
11 34 76 33.199 -113.88 420 103 329 330 2014 7 2 4 39 15 2 90
11 34 76 33.173 -113.75 419 103 330 330 2014 7 2 4 40 15 2 102
11 34 76 33.158 -113.67 422 103 330 330 2014 7 2 4 41 15 2 102
11 34 76 33.131 -113.53 423 102 330 330 2014 7 2 4 42 15 2 102
11 34 76 33.092 -113.33 436 103 330 330 2014 7 2 4 43 15 2 102
11 34 76 33.063 -113.19 436 103 330 330 2014 7 2 4 44 15 2 102
11 34 76 33.046 -113.11 436 103 330 330 2014 7 2 4 45 15 2 102
11 34 76 33.017 -112.97 437 103 330 330 2014 7 2 4 46 7 2 102
11 34 76 32.987 -112.82 440 103 330 330 2014 7 2 4 47 16 2 102
11 34 76 32.957 -112.68 441 103 323 330 2014 7 2 4 48 15 2 90
11 34 76 32.905 -112.54 448 104 298 330 2014 7 2 4 49 15 2 90
11 34 76 32.855 -112.41 445 110 272 330 2014 7 2 4 50 15 2 90
11 34 76 32.804 -112.28 441 114 247 330 2014 7 2 4 51 15 2 60
11 34 76 32.749 -112.14 433 114 219 330 2014 7 2 4 52 15 2 60
11 34 76 32.701 -112.01 426 114 196 330 2014 7 2 4 53 15 2 60
11 34 76 32.653 -111.89 416 114 172 330 2014 7 2 4 54 15 2 60
11 34 76 32.608 -111.77 399 114 151 330 2014 7 2 4 55 7 2 60
11 34 76 32.54 -111.63 373 114 124 330 2014 7 2 4 56 15 2 60
11 34 76 32.499 -111.57 367 119 113 330 2014 7 2 4 57 15 2 60
11 34 76 32.416 -111.47 301 132 104 330 2014 7 2 4 58 15 2 77
11 34 76 32.386 -111.43 301 132 98 330 2014 7 2 4 59 16 2 77
11 34 76 32.331 -111.35 302 131 88 330 2014 7 2 5 0 15 2 77
11 34 76 32.274 -111.28 302 132 76 330 2014 7 2 5 1 15 2 77
11 34 76 32.222 -111.21 286 132 66 330 2014 7 2 5 2 15 2 77
11 34 76 32.175 -111.15 271 131 59 330 2014 7 2 5 3 6 2 77
11 34 76 32.13 -111.09 259 132 60 330 2014 7 2 5 4 15 2 77
11 34 76 32.085 -111.03 250 132 56 330 2014 7 2 5 5 15 2 77
11 34 76 32.043 -110.97 238 131 52 330 2014 7 2 5 6 6 2 77
11 34 76 32 -110.92 226 133 47 330 2014 7 2 5 7 15 2 77
11 34 76 32.025 -110.89 186 131 45 330 2014 7 2 5 8 15 2 77
11 34 76 32.065 -110.88 158 75 39 330 2014 7 2 5 9 15 2 77
12 34 76 33.945 -118.46 173 278 12 370 2014 7 2 17 50 6 1 15
12 34 76 33.917 -118.53 251 244 31 370 2014 7 2 17 51 6 1 15
12 34 76 33.874 -118.59 257 245 45 370 2014 7 2 17 52 6 1 15
12 34 76 33.8 -118.6 271 190 56 370 2014 7 2 17 53 16 1 15
12 34 76 33.8 -118.6 271 190 56 370 2014 7 2 17 54 6 1 15
12 34 76 33.681 -118.47 288 148 112 370 2014 7 2 17 55 6 1 2
12 34 76 33.683 -118.47 297 129 112 370 2014 7 2 17 56 6 1 2
12 34 76 33.651 -118.37 316 123 133 370 2014 7 2 17 57 6 1 18
12 34 76 33.643 -118.24 348 99 163 370 2014 7 2 17 58 6 1 18
12 34 76 33.644 -118.12 351 101 186 370 2014 7 2 17 59 6 1 18
12 34 76 33.644 -118 367 91 205 370 2014 7 2 18 0 6 1 18
12 34 76 33.644 -117.87 382 89 225 370 2014 7 2 18 1 7 1 18
12 34 76 33.643 -117.73 399 89 242 370 2014 7 2 18 2 16 1 51
12 34 76 33.643 -117.56 420 89 264 370 2014 7 2 18 3 6 1 51
12 34 76 33.642 -117.42 435 90 280 370 2014 7 2 18 4 6 1 51
12 34 76 33.643 -117.27 446 90 294 370 2014 7 2 18 5 16 1 51
12 34 76 33.642 -117.11 456 89 312 370 2014 7 2 18 6 16 1 51
12 34 76 33.64 -116.96 457 89 327 370 2014 7 2 18 7 6 1 51
12 34 76 33.638 -116.8 459 90 339 370 2014 7 2 18 8 6 1 41
12 34 76 33.635 -116.62 459 90 364 370 2014 7 2 18 9 6 1 41
12 34 76 33.632 -116.47 444 90 370 370 2014 7 2 18 10 6 1 41
12 34 76 33.63 -116.32 444 90 370 370 2014 7 2 18 11 11 1 41
12 34 76 33.627 -116.17 448 90 370 370 2014 7 2 18 12 6 1 41
12 34 76 33.625 -116.02 449 89 370 370 2014 7 2 18 13 16 1 41
12 34 76 33.622 -115.87 451 91 370 370 2014 7 2 18 14 7 1 41
12 34 76 33.619 -115.72 450 91 370 370 2014 7 2 18 15 6 1 41
12 34 76 33.616 -115.57 450 91 370 370 2014 7 2 18 16 6 1 41
12 34 76 33.611 -115.39 454 91 370 370 2014 7 2 18 17 6 1 41
12 34 76 33.608 -115.24 453 91 370 370 2014 7 2 18 18 6 1 39
12 34 76 33.579 -115.09 451 94 370 370 2014 7 2 18 19 6 1 39
12 34 76 33.543 -114.95 453 107 370 370 2014 7 2 18 20 6 1 39
12 34 76 33.523 -114.86 454 106 370 370 2014 7 2 18 21 6 1 39
12 34 76 33.464 -114.63 454 106 370 370 2014 7 2 18 22 6 1 39
12 34 76 33.452 -114.58 454 106 370 370 2014 7 2 18 23 6 1 39
12 34 76 33.392 -114.34 454 106 370 370 2014 7 2 18 24 6 1 39
12 34 76 33.38 -114.29 454 106 370 370 2014 7 2 18 25 6 1 39
12 34 76 33.336 -114.12 454 106 370 370 2014 7 2 18 26 6 1 39
12 34 76 33.299 -113.97 454 107 370 370 2014 7 2 18 27 6 2 102
12 34 76 33.263 -113.83 454 104 370 370 2014 7 2 18 28 6 2 102
12 34 76 33.225 -113.68 454 106 370 370 2014 7 2 18 29 6 2 102
12 34 76 33.188 -113.54 452 109 360 370 2014 7 2 18 30 6 2 102
12 34 76 33.151 -113.4 449 107 350 370 2014 7 2 18 31 6 2 102
12 34 76 33.128 -113.32 447 107 344 370 2014 7 2 18 32 6 2 102
12 34 76 33.078 -113.12 441 107 331 370 2014 7 2 18 33 6 2 102
12 34 76 33.032 -112.95 441 107 330 370 2014 7 2 18 34 6 2 102
12 34 76 32.994 -112.81 449 107 330 370 2014 7 2 18 35 16 2 102
12 34 76 32.955 -112.67 449 108 330 370 2014 7 2 18 36 6 2 102
12 34 76 32.954 -112.66 454 107 330 370 2014 7 2 18 37 6 2 102
12 34 76 32.901 -112.53 453 107 316 370 2014 7 2 18 38 6 2 90
12 34 76 32.8 -112.27 434 114 268 370 2014 7 2 18 39 6 2 90
12 34 76 32.747 -112.13 416 114 243 370 2014 7 2 18 40 16 2 60
12 34 76 32.747 -112.13 416 114 243 370 2014 7 2 18 41 10 2 60
12 34 76 32.701 -112.01 403 114 221 370 2014 7 2 18 42 6 2 60
12 34 76 32.658 -111.9 386 114 201 370 2014 7 2 18 43 16 2 60
12 34 76 32.591 -111.73 364 114 166 370 2014 7 2 18 44 16 2 60
12 34 76 32.541 -111.62 342 114 143 370 2014 7 2 18 45 6 2 60
12 34 76 32.49 -111.53 331 118 123 370 2014 7 2 18 46 6 2 77
12 34 76 32.444 -111.44 325 122 107 370 2014 7 2 18 47 6 2 77
12 34 76 32.404 -111.36 303 120 99 370 2014 7 2 18 48 6 2 77
12 34 76 32.364 -111.28 266 122 90 370 2014 7 2 18 49 6 2 77
12 34 76 32.327 -111.21 256 122 78 370 2014 7 2 18 50 6 2 77
12 34 76 32.29 -111.14 253 121 69 370 2014 7 2 18 51 6 2 77
12 34 76 32.241 -111.09 249 125 58 370 2014 7 2 18 52 6 2 77
12 34 76 32.198 -111.04 214 135 46 370 2014 7 2 18 53 6 2 77
12 34 76 32.16 -110.99 183 137 36 370 2014 7 2 18 54 15 2 77
13 34 76 33.926 -118.46 246 0 29 390 2014 7 2 23 25 16 1 15
13 34 76 33.863 -118.48 241 134 74 390 2014 7 2 23 26 10 1 15
13 34 76 33.863 -118.48 241 134 74 390 2014 7 2 23 27 6 1 15
13 34 76 33.694 -118.49 355 194 134 390 2014 7 2 23 28 6 1 18
13 34 76 33.651 -118.38 365 182 166 390 2014 7 2 23 29 20 1 18
13 34 76 33.641 -118.24 378 143 204 390 2014 7 2 23 30 8 1 17
13 34 76 33.641 -118.24 378 143 204 390 2014 7 2 23 31 6 1 17
13 34 76 33.644 -118.11 379 103 230 390 2014 7 2 23 32 6 1 18
13 34 76 33.644 -117.97 422 91 237 390 2014 7 2 23 33 6 1 18
13 34 76 33.644 -117.83 443 89 251 390 2014 7 2 23 34 6 1 51
13 34 76 33.644 -117.68 450 90 265 390 2014 7 2 23 35 6 1 51
13 34 76 33.644 -117.52 462 89 278 390 2014 7 2 23 36 6 1 51
13 34 76 33.631 -117.34 468 89 294 390 2014 7 2 23 37 16 1 51
13 34 76 33.609 -117.18 470 92 308 390 2014 7 2 23 38 6 1 51
13 34 76 33.588 -117.02 473 96 319 390 2014 7 2 23 39 6 1 51
13 34 76 33.567 -116.86 474 99 333 390 2014 7 2 23 40 6 1 51
13 34 76 33.547 -116.71 473 98 347 370 2014 7 2 23 41 6 1 41
13 34 76 33.527 -116.55 472 98 361 370 2014 7 2 23 42 6 1 41
13 34 76 33.508 -116.4 472 98 370 370 2014 7 2 23 43 6 1 41
13 34 76 33.481 -116.21 478 98 370 370 2014 7 2 23 44 6 1 41
13 34 76 33.46 -116.04 484 98 370 370 2014 7 2 23 45 6 1 41
13 34 76 33.438 -115.88 486 99 370 320 2014 7 2 23 46 6 1 41
13 34 76 33.415 -115.72 485 99 350 320 2014 7 2 23 47 6 1 41
13 34 76 33.394 -115.57 474 99 323 320 2014 7 2 23 48 6 1 41
13 34 76 33.372 -115.41 478 99 320 320 2014 7 2 23 49 16 1 39
13 34 76 33.355 -115.26 480 99 320 320 2014 7 2 23 50 6 1 39
13 34 76 33.322 -115.06 487 98 319 320 2014 7 2 23 51 6 1 39
13 34 76 33.299 -114.91 483 100 320 320 2014 7 2 23 52 6 1 39
13 34 76 33.278 -114.75 475 98 320 320 2014 7 2 23 53 15 1 39
13 34 76 33.254 -114.6 475 99 316 270 2014 7 2 23 54 16 1 39
13 34 76 33.233 -114.44 478 101 304 270 2014 7 2 23 55 16 1 39
13 34 76 33.202 -114.26 473 98 280 270 2014 7 2 23 56 6 1 39
13 34 76 33.188 -114.14 472 100 270 270 2014 7 2 23 57 6 1 39
13 34 76 33.164 -113.98 472 98 270 270 2014 7 2 23 58 15 2 90
13 34 76 33.138 -113.79 480 100 270 270 2014 7 2 23 59 6 2 90
13 34 76 33.11 -113.63 486 100 270 270 2014 7 3 0 0 6 2 90
13 34 76 33.086 -113.47 486 102 270 270 2014 7 3 0 1 6 2 90
13 34 76 33.085 -113.47 487 100 270 270 2014 7 3 0 2 6 2 90
13 34 76 33.03 -113.13 485 100 270 270 2014 7 3 0 3 16 2 90
13 34 76 33.01 -113 484 100 264 210 2014 7 3 0 4 16 2 90
13 34 76 33.01 -113 484 100 264 210 2014 7 3 0 5 6 2 90
13 34 76 32.964 -112.72 431 101 216 210 2014 7 3 0 6 6 2 64
13 34 76 32.939 -112.58 431 102 216 210 2014 7 3 0 7 6 2 64
13 34 76 32.922 -112.58 441 101 210 210 2014 7 3 0 8 6 2 64
13 34 76 32.868 -112.45 441 108 201 210 2014 7 3 0 9 6 2 64
13 34 76 32.817 -112.32 441 114 201 210 2014 7 3 0 10 6 2 60
13 34 76 32.766 -112.18 427 113 175 210 2014 7 3 0 11 6 2 64
13 34 76 32.719 -112.06 402 114 167 210 2014 7 3 0 12 6 2 60
13 34 76 32.672 -111.94 402 114 159 210 2014 7 3 0 13 6 2 60
13 34 76 32.615 -111.79 407 115 152 210 2014 7 3 0 14 6 2 60
13 34 76 32.568 -111.67 407 115 144 210 2014 7 3 0 15 6 2 60
13 34 76 32.509 -111.56 403 115 132 210 2014 7 3 0 16 7 2 60
13 34 76 32.43 -111.48 383 136 115 210 2014 7 3 0 17 6 2 77
13 34 76 32.322 -111.36 287 136 95 210 2014 7 3 0 18 6 2 77
13 34 76 32.261 -111.3 302 137 81 210 2014 7 3 0 19 6 2 77
13 34 76 32.246 -111.28 300 135 80 210 2014 7 3 0 20 16 2 77
13 34 76 32.141 -111.16 277 135 61 210 2014 7 3 0 21 6 2 77
13 34 76 32.125 -111.14 275 136 60 210 2014 7 3 0 22 6 2 77
13 34 76 32.081 -111.07 274 133 56 210 2014 7 3 0 23 15 2 77
13 34 76 32.053 -110.98 278 112 50 210 2014 7 3 0 24 6 2 77
13 34 76 32.079 -110.9 165 104 36 210 2014 7 3 0 25 16 2 77
13 34 76 32.079 -110.9 165 104 36 210 2014 7 3 0 26 6 2 77
14 34 76 33.924 -118.46 194 0 330 330 2014 7 2 15 33 6 1 51
14 34 76 33.884 -118.51 240 242 40 330 2014 7 2 15 34 6 1 15
14 34 76 33.81 -118.52 282 219 60 330 2014 7 2 15 35 6 1 15
14 34 76 33.719 -118.52 278 186 83 330 2014 7 2 15 36 6 1 2
14 34 76 33.692 -118.43 278 110 83 330 2014 7 2 15 37 6 1 15
14 34 76 33.602 -118.39 302 164 118 330 2014 7 2 15 38 15 1 2
14 34 76 33.549 -118.3 324 126 130 330 2014 7 2 15 39 16 1 2
14 34 76 33.549 -118.3 324 126 130 330 2014 7 2 15 40 6 1 2
14 34 76 33.511 -118.17 341 128 149 330 2014 7 2 15 41 6 1 18
14 34 76 33.486 -118.06 348 116 163 330 2014 7 2 15 42 6 1 17
14 34 76 33.42 -117.83 359 107 187 330 2014 7 2 15 43 6 1 17
14 34 76 33.389 -117.72 359 108 187 310 2014 7 2 15 44 8 1 17
14 34 76 33.387 -117.71 371 108 198 310 2014 7 2 15 45 6 1 17
14 34 76 33.347 -117.57 378 108 210 310 2014 7 2 15 46 6 1 17
14 34 76 33.313 -117.45 381 108 219 310 2014 7 2 15 47 6 1 17
14 34 76 33.277 -117.32 395 108 224 310 2014 7 2 15 48 6 1 26
14 34 76 33.241 -117.2 400 108 232 310 2014 7 2 15 49 6 1 26
14 34 76 33.205 -117.07 402 108 239 310 2014 7 2 15 50 15 1 26
14 34 76 33.178 -116.91 402 125 250 310 2014 7 2 15 51 6 1 50
14 34 76 33.157 -116.78 403 104 258 310 2014 7 2 15 52 6 1 50
14 34 76 33.134 -116.65 404 126 266 310 2014 7 2 15 53 6 1 50
14 34 76 33.111 -116.51 409 100 274 310 2014 7 2 15 54 6 1 50
14 34 76 33.088 -116.37 415 115 282 310 2014 7 2 15 55 6 1 50
14 34 76 33.07 -116.23 421 101 289 310 2014 7 2 15 56 6 1 50
14 34 76 33.053 -116.09 421 100 296 310 2014 7 2 15 57 6 1 50
14 34 76 33.031 -115.93 421 98 305 310 2014 7 2 15 58 6 1 50
14 34 76 33.014 -115.79 419 98 310 310 2014 7 2 15 59 6 1 50
14 34 76 32.997 -115.65 430 98 310 310 2014 7 2 16 0 6 1 50
14 34 76 32.978 -115.51 439 98 310 310 2014 7 2 16 1 6 1 50
14 34 76 32.959 -115.33 454 98 310 310 2014 7 2 16 2 6 1 50
14 34 76 32.939 -115.18 457 98 310 310 2014 7 2 16 3 6 1 50
14 34 76 32.92 -115.03 461 98 310 310 2014 7 2 16 4 16 1 50
14 34 76 32.898 -114.87 469 98 310 310 2014 7 2 16 5 6 1 50
14 34 76 32.877 -114.72 469 98 310 310 2014 7 2 16 6 6 1 50
14 34 76 32.858 -114.57 469 99 310 310 2014 7 2 16 7 6 1 50
14 34 76 32.837 -114.41 473 99 310 310 2014 7 2 16 8 6 1 50
14 34 76 32.834 -114.39 470 98 310 310 2014 7 2 16 9 6 1 50
14 34 76 32.811 -114.23 473 99 310 310 2014 7 2 16 10 6 1 50
14 34 76 32.791 -114.08 470 99 310 310 2014 7 2 16 11 6 1 50
14 34 76 32.783 -113.93 469 93 310 310 2014 7 2 16 12 6 2 90
14 34 76 32.806 -113.77 473 78 310 310 2014 7 2 16 13 6 2 90
14 34 76 32.827 -113.62 470 80 307 310 2014 7 2 16 14 19 2 90
14 34 76 32.851 -113.46 474 80 292 310 2014 7 2 16 15 16 2 90
14 34 76 32.875 -113.28 469 80 275 310 2014 7 2 16 16 6 2 90
14 34 76 32.894 -113.13 459 81 261 310 2014 7 2 16 17 6 2 90
14 34 76 32.914 -112.99 452 81 260 310 2014 7 2 16 18 6 2 90
14 34 76 32.934 -112.84 452 80 260 310 2014 7 2 16 19 6 2 90
14 34 76 32.952 -112.69 453 80 260 310 2014 7 2 16 20 9 2 90
14 34 76 32.905 -112.54 463 81 260 310 2014 7 2 16 21 6 2 90
14 34 76 32.851 -112.4 462 102 260 310 2014 7 2 16 22 16 2 90
14 34 76 32.786 -112.24 463 112 246 310 2014 7 2 16 23 16 2 60
14 34 76 32.739 -112.11 458 114 228 310 2014 7 2 16 24 6 2 60
14 34 76 32.687 -111.98 454 114 205 310 2014 7 2 16 25 16 2 60
14 34 76 32.628 -111.83 435 114 178 310 2014 7 2 16 26 6 2 60
14 34 76 32.571 -111.69 385 114 150 310 2014 7 2 16 27 6 2 60
14 34 76 32.535 -111.6 385 116 133 310 2014 7 2 16 28 6 2 60
14 34 76 32.455 -111.47 353 125 107 310 2014 7 2 16 29 6 2 77
14 34 76 32.428 -111.41 338 122 99 310 2014 7 2 16 30 6 2 77
14 34 76 32.361 -111.3 295 124 84 310 2014 7 2 16 31 6 2 77
14 34 76 32.318 -111.22 291 122 73 310 2014 7 2 16 32 6 2 77
14 34 76 32.284 -111.16 293 122 64 310 2014 7 2 16 33 6 2 77
14 34 76 32.235 -111.08 264 122 56 310 2014 7 2 16 34 6 2 77
14 34 76 32.193 -111.03 220 131 47 310 2014 7 2 16 35 16 2 77
14 34 76 32.16 -110.99 177 133 36 310 2014 7 2 16 36 6 2 77
14 34 76 32.163 -110.99 213 143 37 310 2014 7 2 16 37 6 2 77
15 34 76 33.943 -118.41 148 0 1 330 2014 7 2 19 14 6 1 15
15 34 76 33.902 -118.5 221 240 28 330 2014 7 2 19 15 6 1 15
15 34 76 33.82 -118.53 260 196 52 330 2014 7 2 19 16 17 1 15
15 34 76 33.744 -118.52 271 196 77 330 2014 7 2 19 17 6 1 2
15 34 76 33.682 -118.47 285 187 98 330 2014 7 2 19 18 16 1 2
15 34 76 33.65 -118.36 300 161 119 330 2014 7 2 19 19 16 1 2
15 34 76 33.645 -118.25 321 124 140 330 2014 7 2 19 20 6 1 18
15 34 76 33.644 -118.14 332 97 157 330 2014 7 2 19 21 6 1 18
15 34 76 33.644 -118.03 334 91 175 330 2014 7 2 19 22 16 1 18
15 34 76 33.644 -117.9 340 90 192 330 2014 7 2 19 23 16 1 18
15 34 76 33.644 -117.78 348 89 206 330 2014 7 2 19 24 6 1 18
15 34 76 33.643 -117.66 364 90 218 330 2014 7 2 19 25 6 1 18
15 34 76 33.643 -117.53 372 90 227 330 2014 7 2 19 26 6 1 18
15 34 76 33.644 -117.4 390 90 236 330 2014 7 2 19 27 6 1 18
15 34 76 33.644 -117.27 395 89 247 330 2014 7 2 19 28 6 1 51
15 34 76 33.642 -117.11 399 89 257 330 2014 7 2 19 29 6 1 51
15 34 76 33.64 -116.97 406 90 265 330 2014 7 2 19 30 6 1 51
15 34 76 33.639 -116.83 410 90 273 330 2014 7 2 19 31 6 1 41
15 34 76 33.635 -116.69 421 90 280 330 2014 7 2 19 32 6 1 41
15 34 76 33.633 -116.55 422 91 287 330 2014 7 2 19 33 15 1 41
15 34 76 33.631 -116.4 425 91 293 330 2014 7 2 19 34 6 1 41
15 34 76 33.631 -116.26 429 90 298 330 2014 7 2 19 35 6 1 41
15 34 76 33.627 -116.11 429 92 298 330 2014 7 2 19 36 6 1 41
15 34 76 33.626 -116.08 438 90 305 330 2014 7 2 19 37 7 1 41
15 34 76 33.622 -115.8 430 91 318 330 2014 7 2 19 38 6 1 41
15 34 76 33.594 -115.66 430 103 318 330 2014 7 2 19 39 6 1 41
15 34 76 33.607 -115.65 430 95 323 330 2014 7 2 19 40 6 1 41
15 34 76 33.566 -115.43 439 100 330 330 2014 7 2 19 41 6 1 41
15 34 76 33.533 -115.29 437 103 330 330 2014 7 2 19 42 16 1 39
15 34 76 33.498 -115.12 439 103 330 330 2014 7 2 19 43 6 1 39
15 34 76 33.483 -115.06 443 103 330 330 2014 7 2 19 44 6 1 39
15 34 76 33.452 -114.91 446 104 330 330 2014 7 2 19 45 6 1 39
15 34 76 33.406 -114.69 443 104 330 330 2014 7 2 19 46 6 1 39
15 34 76 33.376 -114.55 443 104 330 330 2014 7 2 19 47 6 1 39
15 34 76 33.361 -114.49 443 104 330 330 2014 7 2 19 48 6 1 39
15 34 76 33.313 -114.26 443 104 330 330 2014 7 2 19 49 6 1 39
15 34 76 33.291 -114.17 443 104 330 330 2014 7 2 19 50 6 1 39
15 34 76 33.261 -114.03 443 105 330 330 2014 7 2 19 51 6 1 39
15 34 76 33.233 -113.89 443 104 330 330 2014 7 2 19 52 16 2 102
15 34 76 33.203 -113.75 442 103 328 330 2014 7 2 19 53 6 2 90
15 34 76 33.168 -113.6 449 282 318 330 2014 7 2 19 54 6 2 90
15 34 76 33.131 -113.43 439 104 310 330 2014 7 2 19 55 6 2 90
15 34 76 33.1 -113.3 433 104 310 330 2014 7 2 19 56 6 2 90
15 34 76 33.069 -113.16 432 105 310 330 2014 7 2 19 57 15 2 90
15 34 76 33.037 -113.02 436 104 308 330 2014 7 2 19 58 6 2 90
15 34 76 33.017 -112.94 433 105 303 330 2014 7 2 19 59 16 2 90
15 34 76 32.984 -112.79 449 105 295 330 2014 7 2 20 0 6 2 90
15 34 76 32.945 -112.64 459 108 287 330 2014 7 2 20 1 7 2 90
15 34 76 32.889 -112.5 461 106 279 330 2014 7 2 20 2 16 2 90
15 34 76 32.836 -112.36 465 112 271 330 2014 7 2 20 3 6 2 90
15 34 76 32.776 -112.2 466 114 249 330 2014 7 2 20 4 6 2 60
15 34 76 32.721 -112.07 466 114 226 330 2014 7 2 20 5 6 2 60
15 34 76 32.67 -111.93 452 114 203 330 2014 7 2 20 6 6 2 60
15 34 76 32.622 -111.81 426 114 183 330 2014 7 2 20 7 6 2 60
15 34 76 32.576 -111.69 403 115 163 330 2014 7 2 20 8 16 2 60
15 34 76 32.518 -111.58 398 120 143 330 2014 7 2 20 9 6 2 60
15 34 76 32.432 -111.47 390 131 125 330 2014 7 2 20 10 6 2 77
15 34 76 32.378 -111.4 370 131 114 330 2014 7 2 20 11 6 2 77
15 34 76 32.32 -111.32 308 131 104 330 2014 7 2 20 12 6 2 77
15 34 76 32.266 -111.25 298 132 94 330 2014 7 2 20 13 6 2 77
15 34 76 32.215 -111.19 294 131 86 330 2014 7 2 20 14 6 2 77
15 34 76 32.201 -111.17 296 133 84 330 2014 7 2 20 15 6 2 77
15 34 76 32.146 -111.1 294 131 74 330 2014 7 2 20 16 6 2 77
15 34 76 32.089 -111.02 295 133 63 330 2014 7 2 20 17 6 2 77
15 34 76 32.03 -110.95 277 133 58 330 2014 7 2 20 18 6 2 77
15 34 76 32.011 -110.88 258 118 53 330 2014 7 2 20 19 6 2 77
15 34 76 32.052 -110.87 184 109 42 330 2014 7 2 20 20 16 2 77
17 34 76 33.95 -118.45 166 0 12 350 2014 7 3 23 3 6 1 15
17 34 76 33.933 -118.5 233 268 25 350 2014 7 3 23 4 6 1 15
17 34 76 33.872 -118.52 260 248 46 350 2014 7 3 23 5 6 1 15
17 34 76 33.807 -118.52 267 147 51 350 2014 7 3 23 6 6 1 15
17 34 76 33.712 -118.52 288 186 79 350 2014 7 3 23 7 6 1 2
17 34 76 33.669 -118.44 297 180 103 350 2014 7 3 23 8 6 1 2
17 34 76 33.645 -118.34 323 154 122 350 2014 7 3 23 9 6 1 2
17 34 76 33.635 -118.2 366 113 136 350 2014 7 3 23 10 6 1 18
17 34 76 33.623 -118.07 385 128 161 350 2014 7 3 23 11 6 1 18
17 34 76 33.609 -117.94 389 95 174 350 2014 7 3 23 12 6 1 18
17 34 76 33.596 -117.8 415 96 192 350 2014 7 3 23 13 6 1 18
17 34 76 33.581 -117.66 421 96 207 350 2014 7 3 23 14 6 1 18
17 34 76 33.562 -117.49 428 97 225 350 2014 7 3 23 15 6 1 18
17 34 76 33.548 -117.35 435 97 237 350 2014 7 3 23 16 6 1 18
17 34 76 33.531 -117.2 446 97 247 350 2014 7 3 23 17 6 1 51
17 34 76 33.515 -117.05 446 97 247 350 2014 7 3 23 18 6 1 51
17 34 76 33.514 -117.04 460 97 257 350 2014 7 3 23 19 6 1 51
17 34 76 33.496 -116.88 463 97 270 350 2014 7 3 23 20 6 1 51
17 34 76 33.48 -116.73 465 97 288 350 2014 7 3 23 21 6 1 51
17 34 76 33.463 -116.58 460 97 302 350 2014 7 3 23 22 6 1 41
17 34 76 33.446 -116.43 459 97 313 350 2014 7 3 23 23 6 1 41
17 34 76 33.426 -116.24 459 97 325 350 2014 7 3 23 24 6 1 41
17 34 76 33.407 -116.09 464 97 334 350 2014 7 3 23 25 6 1 41
17 34 76 33.389 -115.93 472 97 346 350 2014 7 3 23 26 6 1 41
17 34 76 33.369 -115.78 469 98 350 350 2014 7 3 23 27 6 1 41
17 34 76 33.35 -115.62 468 98 350 350 2014 7 3 23 28 6 1 41
17 34 76 33.331 -115.47 467 98 350 350 2014 7 3 23 29 6 1 39
17 34 76 33.312 -115.32 466 97 350 350 2014 7 3 23 30 6 1 39
17 34 76 33.288 -115.14 466 97 350 350 2014 7 3 23 31 6 1 39
17 34 76 33.269 -114.98 467 98 350 350 2014 7 3 23 32 6 1 39
17 34 76 33.252 -114.83 470 98 350 350 2014 7 3 23 33 6 1 39
17 34 76 33.235 -114.68 467 97 350 350 2014 7 3 23 34 6 1 39
17 34 76 33.216 -114.52 467 99 350 350 2014 7 3 23 35 7 1 39
17 34 76 33.194 -114.37 465 98 350 350 2014 7 3 23 36 17 1 39
17 34 76 33.168 -114.19 465 99 350 350 2014 7 3 23 37 6 1 39
17 34 76 33.148 -114.04 466 99 350 350 2014 7 3 23 38 6 1 39
17 34 76 33.128 -113.89 467 99 350 350 2014 7 3 23 39 6 2 102
17 34 76 33.108 -113.73 466 99 350 350 2014 7 3 23 40 6 2 102
17 34 76 33.087 -113.58 462 99 350 350 2014 7 3 23 41 6 2 102
17 34 76 33.061 -113.4 461 99 350 350 2014 7 3 23 42 6 2 102
17 34 76 33.041 -113.26 463 99 350 350 2014 7 3 23 43 6 2 102
17 34 76 33.028 -113.16 463 99 350 350 2014 7 3 23 44 6 2 102
17 34 76 33.006 -113.01 463 99 350 350 2014 7 3 23 45 6 2 102
17 34 76 32.985 -112.86 463 99 350 350 2014 7 3 23 46 6 2 102
17 34 76 32.962 -112.71 463 99 350 350 2014 7 3 23 47 6 2 102
17 34 76 32.918 -112.57 449 99 341 350 2014 7 3 23 48 6 2 102
17 34 76 32.867 -112.44 432 105 330 350 2014 7 3 23 49 6 2 102
17 34 76 32.82 -112.32 424 112 320 350 2014 7 3 23 50 6 2 90
17 34 76 32.768 -112.18 416 114 310 350 2014 7 3 23 51 6 2 90
17 34 76 32.721 -112.06 407 114 300 350 2014 7 3 23 52 6 2 90
17 34 76 32.675 -111.95 402 114 288 350 2014 7 3 23 53 6 2 90
17 34 76 32.629 -111.83 399 114 262 350 2014 7 3 23 54 6 2 90
17 34 76 32.582 -111.71 395 115 237 350 2014 7 3 23 55 6 2 60
17 34 76 32.526 -111.6 398 113 221 350 2014 7 3 23 56 7 2 60
17 34 76 32.44 -111.53 394 131 181 350 2014 7 3 23 57 6 2 60
17 34 76 32.311 -111.43 390 148 144 350 2014 7 3 23 58 6 2 77
17 34 76 32.249 -111.36 389 140 117 350 2014 7 3 23 59 6 2 77
17 34 76 32.174 -111.28 385 136 99 350 2014 7 4 0 0 6 2 77
17 34 76 32.112 -111.21 318 135 92 350 2014 7 4 0 1 9 2 77
17 34 76 32.051 -111.14 309 136 80 350 2014 7 4 0 2 6 2 77
17 34 76 31.996 -111.08 286 136 72 350 2014 7 4 0 3 6 2 77
17 34 76 31.96 -111.01 264 138 59 350 2014 7 4 0 4 6 2 77
17 34 76 31.974 -110.95 246 107 55 350 2014 7 4 0 5 6 2 77
17 34 76 31.995 -110.93 222 75 51 350 2014 7 4 0 6 6 2 77
17 34 76 32.035 -110.89 218 39 44 350 2014 7 4 0 7 6 2 77
17 34 76 32.076 -110.89 171 37 34 350 2014 7 4 0 8 6 2 77
19 34 76 33.93 -118.44 151 246 16 330 2014 7 3 2 46 15 1 15
19 34 76 33.865 -118.46 246 195 33 330 2014 7 3 2 47 6 1 15
19 34 76 33.789 -118.49 263 197 61 330 2014 7 3 2 48 15 1 15
19 34 76 33.715 -118.5 287 199 84 330 2014 7 3 2 49 15 1 2
19 34 76 33.712 -118.41 287 91 84 330 2014 7 3 2 50 6 1 15
19 34 76 33.669 -118.43 303 163 99 330 2014 7 3 2 51 6 1 2
19 34 76 33.643 -118.32 325 156 110 330 2014 7 3 2 52 6 1 2
19 34 76 33.645 -118.07 346 96 147 330 2014 7 3 2 53 15 1 18
19 34 76 33.644 -117.95 360 89 160 330 2014 7 3 2 54 6 1 18
19 34 76 33.644 -117.83 360 90 160 330 2014 7 3 2 55 6 1 18
19 34 76 33.644 -117.83 373 89 170 330 2014 7 3 2 56 15 1 18
19 34 76 33.644 -117.69 389 90 179 330 2014 7 3 2 57 6 1 18
19 34 76 33.642 -117.4 404 89 201 330 2014 7 3 2 58 16 1 18
19 34 76 33.642 -117.4 404 89 201 330 2014 7 3 2 59 7 1 18
19 34 76 33.641 -117.26 405 90 211 330 2014 7 3 3 0 16 1 18
19 34 76 33.64 -117.12 411 90 218 330 2014 7 3 3 1 6 1 26
19 34 76 33.639 -116.98 419 90 226 330 2014 7 3 3 2 6 1 26
19 34 76 33.637 -116.83 423 90 233 330 2014 7 3 3 3 6 1 26
19 34 76 33.634 -116.69 427 90 242 330 2014 7 3 3 4 6 1 41
19 34 76 33.611 -116.55 427 90 250 330 2014 7 3 3 5 6 1 41
19 34 76 33.591 -116.41 427 96 255 330 2014 7 3 3 6 6 1 41
19 34 76 33.57 -116.27 433 100 260 330 2014 7 3 3 7 6 1 41
19 34 76 33.546 -116.12 435 99 265 330 2014 7 3 3 8 16 1 41
19 34 76 33.517 -115.95 441 100 272 330 2014 7 3 3 9 16 1 41
19 34 76 33.495 -115.8 443 100 277 330 2014 7 3 3 10 16 1 41
19 34 76 33.472 -115.66 443 100 282 330 2014 7 3 3 11 6 1 41
19 34 76 33.447 -115.51 443 100 287 330 2014 7 3 3 12 16 1 41
19 34 76 33.424 -115.34 440 101 293 330 2014 7 3 3 13 15 1 39
19 34 76 33.398 -115.2 440 100 298 330 2014 7 3 3 14 16 1 39
19 34 76 33.377 -115.08 441 101 302 330 2014 7 3 3 15 6 1 39
19 34 76 33.351 -114.91 440 101 308 330 2014 7 3 3 16 6 1 39
19 34 76 33.327 -114.77 440 101 310 310 2014 7 3 3 17 15 1 39
19 34 76 33.299 -114.62 443 100 310 310 2014 7 3 3 18 15 1 39
19 34 76 33.274 -114.47 449 102 310 310 2014 7 3 3 19 6 1 39
19 34 76 33.245 -114.3 449 101 310 310 2014 7 3 3 20 6 1 39
19 34 76 33.22 -114.15 451 100 310 310 2014 7 3 3 21 6 1 39
19 34 76 33.196 -114 454 100 310 310 2014 7 3 3 22 16 1 39
19 34 76 33.17 -113.85 459 101 310 310 2014 7 3 3 23 6 2 90
19 34 76 33.143 -113.7 459 103 310 310 2014 7 3 3 24 15 2 90
19 34 76 33.116 -113.55 464 100 310 310 2014 7 3 3 25 16 2 90
19 34 76 33.089 -113.4 460 102 310 310 2014 7 3 3 26 16 2 90
19 34 76 33.09 -113.4 460 102 310 310 2014 7 3 3 27 6 2 90
19 34 76 33.058 -113.22 460 101 309 310 2014 7 3 3 28 6 2 90
19 34 76 33.031 -113.07 461 102 295 310 2014 7 3 3 29 6 2 90
19 34 76 33.002 -112.92 466 101 281 110 2014 7 3 3 30 6 2 90
19 34 76 32.975 -112.77 467 102 267 110 2014 7 3 3 31 6 2 90
19 34 76 32.936 -112.62 465 102 252 110 2014 7 3 3 32 6 2 64
19 34 76 32.881 -112.48 465 104 238 110 2014 7 3 3 33 6 2 64
19 34 76 32.828 -112.34 465 112 224 110 2014 7 3 3 34 16 2 60
19 34 76 32.77 -112.19 457 114 208 110 2014 7 3 3 35 16 2 60
19 34 76 32.719 -112.06 450 114 194 110 2014 7 3 3 36 6 2 60
19 34 76 32.669 -111.93 438 114 178 110 2014 7 3 3 37 15 2 60
19 34 76 32.589 -111.73 380 115 156 110 2014 7 3 3 38 15 2 60
19 34 76 32.542 -111.62 372 112 145 110 2014 7 3 3 39 15 2 60
19 34 76 32.468 -111.54 376 120 135 110 2014 7 3 3 40 15 2 77
19 34 76 32.392 -111.45 372 136 122 110 2014 7 3 3 41 6 2 77
19 34 76 32.33 -111.39 313 137 111 110 2014 7 3 3 42 16 2 77
19 34 76 32.268 -111.32 298 137 101 110 2014 7 3 3 43 15 2 77
19 34 76 32.208 -111.25 299 136 91 110 2014 7 3 3 44 16 2 77
19 34 76 32.181 -111.22 300 136 86 110 2014 7 3 3 45 6 2 77
19 34 76 32.082 -111.11 288 135 70 110 2014 7 3 3 46 16 2 77
19 34 76 32.028 -111.05 262 135 62 110 2014 7 3 3 47 16 2 77
19 34 76 32.031 -110.98 239 131 56 110 2014 7 3 3 48 15 2 77
19 34 76 32.066 -110.92 234 65 51 110 2014 7 3 3 49 15 2 77
19 34 76 32.085 -110.88 249 57 51 110 2014 7 3 3 50 15 2 77
19 34 76 32.109 -110.84 238 58 50 110 2014 7 3 3 51 15 2 77
19 34 76 32.164 -110.85 241 55 51 110 2014 7 3 3 52 16 2 77
21 34 76 33.933 -118.44 161 0 20 390 2014 7 3 3 37 15 1 15
21 34 76 33.881 -118.5 257 251 42 390 2014 7 3 3 38 15 1 15
21 34 76 33.803 -118.52 268 231 70 390 2014 7 3 3 39 15 1 15
21 34 76 33.723 -118.52 288 205 96 390 2014 7 3 3 40 15 1 2
21 34 76 33.671 -118.44 319 157 113 390 2014 7 3 3 41 6 1 2
21 34 76 33.644 -118.33 339 154 134 390 2014 7 3 3 42 16 1 18
21 34 76 33.644 -118.19 357 116 162 390 2014 7 3 3 43 15 1 18
21 34 76 33.644 -118.07 358 97 184 390 2014 7 3 3 44 16 1 18
21 34 76 33.645 -117.95 370 89 203 390 2014 7 3 3 45 6 1 18
21 34 76 33.645 -117.82 378 89 222 390 2014 7 3 3 46 16 1 18
21 34 76 33.644 -117.69 398 89 230 390 2014 7 3 3 47 16 1 18
21 34 76 33.644 -117.54 426 90 249 390 2014 7 3 3 48 15 1 51
21 34 76 33.643 -117.37 426 90 272 390 2014 7 3 3 49 15 1 51
21 34 76 33.642 -117.23 423 90 286 390 2014 7 3 3 50 15 1 51
21 34 76 33.64 -117.09 426 90 302 390 2014 7 3 3 51 15 1 51
21 34 76 33.637 -116.95 428 90 315 390 2014 7 3 3 52 16 1 51
21 34 76 33.636 -116.79 443 91 326 390 2014 7 3 3 53 15 1 41
21 34 76 33.615 -116.64 446 90 336 390 2014 7 3 3 54 6 1 41
21 34 76 33.593 -116.5 449 96 347 390 2014 7 3 3 55 15 1 41
21 34 76 33.571 -116.35 450 99 357 390 2014 7 3 3 56 6 1 41
21 34 76 33.549 -116.2 457 100 365 390 2014 7 3 3 57 15 1 41
21 34 76 33.526 -116.05 457 99 373 390 2014 7 3 3 58 15 1 41
21 34 76 33.496 -115.86 463 100 383 390 2014 7 3 3 59 15 1 41
21 34 76 33.472 -115.71 464 100 390 390 2014 7 3 4 0 16 1 41
21 34 76 33.448 -115.56 462 100 390 390 2014 7 3 4 1 16 1 41
21 34 76 33.422 -115.4 477 101 390 390 2014 7 3 4 2 6 1 39
21 34 76 33.422 -115.4 481 100 390 390 2014 7 3 4 3 15 1 39
21 34 76 33.37 -115.07 491 100 390 390 2014 7 3 4 4 16 1 39
21 34 76 33.347 -114.92 490 100 390 390 2014 7 3 4 5 16 1 39
21 34 76 33.347 -114.92 490 100 390 390 2014 7 3 4 6 6 1 39
21 34 76 33.318 -114.75 491 100 390 390 2014 7 3 4 7 6 1 39
21 34 76 33.268 -114.44 486 101 390 390 2014 7 3 4 8 15 1 39
21 34 76 33.241 -114.29 486 100 390 390 2014 7 3 4 9 15 1 39
21 34 76 33.234 -114.25 487 101 390 390 2014 7 3 4 10 16 1 39
21 34 76 33.208 -114.1 486 101 390 390 2014 7 3 4 11 6 1 39
21 34 76 33.182 -113.94 486 99 390 390 2014 7 3 4 12 6 2 102
21 34 76 33.156 -113.78 486 102 390 390 2014 7 3 4 13 15 2 102
21 34 76 33.126 -113.62 488 101 370 390 2014 7 3 4 14 16 2 102
21 34 76 33.099 -113.47 473 102 351 390 2014 7 3 4 15 6 2 102
21 34 76 33.069 -113.29 468 101 350 390 2014 7 3 4 16 6 2 102
21 34 76 33.042 -113.14 461 102 350 390 2014 7 3 4 17 16 2 102
21 34 76 33.021 -113.02 460 102 350 390 2014 7 3 4 18 16 2 102
21 34 76 32.994 -112.87 459 101 350 390 2014 7 3 4 19 6 2 102
21 34 76 32.966 -112.72 461 102 346 390 2014 7 3 4 20 16 2 102
21 34 76 32.918 -112.57 478 102 319 390 2014 7 3 4 21 6 2 90
21 34 76 32.863 -112.43 478 106 289 390 2014 7 3 4 22 16 2 90
21 34 76 32.81 -112.3 459 112 258 390 2014 7 3 4 23 16 2 60
21 34 76 32.756 -112.15 438 114 231 390 2014 7 3 4 24 16 2 60
21 34 76 32.709 -112.03 417 114 209 390 2014 7 3 4 25 16 2 60
21 34 76 32.664 -111.92 398 114 189 390 2014 7 3 4 26 6 2 60
21 34 76 32.621 -111.81 372 114 169 390 2014 7 3 4 27 6 2 60
21 34 76 32.558 -111.65 344 114 138 390 2014 7 3 4 28 6 2 60
21 34 76 32.508 -111.57 328 117 118 390 2014 7 3 4 29 6 2 60
21 34 76 32.462 -111.48 321 126 109 390 2014 7 3 4 30 15 2 77
21 34 76 32.422 -111.41 292 122 96 390 2014 7 3 4 31 15 2 77
21 34 76 32.38 -111.33 278 123 81 390 2014 7 3 4 32 6 2 77
21 34 76 32.347 -111.27 277 124 68 390 2014 7 3 4 33 15 2 77
21 34 76 32.306 -111.2 277 122 60 390 2014 7 3 4 34 15 2 77
21 34 76 32.269 -111.13 190 117 57 390 2014 7 3 4 35 15 2 77
21 34 76 32.235 -111.08 184 124 55 390 2014 7 3 4 36 15 2 77
21 34 76 32.198 -111.03 176 135 45 390 2014 7 3 4 37 15 2 77
21 34 76 32.174 -111.01 135 134 39 390 2014 7 3 4 38 15 2 77
21 34 76 32.151 -110.98 121 136 33 390 2014 7 3 4 39 15 2 77
21 34 76 32.126 -110.95 118 132 27 390 2014 7 3 4 40 15 2 77
22 34 76 33.939 -118.45 172 0 11 370 2014 7 3 18 9 6 1 15
22 34 76 33.876 -118.48 223 265 29 370 2014 7 3 18 10 6 1 15
22 34 76 33.8 -118.5 263 221 55 370 2014 7 3 18 11 6 1 15
22 34 76 33.727 -118.51 267 166 81 370 2014 7 3 18 12 6 1 2
22 34 76 33.675 -118.45 292 191 107 370 2014 7 3 18 13 6 1 2
22 34 76 33.646 -118.35 321 162 126 370 2014 7 3 18 14 6 1 2
22 34 76 33.644 -118.21 353 120 157 370 2014 7 3 18 15 6 1 18
22 34 76 33.644 -118.09 353 89 157 370 2014 7 3 18 16 6 1 18
22 34 76 33.644 -117.97 362 90 202 370 2014 7 3 18 17 16 1 18
22 34 76 33.644 -117.84 376 89 222 370 2014 7 3 18 18 16 1 18
22 34 76 33.644 -117.84 376 89 222 370 2014 7 3 18 19 6 1 18
22 34 76 33.643 -117.69 392 89 244 370 2014 7 3 18 20 6 1 51
22 34 76 33.633 -117.55 409 90 259 370 2014 7 3 18 21 6 1 51
22 34 76 33.617 -117.41 415 94 274 370 2014 7 3 18 22 6 1 51
22 34 76 33.599 -117.27 426 96 287 370 2014 7 3 18 23 6 1 51
22 34 76 33.581 -117.12 439 98 298 370 2014 7 3 18 24 8 1 51
22 34 76 33.564 -116.97 444 98 314 370 2014 7 3 18 25 6 1 51
22 34 76 33.545 -116.83 445 98 327 370 2014 7 3 18 26 6 1 51
22 34 76 33.527 -116.68 444 98 335 370 2014 7 3 18 27 6 1 41
22 34 76 33.505 -116.5 456 98 350 370 2014 7 3 18 28 6 1 41
22 34 76 33.484 -116.35 453 98 363 370 2014 7 3 18 29 7 1 41
22 34 76 33.467 -116.2 444 98 370 370 2014 7 3 18 30 6 1 41
22 34 76 33.447 -116.05 450 98 370 370 2014 7 3 18 31 6 1 41
22 34 76 33.427 -115.9 457 98 370 370 2014 7 3 18 32 6 1 41
22 34 76 33.407 -115.75 454 99 370 370 2014 7 3 18 33 6 1 41
22 34 76 33.381 -115.55 451 99 370 370 2014 7 3 18 34 7 1 39
22 34 76 33.362 -115.43 452 98 370 370 2014 7 3 18 35 6 1 39
22 34 76 33.341 -115.28 452 99 370 370 2014 7 3 18 36 6 1 39
22 34 76 33.321 -115.13 452 99 370 370 2014 7 3 18 37 6 1 39
22 34 76 33.3 -114.98 452 99 370 370 2014 7 3 18 38 6 1 39
22 34 76 33.279 -114.84 452 99 370 370 2014 7 3 18 39 6 1 39
22 34 76 33.256 -114.66 452 99 370 370 2014 7 3 18 40 6 1 39
22 34 76 33.233 -114.51 452 99 370 370 2014 7 3 18 41 6 1 39
22 34 76 33.218 -114.37 450 98 370 370 2014 7 3 18 42 6 1 39
22 34 76 33.193 -114.22 454 100 370 370 2014 7 3 18 43 6 1 39
22 34 76 33.188 -114.07 456 98 370 370 2014 7 3 18 44 6 1 39
22 34 76 33.188 -114.01 451 92 370 370 2014 7 3 18 45 6 1 39
22 34 76 33.181 -113.86 452 92 370 370 2014 7 3 18 46 6 2 102
22 34 76 33.177 -113.71 452 91 370 370 2014 7 3 18 47 6 2 102
22 34 76 33.171 -113.56 452 92 365 370 2014 7 3 18 48 6 2 102
22 34 76 33.161 -113.41 457 93 356 370 2014 7 3 18 49 6 2 102
22 34 76 33.122 -113.26 459 105 347 370 2014 7 3 18 50 6 2 102
22 34 76 33.073 -113.09 459 108 333 370 2014 7 3 18 51 6 2 102
22 34 76 33.034 -112.95 450 108 318 370 2014 7 3 18 52 6 2 90
22 34 76 32.997 -112.82 435 107 303 370 2014 7 3 18 53 6 2 90
22 34 76 32.96 -112.69 419 108 288 370 2014 7 3 18 54 6 2 90
22 34 76 32.916 -112.57 405 108 273 370 2014 7 3 18 55 6 2 90
22 34 76 32.869 -112.45 398 112 270 370 2014 7 3 18 56 6 2 90
22 34 76 32.814 -112.3 397 114 266 370 2014 7 3 18 57 6 2 90
22 34 76 32.767 -112.18 399 114 256 370 2014 7 3 18 58 6 2 60
22 34 76 32.724 -112.07 409 114 243 370 2014 7 3 18 59 6 2 60
22 34 76 32.67 -111.93 395 114 224 370 2014 7 3 19 0 6 2 60
22 34 76 32.63 -111.82 368 114 208 370 2014 7 3 19 1 7 2 60
22 34 76 32.612 -111.79 357 114 198 370 2014 7 3 19 2 6 2 60
22 34 76 32.566 -111.67 348 116 169 370 2014 7 3 19 3 6 2 60
22 34 76 32.49 -111.53 352 122 130 370 2014 7 3 19 4 6 2 77
22 34 76 32.454 -111.46 352 124 113 370 2014 7 3 19 5 6 2 77
22 34 76 32.418 -111.4 335 123 110 370 2014 7 3 19 6 6 2 77
22 34 76 32.365 -111.3 269 122 96 370 2014 7 3 19 7 6 2 77
22 34 76 32.304 -111.2 256 124 67 370 2014 7 3 19 8 6 2 77
22 34 76 32.288 -111.17 258 124 61 370 2014 7 3 19 9 6 2 77
22 34 76 32.252 -111.11 222 122 59 370 2014 7 3 19 10 6 2 77
22 34 76 32.235 -111.07 234 128 54 370 2014 7 3 19 11 6 2 77
22 34 76 32.184 -111.02 197 131 41 370 2014 7 3 19 12 6 2 77
22 34 76 32.151 -110.98 160 134 34 370 2014 7 3 19 13 6 2 77
24 34 76 33.931 -118.45 170 0 12 330 2014 7 4 23 8 6 1 15
24 34 76 33.917 -118.48 213 250 23 330 2014 7 4 23 9 6 1 15
24 34 76 33.828 -118.52 253 208 49 330 2014 7 4 23 10 16 1 15
24 34 76 33.753 -118.52 269 187 73 330 2014 7 4 23 11 15 1 2
24 34 76 33.694 -118.44 280 182 98 330 2014 7 4 23 12 16 1 15
24 34 76 33.65 -118.35 309 152 110 330 2014 7 4 23 13 16 1 2
24 34 76 33.644 -118.24 341 126 126 330 2014 7 4 23 14 6 1 2
24 34 76 33.645 -118.13 341 107 142 330 2014 7 4 23 15 15 1 18
24 34 76 33.645 -118.02 341 90 142 330 2014 7 4 23 16 6 1 18
24 34 76 33.645 -118.02 344 91 157 330 2014 7 4 23 17 6 1 18
24 34 76 33.645 -117.9 351 89 172 330 2014 7 4 23 18 6 1 18
24 34 76 33.644 -117.63 372 90 197 330 2014 7 4 23 19 16 1 18
24 34 76 33.642 -117.51 376 90 205 330 2014 7 4 23 20 16 1 18
24 34 76 33.642 -117.51 376 90 205 330 2014 7 4 23 21 6 1 18
24 34 76 33.641 -117.24 392 90 217 330 2014 7 4 23 22 16 1 18
24 34 76 33.641 -117.24 392 90 217 330 2014 7 4 23 23 6 1 18
24 34 76 33.641 -117.11 393 90 225 330 2014 7 4 23 24 16 1 26
24 34 76 33.639 -116.98 406 90 230 330 2014 7 4 23 25 15 1 26
24 34 76 33.638 -116.82 423 90 230 330 2014 7 4 23 26 6 1 26
24 34 76 33.635 -116.68 424 90 235 330 2014 7 4 23 27 16 1 26
24 34 76 33.655 -116.54 415 90 246 330 2014 7 4 23 28 15 1 41
24 34 76 33.683 -116.41 414 85 254 330 2014 7 4 23 29 16 1 41
24 34 76 33.668 -116.28 420 86 262 330 2014 7 4 23 30 16 1 41
24 34 76 33.644 -116.14 401 86 269 330 2014 7 4 23 31 15 1 41
24 34 76 33.619 -116.01 407 100 274 330 2014 7 4 23 32 15 1 41
24 34 76 33.593 -115.87 410 102 279 290 2014 7 4 23 33 6 1 41
24 34 76 33.564 -115.71 413 102 285 290 2014 7 4 23 34 15 1 41
24 34 76 33.537 -115.57 421 102 290 290 2014 7 4 23 35 16 1 41
24 34 76 33.502 -115.38 429 102 290 290 2014 7 4 23 36 16 1 39
24 34 76 33.491 -115.24 440 102 290 290 2014 7 4 23 37 6 1 39
24 34 76 33.5 -115.08 449 86 290 290 2014 7 4 23 38 6 1 39
24 34 76 33.505 -114.94 449 86 290 290 2014 7 4 23 39 15 1 39
24 34 76 33.502 -114.79 450 90 290 290 2014 7 4 23 40 15 1 39
24 34 76 33.504 -114.64 449 90 290 290 2014 7 4 23 41 6 1 39
24 34 76 33.492 -114.49 453 85 290 290 2014 7 4 23 42 6 1 39
24 34 76 33.452 -114.35 452 109 290 290 2014 7 4 23 43 6 1 39
24 34 76 33.417 -114.24 448 108 290 290 2014 7 4 23 44 6 1 39
24 34 76 33.372 -114.07 447 108 290 290 2014 7 4 23 45 16 1 39
24 34 76 33.337 -113.96 448 108 290 290 2014 7 4 23 46 6 2 90
24 34 76 33.297 -113.82 448 108 290 290 2014 7 4 23 47 6 2 90
24 34 76 33.256 -113.67 450 109 290 290 2014 7 4 23 48 6 2 90
24 34 76 33.215 -113.54 449 109 290 290 2014 7 4 23 49 6 2 90
24 34 76 33.157 -113.34 448 109 290 290 2014 7 4 23 50 6 2 90
24 34 76 33.133 -113.26 449 109 290 290 2014 7 4 23 51 6 2 90
24 34 76 33.091 -113.12 449 108 290 290 2014 7 4 23 52 16 2 90
24 34 76 33.074 -113.06 446 109 290 290 2014 7 4 23 53 6 2 90
24 34 76 33.032 -112.92 446 109 288 290 2014 7 4 23 54 6 2 90
24 34 76 32.989 -112.78 447 109 281 290 2014 7 4 23 55 6 2 90
24 34 76 32.943 -112.64 457 109 273 290 2014 7 4 23 56 6 2 90
24 34 76 32.834 -112.36 460 113 239 290 2014 7 4 23 57 16 2 60
24 34 76 32.834 -112.36 460 113 239 290 2014 7 4 23 58 6 2 60
24 34 76 32.778 -112.21 459 114 220 290 2014 7 4 23 59 6 2 60
24 34 76 32.727 -112.08 444 114 203 290 2014 7 5 0 0 6 2 60
24 34 76 32.678 -111.95 430 114 186 290 2014 7 5 0 1 16 2 60
24 34 76 32.601 -111.77 411 114 161 290 2014 7 5 0 2 6 2 60
24 34 76 32.568 -111.68 372 115 148 290 2014 7 5 0 3 6 2 60
24 34 76 32.511 -111.59 345 123 130 290 2014 7 5 0 4 16 2 60
24 34 76 32.449 -111.5 330 129 112 290 2014 7 5 0 5 16 2 77
24 34 76 32.403 -111.42 309 127 100 290 2014 7 5 0 6 6 2 77
24 34 76 32.359 -111.33 303 121 84 290 2014 7 5 0 7 16 2 77
24 34 76 32.334 -111.28 305 121 74 290 2014 7 5 0 8 15 2 77
24 34 76 32.273 -111.17 292 117 64 290 2014 7 5 0 9 16 2 77
24 34 76 32.234 -111.09 281 120 55 290 2014 7 5 0 10 6 2 77
24 34 76 32.195 -111.03 217 121 47 290 2014 7 5 0 11 6 2 77
24 34 76 32.159 -110.99 170 137 35 290 2014 7 5 0 12 16 2 77
24 34 76 32.131 -110.96 147 130 28 290 2014 7 5 0 13 15 2 77
25 34 76 33.926 -118.46 254 246 24 350 2014 7 4 2 6 6 1 15
25 34 76 33.875 -118.52 259 238 46 350 2014 7 4 2 7 16 1 15
25 34 76 33.867 -118.43 259 96 46 350 2014 7 4 2 8 8 1 15
25 34 76 33.809 -118.52 267 157 66 350 2014 7 4 2 9 6 1 15
25 34 76 33.673 -118.44 316 181 108 350 2014 7 4 2 10 6 1 2
25 34 76 33.672 -118.34 316 90 108 350 2014 7 4 2 11 6 1 2
25 34 76 33.643 -118.34 333 132 128 350 2014 7 4 2 12 6 1 2
25 34 76 33.643 -118.22 353 116 146 350 2014 7 4 2 13 6 1 18
25 34 76 33.644 -118.08 362 99 166 350 2014 7 4 2 14 15 1 18
25 34 76 33.644 -117.96 374 89 184 350 2014 7 4 2 15 6 1 18
25 34 76 33.643 -117.83 379 89 202 350 2014 7 4 2 16 6 1 18
25 34 76 33.643 -117.7 383 90 220 350 2014 7 4 2 17 16 1 18
25 34 76 33.641 -117.57 382 90 238 350 2014 7 4 2 18 15 1 18
25 34 76 33.641 -117.45 387 90 252 350 2014 7 4 2 19 6 1 51
25 34 76 33.641 -117.28 398 90 268 350 2014 7 4 2 20 16 1 51
25 34 76 33.639 -117.15 404 90 280 350 2014 7 4 2 21 6 1 51
25 34 76 33.639 -117.01 413 90 292 350 2014 7 4 2 22 16 1 51
25 34 76 33.637 -116.87 425 90 297 350 2014 7 4 2 23 16 1 41
25 34 76 33.63 -116.71 441 90 307 350 2014 7 4 2 24 16 1 41
25 34 76 33.623 -116.56 446 91 317 350 2014 7 4 2 25 16 1 41
25 34 76 33.614 -116.41 444 92 328 350 2014 7 4 2 26 6 1 41
25 34 76 33.607 -116.26 444 93 338 350 2014 7 4 2 27 6 1 41
25 34 76 33.597 -116.11 448 93 347 350 2014 7 4 2 28 6 1 41
25 34 76 33.589 -115.96 447 93 350 350 2014 7 4 2 29 6 1 41
25 34 76 33.579 -115.8 470 94 350 350 2014 7 4 2 30 6 1 41
25 34 76 33.566 -115.61 475 93 350 350 2014 7 4 2 31 6 1 41
25 34 76 33.557 -115.46 470 94 350 350 2014 7 4 2 32 6 1 41
25 34 76 33.546 -115.31 453 94 350 350 2014 7 4 2 33 6 1 39
25 34 76 33.538 -115.16 453 94 350 250 2014 7 4 2 34 6 1 39
25 34 76 33.527 -115.01 452 93 349 250 2014 7 4 2 35 16 1 39
25 34 76 33.519 -114.86 459 94 332 250 2014 7 4 2 36 6 1 39
25 34 76 33.506 -114.7 477 141 311 250 2014 7 4 2 37 16 1 39
25 34 76 33.497 -114.54 477 94 290 250 2014 7 4 2 38 7 1 39
25 34 76 33.488 -114.39 455 94 270 250 2014 7 4 2 39 15 1 39
25 34 76 33.477 -114.26 427 95 260 250 2014 7 4 2 40 6 1 39
25 34 76 33.466 -114.12 420 95 250 250 2014 7 4 2 41 6 1 39
25 34 76 33.445 -113.98 419 96 240 250 2014 7 4 2 42 6 2 64
25 34 76 33.411 -113.83 408 104 229 250 2014 7 4 2 43 6 2 64
25 34 76 33.388 -113.7 397 103 215 250 2014 7 4 2 44 6 2 64
25 34 76 33.387 -113.7 397 102 215 250 2014 7 4 2 45 6 2 64
25 34 76 33.362 -113.58 377 104 203 250 2014 7 4 2 46 6 2 64
25 34 76 33.311 -113.33 345 104 177 250 2014 7 4 2 47 15 2 64
25 34 76 33.294 -113.24 338 103 170 250 2014 7 4 2 48 16 2 64
25 34 76 33.292 -113.13 335 100 160 250 2014 7 4 2 49 6 2 64
25 34 76 33.288 -113.02 334 98 150 250 2014 7 4 2 50 6 2 64
25 34 76 33.286 -112.92 319 89 150 250 2014 7 4 2 51 6 2 64
25 34 76 33.281 -112.82 306 89 150 250 2014 7 4 2 52 6 2 64
25 34 76 33.283 -112.75 305 93 150 250 2014 7 4 2 53 6 2 79
25 34 76 33.283 -112.65 301 89 146 250 2014 7 4 2 54 6 2 79
25 34 76 33.283 -112.57 266 88 132 250 2014 7 4 2 55 6 2 79
25 34 76 33.283 -112.48 249 87 119 250 2014 7 4 2 56 6 2 79
25 34 76 33.283 -112.4 244 87 106 250 2014 7 4 2 57 6 2 79
25 34 76 33.284 -112.28 244 89 100 250 2014 7 4 2 58 16 2 79
25 34 76 33.283 -112.22 244 93 100 250 2014 7 4 2 59 6 2 79
25 34 76 33.317 -112.17 258 92 100 250 2014 7 4 3 0 6 2 79
25 34 76 33.367 -112.15 233 33 100 250 2014 7 4 3 1 16 2 79
25 34 76 33.433 -112.12 232 20 92 250 2014 7 4 3 2 6 2 79
25 34 76 33.483 -112.1 231 18 81 250 2014 7 4 3 3 6 2 79
25 34 76 33.55 -112.1 218 11 80 250 2014 7 4 3 4 16 2 79
25 34 76 33.548 -112.22 218 270 80 250 2014 7 4 3 5 16 2 79
25 34 76 33.55 -112.25 217 271 80 250 2014 7 4 3 6 6 2 79
25 34 76 33.5 -112.28 225 231 80 250 2014 7 4 3 7 6 2 79
25 34 76 33.433 -112.32 236 199 81 250 2014 7 4 3 8 6 2 79
25 34 76 33.367 -112.37 286 211 98 250 2014 7 4 3 9 16 2 79
25 34 76 33.283 -112.38 324 210 114 250 2014 7 4 3 10 6 2 79
25 34 76 33.261 -112.34 319 189 126 250 2014 7 4 3 11 6 2 79
25 34 76 33.257 -112.24 313 147 154 250 2014 7 4 3 12 16 2 79
25 34 76 33.292 -112.11 357 102 166 250 2014 7 4 3 13 16 2 79
25 34 76 33.275 -111.99 379 80 187 210 2014 7 4 3 14 6 2 79
25 34 76 33.251 -111.86 381 85 204 210 2014 7 4 3 15 6 2 79
25 34 76 33.197 -111.77 375 101 210 210 2014 7 4 3 16 15 2 79
25 34 76 33.115 -111.7 358 113 210 210 2014 7 4 3 17 6 2 79
25 34 76 33.036 -111.64 342 135 210 210 2014 7 4 3 18 6 2 79
25 34 76 32.961 -111.58 324 146 209 210 2014 7 4 3 19 16 2 60
25 34 76 32.888 -111.53 318 147 190 210 2014 7 4 3 20 6 2 60
25 34 76 32.794 -111.45 330 146 175 210 2014 7 4 3 21 6 2 60
25 34 76 32.718 -111.39 331 147 162 210 2014 7 4 3 22 15 2 60
25 34 76 32.643 -111.34 324 145 150 210 2014 7 4 3 23 15 2 60
25 34 76 32.551 -111.32 331 171 139 210 2014 7 4 3 24 16 2 60
25 34 76 32.452 -111.31 319 171 128 210 2014 7 4 3 25 15 2 77
25 34 76 32.37 -111.29 300 171 118 210 2014 7 4 3 26 6 2 77
25 34 76 32.298 -111.27 279 164 108 210 2014 7 4 3 27 6 2 77
25 34 76 32.238 -111.21 278 142 98 210 2014 7 4 3 28 6 2 77
25 34 76 32.191 -111.16 270 141 84 210 2014 7 4 3 29 16 2 77
25 34 76 32.132 -111.1 236 139 70 210 2014 7 4 3 30 7 2 77
25 34 76 32.089 -111.06 217 142 70 210 2014 7 4 3 31 6 2 77
25 34 76 32.044 -111.02 211 143 57 210 2014 7 4 3 32 6 2 77
25 34 76 32.019 -110.97 207 117 50 210 2014 7 4 3 33 6 2 77
25 34 76 32.001 -110.92 191 115 50 210 2014 7 4 3 34 6 2 77
25 34 76 32.004 -110.85 185 71 49 210 2014 7 4 3 35 6 2 77
25 34 76 32.054 -110.87 167 87 39 210 2014 7 4 3 36 6 2 77
27 34 76 33.933 -118.5 205 273 28 390 2014 7 4 4 29 6 1 15
27 34 76 33.913 -118.5 210 263 35 390 2014 7 4 4 30 6 1 15
27 34 76 33.836 -118.51 259 155 53 390 2014 7 4 4 31 6 1 15
27 34 76 33.771 -118.51 276 183 77 390 2014 7 4 4 32 6 1 15
27 34 76 33.687 -118.48 291 184 107 390 2014 7 4 4 33 15 1 2
27 34 76 33.656 -118.38 327 172 127 390 2014 7 4 4 34 6 1 2
27 34 76 33.643 -118.27 358 136 155 390 2014 7 4 4 35 6 1 18
27 34 76 33.644 -118.15 372 103 181 390 2014 7 4 4 36 6 1 18
27 34 76 33.644 -118.02 384 92 209 390 2014 7 4 4 37 6 1 18
27 34 76 33.644 -117.86 396 89 239 390 2014 7 4 4 38 16 1 18
27 34 76 33.644 -117.72 416 89 260 390 2014 7 4 4 39 16 1 51
27 34 76 33.642 -117.58 425 90 279 390 2014 7 4 4 40 15 1 51
27 34 76 33.642 -117.43 444 90 297 390 2014 7 4 4 41 6 1 51
27 34 76 33.641 -117.28 453 90 312 390 2014 7 4 4 42 15 1 51
27 34 76 33.639 -117.12 470 90 325 390 2014 7 4 4 43 15 1 51
27 34 76 33.621 -116.96 483 93 340 390 2014 7 4 4 44 16 1 51
27 34 76 33.596 -116.79 480 94 360 390 2014 7 4 4 45 15 1 41
27 34 76 33.576 -116.64 470 98 377 390 2014 7 4 4 46 6 1 41
27 34 76 33.554 -116.49 460 99 390 390 2014 7 4 4 47 16 1 41
27 34 76 33.534 -116.34 454 99 390 390 2014 7 4 4 48 15 1 41
27 34 76 33.512 -116.19 456 99 390 390 2014 7 4 4 49 16 1 41
27 34 76 33.49 -116.04 456 99 390 390 2014 7 4 4 50 16 1 41
27 34 76 33.463 -115.86 458 99 390 390 2014 7 4 4 51 6 1 41
27 34 76 33.443 -115.71 456 99 390 390 2014 7 4 4 52 15 1 41
27 34 76 33.421 -115.56 458 99 390 390 2014 7 4 4 53 15 1 41
27 34 76 33.398 -115.41 457 100 390 390 2014 7 4 4 54 6 1 39
27 34 76 33.377 -115.27 456 100 390 390 2014 7 4 4 55 16 1 39
27 34 76 33.351 -115.12 451 98 390 390 2014 7 4 4 56 15 1 39
27 34 76 33.329 -114.97 451 100 390 390 2014 7 4 4 57 7 1 39
27 34 76 33.308 -114.82 452 100 390 390 2014 7 4 4 58 15 1 39
27 34 76 33.285 -114.67 452 100 390 390 2014 7 4 4 59 15 1 39
27 34 76 33.264 -114.53 453 102 390 390 2014 7 4 5 0 15 1 39
27 34 76 33.242 -114.38 453 99 390 390 2014 7 4 5 1 6 1 39
27 34 76 33.218 -114.23 453 100 390 390 2014 7 4 5 2 16 1 39
27 34 76 33.194 -114.09 453 100 390 390 2014 7 4 5 3 16 1 39
27 34 76 33.164 -113.91 451 100 390 390 2014 7 4 5 4 15 2 102
27 34 76 33.141 -113.76 452 101 390 390 2014 7 4 5 5 6 2 102
27 34 76 33.117 -113.62 452 101 390 390 2014 7 4 5 6 6 2 102
27 34 76 33.093 -113.47 452 100 388 390 2014 7 4 5 7 15 2 102
27 34 76 33.064 -113.3 452 101 376 390 2014 7 4 5 8 15 2 102
27 34 76 33.039 -113.15 451 101 362 390 2014 7 4 5 9 6 2 102
27 34 76 33.019 -113.03 451 101 342 390 2014 7 4 5 10 16 2 102
27 34 76 32.994 -112.89 447 101 322 390 2014 7 4 5 11 15 2 90
27 34 76 32.969 -112.75 429 101 302 390 2014 7 4 5 12 15 2 90
27 34 76 32.937 -112.63 404 101 289 390 2014 7 4 5 13 15 2 90
27 34 76 32.891 -112.5 403 104 275 390 2014 7 4 5 14 15 2 90
27 34 76 32.846 -112.39 394 111 255 390 2014 7 4 5 15 16 2 60
27 34 76 32.846 -112.39 394 111 255 390 2014 7 4 5 16 15 2 60
27 34 76 32.756 -112.15 376 114 217 390 2014 7 4 5 17 15 2 60
27 34 76 32.715 -112.05 363 114 199 390 2014 7 4 5 18 15 2 60
27 34 76 32.675 -111.94 352 114 181 390 2014 7 4 5 19 15 2 60
27 34 76 32.634 -111.84 348 114 164 390 2014 7 4 5 20 16 2 60
27 34 76 32.634 -111.84 348 114 164 390 2014 7 4 5 21 6 2 60
27 34 76 32.561 -111.65 315 115 138 390 2014 7 4 5 22 15 2 60
27 34 76 32.505 -111.58 314 123 118 390 2014 7 4 5 23 15 2 60
27 34 76 32.465 -111.54 308 132 109 390 2014 7 4 5 24 15 2 77
27 34 76 32.403 -111.48 304 139 93 390 2014 7 4 5 25 15 2 77
27 34 76 32.343 -111.41 282 136 81 390 2014 7 4 5 26 16 2 77
27 34 76 32.289 -111.35 268 136 73 390 2014 7 4 5 27 6 2 77
27 34 76 32.237 -111.29 259 137 70 390 2014 7 4 5 28 16 2 77
27 34 76 32.183 -111.24 259 137 70 390 2014 7 4 5 29 15 2 77
27 34 76 32.102 -111.14 260 136 70 390 2014 7 4 5 30 15 2 77
27 34 76 32.048 -111.09 261 137 70 390 2014 7 4 5 31 15 2 77
27 34 76 32.016 -111.06 264 138 70 390 2014 7 4 5 32 7 2 77
27 34 76 31.96 -111 262 140 70 390 2014 7 4 5 33 15 2 77
27 34 76 31.914 -110.95 243 139 70 390 2014 7 4 5 34 15 2 77
27 34 76 31.881 -110.89 229 135 71 390 2014 7 4 5 35 6 2 77
27 34 76 31.909 -110.84 193 91 70 390 2014 7 4 5 36 16 2 77
27 34 76 31.941 -110.8 173 44 69 390 2014 7 4 5 37 6 2 77
27 34 76 31.984 -110.79 170 44 59 390 2014 7 4 5 38 15 2 77
27 34 76 32.017 -110.82 173 334 51 390 2014 7 4 5 39 15 2 77
28 34 76 33.932 -118.44 142 0 14 330 2014 7 4 2 49 6 1 15
28 34 76 33.899 -118.5 222 247 27 330 2014 7 4 2 50 6 1 15
28 34 76 33.891 -118.43 222 97 27 330 2014 7 4 2 51 6 1 15
28 34 76 33.842 -118.57 263 169 54 330 2014 7 4 2 52 6 1 15
28 34 76 33.772 -118.57 270 222 77 330 2014 7 4 2 53 6 1 15
28 34 76 33.706 -118.53 272 203 98 330 2014 7 4 2 54 6 1 2
28 34 76 33.672 -118.44 303 165 112 330 2014 7 4 2 55 6 1 2
28 34 76 33.644 -118.33 327 132 124 330 2014 7 4 2 56 6 1 2
28 34 76 33.646 -118.2 350 111 139 330 2014 7 4 2 57 6 1 18
28 34 76 33.644 -118.08 357 97 155 330 2014 7 4 2 58 16 1 18
28 34 76 33.644 -117.96 358 89 173 330 2014 7 4 2 59 6 1 18
28 34 76 33.644 -117.84 358 90 188 330 2014 7 4 3 0 6 1 18
28 34 76 33.643 -117.72 359 90 201 330 2014 7 4 3 1 16 1 18
28 34 76 33.641 -117.6 360 90 212 330 2014 7 4 3 2 6 1 18
28 34 76 33.637 -117.48 366 90 222 330 2014 7 4 3 3 6 1 18
28 34 76 33.633 -117.33 374 91 234 330 2014 7 4 3 4 16 1 18
28 34 76 33.63 -117.2 376 91 245 330 2014 7 4 3 5 16 1 51
28 34 76 33.626 -117.07 387 91 254 330 2014 7 4 3 6 6 1 51
28 34 76 33.622 -116.94 388 91 262 330 2014 7 4 3 7 6 1 51
28 34 76 33.618 -116.8 392 91 270 330 2014 7 4 3 8 6 1 41
28 34 76 33.614 -116.67 395 91 277 330 2014 7 4 3 9 16 1 41
28 34 76 33.61 -116.53 397 91 285 330 2014 7 4 3 10 6 1 41
28 34 76 33.605 -116.4 399 97 291 330 2014 7 4 3 11 6 1 41
28 34 76 33.6 -116.26 401 92 295 330 2014 7 4 3 12 16 1 41
28 34 76 33.596 -116.12 414 92 300 330 2014 7 4 3 13 16 1 41
28 34 76 33.591 -115.99 415 92 303 330 2014 7 4 3 14 6 1 41
28 34 76 33.584 -115.82 425 92 308 330 2014 7 4 3 15 6 1 41
28 34 76 33.577 -115.67 428 92 312 330 2014 7 4 3 16 15 1 41
28 34 76 33.571 -115.51 431 93 317 330 2014 7 4 3 17 6 1 41
28 34 76 33.565 -115.36 430 92 321 330 2014 7 4 3 18 6 1 41
28 34 76 33.559 -115.22 430 93 324 330 2014 7 4 3 19 16 1 39
28 34 76 33.551 -115.07 430 92 326 330 2014 7 4 3 20 6 1 39
28 34 76 33.546 -114.95 436 93 328 330 2014 7 4 3 21 6 1 39
28 34 76 33.541 -114.78 441 93 330 330 2014 7 4 3 22 15 1 39
28 34 76 33.533 -114.63 446 93 330 330 2014 7 4 3 23 15 1 39
28 34 76 33.525 -114.45 452 92 330 330 2014 7 4 3 24 16 1 39
28 34 76 33.516 -114.29 455 94 330 330 2014 7 4 3 25 15 1 39
28 34 76 33.508 -114.17 460 93 330 330 2014 7 4 3 26 6 1 39
28 34 76 33.5 -113.99 457 93 330 330 2014 7 4 3 27 6 2 102
28 34 76 33.501 -114.02 464 93 330 330 2014 7 4 3 28 6 1 39
28 34 76 33.442 -113.7 458 92 330 330 2014 7 4 3 29 16 2 102
28 34 76 33.445 -113.7 455 109 330 330 2014 7 4 3 30 7 2 102
28 34 76 33.342 -113.62 452 148 329 330 2014 7 4 3 31 6 2 90
28 34 76 33.227 -113.56 450 155 310 330 2014 7 4 3 32 6 2 90
28 34 76 33.112 -113.51 449 159 285 330 2014 7 4 3 33 6 2 90
28 34 76 32.977 -113.46 427 163 260 330 2014 7 4 3 34 6 2 90
28 34 76 32.888 -113.43 403 164 260 330 2014 7 4 3 35 6 2 90
28 34 76 32.761 -113.39 404 165 257 330 2014 7 4 3 36 6 2 64
28 34 76 32.673 -113.32 412 148 240 330 2014 7 4 3 37 16 2 64
28 34 76 32.673 -113.19 410 145 225 330 2014 7 4 3 38 15 2 64
28 34 76 32.677 -113.06 393 89 212 330 2014 7 4 3 39 16 2 64
28 34 76 32.675 -112.93 384 88 198 330 2014 7 4 3 40 16 2 64
28 34 76 32.671 -112.81 379 89 190 330 2014 7 4 3 41 6 2 64
28 34 76 32.658 -112.69 376 91 190 330 2014 7 4 3 42 6 2 64
28 34 76 32.624 -112.57 370 95 190 330 2014 7 4 3 43 6 2 64
28 34 76 32.589 -112.46 372 103 190 330 2014 7 4 3 44 16 2 64
28 34 76 32.553 -112.35 370 109 176 330 2014 7 4 3 45 15 2 64
28 34 76 32.518 -112.23 360 110 157 330 2014 7 4 3 46 6 2 64
28 34 76 32.486 -112.12 348 109 139 330 2014 7 4 3 47 16 2 64
28 34 76 32.455 -112.02 330 109 121 330 2014 7 4 3 48 15 2 64
28 34 76 32.426 -111.93 311 98 110 330 2014 7 4 3 49 16 2 60
28 34 76 32.385 -111.8 289 109 110 330 2014 7 4 3 50 17 2 60
28 34 76 32.367 -111.74 288 110 110 330 2014 7 4 3 51 6 2 60
28 34 76 32.316 -111.62 293 113 100 330 2014 7 4 3 52 16 2 77
28 34 76 32.273 -111.55 284 123 85 330 2014 7 4 3 53 16 2 77
28 34 76 32.23 -111.47 286 123 80 330 2014 7 4 3 54 16 2 77
28 34 76 32.292 -111.41 286 38 80 330 2014 7 4 3 55 24 2 77
28 34 76 32.203 -111.42 288 121 80 330 2014 7 4 3 56 6 2 77
28 34 76 32.126 -111.27 261 122 80 330 2014 7 4 3 57 6 2 77
28 34 76 32.082 -111.18 261 121 67 330 2014 7 4 3 58 15 2 77
28 34 76 32.045 -111.12 235 116 60 330 2014 7 4 3 59 6 2 77
28 34 76 32.073 -111.05 235 64 60 330 2014 7 4 4 0 6 2 77
28 34 76 32.025 -110.98 219 102 52 330 2014 7 4 4 1 6 2 77
28 34 76 32.014 -110.92 198 97 52 330 2014 7 4 4 2 6 2 77
28 34 76 32.041 -110.85 214 52 48 330 2014 7 4 4 3 16 2 77
31 34 76 33.932 -118.47 186 0 15 370 2014 7 4 17 33 15 1 15
31 34 76 33.881 -118.52 226 258 32 370 2014 7 4 17 34 6 1 15
31 34 76 33.816 -118.52 255 236 55 370 2014 7 4 17 35 15 1 15
31 34 76 33.81 -118.44 255 94 55 370 2014 7 4 17 36 6 1 15
31 34 76 33.671 -118.46 285 180 111 370 2014 7 4 17 37 16 1 2
31 34 76 33.627 -118.36 329 159 134 370 2014 7 4 17 38 6 1 18
31 34 76 33.628 -118.25 329 89 134 370 2014 7 4 17 39 15 1 18
31 34 76 33.629 -118.25 344 116 159 370 2014 7 4 17 40 6 1 18
31 34 76 33.629 -118.11 348 103 186 370 2014 7 4 17 41 6 1 18
31 34 76 33.631 -117.86 385 89 223 370 2014 7 4 17 42 16 1 18
31 34 76 33.631 -117.86 385 89 223 370 2014 7 4 17 43 6 1 18
31 34 76 33.631 -117.73 395 89 241 370 2014 7 4 17 44 6 1 51
31 34 76 33.632 -117.59 407 89 259 370 2014 7 4 17 45 6 1 51
31 34 76 33.632 -117.45 416 89 275 370 2014 7 4 17 46 6 1 51
31 34 76 33.633 -117.28 426 89 288 370 2014 7 4 17 47 16 1 51
31 34 76 33.633 -117.14 440 89 302 370 2014 7 4 17 48 6 1 51
31 34 76 33.631 -116.99 443 89 313 370 2014 7 4 17 49 6 1 51
31 34 76 33.629 -116.82 450 93 330 370 2014 7 4 17 50 16 1 41
31 34 76 33.606 -116.68 440 90 344 370 2014 7 4 17 51 6 1 41
31 34 76 33.586 -116.53 440 95 354 370 2014 7 4 17 52 6 1 41
31 34 76 33.565 -116.39 440 100 362 370 2014 7 4 17 53 6 1 41
31 34 76 33.543 -116.24 444 99 370 370 2014 7 4 17 54 15 1 41
31 34 76 33.521 -116.09 445 99 370 370 2014 7 4 17 55 15 1 41
31 34 76 33.497 -115.94 451 100 370 370 2014 7 4 17 56 6 1 41
31 34 76 33.47 -115.76 452 100 370 370 2014 7 4 17 57 16 1 41
31 34 76 33.446 -115.61 454 100 370 370 2014 7 4 17 58 6 1 41
31 34 76 33.424 -115.47 454 100 370 370 2014 7 4 17 59 6 1 39
31 34 76 33.401 -115.32 455 99 370 370 2014 7 4 18 0 16 1 39
31 34 76 33.377 -115.17 453 99 370 370 2014 7 4 18 1 6 1 39
31 34 76 33.354 -115.02 452 102 370 370 2014 7 4 18 2 8 1 39
31 34 76 33.325 -114.85 455 99 370 370 2014 7 4 18 3 6 1 39
31 34 76 33.302 -114.7 453 101 370 370 2014 7 4 18 4 6 1 39
31 34 76 33.279 -114.55 449 100 370 370 2014 7 4 18 5 15 1 39
31 34 76 33.255 -114.41 449 101 370 370 2014 7 4 18 6 15 1 39
31 34 76 33.234 -114.27 448 101 370 370 2014 7 4 18 7 6 1 39
31 34 76 33.232 -114.27 448 101 370 370 2014 7 4 18 8 6 1 39
31 34 76 33.179 -113.95 444 100 370 370 2014 7 4 18 9 16 2 102
31 34 76 33.155 -113.81 442 101 370 370 2014 7 4 18 10 16 2 102
31 34 76 33.136 -113.69 445 101 370 370 2014 7 4 18 11 15 2 102
31 34 76 33.112 -113.55 445 101 370 370 2014 7 4 18 12 16 2 102
31 34 76 33.087 -113.41 443 101 370 370 2014 7 4 18 13 6 2 102
31 34 76 33.078 -113.36 445 101 370 370 2014 7 4 18 14 16 2 102
31 34 76 33.053 -113.21 441 101 370 370 2014 7 4 18 15 16 2 102
31 34 76 33.027 -113.07 441 101 370 370 2014 7 4 18 16 16 2 102
31 34 76 33.008 -112.95 441 102 370 370 2014 7 4 18 17 6 2 102
31 34 76 32.981 -112.81 442 101 361 370 2014 7 4 18 18 6 2 102
31 34 76 32.901 -112.53 443 102 339 370 2014 7 4 18 19 16 2 102
31 34 76 32.85 -112.4 443 108 308 370 2014 7 4 18 20 15 2 90
31 34 76 32.85 -112.4 443 108 308 370 2014 7 4 18 21 6 2 90
31 34 76 32.799 -112.26 438 114 281 370 2014 7 4 18 22 6 2 90
31 34 76 32.746 -112.13 429 114 252 370 2014 7 4 18 23 6 2 60
31 34 76 32.698 -112 419 114 227 370 2014 7 4 18 24 15 2 60
31 34 76 32.624 -111.82 398 114 189 370 2014 7 4 18 25 15 2 60
31 34 76 32.599 -111.76 389 115 176 370 2014 7 4 18 26 6 2 60
31 34 76 32.555 -111.65 375 114 151 370 2014 7 4 18 27 16 2 60
31 34 76 32.496 -111.54 356 122 128 370 2014 7 4 18 28 6 2 60
31 34 76 32.444 -111.44 351 123 107 370 2014 7 4 18 29 6 2 77
31 34 76 32.393 -111.36 298 124 101 370 2014 7 4 18 30 6 2 77
31 34 76 32.359 -111.29 276 123 90 370 2014 7 4 18 31 15 2 77
31 34 76 32.319 -111.22 261 123 79 370 2014 7 4 18 32 6 2 77
31 34 76 32.267 -111.14 244 124 65 370 2014 7 4 18 33 6 2 77
31 34 76 32.234 -111.08 225 123 56 370 2014 7 4 18 34 6 2 77
31 34 76 32.206 -111.03 233 135 46 370 2014 7 4 18 35 16 2 77
31 34 76 32.166 -110.99 216 135 37 370 2014 7 4 18 36 16 2 77
31 34 76 32.126 -110.95 147 138 27 370 2014 7 4 18 37 16 2 77
32 34 76 33.943 -118.41 149 0 1 410 2014 7 4 22 59 16 1 15
32 34 76 33.942 -118.47 189 259 21 410 2014 7 4 23 0 16 1 15
32 34 76 33.901 -118.54 260 269 49 410 2014 7 4 23 1 16 1 15
32 34 76 33.835 -118.56 279 243 88 410 2014 7 4 23 2 6 1 15
32 34 76 33.759 -118.54 308 214 114 410 2014 7 4 23 3 15 1 15
32 34 76 33.713 -118.43 339 149 161 410 2014 7 4 23 4 6 1 18
32 34 76 33.71 -118.31 355 138 195 410 2014 7 4 23 5 6 1 17
32 34 76 33.706 -118.19 389 104 222 410 2014 7 4 23 6 6 1 18
32 34 76 33.701 -118.06 400 92 231 410 2014 7 4 23 7 15 1 18
32 34 76 33.698 -117.92 404 92 257 410 2014 7 4 23 8 6 1 51
32 34 76 33.692 -117.75 422 91 287 410 2014 7 4 23 9 6 1 51
32 34 76 33.686 -117.61 438 92 307 410 2014 7 4 23 10 16 1 51
32 34 76 33.681 -117.45 460 92 325 410 2014 7 4 23 11 15 1 51
32 34 76 33.675 -117.3 467 92 349 410 2014 7 4 23 12 16 1 51
32 34 76 33.669 -117.14 466 92 371 410 2014 7 4 23 13 16 1 51
32 34 76 33.664 -116.99 457 92 389 410 2014 7 4 23 14 6 1 51
32 34 76 33.657 -116.82 457 92 404 410 2014 7 4 23 15 15 1 41
32 34 76 33.65 -116.67 458 92 410 410 2014 7 4 23 16 6 1 41
32 34 76 33.643 -116.51 459 92 410 410 2014 7 4 23 17 6 1 41
32 34 76 33.618 -116.36 457 95 410 410 2014 7 4 23 18 6 1 41
32 34 76 33.596 -116.22 451 96 410 410 2014 7 4 23 19 16 1 41
32 34 76 33.571 -116.07 450 100 410 410 2014 7 4 23 20 16 1 41
32 34 76 33.529 -115.93 461 100 409 410 2014 7 4 23 21 6 1 41
32 34 76 33.48 -115.79 456 105 410 410 2014 7 4 23 22 16 1 41
32 34 76 33.432 -115.65 454 110 410 410 2014 7 4 23 23 6 1 41
32 34 76 33.377 -115.49 445 112 410 410 2014 7 4 23 24 16 1 39
32 34 76 33.337 -115.37 448 111 410 410 2014 7 4 23 25 15 1 39
32 34 76 33.281 -115.21 448 112 410 410 2014 7 4 23 26 6 1 39
32 34 76 33.242 -115.07 450 111 410 410 2014 7 4 23 27 16 1 39
32 34 76 33.213 -114.92 455 105 410 410 2014 7 4 23 28 15 1 39
32 34 76 33.198 -114.78 453 96 410 410 2014 7 4 23 29 16 1 39
32 34 76 33.181 -114.63 451 97 410 410 2014 7 4 23 30 16 1 39
32 34 76 33.166 -114.48 451 97 410 410 2014 7 4 23 31 15 1 39
32 34 76 33.151 -114.33 454 95 410 410 2014 7 4 23 32 15 1 39
32 34 76 33.151 -114.33 454 95 410 410 2014 7 4 23 33 6 1 39
32 34 76 33.117 -114.04 451 97 410 410 2014 7 4 23 34 15 1 50
32 34 76 33.098 -113.86 448 97 410 410 2014 7 4 23 35 16 2 102
32 34 76 33.081 -113.71 448 97 410 410 2014 7 4 23 36 16 2 102
32 34 76 33.065 -113.57 449 97 402 410 2014 7 4 23 37 6 2 102
32 34 76 33.047 -113.42 449 97 393 410 2014 7 4 23 38 6 2 102
32 34 76 33.047 -113.42 447 98 393 410 2014 7 4 23 39 15 2 102
32 34 76 33.03 -113.28 454 98 383 410 2014 7 4 23 40 15 2 102
32 34 76 33.011 -113.13 454 98 363 410 2014 7 4 23 41 6 2 102
32 34 76 32.994 -112.97 455 98 331 410 2014 7 4 23 42 6 2 102
32 34 76 32.975 -112.82 460 97 318 410 2014 7 4 23 43 6 2 90
32 34 76 32.953 -112.67 464 98 308 410 2014 7 4 23 44 6 2 90
32 34 76 32.853 -112.4 438 106 288 410 2014 7 4 23 45 16 2 90
32 34 76 32.853 -112.4 438 106 288 410 2014 7 4 23 46 6 2 90
32 34 76 32.802 -112.27 438 114 278 410 2014 7 4 23 47 6 2 90
32 34 76 32.749 -112.14 428 114 263 410 2014 7 4 23 48 6 2 90
32 34 76 32.701 -112.01 418 114 239 410 2014 7 4 23 49 6 2 60
32 34 76 32.62 -111.81 396 114 198 410 2014 7 4 23 50 6 2 60
32 34 76 32.599 -111.76 388 115 187 410 2014 7 4 23 51 6 2 60
32 34 76 32.538 -111.66 367 122 167 410 2014 7 4 23 52 16 2 60
32 34 76 32.472 -111.57 357 130 143 410 2014 7 4 23 53 6 2 60
32 34 76 32.411 -111.48 347 130 122 410 2014 7 4 23 54 6 2 77
32 34 76 32.353 -111.4 327 130 108 410 2014 7 4 23 55 6 2 77
32 34 76 32.291 -111.32 299 130 89 410 2014 7 4 23 56 6 2 77
32 34 76 32.237 -111.25 296 130 72 410 2014 7 4 23 57 16 2 77
32 34 76 32.184 -111.17 291 130 70 410 2014 7 4 23 58 6 2 77
32 34 76 32.125 -111.09 286 129 59 410 2014 7 4 23 59 6 2 77
32 34 76 32.072 -111.03 270 131 51 410 2014 7 5 0 0 6 2 77
32 34 76 32.028 -110.98 239 136 50 410 2014 7 5 0 1 16 2 77
32 34 76 32.021 -110.92 208 117 48 410 2014 7 5 0 2 6 2 77
32 34 76 32.028 -110.86 233 43 49 410 2014 7 5 0 3 6 2 77
32 34 76 32.093 -110.91 144 81 30 410 2014 7 5 0 4 16 2 77
