3 55 55 33.433 -112.03 157 0 19 290 2014 7 2 19 48 6 2 79
3 55 55 33.417 -112.1 216 260 38 290 2014 7 2 19 49 6 2 79
3 55 55 33.383 -112.17 263 245 54 290 2014 7 2 19 50 6 2 79
3 55 55 33.356 -112.18 263 239 62 290 2014 7 2 19 51 6 2 79
3 55 55 33.312 -112.12 288 228 80 290 2014 7 2 19 52 16 2 79
3 55 55 33.303 -112.02 290 122 100 290 2014 7 2 19 53 6 2 79
3 55 55 33.289 -111.92 300 111 115 290 2014 7 2 19 54 6 2 79
3 55 55 33.273 -111.81 330 98 128 290 2014 7 2 19 55 6 2 79
3 55 55 33.256 -111.68 333 101 150 290 2014 7 2 19 56 6 2 79
3 55 55 33.243 -111.58 330 99 166 290 2014 7 2 19 57 15 2 79
3 55 55 33.221 -111.47 333 98 180 290 2014 7 2 19 58 6 2 79
3 55 55 33.191 -111.36 342 102 193 290 2014 7 2 19 59 16 2 79
3 55 55 33.159 -111.25 347 106 205 290 2014 7 2 20 0 6 2 60
3 55 55 33.128 -111.14 357 108 215 290 2014 7 2 20 1 7 2 60
3 55 55 33.087 -111 365 108 226 290 2014 7 2 20 2 16 2 60
3 55 55 33.053 -110.88 374 108 235 290 2014 7 2 20 3 6 2 60
3 55 55 33.02 -110.76 382 109 244 290 2014 7 2 20 4 6 2 60
3 55 55 32.981 -110.63 388 107 253 290 2014 7 2 20 5 6 2 60
3 55 55 32.95 -110.5 388 106 253 290 2014 7 2 20 6 6 2 60
3 55 55 32.909 -110.38 390 109 268 290 2014 7 2 20 7 6 2 91
3 55 55 32.875 -110.26 397 109 275 290 2014 7 2 20 8 16 2 91
3 55 55 32.837 -110.13 399 108 281 290 2014 7 2 20 9 6 2 91
3 55 55 32.805 -110.01 399 106 281 290 2014 7 2 20 10 6 2 91
3 55 55 32.8 -110 403 108 286 290 2014 7 2 20 11 6 2 91
3 55 55 32.762 -109.88 406 108 290 290 2014 7 2 20 12 6 2 91
3 55 55 32.715 -109.72 418 108 290 290 2014 7 2 20 13 6 2 91
3 55 55 32.665 -109.6 428 109 290 290 2014 7 2 20 14 6 2 91
3 55 55 32.559 -109.59 416 112 290 290 2014 7 2 20 15 6 2 91
3 55 55 32.503 -109.71 411 182 290 290 2014 7 2 20 16 6 2 91
3 55 55 32.459 -109.83 411 234 290 290 2014 7 2 20 17 6 2 91
3 55 55 32.47 -109.96 414 243 280 290 2014 7 2 20 18 6 2 91
3 55 55 32.497 -110.1 428 268 264 290 2014 7 2 20 19 6 2 91
3 55 55 32.53 -110.28 446 279 246 290 2014 7 2 20 20 16 2 91
3 55 55 32.554 -110.41 446 282 240 290 2014 7 2 20 21 6 2 91
3 55 55 32.579 -110.55 429 282 240 290 2014 7 2 20 22 6 2 91
3 55 55 32.626 -110.66 401 282 240 290 2014 7 2 20 23 6 2 91
3 55 55 32.699 -110.79 395 288 231 290 2014 7 2 20 24 16 2 60
3 55 55 32.82 -111.02 403 302 211 290 2014 7 2 20 25 16 2 60
3 55 55 32.82 -111.02 403 302 211 290 2014 7 2 20 26 6 2 60
3 55 55 32.876 -111.13 396 304 201 290 2014 7 2 20 27 6 2 60
3 55 55 32.95 -111.3 351 299 166 290 2014 7 2 20 28 6 2 60
3 55 55 32.971 -111.33 349 293 161 290 2014 7 2 20 29 16 2 60
3 55 55 33.05 -111.48 320 298 129 290 2014 7 2 20 30 6 2 79
3 55 55 33.071 -111.53 316 308 121 290 2014 7 2 20 31 12 2 79
3 55 55 33.139 -111.59 298 308 101 290 2014 7 2 20 32 6 2 79
3 55 55 33.209 -111.63 291 337 85 290 2014 7 2 20 33 6 2 79
3 55 55 33.3 -111.68 239 334 68 290 2014 7 2 20 34 15 2 79
3 55 55 33.33 -111.7 240 330 62 290 2014 7 2 20 35 6 2 79
3 55 55 33.384 -111.74 235 327 48 290 2014 7 2 20 36 6 2 79
3 55 55 33.408 -111.81 228 300 35 290 2014 7 2 20 37 6 2 79
3 55 55 33.429 -111.9 212 300 33 290 2014 7 2 20 38 15 2 79
3 55 55 33.431 -111.96 177 270 19 290 2014 7 2 20 39 6 2 79
3 55 55 33.431 -112 142 270 11 290 2014 7 2 20 40 6 2 79
5 55 55 33.433 -112.02 163 0 20 150 2014 7 3 12 32 6 2 79
5 55 55 33.417 -112.1 208 249 48 150 2014 7 3 12 33 6 2 79
5 55 55 33.367 -112.12 261 251 75 150 2014 7 3 12 34 16 2 79
5 55 55 33.283 -112.08 283 163 119 150 2014 7 3 12 35 15 2 79
5 55 55 33.283 -112.08 283 163 119 150 2014 7 3 12 36 6 2 79
5 55 55 33.217 -111.92 313 150 150 150 2014 7 3 12 37 6 2 79
5 55 55 33.217 -111.82 304 115 150 150 2014 7 3 12 38 15 2 79
5 55 55 33.217 -111.72 317 107 149 150 2014 7 3 12 39 16 2 79
5 55 55 33.2 -111.62 312 89 149 150 2014 7 3 12 40 15 2 79
5 55 55 33.2 -111.52 305 95 146 150 2014 7 3 12 41 15 2 79
5 55 55 33.25 -111.47 277 95 133 150 2014 7 3 12 42 16 2 79
5 55 55 33.333 -111.5 255 68 118 150 2014 7 3 12 43 16 2 79
5 55 55 33.4 -111.53 263 5 99 150 2014 7 3 12 44 6 2 79
5 55 55 33.333 -111.5 263 158 99 150 2014 7 3 12 45 6 2 79
5 55 55 33.433 -111.62 239 340 81 150 2014 7 3 12 46 6 2 79
5 55 55 33.433 -111.75 212 284 50 150 2014 7 3 12 47 16 2 79
5 55 55 33.433 -111.75 212 284 50 150 2014 7 3 12 48 6 2 79
5 55 55 33.433 -111.88 185 270 28 150 2014 7 3 12 49 15 2 79
5 55 55 33.433 -111.93 163 270 19 150 2014 7 3 12 50 16 2 79
5 55 55 33.433 -111.93 163 270 19 150 2014 7 3 12 51 6 2 79
5 55 55 33.433 -111.98 145 270 13 150 2014 7 3 12 52 6 2 79
5 55 55 33.4 -111.96 145 145 13 150 2014 7 3 12 53 6 2 79
5 55 55 33.367 -111.93 145 145 13 150 2014 7 3 12 54 6 2 79
5 55 55 33.334 -111.9 145 145 13 150 2014 7 3 12 55 15 2 79
5 55 55 33.3 -111.88 145 145 13 150 2014 7 3 12 56 6 2 79
5 55 55 33.267 -111.85 145 145 13 150 2014 7 3 12 57 6 2 79
5 55 55 33.2 -111.79 145 145 13 150 2014 7 3 12 58 16 2 79
5 55 55 33.2 -111.79 145 145 13 150 2014 7 3 12 59 6 2 79
5 55 55 33.167 -111.77 145 145 13 150 2014 7 3 13 0 6 2 79
5 55 55 33.134 -111.74 145 145 13 150 2014 7 3 13 1 6 2 79
5 55 55 33.101 -111.71 145 145 13 150 2014 7 3 13 2 6 2 79
5 55 55 33.067 -111.69 145 145 13 150 2014 7 3 13 3 6 2 79
5 55 55 33.034 -111.66 145 145 13 150 2014 7 3 13 4 6 2 79
5 55 55 33.001 -111.63 145 146 13 150 2014 7 3 13 5 6 2 79
5 55 55 32.967 -111.61 145 146 13 150 2014 7 3 13 6 6 2 60
5 55 55 32.934 -111.58 145 146 13 150 2014 7 3 13 7 9 2 60
5 55 55 32.901 -111.55 145 146 13 150 2014 7 3 13 8 6 2 60
5 55 55 32.867 -111.53 145 146 13 150 2014 7 3 13 9 6 2 60
5 55 55 32.834 -111.5 145 146 13 150 2014 7 3 13 10 6 2 60
5 55 55 32.8 -111.47 145 146 13 150 2014 7 3 13 11 6 2 60
5 55 55 32.767 -111.45 145 146 13 150 2014 7 3 13 12 6 2 60
5 55 55 32.734 -111.42 145 146 13 150 2014 7 3 13 13 6 2 60
5 55 55 32.7 -111.39 145 146 13 150 2014 7 3 13 14 6 2 60
5 55 55 32.667 -111.37 145 146 13 150 2014 7 3 13 15 6 2 60
5 55 55 32.633 -111.34 145 146 13 150 2014 7 3 13 16 6 2 60
5 55 55 32.6 -111.31 145 146 13 150 2014 7 3 13 17 6 2 60
5 55 55 32.567 -111.29 145 146 13 150 2014 7 3 13 18 6 2 60
5 55 55 32.533 -111.26 145 146 13 150 2014 7 3 13 19 6 2 77
5 55 55 32.5 -111.23 145 146 13 150 2014 7 3 13 20 6 2 77
5 55 55 32.466 -111.21 145 146 13 150 2014 7 3 13 21 6 2 77
5 55 55 32.433 -111.18 145 146 13 150 2014 7 3 13 22 6 2 77
5 55 55 32.399 -111.15 145 146 13 150 2014 7 3 13 23 6 2 77
5 55 55 32.366 -111.13 145 146 13 150 2014 7 3 13 24 6 2 77
5 55 55 32.333 -111.1 145 146 13 150 2014 7 3 13 25 6 2 77
5 55 55 32.299 -111.08 145 146 13 150 2014 7 3 13 26 6 2 77
5 55 55 32.266 -111.05 145 146 13 150 2014 7 3 13 27 6 2 77
5 55 55 32.199 -111 145 146 13 150 2014 7 3 13 28 16 2 77
5 55 55 32.199 -111 145 146 13 150 2014 7 3 13 29 6 2 77
5 55 55 32.165 -110.97 145 146 13 150 2014 7 3 13 30 6 2 77
5 55 55 32.198 -111 145 325 13 150 2014 7 3 13 31 8 2 77
5 55 55 32.232 -111.02 145 325 13 150 2014 7 3 13 32 6 2 77
5 55 55 32.265 -111.05 145 325 13 150 2014 7 3 13 33 6 2 77
5 55 55 32.298 -111.08 145 325 13 150 2014 7 3 13 34 6 2 77
5 55 55 32.331 -111.1 145 325 13 150 2014 7 3 13 35 6 2 77
5 55 55 32.364 -111.13 145 325 13 150 2014 7 3 13 36 6 2 77
5 55 55 32.398 -111.16 145 325 13 150 2014 7 3 13 37 6 2 77
5 55 55 32.431 -111.18 145 325 13 150 2014 7 3 13 38 6 2 77
5 55 55 32.464 -111.21 145 325 13 150 2014 7 3 13 39 6 2 77
5 55 55 32.497 -111.24 145 325 13 150 2014 7 3 13 40 6 2 77
5 55 55 32.531 -111.26 145 325 13 150 2014 7 3 13 41 6 2 77
5 55 55 32.597 -111.32 145 325 13 150 2014 7 3 13 42 16 2 60
5 55 55 32.597 -111.32 145 325 13 150 2014 7 3 13 43 6 2 60
5 55 55 32.63 -111.35 145 325 13 150 2014 7 3 13 44 6 2 60
5 55 55 32.663 -111.37 145 325 13 150 2014 7 3 13 45 6 2 60
5 55 55 32.696 -111.4 145 325 13 150 2014 7 3 13 46 6 2 60
5 55 55 32.729 -111.43 145 325 13 150 2014 7 3 13 47 6 2 60
5 55 55 32.763 -111.45 145 325 13 150 2014 7 3 13 48 6 2 60
5 55 55 32.796 -111.48 145 325 13 150 2014 7 3 13 49 6 2 60
5 55 55 32.829 -111.51 145 325 13 150 2014 7 3 13 50 6 2 60
5 55 55 32.862 -111.53 145 325 13 150 2014 7 3 13 51 6 2 60
5 55 55 32.895 -111.56 145 325 13 150 2014 7 3 13 52 15 2 60
5 55 55 32.928 -111.59 145 325 13 150 2014 7 3 13 53 6 2 60
5 55 55 32.961 -111.62 145 325 13 150 2014 7 3 13 54 6 2 60
5 55 55 32.994 -111.64 145 325 13 150 2014 7 3 13 55 6 2 79
5 55 55 33.028 -111.67 145 325 13 150 2014 7 3 13 56 6 2 79
5 55 55 33.061 -111.7 145 325 13 150 2014 7 3 13 57 6 2 79
5 55 55 33.094 -111.73 145 325 13 150 2014 7 3 13 58 6 2 79
5 55 55 33.127 -111.75 145 325 13 150 2014 7 3 13 59 6 2 79
5 55 55 33.16 -111.78 145 325 13 150 2014 7 3 14 0 6 2 79
5 55 55 33.193 -111.81 145 325 13 150 2014 7 3 14 1 6 2 79
5 55 55 33.226 -111.83 145 325 13 150 2014 7 3 14 2 6 2 79
5 55 55 33.259 -111.86 145 325 13 150 2014 7 3 14 3 6 2 79
5 55 55 33.292 -111.89 145 325 13 150 2014 7 3 14 4 6 2 79
5 55 55 33.325 -111.92 145 325 13 150 2014 7 3 14 5 6 2 79
5 55 55 33.358 -111.94 145 325 13 150 2014 7 3 14 6 7 2 79
5 55 55 33.391 -111.97 145 325 13 150 2014 7 3 14 7 6 2 79
7 55 55 33.436 -112.01 153 0 11 280 2014 7 3 19 8 6 2 79
7 55 55 33.426 -112.05 196 265 26 280 2014 7 3 19 9 6 2 79
7 55 55 33.401 -112.12 217 239 56 280 2014 7 3 19 10 6 2 79
7 55 55 33.343 -112.16 271 245 92 280 2014 7 3 19 11 6 2 79
7 55 55 33.266 -112.12 305 210 120 280 2014 7 3 19 12 6 2 79
7 55 55 33.178 -112.07 343 169 142 280 2014 7 3 19 13 6 2 79
7 55 55 33.079 -112.02 330 155 165 280 2014 7 3 19 14 8 2 79
7 55 55 32.994 -111.97 336 155 181 280 2014 7 3 19 15 6 2 60
7 55 55 32.902 -111.92 358 155 194 250 2014 7 3 19 16 6 2 60
7 55 55 32.815 -111.85 371 155 208 250 2014 7 3 19 17 6 2 60
7 55 55 32.727 -111.78 385 150 221 250 2014 7 3 19 18 6 2 60
7 55 55 32.617 -111.69 393 145 236 250 2014 7 3 19 19 6 2 60
7 55 55 32.528 -111.61 394 145 247 250 2014 7 3 19 20 6 2 60
7 55 55 32.436 -111.54 397 145 250 250 2014 7 3 19 21 6 2 60
7 55 55 32.356 -111.44 424 145 250 250 2014 7 3 19 22 6 2 60
7 55 55 32.333 -111.3 449 132 243 250 2014 7 3 19 23 6 2 60
7 55 55 32.384 -111.17 438 116 228 250 2014 7 3 19 24 6 2 60
7 55 55 32.509 -111.09 429 82 210 250 2014 7 3 19 25 6 2 60
7 55 55 32.626 -111.1 420 44 194 250 2014 7 3 19 26 6 2 60
7 55 55 32.729 -111.17 422 355 179 250 2014 7 3 19 27 6 2 60
7 55 55 32.823 -111.25 419 344 168 250 2014 7 3 19 28 9 2 60
7 55 55 32.916 -111.33 411 323 158 250 2014 7 3 19 29 6 2 60
7 55 55 32.95 -111.35 371 324 154 250 2014 7 3 19 30 6 2 60
7 55 55 33.017 -111.43 331 323 144 250 2014 7 3 19 31 6 2 79
7 55 55 33.05 -111.52 291 303 129 250 2014 7 3 19 32 6 2 79
7 55 55 33.094 -111.57 276 310 118 250 2014 7 3 19 33 6 2 79
7 55 55 33.167 -111.62 257 331 101 250 2014 7 3 19 34 6 2 79
7 55 55 33.233 -111.65 253 335 86 250 2014 7 3 19 35 6 2 79
7 55 55 33.286 -111.67 244 343 73 250 2014 7 3 19 36 6 2 79
7 55 55 33.347 -111.68 224 344 60 250 2014 7 3 19 37 6 2 79
7 55 55 33.4 -111.7 185 344 50 250 2014 7 3 19 38 6 2 79
7 55 55 33.433 -111.75 193 296 50 250 2014 7 3 19 39 6 2 79
7 55 55 33.433 -111.82 180 273 39 250 2014 7 3 19 40 6 2 79
7 55 55 33.429 -111.87 178 273 31 250 2014 7 3 19 41 6 2 79
7 55 55 33.433 -111.93 160 264 22 250 2014 7 3 19 42 6 2 79
7 55 55 33.429 -111.97 127 277 16 250 2014 7 3 19 43 6 2 79
7 55 55 33.429 -112.01 106 262 11 250 2014 7 3 19 44 10 2 79
