1 62 77 32.734 -117.19 147 0 0 100 2014 7 1 1 37 16 1 9
1 62 77 32.767 -117.25 229 324 42 100 2014 7 1 1 39 6 1 9
1 62 77 32.85 -117.38 280 303 95 100 2014 7 1 1 40 6 1 9
1 62 77 32.917 -117.47 347 312 100 100 2014 7 1 1 41 6 1 9
1 62 77 32.983 -117.57 388 310 100 100 2014 7 1 1 42 6 1 9
1 62 77 33.05 -117.65 398 310 100 100 2014 7 1 1 43 16 1 9
1 62 77 33.117 -117.75 407 311 100 100 2014 7 1 1 44 15 1 9
1 62 77 33.2 -117.85 414 311 100 100 2014 7 1 1 45 6 1 2
1 62 77 33.317 -117.92 381 332 100 100 2014 7 1 1 46 7 1 2
1 62 77 33.383 -117.95 304 334 87 100 2014 7 1 1 47 7 1 2
1 62 77 33.467 -118 294 334 69 100 2014 7 1 1 48 6 1 2
1 62 77 33.533 -118.03 289 333 60 100 2014 7 1 1 49 6 1 2
1 62 77 33.6 -118.05 288 341 60 100 2014 7 1 1 50 6 1 2
1 62 77 33.683 -118.08 294 344 60 100 2014 7 1 1 51 6 1 2
1 62 77 33.75 -118.17 287 318 60 100 2014 7 1 1 52 16 1 2
1 62 77 33.778 -118.21 284 313 60 100 2014 7 1 1 53 6 1 2
1 62 77 33.833 -118.3 277 309 60 100 2014 7 1 1 54 6 1 15
1 62 77 33.876 -118.35 283 308 60 100 2014 7 1 1 55 15 1 15
1 62 77 33.935 -118.43 278 312 60 100 2014 7 1 1 56 7 1 15
1 62 77 34 -118.48 250 326 55 100 2014 7 1 1 57 6 1 15
1 62 77 34.05 -118.53 232 324 50 100 2014 7 1 1 58 6 1 15
1 62 77 34.117 -118.57 235 334 50 100 2014 7 1 1 59 6 1 8
1 62 77 34.183 -118.55 218 3 37 100 2014 7 1 2 0 6 1 8
1 62 77 34.229 -118.55 218 6 25 100 2014 7 1 2 1 6 1 8
1 62 77 34.265 -118.53 191 39 20 100 2014 7 1 2 2 6 1 8
1 62 77 34.236 -118.49 153 157 14 100 2014 7 1 2 3 6 1 8
1 62 77 34.203 -118.5 147 135 12 100 2014 7 1 2 4 16 1 8
2 62 77 32.75 -117.22 180 0 38 100 2014 7 2 20 26 6 1 9
2 62 77 32.783 -117.28 233 305 76 100 2014 7 2 20 27 6 1 9
2 62 77 32.817 -117.35 260 302 100 100 2014 7 2 20 28 6 1 9
2 62 77 32.867 -117.45 345 301 100 100 2014 7 2 20 29 16 1 9
2 62 77 32.933 -117.52 345 302 100 100 2014 7 2 20 30 6 1 9
2 62 77 33.017 -117.58 345 323 100 100 2014 7 2 20 31 12 1 9
2 62 77 33.083 -117.67 344 323 100 100 2014 7 2 20 32 6 1 9
2 62 77 33.094 -117.7 344 313 100 100 2014 7 2 20 33 6 1 9
2 62 77 33.217 -117.82 312 316 95 100 2014 7 2 20 34 15 1 2
2 62 77 33.245 -117.85 311 326 90 100 2014 7 2 20 35 6 1 2
2 62 77 33.31 -117.9 292 320 81 100 2014 7 2 20 36 6 1 2
2 62 77 33.377 -117.96 291 327 73 100 2014 7 2 20 37 6 1 2
2 62 77 33.483 -118.05 289 325 61 100 2014 7 2 20 38 15 1 2
2 62 77 33.55 -118.1 274 323 60 100 2014 7 2 20 39 6 1 2
2 62 77 33.6 -118.15 276 324 60 100 2014 7 2 20 40 6 1 2
2 62 77 33.667 -118.2 262 324 60 100 2014 7 2 20 41 6 1 2
2 62 77 33.717 -118.25 247 324 60 100 2014 7 2 20 42 6 1 2
2 62 77 33.767 -118.3 233 324 60 100 2014 7 2 20 43 6 1 2
2 62 77 33.814 -118.33 236 329 60 100 2014 7 2 20 44 6 1 15
2 62 77 33.873 -118.38 258 333 60 100 2014 7 2 20 45 6 1 15
2 62 77 33.883 -118.4 272 315 60 100 2014 7 2 20 46 6 1 15
2 62 77 34 -118.49 279 331 58 100 2014 7 2 20 47 6 1 15
2 62 77 34.083 -118.55 288 327 50 100 2014 7 2 20 48 6 1 15
2 62 77 34.15 -118.57 244 352 48 100 2014 7 2 20 49 6 1 8
2 62 77 34.217 -118.55 220 2 34 100 2014 7 2 20 50 6 1 8
2 62 77 34.25 -118.52 168 11 23 100 2014 7 2 20 51 6 1 8
2 62 77 34.233 -118.5 128 34 12 100 2014 7 2 20 52 9 1 8
2 62 77 34.227 -118.49 164 140 12 100 2014 7 2 20 53 6 1 8
