1 36 33 33.837 -118.17 158 0 16 250 1 2
1 36 33 33.78 -118.08 321 124 127 250 1 2
1 36 33 34.111 -117.75 418 39 201 250 1 21
1 36 33 34.546 -117.15 457 48 250 250 1 43
1 36 33 34.964 -116.57 459 48 250 130 1 43
1 36 33 35.23 -116.24 413 45 214 130 1 31
1 36 33 35.63 -115.74 303 47 140 130 1 31
1 36 33 35.97 -115.48 322 28 125 130 1 3
1 36 33 36.007 -115.01 272 94 56 130 1 3
1 36 33 36.074 -115.15 145 268 21 130 1 3
2 36 33 33.845 -118.18 170 320 18 250 1 2
2 36 33 33.763 -118.04 310 115 131 250 1 18
2 36 33 34.21 -117.61 426 38 221 250 1 21
2 36 33 34.539 -117.16 455 48 250 250 1 43
2 36 33 34.975 -116.56 457 45 250 250 1 43
2 36 33 35.343 -116.1 455 45 179 130 1 31
2 36 33 35.754 -115.69 328 27 110 130 1 31
2 36 33 36.027 -115.3 328 72 104 130 1 3
2 36 33 36.038 -114.93 200 87 52 130 1 3
2 36 33 36.073 -115.15 155 269 21 130 1 3
3 36 33 33.85 -118.2 191 316 22 250 1 2
3 36 33 33.699 -118.19 289 177 143 250 1 18
3 36 33 34.127 -117.73 437 40 224 250 1 21
3 36 33 34.547 -117.15 456 48 250 250 1 43
3 36 33 34.979 -116.55 457 48 250 130 1 43
3 36 33 35.311 -116.14 390 45 200 130 1 31
3 36 33 35.669 -115.69 364 50 132 130 1 31
3 36 33 36.001 -115.47 322 33 121 130 1 3
3 36 33 36.004 -114.99 203 95 70 130 1 3
3 36 33 36.074 -115.03 186 277 36 130 1 3
4 36 33 33.818 -118.15 153 0 0 250 1 2
4 36 33 33.634 -118.26 286 109 104 250 1 2
4 36 33 34.01 -117.91 383 31 214 250 1 21
4 36 33 34.348 -117.34 440 62 250 250 1 43
4 36 33 34.689 -116.75 430 55 250 250 1 44
4 36 33 35.014 -116.48 443 34 250 250 1 43
4 36 33 35.412 -116.02 354 47 181 130 1 31
4 36 33 35.708 -115.6 316 53 98 130 1 3
4 36 33 35.996 -115.33 213 20 57 130 1 3
4 36 33 36.073 -115.16 141 88 23 130 1 3
5 36 33 33.838 -118.17 171.5 78.25 74.5 250 1 2
5 36 33 33.678 -118.14 323.5 134.75 127 250 1 2
5 36 33 34.166 -117.69 439 38.25 230.25 250 1 21
5 36 33 34.577 -117.12 447 48.75 250 250 1 43
5 36 33 34.791 -116.83 447 48.75 250 250 1 43
5 36 33 35.218 -116.26 418.5 45.5 233.25 130 1 31
5 36 33 35.599 -115.77 348.25 47 143.25 130 1 31
5 36 33 35.892 -115.39 288.75 34 72.5 130 1 3
5 36 33 36.074 -115.17 147.75 87.5 23.75 130 1 3
6 36 46 33.848 -118.2 204 320 21 300 1 2
6 36 46 34.158 -118.47 369 337 148 300 1 32
6 36 46 34.629 -118.76 418 333 241 300 1 53
6 36 46 35.157 -119.21 446 321 299 300 1 53
6 36 46 35.597 -119.64 445 321 299 300 1 54
6 36 46 36.139 -120.19 442 320 299 300 4 189
6 36 46 35.787 -119.83 444 320 299 300 1 54
6 36 46 36.24 -120.29 440 320 299 300 4 189
6 36 46 36.767 -120.83 433 320 229 200 4 168
6 36 46 37.15 -121.27 337 317 132 200 4 154
6 36 46 37.428 -121.6 287 313 65 200 4 152
6 36 46 37.561 -122.01 203 310 37 200 4 156
6 36 46 37.704 -122.22 134 321 200 200 4 152
7 36 46 33.834 -118.18 179.5 0 12 300 1 2
7 36 46 33.959 -118.48 307 317.5 118.5 300 1 15
7 36 46 34.463 -118.71 422 339.5 211.5 300 1 32
7 36 46 35.049 -119.1 448.5 320.5 298 300 1 53
7 36 46 35.52 -119.56 442.5 320.5 299.5 300 1 54
7 36 46 36.005 -120.05 445.5 320 300 280 4 189
7 36 46 36.264 -120.31 445.5 320 297.5 280 4 189
7 36 46 36.725 -120.78 431.5 320 230.5 200 4 168
7 36 46 37.127 -121.25 379.5 313 130 200 4 154
7 36 46 37.442 -121.65 289.5 304.5 69 200 4 152
7 36 46 37.566 -122.01 199 288 35.5 200 4 156
7 36 46 37.71 -122.22 127.5 316.5 240 200 4 152
8 36 46 33.833 -118.18 164 0 18 300 1 2
8 36 46 34.061 -118.38 283 317 147 300 1 21
8 36 46 34.559 -118.7 435 332 242 300 1 53
8 36 46 35.096 -119.15 445 321 300 300 1 53
8 36 46 35.598 -119.64 448 320 300 300 1 54
8 36 46 36.141 -120.19 443 320 300 280 4 189
8 36 46 35.807 -119.85 447 321 300 300 1 54
8 36 46 36.241 -120.29 443 320 300 280 4 189
8 36 46 36.716 -120.78 391 320 240 200 4 168
8 36 46 37.106 -121.23 360 317 143 200 4 174
8 36 46 37.37 -121.53 303 313 85 200 4 152
8 36 46 37.541 -121.97 262 285 44 200 4 156
8 36 46 37.701 -122.21 142 310 2 200 4 152
9 36 46 33.833 -118.18 166 0 21 300 1 2
9 36 46 33.933 -118.62 294 283 90 300 1 15
9 36 46 34.286 -118.64 296 10 98 300 1 8
9 36 46 34.738 -118.83 348 338 194 300 1 32
9 36 46 35.141 -119.19 364 321 291 300 1 53
9 36 46 35.578 -119.62 429 320 300 300 1 54
9 36 46 36.075 -120.12 420 320 300 300 4 189
9 36 46 35.668 -119.71 427 320 299 300 1 54
9 36 46 36.135 -120.18 420 320 300 300 4 189
9 36 46 36.577 -120.64 396 320 274 200 4 168
9 36 46 36.983 -121.08 375 316 177 200 4 174
9 36 46 37.346 -121.49 337 321 97 200 4 152
9 36 46 37.617 -121.68 240 290 70 200 4 156
9 36 46 37.617 -122.01 167 280 41 200 4 156
9 36 46 37.704 -122.22 124 311 200 200 4 152
10 36 46 33.839 -118.19 174.67 0 19.333 300 1 2
10 36 46 33.923 -118.57 292.33 287.33 91.667 300 1 15
10 36 46 34.329 -118.65 373.33 123.67 163.33 300 1 32
10 36 46 34.881 -118.94 441 327 255 300 1 53
10 36 46 35.381 -119.43 447.33 320.67 298.33 300 1 54
10 36 46 35.882 -119.93 450.33 320.33 299.33 300 4 189
10 36 46 36.285 -120.34 451.67 320 299.67 200 4 189
10 36 46 36.762 -120.83 422.67 320.33 229 200 4 168
10 36 46 37.161 -121.28 361.33 315.33 133 200 4 154
10 36 46 37.485 -121.67 286.33 318 63.333 200 4 156
10 36 46 37.594 -122.03 213 287.33 38.667 200 4 156
10 36 46 37.713 -122.23 126 304.67 226.67 200 4 155
11 36 46 33.833 -118.17 170 0 18 300 1 2
11 36 46 34.023 -118.44 315 321 130 300 1 15
11 36 46 34.524 -118.71 423 326 228 300 1 32
11 36 46 35.058 -119.11 428 321 299 300 1 53
11 36 46 35.541 -119.59 431 321 299 300 1 54
11 36 46 36.023 -120.07 433 320 300 300 4 189
11 36 46 36.633 -120.68 423 320 257 280 4 168
11 36 46 37.033 -121.15 386 318 159 280 4 174
11 36 46 37.383 -121.55 287 313 77 280 4 152
11 36 46 37.683 -121.75 226 335 59 280 4 152
11 36 46 37.6 -122.07 182 274 30 280 4 156
11 36 46 37.713 -122.23 116 311 280 280 4 185
12 36 53 33.85 -118.2 200 0 22 360 1 2
12 36 53 33.947 -118.59 307 327 115 360 1 15
12 36 53 34.464 -118.69 409 353 196 360 1 32
12 36 53 35.063 -118.95 460 344 276 360 1 53
12 36 53 35.629 -119.17 460 339 337 360 1 53
12 36 53 36.226 -119.47 444 337 360 360 4 187
12 36 53 36.794 -119.77 444 337 360 360 4 187
12 36 53 37.28 -120.25 438 319 360 360 4 187
12 36 53 37.867 -120.53 450 349 360 360 4 184
12 36 53 38.364 -120.74 449 351 360 360 4 185
12 36 53 39.11 -120.98 451 345 360 360 4 186
12 36 53 39.688 -121.17 452 345 360 360 4 186
12 36 53 39.231 -121.02 451 345 360 360 4 186
12 36 53 39.853 -121.22 454 346 360 360 4 186
12 36 53 40.359 -121.39 448 345 360 360 4 186
12 36 53 40.961 -121.6 449 345 360 360 4 186
12 36 53 41.596 -121.82 459 345 360 360 3 141
12 36 53 42.236 -122.05 480 345 360 360 3 141
12 36 53 42.901 -122.29 478 345 360 360 3 141
12 36 53 43.544 -122.51 479 344 360 360 3 135
12 36 53 44.235 -122.59 461 355 245 360 3 136
12 36 53 44.802 -122.65 385 355 145 360 3 130
12 36 53 45.258 -122.65 281 1 84 360 3 112
12 36 53 45.556 -122.81 246 338 44 360 3 112
12 36 53 45.591 -122.61 132 119 1 360 3 112
13 36 53 33.834 -118.17 166 0 11 360 1 2
13 36 53 33.935 -118.53 292 284.67 98 360 1 15
13 36 53 34.366 -118.67 352 119 157.67 360 1 32
13 36 53 34.9 -118.9 420.33 340.67 233.33 360 1 32
13 36 53 35.516 -119.12 454.33 341.33 296.67 360 1 53
13 36 53 36.12 -119.36 464 342.67 335.33 360 4 187
13 36 53 36.724 -119.58 462.33 343 353.33 360 4 187
13 36 53 37.34 -119.82 452 342.67 364.67 360 4 187
13 36 53 37.954 -120.05 450 342.67 366.67 360 4 184
13 36 53 38.548 -120.28 450.33 342.67 366.67 360 4 185
13 36 53 39.176 -120.54 457.33 342.33 366.67 360 4 185
13 36 53 39.796 -120.79 461 342 366.67 360 4 186
13 36 53 40.123 -120.92 463 342 366.67 360 4 186
13 36 53 40.751 -121.19 460 338 366.67 360 4 186
13 36 53 41.304 -121.46 455.33 342 366.67 360 3 141
13 36 53 41.955 -121.73 450.67 342.33 366.67 360 3 141
13 36 53 42.501 -121.96 451.33 344 360 340 3 141
13 36 53 43.094 -122.26 454 339 360 340 3 141
13 36 53 43.697 -122.52 456 342 337.67 340 3 136
13 36 53 44.277 -122.73 433.33 228.67 243 340 3 130
13 36 53 44.834 -122.69 349.67 4.3333 139.67 340 3 130
13 36 53 45.245 -122.64 285.67 4.3333 73.333 340 3 112
13 36 53 45.513 -122.52 204 158 33.333 340 3 112
13 36 53 45.583 -122.57 137.33 238.67 121.33 340 3 112
14 36 55 33.839 -118.18 174 160 16 310 1 2
14 36 55 33.645 -118.02 329 143 134.5 310 1 18
14 36 55 33.643 -117.44 397 90 227.5 310 1 18
14 36 55 33.636 -116.75 440.5 90 297 310 1 41
14 36 55 33.614 -115.95 462.5 94 320 310 1 41
14 36 55 33.575 -115.12 468.5 93 318.5 250 1 39
14 36 55 33.544 -114.68 463 95 301.5 250 1 39
14 36 55 33.43 -113.91 409 103 249 250 2 64
14 36 55 33.305 -113.3 374.5 98 179 250 2 64
14 36 55 33.29 -112.79 298 87 108.5 250 2 64
14 36 55 33.424 -112.38 246.5 77 64 250 2 79
14 36 55 33.435 -112.04 145 89 13.5 250 2 79
15 36 55 33.841 -118.18 169.67 102.67 49.222 310 1 2
15 36 55 33.61 -118.13 314.67 157.56 124.56 310 1 2
15 36 55 33.623 -117.49 405.39 87.833 219.78 310 1 18
15 36 55 33.615 -116.76 454.89 89.556 279.44 310 1 41
15 36 55 33.594 -116 461.44 90.556 308.78 310 1 41
15 36 55 33.562 -115.22 465.56 92.333 313.67 250 1 39
15 36 55 33.528 -114.83 465.56 92.333 313.67 250 1 39
15 36 55 33.455 -114.06 424.44 98 249.44 250 2 64
15 36 55 33.342 -113.42 404 102 208.67 250 2 64
15 36 55 33.284 -112.82 337.67 110.22 154.67 250 2 64
15 36 55 33.301 -112.28 289.78 86.222 103.56 250 2 79
15 36 55 33.348 -111.87 227.44 82.667 58.889 250 2 79
15 36 55 33.439 -111.97 144.56 268.11 15.222 250 2 79
16 36 65 33.833 -118.18 182 0 18 360 1 2
16 36 65 33.922 -118.57 295 284 90 360 1 15
16 36 65 34.261 -118.68 315 25 134 360 1 32
16 36 65 34.754 -118.84 382 344 239 360 1 32
16 36 65 35.378 -119.04 463 346 296 360 1 53
16 36 65 36.021 -119.23 459 346 356 360 1 53
16 36 65 36.621 -119.41 465 346 360 360 4 187
16 36 65 37.248 -119.6 463 346 380 380 4 187
16 36 65 37.764 -119.76 462 346 380 380 4 184
16 36 65 38.544 -120.01 467 346 380 380 4 185
16 36 65 39.068 -120.18 463 345 380 380 4 185
16 36 65 39.698 -120.38 470 346 380 380 4 181
16 36 65 40.357 -120.6 473 345 380 380 4 186
16 36 65 40.704 -120.72 473 345 380 380 4 186
16 36 65 41.398 -120.96 476 345 380 380 3 142
16 36 65 41.998 -121.34 463 325 380 380 3 141
16 36 65 42.53 -121.83 464 326 380 380 3 141
16 36 65 43.154 -122.07 482 352 380 380 3 141
16 36 65 43.871 -122.21 493 351 380 380 3 135
16 36 65 44.412 -122.32 494 351 380 380 3 135
16 36 65 45.097 -122.46 483 351 380 380 3 135
16 36 65 45.776 -122.6 484 351 360 380 3 135
16 36 65 46.419 -122.73 411 351 236 380 3 147
16 36 65 46.971 -122.55 359 38 128 380 3 114
16 36 65 47.385 -122.46 279 4 73 380 3 114
16 36 65 47.676 -122.35 208 58 34 380 3 114
16 36 65 47.462 -122.31 135 181 4 380 3 114
17 36 65 33.842 -118.19 186.75 0 16.5 380 1 2
17 36 65 33.977 -118.56 287.75 306.25 99 380 1 15
17 36 65 34.358 -118.66 338.25 99.5 151.5 380 1 32
17 36 65 34.886 -118.89 419.25 340 224.25 380 1 32
17 36 65 35.502 -119.11 455.75 343.25 285.5 380 1 53
17 36 65 36.054 -119.33 458.75 341.25 327.25 380 1 53
17 36 65 36.655 -119.58 452 341 361.5 380 4 187
17 36 65 37.238 -119.83 459.75 340.75 371 380 4 187
17 36 65 37.862 -120.08 456.5 342.5 375 380 4 184
17 36 65 38.493 -120.3 458.5 344.75 375 380 4 185
17 36 65 39.088 -120.5 459.75 345 375 380 4 185
17 36 65 39.724 -120.71 460.25 345 375 380 4 186
17 36 65 40.333 -120.92 461.25 344.5 375 380 4 186
17 36 65 40.956 -121.15 459 343.25 375 380 3 141
17 36 65 41.572 -121.41 462 342 375 380 3 141
17 36 65 42.196 -121.65 464.5 345.25 375 380 3 141
17 36 65 42.822 -121.81 465.5 350.25 375 380 3 141
17 36 65 43.462 -121.98 469 349 375 380 3 141
17 36 65 44.085 -122.14 468 349 375 380 3 135
17 36 65 44.703 -122.28 470.25 263.75 375 380 3 135
17 36 65 45.326 -122.46 469 262.5 372.75 380 3 135
17 36 65 45.942 -122.63 463.25 348.5 300 380 3 135
17 36 65 46.548 -122.72 395.5 269 185.5 380 3 147
17 36 65 47.034 -122.57 310.25 106.75 99.75 380 3 114
17 36 65 47.346 -122.34 213 112.25 40.25 380 3 114
17 36 65 47.459 -122.31 130.75 45 4.25 380 3 114
18 36 65 33.858 -118.21 203.5 160.5 21 360 1 2
18 36 65 33.963 -118.53 276.5 301.5 103.5 360 1 15
18 36 65 34.377 -118.66 352 174.5 164.5 360 1 32
18 36 65 34.9 -118.89 406.5 341.5 241 360 1 32
18 36 65 35.405 -119.05 438.38 346 299.12 307.5 1 53
18 36 65 36.002 -119.23 453.5 346 343 360 1 53
18 36 65 36.575 -119.4 453 346 362.5 360 4 187
18 36 65 37.207 -119.59 451 346 370 360 4 187
18 36 65 37.826 -119.78 447 346 370 360 4 184
18 36 65 38.427 -119.97 444.5 345 370 360 4 185
18 36 65 39.034 -120.17 448.25 345 370 360 4 181
18 36 65 39.63 -120.36 439.75 345.75 370 360 4 181
18 36 65 40.178 -120.54 434.5 345.5 370 360 4 186
18 36 65 40.511 -120.65 434.5 345.5 370 360 4 186
18 36 65 41.176 -120.88 432 345 370 360 3 142
18 36 65 41.782 -121.09 438.5 345 370 360 3 142
18 36 65 42.362 -121.3 433.5 345 370 360 3 142
18 36 65 42.96 -121.52 427.5 344.5 370 360 3 142
18 36 65 43.547 -121.73 441.5 344.5 370 360 3 141
18 36 65 44.13 -121.95 429 345 365.5 360 3 135
18 36 65 44.722 -122.18 427.5 344 365.5 360 3 135
18 36 65 45.305 -122.41 434.5 344 365 360 3 135
18 36 65 45.888 -122.62 426 344.5 280 360 3 135
18 36 65 46.474 -122.72 401 353 188 360 3 147
18 36 65 46.963 -122.5 293 32 90.5 360 3 114
18 36 65 47.266 -122.32 228 8.5 38 360 3 114
18 36 65 47.446 -122.32 126.5 1 4.5 360 3 114
19 36 66 33.818 -118.15 153 0 0 380 1 2
19 36 66 33.825 -118.49 266 267 107 380 1 15
19 36 66 33.998 -119.06 406 304 205 380 1 24
19 36 66 34.396 -119.62 437 310 284 380 1 55
19 36 66 34.807 -120.18 448 311 342 360 1 55
19 36 66 35.298 -120.71 462 319 360 360 1 55
19 36 66 35.829 -121.27 437 319 360 360 4 188
19 36 66 36.301 -121.75 388 319 265 360 4 188
19 36 66 36.749 -121.97 359 347 196 360 4 188
19 36 66 37.201 -122.08 322 347 98 360 4 154
19 36 66 37.539 -122.2 198 348 30 360 4 156
19 36 66 37.619 -122.38 141 297 3 360 4 155
20 36 66 33.835 -118.17 160 78.5 15.75 380 1 2
20 36 66 33.821 -118.58 295.75 276.25 109 380 1 15
20 36 66 33.98 -119.08 399 228.25 203 380 1 24
20 36 66 34.412 -119.66 443 313.75 290.75 380 1 55
20 36 66 34.87 -120.17 449.75 317.75 358.75 380 1 55
20 36 66 35.312 -120.66 438.75 317 374.75 380 1 55
20 36 66 35.606 -120.94 440.5 322.5 374.75 380 4 188
20 36 66 36.127 -121.4 444.25 323.25 324.5 200 4 188
20 36 66 36.646 -121.87 418.75 324 199 200 4 188
20 36 66 37.11 -122.06 346 344 109 200 4 154
20 36 66 37.502 -122.13 231 265.75 44.5 200 4 156
20 36 66 37.611 -122.36 143 299 2 200 4 152
21 36 69 33.841 -118.18 176 321 11 350 1 2
21 36 69 33.579 -118.21 271 192 102 350 1 2
21 36 69 33.767 -117.97 387 199 174 350 1 18
21 36 69 34.311 -117.48 422 47 249 350 1 43
21 36 69 34.825 -116.98 462 39 295 350 1 43
21 36 69 35.256 -116.37 465 50 348 350 1 43
21 36 69 35.713 -115.7 501 50 350 350 1 47
21 36 69 36.175 -115.03 492 45 350 350 1 47
21 36 69 36.664 -114.43 492 46 350 350 1 49
21 36 69 36.367 -114.79 493 45 350 350 1 47
21 36 69 36.879 -114.19 489 32 350 350 1 49
21 36 69 37.464 -113.73 496 31 350 350 1 49
21 36 69 37.981 -113.39 502 22 350 350 5 205
21 36 69 38.613 -113.05 495 22 337 310 5 205
21 36 69 39.28 -112.69 485 22 264 170 5 215
21 36 69 39.894 -112.35 405 23 185 170 5 215
21 36 69 40.367 -112.16 356 16 136 170 5 197
21 36 69 40.811 -112.1 251 353 110 170 5 197
21 36 69 40.825 -112 142 173 47 170 5 197
22 36 69 33.841 -118.18 176 0 17.5 370 1 2
22 36 69 33.614 -118.14 305.5 144.5 110 370 1 2
22 36 69 34.074 -117.79 411 30 209.5 370 1 21
22 36 69 34.436 -117.31 451 47.75 269.25 252 1 43
22 36 69 34.85 -116.73 476.5 47.5 317.5 370 1 43
22 36 69 35.285 -116.17 482.5 46 363 370 1 43
22 36 69 35.784 -115.54 489 45.5 370 370 1 47
22 36 69 36.257 -114.93 485 45 370 370 1 47
22 36 69 36.772 -114.35 486 40 370.5 330 1 49
22 36 69 37.218 -113.97 472.5 33 350.5 330 1 48
22 36 69 37.779 -113.53 469 27 340 330 5 205
22 36 69 38.349 -113.22 472 23 340 320 5 205
22 36 69 38.892 -112.91 471.5 23 311.5 180 5 205
22 36 69 39.505 -112.57 447.5 23.5 245.5 170 5 215
22 36 69 40.008 -112.23 384.5 21 177 170 5 215
22 36 69 40.511 -112.1 340.5 13.5 129.5 170 5 197
22 36 69 40.892 -112.07 240.5 183 86.5 170 5 197
22 36 69 40.805 -111.98 143 175 43 170 5 197
23 36 69 33.839 -118.18 192 320 13 350 1 2
23 36 69 33.663 -118.14 295 170 126 350 1 2
23 36 69 34.071 -117.79 380 38 229 350 1 21
23 36 69 34.481 -117.25 429 48 293 350 1 43
23 36 69 34.829 -116.76 454 48 350 350 1 43
23 36 69 35.291 -116.17 458 45 350 350 1 43
23 36 69 35.746 -115.59 452 45 350 350 1 47
23 36 69 36.215 -114.99 475 46 350 350 1 47
23 36 69 36.724 -114.49 477 35 350 350 1 49
23 36 69 37.204 -114.06 478 34 330 330 1 48
23 36 69 37.732 -113.59 456 35 330 320 5 205
23 36 69 38.323 -113.26 440 23 320 320 5 205
23 36 69 38.922 -112.92 462 23 320 170 5 205
23 36 69 39.54 -112.56 444 24 249 170 5 215
23 36 69 40.041 -112.26 370 24 170 170 5 215
23 36 69 40.439 -112.12 335 15 130 170 5 197
23 36 69 40.854 -112.1 245 354 102 170 5 197
23 36 69 40.812 -112 149 174 43 170 5 197
24 36 69 33.818 -118.15 144 0 0 350 1 2
24 36 69 33.845 -118.13 210 48 52 350 1 15
24 36 69 34.019 -117.84 396 25 176 350 1 18
24 36 69 34.429 -117.31 443 48 246 350 1 43
24 36 69 34.871 -116.7 474 48 300 350 1 43
24 36 69 35.354 -116.08 494 45 330 330 1 43
24 36 69 35.757 -115.57 485 45 330 330 1 47
24 36 69 36.329 -114.84 482 46 330 330 1 47
24 36 69 36.743 -114.31 477 48 330 330 1 48
24 36 69 36.328 -114.84 478 45 330 330 1 47
24 36 69 36.808 -114.24 476 38 330 330 1 48
24 36 69 37.386 -113.79 470 31 330 330 1 48
24 36 69 37.963 -113.34 468 32 330 330 5 205
24 36 69 38.527 -112.93 466 30 330 330 5 205
24 36 69 39.148 -112.59 467 22 288 260 5 205
24 36 69 39.637 -112.31 447 23 195 150 5 215
24 36 69 40.133 -112.03 312 24 130 150 5 197
24 36 69 40.545 -111.95 278 354 83 150 5 197
24 36 69 40.784 -111.97 144 357 43 150 5 197
25 36 69 33.846 -118.2 183.25 311.75 20 350 1 2
25 36 69 33.668 -118.14 281 136 107.75 350 1 2
25 36 69 34.071 -117.78 388.75 35.25 204.25 350 1 21
25 36 69 34.472 -117.25 453 48 266.5 350 1 43
25 36 69 34.922 -116.65 471.75 47.25 330.25 350 1 43
25 36 69 35.378 -116.07 476 45.5 354.5 350 1 43
25 36 69 35.823 -115.49 477 46 355 350 1 47
25 36 69 36.244 -114.95 476 45 355 350 1 47
25 36 69 36.744 -114.32 472.25 42.5 359 350 1 49
25 36 69 37.284 -113.87 471.5 31.25 347 330 1 48
25 36 69 37.831 -113.44 463.75 32 345 330 5 205
25 36 69 38.404 -113 468 31.25 326.5 330 5 205
25 36 69 38.985 -112.68 460.5 22.25 304.75 150 5 205
25 36 69 39.55 -112.36 418.25 23.25 224.75 150 5 215
25 36 69 40.055 -112.08 353.5 21.75 142.75 150 5 215
25 36 69 40.474 -111.95 282.5 5 92.5 150 5 197
25 36 69 40.767 -111.97 156 355.25 44.75 150 5 197
26 36 69 33.842 -118.18 183 0 13 350 1 2
26 36 69 33.778 -118.1 329 130 121 350 1 2
26 36 69 34.148 -117.7 362 37 231 350 1 21
26 36 69 34.436 -117.31 398 47 291 350 1 43
26 36 69 34.936 -116.61 455 48 339 350 1 43
26 36 69 35.29 -116.16 449 45 350 350 1 43
26 36 69 35.736 -115.6 448 46 350 350 1 47
26 36 69 36.189 -115.02 458 45 350 350 1 47
26 36 69 36.667 -114.45 460 35 345 330 1 49
26 36 69 37.293 -113.93 436 33 314 310 1 48
26 36 69 37.823 -113.48 435 33 310 310 5 205
26 36 69 38.263 -113.1 477 34 310 310 5 205
26 36 69 38.884 -112.73 473 22 301 170 5 205
26 36 69 39.528 -112.47 453 17 266 170 5 215
26 36 69 40.086 -112.26 359 21 170 170 5 215
26 36 69 40.604 -112.08 370 12 115 170 5 197
26 36 69 40.97 -112.04 234 34 73 170 5 197
26 36 69 40.805 -112 131 177 43 170 5 197
27 36 69 33.845 -118.19 178 0 18 370 1 2
27 36 69 33.769 -118.06 346 124 134 370 1 18
27 36 69 34.214 -117.61 425 41 228 370 1 21
27 36 69 34.641 -117.02 474 48 290 370 1 43
27 36 69 35.016 -116.51 489 48 338 370 1 43
27 36 69 35.546 -115.84 482 44 370 370 1 43
27 36 69 35.991 -115.28 478 45 370 370 1 47
27 36 69 36.538 -114.78 475 36 370 370 1 49
27 36 69 36.825 -114.51 475 36 370 370 1 49
27 36 69 37.396 -113.96 475 37 350 350 1 49
27 36 69 37.869 -113.5 463 37 350 350 5 205
27 36 69 38.422 -112.98 480 38 351 350 5 205
27 36 69 39.048 -112.65 473 22 321 150 5 205
27 36 69 39.512 -112.38 444 23 241 150 5 215
27 36 69 40.086 -112.06 358 29 141 150 5 215
27 36 69 40.506 -111.94 247 1 97 150 5 197
27 36 69 40.776 -111.96 158 354 43 150 5 197
28 36 70 33.85 -118.28 224.5 141.5 42 340 1 2
28 36 70 34.172 -118.63 353.75 330 131.25 90 1 8
28 36 70 34.707 -118.83 419.5 341 219 340 1 32
28 36 70 35.26 -119.06 452.5 339.5 300.5 340 1 53
28 36 70 35.823 -119.34 456 336.25 340 340 1 53
28 36 70 36.316 -119.62 451.5 332 339.5 240 4 187
28 36 70 36.605 -119.81 451.5 332 339.5 240 4 187
28 36 70 37.183 -120.19 441 331.5 292 200 4 187
28 36 70 37.672 -120.59 412.5 319 210.5 200 4 152
28 36 70 38.094 -121.06 375 317.5 154 151 4 172
28 36 70 38.45 -121.56 335.5 311.5 102 200 4 153
28 36 70 38.816 -121.7 261.5 351 29 200 4 153
28 36 70 38.734 -121.58 159 152.5 6.5 200 4 153
29 36 71 33.817 -118.17 138 0 12.5 30 1 2
29 36 71 33.745 -117.99 214.5 86.5 44.5 30 1 2
29 36 71 33.841 -117.81 202 52.5 30 30 1 2
29 36 71 33.686 -117.86 137.5 118 4 30 1 2
30 36 77 33.834 -118.21 147.5 0 19.5 40 1 2
30 36 77 33.93 -118.36 158 324.75 44 40 1 15
30 36 77 34.122 -118.53 162.75 321.38 50 40 1 8
30 36 77 33.988 -118.42 158.12 322.5 48.5 40 1 0
30 36 77 34.162 -118.55 167.88 334.5 50 40 1 8
30 36 77 34.326 -118.57 170 101.75 43 36 1 8
30 36 77 34.219 -118.48 121 134.5 12.5 40 1 8
