1 62 53 32.749 -117.23 175.88 73.5 14.25 380 1 9
1 62 53 32.769 -117.26 202.75 293.38 26.875 380 1 9
1 62 53 32.807 -117.33 245.5 299.38 49.25 380 1 9
1 62 53 32.853 -117.41 275.38 303.25 78.5 380 1 9
1 62 53 32.912 -117.49 301.75 305.12 104.38 380 1 9
1 62 53 32.981 -117.56 335.88 307 125.5 380 1 9
1 62 53 33.052 -117.66 366 309.38 146.25 380 1 9
1 62 53 33.126 -117.76 382.88 311.62 174.75 380 1 17
1 62 53 33.197 -117.86 398.12 313.38 200.88 380 1 17
1 62 53 33.261 -117.96 412.38 310.88 221.38 380 1 17
1 62 53 33.363 -118.08 429.38 307 245.38 380 1 17
1 62 53 33.453 -118.17 437.62 312.12 261 380 1 51
1 62 53 33.563 -118.22 446.12 284.88 277.25 380 1 51
1 62 53 33.65 -118.28 459.88 326.5 295.75 380 1 51
1 62 53 33.768 -118.35 469.5 320.88 311.5 380 1 51
1 62 53 33.884 -118.38 466.75 332.31 327 380 1 51
1 62 53 34.001 -118.43 464 332.69 338.62 380 1 51
1 62 53 34.119 -118.48 458.38 333.5 353.5 380 1 51
1 62 53 34.26 -118.54 455.75 297.75 364.88 380 1 53
1 62 53 34.355 -118.57 453.38 340.75 371.75 380 1 53
1 62 53 34.476 -118.62 453.56 341.12 376.19 380 1 53
1 62 53 34.6 -118.67 454.31 341.31 380.44 380 1 53
1 62 53 34.705 -118.71 453.38 341.19 381.38 380 1 53
1 62 53 34.846 -118.77 452.25 341.31 384.56 380 1 53
1 62 53 34.946 -118.81 453.5 341.06 385 380 1 53
1 62 53 35.065 -118.85 454.25 341.38 384.88 380 1 53
1 62 53 35.187 -118.9 453.88 341.12 384.88 380 1 53
1 62 53 35.315 -118.96 452.88 341.38 384.88 380 1 53
1 62 53 35.421 -119 452 341.5 385 380 1 53
1 62 53 35.545 -119.05 450.38 340.88 385 380 1 53
1 62 53 35.664 -119.1 450.62 341.38 385 380 1 53
1 62 53 35.785 -119.14 449.12 341.75 384.88 380 1 53
1 62 53 35.907 -119.19 449.88 341.5 384.88 380 1 53
1 62 53 36.037 -119.24 449 342.12 384.88 380 1 53
1 62 53 36.155 -119.29 448.25 341.62 384.88 380 4 187
1 62 53 36.271 -119.33 448.62 342 385 380 4 187
1 62 53 36.379 -119.38 449.19 341.38 385 380 4 187
1 62 53 36.506 -119.43 449.62 341.88 385 380 4 187
1 62 53 36.622 -119.48 449.62 341.25 385 380 4 187
1 62 53 36.736 -119.52 448.88 342.38 384.88 380 4 187
1 62 53 36.87 -119.57 448.38 342.38 384.88 380 4 187
1 62 53 37.011 -119.63 447.12 342.12 384.88 380 4 187
1 62 53 37.103 -119.67 447.38 341.88 384.88 380 4 187
1 62 53 37.227 -119.72 447.38 342.12 385 380 4 187
1 62 53 37.347 -119.77 446.88 342.12 385 380 4 187
1 62 53 37.438 -119.8 447.38 341.88 385 380 4 184
1 62 53 37.556 -119.85 447.62 341.62 385 380 4 184
1 62 53 37.675 -119.9 447.75 341.75 385 380 4 184
1 62 53 37.785 -119.95 448 341.75 385 380 4 184
1 62 53 37.918 -120 448.62 341.75 385 380 4 184
1 62 53 38.039 -120.05 447.5 342.5 385 380 4 184
1 62 53 38.137 -120.09 448 342.25 385 380 4 185
1 62 53 38.282 -120.15 447.12 341.81 384.44 380 4 185
1 62 53 38.39 -120.19 447.5 342.38 383.88 380 4 185
1 62 53 38.509 -120.25 447.62 341.12 382.88 380 4 185
1 62 53 38.628 -120.3 449.12 341.12 382.5 380 4 185
1 62 53 38.751 -120.35 447.12 341.25 382.5 380 4 185
1 62 53 38.87 -120.39 445.25 342.25 382.5 380 4 185
1 62 53 38.993 -120.44 443.62 342.25 382.5 380 4 185
1 62 53 39.097 -120.49 442.38 341.62 382.5 380 4 185
1 62 53 39.216 -120.54 441 341.88 382.5 380 4 185
1 62 53 39.333 -120.58 441.12 341.44 382.5 380 4 186
1 62 53 39.471 -120.64 440.25 341.88 382.5 380 4 186
1 62 53 39.601 -120.7 440.75 341.75 382.5 380 4 186
1 62 53 39.716 -120.75 441.88 341.5 382.5 380 4 186
1 62 53 39.839 -120.8 440.38 341.62 382.5 380 4 186
1 62 53 39.956 -120.84 440.62 341.5 382.5 380 4 186
1 62 53 40.072 -120.9 440.62 341.5 382.5 380 4 186
1 62 53 40.19 -120.94 441.25 341.88 382.5 380 4 186
1 62 53 40.306 -121 442.25 341.5 382.5 380 4 186
1 62 53 40.426 -121.06 445.38 339.62 382.5 380 4 186
1 62 53 40.541 -121.11 442 338.88 382.5 380 4 186
1 62 53 40.653 -121.17 439.62 339 382.5 380 4 186
1 62 53 40.757 -121.22 438.12 339.38 382.5 380 4 186
1 62 53 40.892 -121.29 440.12 339.38 382.5 380 4 186
1 62 53 41.005 -121.34 436.25 339.88 382.5 380 4 186
1 62 53 41.108 -121.38 439.12 341.38 382.5 380 3 141
1 62 53 41.212 -121.43 436.88 342.75 382.5 380 3 141
1 62 53 41.326 -121.48 439.12 341.38 383.62 380 3 141
1 62 53 41.459 -121.54 441.12 341.5 384.75 380 3 141
1 62 53 41.573 -121.59 441.38 341.5 385 380 3 141
1 62 53 41.717 -121.65 441.25 341.25 385 380 3 141
1 62 53 41.812 -121.69 441.06 341.62 385 380 3 141
1 62 53 41.935 -121.74 441.88 341.88 385 380 3 141
1 62 53 42.06 -121.8 440.38 341.62 385 380 3 141
1 62 53 42.155 -121.84 442.38 341.25 385 380 3 141
1 62 53 42.257 -121.88 441.38 341.12 385 380 3 141
1 62 53 42.379 -121.94 440.12 319.5 385 380 3 141
1 62 53 42.51 -121.99 440.62 341.25 385 380 3 141
1 62 53 42.625 -122.05 441.62 341 385 380 3 141
1 62 53 42.731 -122.09 437.88 341 385 380 3 141
1 62 53 42.851 -122.15 440.38 341.25 385 380 3 141
1 62 53 42.983 -122.21 442.25 341.12 383.88 380 3 141
1 62 53 43.096 -122.26 440.88 341.12 382.38 380 3 141
1 62 53 43.182 -122.3 438.25 341 381.25 380 3 141
1 62 53 43.3 -122.36 439.5 342.12 380 380 3 141
1 62 53 43.42 -122.41 440.75 341.75 380 380 3 141
1 62 53 43.522 -122.46 440.38 341.12 377.12 380 3 135
1 62 53 43.659 -122.52 440.5 341.12 366.62 380 3 135
1 62 53 43.759 -122.57 439.38 341 349.75 380 3 136
1 62 53 43.876 -122.61 442.12 298.5 332.75 380 3 136
1 62 53 43.995 -122.68 443.12 340.88 302.25 380 3 136
1 62 53 44.118 -122.72 437.75 341 277 380 3 136
1 62 53 44.24 -122.74 439.12 345.75 254.38 380 3 136
1 62 53 44.36 -122.73 431.75 306.75 234.12 380 3 130
1 62 53 44.475 -122.72 420.88 133.5 209.5 380 3 130
1 62 53 44.602 -122.71 395.75 47.25 187.75 380 3 130
1 62 53 44.708 -122.7 377.62 3.375 168.38 380 3 130
1 62 53 44.811 -122.69 366.38 3.5 149.25 380 3 130
1 62 53 44.898 -122.68 347.5 3.5 134.5 380 3 130
1 62 53 44.997 -122.67 337.38 3.625 118 380 3 112
1 62 53 45.088 -122.66 319.62 3.875 104.5 380 3 112
1 62 53 45.174 -122.65 306 3.375 90.625 380 3 112
1 62 53 45.254 -122.64 290.62 94.125 78 380 3 112
1 62 53 45.325 -122.63 285 141.38 65.75 380 3 112
1 62 53 45.389 -122.61 271.25 147.25 55.625 380 3 112
1 62 53 45.442 -122.59 257.25 151.62 46.25 380 3 112
1 62 53 45.498 -122.56 237.75 154.38 37.5 380 3 112
1 62 53 45.549 -122.57 205.62 182.5 28.875 380 3 112
1 62 53 45.579 -122.58 160.5 214.25 19.875 380 3 112
1 62 53 45.585 -122.59 145.12 229 10.625 380 3 112
1 62 53 45.587 -122.6 141.25 230.88 4.625 380 3 112
1 62 53 45.589 -122.6 138.88 230.75 325.12 380 3 135
2 62 53 32.744 -117.22 180 152.5 15 320 1 9
2 62 53 32.782 -117.29 216 301.5 37 320 1 9
2 62 53 32.813 -117.34 262.5 303 53 320 1 9
2 62 53 32.849 -117.4 269 300 72.5 320 1 9
2 62 53 32.9 -117.47 289.5 305.5 93.5 320 1 9
2 62 53 33.017 -117.6 352.5 310 120.5 320 1 9
2 62 53 33.075 -117.7 363 304.5 134.5 320 1 9
2 62 53 33.153 -117.79 380 315 169 320 1 17
2 62 53 33.208 -117.91 397 306.5 193.5 320 1 17
2 62 53 33.248 -118.03 397.5 297.5 202.5 320 1 17
2 62 53 33.269 -118.1 410 296.5 224 320 1 17
2 62 53 33.313 -118.23 421 293.5 241.5 320 1 17
2 62 53 33.373 -118.36 434.5 291 254 320 1 51
2 62 53 33.459 -118.47 441.5 295.5 270.5 320 1 51
2 62 53 33.548 -118.58 448.5 306.5 287 320 1 51
2 62 53 33.647 -118.69 451 316.5 304 320 1 51
2 62 53 33.743 -118.81 453 314 320.5 320 1 51
2 62 53 33.828 -118.91 442.5 314 329.5 320 1 55
2 62 53 33.913 -119.03 440 314 337 320 1 55
2 62 53 33.998 -119.12 437 314 343 320 1 55
2 62 53 34.081 -119.23 436 314 347 320 1 55
2 62 53 34.166 -119.34 436.5 314 350 320 1 55
2 62 53 34.249 -119.44 435.5 313.5 350 320 1 55
2 62 53 34.299 -119.5 435.5 314 350 320 1 55
2 62 53 34.391 -119.62 435.5 313.5 350 320 1 55
2 62 53 34.538 -119.78 435.5 314 350 320 1 55
2 62 53 34.584 -119.84 440 321 350 320 1 55
2 62 53 34.689 -119.92 443.5 326.5 350 320 1 55
2 62 53 34.8 -120.01 443.5 324.5 350 320 1 55
2 62 53 34.903 -120.09 443.5 326 350 320 1 55
2 62 53 35.014 -120.19 441.5 325 350 320 1 55
2 62 53 35.115 -120.28 442 325.5 350 320 1 55
2 62 53 35.213 -120.35 440.5 325 350 320 1 55
2 62 53 35.311 -120.44 446.5 324.5 350 320 1 55
2 62 53 35.422 -120.54 453 325.5 350 320 1 55
2 62 53 35.519 -120.61 443 324.5 350 320 1 55
2 62 53 35.627 -120.71 441.5 325 350 320 1 55
2 62 53 35.713 -120.78 441.75 326.5 350 320 4 188
2 62 53 35.821 -120.86 442 328 350 320 4 188
2 62 53 36.008 -120.94 448 337 350 320 4 188
2 62 53 36.133 -121 447 337.5 350 320 4 188
2 62 53 36.224 -121.05 445.75 337.5 350 320 4 188
2 62 53 36.357 -121.11 445 344.5 350 320 4 188
2 62 53 36.474 -121.16 442.5 337.5 350 320 4 188
2 62 53 36.612 -121.18 452.5 339.5 350 320 4 189
2 62 53 36.795 -121.22 452.5 346.5 350 320 4 189
2 62 53 36.858 -121.23 452.5 351 350 320 4 189
2 62 53 37.059 -121.27 455 351 350 320 4 189
2 62 53 37.123 -121.28 457 351 350 320 4 189
2 62 53 37.245 -121.3 457 351 350 320 4 189
2 62 53 37.372 -121.33 457 351 350 320 4 184
2 62 53 37.499 -121.36 456.5 351 350 320 4 184
2 62 53 37.623 -121.38 456.5 351 350 320 4 184
2 62 53 37.698 -121.39 456 351 350 320 4 185
2 62 53 37.885 -121.42 454 351 350 320 4 185
2 62 53 37.948 -121.44 454 351 350 320 4 185
2 62 53 38.073 -121.46 454.5 351 350 320 4 185
2 62 53 38.199 -121.49 454.5 351 350 320 4 185
2 62 53 38.334 -121.52 454.5 351 350 320 4 185
2 62 53 38.459 -121.54 455.5 351 350 320 4 185
2 62 53 38.581 -121.56 454.5 351 350 320 4 185
2 62 53 38.708 -121.59 453 351 350 320 4 186
2 62 53 38.834 -121.61 454.5 351 350 320 4 186
2 62 53 39.005 -121.65 455.5 351 350 320 4 186
2 62 53 39.13 -121.67 456 351 350 320 4 186
2 62 53 39.264 -121.7 454.5 351 350 320 4 186
2 62 53 39.364 -121.72 457 351 350 320 4 186
2 62 53 39.508 -121.75 456.5 350.5 350 320 4 186
2 62 53 39.642 -121.77 459.5 351 350 320 4 186
2 62 53 39.779 -121.8 458.5 351 350 320 4 186
2 62 53 39.904 -121.82 458.5 351 350 320 4 186
2 62 53 40.003 -121.84 458.5 350.5 350 320 4 186
2 62 53 40.128 -121.88 459 350.5 350 320 4 186
2 62 53 40.252 -121.9 457.5 350.5 350 320 4 186
2 62 53 40.401 -121.93 458 350.5 350 320 4 186
2 62 53 40.527 -121.95 461 350 350 320 4 186
2 62 53 40.653 -121.98 460.5 350 350 320 4 186
2 62 53 40.803 -122.02 459 350.5 350 320 4 186
2 62 53 40.905 -122.03 461 350 350 320 4 186
2 62 53 41.047 -122.07 459.5 349.5 350 320 4 186
2 62 53 41.168 -122.09 460 350 350 320 3 141
2 62 53 41.298 -122.12 456.5 351 350 320 3 141
2 62 53 41.424 -122.15 457.5 350 350 320 3 141
2 62 53 41.548 -122.18 459 350.5 350 320 3 141
2 62 53 41.639 -122.19 458.5 350.5 350 320 3 141
2 62 53 41.766 -122.22 458 350.5 350 340 3 141
2 62 53 41.894 -122.25 461 350 353.5 340 3 141
2 62 53 42.064 -122.28 468.5 350 360 340 3 141
2 62 53 42.193 -122.31 465 351 360 340 3 141
2 62 53 42.284 -122.33 462.5 351 360 340 3 141
2 62 53 42.412 -122.36 463 350.5 360 340 3 141
2 62 53 42.539 -122.39 462.5 350.5 360 340 3 141
2 62 53 42.667 -122.41 462.5 350 360 340 3 141
2 62 53 42.793 -122.44 463.5 350 360 340 3 141
2 62 53 42.932 -122.47 462.5 350 360 340 3 141
2 62 53 43.061 -122.5 464 350 360 340 3 140
2 62 53 43.189 -122.53 466 350 360 340 3 140
2 62 53 43.319 -122.56 468.5 350 360 340 3 140
2 62 53 43.381 -122.58 470 350 360 340 3 140
2 62 53 43.499 -122.6 469.75 350 360 340 3 136
2 62 53 43.618 -122.63 471.5 350 354 340 3 136
2 62 53 43.725 -122.65 469.75 350 335.75 321 3 136
2 62 53 43.834 -122.67 468.5 350 313.25 302 3 136
2 62 53 43.941 -122.69 467 262.25 298 302 3 136
2 62 53 44.094 -122.72 460.5 177 287.5 340 3 136
2 62 53 44.164 -122.71 454 353 263.5 340 3 136
2 62 53 44.276 -122.71 448 358 243 340 3 130
2 62 53 44.407 -122.7 435 2 220 340 3 130
2 62 53 44.52 -122.69 422.5 2 200.5 340 3 130
2 62 53 44.628 -122.69 401.5 1.5 191 340 3 130
2 62 53 44.767 -122.68 384.5 2.5 171.5 340 3 130
2 62 53 44.839 -122.68 383.5 1.5 158.5 340 3 130
2 62 53 44.941 -122.66 360 2 143.5 340 3 112
2 62 53 45.048 -122.66 348.5 181.5 127 340 3 112
2 62 53 45.136 -122.66 319 4 113.5 340 3 112
2 62 53 45.215 -122.65 295.5 4 102.5 340 3 112
2 62 53 45.302 -122.67 290.5 175.5 87 340 3 112
2 62 53 45.373 -122.65 286.5 189.5 72.5 340 3 112
2 62 53 45.431 -122.61 282 191 62 340 3 112
2 62 53 45.486 -122.6 254.5 192.5 50.5 340 3 112
2 62 53 45.539 -122.58 243.5 193 43 340 3 112
2 62 53 45.583 -122.59 198.5 337.5 30.5 340 3 112
2 62 53 45.591 -122.59 167 173.5 20.5 340 3 112
2 62 53 45.591 -122.6 151 210 12 340 3 112
2 62 53 45.593 -122.6 151 208.5 4.5 340 3 112
2 62 53 45.593 -122.6 151 209.5 360 340 3 135
