1 62 66 32.747 -117.22 170.88 78.385 30.192 380 1 9
1 62 66 32.777 -117.28 213.19 286.31 34.885 380 1 9
1 62 66 32.814 -117.34 248.23 301.65 56.231 380 1 9
1 62 66 32.861 -117.42 276.23 302.69 83.308 380 1 9
1 62 66 32.918 -117.49 306.38 305.27 108.19 380 1 9
1 62 66 32.99 -117.58 333.38 307.19 132.35 380 1 9
1 62 66 33.052 -117.65 353.77 301.04 152.81 380 1 17
1 62 66 33.117 -117.74 362.96 313.77 176.88 380 1 17
1 62 66 33.185 -117.83 374.54 288.38 195.73 380 1 17
1 62 66 33.241 -117.93 386.77 287.35 213.58 380 1 17
1 62 66 33.299 -118.04 396.54 309.67 231.06 360 1 17
1 62 66 33.367 -118.15 405.73 304.54 249.08 380 1 51
1 62 66 33.445 -118.26 412.08 305.62 268.77 380 1 51
1 62 66 33.517 -118.37 417.35 307.65 285.04 380 1 51
1 62 66 33.582 -118.47 423.81 303.96 298.54 380 1 51
1 62 66 33.665 -118.57 427.67 307.79 313.98 380 1 51
1 62 66 33.751 -118.69 425.83 311.12 326.33 380 1 55
1 62 66 33.826 -118.79 427.88 311.88 334.48 360 1 55
1 62 66 33.91 -118.89 427.31 312.56 343.85 360 1 55
1 62 66 33.989 -119 424.75 313.19 350.85 360 1 55
1 62 66 34.069 -119.1 423.19 311.19 354.65 360 1 55
1 62 66 34.149 -119.21 422.06 313.48 356.77 360 1 55
1 62 66 34.231 -119.32 422.54 311.4 358.08 360 1 55
1 62 66 34.317 -119.44 423.46 311.62 358.5 360 1 55
1 62 66 34.398 -119.55 424.19 311.88 359 360 1 55
1 62 66 34.486 -119.66 424.87 311.88 359.5 360 1 55
1 62 66 34.56 -119.76 425.02 312.46 359.69 360 1 55
1 62 66 34.651 -119.86 427.1 314.94 359.85 360 1 55
1 62 66 34.733 -119.96 429.08 315.54 359.85 360 1 55
1 62 66 34.814 -120.05 429.88 315.38 359.81 360 1 55
1 62 66 34.912 -120.17 431.27 316.23 359.85 360 1 55
1 62 66 34.992 -120.26 430.73 316.15 359.85 360 1 55
1 62 66 35.077 -120.36 429.79 316.1 359.81 360 1 55
1 62 66 35.174 -120.47 430.08 316.31 359.75 360 1 55
1 62 66 35.255 -120.56 431.27 316.67 359.85 360 1 55
1 62 66 35.356 -120.67 432.23 317.15 359.85 360 1 55
1 62 66 35.438 -120.76 430.6 318.17 359.85 360 1 55
1 62 66 35.531 -120.85 429.69 319.81 359.73 360 1 188
1 62 66 35.619 -120.94 428.96 321.08 359.81 360 4 188
1 62 66 35.713 -121.02 428.81 321.38 359.08 360 4 188
1 62 66 35.819 -121.12 428.79 321.35 356.12 360 4 188
1 62 66 35.904 -121.2 428.81 322.73 351.92 360 4 188
1 62 66 35.996 -121.29 427.75 321.33 343.19 360 4 188
1 62 66 36.095 -121.38 427.1 321.44 330 360 4 188
1 62 66 36.197 -121.47 426.23 321.48 309.42 360 4 188
1 62 66 36.291 -121.56 423.67 321.15 288.9 360 4 188
1 62 66 36.395 -121.65 418.65 322.62 264.65 360 4 188
1 62 66 36.482 -121.73 408.54 322.96 242.81 360 4 188
1 62 66 36.574 -121.81 407.42 322.88 220.31 360 4 188
1 62 66 36.681 -121.89 393.42 326.46 194.88 360 4 173
1 62 66 36.764 -121.94 384.73 330.38 176.27 360 4 173
1 62 66 36.86 -121.99 369.69 335.96 154.69 360 4 173
1 62 66 36.953 -122.03 353.81 340.65 136.81 360 4 173
1 62 66 37.048 -122.06 339.85 343.08 118.81 360 4 154
1 62 66 37.126 -122.09 323.96 339.65 105.77 360 4 154
1 62 66 37.201 -122.12 304.88 341.73 94.077 360 4 154
1 62 66 37.284 -122.13 288.6 301.56 83.712 360 4 154
1 62 66 37.358 -122.13 274.46 238.12 71 360 4 156
1 62 66 37.42 -122.13 260.65 198.69 59.731 360 4 156
1 62 66 37.486 -122.15 234.38 255.31 47.731 360 4 156
1 62 66 37.531 -122.19 210.54 319.54 36.5 360 4 156
1 62 66 37.562 -122.24 188.92 314.5 23.808 360 4 156
1 62 66 37.582 -122.29 167 301.42 14 360 4 156
1 62 66 37.599 -122.33 152.04 298.04 5.7692 360 4 156
1 62 66 37.615 -122.36 147.12 298.04 98.038 360 4 155
2 62 66 32.739 -117.2 155 0 6 380 1 9
2 62 66 32.762 -117.25 182.5 297.5 27 380 1 9
2 62 66 32.8 -117.32 247 302.5 56.5 380 1 9
2 62 66 32.852 -117.41 280.5 301.5 93.5 380 1 9
2 62 66 32.876 -117.45 300.5 300.5 106 380 1 9
2 62 66 32.99 -117.56 364 308 146 380 1 9
2 62 66 33.055 -117.66 373.5 302.5 161.5 380 1 9
2 62 66 33.104 -117.72 388.5 316.5 193 380 1 17
2 62 66 33.176 -117.82 400.5 325 216.5 380 1 17
2 62 66 33.243 -117.94 418.5 308 240.5 380 1 17
2 62 66 33.326 -118.06 429 304.5 267 380 1 51
2 62 66 33.404 -118.17 436 306.5 288 380 1 51
2 62 66 33.484 -118.28 438.5 303 309.5 380 1 51
2 62 66 33.562 -118.4 436 309.5 330.5 380 1 51
2 62 66 33.647 -118.52 439.5 309.5 347.5 380 1 51
2 62 66 33.722 -118.63 439 310.5 362.5 380 1 51
2 62 66 33.8 -118.74 433.5 311 372.5 380 1 55
2 62 66 33.891 -118.85 434.5 309.5 378.5 380 1 55
2 62 66 33.982 -118.97 441 311 384 380 1 55
2 62 66 34.081 -119.06 441 325 384 380 1 55
2 62 66 34.109 -119.13 439.5 316.5 389 380 1 55
2 62 66 34.169 -119.22 437 312.5 390 380 1 55
2 62 66 34.274 -119.36 437 313 390 380 1 55
2 62 66 34.333 -119.44 437 312.5 390 380 1 55
2 62 66 34.397 -119.55 434 306.75 390 380 1 55
2 62 66 34.452 -119.65 431.25 301.5 390 380 1 55
2 62 66 34.519 -119.77 431.25 301.75 390 380 1 55
2 62 66 34.599 -119.92 432.5 304.5 390 380 1 55
2 62 66 34.703 -120.06 430 306 390 380 1 55
2 62 66 34.761 -120.16 432.5 306.5 390 380 1 55
2 62 66 34.829 -120.27 431.5 306.5 390 380 1 55
2 62 66 34.907 -120.38 431.5 305.5 390 380 1 55
2 62 66 34.984 -120.5 442.5 306 390 380 1 55
2 62 66 35.078 -120.59 439 319.5 390 380 1 55
2 62 66 35.173 -120.67 440.5 320.5 390 380 1 55
2 62 66 35.284 -120.78 440 321.5 390 380 1 55
2 62 66 35.367 -120.86 436 321.5 389.5 379 1 55
2 62 66 35.48 -120.97 433 321.5 389.5 380 1 55
2 62 66 35.569 -121.06 432 321.5 388 380 4 188
2 62 66 35.672 -121.15 429 323 380 380 4 188
2 62 66 35.767 -121.23 422.5 323.5 370.5 380 4 188
2 62 66 35.869 -121.33 418 323.5 357.5 380 4 188
2 62 66 35.97 -121.41 404.5 323.5 344 380 4 188
2 62 66 36.058 -121.48 394 323.5 323 380 4 188
2 62 66 36.145 -121.56 390 323 299 380 4 188
2 62 66 36.216 -121.65 378 323 281.5 380 4 188
2 62 66 36.262 -121.74 359 318 266.5 380 4 188
2 62 66 36.352 -121.78 355.5 339.5 255.5 380 4 188
2 62 66 36.404 -121.88 382 300 235 380 4 188
2 62 66 36.532 -121.92 370 338.5 214 380 4 188
2 62 66 36.606 -121.94 364 346 195.5 380 4 173
2 62 66 36.7 -121.97 341.5 164.5 184 380 4 173
2 62 66 36.806 -121.98 344.5 355 161 380 4 173
2 62 66 36.893 -122 334 349 143.5 380 4 173
2 62 66 36.968 -122.03 331 350 129.5 380 4 154
2 62 66 37.008 -122.03 329.5 347.5 122 380 4 154
2 62 66 37.123 -122.06 310.5 350 109 380 4 154
2 62 66 37.205 -122.08 290.5 348.5 97.5 380 4 154
2 62 66 37.303 -122.11 265.5 343 83 380 4 154
2 62 66 37.368 -122.12 243 347.5 75 380 4 156
2 62 66 37.396 -122.13 227.5 179 66.5 380 4 156
2 62 66 37.483 -122.17 210.5 334.5 47 380 4 156
2 62 66 37.516 -122.17 195 338 39 380 4 156
2 62 66 37.55 -122.22 171.5 326 25 380 4 156
2 62 66 37.567 -122.25 172.5 301.5 18 380 4 156
2 62 66 37.587 -122.3 156.5 292 11 380 4 156
2 62 66 37.605 -122.34 143 284 3.5 380 4 152
2 62 66 37.617 -122.36 138 300.5 201.5 380 4 152
