1 62 69 32.742 -117.22 152 0 14 350 1 9
1 62 69 32.755 -117.29 192 286 35 350 1 9
1 62 69 32.707 -117.29 218 321 63 350 1 9
1 62 69 32.686 -117.22 231 239 93 350 1 9
1 62 69 32.661 -117.15 235 140 119 350 1 9
1 62 69 32.721 -117.06 303 110 135 350 1 9
1 62 69 32.793 -116.97 341 63 145 350 1 9
1 62 69 32.882 -116.88 414 47 163 350 1 9
1 62 69 32.972 -116.78 434 43 183 350 1 28
1 62 69 33.064 -116.67 442 42 203 350 1 28
1 62 69 33.161 -116.57 460 43 216 350 1 28
1 62 69 33.271 -116.47 481 42 232 350 1 28
1 62 69 33.381 -116.38 482 38 248 350 1 41
1 62 69 33.513 -116.26 488 35 269 350 1 41
1 62 69 33.623 -116.17 488 35 269 350 1 41
1 62 69 33.623 -116.16 488 35 283 350 1 41
1 62 69 33.826 -115.95 488 37 314 350 1 41
1 62 69 33.946 -115.87 488 27 314 350 1 42
1 62 69 33.902 -115.81 485 36 324 350 1 41
1 62 69 33.965 -115.67 492 49 334 350 1 42
1 62 69 34.104 -115.35 492 62 350 350 1 42
1 62 69 34.229 -115.28 492 23 350 350 1 42
1 62 69 34.354 -115.22 492 23 350 350 1 42
1 62 69 34.323 -115.17 486 53 349 370 1 42
1 62 69 34.539 -115.06 487 22 352 370 1 42
1 62 69 34.663 -114.99 487 22 362 370 1 45
1 62 69 34.787 -114.93 485 22 370 370 1 45
1 62 69 34.911 -114.87 485 22 370 370 1 45
1 62 69 35.034 -114.81 485 22 370 370 1 45
1 62 69 35.182 -114.73 484 22 370 370 1 45
1 62 69 35.232 -114.7 483 22 370 370 1 45
1 62 69 35.355 -114.64 483 23 370 370 1 45
1 62 69 35.478 -114.57 482 22 370 370 1 45
1 62 69 35.677 -114.47 485 22 370 370 1 45
1 62 69 35.726 -114.44 485 22 370 370 1 47
1 62 69 35.875 -114.37 485 23 370 370 1 47
1 62 69 35.999 -114.3 485 22 370 370 1 47
1 62 69 36.123 -114.24 486 23 370 370 1 47
1 62 69 36.248 -114.17 486 23 370 370 1 47
1 62 69 36.371 -114.11 486 22 370 370 1 49
1 62 69 36.514 -114.03 486 23 370 370 1 49
1 62 69 36.638 -113.96 485 23 370 370 1 49
1 62 69 36.762 -113.9 485 22 370 370 1 49
1 62 69 36.884 -113.83 483 22 370 370 1 49
1 62 69 37.03 -113.75 477 23 370 330 1 49
1 62 69 37.078 -113.72 477 23 370 330 1 49
1 62 69 37.221 -113.65 471 23 346 330 1 49
1 62 69 37.344 -113.58 472 23 330 330 1 48
1 62 69 37.467 -113.51 475 23 330 330 1 48
1 62 69 37.591 -113.44 478 23 330 330 1 48
1 62 69 37.715 -113.38 479 23 330 330 5 205
1 62 69 37.839 -113.31 479 23 330 330 5 205
1 62 69 37.964 -113.24 481 23 330 330 5 205
1 62 69 38.088 -113.17 482 23 330 330 5 205
1 62 69 38.236 -113.08 482 24 330 310 5 205
1 62 69 38.359 -113.01 483 24 320 310 5 205
1 62 69 38.486 -112.96 483 18 320 310 5 205
1 62 69 38.608 -112.88 483 23 310 170 5 205
1 62 69 38.734 -112.82 484 20 310 170 5 205
1 62 69 38.859 -112.75 489 22 310 170 5 205
1 62 69 38.989 -112.7 489 16 310 170 5 205
1 62 69 39.134 -112.6 487 23 310 170 5 205
1 62 69 39.263 -112.55 487 16 310 170 5 215
1 62 69 39.258 -112.53 488 20 310 170 5 215
1 62 69 39.383 -112.48 468 23 301 170 5 215
1 62 69 39.505 -112.44 459 18 277 170 5 215
1 62 69 39.622 -112.4 441 15 254 170 5 215
1 62 69 39.758 -112.35 424 14 227 170 5 215
1 62 69 39.961 -112.3 396 14 187 170 5 215
1 62 69 40.009 -112.28 387 13 177 170 5 215
1 62 69 40.108 -112.25 368 14 170 170 5 215
1 62 69 40.215 -112.21 364 14 158 170 5 197
1 62 69 40.311 -112.17 331 14 147 170 5 197
1 62 69 40.398 -112.15 315 14 130 170 5 197
1 62 69 40.484 -112.11 320 14 130 170 5 197
1 62 69 40.544 -112.09 312 15 130 170 5 197
1 62 69 40.664 -112.08 313 10 111 170 5 197
1 62 69 40.718 -112.09 310 1 110 170 5 197
1 62 69 40.815 -112.1 230 355 110 170 5 197
1 62 69 40.877 -112.11 231 354 110 170 5 197
1 62 69 40.835 -112.04 231 130 110 170 5 197
1 62 69 41.002 -112.12 211 354 83 170 5 197
1 62 69 41.017 -112.06 196 51 75 170 5 197
1 62 69 40.983 -112.03 189 139 73 170 5 197
1 62 69 40.937 -112.01 180 167 65 170 5 197
1 62 69 40.886 -112.01 150 174 57 170 5 197
1 62 69 40.847 -111.99 150 163 57 170 5 197
1 62 69 40.85 -112 136 178 50 170 5 197
1 62 69 40.813 -112 135 172 44 170 5 197
2 62 69 32.743 -117.23 181.9 87.7 49.9 350 1 9
2 62 69 32.739 -117.28 211.7 256.1 35.9 350 1 9
2 62 69 32.72 -117.32 246.7 281.4 52.4 350 1 9
2 62 69 32.687 -117.27 264.6 214.7 75.9 350 1 9
2 62 69 32.667 -117.18 282.8 166 100.9 350 1 9
2 62 69 32.674 -117.07 319.1 105.6 116.7 350 1 9
2 62 69 32.687 -116.96 352.9 85.9 135 350 1 9
2 62 69 32.736 -116.87 374.8 69.6 157.4 350 1 28
2 62 69 32.798 -116.78 387.6 68.9 177.2 350 1 28
2 62 69 32.888 -116.72 402.3 51.5 196.9 350 1 28
2 62 69 32.988 -116.64 415.8 38.4 213.8 350 1 28
2 62 69 33.09 -116.56 427.3 31.5 230.2 350 1 28
2 62 69 33.193 -116.48 437.3 31.3 244.9 350 1 28
2 62 69 33.302 -116.4 448.5 32.4 254.9 350 1 41
2 62 69 33.412 -116.31 455.6 34.1 265.7 350 1 41
2 62 69 33.511 -116.23 460.9 33.6 280.8 350 1 41
2 62 69 33.635 -116.14 466.8 31.9 292.8 350 1 41
2 62 69 33.73 -116.06 470.3 32.9 302.6 350 1 41
2 62 69 33.841 -115.97 473.4 30.5 314.4 350 1 41
2 62 69 33.948 -115.9 472.7 29.5 322.1 350 1 42
2 62 69 34.057 -115.82 472.2 31.7 331.8 350 1 42
2 62 69 34.173 -115.74 471.05 30.35 340.6 350 1 42
2 62 69 34.296 -115.66 471.3 29.95 348.7 350 1 42
2 62 69 34.408 -115.59 471.15 28.9 354.45 350 1 42
2 62 69 34.539 -115.52 470.7 26.9 360.3 350 1 44
2 62 69 34.655 -115.46 471.1 24.1 361.4 350 1 44
2 62 69 34.775 -115.39 472.3 24.3 363 350 1 44
2 62 69 34.894 -115.32 472.7 23.75 363.6 350 1 44
2 62 69 34.998 -115.26 472.3 23.8 363.7 350 1 44
2 62 69 35.124 -115.19 472.5 23.8 363 350 1 44
2 62 69 35.244 -115.13 473.3 23.8 362.1 350 1 44
2 62 69 35.371 -115.06 473.3 23.9 362 350 1 44
2 62 69 35.492 -114.99 473.6 24.1 362 350 1 47
2 62 69 35.604 -114.92 473.3 24.1 362 350 1 47
2 62 69 35.735 -114.84 474.9 25.8 362 350 1 47
2 62 69 35.843 -114.78 474 25.7 362 350 1 47
2 62 69 35.971 -114.69 474.6 27 362 350 1 47
2 62 69 36.077 -114.62 475.2 28.2 362 350 1 47
2 62 69 36.204 -114.53 475.3 28.1 362 350 1 47
2 62 69 36.322 -114.45 475.4 28.4 362 350 1 47
2 62 69 36.417 -114.39 473.25 28.4 362 350 1 47
2 62 69 36.537 -114.31 473.65 28.5 361.3 350 1 49
2 62 69 36.631 -114.24 473.8 28.3 359.6 350 1 49
2 62 69 36.743 -114.16 475.2 28.65 357.6 350 1 49
2 62 69 36.854 -114.08 475.3 29 354 350 1 49
2 62 69 36.948 -114 474.9 32.45 351.1 330 1 49
2 62 69 37.061 -113.91 475.15 33.65 347.6 330 1 49
2 62 69 37.166 -113.83 474.8 31.2 345.75 330 1 49
2 62 69 37.291 -113.75 474.9 30.2 345.5 330 1 49
2 62 69 37.399 -113.68 474 27.85 344.6 330 1 48
2 62 69 37.521 -113.59 473.3 27.8 342.2 330 1 48
2 62 69 37.624 -113.52 469.3 27.7 342 330 1 48
2 62 69 37.747 -113.44 466.3 27.6 342 330 5 205
2 62 69 37.849 -113.38 465.8 26.6 341.9 330 5 205
2 62 69 37.968 -113.29 466.1 28.6 340.9 330 5 205
2 62 69 38.066 -113.22 464.8 29.1 339.5 330 5 205
2 62 69 38.182 -113.15 466.3 28.7 336.1 330 5 205
2 62 69 38.287 -113.08 466.5 27.25 333 310 5 205
2 62 69 38.393 -113.02 466.1 25.35 330.4 310 5 205
2 62 69 38.507 -112.96 466.5 24.625 327.05 310 5 205
2 62 69 38.623 -112.9 468.5 23.4 324.1 310 5 205
2 62 69 38.737 -112.84 471.75 22.15 321.6 310 5 205
2 62 69 38.875 -112.77 472.3 21.3 318.4 150 5 205
2 62 69 38.999 -112.7 470.9 20.9 314.4 150 5 205
2 62 69 39.112 -112.65 468.5 20 308.5 150 5 205
2 62 69 39.222 -112.59 463.2 21.2 298.9 150 5 205
2 62 69 39.351 -112.52 456.3 21.2 281.8 150 5 215
2 62 69 39.465 -112.46 446.7 21.65 261.6 150 5 215
2 62 69 39.579 -112.39 438.35 21.7 240.05 150 5 215
2 62 69 39.663 -112.35 425.1 21.25 218.45 150 5 215
2 62 69 39.789 -112.28 404.9 21.4 193.9 150 5 215
2 62 69 39.886 -112.24 392.9 18.7 179.8 150 5 215
2 62 69 39.981 -112.18 373.6 20.2 161 150 5 215
2 62 69 40.081 -112.13 359.7 18.7 148.9 150 5 215
2 62 69 40.183 -112.08 343.05 21.1 138.75 150 5 215
2 62 69 40.26 -112.04 335.6 20.1 128.6 150 5 197
2 62 69 40.333 -112.01 327.4 21.5 116.2 150 5 197
2 62 69 40.422 -111.99 302.6 85.35 109.35 150 5 197
2 62 69 40.524 -111.99 282.9 146.5 105.4 150 5 197
2 62 69 40.595 -111.99 269.6 249.4 99.5 150 5 197
2 62 69 40.657 -111.99 251.4 320.1 87.3 150 5 197
2 62 69 40.712 -111.98 241.1 231.7 74.3 150 5 197
2 62 69 40.735 -111.97 203.5 291.3 64.6 150 5 197
2 62 69 40.758 -111.97 170.8 300.9 54.2 150 5 197
2 62 69 40.773 -111.98 150.6 300.3 47.5 150 5 197
2 62 69 40.786 -111.98 148.7 300.1 42.5 150 5 197
