1 62 76 32.74 -117.22 167 0 11.25 370 1 9
1 62 76 32.754 -117.3 213 289.25 43 370 1 9
1 62 76 32.698 -117.32 240.5 270.25 70 370 1 9
1 62 76 32.652 -117.25 261.5 226.75 100 370 1 9
1 62 76 32.637 -117.16 305.75 152 119 370 1 9
1 62 76 32.62 -117.04 334.25 108.25 147.5 370 1 9
1 62 76 32.62 -116.92 350.25 95.5 170 370 1 28
1 62 76 32.626 -116.83 357.75 91.75 191 370 1 28
1 62 76 32.638 -116.69 380 88.25 222.75 370 1 28
1 62 76 32.651 -116.56 390.75 84 240.25 370 1 28
1 62 76 32.663 -116.42 410.5 83 265.75 370 1 50
1 62 76 32.675 -116.29 425.12 83 281.38 370 1 50
1 62 76 32.688 -116.16 435.75 83 292.25 370 1 50
1 62 76 32.702 -116 451.25 83 310.75 370 1 50
1 62 76 32.719 -115.81 461.25 83 328 370 1 50
1 62 76 32.735 -115.65 464.75 83 346.5 370 1 50
1 62 76 32.747 -115.49 461.75 83 361.25 370 1 50
1 62 76 32.757 -115.34 460.25 83.5 375 370 1 50
1 62 76 32.766 -115.18 457 85.75 379.75 370 1 50
1 62 76 32.77 -115.07 457 85.75 382.5 370 1 50
1 62 76 32.778 -114.91 456.75 86 384.5 370 1 50
1 62 76 32.782 -114.8 456.75 86 384.5 370 1 50
1 62 76 32.789 -114.66 457.12 86.25 384.5 369 1 50
1 62 76 32.796 -114.5 457.25 86.75 384.5 369 1 50
1 62 76 32.802 -114.36 457.12 86.5 384.5 369 1 50
1 62 76 32.812 -114.18 457.25 86.75 384.5 370 1 50
1 62 76 32.818 -114.07 458.5 84.5 384.5 370 1 50
1 62 76 32.832 -113.92 458.25 84.25 384.5 370 2 102
1 62 76 32.852 -113.75 456 81.5 383.25 370 2 102
1 62 76 32.867 -113.6 457.25 82.75 380.75 370 2 102
1 62 76 32.883 -113.45 455.25 82.25 378.5 370 2 102
1 62 76 32.897 -113.31 455.75 82.5 375.75 370 2 102
1 62 76 32.912 -113.17 456 82.5 371 370 2 102
1 62 76 32.926 -113.02 456 82.25 361.75 370 2 102
1 62 76 32.938 -112.87 456 82.75 348.5 370 2 102
1 62 76 32.931 -112.71 454.25 83.5 335.5 370 2 90
1 62 76 32.901 -112.57 441.25 90.75 321.25 370 2 90
1 62 76 32.866 -112.44 424.12 97.75 295.25 370 2 90
1 62 76 32.811 -112.29 418.75 106 281.25 370 2 60
1 62 76 32.762 -112.16 414.5 110.75 264.75 370 2 60
1 62 76 32.733 -112.07 401 113.5 241.25 370 2 60
1 62 76 32.669 -111.92 389 113.5 212.75 370 2 60
1 62 76 32.623 -111.81 375 116.25 190.5 370 2 60
1 62 76 32.566 -111.7 364 120.75 175.25 370 2 60
1 62 76 32.522 -111.62 349 121 152.75 370 2 60
1 62 76 32.467 -111.53 343 123.5 133.5 370 2 60
1 62 76 32.417 -111.44 334 125.75 115.25 370 2 77
1 62 76 32.362 -111.36 321.75 127 99.25 370 2 77
1 62 76 32.312 -111.28 304.75 126 85.5 370 2 77
1 62 76 32.27 -111.21 287.25 171.75 75.5 370 2 77
1 62 76 32.23 -111.14 267.25 126.5 69.75 370 2 77
1 62 76 32.191 -111.07 255.75 126 57 370 2 77
1 62 76 32.164 -111.01 244.5 120.75 47.25 370 2 77
1 62 76 32.134 -110.98 185.75 121.5 40.75 370 2 77
1 62 76 32.125 -110.95 166.75 122.75 33 370 2 77
