1 18 18 39.859 -104.67 173 0 54 160 2014 7 2 16 9 6 6 233
1 18 18 39.9 -104.5 197 65 85 160 2014 7 2 16 10 6 6 233
1 18 18 39.909 -104.48 192 72 88 160 2014 7 2 16 11 6 6 233
1 18 18 40 -104.42 200 30 99 160 2014 7 2 16 12 6 6 233
1 18 18 40.033 -104.38 192 31 98 160 2014 7 2 16 13 6 6 233
1 18 18 40.055 -104.37 193 37 100 160 2014 7 2 16 14 19 6 233
1 18 18 40.15 -104.35 200 17 99 160 2014 7 2 16 15 16 6 233
1 18 18 40.167 -104.34 200 0 100 160 2014 7 2 16 16 6 6 233
1 18 18 40.227 -104.34 200 0 100 160 2014 7 2 16 17 6 6 233
1 18 18 40.285 -104.34 206 10 100 160 2014 7 2 16 18 6 6 233
1 18 18 40.338 -104.37 204 345 100 160 2014 7 2 16 19 6 6 233
1 18 18 40.377 -104.42 199 322 100 160 2014 7 2 16 20 9 6 233
1 18 18 40.433 -104.48 205 318 99 160 2014 7 2 16 21 6 6 233
1 18 18 40.483 -104.53 203 327 99 160 2014 7 2 16 22 16 6 233
1 18 18 40.517 -104.57 194 320 99 160 2014 7 2 16 23 16 6 233
1 18 18 40.549 -104.62 199 322 100 160 2014 7 2 16 24 6 6 233
1 18 18 40.617 -104.62 220 346 99 160 2014 7 2 16 25 16 6 233
1 18 18 40.599 -104.56 198 14 100 160 2014 7 2 16 26 6 6 233
1 18 18 40.554 -104.53 186 123 100 160 2014 7 2 16 27 6 6 233
1 18 18 40.499 -104.53 184 159 100 160 2014 7 2 16 28 6 6 233
1 18 18 40.445 -104.53 190 180 100 160 2014 7 2 16 29 6 6 233
1 18 18 40.386 -104.53 197 180 101 160 2014 7 2 16 30 6 6 233
1 18 18 40.332 -104.53 196 180 100 160 2014 7 2 16 31 6 6 233
1 18 18 40.317 -104.53 201 181 99 160 2014 7 2 16 32 6 6 233
1 18 18 40.25 -104.53 245 184 93 160 2014 7 2 16 33 6 6 233
1 18 18 40.133 -104.57 245 194 89 160 2014 7 2 16 34 6 6 233
1 18 18 40.067 -104.62 249 187 89 160 2014 7 2 16 35 16 6 233
1 18 18 40 -104.65 250 209 80 160 2014 7 2 16 36 6 6 233
1 18 18 39.95 -104.67 195 208 70 160 2014 7 2 16 37 6 6 233
1 18 18 39.9 -104.67 171 184 61 160 2014 7 2 16 38 6 6 233
1 18 18 39.896 -104.66 173 180 61 160 2014 7 2 16 39 6 6 233
1 18 18 39.856 -104.66 149 181 54 160 2014 7 2 16 40 16 6 233
4 18 18 39.859 -104.67 238 0 54 240 2014 7 4 17 41 6 6 233
4 18 18 39.95 -104.78 215 333 86 240 2014 7 4 17 42 16 6 233
4 18 18 39.95 -104.78 215 333 86 240 2014 7 4 17 43 6 6 233
4 18 18 39.972 -104.87 230 286 100 240 2014 7 4 17 44 6 6 233
4 18 18 39.983 -104.95 248 278 108 240 2014 7 4 17 45 6 6 233
4 18 18 39.983 -105.05 257 275 117 240 2014 7 4 17 46 6 6 233
4 18 18 39.992 -105.15 257 270 127 240 2014 7 4 17 47 16 6 233
4 18 18 39.998 -105.24 256 282 138 240 2014 7 4 17 48 6 6 233
4 18 18 40.006 -105.34 253 275 148 240 2014 7 4 17 49 6 6 233
4 18 18 40.012 -105.43 255 273 157 240 2014 7 4 17 50 16 6 233
4 18 18 40.02 -105.53 259 275 167 240 2014 7 4 17 51 6 6 233
4 18 18 40.027 -105.62 257 274 173 240 2014 7 4 17 52 6 6 249
4 18 18 40.081 -105.68 297 304 170 240 2014 7 4 17 53 6 6 249
4 18 18 40.133 -105.58 312 62 170 240 2014 7 4 17 54 15 6 249
4 18 18 40.167 -105.48 303 68 170 240 2014 7 4 17 55 15 6 233
4 18 18 40.183 -105.38 292 78 170 240 2014 7 4 17 56 6 6 233
4 18 18 40.183 -105.27 294 86 170 240 2014 7 4 17 57 16 6 233
4 18 18 40.15 -105.17 301 117 170 240 2014 7 4 17 58 6 6 233
4 18 18 40.093 -105.09 305 125 166 240 2014 7 4 17 59 6 6 233
4 18 18 40.034 -105 328 136 153 240 2014 7 4 18 0 16 6 233
4 18 18 39.967 -104.92 320 130 139 240 2014 7 4 18 1 6 6 233
4 18 18 39.914 -104.82 312 117 118 240 2014 7 4 18 2 8 6 233
4 18 18 39.835 -104.79 290 155 110 240 2014 7 4 18 3 6 6 233
4 18 18 39.783 -104.78 256 163 110 240 2014 7 4 18 4 6 6 233
4 18 18 39.69 -104.77 255 180 91 240 2014 7 4 18 5 15 6 233
4 18 18 39.703 -104.7 245 122 81 240 2014 7 4 18 6 15 6 233
4 18 18 39.765 -104.69 213 27 73 240 2014 7 4 18 7 6 6 233
4 18 18 39.814 -104.69 181 0 64 240 2014 7 4 18 8 6 6 233
4 18 18 39.857 -104.69 152 0 55 240 2014 7 4 18 9 16 6 233
4 18 18 39.873 -104.74 152 292 55 240 2014 7 4 18 10 16 6 233
4 18 18 39.889 -104.79 152 291 55 240 2014 7 4 18 11 15 6 233
4 18 18 39.904 -104.84 152 291 55 240 2014 7 4 18 12 16 6 233
4 18 18 39.92 -104.89 152 291 55 240 2014 7 4 18 13 6 6 233
4 18 18 39.936 -104.94 152 291 55 240 2014 7 4 18 14 16 6 233
