1 18 57 39.817 -104.67 198 0 66 320 2014 7 1 20 19 16 6 233
1 18 57 39.767 -104.72 267 179 82 320 2014 7 1 20 20 6 6 233
1 18 57 39.75 -104.83 294 202 92 320 2014 7 1 20 21 6 6 233
1 18 57 39.767 -104.93 298 265 111 320 2014 7 1 20 22 6 6 233
1 18 57 39.767 -105.03 297 276 135 320 2014 7 1 20 23 16 6 233
1 18 57 39.733 -105.13 306 255 150 320 2014 7 1 20 24 6 6 233
1 18 57 39.683 -105.23 319 244 164 320 2014 7 1 20 25 6 6 233
1 18 57 39.669 -105.3 324 237 170 320 2014 7 1 20 26 10 6 233
1 18 57 39.626 -105.41 337 245 177 320 2014 7 1 20 27 6 6 233
1 18 57 39.584 -105.53 357 247 187 320 2014 7 1 20 28 6 6 233
1 18 57 39.543 -105.65 352 245 199 320 2014 7 1 20 29 6 6 249
1 18 57 39.509 -105.77 347 245 209 320 2014 7 1 20 30 6 6 249
1 18 57 39.478 -105.9 347 248 215 320 2014 7 1 20 31 6 6 249
1 18 57 39.442 -106.02 364 251 222 320 2014 7 1 20 32 6 6 240
1 18 57 39.406 -106.15 378 250 228 320 2014 7 1 20 33 16 6 240
1 18 57 39.363 -106.3 384 249 237 320 2014 7 1 20 34 16 6 240
1 18 57 39.326 -106.43 387 249 247 320 2014 7 1 20 35 6 6 240
1 18 57 39.287 -106.56 388 249 255 320 2014 7 1 20 36 6 6 246
1 18 57 39.248 -106.7 394 249 260 320 2014 7 1 20 37 6 6 246
1 18 57 39.188 -106.82 413 249 265 320 2014 7 1 20 38 16 6 246
1 18 57 39.124 -106.95 413 244 272 320 2014 7 1 20 39 16 6 278
1 18 57 39.06 -107.07 412 237 278 320 2014 7 1 20 40 16 6 278
1 18 57 38.997 -107.19 412 236 278 320 2014 7 1 20 41 6 6 278
1 18 57 38.936 -107.32 409 236 288 320 2014 7 1 20 42 6 6 278
1 18 57 38.858 -107.46 409 236 294 320 2014 7 1 20 43 15 6 278
1 18 57 38.795 -107.59 413 236 299 320 2014 7 1 20 44 6 6 278
1 18 57 38.731 -107.71 413 236 304 320 2014 7 1 20 45 6 6 278
1 18 57 38.667 -107.83 413 236 310 320 2014 7 1 20 46 6 6 268
1 18 57 38.602 -107.95 413 235 310 320 2014 7 1 20 47 6 6 268
1 18 57 38.592 -107.96 413 236 315 320 2014 7 1 20 48 6 6 268
1 18 57 38.534 -108.07 410 235 320 320 2014 7 1 20 49 16 6 268
1 18 57 38.393 -108.34 418 235 320 320 2014 7 1 20 50 15 6 260
1 18 57 38.393 -108.34 418 235 320 320 2014 7 1 20 51 6 6 260
1 18 57 38.33 -108.46 423 235 320 320 2014 7 1 20 52 6 6 260
1 18 57 38.19 -108.72 427 235 320 320 2014 7 1 20 53 16 6 260
1 18 57 38.19 -108.72 427 235 320 320 2014 7 1 20 54 6 6 260
1 18 57 38.113 -108.85 426 235 320 320 2014 7 1 20 55 6 6 260
1 18 57 38.047 -108.97 433 234 320 320 2014 7 1 20 56 6 6 260
1 18 57 37.971 -109.11 430 234 320 320 2014 7 1 20 57 6 6 270
1 18 57 37.906 -109.23 430 235 320 320 2014 7 1 20 58 15 6 270
1 18 57 37.824 -109.38 429 232 320 320 2014 7 1 20 59 6 6 270
1 18 57 37.759 -109.5 425 234 320 320 2014 7 1 21 0 6 6 270
1 18 57 37.689 -109.62 420 237 320 320 2014 7 1 21 1 6 6 270
1 18 57 37.623 -109.74 423 231 320 320 2014 7 1 21 2 6 6 270
1 18 57 37.556 -109.86 421 234 320 320 2014 7 1 21 3 6 6 270
1 18 57 37.474 -110.01 421 234 320 320 2014 7 1 21 4 6 6 270
1 18 57 37.408 -110.12 421 234 320 320 2014 7 1 21 5 6 6 270
1 18 57 37.35 -110.22 415 235 320 320 2014 7 1 21 6 6 6 270
1 18 57 37.272 -110.36 420 233 320 320 2014 7 1 21 7 6 6 270
1 18 57 37.205 -110.48 419 234 320 320 2014 7 1 21 8 6 6 270
1 18 57 37.136 -110.59 419 234 320 320 2014 7 1 21 9 6 6 270
1 18 57 37.056 -110.73 418 234 320 320 2014 7 1 21 10 15 6 270
1 18 57 36.981 -110.85 424 234 320 320 2014 7 1 21 11 6 6 270
1 18 57 36.914 -110.97 423 233 320 320 2014 7 1 21 12 16 6 270
1 18 57 36.861 -111.06 421 234 320 320 2014 7 1 21 13 6 6 270
1 18 57 36.776 -111.21 422 233 320 320 2014 7 1 21 14 16 6 270
1 18 57 36.724 -111.3 421 233 320 320 2014 7 1 21 15 16 6 270
1 18 57 36.639 -111.44 421 234 320 320 2014 7 1 21 16 6 6 270
1 18 57 36.571 -111.56 421 233 320 320 2014 7 1 21 17 6 1 48
1 18 57 36.557 -111.58 417 233 320 320 2014 7 1 21 18 6 1 48
1 18 57 36.487 -111.7 417 233 320 320 2014 7 1 21 19 16 1 48
1 18 57 36.417 -111.82 419 233 320 320 2014 7 1 21 20 16 1 46
1 18 57 36.382 -111.95 412 245 320 320 2014 7 1 21 21 6 1 46
1 18 57 36.418 -112.08 416 283 320 320 2014 7 1 21 22 16 1 48
1 18 57 36.47 -112.24 416 293 320 320 2014 7 1 21 23 15 1 48
1 18 57 36.508 -112.38 416 292 320 320 2014 7 1 21 24 21 1 48
1 18 57 36.544 -112.51 415 276 320 320 2014 7 1 21 25 16 1 48
1 18 57 36.578 -112.65 415 288 320 320 2014 7 1 21 26 6 1 48
1 18 57 36.611 -112.79 415 287 320 320 2014 7 1 21 27 6 1 48
1 18 57 36.636 -112.93 411 275 320 320 2014 7 1 21 28 16 1 48
1 18 57 36.655 -113.1 411 284 320 320 2014 7 1 21 29 6 1 48
1 18 57 36.638 -113.24 413 280 320 320 2014 7 1 21 30 15 1 48
1 18 57 36.59 -113.36 411 262 320 320 2014 7 1 21 31 6 1 48
1 18 57 36.54 -113.49 411 253 320 320 2014 7 1 21 32 16 1 48
1 18 57 36.486 -113.63 411 244 320 320 2014 7 1 21 33 16 1 48
1 18 57 36.436 -113.76 411 244 320 320 2014 7 1 21 34 6 1 48
1 18 57 36.385 -113.89 411 244 320 320 2014 7 1 21 35 16 1 48
1 18 57 36.317 -114 413 243 320 320 2014 7 1 21 36 6 1 48
1 18 57 36.221 -114.08 413 238 320 320 2014 7 1 21 37 6 1 47
1 18 57 36.122 -114.16 415 223 320 320 2014 7 1 21 38 16 1 47
1 18 57 36.024 -114.24 415 213 320 320 2014 7 1 21 39 6 1 47
1 18 57 35.926 -114.31 415 212 320 320 2014 7 1 21 40 6 1 47
1 18 57 35.808 -114.4 414 212 320 320 2014 7 1 21 41 6 1 47
1 18 57 35.711 -114.48 414 212 320 320 2014 7 1 21 42 6 1 47
1 18 57 35.609 -114.56 417 212 320 320 2014 7 1 21 43 15 1 40
1 18 57 35.51 -114.63 417 212 320 320 2014 7 1 21 44 16 1 40
1 18 57 35.411 -114.71 417 212 320 320 2014 7 1 21 45 16 1 40
1 18 57 35.313 -114.78 417 212 320 320 2014 7 1 21 46 12 1 40
1 18 57 35.312 -114.78 417 212 320 320 2014 7 1 21 47 6 1 40
1 18 57 35.192 -114.88 417 211 312 320 2014 7 1 21 48 6 1 44
1 18 57 35.087 -114.96 433 212 293 320 2014 7 1 21 49 16 1 44
1 18 57 34.983 -115.04 439 211 273 320 2014 7 1 21 50 6 1 44
1 18 57 34.881 -115.11 432 211 252 320 2014 7 1 21 51 6 1 44
1 18 57 34.785 -115.19 416 211 240 320 2014 7 1 21 52 6 1 44
1 18 57 34.693 -115.25 393 211 240 320 2014 7 1 21 53 6 1 44
1 18 57 34.603 -115.32 386 211 240 320 2014 7 1 21 54 6 1 44
1 18 57 34.489 -115.41 392 211 233 320 2014 7 1 21 55 15 1 27
1 18 57 34.392 -115.48 409 211 209 320 2014 7 1 21 56 6 1 27
1 18 57 34.295 -115.55 410 211 184 320 2014 7 1 21 57 6 1 27
1 18 57 34.214 -115.65 411 212 157 320 2014 7 1 21 58 16 1 27
1 18 57 34.138 -115.74 388 218 132 320 2014 7 1 21 59 6 1 27
1 18 57 34.033 -115.83 354 221 110 320 2014 7 1 22 0 6 1 27
1 18 57 33.95 -115.9 318 212 108 320 2014 7 1 22 1 10 1 27
1 18 57 33.903 -115.95 300 222 93 320 2014 7 1 22 2 6 1 27
1 18 57 33.87 -116.04 287 244 75 320 2014 7 1 22 3 6 1 4
1 18 57 33.838 -116.12 279 244 70 320 2014 7 1 22 4 6 1 4
1 18 57 33.807 -116.18 258 238 69 320 2014 7 1 22 5 6 1 4
1 18 57 33.777 -116.26 244 248 56 320 2014 7 1 22 6 6 1 4
1 18 57 33.75 -116.33 241 243 36 320 2014 7 1 22 7 6 1 4
1 18 57 33.767 -116.4 190 269 25 320 2014 7 1 22 8 15 1 4
1 18 57 33.783 -116.47 177 265 15 320 2014 7 1 22 9 6 1 4
1 18 57 33.817 -116.5 158 286 7 320 2014 7 1 22 10 6 1 4
4 18 57 39.859 -104.67 255 0 54 320 2014 7 2 1 46 8 6 233
4 18 57 39.767 -104.72 243 179 84 320 2014 7 2 1 47 16 6 233
4 18 57 39.767 -104.82 283 202 100 320 2014 7 2 1 48 16 6 233
4 18 57 39.767 -104.92 295 264 119 320 2014 7 2 1 49 15 6 233
4 18 57 39.776 -105.03 313 280 133 320 2014 7 2 1 50 15 6 233
4 18 57 39.776 -105.03 313 280 133 320 2014 7 2 1 51 6 6 233
4 18 57 39.786 -105.26 319 278 166 320 2014 7 2 1 52 16 6 233
4 18 57 39.767 -105.35 320 266 177 320 2014 7 2 1 53 15 6 233
4 18 57 39.761 -105.37 322 254 179 320 2014 7 2 1 54 6 6 233
4 18 57 39.735 -105.49 327 250 190 320 2014 7 2 1 55 15 6 233
4 18 57 39.711 -105.61 335 254 201 320 2014 7 2 1 56 8 6 249
4 18 57 39.691 -105.73 339 254 211 320 2014 7 2 1 57 6 6 249
4 18 57 39.679 -105.85 336 256 221 320 2014 7 2 1 58 6 6 249
4 18 57 39.665 -105.98 346 260 227 320 2014 7 2 1 59 16 6 249
4 18 57 39.65 -106.1 356 262 235 320 2014 7 2 2 0 16 6 249
4 18 57 39.634 -106.26 360 258 245 320 2014 7 2 2 1 6 6 249
4 18 57 39.605 -106.38 365 261 250 320 2014 7 2 2 2 6 6 249
4 18 57 39.563 -106.51 375 258 255 320 2014 7 2 2 3 15 6 249
4 18 57 39.521 -106.64 383 250 260 320 2014 7 2 2 4 16 6 249
4 18 57 39.478 -106.77 389 247 267 320 2014 7 2 2 5 6 6 249
4 18 57 39.434 -106.9 392 247 274 320 2014 7 2 2 6 6 6 277
4 18 57 39.4 -107.05 394 250 280 320 2014 7 2 2 7 6 6 278
4 18 57 39.367 -107.18 386 252 286 320 2014 7 2 2 8 6 6 278
4 18 57 39.311 -107.4 395 251 294 320 2014 7 2 2 9 15 6 278
4 18 57 39.297 -107.46 396 251 295 320 2014 7 2 2 10 6 6 278
4 18 57 39.263 -107.59 397 251 301 320 2014 7 2 2 11 15 6 278
4 18 57 39.229 -107.73 393 251 306 320 2014 7 2 2 12 16 6 278
4 18 57 39.188 -107.89 391 251 312 320 2014 7 2 2 13 16 6 278
4 18 57 39.153 -108.02 389 251 317 320 2014 7 2 2 14 6 6 278
4 18 57 39.119 -108.15 387 251 320 320 2014 7 2 2 15 15 6 278
4 18 57 39.081 -108.29 390 251 320 320 2014 7 2 2 16 6 6 278
4 18 57 39.046 -108.42 414 251 320 320 2014 7 2 2 17 16 6 278
4 18 57 39.004 -108.58 415 251 320 320 2014 7 2 2 18 6 6 278
4 18 57 38.967 -108.72 412 251 320 320 2014 7 2 2 19 15 6 278
4 18 57 38.951 -108.78 411 250 320 320 2014 7 2 2 20 6 6 278
4 18 57 38.912 -108.92 415 251 320 320 2014 7 2 2 21 15 6 278
4 18 57 38.851 -109.15 417 250 320 320 2014 7 2 2 22 15 6 278
4 18 57 38.812 -109.29 417 251 320 320 2014 7 2 2 23 15 6 278
4 18 57 38.771 -109.44 419 253 320 320 2014 7 2 2 24 6 6 278
4 18 57 38.731 -109.58 415 253 320 320 2014 7 2 2 25 16 6 278
4 18 57 38.693 -109.72 411 253 320 320 2014 7 2 2 26 15 6 278
4 18 57 38.673 -109.81 418 248 320 320 2014 7 2 2 27 16 6 278
4 18 57 38.624 -109.98 418 247 320 320 2014 7 2 2 28 16 6 278
4 18 57 38.575 -110.15 420 250 320 320 2014 7 2 2 29 15 5 202
4 18 57 38.545 -110.26 418 248 320 320 2014 7 2 2 30 6 5 202
4 18 57 38.519 -110.34 418 250 320 320 2014 7 2 2 31 6 5 202
4 18 57 38.479 -110.48 418 253 320 320 2014 7 2 2 32 6 5 202
4 18 57 38.427 -110.67 418 248 320 320 2014 7 2 2 33 16 5 202
4 18 57 38.378 -110.8 417 242 320 320 2014 7 2 2 34 16 5 202
4 18 57 38.307 -110.95 417 236 320 320 2014 7 2 2 35 15 5 202
4 18 57 38.269 -111.03 416 239 320 320 2014 7 2 2 36 6 5 202
4 18 57 38.192 -111.2 412 239 320 320 2014 7 2 2 37 16 5 202
4 18 57 38.156 -111.28 412 241 320 320 2014 7 2 2 38 16 5 202
4 18 57 38.099 -111.41 416 241 320 320 2014 7 2 2 39 15 5 202
4 18 57 38.04 -111.54 416 240 320 320 2014 7 2 2 40 15 5 202
4 18 57 37.983 -111.67 417 240 320 320 2014 7 2 2 41 16 5 202
4 18 57 37.924 -111.79 417 240 320 320 2014 7 2 2 42 16 5 202
4 18 57 37.852 -111.95 419 239 320 320 2014 7 2 2 43 16 5 202
4 18 57 37.794 -112.08 420 239 320 320 2014 7 2 2 44 6 5 202
4 18 57 37.735 -112.2 420 236 320 320 2014 7 2 2 45 6 5 202
4 18 57 37.674 -112.33 420 240 320 320 2014 7 2 2 46 6 5 202
4 18 57 37.6 -112.44 419 234 320 320 2014 7 2 2 47 15 5 202
4 18 57 37.57 -112.49 418 230 320 320 2014 7 2 2 48 6 5 202
4 18 57 37.453 -112.67 418 230 320 320 2014 7 2 2 49 15 1 48
4 18 57 37.423 -112.72 416 230 320 320 2014 7 2 2 50 6 1 48
4 18 57 37.305 -112.9 417 230 320 320 2014 7 2 2 51 16 1 48
4 18 57 37.232 -113.01 417 231 320 320 2014 7 2 2 52 16 1 48
4 18 57 37.161 -113.12 414 231 320 320 2014 7 2 2 53 15 1 48
4 18 57 37.118 -113.19 413 231 320 320 2014 7 2 2 54 6 1 48
4 18 57 37.045 -113.3 413 230 320 320 2014 7 2 2 55 15 1 48
4 18 57 36.972 -113.41 413 230 320 320 2014 7 2 2 56 16 1 48
4 18 57 36.9 -113.52 413 230 320 320 2014 7 2 2 57 16 1 48
4 18 57 36.814 -113.61 416 228 320 320 2014 7 2 2 58 15 1 48
4 18 57 36.668 -113.76 417 216 320 320 2014 7 2 2 59 16 1 48
4 18 57 36.631 -113.79 417 217 320 320 2014 7 2 3 0 6 1 48
4 18 57 36.55 -113.93 418 218 320 320 2014 7 2 3 1 15 1 48
4 18 57 36.482 -114.05 416 230 320 320 2014 7 2 3 2 15 1 48
4 18 57 36.414 -114.16 416 234 320 320 2014 7 2 3 3 6 1 48
4 18 57 36.346 -114.28 414 233 320 300 2014 7 2 3 4 15 1 47
4 18 57 36.277 -114.39 413 233 318 300 2014 7 2 3 5 16 1 47
4 18 57 36.209 -114.5 413 233 312 300 2014 7 2 3 6 6 1 47
4 18 57 36.139 -114.62 419 233 306 300 2014 7 2 3 7 16 1 47
4 18 57 36.07 -114.74 419 233 300 300 2014 7 2 3 8 15 1 47
4 18 57 35.975 -114.87 420 233 300 300 2014 7 2 3 9 16 1 47
4 18 57 35.864 -114.91 418 219 300 300 2014 7 2 3 10 15 1 47
4 18 57 35.864 -114.91 418 219 300 300 2014 7 2 3 11 6 1 47
4 18 57 35.759 -114.97 417 208 300 300 2014 7 2 3 12 6 1 47
4 18 57 35.651 -115.03 417 202 300 300 2014 7 2 3 13 6 1 47
4 18 57 35.425 -115.11 423 198 300 300 2014 7 2 3 14 15 1 44
4 18 57 35.31 -115.14 423 190 300 300 2014 7 2 3 15 16 1 44
4 18 57 35.312 -115.16 424 195 300 300 2014 7 2 3 16 16 1 44
4 18 57 35.199 -115.2 423 197 300 300 2014 7 2 3 17 15 1 44
4 18 57 35.079 -115.24 427 196 300 300 2014 7 2 3 18 15 1 44
4 18 57 34.966 -115.29 427 197 300 300 2014 7 2 3 19 15 1 44
4 18 57 34.834 -115.34 427 197 284 300 2014 7 2 3 20 6 1 44
4 18 57 34.722 -115.38 425 190 264 300 2014 7 2 3 21 15 1 44
4 18 57 34.61 -115.42 425 197 264 300 2014 7 2 3 22 15 1 44
4 18 57 34.503 -115.46 410 197 235 110 2014 7 2 3 23 6 1 27
4 18 57 34.386 -115.51 411 197 213 110 2014 7 2 3 24 6 1 27
4 18 57 34.298 -115.59 402 197 193 110 2014 7 2 3 25 6 1 27
4 18 57 34.211 -115.67 393 217 170 110 2014 7 2 3 26 15 1 27
4 18 57 34.126 -115.74 382 213 150 110 2014 7 2 3 27 6 1 27
4 18 57 34.046 -115.81 366 219 130 110 2014 7 2 3 28 15 1 27
4 18 57 33.966 -115.9 331 219 104 110 2014 7 2 3 29 15 1 27
4 18 57 33.907 -115.97 320 227 90 110 2014 7 2 3 30 16 1 27
4 18 57 33.849 -116.04 306 219 73 110 2014 7 2 3 31 16 1 4
4 18 57 33.794 -116.11 292 227 68 110 2014 7 2 3 32 15 1 4
4 18 57 33.743 -116.17 276 227 61 110 2014 7 2 3 33 6 1 4
4 18 57 33.726 -116.24 241 253 55 110 2014 7 2 3 34 16 1 4
4 18 57 33.733 -116.28 188 253 42 110 2014 7 2 3 35 6 1 4
4 18 57 33.733 -116.35 182 270 31 110 2014 7 2 3 36 6 1 4
4 18 57 33.75 -116.4 179 274 25 110 2014 7 2 3 37 15 1 4
4 18 57 33.767 -116.45 165 279 17 110 2014 7 2 3 38 16 1 4
4 18 57 33.8 -116.48 144 291 9 110 2014 7 2 3 39 15 1 4
6 18 57 39.8 -104.67 179 0 68 380 2014 7 3 1 41 15 6 233
6 18 57 39.767 -104.72 247 179 81 380 2014 7 3 1 42 6 6 233
6 18 57 39.733 -104.8 302 202 99 380 2014 7 3 1 43 6 6 233
6 18 57 39.7 -104.92 307 247 125 380 2014 7 3 1 44 6 6 233
6 18 57 39.683 -105.03 306 253 147 380 2014 7 3 1 45 6 6 233
6 18 57 39.674 -105.07 303 259 156 380 2014 7 3 1 46 6 6 233
6 18 57 39.649 -105.18 316 254 174 380 2014 7 3 1 47 6 6 233
6 18 57 39.622 -105.31 330 253 189 380 2014 7 3 1 48 6 6 233
6 18 57 39.593 -105.44 364 253 200 380 2014 7 3 1 49 15 6 233
6 18 57 39.564 -105.57 372 253 215 380 2014 7 3 1 50 16 6 249
6 18 57 39.53 -105.7 392 253 231 380 2014 7 3 1 51 6 6 249
6 18 57 39.492 -105.84 397 251 250 380 2014 7 3 1 52 6 6 249
6 18 57 39.455 -105.97 397 251 262 380 2014 7 3 1 53 6 6 240
6 18 57 39.416 -106.11 400 250 275 380 2014 7 3 1 54 6 6 277
6 18 57 39.374 -106.26 411 250 286 380 2014 7 3 1 55 6 6 277
6 18 57 39.333 -106.4 419 249 300 380 2014 7 3 1 56 6 6 277
6 18 57 39.292 -106.54 418 249 314 380 2014 7 3 1 57 6 6 277
6 18 57 39.252 -106.68 418 249 326 380 2014 7 3 1 58 16 6 277
6 18 57 39.192 -106.81 418 249 338 380 2014 7 3 1 59 7 6 278
6 18 57 39.127 -106.94 417 241 348 380 2014 7 3 2 0 6 6 278
6 18 57 39.064 -107.07 419 238 360 380 2014 7 3 2 1 6 6 278
6 18 57 39.001 -107.19 412 236 367 380 2014 7 3 2 2 6 6 278
6 18 57 38.938 -107.31 406 236 375 380 2014 7 3 2 3 16 6 278
6 18 57 38.862 -107.46 411 236 380 380 2014 7 3 2 4 15 6 278
6 18 57 38.798 -107.58 417 236 380 380 2014 7 3 2 5 16 6 278
6 18 57 38.73 -107.71 426 236 380 380 2014 7 3 2 6 6 6 278
6 18 57 38.663 -107.84 432 236 380 380 2014 7 3 2 7 16 6 253
6 18 57 38.586 -107.98 441 235 380 380 2014 7 3 2 8 6 6 253
6 18 57 38.512 -108.12 441 235 380 380 2014 7 3 2 9 6 6 253
6 18 57 38.442 -108.25 445 235 380 380 2014 7 3 2 10 6 6 254
6 18 57 38.373 -108.38 445 235 380 380 2014 7 3 2 11 6 6 254
6 18 57 38.372 -108.38 445 235 380 380 2014 7 3 2 12 6 6 254
6 18 57 38.227 -108.65 445 236 380 380 2014 7 3 2 13 15 6 254
6 18 57 38.159 -108.77 437 235 380 380 2014 7 3 2 14 6 6 254
6 18 57 38.081 -108.91 443 234 380 380 2014 7 3 2 15 16 6 254
6 18 57 38.014 -109.03 442 234 380 380 2014 7 3 2 16 6 6 254
6 18 57 37.944 -109.16 442 235 380 380 2014 7 3 2 17 6 6 269
6 18 57 37.946 -109.16 442 235 380 380 2014 7 3 2 18 15 6 269
6 18 57 37.869 -109.3 440 235 380 380 2014 7 3 2 19 6 6 269
6 18 57 37.8 -109.42 442 236 380 380 2014 7 3 2 20 6 6 269
6 18 57 37.726 -109.56 441 232 380 380 2014 7 3 2 21 6 6 269
6 18 57 37.655 -109.68 441 234 380 380 2014 7 3 2 22 16 6 269
6 18 57 37.57 -109.84 441 234 380 380 2014 7 3 2 23 15 6 269
6 18 57 37.491 -109.96 444 234 380 380 2014 7 3 2 24 6 6 269
6 18 57 37.438 -110.06 445 233 380 380 2014 7 3 2 25 16 6 269
6 18 57 37.35 -110.21 444 235 380 380 2014 7 3 2 26 6 6 269
6 18 57 37.278 -110.34 444 235 380 380 2014 7 3 2 27 6 6 269
6 18 57 37.206 -110.46 444 233 380 380 2014 7 3 2 28 6 6 269
6 18 57 37.134 -110.59 444 234 380 380 2014 7 3 2 29 16 6 269
6 18 57 37.047 -110.74 444 234 380 380 2014 7 3 2 30 16 6 269
6 18 57 36.975 -110.86 444 234 380 380 2014 7 3 2 31 6 6 269
6 18 57 36.902 -110.99 444 234 380 380 2014 7 3 2 32 16 6 269
6 18 57 36.847 -111.09 442 233 380 380 2014 7 3 2 33 15 6 269
6 18 57 36.758 -111.24 443 234 380 380 2014 7 3 2 34 6 6 269
6 18 57 36.686 -111.36 441 233 380 380 2014 7 3 2 35 16 6 269
6 18 57 36.614 -111.48 440 233 380 380 2014 7 3 2 36 6 6 269
6 18 57 36.543 -111.6 438 233 380 380 2014 7 3 2 37 6 1 49
6 18 57 36.457 -111.75 434 233 380 380 2014 7 3 2 38 15 1 45
6 18 57 36.385 -111.87 434 233 380 380 2014 7 3 2 39 15 1 45
6 18 57 36.315 -111.99 432 233 380 380 2014 7 3 2 40 6 1 45
6 18 57 36.243 -112.1 430 233 380 380 2014 7 3 2 41 6 1 45
6 18 57 36.177 -112.21 430 233 380 380 2014 7 3 2 42 6 1 45
6 18 57 36.115 -112.32 427 233 380 380 2014 7 3 2 43 16 1 45
6 18 57 36.028 -112.46 428 233 380 380 2014 7 3 2 44 16 1 45
6 18 57 35.943 -112.6 428 232 380 380 2014 7 3 2 45 16 1 45
6 18 57 35.877 -112.71 429 233 380 380 2014 7 3 2 46 15 1 45
6 18 57 35.877 -112.71 429 233 380 380 2014 7 3 2 47 6 1 45
6 18 57 35.734 -112.94 430 233 380 380 2014 7 3 2 48 15 1 45
6 18 57 35.656 -113.07 430 233 380 380 2014 7 3 2 49 15 1 45
6 18 57 35.656 -113.07 430 233 380 380 2014 7 3 2 50 6 1 45
6 18 57 35.583 -113.18 431 232 380 380 2014 7 3 2 51 6 1 45
6 18 57 35.504 -113.31 432 232 380 380 2014 7 3 2 52 6 1 45
6 18 57 35.432 -113.43 430 232 380 340 2014 7 3 2 53 15 1 45
6 18 57 35.36 -113.54 429 232 380 300 2014 7 3 2 54 6 1 45
6 18 57 35.273 -113.68 427 232 369 300 2014 7 3 2 55 6 1 45
6 18 57 35.203 -113.79 416 232 351 300 2014 7 3 2 56 15 1 45
6 18 57 35.129 -113.91 428 232 330 300 2014 7 3 2 57 6 1 40
6 18 57 35.057 -114.02 441 232 311 300 2014 7 3 2 58 16 1 40
6 18 57 34.979 -114.14 447 232 300 300 2014 7 3 2 59 7 1 40
6 18 57 34.89 -114.28 437 232 300 300 2014 7 3 3 0 16 1 40
6 18 57 34.814 -114.4 439 232 300 300 2014 7 3 3 1 6 1 40
6 18 57 34.734 -114.52 454 232 300 300 2014 7 3 3 2 6 1 40
6 18 57 34.655 -114.64 455 231 300 300 2014 7 3 3 3 6 1 40
6 18 57 34.571 -114.77 460 231 298 300 2014 7 3 3 4 6 1 42
6 18 57 34.493 -114.88 455 231 287 300 2014 7 3 3 5 6 1 42
6 18 57 34.42 -115 435 231 274 300 2014 7 3 3 6 6 1 42
6 18 57 34.356 -115.12 422 231 252 300 2014 7 3 3 7 6 1 42
6 18 57 34.295 -115.23 405 234 230 300 2014 7 3 3 8 16 1 27
6 18 57 34.224 -115.36 397 236 203 300 2014 7 3 3 9 16 1 27
6 18 57 34.166 -115.46 388 236 179 300 2014 7 3 3 10 16 1 27
6 18 57 34.108 -115.57 380 217 156 300 2014 7 3 3 11 6 1 27
6 18 57 34.051 -115.67 377 229 136 300 2014 7 3 3 12 16 1 27
6 18 57 33.967 -115.82 358 235 114 300 2014 7 3 3 13 15 1 27
6 18 57 33.942 -115.87 361 231 109 300 2014 7 3 3 14 16 1 27
6 18 57 33.908 -115.96 317 238 98 300 2014 7 3 3 15 6 1 27
6 18 57 33.91 -116.07 293 270 83 300 2014 7 3 3 16 6 1 4
6 18 57 33.917 -116.18 263 270 70 300 2014 7 3 3 17 15 1 4
6 18 57 33.917 -116.27 243 273 60 300 2014 7 3 3 18 15 1 4
6 18 57 33.917 -116.33 234 270 49 300 2014 7 3 3 19 6 1 4
6 18 57 33.917 -116.42 219 270 37 300 2014 7 3 3 20 6 1 4
6 18 57 33.917 -116.48 195 270 26 300 2014 7 3 3 21 6 1 4
6 18 57 33.883 -116.53 170 270 18 300 2014 7 3 3 22 16 1 4
6 18 57 33.85 -116.53 158 251 10 300 2014 7 3 3 23 6 1 4
