36.717 -105.34
36.717 -105
37.308 -103.15
37.5 -102.56
37.5 -102.55
37.042 -102.18
36.5 -101.75
35.829 -100
35.333 -100
34.867 -100.32
34.467 -100.75
34.6 -102
34.55 -102.32
34.317 -102.8
33.775 -103.37
33.638 -103.49
33.403 -103.69
33.383 -103.8
33 -103.8
32.467 -103.93
32.033 -103.8
31.65 -103.33
31.283 -102.15
29.808 -102.15
29.251 -102.15
28.95 -103.15
28.95 -103.3
28.95 -103.32
29.433 -104.52
30.633 -105
31 -105.8
31.533 -106.45
31.817 -108.2
31.333 -108.2
31.333 -110.75
31.333 -111.08
32.1 -113.5
32.738 -113.68
32.683 -114
32.944 -114
33.767 -114
33.944 -114
34.667 -114
34.917 -113.62
35.383 -112.67
35.4 -112
35.433 -112
35.767 -111.84
35.742 -111.37
35.7 -110.23
35.85 -109.32
36.033 -108.22
36.2 -107.47
36.625 -106.35
36.717 -106.08
36.717 -105.34
