41.333 -122.74
41.333 -122.42
41 -121.25
41 -121.13
41 -120.5
41 -119.5
39.933 -117.37
39.217 -117.32
38.817 -117.31
38.778 -117.29
38.083 -117.27
37.883 -117.02
37.442 -117.07
37.367 -117
37.2 -117.33
37.2 -118.58
36.571 -118.58
36.133 -118.58
36.133 -119.17
36 -119.53
35.893 -119.76
35.809 -119.97
35.75 -120.12
35.717 -120.23
35.617 -120.56
35.542 -120.85
35.383 -121.22
34.5 -123.25
35.15 -123.69
36.001 -124.2
35.75 -125.03
35.753 -125.07
35.733 -125.08
35.501 -125.83
35.708 -126.07
35.742 -126.07
35.742 -126.11
36.459 -126.93
36.465 -126.92
36.467 -126.93
37.501 -127
37.507 -126.99
37.512 -127
38.461 -127
39.225 -127
40 -127
40.833 -127
40.983 -126.9
40.217 -125.33
40.217 -124.67
40.217 -123.83
40.388 -123.53
41.333 -123.53
41.333 -122.74
