49 -120
49 -115.5
49 -114.67
48.417 -115
47.15 -115
46.75 -115
46.567 -115
46.417 -115
45.333 -115
45.333 -117.75
45.233 -117.92
44.85 -118.45
44.167 -118.93
43.633 -119.28
42.667 -119
42.333 -119.1
41 -119.5
41 -120.5
41 -121.13
41 -121.25
41.333 -122.42
41.333 -122.74
41.333 -123.53
40.388 -123.53
40.217 -123.83
40.217 -124.67
40.217 -125.33
40.983 -126.9
44.067 -126.6
45 -126.5
46.333 -127.08
47.5 -127.62
48.333 -128
48.4 -127
48.5 -125
48.5 -124.75
48.297 -124
48.24 -123.68
48.231 -123.54
48.284 -123.25
48.423 -123.11
48.647 -123.03
48.724 -122.87
48.867 -122.66
48.867 -122.28
48.867 -120.67
49 -120.33
49 -120
