0 25.98 15.178 12.182 8.1558 8.5294 10.559 25.672 10.754 31.853 8.7698 30.944 52.529 29.481 51.025 29.797
0 0 27.361 27.361 27.758 26.386 26.776 26.352 26.552 29.394 26.552 31.483 43.382 29.394 28.239 42.614
0 0 0 10.622 13.71 14.31 12.821 28.003 13.323 22.967 13.595 24.703 52.794 22.161 51.475 22.201
0 0 0 0 15.851 7.7609 13.628 25.874 15.851 22.999 14.144 24.463 52.561 22.634 51.431 22.166
0 0 0 0 0 10.381 10.898 26.521 9.2551 29.069 9.0332 30.824 52.794 29.069 51.817 27.855
0 0 0 0 0 0 13.229 25.89 12.34 29.098 11.473 30.755 52.443 29.098 51.419 27.571
0 0 0 0 0 0 0 25.591 7.7493 22.076 10.999 22.781 53.11 21.59 51.475 20.807
0 0 0 0 0 0 0 0 25.361 29.432 26.131 31.337 41.658 29.432 45.593 27.531
0 0 0 0 0 0 0 0 0 23.622 8.689 24.687 52.875 22.962 51.503 22.073
0 0 0 0 0 0 0 0 0 0 29.658 11.74 53.036 6.4923 51.391 18.534
0 0 0 0 0 0 0 0 0 0 0 31.927 52.937 29.658 51.44 28.066
0 0 0 0 0 0 0 0 0 0 0 0 52.924 12.296 51.478 18.255
0 0 0 0 0 0 0 0 0 0 0 0 0 52.892 32.012 59.645
0 0 0 0 0 0 0 0 0 0 0 0 0 0 51.513 17.84
0 0 0 0 0 0 0 0 0 0 0 0 0 0 0 62.677
0 0 0 0 0 0 0 0 0 0 0 0 0 0 0 0
