0 15.178 12.182 8.1558 8.5294 10.559 10.754 31.853 8.7698 30.944 29.481
0 0 10.622 13.71 14.31 12.821 13.323 22.967 13.595 24.703 22.161
0 0 0 15.851 7.7609 13.628 15.851 22.999 14.144 24.463 22.634
0 0 0 0 10.381 10.898 9.2551 29.069 9.0332 30.824 29.069
0 0 0 0 0 13.229 12.34 29.098 11.473 30.755 29.098
0 0 0 0 0 0 7.7493 22.076 10.999 22.781 21.59
0 0 0 0 0 0 0 23.622 8.689 24.687 22.962
0 0 0 0 0 0 0 0 29.658 11.74 6.4923
0 0 0 0 0 0 0 0 0 31.927 29.658
0 0 0 0 0 0 0 0 0 0 12.296
0 0 0 0 0 0 0 0 0 0 0
