0 35.19 36.401 37.561 35.449 22.82 36.776 20.268 17.796 34.781 31.806 36.795 36.455 74.474 36.417 33.522 28.289 36.356 36.32 28.184 32.247 28.393 23.942 28.393 25.746 27.027 30.54
0 0 28.32 28.174 35.533 38.044 28.75 33.324 31.625 36.301 22.345 28.323 28.303 63.899 28.063 25.414 30.312 28.351 31.146 33.57 30.991 28.857 40.11 32.546 33.145 34.281 32.347
0 0 0 25.747 35.895 37.541 11.745 32.719 34.929 36.916 27.063 26.888 28.486 64.066 28.884 32.529 30.521 25.446 34.292 33.196 31.835 27.411 39.567 32.113 31.7 32.958 32.487
0 0 0 0 36.26 37.256 26.568 34.093 33.212 38.021 20.711 23.007 10.364 64.241 18.352 32.931 31.262 24.75 14.723 34.12 31.426 27.871 39.597 33.029 31.902 33.323 33.036
0 0 0 0 0 24.246 36.453 34.265 34.986 48.584 35.577 41.863 36.131 77.174 37.804 37.256 35.135 35.106 36.349 35.084 35.722 36.102 35.347 38.98 35.404 25.084 44.243
0 0 0 0 0 0 36.88 20.389 22.646 29.697 34.447 37.084 36.833 70.92 36.585 28.814 25.829 37.404 37.222 25.753 29.7 25.904 22.758 25.904 25.029 25.099 26.495
0 0 0 0 0 0 0 32.348 34.12 36.702 31.005 26.957 28.422 64.022 28.7 33.107 30.378 27.115 34.132 33.082 32.003 29.725 39.047 32 31.566 32.87 32.346
0 0 0 0 0 0 0 0 18.047 35.413 28.986 32.941 32.434 75.998 33.175 28.563 24.841 32.72 33.58 25.871 31.994 26.48 24.049 24.944 26.372 24.359 23.142
0 0 0 0 0 0 0 0 0 35.769 29.74 34.171 32.078 76.283 32.198 28.782 25.391 34.267 33.724 26.286 32.255 27.019 24 25.433 27.733 24.434 22.658
0 0 0 0 0 0 0 0 0 0 33.708 36.879 38.417 62.853 37.29 28.782 30.314 37.362 37.466 34.885 32.255 27.019 36.684 35.216 35.108 35.042 34.989
0 0 0 0 0 0 0 0 0 0 0 24.87 21.536 66.335 20.666 32.9 26.89 23.652 26.449 29.38 27.207 23.533 35.831 28.473 27.852 28.987 28.552
0 0 0 0 0 0 0 0 0 0 0 0 17.369 64.352 22.671 27.131 30.177 25.201 23.689 33.709 30.115 28.045 39.478 32.742 31.703 33.227 31.836
0 0 0 0 0 0 0 0 0 0 0 0 0 60.677 15.419 32.907 31.591 23.467 12.874 33.604 31.034 27.397 39.041 32.262 31.706 32.945 32.816
0 0 0 0 0 0 0 0 0 0 0 0 0 0 64.2 69.926 70.23 64.452 64.516 76.646 70.104 69.759 78.868 76.353 76.036 76.444 75.947
0 0 0 0 0 0 0 0 0 0 0 0 0 0 0 25.992 30.413 24.864 16.771 33.459 30.149 27.161 38.909 32.216 31.255 32.649 32.181
0 0 0 0 0 0 0 0 0 0 0 0 0 0 0 0 28.891 33.245 33.245 33.362 25.892 33.183 28.537 33.644 33.616 33.187 33.076
0 0 0 0 0 0 0 0 0 0 0 0 0 0 0 0 0 30.428 30.599 10.866 27.853 20.266 20.024 14.138 31.189 18.831 13.039
0 0 0 0 0 0 0 0 0 0 0 0 0 0 0 0 0 0 24.33 33.739 30.493 28.303 39.793 33.095 32.017 33.367 32.173
0 0 0 0 0 0 0 0 0 0 0 0 0 0 0 0 0 0 0 34.016 31.575 27.999 39.598 33.407 31.835 33.317 32.133
0 0 0 0 0 0 0 0 0 0 0 0 0 0 0 0 0 0 0 0 27.752 26.342 21.482 11.579 30.946 19.455 12.83
0 0 0 0 0 0 0 0 0 0 0 0 0 0 0 0 0 0 0 0 0 27.954 21.47 27.954 14.874 27.928 30.54
0 0 0 0 0 0 0 0 0 0 0 0 0 0 0 0 0 0 0 0 0 0 28.391 25.976 30.565 25.973 25.986
0 0 0 0 0 0 0 0 0 0 0 0 0 0 0 0 0 0 0 0 0 0 0 19.399 26.965 20.162 20.956
0 0 0 0 0 0 0 0 0 0 0 0 0 0 0 0 0 0 0 0 0 0 0 0 30.848 23.562 12.898
0 0 0 0 0 0 0 0 0 0 0 0 0 0 0 0 0 0 0 0 0 0 0 0 0 27.112 31.753
0 0 0 0 0 0 0 0 0 0 0 0 0 0 0 0 0 0 0 0 0 0 0 0 0 0 24.492
0 0 0 0 0 0 0 0 0 0 0 0 0 0 0 0 0 0 0 0 0 0 0 0 0 0 0
