0 55.401 14.256 12.612 12.279 26.91 54.713 54.373 54.553 30.529 60.243 33.981 89.081 95.832 55.956 51.047 54.33 54.656 26.91 26.124 195.78 56.033 55.052 66.631 54.433 57.641 26.248 55.684 25.651 26.192 82.836 26.26 26.976 31.188 55.08 28.377 14.32 29.834 25.651 27.638 26.192 26.26 26.124 26.91 25.651 29.88 28.057 20.739 26.976
0 0 50.78 59.752 60.084 45.285 16.388 26.543 21.599 51.493 58.124 30.11 66.913 75.531 32.139 26.04 45.27 25.681 53.007 58.507 190.39 21.497 24.692 28.433 31.18 18.68 58.456 32.779 56.194 66.773 62.373 63.183 54.019 54.461 44.955 58.253 51.575 58.484 60.703 55.255 58.961 54.748 54.599 64.955 61.732 56.111 58.381 71.067 50.736
0 0 0 13.231 14.148 26.249 50.402 50.21 50.179 30.393 60.155 28.595 86.222 93.093 50.942 46.403 50.157 50.004 26.249 25.374 192.44 51.119 50.588 61.479 50.051 52.791 26.632 51.14 25.158 25.454 80.645 25.555 26.291 31.835 50.642 27.925 13.591 29.861 25.158 27.085 25.454 25.555 25.374 26.3 25.158 29.615 27.854 24.076 26.959
0 0 0 0 11.355 25.156 59.027 58.666 58.801 29.227 60.144 37.077 90.393 97.124 59.543 54.839 58.629 58.97 25.156 24.411 200.57 60.141 59.386 70.238 58.757 61.332 26.466 60.027 23.514 24.486 84.762 24.562 25.23 31.55 59.308 26.733 12.964 29.836 23.514 25.886 24.486 24.562 24.411 25.156 23.514 28.437 28.597 15.941 25.23
0 0 0 0 0 26.783 59.254 58.845 59.099 30.847 60.727 37.778 91.391 97.723 60.208 55.383 58.88 59.23 26.783 25.921 201.48 60.497 59.665 70.659 59.009 61.926 25.969 60.331 24.835 25.969 84.691 26.017 26.83 31.457 59.616 28.428 13.3 30.605 24.835 27.603 25.969 26.017 25.921 26.783 24.835 30.09 28.877 17.066 26.83
0 0 0 0 0 0 45.226 45.19 44.332 23.038 72.028 30.082 81.093 88.787 46.531 41.411 45.127 44.721 22.956 21.173 186.38 45.99 45.255 56.324 44.808 48.134 23.922 45.72 22.375 25.407 75.658 22.057 22.141 46.875 53.321 21.327 24.069 46.618 22.657 21.935 21.144 21.911 21.862 26.547 24.601 21.698 29.635 32.041 25.957
0 0 0 0 0 0 0 27.695 25.63 51.671 57.97 30.333 66.404 75.657 32.554 27.245 44.649 27.068 52.536 58.369 186.51 22.044 25.856 28.799 31.633 19.271 58.312 32.488 55.639 66.225 62.392 62.566 53.931 54.193 45.041 58.087 50.97 58.118 60.477 55.193 58.256 54.516 54.105 64.866 61.033 55.795 57.732 70.639 50.351
0 0 0 0 0 0 0 0 17.768 51.469 58.748 30.552 74.32 82.992 35.486 24.778 39.464 27.51 52.3 58.278 176.11 28.404 25.651 31.831 34.475 30.939 58.165 31.701 55.36 65.906 69.842 62.252 53.645 54.048 47.074 57.984 50.629 57.924 60.384 55.141 57.906 54.386 53.848 64.626 60.815 55.326 57.408 70.256 50.157
0 0 0 0 0 0 0 0 0 50.225 47.574 30.09 71.39 79.973 29.041 25.133 40.024 24.107 51.906 57.58 181.15 26.284 27.931 25.35 28.194 23.89 57.536 28.896 55.181 65.391 66.514 62.022 53.052 53.707 42.257 57.359 50.418 57.75 59.652 54.251 58.079 53.95 53.108 63.945 61.475 55.251 57.618 70.124 50.143
0 0 0 0 0 0 0 0 0 0 58.782 31.01 72.434 80.81 50.792 49.06 51.427 50.47 16.726 25.97 196.4 51.845 51.588 60.008 51.208 52.35 26.449 51.986 16.7 29.805 67.426 28.102 22.029 31.017 50.772 25.485 27.525 30.342 27.302 23.429 26.683 24.064 16.061 29.622 29.019 24.653 25.888 32.918 21.697
0 0 0 0 0 0 0 0 0 0 0 59.257 76.027 83.407 58.364 59.563 59.942 61.481 60.048 60.588 190.96 58.451 53.49 64.183 58.723 57.524 60.809 61.552 59.775 60.733 70.499 60.71 59.947 31.105 48.689 60.049 59.57 60.098 56.759 61.478 60.051 57.022 59.74 56.608 60.885 60.158 51.66 60.92 59.888
0 0 0 0 0 0 0 0 0 0 0 0 74.217 82.971 32.139 29.259 30.473 30.436 29.998 37.168 188.62 30.399 30.115 34.381 31.18 26.861 37.329 30.613 32.512 43.904 69.846 41.434 31.461 31.871 46.751 37.673 29.147 36.746 38.508 33.992 36.872 33.348 31.83 42.506 39.685 34.244 36.589 48.442 30.144
0 0 0 0 0 0 0 0 0 0 0 0 0 28.197 66.902 69.283 87.92 75.975 81.684 90.499 175.83 66.959 80.245 61.077 66.599 65.693 89.977 81.56 81.948 93.59 19.243 91.929 86.519 81.198 82.723 90.611 81.158 90.599 91.702 89.276 90.575 90.245 81.749 93.185 91.836 89.421 90.599 94.965 87.725
0 0 0 0 0 0 0 0 0 0 0 0 0 0 74.933 77.965 94.804 85.545 88.639 97.082 193.12 75.712 99.196 70.282 76.044 74.566 96.685 100.17 89.886 99.779 31.516 98.469 93.219 90.139 88.722 96.734 88.746 97.034 98.146 96.113 97.288 96.09 91.575 99.367 98.146 95.912 96.894 101.52 94.082
0 0 0 0 0 0 0 0 0 0 0 0 0 0 0 30.42 47.224 25.584 52.668 59.117 187.84 19.905 25.817 25.91 23.32 13.885 59.178 33.209 55.577 66.361 61.644 62.894 54.326 54.272 44.795 58.935 51.963 58.874 61.113 56.472 59.348 55.56 54.828 65.358 62.033 56.985 58.552 70.514 52.184
0 0 0 0 0 0 0 0 0 0 0 0 0 0 0 0 40.289 22.829 48.595 54.852 175.99 27.584 22.785 26.655 29.542 30.379 54.871 30.672 51.972 61.905 64.8 59.039 50.26 50.512 45.089 55.146 47.16 54.253 56.733 51.33 54.676 50.878 50.114 61.445 57.398 51.453 54.153 67.292 46.364
0 0 0 0 0 0 0 0 0 0 0 0 0 0 0 0 0 39.465 52.25 58.218 182.64 44.774 45.974 57.478 44.596 48.245 58.131 45.202 55.313 65.861 81.501 62.207 53.611 53.991 51.371 57.925 50.586 57.871 60.329 55.079 57.871 54.329 53.799 64.587 61.212 55.383 57.364 70.216 50.104
0 0 0 0 0 0 0 0 0 0 0 0 0 0 0 0 0 0 51.728 57.921 175.75 28.684 28.096 26.978 21.466 30.205 57.884 19.052 55.201 65.252 70.659 62.032 53.375 53.823 54.781 57.734 50.567 57.479 59.962 54.533 58.219 54.431 52.973 64.18 61.674 55.668 57.695 70.405 50.515
0 0 0 0 0 0 0 0 0 0 0 0 0 0 0 0 0 0 0 15.46 194.54 53.598 52.769 63.054 52.207 54.554 24.569 53.345 11.602 17.186 75.771 20.064 20.985 31.21 52.506 13.445 23.179 30.077 17.84 13.487 13.992 15.657 13.448 16.038 16.944 14.694 25.525 28.135 17.456
0 0 0 0 0 0 0 0 0 0 0 0 0 0 0 0 0 0 0 0 200.08 58.663 58.443 69.927 57.971 60.687 26.626 58.929 14.133 11.068 84.108 21.975 22.799 32.244 58.043 9.4351 22.279 29.992 19.764 12.92 12.9 15.815 11.95 16.877 13.94 12.896 29.615 28.351 18.581
0 0 0 0 0 0 0 0 0 0 0 0 0 0 0 0 0 0 0 0 0 193.92 175.71 182.99 179.2 191.32 199.46 180.82 198.41 207.88 182.38 204.13 196.19 196.61 186.3 199.49 192.56 199.15 202.37 196.42 199.88 196.09 196.25 206.49 202.61 197.24 199.1 213.28 191.93
0 0 0 0 0 0 0 0 0 0 0 0 0 0 0 0 0 0 0 0 0 0 26.073 26.222 23.837 21.22 58.608 34.624 56.781 66.696 61.967 63.584 54.651 54.729 44.953 58.391 51.867 58.496 60.767 55.458 59.471 54.993 54.534 65.144 61.531 56.236 59.111 71.213 51.228
0 0 0 0 0 0 0 0 0 0 0 0 0 0 0 0 0 0 0 0 0 0 0 30.006 25.467 29.373 58.389 31.822 55.914 66.536 83.391 62.874 53.979 54.328 32.216 58.174 51.315 58.303 60.545 55.229 58.606 54.633 54.358 64.918 61.381 56.021 58.054 70.995 50.783
0 0 0 0 0 0 0 0 0 0 0 0 0 0 0 0 0 0 0 0 0 0 0 0 15.657 25.211 69.77 36.579 66.313 77.012 56.833 73.496 64.762 64.717 42.78 69.447 62.195 69.52 71.696 66.691 70.078 66.48 64.88 75.957 72.298 67.27 69.156 81.25 62.779
0 0 0 0 0 0 0 0 0 0 0 0 0 0 0 0 0 0 0 0 0 0 0 0 0 26.782 57.915 32.056 55.33 65.932 62.786 62.272 53.522 53.821 44.848 57.694 50.692 57.768 60.076 54.779 57.982 54.136 53.785 64.459 60.757 55.536 57.444 70.378 50.413
0 0 0 0 0 0 0 0 0 0 0 0 0 0 0 0 0 0 0 0 0 0 0 0 0 0 60.884 33.659 57.36 68.153 61.085 64.705 56.197 56.091 44.102 60.632 53.547 60.679 62.932 58.392 61.126 57.283 56.333 66.987 63.884 58.608 60.223 72.276 53.867
0 0 0 0 0 0 0 0 0 0 0 0 0 0 0 0 0 0 0 0 0 0 0 0 0 0 0 58.876 24.354 26.517 84.597 12.388 15.206 31.587 57.996 25.11 23.599 29.622 22.846 22.524 27.34 22.66 25.921 26.03 22.877 24.461 29.196 32.282 25.218
0 0 0 0 0 0 0 0 0 0 0 0 0 0 0 0 0 0 0 0 0 0 0 0 0 0 0 0 56.512 67.149 84.313 63.487 54.451 54.85 59.506 58.667 51.95 58.85 61.028 55.694 59.241 55.146 54.945 65.39 62.014 56.52 58.675 71.486 51.095
0 0 0 0 0 0 0 0 0 0 0 0 0 0 0 0 0 0 0 0 0 0 0 0 0 0 0 0 0 15.491 76.314 19.865 20.798 30.955 55.729 14.837 21.613 30.192 17.046 14.267 12.878 13.282 11.555 15.971 15.325 13.377 26.563 29.292 17.938
0 0 0 0 0 0 0 0 0 0 0 0 0 0 0 0 0 0 0 0 0 0 0 0 0 0 0 0 0 0 86.898 21.873 22.702 31.407 65.974 13.345 23.604 29.645 21.19 15.515 14.408 14.973 16.749 15.823 13.498 16.591 29.888 28.958 20.24
0 0 0 0 0 0 0 0 0 0 0 0 0 0 0 0 0 0 0 0 0 0 0 0 0 0 0 0 0 0 0 85.816 80.75 75.796 76.016 84.597 75.654 84.555 84.835 83.451 84.604 83.468 76.256 87.128 85.716 82.94 84.021 89.045 81.734
0 0 0 0 0 0 0 0 0 0 0 0 0 0 0 0 0 0 0 0 0 0 0 0 0 0 0 0 0 0 0 0 15.197 30.919 62.568 20.563 22.335 29.842 22.207 18.199 22.503 18.135 21.163 21.266 18.334 19.965 29.142 28.326 20.663
0 0 0 0 0 0 0 0 0 0 0 0 0 0 0 0 0 0 0 0 0 0 0 0 0 0 0 0 0 0 0 0 0 31.071 53.523 21.457 23.206 29.97 19.505 19.234 23.277 19.081 21.946 22.044 19.267 20.891 27.038 28.754 21.552
0 0 0 0 0 0 0 0 0 0 0 0 0 0 0 0 0 0 0 0 0 0 0 0 0 0 0 0 0 0 0 0 0 0 54.122 31.066 31.676 31.26 30.269 35.685 31.593 29.304 31.017 30.002 32.043 31.184 28.719 31.848 31.32
0 0 0 0 0 0 0 0 0 0 0 0 0 0 0 0 0 0 0 0 0 0 0 0 0 0 0 0 0 0 0 0 0 0 0 57.813 50.936 58.22 60.122 54.732 58.594 54.376 53.714 64.431 61.76 55.695 58.15 70.595 51.156
0 0 0 0 0 0 0 0 0 0 0 0 0 0 0 0 0 0 0 0 0 0 0 0 0 0 0 0 0 0 0 0 0 0 0 0 24.931 32.713 20.157 15.563 11.603 13.228 12.374 15.164 13.394 13.581 28.859 32.618 18.019
0 0 0 0 0 0 0 0 0 0 0 0 0 0 0 0 0 0 0 0 0 0 0 0 0 0 0 0 0 0 0 0 0 0 0 0 0 30.342 23.758 24.054 23.323 24.265 23.014 23.179 24.427 26.688 26.965 21.851 23.206
0 0 0 0 0 0 0 0 0 0 0 0 0 0 0 0 0 0 0 0 0 0 0 0 0 0 0 0 0 0 0 0 0 0 0 0 0 0 30.092 30.419 30.055 30.234 29.836 37.12 30.356 30.037 30.012 31.124 30.097
0 0 0 0 0 0 0 0 0 0 0 0 0 0 0 0 0 0 0 0 0 0 0 0 0 0 0 0 0 0 0 0 0 0 0 0 0 0 0 22.464 19.853 21.54 19.752 21.486 21.005 19.114 19.9 29.053 18.985
0 0 0 0 0 0 0 0 0 0 0 0 0 0 0 0 0 0 0 0 0 0 0 0 0 0 0 0 0 0 0 0 0 0 0 0 0 0 0 0 15.718 16.093 15.437 15.966 17.476 14.517 28.287 28.856 17.283
0 0 0 0 0 0 0 0 0 0 0 0 0 0 0 0 0 0 0 0 0 0 0 0 0 0 0 0 0 0 0 0 0 0 0 0 0 0 0 0 0 12.586 14.841 15.388 14.021 13.338 28.742 28.958 18.285
0 0 0 0 0 0 0 0 0 0 0 0 0 0 0 0 0 0 0 0 0 0 0 0 0 0 0 0 0 0 0 0 0 0 0 0 0 0 0 0 0 0 14.876 16.256 13.83 13.896 24.883 28.958 21.504
0 0 0 0 0 0 0 0 0 0 0 0 0 0 0 0 0 0 0 0 0 0 0 0 0 0 0 0 0 0 0 0 0 0 0 0 0 0 0 0 0 0 0 15.943 17.626 12.719 27.877 29.069 19.457
0 0 0 0 0 0 0 0 0 0 0 0 0 0 0 0 0 0 0 0 0 0 0 0 0 0 0 0 0 0 0 0 0 0 0 0 0 0 0 0 0 0 0 0 16.826 15.593 17.651 32.013 18.924
0 0 0 0 0 0 0 0 0 0 0 0 0 0 0 0 0 0 0 0 0 0 0 0 0 0 0 0 0 0 0 0 0 0 0 0 0 0 0 0 0 0 0 0 0 15.585 29.689 27.454 18.923
0 0 0 0 0 0 0 0 0 0 0 0 0 0 0 0 0 0 0 0 0 0 0 0 0 0 0 0 0 0 0 0 0 0 0 0 0 0 0 0 0 0 0 0 0 0 28.705 30.49 18.023
0 0 0 0 0 0 0 0 0 0 0 0 0 0 0 0 0 0 0 0 0 0 0 0 0 0 0 0 0 0 0 0 0 0 0 0 0 0 0 0 0 0 0 0 0 0 0 30.23 27.883
0 0 0 0 0 0 0 0 0 0 0 0 0 0 0 0 0 0 0 0 0 0 0 0 0 0 0 0 0 0 0 0 0 0 0 0 0 0 0 0 0 0 0 0 0 0 0 0 32.996
0 0 0 0 0 0 0 0 0 0 0 0 0 0 0 0 0 0 0 0 0 0 0 0 0 0 0 0 0 0 0 0 0 0 0 0 0 0 0 0 0 0 0 0 0 0 0 0 0
