0 23.966 36.97 23.749 11.786 23.506 19.028 27.895 29.612 26.165 16.551 26.266 24.414 27.095 36.499 14.679 19.898 22.887 35.735 20.706 36.926 17.758 29.317 22.727 20.897 24.345 25.415 13.715 12.523 12.102 12.437 12.609 36.242 23.538 11.508 16.463 21.068 16.681 12.184 13.384 15.453 32.597 10.758 12.114 22.446 18.898 12.08 12.437 23.378 14.132
0 0 27.887 23.251 24.821 23.966 18.79 23.517 15.796 15.818 25.855 23.795 17.465 23.672 27.946 23.672 23.314 19.522 26.252 24.086 27.831 24.921 21.718 13.034 24.004 18.011 23.524 21.718 23.251 30.107 22.401 21.663 27.403 23.694 21.973 33.003 22.49 26.843 25.049 22.401 24.518 23.418 23.435 25.082 24.467 25.334 23.517 24.868 22.411 24.575
0 0 0 22.745 31.383 22.745 27.678 20.966 42.55 38.66 26.047 22.202 18.487 30.837 17.025 43.262 40.011 36.285 13.59 18.67 20.984 23.871 20.984 15.919 33.555 43.439 19.724 33.141 32.108 46.502 47.619 47.836 21.855 19.273 39.269 33.449 48.416 52.832 26.406 45.716 33.059 21.855 29.473 41.199 20.984 21.855 26.71 36.166 20.857 46.402
0 0 0 0 18.541 16.313 20.816 16.747 31.263 27.788 16.919 27.883 26.084 28.584 22.409 32.999 25.887 24.462 22.894 22.122 17.476 15.057 17.044 22.936 22.539 29.712 27.022 19.172 18.601 32.836 34.474 34.028 16.351 16.912 24.555 15.236 34.681 40.1 17.079 31.332 19.119 18.034 16.395 27.554 15.389 15.217 15.719 21.914 16.274 34.159
0 0 0 0 0 18.197 22.596 23.647 32.889 29.388 16.816 29.476 27.731 30.076 30.96 19.279 23.473 26.018 29.581 23.779 31.851 12.354 23.84 24.685 24.163 24.325 28.608 14.115 11.522 16.806 17.366 17.294 30.935 17.898 11.182 14.041 22.497 22.778 9.8449 15.457 14.481 26.708 9.9099 13.617 16.812 12.516 11.466 10.699 18.46 19.229
0 0 0 0 0 0 20.816 10.713 31.263 27.788 16.479 27.883 26.084 28.584 22.409 33.11 25.958 24.462 23.254 22.122 14.801 12.141 9.6043 22.936 22.539 29.864 27.022 19.034 18.568 32.916 34.115 34.33 14.388 9.636 25.063 15.236 34.841 39.616 15.8 31.851 18.89 13.63 16.043 27.613 12.486 9.4321 13.777 21.98 9.7625 34.114
0 0 0 0 0 0 0 19.028 16.989 15.543 21.006 11.937 15.17 19.252 28.068 22.56 13.034 11.463 26.204 12.333 28.252 19.028 20.945 13.346 10.892 18.905 11.502 19.041 20.816 29.149 21.982 21.561 26.972 17.501 19.028 32.012 21.934 27.609 19.922 19.91 19.041 23.028 19.041 19.91 19.041 19.922 20.322 22.607 18.953 22.669
0 0 0 0 0 0 0 0 34.359 30.639 17.497 26.266 24.414 27.069 20.757 36.535 30.84 28.024 22.471 20.447 12.077 14.998 8.8429 21.173 24.396 34.783 25.415 24.093 23.75 37.676 39.264 39.474 10.372 9.5268 30.22 16.463 39.736 43.978 18.467 37.002 24.371 13.481 21.478 32.385 15.107 12.267 18.099 26.998 10.734 37.996
0 0 0 0 0 0 0 0 0 18.189 23.552 22.616 28.844 20.997 42.121 30.642 20.075 17.602 40.823 26.295 42.98 29.612 35.056 28.431 20.995 17.882 23.889 29.657 31.263 37.33 30.391 29.612 42.052 28.846 29.612 38.746 14.223 29.092 30.435 30.391 29.657 37.895 29.657 30.391 29.657 30.435 30.435 32.93 29.302 31.306
0 0 0 0 0 0 0 0 0 0 19.484 19.487 25.75 11.708 38.326 27.043 12.019 10.063 37.68 22.434 38.787 26.165 31.203 25.305 12.352 15.779 20.333 26.215 27.788 33.7 26.926 26.165 38 26.449 26.165 35.137 13.708 25.598 26.974 26.926 26.215 34.225 26.215 26.926 26.215 26.974 26.974 29.431 25.828 27.835
0 0 0 0 0 0 0 0 0 0 0 19.539 18.178 19.069 25.765 22.075 20.551 17.298 25.529 19.28 26.399 16.909 17.945 19.477 18.016 26.813 18.64 16.331 17.177 24.165 24.952 24.855 25.207 17 17.13 19.66 25.827 30.293 18.392 22.453 17.26 21.5 16.557 18.955 17.052 16.874 16.825 22.256 17.074 25.962
0 0 0 0 0 0 0 0 0 0 0 0 14.112 11.787 21.793 29.848 20.333 17.596 22.952 8.6537 26.316 26.266 26.316 18.912 13.917 24.376 9.7212 26.316 27.883 33.735 28.442 28.331 27.071 24.892 26.266 35.139 29.304 33.731 27.071 27.023 26.316 27.071 26.316 27.023 26.316 27.071 27.071 29.521 25.923 29.711
0 0 0 0 0 0 0 0 0 0 0 0 0 17.097 17.542 27.833 26.772 23.172 16.358 13.949 24.458 24.414 24.458 9.5173 20.204 30.665 13.532 24.458 26.084 33.608 34.299 34.444 25.247 23.273 25.106 34.297 35.523 39.72 25.247 31.813 24.458 25.247 24.458 28.352 24.458 25.247 25.247 27.769 24.124 33.615
0 0 0 0 0 0 0 0 0 0 0 0 0 0 31.425 27.264 16.056 13.468 29.514 17.436 30.707 27.069 27.13 18.61 15.764 24.119 13.332 27.13 28.584 33.489 27.762 27.069 30.627 26.495 27.069 34.416 20.757 26.352 27.822 27.762 27.13 27.822 27.13 27.762 27.13 27.822 27.822 30.131 26.645 28.643
0 0 0 0 0 0 0 0 0 0 0 0 0 0 0 43.106 40.831 35.851 21.291 17.491 20.803 22.701 20.803 16.981 34.608 43 21.338 33.946 32.061 46.06 47.185 47.402 21.58 19.335 38.85 32.389 47.977 52.397 25.714 45.29 33.268 21.58 29.501 40.757 20.803 21.58 26.443 37.129 20.448 46.233
0 0 0 0 0 0 0 0 0 0 0 0 0 0 0 0 22.661 24.326 42.312 30.52 43.7 26.51 38.527 32.754 22.021 24.119 29.22 18.581 18.998 18.646 21.53 21.698 43.187 32.915 14.055 24.191 22.011 23.801 23.643 20.084 18.89 39.843 20.833 15.372 31.968 28.721 23.111 18.636 32.852 16.307
0 0 0 0 0 0 0 0 0 0 0 0 0 0 0 0 0 11.534 38.609 23.851 40.149 19.898 32.722 25.186 12.852 23.348 21.158 19.909 21.689 30.072 20.783 19.898 39.387 26.039 19.898 32.938 20.047 19.81 20.794 20.783 19.909 35.389 19.909 20.783 24.745 21.806 20.794 23.482 25.983 21.7
0 0 0 0 0 0 0 0 0 0 0 0 0 0 0 0 0 0 34.696 20.513 36.799 22.887 29.369 22.038 10.928 20.784 18.496 22.943 24.462 31.653 23.617 22.887 35.734 23.12 22.887 34.245 17.191 22.249 23.671 23.617 22.943 31.67 22.943 23.617 22.943 23.671 23.671 26.066 22.937 24.514
0 0 0 0 0 0 0 0 0 0 0 0 0 0 0 0 0 0 0 23.348 21.15 24.172 21.15 14.472 32.185 41.98 22.803 31.727 30.597 45.114 46.002 46.221 22.852 22.666 37.385 33.243 46.945 51.198 24.805 43.937 31.813 22.01 27.851 39.831 24.007 24.542 25.174 34.778 21.639 44.757
0 0 0 0 0 0 0 0 0 0 0 0 0 0 0 0 0 0 0 0 20.489 20.447 20.489 17.714 17.318 27.316 8.8437 20.489 22.122 30.302 32.145 31.332 21.282 18.983 22.044 33.206 32.287 37.335 21.282 28.729 20.489 21.282 20.489 24.996 20.489 21.282 21.282 23.815 20.163 31.517
0 0 0 0 0 0 0 0 0 0 0 0 0 0 0 0 0 0 0 0 0 23.601 10.855 21.197 33.597 43.721 25.466 33.377 32.549 46.667 48.103 48.316 12.608 14.917 39.054 25.714 48.688 53.168 28.085 45.831 33.047 12.049 30.101 41.367 17.457 21.337 27.667 36.268 15.937 46.609
0 0 0 0 0 0 0 0 0 0 0 0 0 0 0 0 0 0 0 0 0 0 15.224 21.173 20.897 25.352 25.415 15.022 13.799 25.516 26.161 25.842 22.984 10.755 17.049 16.463 26.998 31.554 9.0611 23.203 16.091 19.428 8.4795 20.424 13.034 11.583 11.169 15.914 13.666 27.109
0 0 0 0 0 0 0 0 0 0 0 0 0 0 0 0 0 0 0 0 0 0 0 21.197 26.135 36.175 25.466 26.144 25.556 39.085 40.449 40.672 9.9608 9.9454 31.262 18.548 41.133 45.566 19.91 37.997 26.163 11.493 22.668 33.79 11.375 12.593 20.02 28.84 10.984 39.631
0 0 0 0 0 0 0 0 0 0 0 0 0 0 0 0 0 0 0 0 0 0 0 0 18.675 29.097 17.273 21.197 22.936 32.143 33.363 33.578 22.054 19.524 24.396 33.195 34.074 38.968 22.054 31.183 21.197 22.054 21.197 26.84 21.197 22.054 22.054 24.704 21.024 33.482
0 0 0 0 0 0 0 0 0 0 0 0 0 0 0 0 0 0 0 0 0 0 0 0 0 24.462 14.275 20.945 22.539 29.381 21.67 20.897 32.964 19.493 20.897 32.425 21.369 21.933 21.715 21.67 20.945 28.958 20.945 21.67 20.945 21.715 21.715 24.203 20.578 22.583
0 0 0 0 0 0 0 0 0 0 0 0 0 0 0 0 0 0 0 0 0 0 0 0 0 0 25.169 19.524 21.795 28.873 20.345 20.691 42.826 30.011 22.411 31.364 15.999 25.604 25.956 21.602 24.922 38.881 23.789 25.914 28.619 25.83 23.551 24.265 29.924 25.163
0 0 0 0 0 0 0 0 0 0 0 0 0 0 0 0 0 0 0 0 0 0 0 0 0 0 0 25.466 27.022 32.827 29.619 29.619 26.215 24.058 25.415 34.237 30.123 34.855 26.215 26.606 25.466 26.215 25.466 26.166 25.466 26.215 26.215 28.653 25.063 29.941
0 0 0 0 0 0 0 0 0 0 0 0 0 0 0 0 0 0 0 0 0 0 0 0 0 0 0 0 13.083 14.68 16.028 16.874 32.504 19.226 12.377 16.542 18.903 21.606 14.113 13.716 15.212 28.511 13.26 16.376 17.873 14.514 13.523 13.624 19.091 18.892
0 0 0 0 0 0 0 0 0 0 0 0 0 0 0 0 0 0 0 0 0 0 0 0 0 0 0 0 0 15.281 17.331 15.77 31.53 18.856 12.169 15.236 20.7 22.192 10.941 16.93 16.096 27.521 9.6782 12.884 17.287 14.177 12.38 11.565 18.944 18.795
0 0 0 0 0 0 0 0 0 0 0 0 0 0 0 0 0 0 0 0 0 0 0 0 0 0 0 0 0 0 11.788 11.943 45.857 32.98 11.943 22.237 29.471 11.252 20.503 11.698 16.355 41.98 17.5 11.143 31.702 28.399 20.391 13.788 32.936 14.807
0 0 0 0 0 0 0 0 0 0 0 0 0 0 0 0 0 0 0 0 0 0 0 0 0 0 0 0 0 0 0 13.391 47.067 34.403 12.35 23.973 19.798 12.371 22.043 12.503 16.5 42.999 18.814 12.174 32.83 28.622 22.51 15.021 34.684 12.501
0 0 0 0 0 0 0 0 0 0 0 0 0 0 0 0 0 0 0 0 0 0 0 0 0 0 0 0 0 0 0 0 47.283 34.556 12.455 24.079 18.901 11.586 21.697 10.663 16.95 43.216 18.887 13.87 33.032 28.61 21.589 14.224 34.461 13.696
0 0 0 0 0 0 0 0 0 0 0 0 0 0 0 0 0 0 0 0 0 0 0 0 0 0 0 0 0 0 0 0 0 14.824 38.781 24.952 47.803 52.141 25.587 45.24 32.588 13.197 28.948 40.552 16.611 20.304 25.923 35.556 15.482 45.666
0 0 0 0 0 0 0 0 0 0 0 0 0 0 0 0 0 0 0 0 0 0 0 0 0 0 0 0 0 0 0 0 0 0 24.841 18.081 34.98 39.45 15.216 31.628 19.094 13.593 16.51 27.676 14.434 10.03 14.702 22.045 9.2412 33.925
0 0 0 0 0 0 0 0 0 0 0 0 0 0 0 0 0 0 0 0 0 0 0 0 0 0 0 0 0 0 0 0 0 0 0 16.463 19.279 16.248 13.861 9.2567 16.105 34.585 10.435 9.0739 23.889 19.11 13.77 12.48 25.063 14.325
0 0 0 0 0 0 0 0 0 0 0 0 0 0 0 0 0 0 0 0 0 0 0 0 0 0 0 0 0 0 0 0 0 0 0 0 32.574 29.109 15.836 21.107 16.542 20.948 16.542 16.95 16.542 15.836 15.836 14.132 15.925 24.965
0 0 0 0 0 0 0 0 0 0 0 0 0 0 0 0 0 0 0 0 0 0 0 0 0 0 0 0 0 0 0 0 0 0 0 0 0 22.631 22.45 19.798 21.694 43.855 20.462 22.605 33.595 29.841 22.201 22.499 34.899 21.718
0 0 0 0 0 0 0 0 0 0 0 0 0 0 0 0 0 0 0 0 0 0 0 0 0 0 0 0 0 0 0 0 0 0 0 0 0 0 27.639 12.642 21.837 48.082 24.404 14.131 38.432 34.129 28.137 19.54 40.004 13.155
0 0 0 0 0 0 0 0 0 0 0 0 0 0 0 0 0 0 0 0 0 0 0 0 0 0 0 0 0 0 0 0 0 0 0 0 0 0 0 20.774 15.052 22.067 9.1395 16.883 14.402 11.276 16.945 14.069 15.8 23.535
0 0 0 0 0 0 0 0 0 0 0 0 0 0 0 0 0 0 0 0 0 0 0 0 0 0 0 0 0 0 0 0 0 0 0 0 0 0 0 0 15.228 41.05 16.403 13.628 30.665 25.852 20.078 13.906 31.851 12.39
0 0 0 0 0 0 0 0 0 0 0 0 0 0 0 0 0 0 0 0 0 0 0 0 0 0 0 0 0 0 0 0 0 0 0 0 0 0 0 0 0 28.607 14.405 14.1 17.832 15.058 15.243 12.617 20.986 18.231
0 0 0 0 0 0 0 0 0 0 0 0 0 0 0 0 0 0 0 0 0 0 0 0 0 0 0 0 0 0 0 0 0 0 0 0 0 0 0 0 0 0 24.842 36.685 17.089 16.521 22.094 31.554 12.582 42.018
0 0 0 0 0 0 0 0 0 0 0 0 0 0 0 0 0 0 0 0 0 0 0 0 0 0 0 0 0 0 0 0 0 0 0 0 0 0 0 0 0 0 0 12.372 14.707 11.481 11.28 9.9806 16.321 20.433
0 0 0 0 0 0 0 0 0 0 0 0 0 0 0 0 0 0 0 0 0 0 0 0 0 0 0 0 0 0 0 0 0 0 0 0 0 0 0 0 0 0 0 0 26.406 23.429 15.14 11.133 27.63 13.365
0 0 0 0 0 0 0 0 0 0 0 0 0 0 0 0 0 0 0 0 0 0 0 0 0 0 0 0 0 0 0 0 0 0 0 0 0 0 0 0 0 0 0 0 0 13.025 13.173 20.671 13.444 32.825
0 0 0 0 0 0 0 0 0 0 0 0 0 0 0 0 0 0 0 0 0 0 0 0 0 0 0 0 0 0 0 0 0 0 0 0 0 0 0 0 0 0 0 0 0 0 11.28 17.242 11.975 29.22
0 0 0 0 0 0 0 0 0 0 0 0 0 0 0 0 0 0 0 0 0 0 0 0 0 0 0 0 0 0 0 0 0 0 0 0 0 0 0 0 0 0 0 0 0 0 0 15.452 15.376 23.463
0 0 0 0 0 0 0 0 0 0 0 0 0 0 0 0 0 0 0 0 0 0 0 0 0 0 0 0 0 0 0 0 0 0 0 0 0 0 0 0 0 0 0 0 0 0 0 0 21.98 16.438
0 0 0 0 0 0 0 0 0 0 0 0 0 0 0 0 0 0 0 0 0 0 0 0 0 0 0 0 0 0 0 0 0 0 0 0 0 0 0 0 0 0 0 0 0 0 0 0 0 34.144
0 0 0 0 0 0 0 0 0 0 0 0 0 0 0 0 0 0 0 0 0 0 0 0 0 0 0 0 0 0 0 0 0 0 0 0 0 0 0 0 0 0 0 0 0 0 0 0 0 0
