0 53.303 20.398 21.665 20.504 19.554 36.406 45.125 19.872 35.406 32.534 20.379 56.332 19.224 20.059 20.514 22.363 20.641 20.927 58.128 18.371 19.468 37.253 20.104 20.571 46.71 20.641 19.984 23.907 25.056 20.508 23.239 46.224 18.063 20.504 49.735 12.924
0 0 51.471 49.191 51.261 51.621 87.727 19.927 50.931 33 44.844 50.588 20.417 51.491 53.822 50.785 49.07 51.235 51.385 15.296 51.364 53.542 51.832 51.186 53.713 32.742 50.943 50.737 51.761 51.687 50.607 51.574 20.759 53.88 51.832 53.217 54.882
0 0 0 17.732 9.8845 9.6615 37.11 36.746 7.1775 24.459 19.681 19.516 57.17 17.339 18.224 20.226 17.732 17.559 10.066 51.179 17.673 17.88 36.106 20.166 18.938 36.953 18.212 10.82 22.409 23.677 19.17 21.631 37.483 16.158 18.502 49.173 14.097
0 0 0 0 17.778 16.936 42.555 33.275 17.418 19.085 14.46 12.054 54.871 19.154 22.499 20.611 13.833 19.63 18.388 48.303 19.62 22.62 37.361 20.206 22.455 32.637 19.977 17.43 24.01 25.161 21.228 23.339 33.628 23.147 20.434 49.885 22.305
0 0 0 0 0 8.6169 37.506 36.22 7.9978 24.235 20.005 19.559 57.108 19.158 20.109 20.78 17.778 19.193 12.298 50.742 18.793 19.755 37.975 20.354 20.718 37.313 19.983 12.605 24.221 25.515 21.021 23.413 37.727 18.845 20.206 43.292 14.307
0 0 0 0 0 0 37.305 36.235 8.9844 24.022 20.07 18.589 56.974 20.105 21.359 21.772 16.936 20.849 11.768 51.462 18.667 19.389 38.423 21.531 21.847 37.404 21.159 11.637 25.16 26.287 21.735 24.509 37.082 18.359 21.638 49.194 14.307
0 0 0 0 0 0 0 73.388 37.583 60.183 55.412 41.053 91.903 37.782 36.584 41.071 42.534 38.281 37.654 88.223 37.939 36.246 38.012 41.355 36.636 73.494 37.997 37.817 37.303 37.11 37.896 38.015 74.293 37.064 37.563 40.814 33.123
0 0 0 0 0 0 0 0 36.875 15.357 24.952 34.516 28.896 36.875 45.109 35.484 32.892 37.852 37.06 15.778 36.235 45.011 36.527 36.672 45.186 20.384 36.36 36.889 36.109 36.746 36.67 36.701 13.929 44.958 36.146 49.654 44.93
0 0 0 0 0 0 0 0 0 24.094 19.631 19.042 56.722 18.621 19.554 20.247 17.418 18.707 10.28 51.091 19.007 19.203 37.425 20.177 20.576 37.352 19.46 10.718 23.687 24.973 20.476 22.887 37.603 18.704 19.701 48.964 14.41
0 0 0 0 0 0 0 0 0 0 12.599 20.409 41.013 24.215 35.576 25.058 19.093 24.578 23.967 31.09 24.712 35.237 42.04 24.639 35.213 24.939 24.321 25.379 28.488 29.716 25.186 27.733 15.662 35.451 25.471 50.01 35.163
0 0 0 0 0 0 0 0 0 0 0 14.726 52.727 20.205 32.639 20.78 13.293 23.118 19.626 38.763 20.741 32.763 37.975 20.354 32.459 22.061 20.197 19.927 24.221 25.515 21.228 23.413 25.545 32.614 20.206 50.367 32.288
0 0 0 0 0 0 0 0 0 0 0 0 55.973 19.72 20.634 20.003 15.418 19.528 20.187 49.263 20.39 21.052 36.711 20.547 20.558 34.389 19.61 19.228 23.395 24.532 21.485 22.738 34.777 21.984 19.872 49.627 20.878
0 0 0 0 0 0 0 0 0 0 0 0 0 56.642 56.047 56.158 55.454 56.34 56.993 20.471 56.854 56.367 56.993 57.231 55.998 42.537 56.484 56.625 57.089 56.461 56.872 56.826 28.353 55.783 56.993 61.094 59.482
0 0 0 0 0 0 0 0 0 0 0 0 0 0 13.871 19.514 24.013 17.851 21.528 51.064 9.9681 14.26 19.055 12.45 14.833 37.85 13.498 19.56 13.438 13.956 17.867 15.701 37.643 14.06 14.156 35.283 18.744
0 0 0 0 0 0 0 0 0 0 0 0 0 0 0 20.7 24.998 15.67 22.541 57.955 14.616 13.147 17.989 13.996 9.4331 46.873 15.126 20.443 13.52 15.424 15.786 14.866 46.037 10.961 15.059 35.529 19.966
0 0 0 0 0 0 0 0 0 0 0 0 0 0 0 0 25.665 20.07 23.18 49.937 15.488 20.84 20.431 19.214 20.961 34.809 20.07 20.395 19.023 20.48 21.171 19.806 35.561 22.644 19.972 35.655 21.085
0 0 0 0 0 0 0 0 0 0 0 0 0 0 0 0 0 24.351 18.388 48.16 22.11 23.616 42.542 25.25 25.673 33.14 24.959 17.43 29.085 30.283 25.743 28.359 33.734 22.852 25.292 42.261 22.075
0 0 0 0 0 0 0 0 0 0 0 0 0 0 0 0 0 0 21.92 51.286 13.087 16.825 19.44 17.035 15.888 37.68 11.46 19.596 15.161 10.975 11.373 14.018 39.212 16.463 13.168 49.641 19.452
0 0 0 0 0 0 0 0 0 0 0 0 0 0 0 0 0 0 0 51.042 19.69 21.263 40.078 22.766 23.192 37.163 22.48 16.717 26.6 27.8 23.261 25.877 37.653 19.373 22.833 46.843 14.202
0 0 0 0 0 0 0 0 0 0 0 0 0 0 0 0 0 0 0 0 50.921 57.655 51.186 51.307 58.061 27.19 50.964 51.847 51.192 51.179 51.116 50.849 16.125 58.109 50.68 51.288 58.106
0 0 0 0 0 0 0 0 0 0 0 0 0 0 0 0 0 0 0 0 0 13.845 21.44 16.187 15.05 37.404 8.708 20.432 12.948 8.8445 13.107 11.088 37.082 14.049 11.912 38.663 17.271
0 0 0 0 0 0 0 0 0 0 0 0 0 0 0 0 0 0 0 0 0 0 20.447 16.077 15.902 46.366 13.339 22.032 14.721 14.024 16.494 15.613 46.15 9.9164 14.662 34.349 18.257
0 0 0 0 0 0 0 0 0 0 0 0 0 0 0 0 0 0 0 0 0 0 0 18.034 17.943 37.218 18.721 36.527 14.274 12.691 17.004 15.454 37.922 20.757 19.313 36.214 37.144
0 0 0 0 0 0 0 0 0 0 0 0 0 0 0 0 0 0 0 0 0 0 0 0 15.16 37.179 12.896 19.358 14.311 12.294 18.85 20.325 37.878 13.433 17.723 37.403 21.977
0 0 0 0 0 0 0 0 0 0 0 0 0 0 0 0 0 0 0 0 0 0 0 0 0 46.526 15.026 21.241 14.945 15.026 15.97 15.379 46.291 15.251 15.454 35.38 20.471
0 0 0 0 0 0 0 0 0 0 0 0 0 0 0 0 0 0 0 0 0 0 0 0 0 0 37.13 37.185 37.163 37.234 36.91 37.524 20.14 46.522 37.249 49.012 46.286
0 0 0 0 0 0 0 0 0 0 0 0 0 0 0 0 0 0 0 0 0 0 0 0 0 0 0 20.185 11.071 7.0641 13.006 11.76 37.033 13.152 11.039 39.91 19.78
0 0 0 0 0 0 0 0 0 0 0 0 0 0 0 0 0 0 0 0 0 0 0 0 0 0 0 0 23.075 24.257 20.56 22.377 38.017 19.838 20.39 50.399 15.969
0 0 0 0 0 0 0 0 0 0 0 0 0 0 0 0 0 0 0 0 0 0 0 0 0 0 0 0 0 13.657 14.017 14.836 37.12 13.119 15.387 36.05 23.805
0 0 0 0 0 0 0 0 0 0 0 0 0 0 0 0 0 0 0 0 0 0 0 0 0 0 0 0 0 0 11.461 11.112 37.71 13.843 10.559 39.984 24.951
0 0 0 0 0 0 0 0 0 0 0 0 0 0 0 0 0 0 0 0 0 0 0 0 0 0 0 0 0 0 0 12.817 37.241 15.66 12.402 49.247 20.402
0 0 0 0 0 0 0 0 0 0 0 0 0 0 0 0 0 0 0 0 0 0 0 0 0 0 0 0 0 0 0 0 37.438 15.007 13.288 47.56 23.138
0 0 0 0 0 0 0 0 0 0 0 0 0 0 0 0 0 0 0 0 0 0 0 0 0 0 0 0 0 0 0 0 0 45.721 37.644 49.141 46.081
0 0 0 0 0 0 0 0 0 0 0 0 0 0 0 0 0 0 0 0 0 0 0 0 0 0 0 0 0 0 0 0 0 0 14.078 35.364 16.49
0 0 0 0 0 0 0 0 0 0 0 0 0 0 0 0 0 0 0 0 0 0 0 0 0 0 0 0 0 0 0 0 0 0 0 42.509 20.246
0 0 0 0 0 0 0 0 0 0 0 0 0 0 0 0 0 0 0 0 0 0 0 0 0 0 0 0 0 0 0 0 0 0 0 0 39.439
0 0 0 0 0 0 0 0 0 0 0 0 0 0 0 0 0 0 0 0 0 0 0 0 0 0 0 0 0 0 0 0 0 0 0 0 0
