0 23.966 25.159 36.97 23.749 11.786 23.506 19.028 27.895 29.612 26.165 16.551 26.266 31.443 24.414 27.095 36.499 14.679 19.898 22.887 35.735 34.728 20.706 29.167 36.926 17.758 28.177 33.999 41.978 29.317 33.842 39.608 22.727 20.897 47.79 24.345 25.415 13.715 48.776 83.787 27.07 33.702 47.942 12.523 12.102 12.437 12.609 36.242 43.914 23.538 101.73 48.982 11.508 16.463 21.068 16.681 12.184 13.384 28.388 15.453 32.597 10.758 52.588 12.114 46.849 22.446 18.898 12.08 12.437 34.017 32.141 23.378 14.132
0 0 35.412 27.887 23.251 24.821 23.966 18.79 23.517 15.796 15.818 25.855 23.795 35.846 17.465 23.672 27.946 23.672 23.314 19.522 26.252 41.145 24.086 39.433 27.831 24.921 35.332 41.34 51.884 21.718 41.116 49.276 13.034 24.004 57.693 18.011 23.524 21.718 58.363 78.071 37.193 40.608 39.498 23.251 30.107 22.401 21.663 27.403 53.469 23.694 96.546 58.89 21.973 33.003 22.49 26.843 25.049 22.401 38.639 24.518 23.418 23.435 62.454 25.082 38.222 24.467 25.334 23.517 24.868 40.755 38.438 22.411 24.575
0 0 0 61.555 48.785 31.48 48.359 35.944 52.729 19.907 24.055 38.942 42.34 20.614 48.405 32.852 61.096 30.405 23.738 26.581 59.946 19.47 45.865 11.415 61.831 40.232 26.636 30.139 18.68 54.218 16.945 18.773 47.71 30.173 23.305 20.195 43.425 30.357 26.003 106.53 15.472 20.508 71.834 30.896 32.504 25.043 24.245 60.886 24.286 48.194 122.71 28.472 24.714 37.627 15.697 23.782 36.388 25.043 24.245 30.506 56.833 33.154 27.955 25.043 71.555 47.18 42.861 36.669 27.735 24.204 48.434 48.537 25.963
0 0 0 0 22.745 31.383 22.745 27.678 20.966 42.55 38.66 26.047 22.202 48.165 18.487 30.837 17.025 43.262 40.011 36.285 13.59 58.694 18.67 66.051 20.984 23.871 53.537 58.505 76.211 20.984 58.5 74.012 15.919 33.555 81.324 43.439 19.724 33.141 81.896 54.712 63.27 57.231 20.984 32.108 46.502 47.619 47.836 21.855 77.004 19.273 74.813 82.866 39.269 33.449 48.416 52.832 26.406 45.716 64.666 33.059 21.855 29.473 87.321 41.199 20.966 20.984 21.855 26.71 36.166 57.751 55.391 20.857 46.402
0 0 0 0 0 18.541 16.313 20.816 16.747 31.263 27.788 16.919 27.883 40.755 26.084 28.584 22.409 32.999 25.887 24.462 22.894 49.721 22.122 52.552 17.476 15.057 43.639 49.459 63.843 17.044 49.442 61.095 22.936 22.539 69.019 29.712 27.022 19.172 69.606 69.786 50.483 48.914 28.756 18.601 32.836 34.474 34.028 16.351 64.725 16.912 89.953 70.554 24.555 15.236 34.681 40.1 17.079 31.332 51.866 19.119 18.034 16.395 74.476 27.554 26.754 15.389 15.217 15.719 21.914 49.213 46.344 16.274 34.159
0 0 0 0 0 0 18.197 22.596 23.647 32.889 29.388 16.816 29.476 34.289 27.731 30.076 30.96 19.279 23.473 26.018 29.581 38.608 23.779 35.769 31.851 12.354 32.518 38.336 48.071 23.84 38.346 45.616 24.685 24.163 53.687 24.325 28.608 14.115 54.549 80.798 33.251 38.235 42.98 11.522 16.806 17.366 17.294 30.935 49.904 17.898 98.942 54.995 11.182 14.041 22.497 22.778 9.8449 15.457 34.69 14.481 26.708 9.9099 58.884 13.617 41.564 16.812 12.516 11.466 10.699 38.083 36.001 18.46 19.229
0 0 0 0 0 0 0 20.816 10.713 31.263 27.788 16.479 27.883 40.755 26.084 28.584 22.409 33.11 25.958 24.462 23.254 49.942 22.122 52.5 14.801 12.141 44.16 49.658 63.916 9.6043 49.547 61.396 22.936 22.539 69.086 29.864 27.022 19.034 69.698 65.924 50.091 48.412 27.059 18.568 32.916 34.115 34.33 14.388 64.832 9.636 84.9 70.602 25.063 15.236 34.841 39.616 15.8 31.851 51.5 18.89 13.63 16.043 74.781 27.613 25.712 12.486 9.4321 13.777 21.98 48.806 46.542 9.7625 34.114
0 0 0 0 0 0 0 0 19.028 16.989 15.543 21.006 11.937 35.445 15.17 19.252 28.068 22.56 13.034 11.463 26.204 40.719 12.333 39.641 28.252 19.028 35.122 41.02 52.07 20.945 41.25 49.324 13.346 10.892 57.325 18.905 11.502 19.041 57.994 77.625 37.72 40.338 40.899 20.816 29.149 21.982 21.561 26.972 53.173 17.501 95.633 58.803 19.028 32.012 21.934 27.609 19.922 19.91 39.164 19.041 23.028 19.041 62.508 19.91 39.334 19.041 19.922 20.322 22.607 40.428 38.327 18.953 22.669
0 0 0 0 0 0 0 0 0 34.359 30.639 17.497 26.266 43.064 24.414 27.069 20.757 36.535 30.84 28.024 22.471 52.33 20.447 56.881 12.077 14.998 47.407 52.367 68.067 8.8429 52.464 65.765 21.173 24.396 73.458 34.783 25.415 24.093 74.176 60.489 54.475 51.988 23.42 23.75 37.676 39.264 39.474 10.372 69.383 9.5268 79.213 74.883 30.22 16.463 39.736 43.978 18.467 37.002 55.895 24.371 13.481 21.478 79.025 32.385 21.31 15.107 12.267 18.099 26.998 51.944 49.267 10.734 37.996
0 0 0 0 0 0 0 0 0 0 18.189 23.552 22.616 29.387 28.844 20.997 42.121 30.642 20.075 17.602 40.823 30.614 26.295 24.716 42.98 29.612 30.48 30.708 37.016 35.056 30.901 35.132 28.431 20.995 42.646 17.882 23.889 29.657 43.536 90.26 21.819 30.293 53.354 31.263 37.33 30.391 29.612 42.052 38.942 28.846 107.99 43.941 29.612 38.746 14.223 29.092 30.435 30.391 29.612 29.657 37.895 29.657 47.717 30.391 52.705 29.657 30.435 30.435 32.93 30.22 28.998 29.302 31.306
0 0 0 0 0 0 0 0 0 0 0 19.484 19.487 31.066 25.75 11.708 38.326 27.043 12.019 10.063 37.68 32.964 22.434 29.171 38.787 26.165 27.022 32.918 40.743 31.203 33.043 38.691 25.305 12.352 46.058 15.779 20.333 26.215 46.777 86.257 25.736 32.665 49.712 27.788 33.7 26.926 26.165 38 42.006 26.449 103.89 47.503 26.165 35.137 13.708 25.598 26.974 26.926 27.443 26.215 34.225 26.215 51.803 26.926 48.68 26.215 26.974 26.974 29.431 32.518 30.738 25.828 27.835
0 0 0 0 0 0 0 0 0 0 0 0 19.539 33.812 18.178 19.069 25.765 22.075 20.551 17.298 25.529 38.014 19.28 43.081 26.399 16.909 31.628 37.638 54.892 17.945 37.609 52.507 19.477 18.016 60.387 26.813 18.64 16.331 61.174 76.456 40.719 37.331 38.003 17.177 24.165 24.952 24.855 25.207 56.448 17 94.857 61.759 17.13 19.66 25.827 30.293 18.392 22.453 42.163 17.26 21.5 16.557 65.775 18.955 36.671 17.052 16.874 16.825 22.256 37.446 35.416 17.074 25.962
0 0 0 0 0 0 0 0 0 0 0 0 0 38.569 14.112 11.787 21.793 29.848 20.333 17.596 22.952 45.285 8.6537 46.391 26.316 26.266 39.719 45.875 58.471 26.316 46.206 55.773 18.912 13.917 64.24 24.376 9.7212 26.316 64.878 72.25 44.119 44.842 33.503 27.883 33.735 28.442 28.331 27.071 59.986 24.892 90.88 65.464 26.266 35.139 29.304 33.731 27.071 27.023 45.566 26.316 27.071 26.316 69.074 27.023 32.28 26.316 27.071 27.071 29.521 45.12 42.849 25.923 29.711
0 0 0 0 0 0 0 0 0 0 0 0 0 0 36.592 35.121 47.428 26.329 30.293 32.059 46.646 27.069 40.163 19.471 48.047 37.942 26.471 26.838 31.992 43.477 27.016 30.189 40.768 35.077 37.348 28.947 38.879 33.804 38.113 93.993 22.923 26.664 58.676 33.508 32.901 26.51 27.562 47.444 33.397 41.071 110.38 38.767 31.944 36.558 27.414 25.48 36.462 28.288 25.625 33.961 44.901 34.522 41.83 30.408 57.988 40.539 40.275 36.043 32.697 26.75 34.501 41.163 27.271
0 0 0 0 0 0 0 0 0 0 0 0 0 0 0 17.097 17.542 27.833 26.772 23.172 16.358 42.56 13.949 52.591 24.458 24.414 36.668 42.201 62.966 24.458 42.163 61.078 9.5173 20.204 67.91 30.665 13.532 24.458 68.416 66.907 50.179 41.898 27.162 26.084 33.608 34.299 34.444 25.247 63.824 23.273 86.305 69.507 25.106 34.297 35.523 39.72 25.247 31.813 51.62 24.458 25.247 24.458 74.147 28.352 27.166 24.458 25.247 25.247 27.769 42.006 39.941 24.124 33.615
0 0 0 0 0 0 0 0 0 0 0 0 0 0 0 0 31.425 27.264 16.056 13.468 29.514 39.075 17.436 36.721 30.707 27.069 33.221 39.101 49.276 27.13 39.228 46.609 18.61 15.764 54.994 24.119 13.332 27.13 55.781 79.419 34.633 38.751 42.088 28.584 33.489 27.762 27.069 30.627 50.864 26.495 97.013 56.246 27.069 34.416 20.757 26.352 27.822 27.762 36.08 27.13 27.822 27.13 59.973 27.762 41.031 27.13 27.822 27.822 30.131 38.669 36.668 26.645 28.643
0 0 0 0 0 0 0 0 0 0 0 0 0 0 0 0 0 43.106 40.831 35.851 21.291 58.836 17.491 65.294 20.803 22.701 53.238 58.186 76.329 20.803 58.505 73.67 16.981 34.608 81.655 43 21.338 33.946 82.038 54.868 62.869 57.106 20.803 32.061 46.06 47.185 47.402 21.58 77.069 19.335 75.073 83.276 38.85 32.389 47.977 52.397 25.714 45.29 64.309 33.268 21.58 29.501 87.04 40.757 20.757 20.803 21.58 26.443 37.129 57.424 55.156 20.448 46.233
0 0 0 0 0 0 0 0 0 0 0 0 0 0 0 0 0 0 22.661 24.326 42.312 25.534 30.52 35.486 43.7 26.51 15.98 22.334 42.364 38.527 23.02 39.423 32.754 22.021 44.659 24.119 29.22 18.581 46.475 81.246 31.937 26.459 52.077 18.998 18.646 21.53 21.698 43.187 43.224 32.915 94.878 46.418 14.055 24.191 22.011 23.801 23.643 20.084 33.2 18.89 39.843 20.833 51.567 15.372 51.314 31.968 28.721 23.111 18.636 22.477 30.58 32.852 16.307
0 0 0 0 0 0 0 0 0 0 0 0 0 0 0 0 0 0 0 11.534 38.609 32.443 23.851 27.299 40.149 19.898 26.177 32.757 39.985 32.722 32.823 37.72 25.186 12.852 45.505 23.348 21.158 19.909 46.187 89.07 25.425 32.073 51.769 21.689 30.072 20.783 19.898 39.387 41.385 26.039 106.7 46.983 19.898 32.938 20.047 19.81 20.794 20.783 26.529 19.909 35.389 19.909 50.096 20.783 50.668 24.745 21.806 20.794 23.482 32.143 30.595 25.983 21.7
0 0 0 0 0 0 0 0 0 0 0 0 0 0 0 0 0 0 0 0 34.696 35.133 20.513 30.706 36.799 22.887 28.887 34.744 43.411 29.369 34.722 41.129 22.038 10.928 48.887 20.784 18.496 22.943 49.682 85.034 28.329 34.618 48.056 24.462 31.653 23.617 22.887 35.734 44.975 23.12 102.92 50.262 22.887 34.245 17.191 22.249 23.671 23.617 29.921 22.943 31.67 22.943 53.834 23.617 46.665 22.943 23.671 23.671 26.066 34.555 32.807 22.937 24.514
0 0 0 0 0 0 0 0 0 0 0 0 0 0 0 0 0 0 0 0 0 57.227 23.348 64.356 21.15 24.172 52.775 57.243 74.893 21.15 57.322 72.523 14.472 32.185 80.323 41.98 22.803 31.727 80.854 55.895 61.699 56.362 23.693 30.597 45.114 46.002 46.221 22.852 75.902 22.666 76.077 81.732 37.385 33.243 46.945 51.198 24.805 43.937 63.125 31.813 22.01 27.851 85.813 39.831 24.564 24.007 24.542 25.174 34.778 56.837 54.14 21.639 44.757
0 0 0 0 0 0 0 0 0 0 0 0 0 0 0 0 0 0 0 0 0 0 47.275 17.286 58.129 44.29 22.054 25.389 21.849 53.547 15.966 20.95 48.596 37.355 26.337 30.488 46.635 37.238 26.796 100.54 16.087 20.914 65.827 38.274 30.7 26.398 27.511 57.346 22.727 49.57 116.9 28.02 34.056 42.201 26.843 23.862 41.31 29.178 21.17 37.942 55.109 39.053 33.081 31.331 65.038 48.347 45.874 42.089 35.686 21.128 45.602 50.044 24.849
0 0 0 0 0 0 0 0 0 0 0 0 0 0 0 0 0 0 0 0 0 0 0 49.776 20.489 20.447 42.201 47.504 61.206 20.489 47.688 58.695 17.714 17.318 66.776 27.316 8.8437 20.489 67.596 68.816 47.647 46.9 29.953 22.122 30.302 32.145 31.332 21.282 62.747 18.983 87.544 68.113 22.044 33.206 32.287 37.335 21.282 28.729 49.094 20.489 21.282 20.489 72.027 24.996 28.772 20.489 21.282 21.282 23.815 46.963 45.009 20.163 31.517
0 0 0 0 0 0 0 0 0 0 0 0 0 0 0 0 0 0 0 0 0 0 0 0 65.939 44.425 31.726 35.073 14.766 58.317 22.658 16.75 51.722 33.854 20.408 23.873 47.407 34.5 23.158 111.26 21.568 25.352 76.32 34.444 29.719 21.557 20.727 65.339 20.76 52.397 127.5 25.061 28.727 41.562 20.233 23.903 40.309 23.163 22.632 34.729 61.311 37.387 23.81 25.063 75.882 51.351 47.207 40.198 31.406 26.443 52.397 52.441 23.79
0 0 0 0 0 0 0 0 0 0 0 0 0 0 0 0 0 0 0 0 0 0 0 0 0 23.601 53.459 58.006 76.728 10.855 58.19 74.112 21.197 33.597 81.776 43.721 25.466 33.377 82.308 53.475 63.608 57.44 14.024 32.549 46.667 48.103 48.316 12.608 77.396 14.917 73.585 83.349 39.054 25.714 48.688 53.168 28.085 45.831 65.04 33.047 12.049 30.101 87.474 41.367 11.563 17.457 21.337 27.667 36.268 57.442 54.927 15.937 46.609
0 0 0 0 0 0 0 0 0 0 0 0 0 0 0 0 0 0 0 0 0 0 0 0 0 0 38.72 44.376 56.391 15.224 44.564 53.8 21.173 20.897 62.032 25.352 25.415 15.022 62.784 73.972 42.006 43.418 35.279 13.799 25.516 26.161 25.842 22.984 57.86 10.755 92.554 63.33 17.049 16.463 26.998 31.554 9.0611 23.203 43.448 16.091 19.428 8.4795 67.151 20.424 34.038 13.034 11.583 11.169 15.914 43.655 41.349 13.666 27.109
0 0 0 0 0 0 0 0 0 0 0 0 0 0 0 0 0 0 0 0 0 0 0 0 0 0 0 10.773 38.62 48.332 19.672 36.142 43.412 31.447 41.713 26.063 40.817 31.396 43.2 85.955 28.162 26.28 60.858 31.947 21.278 19.88 20.984 52.811 39.898 44.204 98.424 43.422 27.608 36.636 22.555 18.904 35.687 22.914 29.423 31.839 50.149 33.355 48.448 25.103 60.306 43.086 40.941 35.941 30.19 13.664 32.903 44.269 17.033
0 0 0 0 0 0 0 0 0 0 0 0 0 0 0 0 0 0 0 0 0 0 0 0 0 0 0 0 42.363 53.506 23.536 39.09 49.132 37.473 44.255 29.946 46.225 37.691 46.118 87.824 31.772 25.816 65.32 37.609 28.07 26.689 27.781 57.488 42.615 49.387 98.837 46.2 33.777 42.3 26.838 23.351 41.417 29.484 33.11 37.669 55.146 39.376 51.85 31.665 64.221 48.486 45.948 41.45 35.301 11.977 30.02 49.757 24.08
0 0 0 0 0 0 0 0 0 0 0 0 0 0 0 0 0 0 0 0 0 0 0 0 0 0 0 0 0 69.667 24.29 17.5 63.332 46.567 14.81 36.64 59.362 46.719 24.428 119.29 23.443 33.523 86.365 47.11 33.023 31.259 32.696 75.691 20.63 64.064 135.26 24.956 41.533 53.909 31.992 26.876 52.545 35.497 24.164 47.053 72.09 49.51 24.63 38.346 85.601 62.574 58.869 52.686 44.316 33.704 64.147 64.066 30.232
0 0 0 0 0 0 0 0 0 0 0 0 0 0 0 0 0 0 0 0 0 0 0 0 0 0 0 0 0 0 53.569 66.944 21.197 26.135 74.949 36.175 25.466 26.144 75.471 61.555 55.996 52.801 21.103 25.556 39.085 40.449 40.672 9.9608 70.554 9.9454 80.883 76.533 31.262 18.548 41.133 45.566 19.91 37.997 57.44 26.163 11.493 22.668 80.323 33.79 20.038 11.375 12.593 20.02 28.84 53.131 50.4 10.984 39.631
0 0 0 0 0 0 0 0 0 0 0 0 0 0 0 0 0 0 0 0 0 0 0 0 0 0 0 0 0 0 0 21.448 49.433 37.387 29.069 29.887 46.311 37.57 29.16 98.093 15.543 26.36 65.519 37.415 27.944 26.876 27.961 57.702 24.84 49.402 114.51 30.395 33.804 42.447 27.016 22.994 41.569 29.277 18.777 37.681 55.346 39.62 34.537 31.48 64.462 48.631 46.074 41.301 35.277 18.746 43.619 49.658 24.226
0 0 0 0 0 0 0 0 0 0 0 0 0 0 0 0 0 0 0 0 0 0 0 0 0 0 0 0 0 0 0 0 60.729 44.093 18.248 34.569 56.577 44.81 23.161 117.14 19.266 30.709 84.114 44.231 30.948 29.81 30.956 73.507 21.449 61.696 132.8 25.627 40.107 51.149 29.937 25.053 49.992 35.197 21.406 45.173 69.847 47.333 21.449 36.112 83.188 60.339 56.439 49.762 41.784 31.388 61.345 61.317 27.845
0 0 0 0 0 0 0 0 0 0 0 0 0 0 0 0 0 0 0 0 0 0 0 0 0 0 0 0 0 0 0 0 0 18.675 68.596 29.097 17.273 21.197 69.253 67.531 49.441 48.16 27.852 22.936 32.143 33.363 33.578 22.054 64.418 19.524 86.679 70.074 24.396 33.195 34.074 38.968 22.054 31.183 50.849 21.197 22.054 21.197 74.114 26.84 27.295 21.197 22.054 22.054 24.704 48.412 46.093 21.024 33.482
0 0 0 0 0 0 0 0 0 0 0 0 0 0 0 0 0 0 0 0 0 0 0 0 0 0 0 0 0 0 0 0 0 0 52.148 24.462 14.275 20.945 52.794 82.485 31.948 36.61 45.206 22.539 29.381 21.67 20.897 32.964 47.96 19.493 100.14 53.612 20.897 32.425 21.369 21.933 21.715 21.67 33.391 20.945 28.958 20.945 56.948 21.67 44.082 20.945 21.715 21.715 24.203 36.784 35.056 20.578 22.583
0 0 0 0 0 0 0 0 0 0 0 0 0 0 0 0 0 0 0 0 0 0 0 0 0 0 0 0 0 0 0 0 0 0 0 41.977 64.589 52.218 28.181 123.4 20.836 37.19 91.676 52.723 39.155 36.779 38.787 80.968 26.583 69.517 138.27 30.439 47.164 59.622 37.331 32.143 58.254 40.83 26.524 52.833 77.423 54.915 26.583 44.093 90.672 67.927 64.385 57.894 50.219 37.689 69.464 69.8 35.746
0 0 0 0 0 0 0 0 0 0 0 0 0 0 0 0 0 0 0 0 0 0 0 0 0 0 0 0 0 0 0 0 0 0 0 0 25.169 19.524 42.719 90.74 23.153 30.299 54.454 21.795 28.873 20.345 20.691 42.826 37.972 30.011 107.63 43.41 22.411 31.364 15.999 25.604 25.956 21.602 24.532 24.922 38.881 23.789 46.653 25.914 53.571 28.619 25.83 23.551 24.265 29.84 30.011 29.924 25.163
0 0 0 0 0 0 0 0 0 0 0 0 0 0 0 0 0 0 0 0 0 0 0 0 0 0 0 0 0 0 0 0 0 0 0 0 0 25.466 65.18 70.489 45.206 45.301 31.374 27.022 32.827 29.619 29.619 26.215 60.304 24.058 89.328 66.124 25.415 34.237 30.123 34.855 26.215 26.606 46.653 25.466 26.215 25.466 69.961 26.166 30.341 25.466 26.215 26.215 28.653 45.524 43.496 25.063 29.941
0 0 0 0 0 0 0 0 0 0 0 0 0 0 0 0 0 0 0 0 0 0 0 0 0 0 0 0 0 0 0 0 0 0 0 0 0 0 53.019 82.489 32.103 36.832 45.348 13.083 14.68 16.028 16.874 32.504 48.314 19.226 100.26 53.585 12.377 16.542 18.903 21.606 14.113 13.716 33.524 15.212 28.511 13.26 57.47 16.376 44.085 17.873 14.514 13.523 13.624 37.005 35.133 19.091 18.892
0 0 0 0 0 0 0 0 0 0 0 0 0 0 0 0 0 0 0 0 0 0 0 0 0 0 0 0 0 0 0 0 0 0 0 0 0 0 0 124.08 23.778 37.713 92.34 53.277 39.922 37.627 39.977 81.622 11.92 70.272 139.78 8.4978 47.989 60.159 38.053 32.888 58.869 41.867 20.84 53.665 78.108 55.662 19.251 44.731 91.107 68.63 65.178 58.536 51.088 38.438 70.005 70.712 36.636
0 0 0 0 0 0 0 0 0 0 0 0 0 0 0 0 0 0 0 0 0 0 0 0 0 0 0 0 0 0 0 0 0 0 0 0 0 0 0 0 108.22 88.21 42.553 81.687 93.562 95.166 95.378 55.22 120.4 65.608 26.752 125.17 87.097 74.897 95.693 97.851 76.076 93.469 109.6 84.431 58.208 79.292 130.13 88.335 43.786 70.437 71.271 77.07 85.192 88.205 84.839 65.113 89.712
0 0 0 0 0 0 0 0 0 0 0 0 0 0 0 0 0 0 0 0 0 0 0 0 0 0 0 0 0 0 0 0 0 0 0 0 0 0 0 0 0 26.027 73.576 32.607 31.633 22.819 22.006 62.62 22.044 49.952 124.38 26.388 26.627 39.409 19.895 21.752 38.128 22.819 22.006 32.281 58.578 34.896 26.584 24.204 73.236 48.917 44.625 38.438 29.608 22.951 50.215 50.318 23.743
0 0 0 0 0 0 0 0 0 0 0 0 0 0 0 0 0 0 0 0 0 0 0 0 0 0 0 0 0 0 0 0 0 0 0 0 0 0 0 0 0 0 64.784 37 32.489 26.05 27.163 56.837 34.172 48.841 103.55 39.136 33.804 41.858 26.553 26.376 40.967 28.775 26.081 37.681 54.44 38.669 43.63 30.96 63.755 47.989 45.531 40.91 35.453 24.122 37.073 48.606 26.511
0 0 0 0 0 0 0 0 0 0 0 0 0 0 0 0 0 0 0 0 0 0 0 0 0 0 0 0 0 0 0 0 0 0 0 0 0 0 0 0 0 0 0 44.856 57.57 58.739 58.744 16.02 87.501 26.628 63.19 93.14 49.891 37.814 59.426 63.083 37.265 56.464 74.993 44.918 19.692 42.451 97.358 52.265 11.782 29.946 32.852 39.297 47.913 64.722 62.246 27.515 56.291
0 0 0 0 0 0 0 0 0 0 0 0 0 0 0 0 0 0 0 0 0 0 0 0 0 0 0 0 0 0 0 0 0 0 0 0 0 0 0 0 0 0 0 0 15.281 17.331 15.77 31.53 48.385 18.856 99.653 54.171 12.169 15.236 20.7 22.192 10.941 16.93 34.003 16.096 27.521 9.6782 57.338 12.884 43.363 17.287 14.177 12.38 11.565 37.297 35.133 18.944 18.795
0 0 0 0 0 0 0 0 0 0 0 0 0 0 0 0 0 0 0 0 0 0 0 0 0 0 0 0 0 0 0 0 0 0 0 0 0 0 0 0 0 0 0 0 0 11.788 11.943 45.857 35.022 32.98 110.05 40.091 11.943 22.237 29.471 11.252 20.503 11.698 20.372 16.355 41.98 17.5 43.082 11.143 56.556 31.702 28.399 20.391 13.788 27.517 32.98 32.936 14.807
0 0 0 0 0 0 0 0 0 0 0 0 0 0 0 0 0 0 0 0 0 0 0 0 0 0 0 0 0 0 0 0 0 0 0 0 0 0 0 0 0 0 0 0 0 0 13.391 47.067 32.999 34.403 112.34 38.124 12.35 23.973 19.798 12.371 22.043 12.503 20.038 16.5 42.999 18.814 41.866 12.174 57.872 32.83 28.622 22.51 15.021 26.072 34.508 34.684 12.501
0 0 0 0 0 0 0 0 0 0 0 0 0 0 0 0 0 0 0 0 0 0 0 0 0 0 0 0 0 0 0 0 0 0 0 0 0 0 0 0 0 0 0 0 0 0 0 47.283 35.769 34.556 112.54 39.764 12.455 24.079 18.901 11.586 21.697 10.663 21.178 16.95 43.216 18.887 42.869 13.87 58.087 33.032 28.61 21.589 14.224 27.18 34.615 34.461 13.696
0 0 0 0 0 0 0 0 0 0 0 0 0 0 0 0 0 0 0 0 0 0 0 0 0 0 0 0 0 0 0 0 0 0 0 0 0 0 0 0 0 0 0 0 0 0 0 0 76.779 14.824 75.342 82.445 38.781 24.952 47.803 52.141 25.587 45.24 64.03 32.588 13.197 28.948 86.716 40.552 13.549 16.611 20.304 25.923 35.556 56.88 54.418 15.482 45.666
0 0 0 0 0 0 0 0 0 0 0 0 0 0 0 0 0 0 0 0 0 0 0 0 0 0 0 0 0 0 0 0 0 0 0 0 0 0 0 0 0 0 0 0 0 0 0 0 0 65.512 136.17 10.564 43.314 55.255 33.297 28.165 54.011 37.469 17.577 48.99 73.289 50.905 18.778 39.898 86.153 63.829 60.455 53.696 46.156 35.021 65.098 65.964 32.059
0 0 0 0 0 0 0 0 0 0 0 0 0 0 0 0 0 0 0 0 0 0 0 0 0 0 0 0 0 0 0 0 0 0 0 0 0 0 0 0 0 0 0 0 0 0 0 0 0 0 84.854 70.913 24.841 18.081 34.98 39.45 15.216 31.628 51.381 19.094 13.593 16.51 74.981 27.676 25.498 14.434 10.03 14.702 22.045 49.094 46.422 9.2412 33.925
0 0 0 0 0 0 0 0 0 0 0 0 0 0 0 0 0 0 0 0 0 0 0 0 0 0 0 0 0 0 0 0 0 0 0 0 0 0 0 0 0 0 0 0 0 0 0 0 0 0 0 140.08 104.7 93.833 112.32 114.72 94.835 111.16 125.74 103.45 77.55 97.316 145.27 105.66 64.641 90.109 89.761 95.252 102.84 102.47 95.707 83.438 107.39
0 0 0 0 0 0 0 0 0 0 0 0 0 0 0 0 0 0 0 0 0 0 0 0 0 0 0 0 0 0 0 0 0 0 0 0 0 0 0 0 0 0 0 0 0 0 0 0 0 0 0 0 48.514 60.9 38.787 33.591 59.565 41.978 20.725 54.021 78.875 56.326 12.53 45.411 92.313 69.367 65.748 59.392 51.35 39.282 71.036 71.046 37.053
0 0 0 0 0 0 0 0 0 0 0 0 0 0 0 0 0 0 0 0 0 0 0 0 0 0 0 0 0 0 0 0 0 0 0 0 0 0 0 0 0 0 0 0 0 0 0 0 0 0 0 0 0 16.463 19.279 16.248 13.861 9.2567 27.942 16.105 34.585 10.435 52.145 9.0739 49.068 23.889 19.11 13.77 12.48 33.52 31.739 25.063 14.325
0 0 0 0 0 0 0 0 0 0 0 0 0 0 0 0 0 0 0 0 0 0 0 0 0 0 0 0 0 0 0 0 0 0 0 0 0 0 0 0 0 0 0 0 0 0 0 0 0 0 0 0 0 0 32.574 29.109 15.836 21.107 40.856 16.542 20.948 16.542 64.529 16.95 36.462 16.542 15.836 15.836 14.132 41.83 39.543 15.925 24.965
0 0 0 0 0 0 0 0 0 0 0 0 0 0 0 0 0 0 0 0 0 0 0 0 0 0 0 0 0 0 0 0 0 0 0 0 0 0 0 0 0 0 0 0 0 0 0 0 0 0 0 0 0 0 0 22.631 22.45 19.798 21.159 21.694 43.855 20.462 41.783 22.605 58.545 33.595 29.841 22.201 22.499 26.398 34.98 34.899 21.718
0 0 0 0 0 0 0 0 0 0 0 0 0 0 0 0 0 0 0 0 0 0 0 0 0 0 0 0 0 0 0 0 0 0 0 0 0 0 0 0 0 0 0 0 0 0 0 0 0 0 0 0 0 0 0 0 27.639 12.642 19.007 21.837 48.082 24.404 36.809 14.131 62.9 38.432 34.129 28.137 19.54 22.778 39.864 40.004 13.155
0 0 0 0 0 0 0 0 0 0 0 0 0 0 0 0 0 0 0 0 0 0 0 0 0 0 0 0 0 0 0 0 0 0 0 0 0 0 0 0 0 0 0 0 0 0 0 0 0 0 0 0 0 0 0 0 0 20.774 39.545 15.052 22.067 9.1395 63.052 16.883 36.779 14.402 11.276 16.945 14.069 40.941 38.769 15.8 23.535
0 0 0 0 0 0 0 0 0 0 0 0 0 0 0 0 0 0 0 0 0 0 0 0 0 0 0 0 0 0 0 0 0 0 0 0 0 0 0 0 0 0 0 0 0 0 0 0 0 0 0 0 0 0 0 0 0 0 22.86 15.228 41.05 16.403 45.411 13.628 55.739 30.665 25.852 20.078 13.906 28.826 31.727 31.851 12.39
0 0 0 0 0 0 0 0 0 0 0 0 0 0 0 0 0 0 0 0 0 0 0 0 0 0 0 0 0 0 0 0 0 0 0 0 0 0 0 0 0 0 0 0 0 0 0 0 0 0 0 0 0 0 0 0 0 0 0 33.724 59.998 36.315 24.444 24.884 74.605 50.331 46.058 39.876 30.95 24.244 51.662 51.765 20.671
0 0 0 0 0 0 0 0 0 0 0 0 0 0 0 0 0 0 0 0 0 0 0 0 0 0 0 0 0 0 0 0 0 0 0 0 0 0 0 0 0 0 0 0 0 0 0 0 0 0 0 0 0 0 0 0 0 0 0 0 28.607 14.405 57.762 14.1 44.192 17.832 15.058 15.243 12.617 37.415 35.445 20.986 18.231
0 0 0 0 0 0 0 0 0 0 0 0 0 0 0 0 0 0 0 0 0 0 0 0 0 0 0 0 0 0 0 0 0 0 0 0 0 0 0 0 0 0 0 0 0 0 0 0 0 0 0 0 0 0 0 0 0 0 0 0 0 24.842 83.082 36.685 17.508 17.089 16.521 22.094 31.554 54.565 52.072 12.582 42.018
0 0 0 0 0 0 0 0 0 0 0 0 0 0 0 0 0 0 0 0 0 0 0 0 0 0 0 0 0 0 0 0 0 0 0 0 0 0 0 0 0 0 0 0 0 0 0 0 0 0 0 0 0 0 0 0 0 0 0 0 0 0 60.121 12.372 40.865 14.707 11.481 11.28 9.9806 38.769 36.794 16.321 20.433
0 0 0 0 0 0 0 0 0 0 0 0 0 0 0 0 0 0 0 0 0 0 0 0 0 0 0 0 0 0 0 0 0 0 0 0 0 0 0 0 0 0 0 0 0 0 0 0 0 0 0 0 0 0 0 0 0 0 0 0 0 0 0 48.545 96.497 73.566 69.744 63.064 54.773 44.027 74.73 74.697 41.069
0 0 0 0 0 0 0 0 0 0 0 0 0 0 0 0 0 0 0 0 0 0 0 0 0 0 0 0 0 0 0 0 0 0 0 0 0 0 0 0 0 0 0 0 0 0 0 0 0 0 0 0 0 0 0 0 0 0 0 0 0 0 0 0 51.251 26.406 23.429 15.14 11.133 31.037 29.607 27.63 13.365
0 0 0 0 0 0 0 0 0 0 0 0 0 0 0 0 0 0 0 0 0 0 0 0 0 0 0 0 0 0 0 0 0 0 0 0 0 0 0 0 0 0 0 0 0 0 0 0 0 0 0 0 0 0 0 0 0 0 0 0 0 0 0 0 0 28.189 31.482 37.832 46.788 63.618 61.149 25.827 55.456
0 0 0 0 0 0 0 0 0 0 0 0 0 0 0 0 0 0 0 0 0 0 0 0 0 0 0 0 0 0 0 0 0 0 0 0 0 0 0 0 0 0 0 0 0 0 0 0 0 0 0 0 0 0 0 0 0 0 0 0 0 0 0 0 0 0 13.025 13.173 20.671 47.999 45.396 13.444 32.825
0 0 0 0 0 0 0 0 0 0 0 0 0 0 0 0 0 0 0 0 0 0 0 0 0 0 0 0 0 0 0 0 0 0 0 0 0 0 0 0 0 0 0 0 0 0 0 0 0 0 0 0 0 0 0 0 0 0 0 0 0 0 0 0 0 0 0 11.28 17.242 45.497 42.886 11.975 29.22
0 0 0 0 0 0 0 0 0 0 0 0 0 0 0 0 0 0 0 0 0 0 0 0 0 0 0 0 0 0 0 0 0 0 0 0 0 0 0 0 0 0 0 0 0 0 0 0 0 0 0 0 0 0 0 0 0 0 0 0 0 0 0 0 0 0 0 0 15.452 41.339 38.942 15.376 23.463
0 0 0 0 0 0 0 0 0 0 0 0 0 0 0 0 0 0 0 0 0 0 0 0 0 0 0 0 0 0 0 0 0 0 0 0 0 0 0 0 0 0 0 0 0 0 0 0 0 0 0 0 0 0 0 0 0 0 0 0 0 0 0 0 0 0 0 0 0 35.111 33.693 21.98 16.438
0 0 0 0 0 0 0 0 0 0 0 0 0 0 0 0 0 0 0 0 0 0 0 0 0 0 0 0 0 0 0 0 0 0 0 0 0 0 0 0 0 0 0 0 0 0 0 0 0 0 0 0 0 0 0 0 0 0 0 0 0 0 0 0 0 0 0 0 0 0 36.38 48.95 24.511
0 0 0 0 0 0 0 0 0 0 0 0 0 0 0 0 0 0 0 0 0 0 0 0 0 0 0 0 0 0 0 0 0 0 0 0 0 0 0 0 0 0 0 0 0 0 0 0 0 0 0 0 0 0 0 0 0 0 0 0 0 0 0 0 0 0 0 0 0 0 0 46.719 34.444
0 0 0 0 0 0 0 0 0 0 0 0 0 0 0 0 0 0 0 0 0 0 0 0 0 0 0 0 0 0 0 0 0 0 0 0 0 0 0 0 0 0 0 0 0 0 0 0 0 0 0 0 0 0 0 0 0 0 0 0 0 0 0 0 0 0 0 0 0 0 0 0 34.144
0 0 0 0 0 0 0 0 0 0 0 0 0 0 0 0 0 0 0 0 0 0 0 0 0 0 0 0 0 0 0 0 0 0 0 0 0 0 0 0 0 0 0 0 0 0 0 0 0 0 0 0 0 0 0 0 0 0 0 0 0 0 0 0 0 0 0 0 0 0 0 0 0
