0 8.9025 25.232 8.3632 22.129 20.832 25.142 10.187 9.2516 24.8 25.352 10.785 13.018 24.575 24.327 7.4148 22.511 12.776 10.593 8.6212 8.7686 8.0153 6.4921 20.872 24.778 25.141 25.469 12.97 22.193 20.832 21.319 24.365 24.177 26.326 21.704 25.142
0 0 27.776 8.0894 23.938 23.728 27.912 11.587 5.6058 27.712 27.942 6.447 10.899 27.528 27.141 8.6792 24.132 11.132 10.427 10.211 7.904 8.3072 8.6863 23.892 27.454 27.711 28.084 17.378 24.763 23.728 23.892 27.395 27.029 29.033 24.413 27.912
0 0 0 21.638 8.3692 7.9289 6.7867 30.368 30.518 7.4943 9.1285 23.529 23.953 13.369 8.0747 30.709 11.9 24.296 20.725 23.967 24.956 30.312 22.738 9.1285 8.4518 11.2 9.4222 18.992 9.2597 6.528 7.0546 6.1718 8.5251 7.6593 12.383 7.6781
0 0 0 0 20.76 17.23 21.769 10.87 9.7292 21.638 21.732 12.754 7.7352 20.984 20.853 9.7348 18.919 11.097 11.485 8.8499 9.9035 10.419 8.5541 18.78 21.175 21.44 21.881 13.14 20.34 18.429 19.361 21.042 21.121 22.729 18.1 21.769
0 0 0 0 0 13.978 7.4005 27.871 25.574 13.34 13.564 21.939 21.807 12.55 7.5966 25.605 13.869 22.35 20.937 21.475 22.146 24.741 21.657 11.471 14.03 8.2816 14.773 19.689 8.987 7.7109 10.038 8.9589 14.193 9.8836 13.265 12.73
0 0 0 0 0 0 8.308 25.474 25.315 7.388 7.236 20.011 20.184 13.436 12.681 24.648 10.187 20.14 16.507 18.657 21.025 24.416 17.81 11.557 7.7339 11.2 7.6844 21.069 13.445 10.567 7.6263 7.4587 6.1703 7.4199 12.004 7.6378
0 0 0 0 0 0 0 30.609 30.753 7.7927 7.292 24.01 23.815 12.241 7.0407 30.678 11.869 24.227 20.84 23.588 24.956 30.417 22.878 8.6821 7.2517 9.9221 9.2562 19.353 9.4759 6.536 7.1016 7.6846 7.553 8.6194 9.4482 7.2328
0 0 0 0 0 0 0 0 12.606 30.368 30.684 14.137 16.27 29.498 29.479 9.7159 25.883 15.266 11.481 11.395 11.689 10.614 11.733 26.223 29.908 30.253 30.82 12.742 27.556 25.913 26.735 30.013 29.403 30.915 26.391 30.609
0 0 0 0 0 0 0 0 0 30.518 30.82 8.2258 10.101 29.131 29.522 10.33 25.821 8.9911 10.819 10.33 8.1202 9.9469 9.5748 25.648 29.977 30.343 30.957 17.378 27.248 25.315 26.221 30.168 29.347 30.663 26.021 30.753
0 0 0 0 0 0 0 0 0 0 7.1704 23.511 23.746 8.6651 11.14 30.709 9.1075 23.947 20.577 23.217 24.956 30.312 22.738 10.38 6.621 8.6442 10.282 20.189 12.023 9.9677 7.2389 8.8409 7.388 7.6183 11.45 8.7331
0 0 0 0 0 0 0 0 0 0 0 23.923 24.149 11.198 11.788 30.425 11.917 24.342 20.866 23.839 24.754 30.328 22.85 10.073 8.3978 9.6362 6.9607 20.938 10.632 9.3945 7.8446 7.2184 9.5738 6.9609 10.327 7.1936
0 0 0 0 0 0 0 0 0 0 0 0 10.899 23.779 22.78 11.278 21.605 7.6972 12.147 11.233 9.104 10.785 10.034 20.137 23.151 23.452 24.087 18.216 21.68 20.011 20.805 22.943 22.905 25.516 20.873 24.01
0 0 0 0 0 0 0 0 0 0 0 0 0 23.61 23.573 13.691 21.857 9.7739 13.213 13.691 9.3268 13.226 10.668 21.325 23.891 24.066 24.085 20.367 23.286 21.403 22.074 23.384 23.829 25.204 20.708 23.815
0 0 0 0 0 0 0 0 0 0 0 0 0 0 11.679 28.833 11.855 23.931 20.299 22.917 24.811 29.162 22.066 10.166 12.392 11.047 8.8182 19.915 9.9696 9.0898 8.4346 12.324 9.0358 7.5821 12.399 7.7497
0 0 0 0 0 0 0 0 0 0 0 0 0 0 0 29.074 11.644 23.734 20.119 23.348 23.885 29.281 21.975 8.2265 12.019 11.584 11.688 18.161 9.2597 8.4496 10.19 8.5319 12.395 8.5842 12.775 10.901
0 0 0 0 0 0 0 0 0 0 0 0 0 0 0 0 25.071 13.26 11.024 9.4878 10.242 7.8315 10.857 25.6 29.483 29.814 30.768 12.244 27.4 25.295 26.161 30.243 29.066 30.132 25.587 30.678
0 0 0 0 0 0 0 0 0 0 0 0 0 0 0 0 0 21.62 16.943 19.908 22.519 24.96 18.921 9.9507 10.918 10.387 7.6103 21.12 10.045 11.394 10.387 9.9576 10.187 9.8888 12.748 8.8952
0 0 0 0 0 0 0 0 0 0 0 0 0 0 0 0 0 0 15.423 12.045 9.7663 12.364 13.903 20.399 24.01 24.238 24.472 21.822 21.938 20.14 20.95 23.6 24.06 25.651 20.988 24.227
0 0 0 0 0 0 0 0 0 0 0 0 0 0 0 0 0 0 0 7.4663 8.8525 11.198 7.9202 18.245 20.416 20.662 21.006 7.5409 19.887 17.876 18.854 19.953 20.455 20.14 16.579 20.84
0 0 0 0 0 0 0 0 0 0 0 0 0 0 0 0 0 0 0 0 9.0367 9.0279 9.0098 19.743 23.733 23.919 23.95 12.154 21.155 19.432 20.263 22.759 23.178 24.162 19.473 23.588
0 0 0 0 0 0 0 0 0 0 0 0 0 0 0 0 0 0 0 0 0 11.146 6.8227 21.202 23.915 24.228 25.044 13.418 22.246 21.025 21.878 24.818 23.982 26.536 21.876 24.956
0 0 0 0 0 0 0 0 0 0 0 0 0 0 0 0 0 0 0 0 0 0 9.9572 25.529 29.639 29.93 30.498 12.4 27.208 25.306 26.075 30.075 29.433 30.21 25.843 30.417
0 0 0 0 0 0 0 0 0 0 0 0 0 0 0 0 0 0 0 0 0 0 0 19.728 22.297 22.562 22.998 12.634 21.414 19.327 20.385 22.481 22.239 23.004 18.33 22.878
0 0 0 0 0 0 0 0 0 0 0 0 0 0 0 0 0 0 0 0 0 0 0 0 8.9382 10.39 9.9902 16.794 6.3183 10.394 7.5769 9.5339 9.4362 7.6734 13.693 8.1816
0 0 0 0 0 0 0 0 0 0 0 0 0 0 0 0 0 0 0 0 0 0 0 0 0 9.5193 7.5387 21.388 9.3341 10.207 7.9329 8.8054 6.5878 7.7343 12.968 6.6532
0 0 0 0 0 0 0 0 0 0 0 0 0 0 0 0 0 0 0 0 0 0 0 0 0 0 11.284 18.845 9.9672 8.5213 8.57 8.5213 11.435 10.15 10.227 8.3995
0 0 0 0 0 0 0 0 0 0 0 0 0 0 0 0 0 0 0 0 0 0 0 0 0 0 0 21.555 9.6005 9.9768 7.5155 8.5357 7.6393 9.3144 12.581 9.0209
0 0 0 0 0 0 0 0 0 0 0 0 0 0 0 0 0 0 0 0 0 0 0 0 0 0 0 0 17.137 16.539 17.045 18.551 21.453 19.015 19.068 20.188
0 0 0 0 0 0 0 0 0 0 0 0 0 0 0 0 0 0 0 0 0 0 0 0 0 0 0 0 0 11.132 8.6834 11.948 9.6005 9.9672 15.168 10.742
0 0 0 0 0 0 0 0 0 0 0 0 0 0 0 0 0 0 0 0 0 0 0 0 0 0 0 0 0 0 9.1151 10.056 9.7502 7.6237 11.249 9.2505
0 0 0 0 0 0 0 0 0 0 0 0 0 0 0 0 0 0 0 0 0 0 0 0 0 0 0 0 0 0 0 6.7169 7.261 10.282 12.12 7.1016
0 0 0 0 0 0 0 0 0 0 0 0 0 0 0 0 0 0 0 0 0 0 0 0 0 0 0 0 0 0 0 0 7.715 7.1247 10.413 8.7298
0 0 0 0 0 0 0 0 0 0 0 0 0 0 0 0 0 0 0 0 0 0 0 0 0 0 0 0 0 0 0 0 0 10.281 12.085 6.545
0 0 0 0 0 0 0 0 0 0 0 0 0 0 0 0 0 0 0 0 0 0 0 0 0 0 0 0 0 0 0 0 0 0 11.695 8.1266
0 0 0 0 0 0 0 0 0 0 0 0 0 0 0 0 0 0 0 0 0 0 0 0 0 0 0 0 0 0 0 0 0 0 0 12.295
0 0 0 0 0 0 0 0 0 0 0 0 0 0 0 0 0 0 0 0 0 0 0 0 0 0 0 0 0 0 0 0 0 0 0 0
