1 66 1 37.633 -122.4 175 298 14 390 4 155
1 66 1 37.468 -122.38 290 150 122 390 4 155
1 66 1 37.347 -121.84 341 105 213 390 4 168
1 66 1 37.282 -121.28 391 107 273 390 4 168
1 66 1 37.056 -120.44 420 109 339 390 4 189
1 66 1 36.92 -119.82 460 101 360 390 4 187
1 66 1 36.783 -119 486 101 381 390 4 187
1 66 1 36.636 -118.15 481 102 390 390 1 34
1 66 1 36.479 -117.3 477 102 390 390 1 34
1 66 1 36.325 -116.49 484 103 390 390 1 56
1 66 1 36.156 -115.65 475 105 390 390 1 47
1 66 1 36.023 -114.99 470 104 390 390 1 47
1 66 1 35.853 -114.35 472 108 390 390 1 47
1 66 1 35.635 -113.58 473 108 390 390 1 45
1 66 1 35.613 -112.75 478 91 390 390 1 45
1 66 1 35.592 -111.91 480 91 390 390 2 101
1 66 1 35.567 -111.08 477 91 390 390 2 101
1 66 1 35.544 -110.41 478 92 390 390 2 101
1 66 1 35.511 -109.58 478 92 390 390 2 104
1 66 1 35.479 -108.74 485 93 352 280 2 88
1 66 1 35.483 -107.95 450 91 264 280 2 68
1 66 1 35.447 -107.31 355 112 160 280 2 68
1 66 1 35.124 -106.91 304 136 94 280 2 80
1 66 1 35.044 -106.6 154 90 53 280 2 80
2 66 10 37.632 -122.4 165 0 12 270 4 155
2 66 10 37.422 -122.4 318 147 117 270 4 156
2 66 10 37.073 -122.01 352 137 193 270 4 176
2 66 10 36.667 -121.56 387 139 242 270 4 188
2 66 10 36.295 -121.02 416 142 270 270 4 188
2 66 10 35.767 -120.51 451 141 270 270 4 188
2 66 10 36.2 -120.93 429 141 270 270 4 188
2 66 10 35.688 -120.43 451 141 270 270 4 188
2 66 10 35.193 -119.96 437 141 235 270 1 23
2 66 10 34.813 -119.43 389 131 155 270 1 25
2 66 10 34.483 -119 305 133 110 270 1 25
2 66 10 34.224 -118.67 253 113 44 270 1 8
2 66 10 34.199 -118.37 146 90 10 270 1 8
3 66 10 37.633 -122.41 157.86 86.286 59.857 330 4 155
3 66 10 37.479 -122.45 294.71 163 118.71 330 4 155
3 66 10 37.124 -122.05 358.29 136.71 195.86 330 4 176
3 66 10 36.716 -121.61 391.43 138 249.14 330 4 168
3 66 10 36.294 -121.14 413.57 138.14 280.86 330 4 188
3 66 10 35.85 -120.66 423.43 138.43 296.43 270 4 188
3 66 10 35.511 -120.3 430.93 138.86 298.36 270 1 54
3 66 10 35.077 -119.84 424 137.71 255.43 270 1 54
3 66 10 34.708 -119.35 370.14 131.86 174.86 270 1 25
3 66 10 34.433 -118.95 294 136.43 93.714 270 1 8
3 66 10 34.211 -118.61 228.29 120.86 41.143 270 1 8
3 66 10 34.199 -118.37 148.86 89.714 10.714 270 1 8
4 66 18 37.635 -122.38 171.6 64.2 83.8 350 4 155
4 66 18 37.817 -122.04 335.2 58.8 112.8 350 4 152
4 66 18 38.009 -121.34 439.2 70.2 217.2 350 4 172
4 66 18 38.18 -120.57 478.8 75.6 291.6 350 4 185
4 66 18 38.341 -119.73 492.6 75.8 347 350 4 185
4 66 18 38.485 -118.85 492.4 79.4 365.4 350 4 180
4 66 18 38.599 -118.02 490.8 79.6 373.6 370 4 180
4 66 18 38.714 -117.18 489 78.2 374 370 5 204
4 66 18 38.836 -116.35 488.6 79.2 374 370 5 204
4 66 18 38.958 -115.48 490.2 79.2 374 370 5 204
4 66 18 39.068 -114.65 480.8 79.6 374 370 5 204
4 66 18 39.173 -113.81 477.6 80.2 374 370 5 204
4 66 18 39.242 -113.28 477.6 80.2 374 370 5 204
4 66 18 39.374 -112.22 473.8 79.6 374 370 5 209
4 66 18 39.527 -111.37 476.6 76.6 374 370 5 209
4 66 18 39.665 -110.54 473.8 77.2 374 370 5 209
4 66 18 39.807 -109.66 476.6 77.8 374 370 5 209
4 66 18 39.923 -108.9 477.8 78.4 374 370 6 279
4 66 18 40.049 -108.06 480 79.2 374 370 6 279
4 66 18 40.214 -107.22 480.6 63.4 358.2 270 6 279
4 66 18 40.306 -106.38 478 80.8 317 270 6 274
4 66 18 40.326 -105.53 431.6 95 219.2 270 6 245
4 66 18 40.046 -104.96 341.6 132.9 142.4 270 6 233
4 66 18 39.71 -104.77 249.2 163.4 94 270 6 233
4 66 18 39.862 -104.68 156.6 0.2 54 270 6 233
5 66 18 37.64 -122.38 170.8 30.5 12.2 390 4 155
5 66 18 37.816 -122.02 325 60.4 120.2 390 4 152
5 66 18 38.002 -121.37 410.1 70.6 222.9 370 4 171
5 66 18 38.172 -120.6 468.2 75.5 299 370 4 185
5 66 18 38.326 -119.76 486.6 77.1 354.1 370 4 185
5 66 18 38.47 -118.9 482 77.8 368 370 4 180
5 66 18 38.586 -118.11 479.35 79.25 368.1 370 4 180
5 66 18 38.701 -117.28 481 79.3 368 370 4 180
5 66 18 38.82 -116.45 479.7 79.1 368 370 5 204
5 66 18 38.937 -115.62 479.2 79.1 370 370 5 204
5 66 18 39.067 -114.76 479.2 78.5 370 370 5 204
5 66 18 39.185 -113.94 479 79.1 370 370 5 204
5 66 18 39.252 -113.48 479 79.1 370 370 5 204
5 66 18 39.38 -112.55 474.9 79 371.9 370 5 209
5 66 18 39.518 -111.69 472.8 77.3 374 370 5 209
5 66 18 39.647 -110.85 474.1 78.3 376 370 5 209
5 66 18 39.771 -110.04 473.3 78.3 376 370 5 209
5 66 18 39.888 -109.24 471.2 78.95 376 370 6 279
5 66 18 40.006 -108.39 468.4 79.1 375.8 370 6 279
5 66 18 40.128 -107.58 468.8 79.4 371.1 370 6 279
5 66 18 40.262 -106.72 470.3 81.9 344.4 370 6 274
5 66 18 40.364 -105.93 441.5 85.4 242.7 370 6 245
5 66 18 40.334 -105.23 346.38 100.53 156.07 370 6 233
5 66 18 40.139 -104.76 254.8 142.8 95.4 370 6 233
5 66 18 39.894 -104.7 151.5 180 54.3 370 6 233
6 66 18 37.638 -122.4 170 152.5 13 350 4 155
6 66 18 37.817 -122.04 312.5 62.5 102 350 4 152
6 66 18 38.029 -121.42 396.5 68 212.5 350 4 171
6 66 18 38.184 -120.75 444.5 73.5 285 350 4 185
6 66 18 38.349 -119.95 457.5 75 328.5 350 4 185
6 66 18 38.504 -119.16 458.5 75.5 355 350 4 180
6 66 18 38.657 -118.34 460.5 76.5 360 350 4 180
6 66 18 38.806 -117.52 464.5 77 360 350 4 180
6 66 18 38.945 -116.71 470.5 77 360 350 5 204
6 66 18 39.1 -115.76 471.5 78 360 350 5 201
6 66 18 39.203 -115.11 469 77.5 359.5 350 5 201
6 66 18 39.322 -114.31 469 78.5 360 350 5 201
6 66 18 39.455 -113.36 469 79.5 360 350 5 200
6 66 18 39.37 -113.97 469 78.5 360 350 5 200
6 66 18 39.487 -113.13 467 79 360 350 5 209
6 66 18 39.598 -112.28 469 80 360 350 5 209
6 66 18 39.706 -111.41 471.5 80.5 360 350 5 209
6 66 18 39.804 -110.55 473.5 81 360 350 5 209
6 66 18 39.9 -109.7 477.5 80.5 360 350 5 209
6 66 18 40 -108.84 476.5 81 360 350 6 279
6 66 18 40.088 -108.05 479.25 81.5 360 350 6 279
6 66 18 40.17 -107.25 490 82 360 350 6 279
6 66 18 40.269 -106.35 488 84 312.5 350 6 274
6 66 18 40.338 -105.41 432 86 208 350 6 233
6 66 18 40.032 -104.91 350.5 133 138.5 350 6 233
6 66 18 39.679 -104.78 236 170.5 91 350 6 233
6 66 18 39.849 -104.67 149.5 3.5 54 350 6 233
7 66 33 37.635 -122.41 168 0 14 330 4 155
7 66 33 37.511 -122.35 308 118.5 114.5 330 4 155
7 66 33 37.316 -121.64 410 105 227 330 4 168
7 66 33 37.145 -120.78 480 97 297.5 330 4 189
7 66 33 37.209 -120.03 481.5 82.5 329.5 330 4 187
7 66 33 37.276 -119.27 480 83 330 330 4 187
7 66 33 37.338 -118.51 481.5 84 329.5 330 4 180
7 66 33 37.332 -118.07 478 90.5 330.5 330 4 180
7 66 33 37.129 -117.31 464 124.5 330 210 1 56
7 66 33 36.817 -116.79 463 127.5 313.5 160 1 56
7 66 33 36.376 -116.15 404.5 131 206 160 1 56
7 66 33 36.091 -115.59 302 117 133.5 160 1 3
7 66 33 36.037 -115.16 236 82 66.5 160 1 3
7 66 33 36.073 -115.13 147.5 179 21 160 1 3
8 66 33 37.634 -122.41 169 66.333 50 330 4 155
8 66 33 37.484 -122.39 324.61 147.89 129.33 330 4 155
8 66 33 37.335 -121.76 406.83 105.22 232.61 330 4 168
8 66 33 37.182 -120.98 458.11 102.17 306 330 4 189
8 66 33 37.173 -120.17 479.67 83.833 330.22 330 4 187
8 66 33 37.258 -119.35 477 82 330.89 330 4 187
8 66 33 37.339 -118.53 477.06 82.333 331.06 330 4 180
8 66 33 37.401 -117.86 475.22 82.722 330 330 4 180
8 66 33 37.259 -117.16 461.92 129.36 330 330 1 56
8 66 33 36.753 -116.66 459.67 138.61 302.94 210 1 56
8 66 33 36.346 -116.1 402.83 130.44 192.61 160 1 56
8 66 33 36.06 -115.63 317.47 127.81 124.69 160 1 3
8 66 33 35.968 -115.22 246.94 72.278 74.222 160 1 3
8 66 33 36.073 -115.15 148 167.33 22.222 160 1 3
9 66 34 37.626 -122.39 144 0 10 370 4 155
9 66 34 37.504 -122.41 311 187.5 118 370 4 155
9 66 34 37.133 -121.91 409 133.5 232 370 4 168
9 66 34 36.766 -121.39 457.5 124.5 318.5 370 4 189
9 66 34 36.407 -120.78 444 138.5 379.5 370 4 189
9 66 34 35.914 -120.25 444.5 139 379 370 4 189
9 66 34 35.419 -119.78 448 144.5 353.5 370 1 54
9 66 34 34.887 -119.32 448 145 290.5 370 1 54
9 66 34 34.396 -118.92 362.5 145.5 173.5 370 1 25
9 66 34 34.058 -118.75 306.5 153 105 370 1 15
9 66 34 34.022 -118.28 246 89 41 370 1 15
9 66 34 33.956 -118.41 159.5 267.5 3 370 1 15
10 66 34 37.632 -122.4 160.12 76.317 73.05 370 4 155
10 66 34 37.462 -122.43 323.72 157.52 121.52 370 4 155
10 66 34 37.107 -121.95 401.49 131.94 223.72 370 4 168
10 66 34 36.685 -121.37 444.22 131.69 294.39 370 4 189
10 66 34 36.257 -120.79 453.38 131.76 326.84 370 4 189
10 66 34 35.818 -120.21 454.85 133.07 332.75 370 4 189
10 66 34 35.352 -119.73 450.88 143.28 329.97 370 1 54
10 66 34 34.835 -119.28 441.63 144.78 268.18 370 1 54
10 66 34 34.363 -118.91 369.67 149.31 161.7 370 1 25
10 66 34 34.038 -118.62 294.5 119.92 93.7 370 1 15
10 66 34 34.015 -118.23 227.06 108.22 38.217 370 1 15
10 66 34 33.951 -118.4 145.95 258.95 14.717 370 1 15
11 66 36 37.636 -122.41 157 0 16 330 4 155
11 66 36 37.391 -122.57 355 180 127 330 4 176
11 66 36 36.946 -122.55 399 173 211 330 4 188
11 66 36 36.468 -122.07 457 139 273 330 4 188
11 66 36 35.944 -121.54 463 139 330 330 4 188
11 66 36 35.441 -121.06 460 144 330 330 1 55
11 66 36 35.139 -120.82 460 144 330 330 1 55
11 66 36 34.535 -120.35 466 148 330 330 1 55
11 66 36 34.141 -119.92 484 128 304 110 1 55
11 66 36 33.791 -119.06 447 87 183 110 1 24
11 66 36 33.55 -118.63 298 91 85 110 1 2
11 66 36 33.617 -118.15 266 73 24 110 1 2
11 66 36 33.812 -118.14 145 315 110 110 1 15
12 66 36 37.627 -122.39 154.2 0 9.8 330 4 155
12 66 36 37.5 -122.63 311 205.6 117.4 330 4 155
12 66 36 36.984 -122.48 411.6 151.6 224.6 330 4 188
12 66 36 36.51 -122.03 447.4 141.2 298.1 330 4 188
12 66 36 36.061 -121.61 465.8 142.6 329.8 330 4 188
12 66 36 35.543 -121.15 466.8 143.4 329.6 330 4 188
12 66 36 34.957 -120.67 465.1 145.8 329.6 330 1 55
12 66 36 35.434 -121.05 466.8 144 330 330 1 55
12 66 36 34.881 -120.61 464.8 148 330 330 1 55
12 66 36 34.318 -120.17 464.8 140 320.8 330 1 55
12 66 36 33.954 -119.55 449.8 121 245.4 330 1 55
12 66 36 33.68 -118.97 382 112.8 144.2 330 1 24
12 66 36 33.558 -118.49 279 91.8 62.6 330 1 2
12 66 36 33.636 -118.12 228.4 64.4 31.6 330 1 2
12 66 36 33.811 -118.14 151.8 315.2 3.4 330 1 2
13 66 49 37.633 -122.42 163 304 18 330 4 155
13 66 49 37.474 -122.64 282 197 105 330 4 155
13 66 49 37.147 -122.17 372 127 167 330 4 176
13 66 49 36.878 -121.7 395 125 208 330 4 168
13 66 49 36.524 -121.1 420 127 243 330 4 168
13 66 49 36.166 -120.5 433 126 268 330 4 168
13 66 49 35.762 -119.84 434 127 294 330 1 54
13 66 49 36.093 -120.38 433 126 273 330 4 168
13 66 49 35.713 -119.76 434 127 299 330 1 54
13 66 49 35.352 -119.19 425 127 322 330 1 53
13 66 49 34.972 -118.58 456 128 257 330 1 53
13 66 49 34.646 -118.09 455 128 205 330 1 22
13 66 49 34.377 -117.51 313 121 135 330 1 21
13 66 49 34.05 -117.38 202 200 50 330 1 6
13 66 49 34.056 -117.59 142 277 9 330 1 6
14 66 49 37.629 -122.39 158 51.333 10.5 330 4 155
14 66 49 37.489 -122.39 292.33 139.33 113.5 330 4 155
14 66 49 37.196 -121.92 355.17 128.5 188.83 330 4 176
14 66 49 36.846 -121.38 389.33 127.33 245.33 330 4 168
14 66 49 36.494 -120.83 417.33 128 278 330 4 168
14 66 49 36.111 -120.24 432.83 128.33 306.5 330 4 189
14 66 49 35.903 -119.93 432.83 128.33 306.5 330 4 189
14 66 49 35.486 -119.3 448.17 129.33 316.67 330 1 53
14 66 49 35.088 -118.72 451.5 129.67 306.33 330 1 53
14 66 49 34.712 -118.17 449.5 130 229.67 330 1 22
14 66 49 34.436 -117.62 341.33 118.67 153.5 330 1 21
14 66 49 34.14 -117.33 266 168.67 75.833 330 1 6
14 66 49 34.054 -117.55 152.5 268.5 14.667 330 1 6
15 66 53 37.619 -122.37 144.5 0 0 380 4 155
15 66 53 37.912 -122.22 333.5 27.5 113 380 4 155
15 66 53 38.504 -122.22 436 178 233 380 4 164
15 66 53 39.169 -122.19 467 1.5 324.5 380 4 186
15 66 53 39.829 -122.22 460.5 354.5 379.5 380 4 186
15 66 53 40.415 -122.29 454.25 354.75 380 380 4 186
15 66 53 41.067 -122.37 452 354.25 380 380 4 186
15 66 53 41.735 -122.45 446 354 380 380 3 140
15 66 53 42.498 -122.54 450.5 354.5 380 380 3 140
15 66 53 43.022 -122.61 454.5 354 379.75 379 3 140
15 66 53 43.582 -122.68 453.5 354 359 380 3 136
15 66 53 44.2 -122.71 435.5 177.5 252.5 380 3 130
15 66 53 44.76 -122.68 369 2 149 380 3 130
15 66 53 45.182 -122.64 276 3.5 83.5 380 3 112
15 66 53 45.436 -122.41 236.5 55 32.5 380 3 112
15 66 53 45.589 -122.59 135.5 298.5 380 380 3 135
16 66 53 37.631 -122.38 164.81 87.476 111.57 360 4 155
16 66 53 37.967 -122.34 325.71 124.24 117.38 360 4 155
16 66 53 38.499 -122.36 407.24 272.19 227.33 360 4 164
16 66 53 39.113 -122.39 452 356.62 305.64 360 4 186
16 66 53 39.743 -122.44 450.36 355.9 355.1 360 4 186
16 66 53 40.361 -122.48 453.31 356.93 364.07 360 4 186
16 66 53 40.978 -122.52 448.24 339.52 364.76 360 4 186
16 66 53 41.59 -122.56 448.9 356.95 364.76 360 3 140
16 66 53 42.217 -122.61 448.76 356.43 364.81 360 3 140
16 66 53 42.838 -122.65 450.55 356.57 364.76 360 3 140
16 66 53 43.459 -122.7 451.5 356.52 357.38 360 3 140
16 66 53 44.089 -122.74 445.29 305.62 280.52 360 3 136
16 66 53 44.677 -122.7 383.62 3.4762 173.43 360 3 130
16 66 53 45.154 -122.63 303.19 8.9048 90.857 360 3 112
16 66 53 45.448 -122.43 223.95 66.762 33.19 360 3 112
16 66 53 45.594 -122.6 139 298.62 329.81 360 3 135
17 66 55 37.628 -122.39 158 67.444 9.8889 350 4 155
17 66 55 37.489 -122.43 321.22 155.22 116.78 350 4 155
17 66 55 37.157 -121.95 402.67 128.89 217.22 350 4 168
17 66 55 36.76 -121.35 458.33 128.89 292.44 350 4 168
17 66 55 36.326 -120.71 473.11 129.44 346.56 350 4 189
17 66 55 35.901 -120.08 464.67 130.22 371.22 350 4 189
17 66 55 35.485 -119.48 462.78 129.11 372.11 350 1 54
17 66 55 35.057 -118.85 463 129.44 372.11 350 1 53
17 66 55 34.678 -118.24 468.78 124.22 372.22 350 1 53
17 66 55 34.396 -117.53 475.44 113.89 372.22 350 1 43
17 66 55 34.264 -117.07 469.78 108.44 371.22 350 1 44
17 66 55 34.066 -116.31 465.22 106.89 369.89 350 1 42
17 66 55 33.834 -115.57 464.67 111.33 368.78 350 1 41
17 66 55 33.619 -114.87 468.22 106.44 343.78 250 1 39
17 66 55 33.471 -114.14 444.44 101.78 258.44 250 1 39
17 66 55 33.342 -113.46 401.56 102.67 212.78 250 2 64
17 66 55 33.281 -112.87 341.11 88 161.56 250 2 64
17 66 55 33.297 -112.32 304.44 85 106.67 250 2 79
17 66 55 33.349 -111.88 249.89 79.111 60.889 250 2 79
17 66 55 33.432 -111.97 153.11 271.89 15.333 250 2 79
18 66 55 37.629 -122.39 152.22 137.89 97.889 390 4 155
18 66 55 37.475 -122.42 326.22 148 143.78 390 4 155
18 66 55 37.115 -121.87 425.11 129.11 264.33 410 4 168
18 66 55 36.722 -121.27 467.33 127.22 352 410 4 189
18 66 55 36.345 -120.62 468.44 124.22 390.67 410 4 189
18 66 55 35.973 -119.97 464.28 124.78 392.11 410 4 189
18 66 55 35.63 -119.3 466.89 118.44 392.22 410 1 53
18 66 55 35.331 -118.62 468.72 117.17 392 410 1 53
18 66 55 35.043 -117.95 467.11 117.72 392.22 410 1 34
18 66 55 34.731 -117.24 465.44 117.67 392.22 410 1 43
18 66 55 34.556 -116.84 463.94 117.78 392.22 410 1 44
18 66 55 34.261 -116.19 464.56 117.94 392.22 410 1 42
18 66 55 33.955 -115.52 459 118.44 392.22 410 1 42
18 66 55 33.667 -114.83 458.78 114.67 373.11 250 1 39
18 66 55 33.478 -114.12 439 106.22 262.22 250 1 39
18 66 55 33.352 -113.46 405.56 100.67 231.33 250 2 64
18 66 55 33.285 -112.83 353.61 93.889 160.22 250 2 64
18 66 55 33.297 -112.29 295.56 84.778 105.33 250 2 79
18 66 55 33.346 -111.87 232.78 81.333 60.333 250 2 79
18 66 55 33.432 -111.98 139 270.89 13.778 250 2 79
19 66 57 37.639 -122.42 185 305 25 370 4 155
19 66 57 37.45 -122.35 348 130 172 370 4 176
19 66 57 37.131 -121.84 422 128 244 370 4 168
19 66 57 36.725 -121.19 457 128 276 370 4 168
19 66 57 36.317 -120.55 474 128 346 370 4 189
19 66 57 35.894 -119.91 437 129 370 370 4 189
19 66 57 35.401 -119.17 481 129 370 370 1 53
19 66 57 34.962 -118.54 452 130 309 360 1 53
19 66 57 34.632 -118.06 400 130 210 360 1 22
19 66 57 34.355 -117.46 392 118 188 360 1 21
19 66 57 34.067 -116.87 329 119 137 360 1 19
19 66 57 33.867 -116.55 147 151 23 360 1 4
20 66 57 37.635 -122.4 168.5 148.5 13.5 290 4 155
20 66 57 37.457 -122.54 314.5 181.5 105 290 4 155
20 66 57 37.158 -122.09 374.5 129 169.5 270 4 176
20 66 57 36.806 -121.5 411.5 126.5 211 270 4 168
20 66 57 36.451 -120.91 426.5 127 242.5 270 4 168
20 66 57 36.073 -120.3 437 126.5 268 270 4 168
20 66 57 35.677 -119.67 450.25 127.25 279.5 270 1 53
20 66 57 35.951 -120.11 443 127 271 270 4 168
20 66 57 35.561 -119.49 457.5 128 280 270 1 53
20 66 57 35.152 -118.85 465 128 280 270 1 53
20 66 57 34.81 -118.34 467 128.5 259 270 1 53
20 66 57 34.459 -117.69 436.5 119.5 201.5 140 1 21
20 66 57 34.18 -117.09 381 119 153.5 140 1 19
20 66 57 33.996 -116.65 214.5 116.5 94.5 140 1 4
20 66 57 33.825 -116.5 159.5 148.5 10 140 1 4
21 66 57 37.631 -122.4 167 0 350 350 4 188
21 66 57 37.474 -122.41 296 160 114 350 4 155
21 66 57 37.131 -121.85 417 127 242 350 4 168
21 66 57 36.739 -121.24 459 126 333 350 4 189
21 66 57 36.408 -120.72 455 128 350 350 4 189
21 66 57 36.01 -120.1 457 128 350 350 4 189
21 66 57 35.606 -119.49 459 129 350 350 1 54
21 66 57 35.263 -118.98 460 129 350 350 1 53
21 66 57 34.858 -118.39 461 130 293 350 1 53
21 66 57 34.498 -117.77 412 123 218 350 1 22
21 66 57 34.231 -117.19 366 119 170 350 1 19
21 66 57 33.998 -116.7 286 125 130 350 1 4
21 66 57 33.817 -116.32 216 121 60 350 1 4
21 66 57 33.8 -116.48 145 297 10 350 1 4
22 66 57 37.603 -122.42 190 90.667 27.333 310 4 155
22 66 57 37.451 -122.3 316 164.33 131.33 310 4 155
22 66 57 37.112 -121.77 408 128.33 228.67 310 4 168
22 66 57 36.726 -121.16 437 128 311.67 310 4 189
22 66 57 36.339 -120.57 469 128.33 323.33 310 4 189
22 66 57 35.922 -119.94 470.5 129 323.33 310 4 189
22 66 57 35.675 -119.57 470.5 129 323.33 310 4 189
22 66 57 35.177 -118.84 467.67 130 320.33 310 1 53
22 66 57 34.82 -118.32 446.17 130 260.67 310 1 53
22 66 57 34.459 -117.68 401 121 185.33 310 1 21
22 66 57 34.199 -117.13 373.33 118.67 156 310 1 19
22 66 57 33.961 -116.62 290.67 117 105.33 310 1 4
22 66 57 33.806 -116.44 164.67 160 19 310 1 4
23 66 57 37.617 -122.38 150 0 8 390 4 155
23 66 57 37.525 -122.45 295 141 108 390 4 155
23 66 57 37.131 -121.83 412 127 264 390 4 168
23 66 57 36.843 -121.29 459 115 345 390 4 189
23 66 57 36.476 -120.65 456 128 390 390 4 189
23 66 57 36.066 -120.06 451 130 390 390 4 189
23 66 57 35.639 -119.45 448 131 390 390 1 53
23 66 57 35.417 -119.14 448 131 390 390 1 53
23 66 57 34.97 -118.52 424 132 267 390 1 53
23 66 57 34.608 -118.01 389 132 194 390 1 22
23 66 57 34.349 -117.45 367 118 170 390 1 21
23 66 57 34.15 -117 342 119 140 390 1 19
23 66 57 33.883 -116.55 225 127 98 390 1 4
23 66 57 33.896 -116.36 221 344 67 390 1 4
23 66 57 33.867 -116.53 142 234 11 390 1 4
24 66 62 37.628 -122.4 164.67 49.833 11.5 330 4 155
24 66 62 37.409 -122.57 322.5 182.5 131.17 330 4 176
24 66 62 36.894 -122.55 392.83 173.83 231.83 330 4 188
24 66 62 36.401 -122.28 439.5 145.83 302.17 330 4 188
24 66 62 36.003 -121.74 442.33 131 345 330 4 188
24 66 62 35.589 -121.18 445.83 131.33 351.83 330 4 188
24 66 62 35.218 -120.57 434.83 125 356.33 330 1 55
24 66 62 34.836 -119.91 446.17 125.17 356.67 330 1 55
24 66 62 35.151 -120.44 434.67 122.5 356.5 330 1 55
24 66 62 34.784 -119.82 448.5 125.83 356.67 330 1 55
24 66 62 34.426 -119.23 446.67 126.33 356.67 330 1 55
24 66 62 34.065 -118.65 455.5 126.17 335.5 240 1 51
24 66 62 33.693 -118.1 445 131.17 286.17 240 1 51
24 66 62 33.264 -117.6 376 137.33 182.33 150 1 17
24 66 62 32.892 -117.27 307.17 145.83 92.833 150 1 9
24 66 62 32.729 -116.96 226.17 123.5 50.167 150 1 9
24 66 62 32.729 -117.18 139.33 290.67 3 150 1 9
25 66 62 37.63 -122.4 161.15 118.54 65.231 370 4 155
25 66 62 37.428 -122.6 327.69 195.31 131.85 370 4 176
25 66 62 36.944 -122.47 405.85 152.08 237.62 370 4 188
25 66 62 36.454 -122 449.23 141.92 317.23 370 4 188
25 66 62 35.956 -121.51 454.46 138.69 356.69 370 4 188
25 66 62 35.5 -120.99 456.08 132.38 361.85 370 4 188
25 66 62 35.106 -120.33 462.65 125.31 362.15 370 1 55
25 66 62 34.898 -119.99 462.65 125.31 362.15 370 1 55
25 66 62 34.48 -119.31 459.92 126.31 362.31 370 1 55
25 66 62 34.089 -118.68 458.08 126.46 357.69 370 1 54
25 66 62 33.688 -118.12 459.77 133 299.54 150 1 51
25 66 62 33.274 -117.61 386 135.23 183.38 150 1 17
25 66 62 32.901 -117.26 298.69 141.46 93.769 150 1 9
25 66 62 32.72 -116.97 224.31 136.38 45.462 150 1 9
25 66 62 32.731 -117.18 146.38 289.69 2.6154 150 1 9
26 66 65 37.633 -122.4 157.8 118.6 11.6 360 4 155
26 66 65 37.926 -122.47 331.4 140.4 110.8 360 4 155
26 66 65 38.44 -122.38 409 5 208.8 360 4 164
26 66 65 39.073 -122.35 453.3 180.6 285.1 360 4 186
26 66 65 39.688 -122.37 450 358 341 360 4 186
26 66 65 40.327 -122.39 449 286.4 356 360 4 186
26 66 65 40.939 -122.41 446 358 356 360 4 186
26 66 65 41.552 -122.43 444.2 358.4 356 360 3 141
26 66 65 42.175 -122.44 450.6 216.6 356 360 3 141
26 66 65 42.541 -122.45 450.6 216.6 356 360 3 141
26 66 65 43.273 -122.48 454.8 357.8 356 360 3 141
26 66 65 43.895 -122.51 459.8 358 355.8 360 3 135
26 66 65 44.54 -122.54 462 357.8 352 360 3 135
26 66 65 45.172 -122.56 465.2 357.8 346.8 360 3 135
26 66 65 45.798 -122.6 461.6 357.6 304 360 3 135
26 66 65 46.413 -122.73 417 352.6 187.6 360 3 147
26 66 65 46.895 -122.6 323.8 37.8 104.4 360 3 147
26 66 65 47.221 -122.32 232.4 79.8 45.6 360 3 114
26 66 65 47.451 -122.31 146.2 0.4 3.6 360 3 114
27 66 65 37.638 -122.39 170.62 104.12 113.46 380 4 155
27 66 65 37.96 -122.27 325.58 80.917 118.96 380 4 155
27 66 65 38.506 -122.25 418.31 61.875 226.48 380 4 164
27 66 65 39.139 -122.25 455.98 216.35 307.06 360 4 186
27 66 65 39.755 -122.26 449.9 268.08 357.75 380 4 186
27 66 65 40.374 -122.29 453.33 327.42 365.83 360 4 186
27 66 65 40.985 -122.32 448.67 357.25 366.67 380 4 186
27 66 65 41.594 -122.35 450.9 343.19 366.62 380 3 141
27 66 65 42.217 -122.37 452.96 342.67 366.67 380 3 141
27 66 65 42.577 -122.39 452.96 342.67 366.67 380 3 141
27 66 65 43.297 -122.43 456.23 356.94 366.62 380 3 141
27 66 65 43.923 -122.47 459.15 357 366.67 380 3 135
27 66 65 44.563 -122.51 458.71 356.83 366.67 380 3 135
27 66 65 45.17 -122.55 460.52 356.83 365.79 380 3 135
27 66 65 45.798 -122.6 459.54 327.03 316.62 380 3 135
27 66 65 46.398 -122.7 424 309.71 203.79 380 3 147
27 66 65 46.902 -122.58 330.08 43.333 106.75 380 3 147
27 66 65 47.231 -122.32 239.54 16.917 46.333 380 3 114
27 66 65 47.449 -122.31 137.5 45.25 4.25 380 3 114
28 66 65 37.635 -122.39 151.67 78.083 71.75 360 4 155
28 66 65 37.948 -122.32 315 127.33 110.83 360 4 155
28 66 65 38.481 -122.31 410 150.42 219.83 380 4 164
28 66 65 39.108 -122.31 458.5 239.5 300.12 360 4 186
28 66 65 39.775 -122.32 467.92 328.33 356.67 360 4 186
28 66 65 40.405 -122.35 469.21 268.38 368.17 360 4 186
28 66 65 41.055 -122.37 465.83 357.5 368.33 360 4 186
28 66 65 41.711 -122.4 463.5 357.42 368.33 360 3 141
28 66 65 42.337 -122.43 468.12 357.83 368.33 360 3 141
28 66 65 43.026 -122.46 467.17 357.5 368.33 360 3 141
28 66 65 42.463 -122.43 468.5 358.08 368.33 360 3 141
28 66 65 43.115 -122.47 467.33 357.25 368.25 360 3 141
28 66 65 43.754 -122.5 469.38 357.5 368.33 360 3 135
28 66 65 44.398 -122.53 471.83 357.5 368.33 360 3 135
28 66 65 45.059 -122.56 469.83 357.42 368 360 3 135
28 66 65 45.726 -122.6 471.83 357.58 351.58 360 3 135
28 66 65 46.381 -122.71 453.17 292.83 243.25 360 3 147
28 66 65 46.93 -122.58 377.67 53.667 144.5 360 3 147
28 66 65 47.38 -122.46 289.42 33.833 80.5 360 3 114
28 66 65 47.64 -122.35 206.58 60.333 34.833 360 3 114
28 66 65 47.445 -122.31 137.92 180.08 4.1667 360 3 114
29 66 67 37.626 -122.39 154.5 0 6.5 50 4 155
29 66 67 37.49 -122.41 263 130 50 50 4 155
29 66 67 37.4 -122.24 263 130 50 50 4 155
29 66 67 37.22 -121.91 216 121.5 45.5 50 4 154
29 66 67 37.338 -121.91 148 328 5.5 50 4 154
30 66 69 37.637 -122.39 172.8 0 14.6 330 4 155
30 66 69 37.863 -122.06 307 44.4 109.8 330 4 155
30 66 69 38.205 -121.57 392.6 51.8 188.6 330 4 171
30 66 69 38.586 -120.99 436.8 52 255.2 330 4 185
30 66 69 38.992 -120.35 459.4 51.4 300 330 4 185
30 66 69 39.389 -119.66 469 52.6 322.6 330 4 181
30 66 69 39.75 -118.93 467 57.6 333 330 4 181
30 66 69 39.986 -118.21 464.8 68.8 343.4 330 4 181
30 66 69 40.176 -117.45 472.2 74.4 346 330 5 207
30 66 69 40.347 -116.6 474.6 74.6 346 330 5 207
30 66 69 40.5 -115.74 476 77.2 346 310 5 207
30 66 69 40.603 -114.91 469.8 80.2 342.4 310 5 207
30 66 69 40.694 -114.02 454 82.8 308.2 170 5 216
30 66 69 40.721 -113.24 419.2 87.2 213.2 170 5 216
30 66 69 40.724 -112.51 366.2 87.8 142.8 170 5 197
30 66 69 40.768 -112.08 251.4 85.4 95 170 5 197
30 66 69 40.799 -111.99 143.2 283.4 43 170 5 197
31 66 69 37.63 -122.39 162.8 65.4 7.6 330 4 155
31 66 69 37.858 -122.05 315.2 51 107.2 330 4 155
31 66 69 38.13 -121.57 392 54.8 182.8 330 4 171
31 66 69 38.391 -120.89 427.8 64.4 246.8 330 4 172
31 66 69 38.654 -120.15 439.6 65.2 291.2 330 4 185
31 66 69 38.911 -119.42 446.6 65.4 321.4 330 4 181
31 66 69 39.157 -118.69 440 66.2 339 330 4 181
31 66 69 39.395 -117.95 448.8 67 346 330 4 181
31 66 69 39.641 -117.15 460.2 68.8 346 330 5 181
31 66 69 39.858 -116.37 457.8 69.4 346 330 5 207
31 66 69 40.036 -115.58 458.4 75.2 346 330 5 207
31 66 69 40.234 -114.81 460.2 70.2 346 330 5 207
31 66 69 40.443 -114 458.6 70.6 320.4 170 5 200
31 66 69 40.625 -113.29 440.2 71 234 170 5 200
31 66 69 40.725 -112.52 383.2 88.4 144.6 170 5 197
31 66 69 40.814 -112.1 263.6 188.4 93.2 170 5 197
31 66 69 40.794 -111.99 149.4 209.6 42.4 170 5 197
32 66 70 37.619 -122.37 150 0 0 110 4 155
32 66 70 37.964 -122.11 369 38 111 110 4 155
32 66 70 38.37 -121.74 343 38 93 110 4 153
32 66 70 38.767 -121.68 122 8 30 110 4 153
32 66 70 38.724 -121.6 123 180 4 110 4 153
33 66 70 37.639 -122.38 158.33 0 12 110 4 155
33 66 70 37.828 -122.16 205 27.333 84.333 110 4 155
33 66 70 38.1 -121.99 261 26 110 110 4 155
33 66 70 38.381 -121.73 274.67 37.667 94.333 110 4 153
33 66 70 38.724 -121.69 227.67 238 29.667 110 4 153
33 66 70 38.7 -121.58 115.33 164.33 74.667 110 4 153
34 66 71 37.633 -122.4 157 0 390 390 4 188
34 66 71 37.434 -122.51 284 194 107 390 4 156
34 66 71 36.961 -122.4 398 144 247 390 4 188
34 66 71 36.43 -121.92 456 144 359 390 4 188
34 66 71 35.912 -121.46 463 143 390 390 4 188
34 66 71 35.359 -120.99 466 147 390 390 1 55
34 66 71 34.826 -120.49 473 134 390 390 1 55
34 66 71 34.528 -120.14 469 135 390 390 1 55
34 66 71 34.04 -119.57 479 135 298 390 1 55
34 66 71 33.7 -119.03 406 121 157 390 1 24
34 66 71 33.567 -118.52 289 93 68 390 1 2
34 66 71 33.633 -118.07 238 71 50 390 1 2
34 66 71 33.85 -117.82 223 52 28 390 1 2
34 66 71 33.661 -117.88 135 206 1 390 1 2
35 66 71 37.619 -122.37 149 0 0 410 4 155
35 66 71 37.382 -122.55 344 183 167 410 4 176
35 66 71 36.861 -122.27 446 144 303 410 4 188
35 66 71 36.441 -121.91 463 145 378 410 4 188
35 66 71 35.907 -121.45 446 144 410 410 4 188
35 66 71 35.369 -121 447 147 410 410 1 55
35 66 71 34.836 -120.59 447 147 410 410 1 55
35 66 71 34.461 -120.14 463 129 364 410 1 55
35 66 71 34.039 -119.5 474 128 254 410 1 55
35 66 71 33.736 -119.05 382 129 146 410 1 24
35 66 71 33.495 -118.58 297 111 78 410 1 2
35 66 71 33.6 -118.08 283 72 50 410 1 2
35 66 71 33.85 -117.82 229 32 35 410 1 2
35 66 71 33.687 -117.86 129 202 1 410 1 2
36 66 71 37.641 -122.42 159 334 18 370 4 155
36 66 71 37.374 -122.6 399 178 143 370 4 176
36 66 71 36.9 -122.56 428 173 242 370 4 188
36 66 71 36.352 -122.14 498 136 297 370 4 188
36 66 71 35.842 -121.52 483 134 366 370 4 188
36 66 71 35.341 -120.98 468 147 369 370 1 55
36 66 71 34.755 -120.52 472 147 349 370 1 55
36 66 71 34.215 -120.06 476 147 350 370 1 55
36 66 71 33.858 -119.35 461 121 231 370 1 24
36 66 71 33.583 -118.78 383 121 110 370 1 24
36 66 71 33.608 -118.27 290 64 51 370 1 2
36 66 71 33.75 -117.95 233 61 50 370 1 2
36 66 71 33.668 -117.87 143 202 1 370 1 2
37 66 71 37.632 -122.4 157.5 152.5 390 390 4 188
37 66 71 37.389 -122.56 325 180.5 147 390 4 176
37 66 71 36.905 -122.52 401.5 155 245.5 390 4 188
37 66 71 36.438 -122.12 458.5 138 343 390 4 188
37 66 71 35.944 -121.59 457 139 390 390 4 188
37 66 71 35.457 -121.07 450.5 140 389.5 390 4 188
37 66 71 34.915 -120.65 449.5 147 390 390 1 55
37 66 71 34.255 -120.13 448.5 138 381 390 1 55
37 66 71 33.98 -119.6 456 121 269.5 390 1 55
37 66 71 33.683 -119.01 367.5 121 145 390 1 24
37 66 71 33.508 -118.47 264.5 91 69.5 390 1 2
37 66 71 33.604 -118.14 236 66 50 390 1 2
37 66 71 33.813 -117.87 210.5 39.5 34.5 390 1 2
37 66 71 33.678 -117.87 143.5 210.5 196 390 1 2
38 66 71 37.631 -122.4 154.6 90.7 75.2 390 4 155
38 66 71 37.459 -122.57 316 190.9 129.5 390 4 176
38 66 71 36.92 -122.42 419 147.7 248.2 390 4 188
38 66 71 36.442 -121.97 454.8 142.7 323 390 4 188
38 66 71 35.953 -121.52 453.3 143.2 355.8 390 4 188
38 66 71 35.493 -121.11 453.7 144.35 361.7 390 1 55
38 66 71 34.985 -120.7 452 147.05 361.7 390 1 55
38 66 71 34.566 -120.38 452.3 147.45 358.65 390 1 55
38 66 71 34.108 -119.85 453.3 130.5 290.3 390 1 55
38 66 71 33.812 -119.26 398.5 119.9 177.6 390 1 24
38 66 71 33.573 -118.69 330.7 106.7 100.1 390 1 2
38 66 71 33.59 -118.24 268.8 76 53.3 390 1 2
38 66 71 33.761 -117.92 222.6 45.3 33.8 390 1 2
38 66 71 33.671 -117.87 140.6 204.7 185.9 390 1 2
39 66 71 37.619 -122.37 153 0 0 390 4 155
39 66 71 37.396 -122.54 359 183 139 390 4 176
39 66 71 36.861 -122.54 397 183 261 390 4 188
39 66 71 36.478 -122.13 449 139 326 390 4 188
39 66 71 35.999 -121.63 461 140 384 390 4 188
39 66 71 35.482 -121.09 462 139 390 390 4 188
39 66 71 34.934 -120.58 468 136 390 390 1 55
39 66 71 35.375 -121.01 458 147 390 390 1 55
39 66 71 34.877 -120.51 465 135 390 390 1 55
39 66 71 34.383 -119.95 464 136 390 390 1 55
39 66 71 33.901 -119.41 473 136 241 390 1 55
39 66 71 33.598 -118.8 376 106 112 390 1 24
39 66 71 33.6 -118.28 290 83 53 390 1 2
39 66 71 33.699 -118 228 58 39 390 1 2
39 66 71 33.68 -117.87 134 219 1 390 1 2
40 66 71 37.633 -122.4 158 0 15 370 4 155
40 66 71 37.472 -122.55 312 181 118 370 4 155
40 66 71 36.995 -122.41 391 141 239 370 4 188
40 66 71 36.462 -121.93 477 145 315 370 4 188
40 66 71 35.918 -121.46 457 146 369 370 4 188
40 66 71 35.366 -121 458 146 370 370 1 55
40 66 71 34.823 -120.58 456 147 370 370 1 55
40 66 71 34.196 -120.03 463 145 338 370 1 55
40 66 71 33.857 -119.36 421 121 211 370 1 24
40 66 71 33.55 -118.75 313 121 110 370 1 2
40 66 71 33.433 -118.33 281 72 50 370 1 2
40 66 71 33.65 -118.02 229 34 50 370 1 2
40 66 71 33.832 -117.82 192 96 24 370 1 2
40 66 71 33.713 -117.85 138 199 7 370 1 2
41 66 76 37.633 -122.4 156 0 16 330 4 155
41 66 76 37.508 -122.37 294 137 108 330 4 155
41 66 76 37.195 -121.92 342 130 185 330 4 176
41 66 76 36.865 -121.43 377 131 234 330 4 168
41 66 76 36.586 -121.02 385 131 267 330 4 168
41 66 76 36.205 -120.47 411 131 299 330 4 189
41 66 76 35.814 -119.92 409 130 325 330 1 54
41 66 76 35.42 -119.37 435 131 330 330 1 53
41 66 76 34.993 -118.79 441 131 330 330 1 53
41 66 76 34.579 -118.23 437 132 330 330 1 53
41 66 76 34.254 -117.58 443 114 330 330 1 43
41 66 76 34.076 -117.04 450 114 330 330 1 44
41 66 76 33.927 -116.29 440 106 330 330 1 41
41 66 76 33.656 -115.53 442 112 330 330 1 41
41 66 76 33.446 -114.9 448 112 330 330 1 39
41 66 76 33.293 -114.18 448 105 330 330 1 39
41 66 76 33.131 -113.44 447 105 330 330 2 102
41 66 76 32.983 -112.79 445 105 330 330 2 102
41 66 76 32.728 -112.08 447 114 236 330 2 60
41 66 76 32.437 -111.49 362 132 126 330 2 77
41 66 76 32.148 -111.12 291 132 58 330 2 77
41 66 76 32.101 -110.92 160 35 28 330 2 77
42 66 77 37.633 -122.41 194.5 0 28 250 4 155
42 66 77 37.45 -122.36 351.5 134 144 250 4 156
42 66 77 37.117 -121.96 418 137.5 216.5 250 4 168
42 66 77 36.693 -121.41 449.5 130.5 289 250 4 168
42 66 77 36.233 -120.86 488.75 136.75 290 250 4 188
42 66 77 35.964 -120.56 488.75 136.75 290 250 4 188
42 66 77 35.423 -119.98 482.5 142.5 281 250 1 54
42 66 77 34.896 -119.47 445.5 138.5 215.5 250 1 25
42 66 77 34.477 -119.02 325.5 136 111.5 250 1 25
42 66 77 34.419 -118.63 234 77.5 62.5 250 1 8
42 66 77 34.279 -118.5 170.5 160.5 29 250 1 8
