1 66 36 37.631 -122.4 169 0 310 310 2014 7 1 1 47 7 4 188
1 66 36 37.657 -122.46 198 303 27 310 2014 7 1 1 48 6 4 155
1 66 36 37.666 -122.55 264 299 52 310 2014 7 1 1 49 6 4 155
1 66 36 37.598 -122.58 284 280 81 310 2014 7 1 1 50 6 4 155
1 66 36 37.514 -122.58 297 238 106 310 2014 7 1 1 51 6 4 155
1 66 36 37.419 -122.58 321 179 116 310 2014 7 1 1 52 16 4 156
1 66 36 37.313 -122.58 362 181 139 310 2014 7 1 1 53 6 4 176
1 66 36 37.206 -122.58 377 179 159 310 2014 7 1 1 54 6 4 176
1 66 36 37.096 -122.49 395 150 186 310 2014 7 1 1 55 15 4 176
1 66 36 37.019 -122.43 394 144 200 310 2014 7 1 1 56 7 4 188
1 66 36 37.005 -122.41 403 144 204 310 2014 7 1 1 57 6 4 188
1 66 36 36.908 -122.32 424 143 221 310 2014 7 1 1 58 6 4 188
1 66 36 36.696 -122.13 472 147 265 310 2014 7 1 1 59 6 4 188
1 66 36 36.693 -122.14 470 144 264 310 2014 7 1 2 0 6 4 188
1 66 36 36.483 -121.95 463 141 301 310 2014 7 1 2 1 6 4 188
1 66 36 36.382 -121.86 456 145 309 310 2014 7 1 2 2 6 4 188
1 66 36 36.362 -121.84 453 144 309 310 2014 7 1 2 3 6 4 188
1 66 36 36.157 -121.66 453 147 309 310 2014 7 1 2 4 16 4 188
1 66 36 36.173 -121.68 455 144 309 310 2014 7 1 2 5 6 4 188
1 66 36 36.049 -121.58 455 145 309 310 2014 7 1 2 6 6 4 188
1 66 36 35.944 -121.49 456 145 309 310 2014 7 1 2 7 6 4 188
1 66 36 35.841 -121.39 461 145 309 310 2014 7 1 2 8 6 4 188
1 66 36 35.738 -121.31 459 144 309 310 2014 7 1 2 9 6 4 188
1 66 36 35.632 -121.22 458 145 309 310 2014 7 1 2 10 16 4 188
1 66 36 35.522 -121.12 458 145 309 310 2014 7 1 2 11 6 4 188
1 66 36 35.417 -121.04 457 146 309 310 2014 7 1 2 12 6 1 55
1 66 36 35.295 -120.94 456 147 309 310 2014 7 1 2 13 6 1 55
1 66 36 35.201 -120.87 458 147 309 310 2014 7 1 2 14 16 1 55
1 66 36 35.094 -120.79 458 147 309 310 2014 7 1 2 15 6 1 55
1 66 36 34.964 -120.69 459 147 309 310 2014 7 1 2 16 6 1 55
1 66 36 34.857 -120.6 458 147 309 310 2014 7 1 2 17 6 1 55
1 66 36 34.74 -120.51 458 147 309 310 2014 7 1 2 18 6 1 55
1 66 36 34.631 -120.43 460 147 309 310 2014 7 1 2 19 6 1 55
1 66 36 34.524 -120.35 459 146 309 310 2014 7 1 2 20 6 1 55
1 66 36 34.416 -120.26 459 149 309 310 2014 7 1 2 21 6 1 55
1 66 36 34.312 -120.18 459 127 297 310 2014 7 1 2 22 6 1 55
1 66 36 34.219 -120.07 476 126 279 310 2014 7 1 2 23 16 1 55
1 66 36 34.138 -119.91 467 140 258 110 2014 7 1 2 24 6 1 55
1 66 36 34.074 -119.78 453 127 241 110 2014 7 1 2 25 6 1 55
1 66 36 34.012 -119.66 438 121 223 110 2014 7 1 2 26 6 1 24
1 66 36 33.951 -119.54 424 121 206 110 2014 7 1 2 27 16 1 24
1 66 36 33.893 -119.42 404 121 189 110 2014 7 1 2 28 15 1 24
1 66 36 33.835 -119.31 403 121 170 110 2014 7 1 2 29 16 1 24
1 66 36 33.779 -119.2 393 121 155 110 2014 7 1 2 30 16 1 24
1 66 36 33.712 -119.07 384 121 137 110 2014 7 1 2 31 6 1 24
1 66 36 33.657 -118.96 374 121 123 110 2014 7 1 2 32 6 1 24
1 66 36 33.6 -118.83 366 121 109 110 2014 7 1 2 33 6 1 24
1 66 36 33.574 -118.76 328 120 105 110 2014 7 1 2 34 6 1 2
1 66 36 33.583 -118.63 299 111 78 110 2014 7 1 2 35 6 1 2
1 66 36 33.582 -118.56 294 80 61 110 2014 7 1 2 36 7 1 2
1 66 36 33.584 -118.45 283 86 40 110 2014 7 1 2 37 6 1 2
1 66 36 33.583 -118.35 274 89 32 110 2014 7 1 2 38 16 1 2
1 66 36 33.59 -118.27 268 89 18 110 2014 7 1 2 39 6 1 2
1 66 36 33.594 -118.2 246 76 16 110 2014 7 1 2 40 6 1 2
1 66 36 33.632 -118.14 233 89 16 110 2014 7 1 2 41 6 1 2
1 66 36 33.633 -118.15 223 51 16 110 2014 7 1 2 42 6 1 2
1 66 36 33.717 -118.05 192 51 16 110 2014 7 1 2 43 6 1 2
1 66 36 33.75 -118.07 186 34 15 110 2014 7 1 2 44 15 1 2
1 66 36 33.783 -118.12 147 322 9 110 2014 7 1 2 45 6 1 2
1 66 36 33.8 -118.17 199 317 25 110 2014 7 1 2 46 6 1 2
1 66 36 33.733 -118.17 245 277 29 110 2014 7 1 2 47 16 1 2
1 66 36 33.7 -118.12 224 180 30 110 2014 7 1 2 48 6 1 2
1 66 36 33.688 -118.12 226 128 30 110 2014 7 1 2 49 6 1 2
1 66 36 33.683 -118.02 218 115 20 110 2014 7 1 2 50 6 1 2
1 66 36 33.733 -118.05 178 23 16 110 2014 7 1 2 51 6 1 2
1 66 36 33.741 -118.06 192 330 16 110 2014 7 1 2 52 6 1 2
1 66 36 33.773 -118.1 176 320 11 110 2014 7 1 2 53 6 1 2
1 66 36 33.799 -118.13 152 301 5 110 2014 7 1 2 54 6 1 2
2 66 36 37.617 -122.38 153 0 8 330 2014 7 1 16 20 16 4 155
2 66 36 37.65 -122.45 206 250 27 330 2014 7 1 16 21 11 4 155
2 66 36 37.7 -122.53 277 297 55 330 2014 7 1 16 22 16 4 155
2 66 36 37.667 -122.62 280 299 85 330 2014 7 1 16 23 16 4 155
2 66 36 37.651 -122.63 277 243 92 330 2014 7 1 16 24 6 4 155
2 66 36 37.58 -122.68 315 218 111 330 2014 7 1 16 25 6 4 155
2 66 36 37.483 -122.66 351 173 131 330 2014 7 1 16 26 7 4 155
2 66 36 37.381 -122.65 367 172 156 330 2014 7 1 16 27 6 4 176
2 66 36 37.257 -122.63 373 173 184 330 2014 7 1 16 28 6 4 176
2 66 36 37.148 -122.61 388 171 205 330 2014 7 1 16 29 6 4 188
2 66 36 37.06 -122.58 404 157 220 330 2014 7 1 16 30 6 4 188
2 66 36 36.952 -122.46 420 146 241 330 2014 7 1 16 31 6 4 188
2 66 36 36.855 -122.37 430 143 257 330 2014 7 1 16 32 6 4 188
2 66 36 36.755 -122.28 452 142 270 330 2014 7 1 16 33 6 4 188
2 66 36 36.653 -122.18 465 142 282 330 2014 7 1 16 34 16 4 188
2 66 36 36.545 -122.08 472 140 294 330 2014 7 1 16 35 6 4 188
2 66 36 36.42 -121.95 481 144 313 330 2014 7 1 16 36 6 4 188
2 66 36 36.333 -121.88 477 141 324 330 2014 7 1 16 37 6 4 188
2 66 36 36.211 -121.76 474 144 330 330 2014 7 1 16 38 6 4 188
2 66 36 36.108 -121.66 469 142 329 330 2014 7 1 16 39 16 4 188
2 66 36 36 -121.57 470 142 329 330 2014 7 1 16 40 16 4 188
2 66 36 35.896 -121.47 470 142 330 330 2014 7 1 16 41 6 4 188
2 66 36 35.772 -121.35 469 144 330 330 2014 7 1 16 42 6 4 188
2 66 36 35.687 -121.28 471 143 330 330 2014 7 1 16 43 6 4 188
2 66 36 35.577 -121.18 471 144 330 330 2014 7 1 16 44 6 4 188
2 66 36 35.458 -121.07 468 143 329 330 2014 7 1 16 45 16 4 188
2 66 36 35.34 -120.98 470 144 330 330 2014 7 1 16 46 6 1 55
2 66 36 35.231 -120.89 470 146 330 330 2014 7 1 16 47 6 1 55
2 66 36 35.131 -120.81 466 147 330 330 2014 7 1 16 48 16 1 55
2 66 36 35.002 -120.72 464 147 329 330 2014 7 1 16 49 6 1 55
2 66 36 34.904 -120.64 465 147 329 330 2014 7 1 16 50 16 1 55
2 66 36 34.786 -120.55 465 147 330 330 2014 7 1 16 51 6 1 55
2 66 36 34.795 -120.55 464 147 330 330 2014 7 1 16 52 6 1 55
2 66 36 34.544 -120.36 469 146 330 330 2014 7 1 16 53 15 1 55
2 66 36 34.544 -120.36 469 146 330 330 2014 7 1 16 54 6 1 55
2 66 36 34.435 -120.28 463 148 327 330 2014 7 1 16 55 6 1 55
2 66 36 34.327 -120.2 463 148 317 330 2014 7 1 16 56 6 1 55
2 66 36 34.236 -120.09 473 147 308 330 2014 7 1 16 57 16 1 55
2 66 36 34.162 -119.96 469 141 299 330 2014 7 1 16 58 16 1 55
2 66 36 34.084 -119.8 465 130 281 330 2014 7 1 16 59 15 1 55
2 66 36 34.018 -119.67 454 121 261 330 2014 7 1 17 0 6 1 55
2 66 36 33.956 -119.55 439 121 239 330 2014 7 1 17 1 6 1 24
2 66 36 33.894 -119.43 424 121 219 330 2014 7 1 17 2 6 1 24
2 66 36 33.839 -119.32 400 121 199 330 2014 7 1 17 3 16 1 24
2 66 36 33.773 -119.19 380 120 175 330 2014 7 1 17 4 6 1 24
2 66 36 33.719 -119.08 366 121 156 330 2014 7 1 17 5 6 1 24
2 66 36 33.668 -118.98 357 121 137 330 2014 7 1 17 6 6 1 24
2 66 36 33.617 -118.89 349 119 119 330 2014 7 1 17 7 6 1 24
2 66 36 33.572 -118.79 344 125 109 330 2014 7 1 17 8 6 1 24
2 66 36 33.569 -118.66 314 99 98 330 2014 7 1 17 9 6 1 2
2 66 36 33.567 -118.5 298 92 73 330 2014 7 1 17 10 16 1 2
2 66 36 33.561 -118.47 296 89 66 330 2014 7 1 17 11 8 1 2
2 66 36 33.558 -118.37 296 89 52 330 2014 7 1 17 12 6 1 2
2 66 36 33.55 -118.23 270 92 34 330 2014 7 1 17 13 15 1 2
2 66 36 33.552 -118.18 271 89 30 330 2014 7 1 17 14 6 1 2
2 66 36 33.567 -118.1 214 90 31 330 2014 7 1 17 15 6 1 2
2 66 36 33.625 -118.11 214 350 31 330 2014 7 1 17 16 6 1 2
2 66 36 33.645 -118.03 210 39 27 330 2014 7 1 17 17 6 1 2
2 66 36 33.689 -118.02 186 29 21 330 2014 7 1 17 18 16 1 2
2 66 36 33.735 -118.05 168 0 16 330 2014 7 1 17 19 6 1 2
2 66 36 33.733 -118.05 168 328 16 330 2014 7 1 17 20 6 1 2
2 66 36 33.767 -118.08 144 314 13 330 2014 7 1 17 21 13 1 2
2 66 36 33.8 -118.12 137 314 5 330 2014 7 1 17 22 6 1 2
2 66 36 33.819 -118.15 141 320 1 330 2014 7 1 17 23 17 1 2
3 66 36 37.619 -122.37 153 0 0 330 2014 7 1 20 47 6 4 155
3 66 36 37.641 -122.58 269 297 71 330 2014 7 1 20 49 16 4 155
3 66 36 37.563 -122.57 277 264 100 330 2014 7 1 20 50 15 4 155
3 66 36 37.474 -122.57 314 195 114 330 2014 7 1 20 51 6 4 155
3 66 36 37.413 -122.5 314 134 114 330 2014 7 1 20 52 6 4 156
3 66 36 37.286 -122.58 373 180 156 330 2014 7 1 20 53 16 4 176
3 66 36 37.159 -122.58 374 180 183 330 2014 7 1 20 54 6 4 176
3 66 36 37.05 -122.58 383 179 204 330 2014 7 1 20 55 6 4 188
3 66 36 37.029 -122.57 394 179 209 330 2014 7 1 20 56 6 4 188
3 66 36 36.936 -122.57 398 175 224 330 2014 7 1 20 57 6 4 188
3 66 36 36.725 -122.44 440 162 252 330 2014 7 1 20 58 15 4 188
3 66 36 36.709 -122.41 450 142 256 330 2014 7 1 20 59 6 4 188
3 66 36 36.61 -122.31 467 137 266 330 2014 7 1 21 0 6 4 188
3 66 36 36.509 -122.19 481 139 277 330 2014 7 1 21 1 6 4 188
3 66 36 36.405 -122.08 497 137 290 310 2014 7 1 21 2 6 4 188
3 66 36 36.302 -121.97 494 136 309 310 2014 7 1 21 3 6 4 188
3 66 36 36.206 -121.86 478 141 310 310 2014 7 1 21 4 6 4 188
3 66 36 36.104 -121.76 474 136 310 310 2014 7 1 21 5 6 4 188
3 66 36 35.989 -121.63 470 140 309 310 2014 7 1 21 6 6 4 188
3 66 36 35.89 -121.52 469 138 309 310 2014 7 1 21 7 6 4 188
3 66 36 35.792 -121.42 469 138 310 310 2014 7 1 21 8 6 4 188
3 66 36 35.691 -121.31 472 138 310 310 2014 7 1 21 9 6 4 188
3 66 36 35.587 -121.2 472 139 310 310 2014 7 1 21 10 15 4 188
3 66 36 35.494 -121.1 473 139 310 310 2014 7 1 21 11 6 4 188
3 66 36 35.362 -121 471 138 310 310 2014 7 1 21 12 16 1 55
3 66 36 35.266 -120.92 474 147 310 310 2014 7 1 21 13 6 1 55
3 66 36 35.132 -120.82 474 147 310 310 2014 7 1 21 14 16 1 55
3 66 36 35.021 -120.73 474 147 310 310 2014 7 1 21 15 16 1 55
3 66 36 34.911 -120.64 473 147 310 310 2014 7 1 21 16 6 1 55
3 66 36 34.8 -120.56 471 147 310 310 2014 7 1 21 17 6 1 55
3 66 36 34.681 -120.47 470 147 309 310 2014 7 1 21 18 6 1 55
3 66 36 34.569 -120.38 473 147 310 310 2014 7 1 21 19 16 1 55
3 66 36 34.461 -120.3 464 148 310 310 2014 7 1 21 20 16 1 55
3 66 36 34.418 -120.15 464 109 310 310 2014 7 1 21 21 6 1 55
3 66 36 34.236 -120.11 471 148 298 310 2014 7 1 21 22 16 1 55
3 66 36 34.17 -119.97 465 144 288 310 2014 7 1 21 23 15 1 55
3 66 36 34.142 -119.82 465 102 288 310 2014 7 1 21 24 21 1 55
3 66 36 34.028 -119.69 445 121 252 310 2014 7 1 21 25 16 1 55
3 66 36 34.028 -119.69 445 121 252 310 2014 7 1 21 26 6 1 55
3 66 36 33.967 -119.57 432 121 232 310 2014 7 1 21 27 6 1 24
3 66 36 33.907 -119.45 416 121 213 310 2014 7 1 21 28 16 1 24
3 66 36 33.852 -119.34 392 121 195 310 2014 7 1 21 29 6 1 24
3 66 36 33.799 -119.24 372 121 176 310 2014 7 1 21 30 15 1 24
3 66 36 33.746 -119.14 365 110 158 310 2014 7 1 21 31 6 1 24
3 66 36 33.685 -119.02 349 122 136 310 2014 7 1 21 32 16 1 24
3 66 36 33.633 -118.92 337 120 115 310 2014 7 1 21 33 16 1 24
3 66 36 33.601 -118.82 324 112 105 310 2014 7 1 21 34 6 1 24
3 66 36 33.583 -118.72 297 102 89 310 2014 7 1 21 35 16 1 2
3 66 36 33.564 -118.63 302 100 77 310 2014 7 1 21 36 6 1 2
3 66 36 33.542 -118.52 294 103 59 310 2014 7 1 21 37 6 1 2
3 66 36 33.525 -118.43 290 101 45 310 2014 7 1 21 38 16 1 2
3 66 36 33.531 -118.34 283 89 41 310 2014 7 1 21 39 6 1 2
3 66 36 33.542 -118.25 281 89 41 310 2014 7 1 21 40 6 1 2
3 66 36 33.551 -118.16 279 78 33 310 2014 7 1 21 41 6 1 2
3 66 36 33.596 -118.08 254 59 30 310 2014 7 1 21 42 6 1 2
3 66 36 33.644 -118.03 231 47 30 310 2014 7 1 21 43 15 1 2
3 66 36 33.694 -118.01 231 29 30 310 2014 7 1 21 44 16 1 2
3 66 36 33.734 -118.05 198 330 21 310 2014 7 1 21 45 16 1 2
3 66 36 33.767 -118.09 184 308 12 310 2014 7 1 21 46 12 1 2
3 66 36 33.8 -118.13 153 301 4 310 2014 7 1 21 47 6 1 2
3 66 36 33.825 -118.16 148 314 2 310 2014 7 1 21 48 6 1 2
4 66 36 37.636 -122.41 157 0 16 330 2014 7 2 2 22 15 4 155
4 66 36 37.602 -122.38 157 141 16 330 2014 7 2 2 23 15 4 155
4 66 36 37.666 -122.48 210 192 31 330 2014 7 2 2 24 6 4 155
4 66 36 37.576 -122.57 287 279 88 330 2014 7 2 2 25 16 4 155
4 66 36 37.491 -122.57 304 217 109 330 2014 7 2 2 26 15 4 155
4 66 36 37.391 -122.57 355 180 127 330 2014 7 2 2 27 16 4 176
4 66 36 37.29 -122.57 361 180 149 330 2014 7 2 2 28 16 4 176
4 66 36 37.186 -122.57 369 181 170 330 2014 7 2 2 29 15 4 176
4 66 36 37.183 -122.57 369 179 169 330 2014 7 2 2 30 6 4 176
4 66 36 37.054 -122.57 388 181 193 330 2014 7 2 2 31 6 4 176
4 66 36 36.946 -122.55 399 173 211 330 2014 7 2 2 32 6 4 188
4 66 36 36.761 -122.37 427 140 237 330 2014 7 2 2 33 16 4 188
4 66 36 36.763 -122.36 432 139 238 330 2014 7 2 2 34 16 4 188
4 66 36 36.666 -122.27 438 138 250 330 2014 7 2 2 35 15 4 188
4 66 36 36.566 -122.17 448 140 262 330 2014 7 2 2 36 6 4 188
4 66 36 36.468 -122.07 457 139 273 330 2014 7 2 2 37 16 4 188
4 66 36 36.37 -121.96 463 144 285 330 2014 7 2 2 38 16 4 188
4 66 36 36.268 -121.86 469 141 297 330 2014 7 2 2 39 15 4 188
4 66 36 36.146 -121.74 472 140 312 330 2014 7 2 2 40 15 4 188
4 66 36 36.045 -121.64 467 141 327 330 2014 7 2 2 41 16 4 188
4 66 36 35.944 -121.54 463 139 330 330 2014 7 2 2 42 16 4 188
4 66 36 35.844 -121.44 462 141 330 330 2014 7 2 2 43 16 4 188
4 66 36 35.744 -121.35 462 141 330 330 2014 7 2 2 44 6 4 188
4 66 36 35.645 -121.25 461 141 330 330 2014 7 2 2 45 6 4 188
4 66 36 35.544 -121.15 462 142 330 330 2014 7 2 2 46 6 4 188
4 66 36 35.441 -121.06 460 144 330 330 2014 7 2 2 47 15 1 55
4 66 36 35.303 -120.95 463 147 330 330 2014 7 2 2 48 6 1 55
4 66 36 35.196 -120.86 463 146 330 330 2014 7 2 2 49 15 1 55
4 66 36 35.087 -120.78 461 147 330 330 2014 7 2 2 50 6 1 55
4 66 36 34.98 -120.7 461 147 330 330 2014 7 2 2 51 16 1 55
4 66 36 34.873 -120.61 458 147 329 330 2014 7 2 2 52 16 1 55
4 66 36 34.763 -120.53 460 148 330 330 2014 7 2 2 53 15 1 55
4 66 36 34.645 -120.44 465 146 330 330 2014 7 2 2 54 6 1 55
4 66 36 34.535 -120.35 466 148 330 330 2014 7 2 2 55 15 1 55
4 66 36 34.427 -120.27 462 148 330 330 2014 7 2 2 56 16 1 55
4 66 36 34.304 -120.17 467 147 323 110 2014 7 2 2 57 16 1 55
4 66 36 34.212 -120.05 483 146 313 110 2014 7 2 2 58 15 1 55
4 66 36 34.141 -119.92 484 128 304 110 2014 7 2 2 59 16 1 55
4 66 36 34.141 -119.92 484 128 304 110 2014 7 2 3 0 6 1 55
4 66 36 34.001 -119.63 490 121 270 110 2014 7 2 3 1 15 1 55
4 66 36 33.917 -119.47 482 121 237 110 2014 7 2 3 2 15 1 24
4 66 36 33.917 -119.47 482 121 237 110 2014 7 2 3 3 6 1 24
4 66 36 33.786 -119.21 447 121 183 110 2014 7 2 3 4 15 1 24
4 66 36 33.791 -119.06 447 87 183 110 2014 7 2 3 5 16 1 24
4 66 36 33.724 -119.09 426 110 154 110 2014 7 2 3 6 6 1 24
4 66 36 33.633 -118.93 406 121 114 110 2014 7 2 3 7 16 1 24
4 66 36 33.583 -118.82 365 122 105 110 2014 7 2 3 8 15 1 24
4 66 36 33.55 -118.73 321 121 98 110 2014 7 2 3 9 16 1 2
4 66 36 33.55 -118.63 298 91 85 110 2014 7 2 3 10 15 1 2
4 66 36 33.567 -118.52 290 83 70 110 2014 7 2 3 11 6 1 2
4 66 36 33.583 -118.43 292 81 56 110 2014 7 2 3 12 6 1 2
4 66 36 33.583 -118.36 290 84 46 110 2014 7 2 3 13 6 1 2
4 66 36 33.593 -118.27 288 76 39 110 2014 7 2 3 14 15 1 2
4 66 36 33.617 -118.15 266 73 24 110 2014 7 2 3 15 16 1 2
4 66 36 33.65 -118.08 238 65 20 110 2014 7 2 3 16 16 1 2
4 66 36 33.733 -118.07 211 19 16 110 2014 7 2 3 17 15 1 2
4 66 36 33.758 -118.08 204 350 15 110 2014 7 2 3 18 15 1 2
4 66 36 33.787 -118.11 169 320 7 110 2014 7 2 3 19 15 1 2
4 66 36 33.812 -118.14 145 315 110 110 2014 7 2 3 20 6 1 15
5 66 36 37.633 -122.4 151 0 13 330 2014 7 2 16 15 16 4 155
5 66 36 37.634 -122.41 166 299 330 330 2014 7 2 16 16 6 4 188
5 66 36 37.651 -122.44 197 282 27 330 2014 7 2 16 17 6 4 155
5 66 36 37.665 -122.53 251 300 54 330 2014 7 2 16 18 6 4 155
5 66 36 37.602 -122.57 284 287 85 330 2014 7 2 16 19 6 4 155
5 66 36 37.517 -122.57 299 244 110 330 2014 7 2 16 20 9 4 155
5 66 36 37.398 -122.57 354 192 137 330 2014 7 2 16 21 6 4 176
5 66 36 37.296 -122.57 362 180 164 330 2014 7 2 16 22 16 4 176
5 66 36 37.191 -122.57 371 180 185 330 2014 7 2 16 23 16 4 176
5 66 36 37.077 -122.57 396 180 207 330 2014 7 2 16 24 6 4 188
5 66 36 36.968 -122.57 407 179 224 330 2014 7 2 16 25 16 4 188
5 66 36 36.865 -122.5 433 151 239 330 2014 7 2 16 26 6 4 188
5 66 36 36.751 -122.38 442 139 257 330 2014 7 2 16 27 6 4 188
5 66 36 36.654 -122.28 455 140 273 330 2014 7 2 16 28 6 4 188
5 66 36 36.551 -122.17 466 140 288 330 2014 7 2 16 29 6 4 188
5 66 36 36.453 -122.07 465 140 307 330 2014 7 2 16 30 6 4 188
5 66 36 36.356 -121.97 462 140 323 330 2014 7 2 16 31 6 4 188
5 66 36 36.239 -121.85 460 140 329 330 2014 7 2 16 32 6 4 188
5 66 36 36.14 -121.75 461 140 329 330 2014 7 2 16 33 6 4 188
5 66 36 36.04 -121.65 465 140 329 330 2014 7 2 16 34 6 4 188
5 66 36 35.939 -121.55 468 140 329 330 2014 7 2 16 35 16 4 188
5 66 36 35.836 -121.44 471 140 330 330 2014 7 2 16 36 6 4 188
5 66 36 35.736 -121.34 472 140 330 330 2014 7 2 16 37 6 4 188
5 66 36 35.621 -121.22 473 140 330 330 2014 7 2 16 38 6 4 188
5 66 36 35.551 -121.07 480 122 330 330 2014 7 2 16 39 6 4 188
5 66 36 35.491 -120.93 479 116 330 330 2014 7 2 16 40 16 1 55
5 66 36 35.436 -120.78 478 115 329 330 2014 7 2 16 41 6 1 55
5 66 36 35.382 -120.63 478 114 329 330 2014 7 2 16 42 6 1 55
5 66 36 35.329 -120.49 477 114 330 330 2014 7 2 16 43 6 1 55
5 66 36 35.318 -120.46 476 114 330 330 2014 7 2 16 44 6 1 55
5 66 36 35.21 -120.18 475 114 330 330 2014 7 2 16 45 6 1 55
5 66 36 35.155 -120.03 475 114 330 330 2014 7 2 16 46 6 1 54
5 66 36 35.144 -120 475 114 330 330 2014 7 2 16 47 6 1 54
5 66 36 35.014 -119.76 473 117 330 330 2014 7 2 16 48 16 1 54
5 66 36 34.997 -119.74 472 129 330 330 2014 7 2 16 49 6 1 54
5 66 36 34.911 -119.62 469 131 329 330 2014 7 2 16 50 6 1 54
5 66 36 34.842 -119.53 467 132 329 330 2014 7 2 16 51 6 1 54
5 66 36 34.739 -119.39 457 132 314 330 2014 7 2 16 52 6 1 54
5 66 36 34.638 -119.25 450 132 295 330 2014 7 2 16 53 6 1 54
5 66 36 34.559 -119.15 446 161 276 330 2014 7 2 16 54 6 1 54
5 66 36 34.478 -119.04 435 132 252 330 2014 7 2 16 55 6 1 54
5 66 36 34.397 -118.94 413 132 232 330 2014 7 2 16 56 6 1 25
5 66 36 34.283 -118.86 400 150 202 330 2014 7 2 16 57 6 1 25
5 66 36 34.15 -118.8 363 154 178 330 2014 7 2 16 58 6 1 25
5 66 36 34.067 -118.77 344 162 161 330 2014 7 2 16 59 6 1 25
5 66 36 33.967 -118.73 344 163 145 330 2014 7 2 17 0 6 1 24
5 66 36 33.883 -118.7 341 163 140 330 2014 7 2 17 1 6 1 24
5 66 36 33.799 -118.68 328 161 140 330 2014 7 2 17 2 6 1 24
5 66 36 33.7 -118.65 327 167 121 330 2014 7 2 17 3 6 1 2
5 66 36 33.633 -118.62 319 164 106 330 2014 7 2 17 4 6 1 2
5 66 36 33.55 -118.57 292 148 92 330 2014 7 2 17 5 6 1 2
5 66 36 33.48 -118.51 296 147 76 330 2014 7 2 17 6 6 1 2
5 66 36 33.468 -118.42 289 103 64 330 2014 7 2 17 7 6 1 2
5 66 36 33.499 -118.35 256 59 56 330 2014 7 2 17 8 6 1 2
5 66 36 33.529 -118.28 242 64 46 330 2014 7 2 17 9 6 1 2
5 66 36 33.55 -118.22 223 60 40 330 2014 7 2 17 10 6 1 2
5 66 36 33.592 -118.14 229 51 30 330 2014 7 2 17 11 6 1 2
5 66 36 33.617 -118.08 212 59 29 330 2014 7 2 17 12 6 1 2
5 66 36 33.633 -118.05 177 63 19 330 2014 7 2 17 13 6 1 2
5 66 36 33.693 -118.03 184 15 16 330 2014 7 2 17 14 6 1 2
5 66 36 33.733 -118.03 182 14 16 330 2014 7 2 17 15 6 1 2
5 66 36 33.767 -118.08 162 332 16 330 2014 7 2 17 16 7 1 2
5 66 36 33.783 -118.12 140 314 8 330 2014 7 2 17 17 6 1 2
5 66 36 33.817 -118.15 138 315 2 330 2014 7 2 17 18 16 1 2
6 66 36 37.619 -122.37 153 0 0 330 2014 7 2 20 44 6 4 155
6 66 36 37.65 -122.45 228 299 23 330 2014 7 2 20 45 6 4 155
6 66 36 37.667 -122.53 278 298 55 330 2014 7 2 20 46 6 4 155
6 66 36 37.646 -122.58 273 284 73 330 2014 7 2 20 47 6 4 155
6 66 36 37.568 -122.65 286 247 108 330 2014 7 2 20 48 6 4 155
6 66 36 37.484 -122.69 344 222 121 330 2014 7 2 20 49 6 4 155
6 66 36 37.384 -122.67 368 185 146 330 2014 7 2 20 50 6 4 176
6 66 36 37.282 -122.64 370 168 171 330 2014 7 2 20 51 6 4 176
6 66 36 37.173 -122.63 380 170 189 330 2014 7 2 20 52 9 4 176
6 66 36 37.044 -122.59 393 166 213 330 2014 7 2 20 53 6 4 188
6 66 36 36.973 -122.51 409 147 232 330 2014 7 2 20 54 16 4 188
6 66 36 36.865 -122.41 409 136 254 330 2014 7 2 20 55 6 4 188
6 66 36 36.773 -122.32 409 142 275 330 2014 7 2 20 56 6 4 188
6 66 36 36.692 -122.23 409 135 275 330 2014 7 2 20 57 6 4 188
6 66 36 36.589 -122.14 383 142 320 330 2014 7 2 20 58 6 4 188
6 66 36 36.522 -122.07 384 139 325 330 2014 7 2 20 59 6 4 188
6 66 36 36.41 -121.97 409 142 330 330 2014 7 2 21 0 6 4 188
6 66 36 36.332 -121.89 443 142 330 330 2014 7 2 21 1 6 4 188
6 66 36 36.21 -121.77 466 141 330 330 2014 7 2 21 2 6 4 188
6 66 36 36.107 -121.68 468 143 330 330 2014 7 2 21 3 6 4 188
6 66 36 36.105 -121.68 468 142 330 330 2014 7 2 21 4 6 4 188
6 66 36 35.98 -121.56 468 142 330 330 2014 7 2 21 5 6 4 188
6 66 36 35.878 -121.46 468 142 329 330 2014 7 2 21 6 6 4 188
6 66 36 35.778 -121.36 467 142 330 330 2014 7 2 21 7 6 4 188
6 66 36 35.675 -121.27 467 142 330 330 2014 7 2 21 8 6 4 188
6 66 36 35.564 -121.17 471 142 330 330 2014 7 2 21 9 16 4 188
6 66 36 35.459 -121.07 472 142 330 330 2014 7 2 21 10 6 4 188
6 66 36 35.349 -120.99 467 147 330 330 2014 7 2 21 11 6 1 55
6 66 36 35.231 -120.86 471 139 330 330 2014 7 2 21 12 6 1 55
6 66 36 35.134 -120.75 472 137 330 330 2014 7 2 21 13 6 1 55
6 66 36 35.024 -120.66 468 142 330 330 2014 7 2 21 14 6 1 55
6 66 36 34.909 -120.58 469 151 330 330 2014 7 2 21 15 6 1 55
6 66 36 34.786 -120.5 471 150 330 330 2014 7 2 21 16 6 1 55
6 66 36 34.672 -120.42 470 150 330 330 2014 7 2 21 17 15 1 55
6 66 36 34.558 -120.34 471 151 329 330 2014 7 2 21 18 6 1 55
6 66 36 34.445 -120.27 467 151 327 330 2014 7 2 21 19 16 1 55
6 66 36 34.321 -120.18 472 151 316 330 2014 7 2 21 20 6 1 55
6 66 36 34.225 -120.07 480 151 307 330 2014 7 2 21 21 6 1 55
6 66 36 34.151 -119.94 482 142 297 330 2014 7 2 21 22 6 1 55
6 66 36 34.067 -119.77 482 129 280 330 2014 7 2 21 23 6 1 55
6 66 36 33.998 -119.63 482 121 280 330 2014 7 2 21 24 6 1 55
6 66 36 33.938 -119.51 436 121 250 330 2014 7 2 21 25 6 1 55
6 66 36 33.875 -119.39 436 121 250 330 2014 7 2 21 26 6 1 55
6 66 36 33.819 -119.28 403 121 211 330 2014 7 2 21 27 15 1 24
6 66 36 33.752 -119.15 389 121 186 330 2014 7 2 21 28 6 1 24
6 66 36 33.696 -119.04 389 121 186 330 2014 7 2 21 29 6 1 24
6 66 36 33.699 -119.05 371 121 166 330 2014 7 2 21 30 6 1 24
6 66 36 33.633 -118.93 357 121 143 330 2014 7 2 21 31 6 1 24
6 66 36 33.583 -118.83 354 121 122 330 2014 7 2 21 32 6 1 24
6 66 36 33.55 -118.72 337 116 109 330 2014 7 2 21 33 6 1 2
6 66 36 33.531 -118.62 303 102 86 330 2014 7 2 21 34 6 1 2
6 66 36 33.517 -118.52 294 100 60 330 2014 7 2 21 35 6 1 2
6 66 36 33.533 -118.42 287 82 43 330 2014 7 2 21 36 6 1 2
6 66 36 33.55 -118.33 280 72 40 330 2014 7 2 21 37 6 1 2
6 66 36 33.573 -118.26 285 67 40 330 2014 7 2 21 38 16 1 2
6 66 36 33.599 -118.16 269 76 40 330 2014 7 2 21 39 15 1 2
6 66 36 33.641 -118.11 246 51 40 330 2014 7 2 21 40 6 1 2
6 66 36 33.701 -118.1 231 11 27 330 2014 7 2 21 41 6 1 2
6 66 36 33.755 -118.08 207 15 15 330 2014 7 2 21 42 6 1 2
6 66 36 33.792 -118.12 156 320 6 330 2014 7 2 21 43 6 1 2
6 66 36 33.821 -118.16 147 320 2 330 2014 7 2 21 44 6 1 2
7 66 36 37.63 -122.4 185 305 21 310 2014 7 3 22 2 6 4 155
7 66 36 37.661 -122.47 233 302 55 310 2014 7 3 22 3 6 4 155
7 66 36 37.674 -122.56 277 298 103 310 2014 7 3 22 4 6 4 155
7 66 36 37.635 -122.66 320 275 128 310 2014 7 3 22 5 6 4 155
7 66 36 37.544 -122.71 364 223 163 310 2014 7 3 22 6 7 4 155
7 66 36 37.418 -122.65 408 186 202 310 2014 7 3 22 7 6 4 188
7 66 36 37.32 -122.57 434 141 231 310 2014 7 3 22 8 6 4 188
7 66 36 37.217 -122.49 451 149 261 310 2014 7 3 22 9 6 4 188
7 66 36 37.109 -122.4 473 146 288 310 2014 7 3 22 10 6 4 188
7 66 36 36.998 -122.31 485 144 310 310 2014 7 3 22 11 6 4 188
7 66 36 36.885 -122.21 485 148 310 310 2014 7 3 22 12 6 4 188
7 66 36 36.776 -122.12 482 220 310 310 2014 7 3 22 13 6 4 188
7 66 36 36.663 -122.03 490 146 310 310 2014 7 3 22 14 6 4 188
7 66 36 36.525 -121.92 480 146 310 310 2014 7 3 22 15 6 4 188
7 66 36 36.413 -121.83 485 146 310 310 2014 7 3 22 16 6 4 188
7 66 36 36.303 -121.74 480 146 310 310 2014 7 3 22 17 6 4 188
7 66 36 36.191 -121.65 480 147 310 310 2014 7 3 22 18 6 4 188
7 66 36 36.191 -121.65 481 147 310 310 2014 7 3 22 19 6 4 188
7 66 36 35.967 -121.47 485 147 310 310 2014 7 3 22 20 8 4 188
7 66 36 35.832 -121.36 484 147 310 310 2014 7 3 22 21 9 4 188
7 66 36 35.832 -121.36 485 147 310 310 2014 7 3 22 22 6 4 188
7 66 36 35.72 -121.28 481 147 310 310 2014 7 3 22 23 6 4 188
7 66 36 35.608 -121.19 481 147 310 310 2014 7 3 22 24 7 4 188
7 66 36 35.496 -121.1 476 147 310 310 2014 7 3 22 25 6 4 188
7 66 36 35.362 -120.99 479 147 310 310 2014 7 3 22 26 6 1 55
7 66 36 35.252 -120.91 477 147 310 310 2014 7 3 22 27 6 1 55
7 66 36 35.154 -120.83 476 147 310 310 2014 7 3 22 28 6 1 55
7 66 36 35.02 -120.73 474 147 310 310 2014 7 3 22 29 6 1 55
7 66 36 34.907 -120.64 473 147 310 310 2014 7 3 22 30 6 1 55
7 66 36 34.786 -120.55 471 147 310 310 2014 7 3 22 31 6 1 55
7 66 36 34.674 -120.46 479 147 302 310 2014 7 3 22 32 6 1 55
7 66 36 34.563 -120.38 467 147 279 310 2014 7 3 22 33 6 1 55
7 66 36 34.457 -120.3 449 147 256 310 2014 7 3 22 34 6 1 55
7 66 36 34.352 -120.22 433 147 235 310 2014 7 3 22 35 6 1 24
7 66 36 34.253 -120.13 425 147 222 310 2014 7 3 22 36 6 1 24
7 66 36 34.19 -120.01 418 146 210 310 2014 7 3 22 37 6 1 24
7 66 36 34.119 -119.87 406 129 197 310 2014 7 3 22 38 6 1 24
7 66 36 34.061 -119.76 397 121 186 310 2014 7 3 22 39 6 1 24
7 66 36 34.004 -119.64 394 121 175 310 2014 7 3 22 40 6 1 24
7 66 36 33.948 -119.53 391 121 165 310 2014 7 3 22 41 6 1 24
7 66 36 33.892 -119.42 386 121 155 310 2014 7 3 22 42 6 1 24
7 66 36 33.826 -119.29 378 121 143 310 2014 7 3 22 43 6 1 24
7 66 36 33.775 -119.19 360 121 133 310 2014 7 3 22 44 6 1 24
7 66 36 33.721 -119.09 364 121 123 310 2014 7 3 22 45 6 1 24
7 66 36 33.669 -118.98 361 121 113 310 2014 7 3 22 46 6 1 24
7 66 36 33.616 -118.88 361 121 113 310 2014 7 3 22 47 6 1 24
7 66 36 33.565 -118.79 355 124 110 310 2014 7 3 22 48 6 1 24
7 66 36 33.55 -118.77 356 122 110 310 2014 7 3 22 49 6 1 2
7 66 36 33.492 -118.68 342 133 104 310 2014 7 3 22 50 6 1 2
7 66 36 33.467 -118.58 288 98 89 310 2014 7 3 22 51 8 1 2
7 66 36 33.5 -118.4 278 85 51 310 2014 7 3 22 52 6 1 2
7 66 36 33.517 -118.32 274 71 34 310 2014 7 3 22 53 6 1 2
7 66 36 33.55 -118.23 263 71 17 310 2014 7 3 22 54 6 1 2
7 66 36 33.551 -118.22 271 64 16 310 2014 7 3 22 55 6 1 2
7 66 36 33.583 -118.15 241 62 16 310 2014 7 3 22 56 6 1 2
7 66 36 33.65 -118.08 162 53 16 310 2014 7 3 22 57 6 1 2
7 66 36 33.664 -118.07 193 22 16 310 2014 7 3 22 58 6 1 2
7 66 36 33.713 -118.05 169 29 16 310 2014 7 3 22 59 6 1 2
7 66 36 33.747 -118.07 163 0 16 310 2014 7 3 23 1 6 1 2
7 66 36 33.747 -118.07 163 0 16 310 2014 7 3 23 1 6 1 2
7 66 36 33.817 -118.13 124 315 2 310 2014 7 3 23 2 6 1 2
7 66 36 33.816 -118.15 120 337 1 310 2014 7 3 23 3 6 1 2
8 66 36 37.633 -122.4 146 0 11 330 2014 7 3 1 49 15 4 155
8 66 36 37.649 -122.44 171 300 28 330 2014 7 3 1 50 16 4 155
8 66 36 37.676 -122.52 229 293 56 330 2014 7 3 1 51 6 4 155
8 66 36 37.619 -122.57 271 269 81 330 2014 7 3 1 52 6 4 155
8 66 36 37.537 -122.57 290 253 108 330 2014 7 3 1 53 6 4 155
8 66 36 37.475 -122.5 290 139 108 330 2014 7 3 1 54 6 4 155
8 66 36 37.439 -122.57 346 176 124 330 2014 7 3 1 55 6 4 156
8 66 36 37.335 -122.57 369 180 149 330 2014 7 3 1 56 6 4 176
8 66 36 37.23 -122.57 374 180 170 330 2014 7 3 1 57 6 4 176
8 66 36 37.019 -122.5 414 180 212 330 2014 7 3 1 58 16 4 188
8 66 36 36.906 -122.4 429 146 230 330 2014 7 3 1 59 7 4 188
8 66 36 36.831 -122.33 434 142 243 330 2014 7 3 2 0 6 4 188
8 66 36 36.732 -122.23 445 143 257 330 2014 7 3 2 1 6 4 188
8 66 36 36.631 -122.14 454 143 270 330 2014 7 3 2 2 6 4 188
8 66 36 36.526 -122.04 470 143 281 330 2014 7 3 2 3 16 4 188
8 66 36 36.422 -121.94 470 143 296 330 2014 7 3 2 4 15 4 188
8 66 36 36.293 -121.83 470 143 315 330 2014 7 3 2 5 16 4 188
8 66 36 36.293 -121.83 470 143 315 330 2014 7 3 2 6 6 4 188
8 66 36 36.085 -121.63 473 143 330 330 2014 7 3 2 7 16 4 188
8 66 36 36.064 -121.61 473 143 330 330 2014 7 3 2 8 6 4 188
8 66 36 35.956 -121.52 474 143 330 330 2014 7 3 2 9 6 4 188
8 66 36 35.852 -121.42 475 143 330 330 2014 7 3 2 10 6 4 188
8 66 36 35.745 -121.32 475 143 330 330 2014 7 3 2 11 6 4 188
8 66 36 35.64 -121.23 474 143 330 330 2014 7 3 2 12 6 4 188
8 66 36 35.534 -121.13 474 143 330 330 2014 7 3 2 13 15 4 188
8 66 36 35.426 -121.04 473 145 330 330 2014 7 3 2 14 6 1 55
8 66 36 35.294 -120.94 473 147 330 330 2014 7 3 2 15 16 1 55
8 66 36 35.197 -120.87 473 147 330 330 2014 7 3 2 16 6 1 55
8 66 36 35.073 -120.77 473 147 330 330 2014 7 3 2 17 6 1 55
8 66 36 34.974 -120.69 473 147 330 330 2014 7 3 2 18 15 1 55
8 66 36 34.863 -120.61 473 147 330 330 2014 7 3 2 19 6 1 55
8 66 36 34.742 -120.51 473 147 330 330 2014 7 3 2 20 6 1 55
8 66 36 34.632 -120.43 473 147 330 330 2014 7 3 2 21 6 1 55
8 66 36 34.521 -120.34 473 147 330 330 2014 7 3 2 22 16 1 55
8 66 36 34.409 -120.26 473 147 330 330 2014 7 3 2 23 15 1 55
8 66 36 34.293 -120.16 472 134 330 330 2014 7 3 2 24 6 1 55
8 66 36 34.206 -120.04 470 146 319 330 2014 7 3 2 25 16 1 55
8 66 36 34.137 -119.91 476 138 299 330 2014 7 3 2 26 6 1 55
8 66 36 34.055 -119.75 472 126 275 330 2014 7 3 2 27 6 1 55
8 66 36 33.989 -119.62 455 121 252 330 2014 7 3 2 28 6 1 55
8 66 36 33.926 -119.49 441 121 229 330 2014 7 3 2 29 16 1 24
8 66 36 33.864 -119.37 426 121 207 330 2014 7 3 2 30 16 1 24
8 66 36 33.804 -119.25 408 121 185 330 2014 7 3 2 31 6 1 24
8 66 36 33.747 -119.14 392 121 163 330 2014 7 3 2 32 16 1 24
8 66 36 33.681 -119.01 373 121 137 330 2014 7 3 2 33 15 1 24
8 66 36 33.629 -118.91 364 123 116 330 2014 7 3 2 34 6 1 24
8 66 36 33.578 -118.81 346 120 105 330 2014 7 3 2 35 16 1 24
8 66 36 33.539 -118.72 314 111 87 330 2014 7 3 2 36 6 1 2
8 66 36 33.523 -118.63 305 111 70 330 2014 7 3 2 37 6 1 2
8 66 36 33.525 -118.53 292 89 56 330 2014 7 3 2 38 15 1 2
8 66 36 33.555 -118.42 292 68 40 330 2014 7 3 2 39 15 1 2
8 66 36 33.578 -118.34 285 76 40 330 2014 7 3 2 40 6 1 2
8 66 36 33.597 -118.26 251 64 40 330 2014 7 3 2 41 6 1 2
8 66 36 33.617 -118.22 227 72 40 330 2014 7 3 2 42 6 1 2
8 66 36 33.633 -118.13 227 71 40 330 2014 7 3 2 43 16 1 2
8 66 36 33.65 -118.07 221 71 30 330 2014 7 3 2 44 16 1 2
8 66 36 33.683 -118.03 204 67 23 330 2014 7 3 2 45 16 1 2
8 66 36 33.754 -118.07 197 344 16 330 2014 7 3 2 46 15 1 2
8 66 36 33.767 -118.1 184 318 12 330 2014 7 3 2 47 6 1 2
8 66 36 33.8 -118.13 134 315 4 330 2014 7 3 2 48 15 1 2
9 66 36 37.619 -122.37 153 0 0 330 2014 7 3 16 12 6 4 155
9 66 36 37.667 -122.53 270 297 51 330 2014 7 3 16 14 6 4 155
9 66 36 37.617 -122.6 285 265 82 330 2014 7 3 16 15 6 4 155
9 66 36 37.567 -122.67 294 216 109 330 2014 7 3 16 16 6 4 155
9 66 36 37.5 -122.7 337 226 118 330 2014 7 3 16 17 6 4 155
9 66 36 37.402 -122.69 357 193 140 330 2014 7 3 16 18 6 4 176
9 66 36 37.3 -122.66 367 165 162 330 2014 7 3 16 19 6 4 176
9 66 36 37.194 -122.63 382 163 182 330 2014 7 3 16 20 6 4 176
9 66 36 37.061 -122.6 404 166 204 330 2014 7 3 16 21 6 4 188
9 66 36 36.946 -122.57 418 169 220 330 2014 7 3 16 22 6 4 188
9 66 36 36.828 -122.54 427 167 236 330 2014 7 3 16 23 6 4 188
9 66 36 36.709 -122.51 433 168 251 330 2014 7 3 16 24 6 4 188
9 66 36 36.587 -122.47 441 168 266 330 2014 7 3 16 25 6 4 188
9 66 36 36.463 -122.45 444 166 278 330 2014 7 3 16 26 7 4 188
9 66 36 36.357 -122.35 472 142 292 330 2014 7 3 16 27 6 4 188
9 66 36 36.274 -122.22 473 129 306 330 2014 7 3 16 28 6 4 188
9 66 36 36.173 -122.07 476 133 326 330 2014 7 3 16 29 6 4 188
9 66 36 36.089 -121.95 474 129 330 330 2014 7 3 16 30 6 4 188
9 66 36 36.002 -121.83 471 130 330 330 2014 7 3 16 31 6 4 188
9 66 36 35.922 -121.71 471 131 329 330 2014 7 3 16 32 6 4 188
9 66 36 35.837 -121.58 469 129 329 330 2014 7 3 16 33 6 4 188
9 66 36 35.75 -121.47 466 130 329 330 2014 7 3 16 34 6 4 188
9 66 36 35.753 -121.47 464 131 329 330 2014 7 3 16 35 6 4 188
9 66 36 35.578 -121.22 465 130 330 330 2014 7 3 16 36 6 4 188
9 66 36 35.567 -121.2 464 131 330 330 2014 7 3 16 37 6 4 188
9 66 36 35.477 -121.09 462 133 330 330 2014 7 3 16 38 6 4 188
9 66 36 35.372 -121.01 458 145 330 330 2014 7 3 16 39 6 1 55
9 66 36 35.267 -120.92 456 146 330 330 2014 7 3 16 40 6 1 55
9 66 36 35.152 -120.83 455 147 330 330 2014 7 3 16 41 6 1 55
9 66 36 35.034 -120.74 455 147 330 330 2014 7 3 16 42 6 1 55
9 66 36 34.937 -120.66 456 147 330 330 2014 7 3 16 43 6 1 55
9 66 36 34.819 -120.57 456 146 330 330 2014 7 3 16 44 6 1 55
9 66 36 34.712 -120.49 458 147 330 330 2014 7 3 16 45 6 1 55
9 66 36 34.608 -120.41 461 147 330 330 2014 7 3 16 46 6 1 55
9 66 36 34.497 -120.32 459 149 327 330 2014 7 3 16 47 6 1 55
9 66 36 34.37 -120.23 453 129 316 330 2014 7 3 16 48 6 1 55
9 66 36 34.264 -120.13 453 147 306 330 2014 7 3 16 49 6 1 55
9 66 36 34.185 -120.01 463 133 296 330 2014 7 3 16 50 6 1 55
9 66 36 34.119 -119.87 466 135 286 330 2014 7 3 16 51 10 1 55
9 66 36 34.05 -119.74 472 116 276 330 2014 7 3 16 52 6 1 55
9 66 36 33.982 -119.6 476 121 253 330 2014 7 3 16 53 6 1 55
9 66 36 33.914 -119.47 474 113 227 330 2014 7 3 16 54 6 1 24
9 66 36 33.836 -119.31 460 121 196 330 2014 7 3 16 55 6 1 24
9 66 36 33.771 -119.19 440 121 170 330 2014 7 3 16 56 6 1 24
9 66 36 33.711 -119.07 423 122 146 330 2014 7 3 16 57 6 1 24
9 66 36 33.653 -118.95 407 120 122 330 2014 7 3 16 58 6 1 24
9 66 36 33.599 -118.85 373 117 110 330 2014 7 3 16 59 6 1 24
9 66 36 33.568 -118.73 320 125 101 330 2014 7 3 17 0 6 1 2
9 66 36 33.55 -118.62 291 99 84 330 2014 7 3 17 1 6 1 2
9 66 36 33.55 -118.63 298 100 87 330 2014 7 3 17 2 6 1 2
9 66 36 33.517 -118.43 284 104 57 330 2014 7 3 17 3 6 1 2
9 66 36 33.544 -118.35 273 68 50 330 2014 7 3 17 4 6 1 2
9 66 36 33.567 -118.27 232 69 45 330 2014 7 3 17 5 6 1 2
9 66 36 33.583 -118.2 223 71 40 330 2014 7 3 17 6 14 1 2
9 66 36 33.604 -118.13 228 73 33 330 2014 7 3 17 7 6 1 2
9 66 36 33.622 -118.07 221 73 30 330 2014 7 3 17 8 16 1 2
9 66 36 33.65 -118.03 172 71 29 330 2014 7 3 17 9 6 1 2
9 66 36 33.683 -118 176 43 20 330 2014 7 3 17 10 6 1 2
9 66 36 33.717 -118.03 178 20 20 330 2014 7 3 17 11 6 1 2
9 66 36 33.732 -118.05 182 320 20 330 2014 7 3 17 12 6 1 2
9 66 36 33.766 -118.09 178 308 13 330 2014 7 3 17 13 6 1 2
9 66 36 33.817 -118.13 138 314 2 330 2014 7 3 17 14 6 1 2
9 66 36 33.824 -118.16 150 337 2 330 2014 7 3 17 15 6 1 2
10 66 36 37.619 -122.37 153 0 0 330 2014 7 3 20 45 6 4 155
10 66 36 37.643 -122.43 182 319 21 330 2014 7 3 20 48 6 4 155
10 66 36 37.641 -122.57 268 152 72 330 2014 7 3 20 49 7 4 155
10 66 36 37.547 -122.57 280 224 105 330 2014 7 3 20 50 6 4 155
10 66 36 37.454 -122.57 326 229 118 330 2014 7 3 20 51 6 4 156
10 66 36 37.354 -122.57 358 181 141 330 2014 7 3 20 52 10 4 176
10 66 36 37.248 -122.58 372 177 164 330 2014 7 3 20 53 6 4 176
10 66 36 37.149 -122.53 388 166 183 330 2014 7 3 20 54 6 4 176
10 66 36 37.054 -122.44 415 143 200 330 2014 7 3 20 55 6 4 188
10 66 36 36.958 -122.36 423 142 217 330 2014 7 3 20 56 6 4 188
10 66 36 36.838 -122.25 439 144 235 330 2014 7 3 20 57 6 4 188
10 66 36 36.737 -122.16 443 144 251 330 2014 7 3 20 58 6 4 188
10 66 36 36.634 -122.07 454 144 264 330 2014 7 3 20 59 6 4 188
10 66 36 36.528 -121.98 463 145 277 330 2014 7 3 21 0 6 4 188
10 66 36 36.421 -121.89 469 145 291 330 2014 7 3 21 1 6 4 188
10 66 36 36.296 -121.78 469 145 309 330 2014 7 3 21 2 6 4 188
10 66 36 36.19 -121.69 464 145 325 330 2014 7 3 21 3 6 4 188
10 66 36 36.084 -121.6 464 145 330 330 2014 7 3 21 4 6 4 188
10 66 36 35.976 -121.51 470 145 330 330 2014 7 3 21 5 6 4 188
10 66 36 35.868 -121.41 472 145 330 330 2014 7 3 21 6 6 4 188
10 66 36 35.759 -121.32 473 145 330 330 2014 7 3 21 7 6 4 188
10 66 36 35.649 -121.23 474 145 330 330 2014 7 3 21 8 6 4 188
10 66 36 35.536 -121.13 475 145 330 330 2014 7 3 21 9 6 4 188
10 66 36 35.426 -121.04 475 146 330 330 2014 7 3 21 10 6 1 55
10 66 36 35.3 -120.95 475 147 330 330 2014 7 3 21 11 6 1 55
10 66 36 35.181 -120.85 474 147 330 330 2014 7 3 21 12 6 1 55
10 66 36 35.08 -120.77 475 147 330 330 2014 7 3 21 13 6 1 55
10 66 36 34.949 -120.67 475 147 330 330 2014 7 3 21 14 6 1 55
10 66 36 34.836 -120.59 474 147 330 330 2014 7 3 21 15 6 1 55
10 66 36 34.726 -120.5 474 147 329 330 2014 7 3 21 16 6 1 55
10 66 36 34.613 -120.42 474 147 330 330 2014 7 3 21 17 6 1 55
10 66 36 34.536 -120.29 474 126 330 330 2014 7 3 21 18 6 1 55
10 66 36 34.391 -120.25 475 147 330 330 2014 7 3 21 19 6 1 55
10 66 36 34.279 -120.14 475 147 327 330 2014 7 3 21 20 7 1 55
10 66 36 34.21 -120.01 475 121 327 330 2014 7 3 21 21 10 1 55
10 66 36 34.195 -120.02 475 137 317 330 2014 7 3 21 22 6 1 55
10 66 36 34.112 -119.86 480 136 305 330 2014 7 3 21 23 6 1 55
10 66 36 33.975 -119.59 470 121 255 330 2014 7 3 21 24 6 1 55
10 66 36 33.907 -119.45 470 121 255 330 2014 7 3 21 25 8 1 55
10 66 36 33.909 -119.46 463 121 229 330 2014 7 3 21 26 6 1 24
10 66 36 33.843 -119.33 452 121 202 330 2014 7 3 21 27 6 1 24
10 66 36 33.767 -119.18 427 121 171 330 2014 7 3 21 28 6 1 24
10 66 36 33.709 -119.06 408 121 147 330 2014 7 3 21 29 6 1 24
10 66 36 33.65 -118.93 384 121 118 330 2014 7 3 21 30 6 1 24
10 66 36 33.583 -118.83 388 122 109 330 2014 7 3 21 31 6 1 24
10 66 36 33.541 -118.74 384 120 110 330 2014 7 3 21 32 6 1 2
10 66 36 33.479 -118.62 357 117 104 330 2014 7 3 21 33 6 1 2
10 66 36 33.483 -118.52 295 98 85 330 2014 7 3 21 34 6 1 2
10 66 36 33.5 -118.42 282 75 64 330 2014 7 3 21 35 6 1 2
10 66 36 33.517 -118.33 255 76 52 330 2014 7 3 21 36 6 1 2
10 66 36 33.531 -118.26 258 72 45 330 2014 7 3 21 37 6 1 2
10 66 36 33.565 -118.18 234 51 33 330 2014 7 3 21 38 6 1 2
10 66 36 33.592 -118.12 224 73 22 330 2014 7 3 21 39 6 1 2
10 66 36 33.622 -118.06 217 59 15 330 2014 7 3 21 40 6 1 2
10 66 36 33.675 -118.03 218 29 16 330 2014 7 3 21 41 6 1 2
10 66 36 33.725 -118.05 198 344 16 330 2014 7 3 21 42 6 1 2
10 66 36 33.765 -118.09 169 320 14 330 2014 7 3 21 43 6 1 2
10 66 36 33.792 -118.12 146 337 7 330 2014 7 3 21 44 6 1 2
10 66 36 33.818 -118.15 141 320 1 330 2014 7 3 21 45 6 1 2
11 66 36 37.633 -122.41 157 0 17 330 2014 7 4 1 47 6 4 155
11 66 36 37.661 -122.47 199 298 29 330 2014 7 4 1 48 15 4 155
11 66 36 37.618 -122.43 199 141 29 330 2014 7 4 1 49 6 4 155
11 66 36 37.666 -122.56 262 268 60 330 2014 7 4 1 50 6 4 155
11 66 36 37.604 -122.61 271 285 89 330 2014 7 4 1 51 6 4 155
11 66 36 37.534 -122.67 298 243 109 330 2014 7 4 1 52 6 4 155
11 66 36 37.339 -122.67 383 176 145 330 2014 7 4 1 53 6 4 176
11 66 36 37.223 -122.63 381 171 168 330 2014 7 4 1 54 10 4 176
11 66 36 37.115 -122.52 406 142 192 330 2014 7 4 1 55 15 4 176
11 66 36 37.023 -122.44 406 144 192 330 2014 7 4 1 56 6 4 173
11 66 36 37.019 -122.43 426 145 209 330 2014 7 4 1 57 6 4 188
11 66 36 36.921 -122.34 431 143 227 330 2014 7 4 1 58 16 4 188
11 66 36 36.819 -122.26 434 142 241 330 2014 7 4 1 59 6 4 188
11 66 36 36.613 -122.08 455 141 269 330 2014 7 4 2 0 6 4 188
11 66 36 36.507 -121.99 463 143 282 330 2014 7 4 2 1 6 4 188
11 66 36 36.508 -121.98 465 144 282 330 2014 7 4 2 2 6 4 188
11 66 36 36.401 -121.89 469 141 297 330 2014 7 4 2 3 6 4 188
11 66 36 36.276 -121.78 466 148 314 330 2014 7 4 2 4 6 4 188
11 66 36 36.172 -121.68 464 144 329 330 2014 7 4 2 5 6 4 188
11 66 36 36.067 -121.59 460 144 330 330 2014 7 4 2 6 6 4 188
11 66 36 35.962 -121.5 460 144 330 330 2014 7 4 2 7 16 4 188
11 66 36 35.856 -121.41 459 144 329 330 2014 7 4 2 8 8 4 188
11 66 36 35.752 -121.32 459 144 330 330 2014 7 4 2 9 6 4 188
11 66 36 35.627 -121.21 460 145 330 330 2014 7 4 2 10 6 4 188
11 66 36 35.537 -121.14 460 145 329 330 2014 7 4 2 11 6 4 188
11 66 36 35.431 -121.05 460 145 330 330 2014 7 4 2 12 6 1 55
11 66 36 35.309 -120.95 460 148 330 330 2014 7 4 2 13 6 1 55
11 66 36 35.192 -120.86 461 147 330 330 2014 7 4 2 14 15 1 55
11 66 36 35.084 -120.78 461 147 330 330 2014 7 4 2 15 6 1 55
11 66 36 34.975 -120.7 461 147 329 330 2014 7 4 2 16 6 1 55
11 66 36 34.867 -120.61 461 147 330 330 2014 7 4 2 17 16 1 55
11 66 36 34.757 -120.52 462 147 330 330 2014 7 4 2 18 15 1 55
11 66 36 34.64 -120.43 467 146 330 330 2014 7 4 2 19 6 1 55
11 66 36 34.53 -120.35 469 149 330 330 2014 7 4 2 20 16 1 55
11 66 36 34.401 -120.26 459 136 329 330 2014 7 4 2 21 6 1 55
11 66 36 34.307 -120.18 461 147 329 330 2014 7 4 2 22 16 1 55
11 66 36 34.208 -120.05 465 148 317 330 2014 7 4 2 23 16 1 55
11 66 36 34.14 -119.92 465 138 297 330 2014 7 4 2 24 16 1 55
11 66 36 34.074 -119.78 460 126 275 330 2014 7 4 2 25 16 1 55
11 66 36 34.009 -119.66 453 121 253 330 2014 7 4 2 26 6 1 55
11 66 36 33.944 -119.53 453 121 253 330 2014 7 4 2 27 6 1 55
11 66 36 33.946 -119.53 445 121 232 330 2014 7 4 2 28 6 1 24
11 66 36 33.884 -119.41 435 121 210 330 2014 7 4 2 29 6 1 24
11 66 36 33.826 -119.29 415 121 189 330 2014 7 4 2 30 6 1 24
11 66 36 33.757 -119.16 391 120 164 330 2014 7 4 2 31 6 1 24
11 66 36 33.65 -118.95 362 122 126 330 2014 7 4 2 32 6 1 24
11 66 36 33.633 -118.92 353 121 122 330 2014 7 4 2 33 6 1 24
11 66 36 33.583 -118.83 325 122 111 330 2014 7 4 2 34 6 1 24
11 66 36 33.583 -118.73 307 102 97 330 2014 7 4 2 35 16 1 2
11 66 36 33.583 -118.63 301 85 82 330 2014 7 4 2 36 6 1 2
11 66 36 33.6 -118.43 285 80 53 330 2014 7 4 2 37 16 1 2
11 66 36 33.6 -118.45 289 87 55 330 2014 7 4 2 38 7 1 2
11 66 36 33.6 -118.35 276 86 42 330 2014 7 4 2 39 15 1 2
11 66 36 33.6 -118.25 241 87 40 330 2014 7 4 2 40 6 1 2
11 66 36 33.61 -118.19 242 81 40 330 2014 7 4 2 41 6 1 2
11 66 36 33.614 -118.11 230 89 26 330 2014 7 4 2 42 6 1 2
11 66 36 33.661 -118.06 224 39 16 330 2014 7 4 2 43 6 1 2
11 66 36 33.713 -118.04 212 15 16 330 2014 7 4 2 44 6 1 2
11 66 36 33.758 -118.08 202 320 15 330 2014 7 4 2 45 6 1 2
11 66 36 33.789 -118.12 177 320 7 330 2014 7 4 2 46 6 1 2
12 66 36 37.619 -122.37 153 0 0 250 2014 7 4 11 37 15 4 155
12 66 36 37.624 -122.39 157 137 250 250 2014 7 4 11 39 15 4 188
12 66 36 37.675 -122.51 241 299 41 250 2014 7 4 11 40 15 4 155
12 66 36 37.635 -122.58 277 297 72 250 2014 7 4 11 41 15 4 155
12 66 36 37.556 -122.58 278 247 100 250 2014 7 4 11 42 6 4 155
12 66 36 37.467 -122.58 314 205 113 250 2014 7 4 11 43 6 4 155
12 66 36 37.362 -122.58 362 179 131 250 2014 7 4 11 44 6 4 176
12 66 36 37.255 -122.58 381 179 149 330 2014 7 4 11 45 6 4 176
12 66 36 37.142 -122.58 399 179 170 330 2014 7 4 11 46 16 4 176
12 66 36 37.038 -122.52 437 179 190 330 2014 7 4 11 47 6 4 173
12 66 36 36.926 -122.41 419 150 212 330 2014 7 4 11 48 6 4 188
12 66 36 36.853 -122.35 421 140 225 330 2014 7 4 11 49 15 4 188
12 66 36 36.735 -122.23 434 143 242 330 2014 7 4 11 50 15 4 188
12 66 36 36.637 -122.14 442 143 257 330 2014 7 4 11 51 15 4 188
12 66 36 36.536 -122.05 451 143 270 330 2014 7 4 11 52 16 4 188
12 66 36 36.433 -121.95 458 143 283 330 2014 7 4 11 53 6 4 188
12 66 36 36.329 -121.86 466 143 294 330 2014 7 4 11 54 15 4 188
12 66 36 36.229 -121.76 464 143 311 330 2014 7 4 11 55 16 4 188
12 66 36 36.126 -121.67 463 143 322 330 2014 7 4 11 56 15 4 188
12 66 36 36.021 -121.57 462 143 330 330 2014 7 4 11 57 15 4 188
12 66 36 35.92 -121.48 461 143 330 330 2014 7 4 11 58 6 4 188
12 66 36 35.818 -121.39 460 143 330 330 2014 7 4 11 59 6 4 188
12 66 36 35.716 -121.3 459 143 330 330 2014 7 4 12 0 15 4 188
12 66 36 35.621 -121.21 458 143 330 330 2014 7 4 12 1 6 4 188
12 66 36 35.525 -121.13 459 143 330 330 2014 7 4 12 2 15 4 188
12 66 36 35.404 -121.03 459 146 330 330 2014 7 4 12 3 6 1 55
12 66 36 35.297 -120.94 459 147 330 330 2014 7 4 12 4 6 1 55
12 66 36 35.204 -120.87 459 147 330 330 2014 7 4 12 5 15 1 55
12 66 36 35.084 -120.78 459 147 330 330 2014 7 4 12 6 16 1 55
12 66 36 34.977 -120.69 459 147 330 330 2014 7 4 12 7 15 1 55
12 66 36 34.879 -120.62 460 147 330 330 2014 7 4 12 8 6 1 55
12 66 36 34.77 -120.54 459 147 330 330 2014 7 4 12 9 15 1 55
12 66 36 34.656 -120.45 458 147 329 330 2014 7 4 12 10 15 1 55
12 66 36 34.548 -120.37 458 147 329 330 2014 7 4 12 11 6 1 55
12 66 36 34.44 -120.28 459 147 330 330 2014 7 4 12 12 6 1 55
12 66 36 34.325 -120.19 458 147 323 330 2014 7 4 12 13 6 1 55
12 66 36 34.237 -120.09 459 146 313 330 2014 7 4 12 14 15 1 55
12 66 36 34.163 -119.96 465 142 301 330 2014 7 4 12 15 8 1 55
12 66 36 34.096 -119.83 467 130 274 330 2014 7 4 12 16 16 1 55
12 66 36 34.031 -119.7 463 122 242 330 2014 7 4 12 17 15 1 55
12 66 36 33.965 -119.57 445 120 219 330 2014 7 4 12 18 6 1 24
12 66 36 33.902 -119.44 440 113 189 330 2014 7 4 12 19 15 1 24
12 66 36 33.841 -119.32 428 121 161 330 2014 7 4 12 20 16 1 24
12 66 36 33.782 -119.21 400 121 140 330 2014 7 4 12 21 16 1 24
12 66 36 33.683 -119 380 121 115 330 2014 7 4 12 22 15 1 24
12 66 36 33.617 -118.9 355 122 106 330 2014 7 4 12 23 15 1 24
12 66 36 33.622 -118.88 375 128 105 330 2014 7 4 12 24 15 1 24
12 66 36 33.609 -118.78 322 118 97 330 2014 7 4 12 25 15 1 24
12 66 36 33.598 -118.68 293 96 83 330 2014 7 4 12 26 15 1 2
12 66 36 33.601 -118.59 291 89 68 330 2014 7 4 12 27 6 1 2
12 66 36 33.617 -118.47 271 83 51 330 2014 7 4 12 28 15 1 2
12 66 36 33.613 -118.41 272 83 41 330 2014 7 4 12 29 6 1 2
12 66 36 33.618 -118.3 270 89 38 330 2014 7 4 12 30 6 1 2
12 66 36 33.622 -118.21 270 89 24 330 2014 7 4 12 31 15 1 2
12 66 36 33.646 -118.14 262 64 16 330 2014 7 4 12 32 6 1 2
12 66 36 33.698 -118.09 247 29 16 330 2014 7 4 12 33 15 1 2
12 66 36 33.749 -118.08 206 15 16 330 2014 7 4 12 34 16 1 2
12 66 36 33.8 -118.12 152 7 6 330 2014 7 4 12 35 6 1 2
13 66 36 37.633 -122.4 162 0 13 330 2014 7 4 16 10 6 4 155
13 66 36 37.654 -122.45 188 305 28 330 2014 7 4 16 11 6 4 155
13 66 36 37.662 -122.53 241 260 52 330 2014 7 4 16 12 15 4 155
13 66 36 37.603 -122.59 274 285 82 330 2014 7 4 16 13 15 4 155
13 66 36 37.514 -122.63 296 245 115 330 2014 7 4 16 14 6 4 155
13 66 36 37.428 -122.62 308 206 138 330 2014 7 4 16 15 16 4 176
13 66 36 37.333 -122.61 336 185 158 330 2014 7 4 16 16 6 4 176
13 66 36 37.232 -122.6 353 175 177 330 2014 7 4 16 17 15 4 176
13 66 36 37.128 -122.59 371 175 197 330 2014 7 4 16 18 6 4 188
13 66 36 37.053 -122.5 371 136 197 330 2014 7 4 16 19 15 4 188
13 66 36 36.962 -122.46 390 163 232 330 2014 7 4 16 20 6 4 188
13 66 36 36.857 -122.37 391 143 256 330 2014 7 4 16 21 6 4 188
13 66 36 36.771 -122.27 397 142 272 330 2014 7 4 16 22 16 4 188
13 66 36 36.771 -122.27 397 142 272 330 2014 7 4 16 23 6 4 188
13 66 36 36.561 -122.08 440 145 294 330 2014 7 4 16 24 15 4 188
13 66 36 36.479 -122.01 448 141 301 330 2014 7 4 16 25 15 4 188
13 66 36 36.374 -121.91 462 146 313 330 2014 7 4 16 26 15 4 188
13 66 36 36.355 -121.88 462 146 317 330 2014 7 4 16 27 6 4 188
13 66 36 36.148 -121.7 463 143 330 330 2014 7 4 16 28 16 4 188
13 66 36 36.152 -121.7 460 142 330 330 2014 7 4 16 29 6 4 188
13 66 36 36.049 -121.6 458 142 330 330 2014 7 4 16 30 16 4 188
13 66 36 35.943 -121.51 461 142 330 330 2014 7 4 16 31 6 4 188
13 66 36 35.841 -121.42 461 143 330 330 2014 7 4 16 32 16 4 188
13 66 36 35.739 -121.32 461 143 330 330 2014 7 4 16 33 6 4 188
13 66 36 35.617 -121.21 459 143 330 330 2014 7 4 16 34 16 4 188
13 66 36 35.514 -121.12 461 144 330 330 2014 7 4 16 35 15 4 188
13 66 36 35.408 -121.03 458 146 330 330 2014 7 4 16 36 6 1 55
13 66 36 35.292 -120.94 459 146 330 330 2014 7 4 16 37 16 1 55
13 66 36 35.185 -120.86 458 147 329 330 2014 7 4 16 38 6 1 55
13 66 36 35.067 -120.77 457 147 329 330 2014 7 4 16 39 6 1 55
13 66 36 34.97 -120.69 459 146 329 330 2014 7 4 16 40 7 1 55
13 66 36 34.862 -120.61 457 148 330 330 2014 7 4 16 41 15 1 55
13 66 36 34.753 -120.52 457 147 330 330 2014 7 4 16 42 16 1 55
13 66 36 34.638 -120.43 462 146 330 330 2014 7 4 16 43 6 1 55
13 66 36 34.51 -120.34 454 148 330 330 2014 7 4 16 44 16 1 55
13 66 36 34.425 -120.27 453 148 329 330 2014 7 4 16 45 6 1 55
13 66 36 34.297 -120.17 451 125 330 330 2014 7 4 16 46 15 1 55
13 66 36 34.211 -120.06 452 145 330 330 2014 7 4 16 47 6 1 55
13 66 36 34.144 -119.92 457 128 330 330 2014 7 4 16 48 6 1 55
13 66 36 34.079 -119.79 459 127 315 330 2014 7 4 16 49 15 1 55
13 66 36 34 -119.64 459 121 279 330 2014 7 4 16 50 6 1 55
13 66 36 33.933 -119.5 459 121 243 330 2014 7 4 16 51 6 1 55
13 66 36 33.867 -119.37 465 121 215 330 2014 7 4 16 52 6 1 24
13 66 36 33.803 -119.25 441 121 185 330 2014 7 4 16 53 15 1 24
13 66 36 33.74 -119.12 434 110 158 330 2014 7 4 16 54 16 1 24
13 66 36 33.669 -118.99 413 121 125 330 2014 7 4 16 55 6 1 24
13 66 36 33.693 -118.85 413 77 125 330 2014 7 4 16 56 6 1 24
13 66 36 33.589 -118.77 344 110 103 330 2014 7 4 16 57 16 1 2
13 66 36 33.596 -118.67 304 78 93 330 2014 7 4 16 58 16 1 2
13 66 36 33.601 -118.58 295 89 76 330 2014 7 4 16 59 15 1 2
13 66 36 33.6 -118.5 264 86 66 330 2014 7 4 17 0 6 1 2
13 66 36 33.6 -118.43 229 91 55 330 2014 7 4 17 1 6 1 2
13 66 36 33.6 -118.35 219 90 44 330 2014 7 4 17 2 6 1 2
13 66 36 33.6 -118.28 218 88 34 330 2014 7 4 17 3 6 1 2
13 66 36 33.6 -118.22 212 90 23 330 2014 7 4 17 4 6 1 2
13 66 36 33.617 -118.15 220 91 17 330 2014 7 4 17 5 15 1 2
13 66 36 33.65 -118.08 218 65 17 330 2014 7 4 17 6 15 1 2
13 66 36 33.7 -118.05 220 43 17 330 2014 7 4 17 7 16 1 2
13 66 36 33.75 -118.07 194 15 17 330 2014 7 4 17 8 6 1 2
13 66 36 33.783 -118.1 169 318 10 330 2014 7 4 17 9 15 1 2
13 66 36 33.8 -118.13 145 313 3 330 2014 7 4 17 10 16 1 2
13 66 36 33.825 -118.16 160 301 3 330 2014 7 4 17 11 16 1 2
14 66 36 37.619 -122.37 153 0 0 330 2014 7 4 21 0 15 4 155
14 66 36 37.6 -122.62 283 137 93 330 2014 7 4 21 4 15 4 155
14 66 36 37.473 -122.62 322 264 116 330 2014 7 4 21 5 15 4 155
14 66 36 37.372 -122.61 360 232 138 330 2014 7 4 21 6 6 4 176
14 66 36 37.266 -122.6 371 176 157 330 2014 7 4 21 7 6 4 176
14 66 36 37.158 -122.59 381 175 176 330 2014 7 4 21 8 6 4 176
14 66 36 37.046 -122.57 403 172 195 330 2014 7 4 21 9 18 4 173
14 66 36 36.935 -122.47 419 141 216 330 2014 7 4 21 10 15 4 188
14 66 36 36.841 -122.39 417 139 229 330 2014 7 4 21 11 6 4 188
14 66 36 36.746 -122.28 437 144 245 330 2014 7 4 21 12 16 4 188
14 66 36 36.646 -122.2 437 139 260 330 2014 7 4 21 13 6 4 188
14 66 36 36.547 -122.1 448 142 271 330 2014 7 4 21 14 15 4 188
14 66 36 36.446 -122 458 142 282 330 2014 7 4 21 15 15 4 188
14 66 36 36.322 -121.89 464 142 301 330 2014 7 4 21 16 16 4 188
14 66 36 36.221 -121.79 464 142 314 330 2014 7 4 21 17 16 4 188
14 66 36 36.117 -121.69 464 142 328 330 2014 7 4 21 18 6 4 188
14 66 36 36.016 -121.59 464 142 330 330 2014 7 4 21 19 6 4 188
14 66 36 35.916 -121.49 461 143 330 330 2014 7 4 21 20 16 4 188
14 66 36 35.813 -121.4 463 141 330 330 2014 7 4 21 21 15 4 188
14 66 36 35.691 -121.28 463 143 330 330 2014 7 4 21 22 6 4 188
14 66 36 35.604 -121.2 460 142 330 330 2014 7 4 21 23 6 4 188
14 66 36 35.502 -121.11 460 142 329 330 2014 7 4 21 24 6 4 188
14 66 36 35.404 -121.03 458 147 330 330 2014 7 4 21 25 15 1 55
14 66 36 35.267 -120.92 458 146 330 330 2014 7 4 21 26 15 1 55
14 66 36 35.16 -120.84 457 147 330 330 2014 7 4 21 27 16 1 55
14 66 36 35.057 -120.76 442 147 330 330 2014 7 4 21 28 6 1 55
14 66 36 34.955 -120.68 441 147 330 330 2014 7 4 21 29 6 1 55
14 66 36 34.872 -120.61 440 147 330 330 2014 7 4 21 30 6 1 55
14 66 36 34.739 -120.51 442 146 330 330 2014 7 4 21 31 6 1 55
14 66 36 34.635 -120.43 444 146 330 330 2014 7 4 21 32 15 1 55
14 66 36 34.531 -120.35 442 148 330 330 2014 7 4 21 33 6 1 55
14 66 36 34.403 -120.26 450 148 323 330 2014 7 4 21 34 6 1 55
14 66 36 34.294 -120.17 460 136 314 330 2014 7 4 21 35 18 1 55
14 66 36 34.294 -120.17 460 136 314 330 2014 7 4 21 36 6 1 55
14 66 36 34.142 -119.92 455 138 295 330 2014 7 4 21 37 16 1 55
14 66 36 34.078 -119.79 451 126 279 330 2014 7 4 21 38 16 1 55
14 66 36 34.014 -119.67 448 121 259 330 2014 7 4 21 39 16 1 55
14 66 36 34.014 -119.67 448 121 259 330 2014 7 4 21 40 6 1 55
14 66 36 33.951 -119.54 434 121 237 330 2014 7 4 21 41 6 1 24
14 66 36 33.892 -119.42 429 121 216 330 2014 7 4 21 42 16 1 24
14 66 36 33.834 -119.3 410 121 195 330 2014 7 4 21 43 16 1 24
14 66 36 33.766 -119.17 389 120 171 330 2014 7 4 21 44 18 1 24
14 66 36 33.711 -119.07 377 121 151 330 2014 7 4 21 45 6 1 24
14 66 36 33.633 -118.92 350 122 123 330 2014 7 4 21 46 6 1 24
14 66 36 33.583 -118.82 338 121 106 330 2014 7 4 21 47 6 1 24
14 66 36 33.533 -118.73 298 121 98 330 2014 7 4 21 48 6 1 2
14 66 36 33.5 -118.65 291 122 84 330 2014 7 4 21 49 15 1 2
14 66 36 33.483 -118.55 279 108 68 330 2014 7 4 21 50 16 1 2
14 66 36 33.483 -118.47 275 97 59 330 2014 7 4 21 51 6 1 2
14 66 36 33.517 -118.4 236 68 54 330 2014 7 4 21 52 16 1 2
14 66 36 33.533 -118.33 221 69 44 330 2014 7 4 21 53 6 1 2
14 66 36 33.567 -118.27 217 69 35 330 2014 7 4 21 54 6 1 2
14 66 36 33.583 -118.2 214 67 26 330 2014 7 4 21 55 6 1 2
14 66 36 33.6 -118.13 214 69 15 330 2014 7 4 21 56 15 1 2
14 66 36 33.633 -118.08 215 60 15 330 2014 7 4 21 57 16 1 2
14 66 36 33.683 -118.05 197 33 16 330 2014 7 4 21 58 15 1 2
14 66 36 33.733 -118.05 173 0 15 330 2014 7 4 21 59 16 1 2
14 66 36 33.767 -118.08 166 318 12 330 2014 7 4 22 0 6 1 2
14 66 36 33.8 -118.12 149 314 5 330 2014 7 4 22 1 15 1 2
14 66 36 33.824 -118.16 159 320 2 330 2014 7 4 22 2 6 1 2
