1 66 70 37.619 -122.37 122 0 0 110 2014 7 1 3 31 6 4 155
1 66 70 37.667 -122.37 168 29 21 110 2014 7 1 3 33 6 4 155
1 66 70 37.733 -122.4 204 341 52 110 2014 7 1 3 34 6 4 155
1 66 70 37.783 -122.35 202 22 69 110 2014 7 1 3 35 6 4 155
1 66 70 37.817 -122.32 201 40 83 110 2014 7 1 3 36 16 4 155
1 66 70 37.85 -122.27 205 41 96 110 2014 7 1 3 37 6 4 155
1 66 70 37.9 -122.22 212 44 108 110 2014 7 1 3 38 6 4 155
1 66 70 37.95 -122.15 238 43 110 110 2014 7 1 3 39 15 4 155
1 66 70 38 -122.08 242 41 110 110 2014 7 1 3 40 6 4 155
1 66 70 38.05 -122.03 236 42 110 110 2014 7 1 3 41 6 4 155
1 66 70 38.1 -121.98 232 40 111 110 2014 7 1 3 42 6 4 155
1 66 70 38.167 -121.93 232 35 111 110 2014 7 1 3 43 6 4 155
1 66 70 38.2 -121.9 230 36 111 110 2014 7 1 3 44 6 4 155
1 66 70 38.25 -121.85 231 37 110 110 2014 7 1 3 45 6 4 155
1 66 70 38.3 -121.8 230 36 110 110 2014 7 1 3 46 6 4 153
1 66 70 38.35 -121.75 236 37 106 110 2014 7 1 3 47 6 4 153
1 66 70 38.417 -121.72 238 22 95 110 2014 7 1 3 48 16 4 153
1 66 70 38.483 -121.72 239 10 83 110 2014 7 1 3 49 6 4 153
1 66 70 38.55 -121.7 248 9 66 110 2014 7 1 3 50 6 4 153
1 66 70 38.593 -121.69 245 1 59 110 2014 7 1 3 51 6 4 153
1 66 70 38.669 -121.69 232 0 42 110 2014 7 1 3 52 6 4 153
1 66 70 38.733 -121.68 185 7 29 110 2014 7 1 3 53 6 4 153
1 66 70 38.75 -121.65 173 58 21 110 2014 7 1 3 54 6 4 153
1 66 70 38.751 -121.6 158 89 13 110 2014 7 1 3 55 15 4 153
2 66 70 37.633 -122.38 165 0 13 110 2014 7 1 14 17 16 4 155
2 66 70 37.667 -122.33 196 334 26 110 2014 7 1 14 18 6 4 155
2 66 70 37.7 -122.28 183 51 45 110 2014 7 1 14 19 15 4 155
2 66 70 37.733 -122.23 243 57 61 110 2014 7 1 14 20 6 4 155
2 66 70 37.783 -122.2 189 33 78 110 2014 7 1 14 21 6 4 155
2 66 70 37.817 -122.17 196 22 92 110 2014 7 1 14 22 6 4 155
2 66 70 37.867 -122.13 200 27 106 110 2014 7 1 14 23 6 4 155
2 66 70 37.933 -122.12 229 22 110 110 2014 7 1 14 24 6 4 155
2 66 70 37.982 -122.09 241 22 109 110 2014 7 1 14 25 6 4 155
2 66 70 38.04 -122.05 242 30 110 110 2014 7 1 14 26 6 4 155
2 66 70 38.092 -122 237 27 110 110 2014 7 1 14 27 6 4 155
2 66 70 38.15 -121.95 229 36 110 110 2014 7 1 14 28 6 4 155
2 66 70 38.142 -121.95 228 40 110 110 2014 7 1 14 29 6 4 155
2 66 70 38.244 -121.85 228 36 109 110 2014 7 1 14 30 16 4 155
2 66 70 38.3 -121.8 231 38 106 110 2014 7 1 14 31 6 4 153
2 66 70 38.35 -121.75 240 37 96 110 2014 7 1 14 32 16 4 153
2 66 70 38.422 -121.73 239 8 85 110 2014 7 1 14 33 15 4 153
2 66 70 38.479 -121.71 242 11 76 110 2014 7 1 14 34 6 4 153
2 66 70 38.555 -121.69 236 11 64 110 2014 7 1 14 35 6 4 153
2 66 70 38.615 -121.68 222 11 54 110 2014 7 1 14 36 6 4 153
2 66 70 38.676 -121.69 216 0 43 110 2014 7 1 14 37 6 4 153
2 66 70 38.734 -121.7 214 348 30 110 2014 7 1 14 38 6 4 153
2 66 70 38.789 -121.71 204 345 31 110 2014 7 1 14 39 18 4 153
2 66 70 38.804 -121.67 163 57 26 110 2014 7 1 14 40 15 4 153
2 66 70 38.8 -121.63 149 66 22 110 2014 7 1 14 41 10 4 153
2 66 70 38.785 -121.58 148 89 15 110 2014 7 1 14 42 6 4 153
2 66 70 38.747 -121.58 142 180 7 110 2014 7 1 14 43 6 4 153
2 66 70 38.714 -121.58 130 180 2 110 2014 7 1 14 44 6 4 153
3 66 70 37.619 -122.37 122 0 0 110 2014 7 2 3 28 15 4 155
4 66 70 37.619 -122.37 122 0 0 110 2014 7 2 6 43 15 4 155
4 66 70 37.72 -122.24 214 29 44 110 2014 7 2 6 47 16 4 155
4 66 70 37.883 -122.11 240 41 71 110 2014 7 2 6 48 15 4 155
4 66 70 37.948 -122.07 252 32 71 110 2014 7 2 6 49 15 4 155
4 66 70 38.011 -122.03 252 26 71 110 2014 7 2 6 50 15 4 155
4 66 70 38.016 -122.03 264 25 71 110 2014 7 2 6 51 15 4 155
4 66 70 38.085 -122 267 24 71 110 2014 7 2 6 52 16 4 155
4 66 70 38.161 -121.99 273 23 70 110 2014 7 2 6 53 16 4 151
4 66 70 38.237 -121.99 274 12 70 110 2014 7 2 6 54 15 4 151
4 66 70 38.316 -121.98 281 2 65 110 2014 7 2 6 55 15 4 151
4 66 70 38.395 -121.98 282 2 57 110 2014 7 2 6 56 6 4 151
4 66 70 38.473 -121.98 282 1 51 110 2014 7 2 6 57 16 4 151
4 66 70 38.604 -121.95 256 1 51 110 2014 7 2 6 58 15 4 151
4 66 70 38.651 -121.9 231 9 45 110 2014 7 2 6 59 15 4 151
4 66 70 38.663 -121.82 231 79 45 110 2014 7 2 7 0 16 4 151
4 66 70 38.712 -121.83 245 46 37 110 2014 7 2 7 1 15 4 151
4 66 70 38.755 -121.76 245 40 30 110 2014 7 2 7 2 15 4 153
4 66 70 38.783 -121.69 236 45 24 110 2014 7 2 7 3 15 4 153
4 66 70 38.778 -121.62 215 57 17 110 2014 7 2 7 4 15 4 153
4 66 70 38.758 -121.58 175 78 10 110 2014 7 2 7 5 16 4 153
4 66 70 38.723 -121.58 143 106 4 110 2014 7 2 7 6 6 4 153
4 66 70 38.692 -121.58 130 152 110 110 2014 7 2 7 7 15 4 153
5 66 70 37.619 -122.37 122 0 0 110 2014 7 2 22 22 6 4 155
5 66 70 37.65 -122.37 170 29 19 110 2014 7 2 22 24 16 4 155
5 66 70 37.75 -122.32 200 18 50 110 2014 7 2 22 25 6 4 155
5 66 70 37.8 -122.28 205 23 66 110 2014 7 2 22 26 6 4 155
5 66 70 37.85 -122.23 215 33 79 110 2014 7 2 22 27 6 4 155
5 66 70 37.9 -122.18 218 39 92 110 2014 7 2 22 28 6 4 155
5 66 70 37.95 -122.15 223 36 106 110 2014 7 2 22 29 6 4 155
5 66 70 38 -122.08 244 38 110 110 2014 7 2 22 30 6 4 155
5 66 70 38.033 -122.06 250 32 110 110 2014 7 2 22 31 6 4 155
5 66 70 38.117 -121.98 258 42 110 110 2014 7 2 22 32 16 4 155
5 66 70 38.167 -121.93 259 36 110 110 2014 7 2 22 33 6 4 155
5 66 70 38.233 -121.87 261 37 110 110 2014 7 2 22 34 6 4 155
5 66 70 38.283 -121.82 262 36 110 110 2014 7 2 22 35 16 4 153
5 66 70 38.333 -121.78 267 32 106 110 2014 7 2 22 36 6 4 153
5 66 70 38.413 -121.75 283 15 93 110 2014 7 2 22 37 6 4 153
5 66 70 38.492 -121.72 288 17 81 110 2014 7 2 22 38 6 4 153
5 66 70 38.567 -121.7 294 13 67 110 2014 7 2 22 39 16 4 153
5 66 70 38.644 -121.68 279 6 49 110 2014 7 2 22 40 6 4 153
5 66 70 38.712 -121.68 248 0 34 110 2014 7 2 22 41 6 4 153
5 66 70 38.758 -121.64 233 49 19 110 2014 7 2 22 42 6 4 153
5 66 70 38.754 -121.58 193 89 11 110 2014 7 2 22 43 6 4 153
5 66 70 38.716 -121.58 158 180 3 110 2014 7 2 22 44 16 4 153
6 66 70 37.619 -122.37 150 0 0 110 2014 7 3 1 26 6 4 155
6 66 70 37.667 -122.4 198 0 44 110 2014 7 3 1 27 6 4 155
6 66 70 37.794 -122.25 325 32 110 110 2014 7 3 1 28 15 4 155
6 66 70 37.881 -122.18 368 33 111 110 2014 7 3 1 29 16 4 155
6 66 70 37.95 -122.12 364 33 112 110 2014 7 3 1 30 16 4 155
6 66 70 37.964 -122.11 369 38 111 110 2014 7 3 1 31 6 4 155
6 66 70 38.049 -122.04 369 27 111 110 2014 7 3 1 32 17 4 155
6 66 70 38.2 -121.9 367 35 111 110 2014 7 3 1 33 6 4 155
6 66 70 38.214 -121.88 370 38 109 110 2014 7 3 1 34 15 4 155
6 66 70 38.296 -121.81 370 38 109 110 2014 7 3 1 35 16 4 153
6 66 70 38.37 -121.74 343 38 93 110 2014 7 3 1 36 6 4 153
6 66 70 38.517 -121.7 287 12 67 110 2014 7 3 1 37 15 4 153
6 66 70 38.548 -121.7 288 11 60 110 2014 7 3 1 38 6 4 153
6 66 70 38.623 -121.68 278 8 40 110 2014 7 3 1 39 6 4 153
6 66 70 38.733 -121.68 208 355 29 110 2014 7 3 1 40 16 4 153
6 66 70 38.767 -121.68 122 8 30 110 2014 7 3 1 41 15 4 153
6 66 70 38.776 -121.68 131 0 29 110 2014 7 3 1 42 6 4 153
6 66 70 38.792 -121.65 139 21 23 110 2014 7 3 1 43 6 4 153
6 66 70 38.788 -121.61 124 113 15 110 2014 7 3 1 44 6 4 153
6 66 70 38.758 -121.6 123 142 10 110 2014 7 3 1 45 6 4 153
6 66 70 38.724 -121.6 123 180 4 110 2014 7 3 1 46 6 4 153
7 66 70 37.619 -122.37 122 0 0 110 2014 7 3 3 21 6 4 155
7 66 70 37.667 -122.32 203 347 36 110 2014 7 3 3 23 6 4 155
7 66 70 37.724 -122.23 180 62 68 110 2014 7 3 3 24 15 4 155
7 66 70 37.773 -122.21 181 39 81 110 2014 7 3 3 25 16 4 155
7 66 70 37.822 -122.18 187 14 94 110 2014 7 3 3 26 16 4 155
7 66 70 37.833 -122.17 193 23 98 110 2014 7 3 3 27 6 4 155
7 66 70 37.883 -122.13 207 26 110 110 2014 7 3 3 28 6 4 155
7 66 70 37.95 -122.1 229 25 110 110 2014 7 3 3 29 6 4 155
7 66 70 38 -122.07 230 26 109 110 2014 7 3 3 30 6 4 155
7 66 70 38.052 -122.04 229 28 110 110 2014 7 3 3 31 6 4 155
7 66 70 38.103 -121.99 229 30 111 110 2014 7 3 3 32 6 4 155
7 66 70 38.167 -121.93 229 42 110 110 2014 7 3 3 33 6 4 155
7 66 70 38.206 -121.89 230 35 109 110 2014 7 3 3 34 16 4 155
7 66 70 38.267 -121.83 231 38 110 110 2014 7 3 3 35 16 4 155
7 66 70 38.309 -121.79 235 37 103 110 2014 7 3 3 36 6 4 153
7 66 70 38.367 -121.73 230 37 91 110 2014 7 3 3 37 15 4 153
7 66 70 38.419 -121.73 237 14 82 110 2014 7 3 3 38 15 4 153
7 66 70 38.477 -121.71 219 0 71 110 2014 7 3 3 39 15 4 153
7 66 70 38.549 -121.7 219 11 61 110 2014 7 3 3 40 15 4 153
7 66 70 38.6 -121.68 216 14 48 110 2014 7 3 3 41 6 4 153
7 66 70 38.667 -121.67 215 12 33 110 2014 7 3 3 42 16 4 153
7 66 70 38.733 -121.65 210 13 18 110 2014 7 3 3 43 15 4 153
7 66 70 38.758 -121.61 186 41 12 110 2014 7 3 3 44 16 4 153
7 66 70 38.735 -121.58 154 122 5 110 2014 7 3 3 45 6 4 153
7 66 70 38.702 -121.58 148 133 2 110 2014 7 3 3 46 16 4 153
8 66 70 37.633 -122.38 145 0 12 110 2014 7 3 14 43 6 4 155
8 66 70 37.667 -122.35 178 334 33 110 2014 7 3 14 44 6 4 155
8 66 70 37.682 -122.31 188 44 43 110 2014 7 3 14 45 6 4 155
8 66 70 37.75 -122.27 218 31 63 110 2014 7 3 14 46 14 4 155
8 66 70 37.8 -122.23 209 29 80 110 2014 7 3 14 47 6 4 155
8 66 70 37.833 -122.2 201 31 98 110 2014 7 3 14 48 6 4 155
8 66 70 37.884 -122.16 202 39 110 110 2014 7 3 14 49 6 4 155
8 66 70 37.941 -122.12 239 21 110 110 2014 7 3 14 50 6 4 155
8 66 70 38 -122.07 232 31 110 110 2014 7 3 14 51 6 4 155
8 66 70 38.053 -122.04 233 27 110 110 2014 7 3 14 52 9 4 155
8 66 70 38.111 -121.98 223 38 110 110 2014 7 3 14 53 6 4 155
8 66 70 38.159 -121.93 223 49 109 110 2014 7 3 14 54 6 4 155
8 66 70 38.211 -121.88 230 38 109 110 2014 7 3 14 55 6 4 155
8 66 70 38.263 -121.83 234 30 105 110 2014 7 3 14 56 6 4 155
8 66 70 38.304 -121.77 234 49 99 110 2014 7 3 14 57 6 4 153
8 66 70 38.313 -121.7 221 75 98 110 2014 7 3 14 58 6 4 153
8 66 70 38.371 -121.67 237 27 88 110 2014 7 3 14 59 6 4 153
8 66 70 38.447 -121.64 243 11 75 110 2014 7 3 15 0 6 4 153
8 66 70 38.513 -121.64 238 14 62 110 2014 7 3 15 1 7 4 153
8 66 70 38.576 -121.65 226 348 49 110 2014 7 3 15 2 6 4 153
8 66 70 38.637 -121.65 221 0 40 110 2014 7 3 15 3 6 4 153
8 66 70 38.692 -121.66 208 0 39 110 2014 7 3 15 4 6 4 153
8 66 70 38.717 -121.67 192 354 39 110 2014 7 3 15 5 6 4 153
8 66 70 38.783 -121.68 200 344 35 110 2014 7 3 15 6 9 4 153
8 66 70 38.786 -121.59 193 89 18 110 2014 7 3 15 7 6 4 153
8 66 70 38.748 -121.58 161 122 9 110 2014 7 3 15 8 6 4 153
8 66 70 38.711 -121.58 142 180 3 110 2014 7 3 15 9 6 4 153
9 66 70 37.65 -122.38 174 0 15 110 2014 7 3 17 40 6 4 155
9 66 70 37.683 -122.33 193 347 33 110 2014 7 3 17 41 6 4 155
9 66 70 37.691 -122.3 197 27 42 110 2014 7 3 17 42 6 4 155
9 66 70 37.733 -122.22 237 56 66 110 2014 7 3 17 43 6 4 155
9 66 70 37.767 -122.17 190 59 80 110 2014 7 3 17 44 6 4 155
9 66 70 37.817 -122.15 191 26 93 110 2014 7 3 17 45 6 4 155
9 66 70 37.867 -122.13 210 16 103 110 2014 7 3 17 46 7 4 155
9 66 70 37.933 -122.1 231 25 109 110 2014 7 3 17 47 6 4 155
9 66 70 38 -122.07 261 21 110 110 2014 7 3 17 48 6 4 155
9 66 70 38.067 -122.03 272 17 110 110 2014 7 3 17 49 6 4 155
9 66 70 38.117 -121.98 265 35 110 110 2014 7 3 17 50 6 4 155
9 66 70 38.167 -121.93 258 36 110 110 2014 7 3 17 51 7 4 155
9 66 70 38.233 -121.87 254 37 110 110 2014 7 3 17 52 6 4 155
9 66 70 38.283 -121.82 253 36 110 110 2014 7 3 17 53 6 4 153
9 66 70 38.327 -121.77 253 37 104 110 2014 7 3 17 54 6 4 153
9 66 70 38.399 -121.72 251 30 87 110 2014 7 3 17 55 6 4 153
9 66 70 38.461 -121.72 250 0 81 110 2014 7 3 17 56 6 4 153
9 66 70 38.54 -121.7 242 11 63 110 2014 7 3 17 57 6 4 153
9 66 70 38.606 -121.68 241 11 49 110 2014 7 3 17 58 6 4 153
9 66 70 38.672 -121.68 237 0 38 110 2014 7 3 17 59 6 4 153
9 66 70 38.733 -121.68 228 1 27 110 2014 7 3 18 0 6 4 153
9 66 70 38.783 -121.68 197 0 21 110 2014 7 3 18 1 6 4 153
9 66 70 38.783 -121.67 205 47 19 110 2014 7 3 18 2 6 4 153
9 66 70 38.756 -121.58 147 104 10 110 2014 7 3 18 3 6 4 153
9 66 70 38.717 -121.58 127 134 4 110 2014 7 3 18 4 6 4 153
10 66 70 37.65 -122.38 172 0 16 110 2014 7 4 4 11 6 4 155
10 66 70 37.681 -122.31 190 34 36 110 2014 7 4 4 12 15 4 155
10 66 70 37.7 -122.28 198 60 44 110 2014 7 4 4 13 6 4 155
10 66 70 37.733 -122.2 198 61 64 110 2014 7 4 4 14 6 4 155
10 66 70 37.783 -122.17 193 53 76 110 2014 7 4 4 15 6 4 155
10 66 70 37.833 -122.15 203 25 89 110 2014 7 4 4 16 6 4 155
10 66 70 37.907 -122.11 239 27 90 110 2014 7 4 4 17 6 4 155
10 66 70 37.95 -122.08 254 23 90 110 2014 7 4 4 18 16 4 155
10 66 70 38.017 -122.05 254 24 97 110 2014 7 4 4 19 15 4 155
10 66 70 38.083 -122.02 252 16 105 110 2014 7 4 4 20 15 4 155
10 66 70 38.133 -121.95 258 33 110 110 2014 7 4 4 21 6 4 155
10 66 70 38.2 -121.9 272 36 110 110 2014 7 4 4 22 6 4 155
10 66 70 38.25 -121.83 263 39 110 110 2014 7 4 4 23 6 4 155
10 66 70 38.338 -121.75 266 30 102 110 2014 7 4 4 24 15 4 153
10 66 70 38.367 -121.72 287 38 96 110 2014 7 4 4 25 15 4 153
10 66 70 38.433 -121.68 305 39 83 110 2014 7 4 4 26 15 4 153
10 66 70 38.517 -121.68 268 359 71 110 2014 7 4 4 27 8 4 153
10 66 70 38.583 -121.68 262 1 59 110 2014 7 4 4 28 6 4 153
10 66 70 38.65 -121.68 237 1 47 110 2014 7 4 4 29 6 4 153
10 66 70 38.717 -121.68 208 357 34 110 2014 7 4 4 30 6 4 153
10 66 70 38.767 -121.68 219 356 22 110 2014 7 4 4 31 6 4 153
10 66 70 38.8 -121.63 197 34 20 110 2014 7 4 4 32 6 4 153
10 66 70 38.783 -121.58 169 82 15 110 2014 7 4 4 33 15 4 153
10 66 70 38.75 -121.58 136 168 8 110 2014 7 4 4 34 6 4 153
10 66 70 38.717 -121.58 121 180 3 110 2014 7 4 4 35 6 4 153
10 66 70 38.691 -121.58 135 180 110 110 2014 7 4 4 36 6 4 153
11 66 70 37.617 -122.38 129 0 5 110 2014 7 4 14 23 6 4 155
11 66 70 37.65 -122.37 164 250 16 110 2014 7 4 14 24 6 4 155
11 66 70 37.683 -122.3 203 11 29 110 2014 7 4 14 25 15 4 155
11 66 70 37.738 -122.26 209 38 46 110 2014 7 4 14 26 15 4 155
11 66 70 37.783 -122.22 214 28 57 110 2014 7 4 14 27 15 4 155
11 66 70 37.833 -122.18 221 31 71 110 2014 7 4 14 28 6 4 155
11 66 70 37.883 -122.15 217 32 87 110 2014 7 4 14 29 16 4 155
11 66 70 37.933 -122.12 215 25 101 110 2014 7 4 14 30 6 4 155
11 66 70 37.983 -122.08 222 28 110 110 2014 7 4 14 31 16 4 155
11 66 70 38.05 -122.05 245 28 110 110 2014 7 4 14 32 6 4 155
11 66 70 38.1 -122 253 28 110 110 2014 7 4 14 33 6 4 155
11 66 70 38.15 -121.93 256 38 110 110 2014 7 4 14 34 15 4 155
11 66 70 38.217 -121.88 258 38 110 110 2014 7 4 14 35 6 4 155
11 66 70 38.267 -121.83 260 36 110 110 2014 7 4 14 36 6 4 155
11 66 70 38.317 -121.78 262 36 107 110 2014 7 4 14 37 15 4 153
11 66 70 38.383 -121.73 266 37 96 110 2014 7 4 14 38 6 4 153
11 66 70 38.467 -121.72 272 11 84 110 2014 7 4 14 39 6 4 153
11 66 70 38.504 -121.71 267 8 77 110 2014 7 4 14 40 6 4 153
11 66 70 38.6 -121.68 263 10 59 110 2014 7 4 14 41 16 4 153
11 66 70 38.667 -121.7 243 359 42 110 2014 7 4 14 42 6 4 153
11 66 70 38.733 -121.7 227 358 29 110 2014 7 4 14 43 16 4 153
11 66 70 38.76 -121.67 216 32 25 110 2014 7 4 14 44 15 4 153
11 66 70 38.75 -121.58 159 97 11 110 2014 7 4 14 45 15 4 153
11 66 70 38.717 -121.58 132 152 4 110 2014 7 4 14 46 6 4 153
11 66 70 38.694 -121.58 132 180 110 110 2014 7 4 14 47 16 4 175
11 66 70 38.691 -121.58 84 179 110 110 2014 7 4 14 48 15 4 153
12 66 70 37.65 -122.38 164 0 14 110 2014 7 4 16 42 16 4 155
12 66 70 37.667 -122.33 202 347 29 110 2014 7 4 16 43 6 4 155
12 66 70 37.7 -122.27 189 60 47 110 2014 7 4 16 44 16 4 155
12 66 70 37.733 -122.22 238 53 65 110 2014 7 4 16 45 6 4 155
12 66 70 37.811 -122.17 211 27 85 110 2014 7 4 16 46 15 4 155
12 66 70 37.85 -122.15 216 22 95 110 2014 7 4 16 47 6 4 155
12 66 70 37.9 -122.13 214 22 109 110 2014 7 4 16 48 6 4 155
12 66 70 37.967 -122.1 240 22 111 110 2014 7 4 16 49 15 4 155
12 66 70 38.017 -122.05 250 23 110 110 2014 7 4 16 50 6 4 155
12 66 70 38.083 -122 257 24 111 110 2014 7 4 16 51 6 4 155
12 66 70 38.15 -121.95 261 38 110 110 2014 7 4 16 52 6 4 155
12 66 70 38.2 -121.9 261 36 110 110 2014 7 4 16 53 15 4 155
12 66 70 38.267 -121.83 263 37 110 110 2014 7 4 16 54 16 4 155
12 66 70 38.317 -121.78 262 37 110 110 2014 7 4 16 55 6 4 153
12 66 70 38.383 -121.73 261 36 104 110 2014 7 4 16 56 6 4 153
12 66 70 38.467 -121.72 280 18 87 110 2014 7 4 16 57 16 4 153
12 66 70 38.533 -121.7 284 10 71 110 2014 7 4 16 58 16 4 153
12 66 70 38.617 -121.68 265 10 55 110 2014 7 4 16 59 15 4 153
12 66 70 38.667 -121.68 245 2 41 110 2014 7 4 17 0 6 4 153
12 66 70 38.75 -121.7 228 356 24 110 2014 7 4 17 1 6 4 153
12 66 70 38.767 -121.65 175 19 17 110 2014 7 4 17 2 6 4 153
12 66 70 38.767 -121.6 163 81 13 110 2014 7 4 17 3 6 4 153
12 66 70 38.733 -121.58 126 136 6 110 2014 7 4 17 4 6 4 153
12 66 70 38.712 -121.58 136 158 4 110 2014 7 4 17 5 15 4 153
13 66 70 37.619 -122.37 122 0 0 110 2014 7 4 17 11 16 4 155
13 66 70 37.65 -122.38 176 0 17 110 2014 7 4 17 12 16 4 155
13 66 70 37.681 -122.33 193 35 29 110 2014 7 4 17 13 7 4 155
13 66 70 37.769 -122.24 208 54 60 110 2014 7 4 17 14 16 4 155
13 66 70 37.783 -122.23 220 28 63 110 2014 7 4 17 15 8 4 155
13 66 70 37.82 -122.2 212 35 73 110 2014 7 4 17 16 6 4 155
13 66 70 37.889 -122.16 226 21 87 110 2014 7 4 17 17 15 4 155
13 66 70 37.95 -122.12 234 31 102 110 2014 7 4 17 18 6 4 155
13 66 70 38.017 -122.07 243 27 110 110 2014 7 4 17 19 6 4 155
13 66 70 38.067 -122.03 250 30 110 110 2014 7 4 17 20 16 4 155
13 66 70 38.117 -121.97 257 37 110 110 2014 7 4 17 21 6 4 155
13 66 70 38.183 -121.92 262 39 111 110 2014 7 4 17 22 16 4 155
13 66 70 38.234 -121.87 261 35 110 110 2014 7 4 17 23 6 4 155
13 66 70 38.303 -121.8 261 38 111 110 2014 7 4 17 24 6 4 153
13 66 70 38.361 -121.74 263 30 111 110 2014 7 4 17 25 16 4 153
13 66 70 38.433 -121.72 275 20 100 110 2014 7 4 17 26 6 4 153
13 66 70 38.517 -121.7 282 7 84 110 2014 7 4 17 27 6 4 153
13 66 70 38.583 -121.68 274 11 62 110 2014 7 4 17 28 6 4 153
13 66 70 38.656 -121.69 269 3 47 110 2014 7 4 17 29 15 4 153
13 66 70 38.737 -121.7 246 348 35 110 2014 7 4 17 30 16 4 153
13 66 70 38.784 -121.67 227 27 27 110 2014 7 4 17 31 6 4 153
13 66 70 38.779 -121.61 191 89 17 110 2014 7 4 17 32 15 4 153
13 66 70 38.744 -121.58 170 142 8 110 2014 7 4 17 33 15 4 153
13 66 70 38.705 -121.58 142 146 1 110 2014 7 4 17 34 6 4 153
14 66 70 37.633 -122.38 147 0 10 110 2014 7 4 20 26 15 4 155
14 66 70 37.667 -122.35 172 334 29 110 2014 7 4 20 27 6 4 155
14 66 70 37.7 -122.3 197 45 41 110 2014 7 4 20 28 6 4 155
14 66 70 37.733 -122.25 235 47 55 110 2014 7 4 20 29 15 4 155
14 66 70 37.783 -122.22 217 26 66 110 2014 7 4 20 30 6 4 155
14 66 70 37.85 -122.18 218 27 79 110 2014 7 4 20 31 6 4 155
14 66 70 37.9 -122.15 225 28 89 110 2014 7 4 20 32 6 4 155
14 66 70 37.95 -122.1 228 28 99 110 2014 7 4 20 33 6 4 155
14 66 70 38.017 -122.07 227 28 108 110 2014 7 4 20 34 6 4 155
14 66 70 38.067 -122.02 250 28 110 110 2014 7 4 20 35 6 4 155
14 66 70 38.111 -121.98 252 35 111 110 2014 7 4 20 36 15 4 155
14 66 70 38.183 -121.91 264 38 110 110 2014 7 4 20 37 6 4 155
14 66 70 38.242 -121.86 266 38 110 110 2014 7 4 20 38 6 4 155
14 66 70 38.3 -121.8 270 37 110 110 2014 7 4 20 39 15 4 153
14 66 70 38.367 -121.73 274 36 105 110 2014 7 4 20 40 6 4 153
14 66 70 38.433 -121.72 261 12 95 110 2014 7 4 20 41 6 4 153
14 66 70 38.5 -121.7 237 9 87 110 2014 7 4 20 42 6 4 153
14 66 70 38.566 -121.69 231 5 77 110 2014 7 4 20 43 6 4 153
14 66 70 38.629 -121.68 229 11 67 110 2014 7 4 20 44 6 4 153
14 66 70 38.688 -121.68 211 0 57 110 2014 7 4 20 45 6 4 153
14 66 70 38.737 -121.68 179 0 47 110 2014 7 4 20 46 16 4 153
14 66 70 38.773 -121.65 168 37 35 110 2014 7 4 20 47 16 4 153
14 66 70 38.776 -121.6 169 89 16 110 2014 7 4 20 48 6 4 153
14 66 70 38.71 -121.6 122 173 3 110 2014 7 4 20 50 16 4 153
15 66 70 37.619 -122.37 122 0 0 110 2014 7 4 20 45 6 4 155
15 66 70 37.667 -122.33 192 334 23 110 2014 7 4 20 47 16 4 155
15 66 70 37.694 -122.27 201 34 37 110 2014 7 4 20 48 6 4 155
15 66 70 37.8 -122.2 219 30 63 110 2014 7 4 20 49 15 4 155
15 66 70 37.808 -122.19 213 27 64 110 2014 7 4 20 50 16 4 155
15 66 70 37.867 -122.17 221 26 75 110 2014 7 4 20 51 16 4 155
15 66 70 37.92 -122.12 220 32 87 110 2014 7 4 20 52 15 4 155
15 66 70 37.976 -122.09 224 21 97 110 2014 7 4 20 53 6 4 155
15 66 70 38.034 -122.05 230 27 105 110 2014 7 4 20 54 6 4 155
15 66 70 38.09 -122 244 38 111 110 2014 7 4 20 55 15 4 155
15 66 70 38.148 -121.95 257 30 111 110 2014 7 4 20 56 6 4 155
15 66 70 38.217 -121.88 260 46 110 110 2014 7 4 20 57 6 4 155
15 66 70 38.274 -121.83 259 27 110 110 2014 7 4 20 58 6 4 155
15 66 70 38.367 -121.73 258 37 98 110 2014 7 4 20 59 16 4 153
15 66 70 38.45 -121.72 271 28 84 110 2014 7 4 21 0 15 4 153
15 66 70 38.517 -121.7 265 7 72 110 2014 7 4 21 1 16 4 153
15 66 70 38.583 -121.68 260 10 55 110 2014 7 4 21 2 15 4 153
15 66 70 38.616 -121.68 264 11 48 110 2014 7 4 21 3 6 4 153
15 66 70 38.682 -121.69 239 0 35 110 2014 7 4 21 4 15 4 153
15 66 70 38.747 -121.7 234 351 30 110 2014 7 4 21 5 15 4 153
15 66 70 38.8 -121.63 203 20 26 110 2014 7 4 21 6 6 4 153
15 66 70 38.793 -121.61 202 72 21 110 2014 7 4 21 7 6 4 153
15 66 70 38.756 -121.58 171 130 10 110 2014 7 4 21 8 6 4 153
15 66 70 38.719 -121.58 149 180 4 110 2014 7 4 21 9 18 4 153
