1 71 49 33.676 -117.87 150 0 0 60 2014 7 1 20 43 15 1 2
1 71 49 33.617 -117.9 209 30 30 60 2014 7 1 20 45 6 1 2
1 71 49 33.583 -117.82 280 170 60 60 2014 7 1 20 46 6 1 2
1 71 49 33.65 -117.82 276 20 60 60 2014 7 1 20 47 6 1 2
1 71 49 33.75 -117.8 275 7 60 60 2014 7 1 20 48 6 1 2
1 71 49 33.817 -117.77 256 14 60 60 2014 7 1 20 49 16 1 2
1 71 49 33.857 -117.75 256 26 60 60 2014 7 1 20 50 15 1 2
1 71 49 33.882 -117.68 237 76 60 60 2014 7 1 20 51 6 1 6
1 71 49 33.9 -117.57 238 68 50 60 2014 7 1 20 52 6 1 6
1 71 49 33.917 -117.5 231 75 50 60 2014 7 1 20 53 16 1 6
1 71 49 33.933 -117.42 226 84 50 60 2014 7 1 20 54 6 1 6
1 71 49 33.933 -117.35 225 82 50 60 2014 7 1 20 55 6 1 5
1 71 49 33.97 -117.3 235 54 45 60 2014 7 1 20 56 6 1 6
1 71 49 34.028 -117.29 223 11 43 60 2014 7 1 20 57 6 1 6
1 71 49 34.067 -117.31 225 320 42 60 2014 7 1 20 58 15 1 6
1 71 49 34.054 -117.38 200 248 35 60 2014 7 1 20 59 6 1 6
1 71 49 34.056 -117.45 195 270 30 60 2014 7 1 21 0 6 1 6
1 71 49 34.056 -117.51 186 270 21 60 2014 7 1 21 1 6 1 6
1 71 49 34.057 -117.56 167 270 14 60 2014 7 1 21 2 6 1 6
