0 13.843 13.627 16.743 13.306 13.025 9.303 19.068 10.409 18.326 13.933 10.646 13.19 11.745 15.069 11.803 11.425 14.168
0 0 13.499 15.592 13.843 13.555 13.593 17.606 12.821 13.724 12.553 12.567 14.63 11.292 14.63 11.991 15.694 13.835
0 0 0 17.404 13.723 13.675 13.474 18.365 12.641 16.028 15.504 12.832 14.643 14.164 13.675 13.041 13.499 13.041
0 0 0 0 16.641 17.992 15.423 16.014 15.871 24.009 7.8005 16.453 9.051 14.134 18.43 16.971 16.773 15.389
0 0 0 0 0 14.579 12.096 18.584 12.949 20.861 13.514 12.249 14.471 12.6 15.001 14.818 10.615 13.233
0 0 0 0 0 0 13.656 17.497 14.329 10.576 18.081 15.987 15.307 14.604 14.151 11.675 14.973 15.202
0 0 0 0 0 0 0 18.757 10.396 19.107 13.593 9.4262 15.723 8.1255 9.9206 13.837 10.572 10.556
0 0 0 0 0 0 0 0 18.365 17.698 16.473 19.936 16.27 17.626 18.189 17.597 18.595 18.296
0 0 0 0 0 0 0 0 0 19.39 13.133 10.019 14.563 9.1039 13.013 15.064 12.744 11.971
0 0 0 0 0 0 0 0 0 0 24.072 20.406 16.556 21.156 15.021 9.0547 20.075 20.51
0 0 0 0 0 0 0 0 0 0 0 13.612 9.3402 11.037 14.81 16.454 13.824 14.634
0 0 0 0 0 0 0 0 0 0 0 0 13.798 9.849 13.869 14.138 10.85 11.875
0 0 0 0 0 0 0 0 0 0 0 0 0 11.134 17.581 10.724 15.714 15.14
0 0 0 0 0 0 0 0 0 0 0 0 0 0 15.138 14.888 9.8826 10.603
0 0 0 0 0 0 0 0 0 0 0 0 0 0 0 16.265 12.601 14.177
0 0 0 0 0 0 0 0 0 0 0 0 0 0 0 0 13.144 12.73
0 0 0 0 0 0 0 0 0 0 0 0 0 0 0 0 0 14.38
0 0 0 0 0 0 0 0 0 0 0 0 0 0 0 0 0 0
