0 25.39 12.468 20.43 20.9 13.912 19.285 25.664 19.809 24.438 13.943 18.023 22.678 13.008 18.766 14.056 13.759 20.025 29.767 20.06 20.05 22.302 18.462 20.935 19.052 26.449 21.785 23.556 17.478 24.635 112.03 12.614 18.019 16.027
0 0 22.567 20.234 24.832 24.405 21.649 25.561 24.061 12.25 26.564 22.568 13.107 27.878 26.564 22.532 22.003 26.246 30.018 22.532 22.859 12.134 22.532 13.448 21.318 26.199 12.597 12.081 21.649 25.13 125.3 22.087 21.427 22.087
0 0 0 9.9742 18.304 7.7557 11.177 25.432 11.366 21.615 8.3817 10.466 19.779 6.5091 12.015 10.256 10.238 10.805 29.985 10.691 13.933 19.136 11.336 17.948 9.4256 26.093 17.948 20.696 9.282 23.779 112.53 6.7341 9.3077 17.41
0 0 0 0 16.105 13.127 12.05 24.882 11.261 19.279 11.088 11.137 17.494 13.127 12.264 8.554 12.093 12.073 29.574 13.923 13.11 17.066 12.977 16.724 12.979 25.339 16.569 18.385 11.439 24.268 112.45 10.554 12.053 16.457
0 0 0 0 0 19.931 17.118 22.845 19.793 23.985 20.544 18.357 22.192 20.372 20.9 18.327 17.742 19.918 29.67 18.327 18.795 20.96 18.327 20.41 17.029 23.285 20.41 23.087 17.7 23.779 112.31 17.817 15.951 17.972
0 0 0 0 0 0 12.987 22.66 9.2093 23.454 8.3812 10.24 21.615 8.8372 12.367 8.8769 12.093 7.6859 29.874 10.903 12.11 20.945 11.373 19.779 9.7706 22.549 19.779 22.534 10.48 24.128 112.25 8.2285 9.4601 16.469
0 0 0 0 0 0 0 25.335 11.337 20.696 13.089 13.028 18.863 12.111 12.385 12.053 12.256 13.957 29.961 12.061 12.074 18.235 13.056 17.035 13.978 26.095 17.035 19.779 14.031 24.085 112.25 11.378 13.911 17.427
0 0 0 0 0 0 0 0 24.731 25.432 22.527 24.673 26.831 25.51 25.51 24.76 25.67 25.67 30.066 22.745 22.564 24.784 25.913 30.448 22.439 16.786 25.884 25.256 24.731 22.66 130.18 25.645 24.992 24.825
0 0 0 0 0 0 0 0 0 23.117 11.565 10.24 21.409 9.5576 12.643 8.4026 12.895 9.343 29.861 11.536 8.629 21.17 7.6464 19.729 10.474 25.382 19.729 22.26 10.918 24.628 112.47 8.3239 8.3461 16.755
0 0 0 0 0 0 0 0 0 0 25.609 21.616 11.756 26.923 25.609 21.58 21.058 25.296 29.853 21.58 21.903 11.29 21.58 13.197 20.378 26.093 10.247 12.573 20.696 24.176 125.41 21.143 20.485 21.132
0 0 0 0 0 0 0 0 0 0 0 13.974 23.791 10.199 11.948 10.243 9.512 9.3956 30.093 11.303 12.051 23.218 9.3063 21.979 7.8122 23.864 21.979 24.699 10.541 24.128 112.35 9.595 12.707 15.835
0 0 0 0 0 0 0 0 0 0 0 0 19.867 13.95 13.754 11.418 11.397 13.009 29.842 12.344 10.229 19.532 12.106 18.14 12.09 25.339 18.14 20.739 13.671 23.723 112.36 9.0814 10.417 15.724
0 0 0 0 0 0 0 0 0 0 0 0 0 25.131 23.791 19.828 19.348 23.454 29.963 19.828 20.094 7.6467 19.828 12.794 18.698 27.558 9.358 11.155 18.902 23.779 125.14 19.44 18.631 19.339
0 0 0 0 0 0 0 0 0 0 0 0 0 0 11.8 7.5413 9.4839 10.88 30.892 10.005 13.926 24.651 10.301 23.349 9.7741 26.095 23.349 26.026 9.6819 22.553 112.53 7.4531 7.8793 15.962
0 0 0 0 0 0 0 0 0 0 0 0 0 0 0 12.369 13.644 13.093 40.087 12.574 14.029 23.218 13.375 21.979 12.471 26.05 21.979 24.699 8.73 23.095 112.34 11.835 12.051 24.689
0 0 0 0 0 0 0 0 0 0 0 0 0 0 0 0 12.093 8.59 29.902 11.584 9.4131 19.485 9.544 18.097 9.5192 25.432 18.097 20.702 10.012 24.085 112.47 10.556 9.5367 18.776
0 0 0 0 0 0 0 0 0 0 0 0 0 0 0 0 0 9.5538 29.908 13.025 13.005 19.111 11.23 17.667 12.64 26.351 17.667 20.2 12.021 24.268 112.53 10.238 12.083 18.064
0 0 0 0 0 0 0 0 0 0 0 0 0 0 0 0 0 0 29.985 9.3087 12.157 22.762 11.186 21.615 9.1389 26.351 21.615 24.375 9.6465 23.779 112.44 9.9341 7.9238 15.584
0 0 0 0 0 0 0 0 0 0 0 0 0 0 0 0 0 0 0 30.018 30.116 26.31 30.093 31.073 29.982 30.311 29.908 30.018 33.491 30.198 133.87 29.736 29.631 29.67
0 0 0 0 0 0 0 0 0 0 0 0 0 0 0 0 0 0 0 0 11.022 19.485 8.2313 18.097 9.6284 22.636 18.097 20.702 10.225 24.085 112.53 8.3021 12.179 16.126
0 0 0 0 0 0 0 0 0 0 0 0 0 0 0 0 0 0 0 0 0 19.567 11.44 18.294 11.176 22.953 18.294 20.998 13.029 24.543 112.23 11.496 9.5672 16.162
0 0 0 0 0 0 0 0 0 0 0 0 0 0 0 0 0 0 0 0 0 0 19.485 12.901 18.532 25.45 10.208 8.527 18.769 24.128 125.47 19.22 17.853 18.877
0 0 0 0 0 0 0 0 0 0 0 0 0 0 0 0 0 0 0 0 0 0 0 18.097 11.45 26.408 18.097 20.702 10.336 24.359 112.22 12.196 7.4314 15.938
0 0 0 0 0 0 0 0 0 0 0 0 0 0 0 0 0 0 0 0 0 0 0 0 17.055 31.115 14.3 16.473 17.278 24.635 125.88 17.768 16.778 17.561
0 0 0 0 0 0 0 0 0 0 0 0 0 0 0 0 0 0 0 0 0 0 0 0 0 22.328 17.055 19.534 10.662 24.222 112.47 10.424 12.166 16.127
0 0 0 0 0 0 0 0 0 0 0 0 0 0 0 0 0 0 0 0 0 0 0 0 0 0 26.709 25.987 25.27 22.556 133.98 26.116 25.694 25.399
0 0 0 0 0 0 0 0 0 0 0 0 0 0 0 0 0 0 0 0 0 0 0 0 0 0 0 9.3129 17.278 23.095 125.68 17.768 16.778 17.561
0 0 0 0 0 0 0 0 0 0 0 0 0 0 0 0 0 0 0 0 0 0 0 0 0 0 0 0 19.779 24.635 125.47 20.288 19.558 22.549
0 0 0 0 0 0 0 0 0 0 0 0 0 0 0 0 0 0 0 0 0 0 0 0 0 0 0 0 0 24.359 112.53 11.349 11.491 23.063
0 0 0 0 0 0 0 0 0 0 0 0 0 0 0 0 0 0 0 0 0 0 0 0 0 0 0 0 0 0 112.25 23.779 23.095 23.779
0 0 0 0 0 0 0 0 0 0 0 0 0 0 0 0 0 0 0 0 0 0 0 0 0 0 0 0 0 0 0 112.35 112.36 112.17
0 0 0 0 0 0 0 0 0 0 0 0 0 0 0 0 0 0 0 0 0 0 0 0 0 0 0 0 0 0 0 0 9.1257 17.368
0 0 0 0 0 0 0 0 0 0 0 0 0 0 0 0 0 0 0 0 0 0 0 0 0 0 0 0 0 0 0 0 0 16.264
0 0 0 0 0 0 0 0 0 0 0 0 0 0 0 0 0 0 0 0 0 0 0 0 0 0 0 0 0 0 0 0 0 0
