1 76 33 32.116 -110.94 223 0 26 300 2014 7 1 15 23 16 2 77
1 76 33 30.931 -110.65 434 0 260 300 2014 7 1 15 24 6 0 0
1 76 33 31.025 -110.72 414 167 242 300 2014 7 1 15 25 16 0 0
1 76 33 31.113 -110.78 386 170 220 300 2014 7 1 15 26 6 0 0
1 76 33 31.201 -110.85 380 327 200 300 2014 7 1 15 27 15 0 0
1 76 33 31.282 -110.91 361 327 200 300 2014 7 1 15 28 6 0 0
1 76 33 31.418 -110.95 336 346 194 300 2014 7 1 15 29 6 2 60
1 76 33 31.472 -110.94 335 2 182 300 2014 7 1 15 30 6 2 60
1 76 33 31.582 -110.94 334 2 159 300 2014 7 1 15 31 6 2 77
1 76 33 31.705 -110.93 336 2 123 300 2014 7 1 15 32 16 2 77
1 76 33 31.761 -110.96 319 1 110 300 2014 7 1 15 33 16 2 77
1 76 33 31.857 -111 285 336 107 300 2014 7 1 15 34 15 2 77
1 76 33 31.91 -111.01 282 337 89 300 2014 7 1 15 35 16 2 77
1 76 33 31.981 -111.03 269 347 70 300 2014 7 1 15 36 6 2 77
1 76 33 32.059 -111.06 253 346 60 300 2014 7 1 15 37 6 2 77
1 76 33 32.114 -111.06 197 354 55 300 2014 7 1 15 38 16 2 77
1 76 33 32.114 -111.06 197 354 55 300 2014 7 1 15 39 6 2 77
1 76 33 32.152 -111.02 173 41 42 300 2014 7 1 15 40 6 2 77
1 76 33 32.168 -110.97 191 99 38 300 2014 7 1 15 41 6 2 77
1 76 33 32.257 -111.04 191 326 38 300 2014 7 1 15 42 15 2 77
2 76 33 32.089 -110.91 188 0 36 300 2014 7 1 16 52 6 2 77
2 76 33 32.05 -110.86 210 134 59 300 2014 7 1 16 53 15 2 77
2 76 33 32.057 -110.79 240 112 87 300 2014 7 1 16 54 6 2 77
2 76 33 32.081 -110.71 248 74 121 300 2014 7 1 16 55 6 2 77
2 76 33 32.144 -110.74 271 11 150 300 2014 7 1 16 56 6 2 77
2 76 33 32.18 -110.78 276 339 168 300 2014 7 1 16 57 16 2 77
2 76 33 32.252 -110.85 312 310 188 300 2014 7 1 16 58 16 2 60
2 76 33 32.325 -110.91 328 320 212 300 2014 7 1 16 59 15 2 60
2 76 33 32.413 -111 336 321 240 300 2014 7 1 17 0 6 2 60
2 76 33 32.489 -111.07 343 321 258 300 2014 7 1 17 1 6 2 60
2 76 33 32.567 -111.14 351 321 276 300 2014 7 1 17 2 6 2 90
2 76 33 32.65 -111.22 371 321 286 300 2014 7 1 17 3 16 2 90
2 76 33 32.736 -111.3 391 321 299 300 2014 7 1 17 4 6 2 90
2 76 33 32.828 -111.39 413 321 300 300 2014 7 1 17 5 6 2 90
2 76 33 32.865 -111.43 420 322 300 300 2014 7 1 17 6 6 2 90
2 76 33 33.043 -111.59 455 321 300 300 2014 7 1 17 7 6 2 90
2 76 33 33.083 -111.63 455 321 300 300 2014 7 1 17 8 6 2 90
2 76 33 33.179 -111.72 449 320 300 300 2014 7 1 17 9 6 2 90
2 76 33 33.28 -111.82 434 320 300 300 2014 7 1 17 10 16 2 90
2 76 33 33.375 -111.91 437 321 300 300 2014 7 1 17 11 8 2 90
2 76 33 33.48 -111.99 447 321 300 300 2014 7 1 17 12 6 2 90
2 76 33 33.685 -112.07 445 341 300 300 2014 7 1 17 13 15 2 89
2 76 33 33.714 -112.08 446 342 300 300 2014 7 1 17 14 6 2 89
2 76 33 33.854 -112.14 446 341 300 300 2014 7 1 17 15 6 2 89
2 76 33 33.971 -112.18 445 341 300 300 2014 7 1 17 16 6 2 89
2 76 33 34.087 -112.23 445 341 300 300 2014 7 1 17 17 6 2 89
2 76 33 34.204 -112.28 445 341 300 300 2014 7 1 17 18 16 2 89
2 76 33 34.321 -112.33 445 341 300 300 2014 7 1 17 19 6 2 89
2 76 33 34.436 -112.37 441 341 299 300 2014 7 1 17 20 6 2 108
2 76 33 34.531 -112.51 438 326 300 300 2014 7 1 17 21 13 2 89
2 76 33 34.599 -112.63 439 302 300 300 2014 7 1 17 22 6 2 89
2 76 33 34.662 -112.76 439 302 300 300 2014 7 1 17 23 17 2 89
2 76 33 34.727 -112.88 440 302 300 300 2014 7 1 17 24 16 2 89
2 76 33 34.767 -112.96 441 302 300 300 2014 7 1 17 25 6 2 89
2 76 33 34.831 -113.09 441 302 300 300 2014 7 1 17 26 6 2 89
2 76 33 34.909 -113.24 441 301 300 300 2014 7 1 17 27 6 2 89
2 76 33 34.968 -113.36 442 302 300 300 2014 7 1 17 28 6 2 89
2 76 33 35.034 -113.48 442 301 300 300 2014 7 1 17 29 6 1 40
2 76 33 35.113 -113.64 443 301 280 300 2014 7 1 17 30 6 1 40
2 76 33 35.17 -113.76 424 301 258 300 2014 7 1 17 31 6 1 40
2 76 33 35.231 -113.87 408 301 233 300 2014 7 1 17 32 6 1 29
2 76 33 35.254 -113.92 400 302 224 300 2014 7 1 17 33 6 1 29
2 76 33 35.347 -113.98 392 300 205 300 2014 7 1 17 34 6 1 29
2 76 33 35.45 -114.07 384 322 187 300 2014 7 1 17 35 16 1 29
2 76 33 35.528 -114.16 375 324 172 300 2014 7 1 17 36 6 1 29
2 76 33 35.601 -114.23 358 322 150 300 2014 7 1 17 37 6 1 29
2 76 33 35.673 -114.31 347 318 126 300 2014 7 1 17 38 6 1 29
2 76 33 35.736 -114.38 308 320 119 300 2014 7 1 17 39 6 1 29
2 76 33 35.869 -114.45 302 330 113 300 2014 7 1 17 40 6 1 3
2 76 33 35.911 -114.45 303 343 107 300 2014 7 1 17 41 6 1 3
2 76 33 35.996 -114.47 305 350 96 300 2014 7 1 17 42 6 1 3
2 76 33 36.076 -114.49 301 347 87 300 2014 7 1 17 43 6 1 3
2 76 33 36.149 -114.49 270 358 81 300 2014 7 1 17 44 15 1 3
2 76 33 36.214 -114.5 256 357 79 300 2014 7 1 17 45 6 1 3
2 76 33 36.234 -114.58 248 305 79 300 2014 7 1 17 46 6 1 3
2 76 33 36.204 -114.68 245 255 79 300 2014 7 1 17 47 6 1 3
2 76 33 36.185 -114.76 245 252 76 300 2014 7 1 17 48 16 1 3
2 76 33 36.164 -114.84 245 251 66 300 2014 7 1 17 49 16 1 3
2 76 33 36.142 -114.92 242 251 60 300 2014 7 1 17 50 6 1 3
2 76 33 36.132 -115 209 252 60 300 2014 7 1 17 51 18 1 3
2 76 33 36.133 -115.02 194 260 60 300 2014 7 1 17 52 6 1 3
2 76 33 36.13 -115.13 203 271 31 300 2014 7 1 17 53 6 1 3
2 76 33 36.117 -115.15 183 264 26 300 2014 7 1 17 54 6 1 3
2 76 33 36.088 -115.16 169 248 21 300 2014 7 1 17 55 16 1 3
3 76 33 32.116 -110.94 181 0 26 320 2014 7 1 1 13 6 2 77
3 76 33 32.129 -110.96 164 0 38 320 2014 7 1 1 14 6 2 77
3 76 33 32.167 -111.01 213 313 56 320 2014 7 1 1 15 6 2 77
3 76 33 32.232 -111.05 235 326 76 320 2014 7 1 1 16 6 2 77
3 76 33 32.301 -111.1 281 327 105 320 2014 7 1 1 17 6 2 77
3 76 33 32.386 -111.17 301 327 139 320 2014 7 1 1 18 6 2 77
3 76 33 32.46 -111.23 311 326 165 320 2014 7 1 1 19 16 2 77
3 76 33 32.523 -111.27 323 328 176 320 2014 7 1 1 20 6 2 60
3 76 33 32.63 -111.35 373 327 201 320 2014 7 1 1 21 6 2 60
3 76 33 32.721 -111.42 386 327 223 320 2014 7 1 1 22 6 2 60
3 76 33 32.814 -111.49 397 327 240 320 2014 7 1 1 23 6 2 60
3 76 33 32.911 -111.57 408 327 260 320 2014 7 1 1 24 6 2 90
3 76 33 33.029 -111.66 417 327 277 320 2014 7 1 1 25 6 2 90
3 76 33 33.128 -111.73 422 326 294 320 2014 7 1 1 26 6 2 90
3 76 33 33.229 -111.81 429 327 313 320 2014 7 1 1 27 6 2 90
3 76 33 33.328 -111.89 428 327 320 320 2014 7 1 1 28 6 2 90
3 76 33 33.428 -111.96 427 326 320 320 2014 7 1 1 29 6 2 90
3 76 33 33.539 -112.01 427 338 320 320 2014 7 1 1 30 6 2 90
3 76 33 33.654 -112.06 427 342 320 320 2014 7 1 1 31 6 2 89
3 76 33 33.791 -112.11 428 341 320 320 2014 7 1 1 32 6 2 89
3 76 33 33.906 -112.16 428 341 320 320 2014 7 1 1 33 6 2 89
3 76 33 34.021 -112.2 429 341 320 320 2014 7 1 1 34 16 2 89
3 76 33 34.113 -112.24 428 342 320 320 2014 7 1 1 35 6 2 89
3 76 33 34.249 -112.3 429 341 320 320 2014 7 1 1 36 6 2 89
3 76 33 34.363 -112.34 429 341 320 320 2014 7 1 1 37 16 2 89
3 76 33 34.454 -112.42 424 325 320 320 2014 7 1 1 38 6 2 89
3 76 33 34.518 -112.54 424 303 320 320 2014 7 1 1 39 6 2 89
3 76 33 34.596 -112.68 425 303 319 300 2014 7 1 1 40 6 2 89
3 76 33 34.66 -112.56 425 57 319 300 2014 7 1 1 41 6 2 89
3 76 33 34.661 -112.8 425 303 309 300 2014 7 1 1 42 6 2 89
3 76 33 34.794 -113.05 433 302 300 300 2014 7 1 1 43 16 2 89
3 76 33 34.847 -113.15 434 303 300 300 2014 7 1 1 44 15 2 89
3 76 33 34.925 -113.3 434 303 300 300 2014 7 1 1 45 6 2 89
3 76 33 34.926 -113.3 433 302 300 300 2014 7 1 1 46 7 2 89
3 76 33 34.991 -113.42 432 302 300 240 2014 7 1 1 47 7 2 89
3 76 33 35.119 -113.67 426 303 296 100 2014 7 1 1 48 6 1 40
3 76 33 35.119 -113.67 428 302 296 100 2014 7 1 1 49 6 1 40
3 76 33 35.193 -113.81 415 302 268 100 2014 7 1 1 50 6 1 40
3 76 33 35.251 -113.92 394 302 246 100 2014 7 1 1 51 6 1 40
3 76 33 35.321 -113.99 379 302 226 100 2014 7 1 1 52 16 1 29
3 76 33 35.403 -114.07 370 316 203 100 2014 7 1 1 53 6 1 29
3 76 33 35.526 -114.18 350 323 173 100 2014 7 1 1 54 6 1 29
3 76 33 35.612 -114.27 341 321 149 100 2014 7 1 1 55 15 1 29
3 76 33 35.631 -114.28 338 322 145 100 2014 7 1 1 56 7 1 29
3 76 33 35.758 -114.37 313 324 120 100 2014 7 1 1 57 6 1 29
3 76 33 35.851 -114.41 324 344 109 100 2014 7 1 1 58 6 1 29
3 76 33 35.886 -114.42 320 344 104 100 2014 7 1 1 59 6 1 3
3 76 33 35.966 -114.45 302 342 93 100 2014 7 1 2 0 6 1 3
3 76 33 36.105 -114.5 288 344 80 100 2014 7 1 2 1 6 1 3
3 76 33 36.162 -114.52 284 344 80 100 2014 7 1 2 2 6 1 3
3 76 33 36.188 -114.54 291 343 78 100 2014 7 1 2 3 6 1 3
3 76 33 36.191 -114.7 276 279 70 100 2014 7 1 2 4 16 1 3
3 76 33 36.173 -114.78 273 252 67 100 2014 7 1 2 5 6 1 3
3 76 33 36.162 -114.83 273 254 61 100 2014 7 1 2 6 6 1 3
3 76 33 36.144 -114.91 243 253 60 100 2014 7 1 2 7 6 1 3
3 76 33 36.133 -114.98 196 254 58 100 2014 7 1 2 8 6 1 3
3 76 33 36.137 -115.05 192 270 44 100 2014 7 1 2 9 6 1 3
3 76 33 36.136 -115.11 174 270 34 100 2014 7 1 2 10 16 1 3
3 76 33 36.111 -115.15 151 256 24 100 2014 7 1 2 11 6 1 3
4 76 33 32.116 -110.94 222 0 26 320 2014 7 1 17 3 16 2 77
4 76 33 32.078 -110.89 181 0 43 320 2014 7 1 17 4 6 2 77
4 76 33 32.014 -110.78 241 127 90 320 2014 7 1 17 5 6 2 77
4 76 33 32.036 -110.76 277 116 102 320 2014 7 1 17 6 6 2 77
4 76 33 32.113 -110.81 282 85 115 320 2014 7 1 17 7 6 2 77
4 76 33 32.196 -110.88 350 344 145 320 2014 7 1 17 8 6 2 77
4 76 33 32.279 -110.95 371 323 176 320 2014 7 1 17 9 6 2 60
4 76 33 32.385 -111.04 387 323 212 320 2014 7 1 17 10 16 2 60
4 76 33 32.475 -111.12 396 323 240 320 2014 7 1 17 11 8 2 60
4 76 33 32.548 -111.19 402 324 261 320 2014 7 1 17 12 6 2 90
4 76 33 32.679 -111.3 416 323 287 320 2014 7 1 17 13 15 2 90
4 76 33 32.759 -111.37 435 323 300 320 2014 7 1 17 14 6 2 90
4 76 33 32.859 -111.46 447 324 320 320 2014 7 1 17 15 6 2 90
4 76 33 32.879 -111.48 446 323 320 320 2014 7 1 17 16 6 2 90
4 76 33 33.064 -111.64 452 323 320 320 2014 7 1 17 17 6 2 90
4 76 33 33.201 -111.76 450 323 320 320 2014 7 1 17 18 16 2 90
4 76 33 33.201 -111.76 450 323 320 320 2014 7 1 17 19 6 2 90
4 76 33 33.286 -111.84 440 322 320 320 2014 7 1 17 20 6 2 90
4 76 33 33.403 -111.94 439 323 320 320 2014 7 1 17 21 13 2 90
4 76 33 33.513 -112 443 331 320 320 2014 7 1 17 22 6 2 90
4 76 33 33.746 -112.09 441 341 320 320 2014 7 1 17 23 17 2 89
4 76 33 33.746 -112.09 441 341 320 320 2014 7 1 17 24 16 2 89
4 76 33 33.861 -112.14 441 341 320 320 2014 7 1 17 25 6 2 89
4 76 33 33.976 -112.19 440 341 320 320 2014 7 1 17 26 6 2 89
4 76 33 34.112 -112.24 438 341 320 320 2014 7 1 17 27 6 2 89
4 76 33 34.228 -112.29 438 341 320 320 2014 7 1 17 28 6 2 89
4 76 33 34.344 -112.33 437 341 320 320 2014 7 1 17 29 6 2 89
4 76 33 34.457 -112.39 438 341 320 320 2014 7 1 17 30 6 2 89
4 76 33 34.524 -112.51 434 309 320 320 2014 7 1 17 31 6 2 89
4 76 33 34.604 -112.66 434 303 320 320 2014 7 1 17 32 6 2 89
4 76 33 34.667 -112.78 432 302 320 300 2014 7 1 17 33 6 2 89
4 76 33 34.719 -112.88 432 302 320 300 2014 7 1 17 34 6 2 89
4 76 33 34.795 -113.02 432 302 320 300 2014 7 1 17 35 16 2 89
4 76 33 34.859 -113.15 431 302 316 300 2014 7 1 17 36 6 2 89
4 76 33 34.931 -113.29 432 301 306 300 2014 7 1 17 37 6 2 89
4 76 33 34.997 -113.41 435 302 300 300 2014 7 1 17 38 6 2 89
4 76 33 35.061 -113.54 438 301 300 300 2014 7 1 17 39 6 1 40
4 76 33 35.124 -113.66 437 302 287 100 2014 7 1 17 40 6 1 40
4 76 33 35.195 -113.81 415 300 261 100 2014 7 1 17 41 6 1 40
4 76 33 35.252 -113.92 396 301 239 100 2014 7 1 17 42 6 1 29
4 76 33 35.332 -114 381 301 218 100 2014 7 1 17 43 6 1 29
4 76 33 35.413 -114.08 373 314 197 100 2014 7 1 17 44 15 1 29
4 76 33 35.477 -114.18 373 307 197 100 2014 7 1 17 45 6 1 29
4 76 33 35.494 -114.15 366 316 175 100 2014 7 1 17 46 6 1 29
4 76 33 35.589 -114.24 359 323 151 100 2014 7 1 17 47 6 1 29
4 76 33 35.74 -114.38 343 322 120 100 2014 7 1 17 48 16 1 29
4 76 33 35.775 -114.4 322 322 120 100 2014 7 1 17 49 16 1 29
4 76 33 35.857 -114.44 304 338 120 100 2014 7 1 17 50 6 1 3
4 76 33 35.928 -114.45 306 347 107 100 2014 7 1 17 51 18 1 3
4 76 33 36.012 -114.45 304 358 93 100 2014 7 1 17 52 6 1 3
4 76 33 36.093 -114.45 293 359 80 100 2014 7 1 17 53 6 1 3
4 76 33 36.161 -114.5 284 332 80 100 2014 7 1 17 54 6 1 3
4 76 33 36.209 -114.58 293 310 80 100 2014 7 1 17 55 16 1 3
4 76 33 36.214 -114.66 289 272 80 100 2014 7 1 17 56 8 1 3
4 76 33 36.186 -114.75 285 251 70 100 2014 7 1 17 57 6 1 3
4 76 33 36.162 -114.85 285 251 60 100 2014 7 1 17 58 6 1 3
4 76 33 36.136 -114.95 239 252 60 100 2014 7 1 17 59 6 1 3
4 76 33 36.136 -115.01 196 268 49 100 2014 7 1 18 0 6 1 3
4 76 33 36.138 -115.08 170 273 36 100 2014 7 1 18 1 6 1 3
4 76 33 36.127 -115.14 147 256 28 100 2014 7 1 18 2 15 1 3
4 76 33 36.097 -115.15 141 257 21 100 2014 7 1 18 3 6 1 3
5 76 33 34.479 -112.39 418 340 320 320 2014 7 1 13 36 7 2 89
5 76 33 34.651 -112.58 447 334 320 320 2014 7 1 13 38 6 2 89
5 76 33 34.71 -112.71 444 299 320 320 2014 7 1 13 39 16 2 89
5 76 33 34.771 -112.84 443 299 320 320 2014 7 1 13 40 6 2 89
5 76 33 34.829 -112.97 442 298 320 320 2014 7 1 13 41 6 2 89
5 76 33 34.889 -113.11 442 299 320 320 2014 7 1 13 42 6 2 89
5 76 33 34.949 -113.24 442 298 320 320 2014 7 1 13 43 16 2 89
5 76 33 35.007 -113.37 438 298 320 320 2014 7 1 13 44 6 2 89
5 76 33 35.066 -113.5 437 298 320 240 2014 7 1 13 45 6 1 40
5 76 33 35.124 -113.63 435 299 308 100 2014 7 1 13 46 6 1 40
5 76 33 35.169 -113.73 426 298 288 100 2014 7 1 13 47 6 1 40
5 76 33 35.221 -113.85 404 298 263 100 2014 7 1 13 48 16 1 40
5 76 33 35.296 -113.97 389 298 235 100 2014 7 1 13 49 6 1 29
5 76 33 35.383 -114.05 389 308 210 100 2014 7 1 13 50 16 1 29
5 76 33 35.469 -114.13 379 318 190 100 2014 7 1 13 51 6 1 29
5 76 33 35.551 -114.21 369 322 165 100 2014 7 1 13 52 6 1 29
5 76 33 35.631 -114.28 377 323 143 100 2014 7 1 13 53 15 1 29
5 76 33 35.711 -114.35 365 321 121 100 2014 7 1 13 54 6 1 29
5 76 33 35.781 -114.43 336 320 106 100 2014 7 1 13 55 15 1 29
5 76 33 35.86 -114.51 306 320 94 100 2014 7 1 13 56 6 1 3
5 76 33 35.923 -114.57 301 321 84 100 2014 7 1 13 57 9 1 3
5 76 33 35.985 -114.64 296 319 80 100 2014 7 1 13 58 6 1 3
5 76 33 36.04 -114.69 269 319 80 100 2014 7 1 13 59 6 1 3
5 76 33 36.073 -114.76 245 320 78 100 2014 7 1 14 0 16 1 3
5 76 33 36.072 -114.85 254 276 63 100 2014 7 1 14 1 9 1 3
5 76 33 36.074 -114.94 243 269 48 100 2014 7 1 14 2 15 1 3
5 76 33 36.074 -115.01 205 270 38 100 2014 7 1 14 3 6 1 3
5 76 33 36.074 -115.07 175 272 29 100 2014 7 1 14 4 6 1 3
5 76 33 36.073 -115.12 142 266 22 100 2014 7 1 14 5 16 1 3
5 76 33 36.073 -115.12 142 266 22 100 2014 7 1 14 6 6 1 3
6 76 33 32.098 -110.92 192 0 30 320 2014 7 1 19 11 6 2 77
6 76 33 32.055 -110.81 252 124 70 320 2014 7 1 19 12 16 2 77
6 76 33 32.126 -110.83 278 19 93 320 2014 7 1 19 13 6 2 77
6 76 33 32.166 -110.86 275 342 107 320 2014 7 1 19 14 15 2 77
6 76 33 32.236 -110.92 306 325 126 320 2014 7 1 19 15 16 2 77
6 76 33 32.317 -110.99 348 325 144 320 2014 7 1 19 16 6 2 77
6 76 33 32.404 -111.07 376 323 166 320 2014 7 1 19 17 6 2 77
6 76 33 32.492 -111.14 386 323 191 320 2014 7 1 19 18 6 2 60
6 76 33 32.599 -111.24 390 324 211 320 2014 7 1 19 19 16 2 60
6 76 33 32.692 -111.32 409 323 231 320 2014 7 1 19 20 15 2 60
6 76 33 32.784 -111.4 411 324 255 320 2014 7 1 19 21 6 2 60
6 76 33 32.876 -111.48 409 323 268 320 2014 7 1 19 22 6 2 90
6 76 33 32.972 -111.56 424 322 282 320 2014 7 1 19 23 6 2 90
6 76 33 33.07 -111.65 430 324 296 320 2014 7 1 19 24 6 2 90
6 76 33 33.168 -111.73 433 324 311 320 2014 7 1 19 25 15 2 90
6 76 33 33.168 -111.73 433 324 311 320 2014 7 1 19 26 6 2 90
6 76 33 33.368 -111.91 432 323 320 320 2014 7 1 19 27 6 2 90
6 76 33 33.484 -111.99 427 323 320 320 2014 7 1 19 28 6 2 90
6 76 33 33.603 -112.04 425 341 320 320 2014 7 1 19 29 16 2 89
6 76 33 33.717 -112.08 426 341 320 320 2014 7 1 19 30 16 2 89
6 76 33 33.717 -112.08 426 341 320 320 2014 7 1 19 31 6 2 89
6 76 33 33.831 -112.13 429 341 320 320 2014 7 1 19 32 6 2 89
6 76 33 33.943 -112.17 429 341 320 320 2014 7 1 19 33 6 2 89
6 76 33 34.172 -112.27 430 341 320 320 2014 7 1 19 34 16 2 89
6 76 33 34.196 -112.28 430 341 320 320 2014 7 1 19 35 6 2 89
6 76 33 34.286 -112.31 430 339 320 320 2014 7 1 19 36 6 2 89
6 76 33 34.383 -112.43 428 310 320 320 2014 7 1 19 37 16 2 89
6 76 33 34.452 -112.55 423 305 320 320 2014 7 1 19 38 16 2 89
6 76 33 34.521 -112.66 423 306 320 320 2014 7 1 19 39 16 2 89
6 76 33 34.606 -112.8 424 305 320 300 2014 7 1 19 40 16 2 89
6 76 33 34.673 -112.92 425 305 320 300 2014 7 1 19 41 6 2 89
6 76 33 34.741 -113.04 426 305 320 300 2014 7 1 19 42 6 2 89
6 76 33 34.811 -113.16 426 305 315 300 2014 7 1 19 43 16 2 89
6 76 33 34.883 -113.28 432 305 300 300 2014 7 1 19 44 6 2 89
6 76 33 34.947 -113.39 433 305 300 300 2014 7 1 19 45 6 2 89
6 76 33 35.031 -113.53 434 306 300 240 2014 7 1 19 46 6 1 40
6 76 33 35.102 -113.66 438 304 293 240 2014 7 1 19 47 7 1 40
6 76 33 35.174 -113.78 444 304 275 240 2014 7 1 19 48 15 1 40
6 76 33 35.242 -113.9 443 304 248 240 2014 7 1 19 49 16 1 40
6 76 33 35.349 -114.02 426 305 217 240 2014 7 1 19 50 6 1 29
6 76 33 35.439 -114.1 412 319 192 240 2014 7 1 19 51 6 1 29
6 76 33 35.525 -114.18 396 322 167 240 2014 7 1 19 52 6 1 29
6 76 33 35.609 -114.26 382 322 143 240 2014 7 1 19 53 6 1 29
6 76 33 35.689 -114.33 372 321 123 240 2014 7 1 19 54 16 1 29
6 76 33 35.729 -114.37 347 322 120 240 2014 7 1 19 55 6 1 29
6 76 33 35.826 -114.4 311 330 112 240 2014 7 1 19 56 6 1 29
6 76 33 35.954 -114.41 308 352 97 240 2014 7 1 19 57 6 1 3
6 76 33 36.035 -114.44 304 354 88 240 2014 7 1 19 58 15 1 3
6 76 33 36.08 -114.47 293 347 82 240 2014 7 1 19 59 6 1 3
6 76 33 36.133 -114.53 289 332 75 240 2014 7 1 20 0 6 1 3
6 76 33 36.165 -114.62 287 304 70 240 2014 7 1 20 1 6 1 3
6 76 33 36.184 -114.7 282 288 70 240 2014 7 1 20 2 16 1 3
6 76 33 36.168 -114.8 268 268 70 240 2014 7 1 20 3 15 1 3
6 76 33 36.15 -114.87 228 253 70 240 2014 7 1 20 4 16 1 3
6 76 33 36.133 -114.95 189 256 59 240 2014 7 1 20 5 16 1 3
6 76 33 36.134 -115.02 194 263 48 240 2014 7 1 20 6 6 1 3
6 76 33 36.138 -115.06 192 270 41 240 2014 7 1 20 7 6 1 3
6 76 33 36.125 -115.14 147 273 28 240 2014 7 1 20 8 6 1 3
6 76 33 36.103 -115.15 157 246 23 240 2014 7 1 20 9 6 1 3
7 76 33 32.132 -110.96 169 324 320 320 2014 7 2 0 50 6 2 90
7 76 33 32.178 -111 231 319 55 320 2014 7 2 0 51 6 2 77
7 76 33 32.235 -111.04 240 325 89 320 2014 7 2 0 52 15 2 77
7 76 33 32.301 -111.09 273 327 117 320 2014 7 2 0 53 15 2 77
7 76 33 32.394 -111.17 326 326 146 320 2014 7 2 0 54 16 2 77
7 76 33 32.48 -111.23 367 327 180 320 2014 7 2 0 55 16 2 60
7 76 33 32.571 -111.3 381 327 211 320 2014 7 2 0 56 16 2 60
7 76 33 32.666 -111.37 397 326 241 320 2014 7 2 0 57 16 2 60
7 76 33 32.763 -111.45 409 327 267 320 2014 7 2 0 58 15 2 90
7 76 33 32.862 -111.52 417 327 294 320 2014 7 2 0 59 16 2 90
7 76 33 32.96 -111.6 417 326 318 320 2014 7 2 1 0 16 2 90
7 76 33 33.036 -111.66 418 325 320 320 2014 7 2 1 1 6 2 90
7 76 33 33.172 -111.76 417 326 320 320 2014 7 2 1 2 15 2 90
7 76 33 33.236 -111.81 434 327 320 320 2014 7 2 1 3 6 2 90
7 76 33 33.348 -111.9 445 326 320 320 2014 7 2 1 4 6 2 90
7 76 33 33.485 -112.01 446 327 320 320 2014 7 2 1 5 6 2 90
7 76 33 33.545 -112.08 446 326 320 320 2014 7 2 1 6 8 2 90
7 76 33 33.671 -112.21 448 318 320 320 2014 7 2 1 7 6 2 89
7 76 33 33.75 -112.3 449 318 320 320 2014 7 2 1 8 6 2 89
7 76 33 33.842 -112.39 446 318 320 320 2014 7 2 1 9 6 2 89
7 76 33 33.934 -112.49 444 318 320 320 2014 7 2 1 10 6 2 89
7 76 33 33.952 -112.51 446 318 320 320 2014 7 2 1 11 6 2 89
7 76 33 34.12 -112.69 449 318 320 320 2014 7 2 1 12 17 2 89
7 76 33 34.159 -112.73 449 318 320 320 2014 7 2 1 13 6 2 89
7 76 33 34.253 -112.83 449 318 320 320 2014 7 2 1 14 6 2 89
7 76 33 34.425 -113.02 452 318 320 320 2014 7 2 1 15 16 2 89
7 76 33 34.442 -113.04 451 319 320 300 2014 7 2 1 16 12 2 89
7 76 33 34.518 -113.16 464 308 320 300 2014 7 2 1 17 6 2 89
7 76 33 34.586 -113.29 463 302 320 240 2014 7 2 1 18 6 2 89
7 76 33 34.657 -113.42 455 303 317 240 2014 7 2 1 19 6 2 89
7 76 33 34.731 -113.53 442 308 305 240 2014 7 2 1 20 16 2 89
7 76 33 34.813 -113.66 402 307 292 240 2014 7 2 1 21 7 2 108
7 76 33 34.884 -113.75 385 311 281 240 2014 7 2 1 22 16 1 40
7 76 33 34.959 -113.84 372 315 271 240 2014 7 2 1 23 15 1 40
7 76 33 35.041 -113.91 370 320 261 240 2014 7 2 1 24 15 1 40
7 76 33 35.138 -113.96 372 337 249 240 2014 7 2 1 25 16 1 40
7 76 33 35.218 -114 363 338 234 240 2014 7 2 1 26 24 1 29
7 76 33 35.306 -114.04 346 338 218 240 2014 7 2 1 27 6 1 29
7 76 33 35.387 -114.1 340 338 193 240 2014 7 2 1 28 6 1 29
7 76 33 35.46 -114.16 340 333 175 240 2014 7 2 1 29 16 1 29
7 76 33 35.551 -114.23 327 327 160 240 2014 7 2 1 30 6 1 29
7 76 33 35.626 -114.29 310 326 146 240 2014 7 2 1 31 6 1 29
7 76 33 35.718 -114.37 301 327 124 240 2014 7 2 1 32 15 1 29
7 76 33 35.797 -114.41 307 331 111 240 2014 7 2 1 33 16 1 29
7 76 33 35.87 -114.43 298 346 100 240 2014 7 2 1 34 16 1 3
7 76 33 35.952 -114.46 298 344 96 240 2014 7 2 1 35 6 1 3
7 76 33 36.025 -114.48 295 343 81 240 2014 7 2 1 36 6 1 3
7 76 33 36.106 -114.51 297 341 81 240 2014 7 2 1 37 15 1 3
7 76 33 36.178 -114.55 299 340 81 240 2014 7 2 1 38 6 1 3
7 76 33 36.199 -114.65 295 287 81 240 2014 7 2 1 39 6 1 3
7 76 33 36.205 -114.75 251 277 81 240 2014 7 2 1 40 6 1 3
7 76 33 36.18 -114.82 259 246 70 240 2014 7 2 1 41 6 1 3
7 76 33 36.153 -114.9 234 247 64 240 2014 7 2 1 42 6 1 3
7 76 33 36.133 -114.97 190 247 59 240 2014 7 2 1 43 6 1 3
7 76 33 36.136 -115.03 189 272 47 240 2014 7 2 1 44 16 1 3
7 76 33 36.139 -115.08 183 273 36 240 2014 7 2 1 45 6 1 3
7 76 33 36.124 -115.14 141 272 28 240 2014 7 2 1 46 8 1 3
7 76 33 36.087 -115.16 135 243 21 240 2014 7 2 1 47 16 1 3
8 76 33 32.101 -110.92 165 0 33 320 2014 7 2 17 8 6 2 77
8 76 33 32.08 -110.89 183 134 44 320 2014 7 2 17 9 6 2 77
8 76 33 32.04 -110.94 228 165 72 320 2014 7 2 17 10 6 2 77
8 76 33 32.097 -110.98 265 300 94 320 2014 7 2 17 11 6 2 77
8 76 33 32.163 -111.02 265 333 94 320 2014 7 2 17 12 6 2 77
8 76 33 32.169 -111.03 292 330 114 320 2014 7 2 17 13 6 2 77
8 76 33 32.346 -111.17 378 327 170 320 2014 7 2 17 14 6 2 77
8 76 33 32.443 -111.23 399 328 200 320 2014 7 2 17 15 6 2 60
8 76 33 32.462 -111.25 402 328 205 320 2014 7 2 17 16 7 2 60
8 76 33 32.66 -111.4 415 327 222 320 2014 7 2 17 17 6 2 60
8 76 33 32.76 -111.47 417 328 251 320 2014 7 2 17 18 16 2 60
8 76 33 32.76 -111.47 421 328 251 320 2014 7 2 17 19 6 2 60
8 76 33 32.859 -111.54 419 328 279 320 2014 7 2 17 20 16 2 90
8 76 33 32.959 -111.62 418 328 298 320 2014 7 2 17 21 6 2 90
8 76 33 33.062 -111.69 427 328 320 320 2014 7 2 17 22 6 2 90
8 76 33 33.187 -111.78 441 327 320 320 2014 7 2 17 23 6 2 90
8 76 33 33.292 -111.86 449 327 320 320 2014 7 2 17 24 6 2 90
8 76 33 33.398 -111.94 449 328 320 320 2014 7 2 17 25 6 2 90
8 76 33 33.513 -112 453 335 320 320 2014 7 2 17 26 6 2 90
8 76 33 33.657 -112.06 452 342 320 320 2014 7 2 17 27 6 2 89
8 76 33 33.777 -112.11 452 341 320 320 2014 7 2 17 28 6 2 89
8 76 33 33.898 -112.15 451 341 320 320 2014 7 2 17 29 6 2 89
8 76 33 34.019 -112.2 452 341 320 300 2014 7 2 17 30 6 2 89
8 76 33 34.14 -112.25 452 341 318 300 2014 7 2 17 31 6 2 89
8 76 33 34.26 -112.3 452 341 308 300 2014 7 2 17 32 6 2 89
8 76 33 34.38 -112.35 453 341 300 300 2014 7 2 17 33 6 2 89
8 76 33 34.511 -112.4 447 341 300 300 2014 7 2 17 34 16 2 89
8 76 33 34.63 -112.45 450 340 300 300 2014 7 2 17 35 16 2 89
8 76 33 34.725 -112.54 442 323 300 300 2014 7 2 17 36 6 2 89
8 76 33 34.778 -112.67 445 295 300 300 2014 7 2 17 37 6 2 89
8 76 33 34.831 -112.81 442 295 300 300 2014 7 2 17 38 6 2 89
8 76 33 34.894 -112.97 443 295 300 300 2014 7 2 17 39 6 2 89
8 76 33 34.946 -113.11 442 294 300 300 2014 7 2 17 40 6 2 89
8 76 33 34.998 -113.24 442 295 300 300 2014 7 2 17 41 7 2 89
8 76 33 35.051 -113.38 441 295 300 300 2014 7 2 17 42 6 1 40
8 76 33 35.102 -113.52 440 295 300 300 2014 7 2 17 43 6 1 40
8 76 33 35.154 -113.65 440 294 298 240 2014 7 2 17 44 6 1 40
8 76 33 35.204 -113.79 433 295 273 240 2014 7 2 17 45 6 1 40
8 76 33 35.204 -113.79 433 294 273 100 2014 7 2 17 46 6 1 40
8 76 33 35.353 -114.02 407 296 218 100 2014 7 2 17 47 9 1 29
8 76 33 35.44 -114.1 399 318 194 100 2014 7 2 17 48 6 1 29
8 76 33 35.507 -114.21 399 307 194 100 2014 7 2 17 49 6 1 29
8 76 33 35.576 -114.23 376 323 154 100 2014 7 2 17 50 6 1 29
8 76 33 35.654 -114.31 382 322 132 100 2014 7 2 17 51 6 1 29
8 76 33 35.733 -114.38 350 322 120 100 2014 7 2 17 52 6 1 29
8 76 33 35.824 -114.4 305 335 105 100 2014 7 2 17 53 16 1 29
8 76 33 35.896 -114.41 307 353 91 100 2014 7 2 17 54 6 1 3
8 76 33 35.991 -114.42 296 353 90 100 2014 7 2 17 55 6 1 3
8 76 33 36.068 -114.43 271 353 84 100 2014 7 2 17 56 6 1 3
8 76 33 36.128 -114.46 247 346 80 100 2014 7 2 17 57 6 1 3
8 76 33 36.174 -114.51 250 323 80 100 2014 7 2 17 58 6 1 3
8 76 33 36.203 -114.6 242 298 80 100 2014 7 2 17 59 6 1 3
8 76 33 36.203 -114.68 244 273 77 100 2014 7 2 18 0 6 1 3
8 76 33 36.186 -114.74 242 270 71 100 2014 7 2 18 1 7 1 3
8 76 33 36.167 -114.82 242 252 65 100 2014 7 2 18 2 16 1 3
8 76 33 36.146 -114.91 237 253 63 100 2014 7 2 18 3 6 1 3
8 76 33 36.133 -115 228 260 52 100 2014 7 2 18 4 6 1 3
8 76 33 36.138 -115.08 207 272 36 100 2014 7 2 18 5 16 1 3
8 76 33 36.127 -115.13 159 261 29 100 2014 7 2 18 6 16 1 3
8 76 33 36.096 -115.15 152 256 21 100 2014 7 2 18 7 6 1 3
9 76 33 32.086 -110.9 213 131 320 320 2014 7 2 12 58 16 2 90
9 76 33 32.111 -110.83 251 100 66 320 2014 7 2 12 59 16 2 77
9 76 33 32.169 -110.88 251 327 66 320 2014 7 2 13 0 6 2 77
9 76 33 32.246 -110.94 299 344 110 320 2014 7 2 13 1 6 2 77
9 76 33 32.324 -111 332 326 139 320 2014 7 2 13 2 6 2 77
9 76 33 32.403 -111.07 347 324 169 320 2014 7 2 13 3 16 2 77
9 76 33 32.485 -111.14 357 324 192 320 2014 7 2 13 4 6 2 60
9 76 33 32.569 -111.22 369 323 215 320 2014 7 2 13 5 6 2 60
9 76 33 32.658 -111.28 369 329 215 320 2014 7 2 13 6 6 2 60
9 76 33 32.741 -111.36 379 323 261 320 2014 7 2 13 7 16 2 90
9 76 33 32.741 -111.36 379 323 261 320 2014 7 2 13 8 6 2 90
9 76 33 32.831 -111.44 392 324 275 320 2014 7 2 13 9 6 2 90
9 76 33 32.924 -111.52 407 323 290 320 2014 7 2 13 10 6 2 90
9 76 33 33.021 -111.61 424 323 304 320 2014 7 2 13 11 6 2 90
9 76 33 33.218 -111.78 438 323 320 320 2014 7 2 13 12 6 2 90
9 76 33 33.325 -111.87 440 323 320 320 2014 7 2 13 13 16 2 90
9 76 33 33.325 -111.87 440 323 320 320 2014 7 2 13 14 6 2 90
9 76 33 33.416 -111.95 440 323 320 320 2014 7 2 13 15 6 2 90
9 76 33 33.529 -112.01 440 339 320 320 2014 7 2 13 16 6 2 90
9 76 33 33.628 -112.09 435 325 320 320 2014 7 2 13 17 15 2 89
9 76 33 33.722 -112.19 432 317 320 320 2014 7 2 13 18 15 2 89
9 76 33 33.913 -112.4 434 317 320 320 2014 7 2 13 19 15 2 89
9 76 33 33.899 -112.39 432 317 320 320 2014 7 2 13 20 6 2 89
9 76 33 34.002 -112.5 434 316 320 320 2014 7 2 13 21 6 2 89
9 76 33 34.092 -112.6 433 317 320 320 2014 7 2 13 22 6 2 89
9 76 33 34.179 -112.7 434 317 320 320 2014 7 2 13 23 6 2 89
9 76 33 34.268 -112.8 434 316 320 320 2014 7 2 13 24 6 2 89
9 76 33 34.356 -112.9 433 317 320 320 2014 7 2 13 25 6 2 89
9 76 33 34.442 -113 434 316 320 300 2014 7 2 13 26 6 2 89
9 76 33 34.533 -113.1 433 317 319 300 2014 7 2 13 27 6 2 89
9 76 33 34.617 -113.19 431 317 309 300 2014 7 2 13 28 16 2 89
9 76 33 34.702 -113.29 425 316 300 300 2014 7 2 13 29 6 2 89
9 76 33 34.79 -113.39 424 316 300 300 2014 7 2 13 30 6 2 89
9 76 33 34.897 -113.51 437 316 300 300 2014 7 2 13 31 6 2 89
9 76 33 34.986 -113.62 438 316 300 240 2014 7 2 13 32 16 1 40
9 76 33 35.076 -113.72 439 316 300 240 2014 7 2 13 33 6 1 40
9 76 33 35.165 -113.82 440 316 280 100 2014 7 2 13 34 15 1 40
9 76 33 35.254 -113.93 439 316 250 100 2014 7 2 13 35 6 1 40
9 76 33 35.34 -114.01 422 316 225 100 2014 7 2 13 36 9 1 29
9 76 33 35.432 -114.09 415 322 197 100 2014 7 2 13 37 6 1 29
9 76 33 35.524 -114.18 401 322 167 100 2014 7 2 13 38 6 1 29
9 76 33 35.642 -114.29 408 322 130 100 2014 7 2 13 39 16 1 29
9 76 33 35.708 -114.35 384 321 123 100 2014 7 2 13 40 6 1 29
9 76 33 35.763 -114.4 310 323 120 100 2014 7 2 13 41 6 1 29
9 76 33 35.854 -114.46 310 334 109 100 2014 7 2 13 42 6 1 3
9 76 33 35.913 -114.53 310 315 100 100 2014 7 2 13 43 6 1 3
9 76 33 35.973 -114.6 303 315 87 100 2014 7 2 13 44 6 1 3
9 76 33 36.028 -114.67 291 314 80 100 2014 7 2 13 45 6 1 3
9 76 33 36.044 -114.75 241 288 76 100 2014 7 2 13 46 15 1 3
9 76 33 36.063 -114.83 236 286 65 100 2014 7 2 13 47 6 1 3
9 76 33 36.075 -114.92 232 280 55 100 2014 7 2 13 48 6 1 3
9 76 33 36.074 -114.99 211 269 42 100 2014 7 2 13 49 6 1 3
9 76 33 36.073 -115.06 182 269 32 100 2014 7 2 13 50 6 1 3
9 76 33 36.073 -115.11 143 271 24 100 2014 7 2 13 51 6 1 3
10 76 33 32.075 -110.89 195 131 43 320 2014 7 2 19 7 6 2 77
10 76 33 32.038 -110.84 243 132 320 320 2014 7 2 19 8 6 2 90
10 76 33 32.071 -110.78 247 59 100 320 2014 7 2 19 9 6 2 77
10 76 33 32.122 -110.82 263 56 110 320 2014 7 2 19 10 6 2 77
10 76 33 32.199 -110.88 325 327 130 320 2014 7 2 19 11 6 2 77
10 76 33 32.274 -110.94 325 326 130 320 2014 7 2 19 12 6 2 77
10 76 33 32.333 -111 370 324 173 320 2014 7 2 19 13 6 2 60
10 76 33 32.423 -111.08 394 323 200 320 2014 7 2 19 14 6 2 60
10 76 33 32.516 -111.16 409 323 228 320 2014 7 2 19 15 6 2 60
10 76 33 32.664 -111.29 411 323 260 320 2014 7 2 19 16 17 2 90
10 76 33 32.701 -111.32 414 322 260 320 2014 7 2 19 17 6 2 90
10 76 33 32.856 -111.45 429 323 271 320 2014 7 2 19 18 16 2 90
10 76 33 32.915 -111.51 433 323 285 320 2014 7 2 19 19 16 2 90
10 76 33 33.013 -111.6 435 323 311 320 2014 7 2 19 20 6 2 90
10 76 33 33.109 -111.68 435 323 320 320 2014 7 2 19 21 6 2 90
10 76 33 33.261 -111.82 428 323 320 320 2014 7 2 19 22 16 2 90
10 76 33 33.306 -111.86 425 323 320 320 2014 7 2 19 23 16 2 90
10 76 33 33.4 -111.94 425 322 320 320 2014 7 2 19 24 6 2 90
10 76 33 33.507 -112 426 327 320 320 2014 7 2 19 25 6 2 90
10 76 33 33.641 -112.05 424 340 320 320 2014 7 2 19 26 6 2 89
10 76 33 33.754 -112.1 426 341 320 320 2014 7 2 19 27 6 2 89
10 76 33 33.866 -112.14 426 341 320 320 2014 7 2 19 28 6 2 89
10 76 33 33.978 -112.19 426 341 320 300 2014 7 2 19 29 6 2 89
10 76 33 34.103 -112.24 423 341 310 300 2014 7 2 19 30 6 2 89
10 76 33 34.153 -112.26 423 341 305 300 2014 7 2 19 31 6 2 89
10 76 33 34.264 -112.3 419 341 300 300 2014 7 2 19 32 6 2 89
10 76 33 34.429 -112.37 412 341 300 300 2014 7 2 19 33 15 2 89
10 76 33 34.494 -112.4 414 341 300 300 2014 7 2 19 34 6 2 89
10 76 33 34.603 -112.44 413 341 300 300 2014 7 2 19 35 6 2 89
10 76 33 34.706 -112.5 414 341 300 300 2014 7 2 19 36 6 2 89
10 76 33 34.757 -112.62 416 308 300 300 2014 7 2 19 37 7 2 89
10 76 33 34.807 -112.75 413 295 300 300 2014 7 2 19 38 6 2 89
10 76 33 34.856 -112.87 413 295 300 300 2014 7 2 19 39 6 2 89
10 76 33 34.905 -113 412 295 300 300 2014 7 2 19 40 6 2 89
10 76 33 34.954 -113.13 412 294 300 300 2014 7 2 19 41 6 2 89
10 76 33 35.011 -113.28 411 295 300 300 2014 7 2 19 42 16 2 89
10 76 33 35.06 -113.41 410 295 300 240 2014 7 2 19 43 6 1 40
10 76 33 35.108 -113.53 409 294 291 240 2014 7 2 19 44 6 1 40
10 76 33 35.153 -113.65 394 294 272 120 2014 7 2 19 45 6 1 40
10 76 33 35.196 -113.77 379 295 254 120 2014 7 2 19 46 6 1 40
10 76 33 35.239 -113.88 367 294 235 120 2014 7 2 19 47 6 1 29
10 76 33 35.279 -113.95 349 294 223 120 2014 7 2 19 48 6 1 29
10 76 33 35.358 -114.03 352 299 205 120 2014 7 2 19 49 6 1 29
10 76 33 35.436 -114.1 351 314 188 120 2014 7 2 19 50 6 1 29
10 76 33 35.54 -114.2 339 323 163 120 2014 7 2 19 51 6 1 29
10 76 33 35.588 -114.24 334 322 152 120 2014 7 2 19 52 16 1 29
10 76 33 35.671 -114.32 326 321 133 120 2014 7 2 19 53 6 1 29
10 76 33 35.741 -114.38 321 323 120 120 2014 7 2 19 54 6 1 29
10 76 33 35.826 -114.41 312 332 112 120 2014 7 2 19 55 6 1 29
10 76 33 35.912 -114.42 312 353 102 120 2014 7 2 19 56 6 1 3
10 76 33 35.996 -114.43 310 352 92 120 2014 7 2 19 57 15 1 3
10 76 33 36.079 -114.45 306 352 90 120 2014 7 2 19 58 6 1 3
10 76 33 36.167 -114.5 300 336 83 120 2014 7 2 19 59 16 1 3
10 76 33 36.189 -114.54 294 332 80 120 2014 7 2 20 0 6 1 3
10 76 33 36.192 -114.69 286 283 80 120 2014 7 2 20 1 7 1 3
10 76 33 36.171 -114.78 282 255 80 120 2014 7 2 20 2 16 1 3
10 76 33 36.164 -114.81 272 254 77 120 2014 7 2 20 3 6 1 3
10 76 33 36.144 -114.91 263 254 66 120 2014 7 2 20 4 6 1 3
10 76 33 36.132 -114.98 205 256 57 120 2014 7 2 20 5 6 1 3
10 76 33 36.136 -115.03 204 270 47 120 2014 7 2 20 6 6 1 3
10 76 33 36.138 -115.11 165 277 34 120 2014 7 2 20 7 6 1 3
10 76 33 36.11 -115.15 136 245 24 120 2014 7 2 20 8 16 1 3
10 76 33 36.088 -115.16 140 230 20 120 2014 7 2 20 9 6 1 3
11 76 33 32.123 -110.95 168 0 33 320 2014 7 3 0 49 6 2 77
11 76 33 32.138 -110.97 173 313 320 320 2014 7 3 0 50 6 2 90
11 76 33 32.194 -111.05 261 310 66 320 2014 7 3 0 51 6 2 77
11 76 33 32.227 -111.08 265 310 87 320 2014 7 3 0 52 6 2 77
11 76 33 32.351 -111.17 331 329 123 320 2014 7 3 0 53 6 2 77
11 76 33 32.404 -111.21 356 328 143 320 2014 7 3 0 54 15 2 77
11 76 33 32.533 -111.31 384 328 169 320 2014 7 3 0 55 16 2 77
11 76 33 32.589 -111.34 386 328 170 320 2014 7 3 0 56 6 2 60
11 76 33 32.717 -111.44 386 328 188 320 2014 7 3 0 57 6 2 60
11 76 33 32.776 -111.48 389 328 207 320 2014 7 3 0 58 16 2 60
11 76 33 32.867 -111.55 391 328 232 320 2014 7 3 0 59 16 2 60
11 76 33 32.926 -111.59 405 328 245 320 2014 7 3 1 0 6 2 60
11 76 33 33.068 -111.7 433 328 272 320 2014 7 3 1 1 16 2 90
11 76 33 33.192 -111.79 437 328 308 320 2014 7 3 1 2 6 2 90
11 76 33 33.291 -111.86 426 327 320 320 2014 7 3 1 3 6 2 90
11 76 33 33.39 -111.94 422 328 320 320 2014 7 3 1 4 15 2 90
11 76 33 33.498 -111.99 425 329 320 320 2014 7 3 1 5 6 2 90
11 76 33 33.611 -112.04 427 341 320 320 2014 7 3 1 6 6 2 89
11 76 33 33.663 -112.06 426 342 320 320 2014 7 3 1 7 6 2 89
11 76 33 33.797 -112.11 426 341 320 320 2014 7 3 1 8 6 2 89
11 76 33 33.91 -112.16 426 341 320 320 2014 7 3 1 9 6 2 89
11 76 33 34.063 -112.22 425 341 320 320 2014 7 3 1 10 6 2 89
11 76 33 34.176 -112.27 425 341 320 320 2014 7 3 1 11 16 2 89
11 76 33 34.281 -112.33 425 340 320 320 2014 7 3 1 12 6 2 89
11 76 33 34.365 -112.47 423 309 320 320 2014 7 3 1 13 6 2 89
11 76 33 34.403 -112.53 422 307 320 300 2014 7 3 1 14 6 2 89
11 76 33 34.476 -112.64 423 307 320 300 2014 7 3 1 15 16 2 89
11 76 33 34.546 -112.76 424 307 320 300 2014 7 3 1 16 15 2 89
11 76 33 34.617 -112.87 425 306 320 300 2014 7 3 1 17 6 2 89
11 76 33 34.701 -113.01 424 306 320 300 2014 7 3 1 18 6 2 89
11 76 33 34.801 -113.17 424 306 317 300 2014 7 3 1 19 15 2 89
11 76 33 34.843 -113.24 425 306 303 300 2014 7 3 1 20 6 2 89
11 76 33 34.913 -113.36 425 306 300 300 2014 7 3 1 21 15 2 89
11 76 33 34.944 -113.41 431 306 300 300 2014 7 3 1 22 6 2 89
11 76 33 35.017 -113.53 442 306 300 240 2014 7 3 1 23 6 1 40
11 76 33 35.133 -113.72 433 306 272 100 2014 7 3 1 24 16 1 40
11 76 33 35.212 -113.85 411 306 247 100 2014 7 3 1 25 6 1 40
11 76 33 35.225 -113.88 411 306 242 100 2014 7 3 1 26 6 1 40
11 76 33 35.282 -113.96 391 306 226 100 2014 7 3 1 27 6 1 29
11 76 33 35.369 -114.03 382 309 205 100 2014 7 3 1 28 15 1 29
11 76 33 35.451 -114.11 374 318 185 100 2014 7 3 1 29 16 1 29
11 76 33 35.601 -114.25 367 322 146 100 2014 7 3 1 30 16 1 29
11 76 33 35.672 -114.32 359 322 128 100 2014 7 3 1 31 6 1 29
11 76 33 35.767 -114.39 340 322 115 100 2014 7 3 1 32 17 1 29
11 76 33 35.792 -114.39 350 331 113 100 2014 7 3 1 33 6 1 29
11 76 33 35.95 -114.43 331 348 100 100 2014 7 3 1 34 15 1 3
11 76 33 35.974 -114.44 336 348 100 100 2014 7 3 1 35 16 1 3
11 76 33 36.105 -114.52 296 338 93 100 2014 7 3 1 36 6 1 3
11 76 33 36.178 -114.59 297 323 78 100 2014 7 3 1 37 15 1 3
11 76 33 36.189 -114.6 303 323 75 100 2014 7 3 1 38 6 1 3
11 76 33 36.197 -114.7 288 293 70 100 2014 7 3 1 39 6 1 3
11 76 33 36.175 -114.79 275 251 62 100 2014 7 3 1 40 16 1 3
11 76 33 36.155 -114.87 251 252 60 100 2014 7 3 1 41 15 1 3
11 76 33 36.138 -114.94 188 251 60 100 2014 7 3 1 42 6 1 3
11 76 33 36.135 -115 189 253 53 100 2014 7 3 1 43 6 1 3
11 76 33 36.138 -115.06 169 275 40 100 2014 7 3 1 44 6 1 3
11 76 33 36.134 -115.11 161 270 32 100 2014 7 3 1 45 6 1 3
11 76 33 36.106 -115.15 134 250 23 100 2014 7 3 1 46 6 1 3
12 76 33 32.089 -110.91 176 0 40 320 2014 7 3 17 13 6 2 77
12 76 33 32.051 -110.85 222 133 66 320 2014 7 3 17 14 6 2 77
12 76 33 32.094 -110.83 239 49 95 320 2014 7 3 17 15 6 2 77
12 76 33 32.158 -110.89 299 325 117 320 2014 7 3 17 16 6 2 77
12 76 33 32.243 -110.96 338 326 143 320 2014 7 3 17 17 16 2 77
12 76 33 32.33 -111.03 371 325 169 320 2014 7 3 17 18 6 2 77
12 76 33 32.418 -111.1 383 324 170 320 2014 7 3 17 19 6 2 77
12 76 33 32.487 -111.16 384 324 175 320 2014 7 3 17 20 6 2 60
12 76 33 32.591 -111.25 384 324 198 320 2014 7 3 17 21 6 2 60
12 76 33 32.68 -111.33 389 324 209 320 2014 7 3 17 22 6 2 60
12 76 33 32.771 -111.4 395 325 233 320 2014 7 3 17 23 6 2 60
12 76 33 32.887 -111.5 423 324 258 320 2014 7 3 17 24 6 2 60
12 76 33 32.966 -111.57 429 323 275 320 2014 7 3 17 25 6 2 90
12 76 33 32.986 -111.58 435 324 279 320 2014 7 3 17 26 6 2 90
12 76 33 33.162 -111.74 429 324 320 320 2014 7 3 17 27 6 2 90
12 76 33 33.268 -111.83 428 323 320 340 2014 7 3 17 28 6 2 90
12 76 33 33.364 -111.91 426 324 327 340 2014 7 3 17 29 6 2 90
12 76 33 33.466 -111.98 427 324 340 340 2014 7 3 17 30 6 2 102
12 76 33 33.501 -112 429 329 340 340 2014 7 3 17 31 6 2 102
12 76 33 33.616 -112.04 430 341 340 340 2014 7 3 17 32 6 2 89
12 76 33 33.731 -112.09 432 341 340 340 2014 7 3 17 33 6 2 89
12 76 33 33.851 -112.14 445 341 340 340 2014 7 3 17 34 6 2 89
12 76 33 33.973 -112.18 453 341 340 340 2014 7 3 17 35 6 2 89
12 76 33 34.094 -112.24 454 341 340 340 2014 7 3 17 36 6 2 89
12 76 33 34.241 -112.29 455 341 340 340 2014 7 3 17 37 6 2 89
12 76 33 34.362 -112.34 457 340 340 300 2014 7 3 17 38 16 2 89
12 76 33 34.482 -112.39 457 341 336 300 2014 7 3 17 39 6 2 89
12 76 33 34.614 -112.44 457 341 325 300 2014 7 3 17 40 6 2 89
12 76 33 34.717 -112.52 457 336 320 300 2014 7 3 17 41 6 2 89
12 76 33 34.772 -112.66 441 297 315 300 2014 7 3 17 42 6 2 89
12 76 33 34.825 -112.79 442 296 306 300 2014 7 3 17 43 6 2 89
12 76 33 34.894 -112.92 454 300 300 300 2014 7 3 17 44 6 2 89
12 76 33 34.968 -113.05 454 305 300 300 2014 7 3 17 45 6 2 89
12 76 33 35.058 -113.2 453 305 300 300 2014 7 3 17 46 7 2 89
12 76 33 35.118 -113.3 456 305 300 300 2014 7 3 17 47 6 1 40
12 76 33 35.207 -113.45 455 305 300 300 2014 7 3 17 48 6 1 40
12 76 33 35.282 -113.58 455 306 289 240 2014 7 3 17 49 6 1 40
12 76 33 35.353 -113.71 453 304 255 240 2014 7 3 17 50 6 1 40
12 76 33 35.411 -113.81 451 304 235 240 2014 7 3 17 51 7 1 29
12 76 33 35.477 -113.92 416 305 209 240 2014 7 3 17 52 6 1 29
12 76 33 35.551 -114.05 390 305 174 240 2014 7 3 17 53 6 1 29
12 76 33 35.605 -114.15 376 305 158 240 2014 7 3 17 54 6 1 29
12 76 33 35.656 -114.24 380 305 141 240 2014 7 3 17 55 6 1 29
12 76 33 35.735 -114.37 361 305 120 240 2014 7 3 17 56 6 1 29
12 76 33 35.821 -114.4 328 327 109 240 2014 7 3 17 57 6 1 29
12 76 33 35.909 -114.41 321 353 95 240 2014 7 3 17 58 6 1 3
12 76 33 35.951 -114.41 315 354 88 240 2014 7 3 17 59 6 1 3
12 76 33 36.071 -114.42 283 356 80 240 2014 7 3 18 0 6 1 3
12 76 33 36.106 -114.43 256 355 80 240 2014 7 3 18 1 6 1 3
12 76 33 36.176 -114.44 257 355 81 240 2014 7 3 18 2 6 1 3
12 76 33 36.239 -114.47 248 351 80 240 2014 7 3 18 3 6 1 3
12 76 33 36.246 -114.55 227 297 81 240 2014 7 3 18 4 6 1 3
12 76 33 36.226 -114.62 225 247 81 240 2014 7 3 18 5 6 1 3
12 76 33 36.204 -114.7 233 251 81 240 2014 7 3 18 6 6 1 3
12 76 33 36.184 -114.77 233 250 72 240 2014 7 3 18 7 6 1 3
12 76 33 36.162 -114.85 217 251 66 240 2014 7 3 18 8 6 1 3
12 76 33 36.144 -114.92 207 252 60 240 2014 7 3 18 9 6 1 3
12 76 33 36.132 -114.98 177 252 58 240 2014 7 3 18 10 6 1 3
12 76 33 36.136 -115.04 176 274 46 240 2014 7 3 18 11 6 1 3
12 76 33 36.138 -115.09 167 273 35 240 2014 7 3 18 12 6 1 3
12 76 33 36.118 -115.14 156 251 26 240 2014 7 3 18 13 6 1 3
12 76 33 36.092 -115.16 147 243 21 240 2014 7 3 18 14 6 1 3
13 76 33 32.089 -110.91 176 134 39 320 2014 7 3 13 7 9 2 77
13 76 33 32.049 -110.84 235 132 63 320 2014 7 3 13 8 6 2 77
13 76 33 32.098 -110.82 254 113 88 320 2014 7 3 13 9 6 2 77
13 76 33 32.151 -110.86 266 346 110 320 2014 7 3 13 10 6 2 77
13 76 33 32.181 -110.89 278 325 113 320 2014 7 3 13 11 6 2 77
13 76 33 32.258 -110.95 331 325 135 320 2014 7 3 13 12 6 2 77
13 76 33 32.389 -111.07 365 324 169 320 2014 7 3 13 13 6 2 77
13 76 33 32.476 -111.14 379 324 194 320 2014 7 3 13 14 6 2 60
13 76 33 32.511 -111.17 379 324 202 320 2014 7 3 13 15 6 2 60
13 76 33 32.6 -111.25 389 324 219 320 2014 7 3 13 16 6 2 60
13 76 33 32.748 -111.37 405 324 249 320 2014 7 3 13 17 6 2 60
13 76 33 32.842 -111.45 412 324 262 320 2014 7 3 13 18 6 2 90
13 76 33 32.94 -111.54 426 324 276 320 2014 7 3 13 19 6 2 90
13 76 33 33.037 -111.62 431 324 287 320 2014 7 3 13 20 6 2 90
13 76 33 33.138 -111.71 445 323 298 320 2014 7 3 13 21 6 2 90
13 76 33 33.238 -111.8 446 323 317 320 2014 7 3 13 22 6 2 90
13 76 33 33.343 -111.89 432 323 320 320 2014 7 3 13 23 6 2 90
13 76 33 33.393 -111.93 432 323 320 320 2014 7 3 13 24 6 2 90
13 76 33 33.505 -112 446 325 320 320 2014 7 3 13 25 6 2 90
13 76 33 33.624 -112.05 447 341 320 320 2014 7 3 13 26 6 2 89
13 76 33 33.721 -112.13 438 335 320 320 2014 7 3 13 27 6 2 89
13 76 33 33.848 -112.28 434 316 320 320 2014 7 3 13 28 16 2 89
13 76 33 33.896 -112.33 433 316 320 320 2014 7 3 13 29 6 2 89
13 76 33 33.983 -112.44 432 316 320 320 2014 7 3 13 30 6 2 89
13 76 33 34.07 -112.53 431 316 320 320 2014 7 3 13 31 8 2 89
13 76 33 34.158 -112.64 430 316 320 320 2014 7 3 13 32 6 2 89
13 76 33 34.243 -112.73 430 316 320 320 2014 7 3 13 33 6 2 89
13 76 33 34.327 -112.83 429 316 320 320 2014 7 3 13 34 6 2 89
13 76 33 34.431 -112.95 429 316 320 320 2014 7 3 13 35 6 2 89
13 76 33 34.51 -113.05 429 316 320 300 2014 7 3 13 36 6 2 89
13 76 33 34.597 -113.15 429 316 312 300 2014 7 3 13 37 6 2 89
13 76 33 34.682 -113.25 429 315 302 300 2014 7 3 13 38 6 2 89
13 76 33 34.768 -113.35 428 316 300 300 2014 7 3 13 39 6 2 89
13 76 33 34.855 -113.45 429 315 300 300 2014 7 3 13 40 6 2 89
13 76 33 34.944 -113.56 438 315 300 300 2014 7 3 13 41 6 2 89
13 76 33 35.032 -113.66 439 315 294 300 2014 7 3 13 42 16 1 40
13 76 33 35.116 -113.76 426 315 276 100 2014 7 3 13 43 6 1 40
13 76 33 35.199 -113.86 421 316 253 100 2014 7 3 13 44 6 1 40
13 76 33 35.296 -113.97 400 315 226 100 2014 7 3 13 45 6 1 29
13 76 33 35.339 -114.01 391 317 216 100 2014 7 3 13 46 6 1 29
13 76 33 35.421 -114.08 375 315 195 100 2014 7 3 13 47 6 1 29
13 76 33 35.508 -114.16 357 323 171 100 2014 7 3 13 48 6 1 29
13 76 33 35.589 -114.24 360 323 150 100 2014 7 3 13 49 6 1 29
13 76 33 35.679 -114.33 369 321 127 100 2014 7 3 13 50 6 1 29
13 76 33 35.754 -114.4 345 323 116 100 2014 7 3 13 51 6 1 29
13 76 33 35.834 -114.52 301 308 90 100 2014 7 3 13 52 15 1 3
13 76 33 35.862 -114.56 308 310 84 100 2014 7 3 13 53 6 1 3
13 76 33 35.943 -114.68 295 310 80 100 2014 7 3 13 54 6 1 3
13 76 33 35.969 -114.72 299 310 80 100 2014 7 3 13 55 6 1 3
13 76 33 36.021 -114.79 297 309 70 100 2014 7 3 13 56 6 1 3
13 76 33 36.068 -114.86 277 311 64 100 2014 7 3 13 57 6 1 3
13 76 33 36.074 -114.94 211 292 53 100 2014 7 3 13 58 6 1 3
13 76 33 36.074 -115.01 196 271 38 100 2014 7 3 13 59 6 1 3
13 76 33 36.073 -115.07 162 268 29 100 2014 7 3 14 0 6 1 3
13 76 33 36.073 -115.12 154 270 21 100 2014 7 3 14 1 6 1 3
14 76 33 32.098 -110.92 176 0 33 320 2014 7 3 19 2 6 2 77
14 76 33 32.066 -110.9 205 136 44 320 2014 7 3 19 3 6 2 77
14 76 33 31.999 -110.89 189 159 70 320 2014 7 3 19 4 6 2 77
14 76 33 32.016 -110.98 328 269 87 320 2014 7 3 19 5 6 2 77
14 76 33 32.094 -111.06 316 311 110 320 2014 7 3 19 6 6 2 77
14 76 33 32.184 -111.12 357 328 138 320 2014 7 3 19 7 6 2 77
14 76 33 32.274 -111.18 375 329 168 320 2014 7 3 19 8 6 2 77
14 76 33 32.368 -111.24 382 329 183 320 2014 7 3 19 9 6 2 60
14 76 33 32.463 -111.31 388 330 209 320 2014 7 3 19 10 6 2 60
14 76 33 32.563 -111.37 404 330 235 320 2014 7 3 19 11 6 2 60
14 76 33 32.684 -111.46 415 330 261 320 2014 7 3 19 12 6 2 90
14 76 33 32.792 -111.53 438 330 279 320 2014 7 3 19 13 6 2 90
14 76 33 32.9 -111.6 439 330 305 320 2014 7 3 19 14 8 2 90
14 76 33 32.982 -111.66 438 330 320 320 2014 7 3 19 15 6 2 90
14 76 33 33.106 -111.74 430 329 320 320 2014 7 3 19 16 6 2 90
14 76 33 33.189 -111.8 431 330 320 320 2014 7 3 19 17 6 2 90
14 76 33 33.301 -111.88 427 329 320 320 2014 7 3 19 18 6 2 90
14 76 33 33.403 -111.95 425 329 320 320 2014 7 3 19 19 6 2 90
14 76 33 33.512 -112 424 330 321 360 2014 7 3 19 20 6 2 90
14 76 33 33.547 -112.02 426 338 326 360 2014 7 3 19 21 6 2 90
14 76 33 33.728 -112.18 435 328 359 360 2014 7 3 19 22 6 2 89
14 76 33 33.74 -112.19 434 317 360 360 2014 7 3 19 23 6 2 89
14 76 33 33.9 -112.37 425 317 360 360 2014 7 3 19 24 6 2 89
14 76 33 33.914 -112.39 426 317 360 360 2014 7 3 19 25 6 2 89
14 76 33 33.986 -112.47 425 316 360 360 2014 7 3 19 26 6 2 89
14 76 33 34.102 -112.6 425 317 360 360 2014 7 3 19 27 6 2 89
14 76 33 34.189 -112.7 425 317 360 360 2014 7 3 19 28 9 2 89
14 76 33 34.339 -112.87 426 317 360 360 2014 7 3 19 29 6 2 89
14 76 33 34.364 -112.9 425 316 360 360 2014 7 3 19 30 6 2 89
14 76 33 34.461 -113.01 426 316 360 300 2014 7 3 19 31 6 2 89
14 76 33 34.548 -113.11 426 316 360 300 2014 7 3 19 32 6 2 89
14 76 33 34.617 -113.19 427 316 360 300 2014 7 3 19 33 6 2 89
14 76 33 34.722 -113.31 429 316 320 300 2014 7 3 19 34 6 2 89
14 76 33 34.812 -113.41 441 316 300 300 2014 7 3 19 35 6 2 89
14 76 33 34.899 -113.51 435 317 300 300 2014 7 3 19 36 6 2 89
14 76 33 34.984 -113.61 428 316 299 240 2014 7 3 19 37 6 1 40
14 76 33 35.089 -113.73 427 316 257 240 2014 7 3 19 38 6 1 40
14 76 33 35.178 -113.84 438 316 222 240 2014 7 3 19 39 6 1 29
14 76 33 35.267 -113.94 440 316 204 240 2014 7 3 19 40 6 1 29
14 76 33 35.345 -114.01 398 316 191 240 2014 7 3 19 41 6 1 29
14 76 33 35.43 -114.09 389 322 178 240 2014 7 3 19 42 6 1 29
14 76 33 35.506 -114.16 386 322 161 240 2014 7 3 19 43 6 1 29
14 76 33 35.629 -114.28 377 322 140 240 2014 7 3 19 44 10 1 29
14 76 33 35.676 -114.32 361 321 132 240 2014 7 3 19 45 6 1 29
14 76 33 35.767 -114.4 332 323 118 240 2014 7 3 19 46 6 1 29
14 76 33 35.852 -114.43 325 330 113 240 2014 7 3 19 47 6 1 3
14 76 33 35.942 -114.48 263 339 106 240 2014 7 3 19 48 6 1 3
14 76 33 35.992 -114.5 266 338 97 240 2014 7 3 19 49 6 1 3
14 76 33 36.06 -114.65 245 340 80 240 2014 7 3 19 51 6 1 3
14 76 33 36.06 -114.65 245 340 80 240 2014 7 3 19 51 6 1 3
14 76 33 36.074 -114.73 244 293 80 240 2014 7 3 19 52 6 1 3
14 76 33 36.072 -114.74 241 281 78 240 2014 7 3 19 53 6 1 3
14 76 33 36.072 -114.83 238 270 69 240 2014 7 3 19 54 6 1 3
14 76 33 36.074 -114.96 205 270 48 240 2014 7 3 19 55 6 1 3
14 76 33 36.072 -114.96 195 271 48 240 2014 7 3 19 56 6 1 3
14 76 33 36.074 -115.03 197 270 35 240 2014 7 3 19 57 6 1 3
14 76 33 36.073 -115.09 164 269 26 240 2014 7 3 19 58 6 1 3
14 76 33 36.073 -115.14 146 269 19 240 2014 7 3 19 59 6 1 3
15 76 33 32.116 -110.94 222 0 26 320 2014 7 4 13 13 16 2 77
15 76 33 32.078 -110.89 185 319 42 320 2014 7 4 13 15 15 2 77
15 76 33 32.155 -110.87 268 137 85 320 2014 7 4 13 16 15 2 77
15 76 33 32.261 -110.96 325 0 120 320 2014 7 4 13 17 15 2 77
15 76 33 32.261 -110.96 325 325 122 320 2014 7 4 13 18 11 2 77
15 76 33 32.431 -111.1 381 323 176 320 2014 7 4 13 19 16 2 60
15 76 33 32.444 -111.11 383 324 183 320 2014 7 4 13 20 6 2 60
15 76 33 32.521 -111.18 394 324 207 320 2014 7 4 13 21 6 2 60
15 76 33 32.611 -111.26 397 323 230 320 2014 7 4 13 22 6 2 60
15 76 33 32.708 -111.34 414 325 250 320 2014 7 4 13 23 20 2 60
15 76 33 32.807 -111.43 435 324 270 320 2014 7 4 13 24 16 2 90
15 76 33 32.927 -111.53 445 323 297 320 2014 7 4 13 25 15 2 90
15 76 33 33.026 -111.61 442 323 319 320 2014 7 4 13 26 6 2 90
15 76 33 33.104 -111.68 437 324 320 320 2014 7 4 13 27 15 2 90
15 76 33 33.221 -111.79 438 340 320 320 2014 7 4 13 28 6 2 90
15 76 33 33.409 -111.95 436 324 320 320 2014 7 4 13 29 15 2 90
15 76 33 33.419 -111.96 438 323 320 320 2014 7 4 13 30 15 2 90
15 76 33 33.512 -112.05 437 320 320 320 2014 7 4 13 31 6 2 90
15 76 33 33.593 -112.14 436 318 320 320 2014 7 4 13 32 6 2 90
15 76 33 33.684 -112.23 436 318 320 320 2014 7 4 13 33 6 2 89
15 76 33 33.776 -112.33 438 319 320 320 2014 7 4 13 34 15 2 89
15 76 33 33.867 -112.43 438 318 320 320 2014 7 4 13 35 15 2 89
15 76 33 33.972 -112.54 438 319 320 320 2014 7 4 13 36 15 2 89
15 76 33 34.065 -112.64 438 318 320 320 2014 7 4 13 37 16 2 89
15 76 33 34.157 -112.73 439 318 320 320 2014 7 4 13 38 6 2 89
15 76 33 34.249 -112.83 439 318 320 320 2014 7 4 13 39 6 2 89
15 76 33 34.341 -112.93 440 318 320 320 2014 7 4 13 41 15 2 89
15 76 33 34.341 -112.93 440 318 320 320 2014 7 4 13 41 15 2 89
15 76 33 34.516 -113.12 441 318 320 320 2014 7 4 13 42 6 2 89
15 76 33 34.606 -113.22 439 317 320 320 2014 7 4 13 43 6 2 89
15 76 33 34.716 -113.34 440 318 320 320 2014 7 4 13 44 6 2 89
15 76 33 34.805 -113.43 434 318 320 320 2014 7 4 13 45 6 2 89
15 76 33 34.895 -113.53 434 318 319 240 2014 7 4 13 46 6 2 89
15 76 33 34.984 -113.63 433 317 295 240 2014 7 4 13 47 15 1 40
15 76 33 35.058 -113.71 436 318 275 240 2014 7 4 13 48 6 1 40
15 76 33 35.167 -113.83 439 318 249 240 2014 7 4 13 49 16 1 40
15 76 33 35.254 -113.93 429 318 227 240 2014 7 4 13 50 16 1 29
15 76 33 35.329 -114 409 317 210 240 2014 7 4 13 51 7 1 29
15 76 33 35.432 -114.09 393 321 185 240 2014 7 4 13 52 16 1 29
15 76 33 35.513 -114.17 389 322 166 240 2014 7 4 13 53 6 1 29
15 76 33 35.594 -114.24 374 323 146 240 2014 7 4 13 54 16 1 29
15 76 33 35.676 -114.32 358 321 127 240 2014 7 4 13 55 15 1 29
15 76 33 35.721 -114.37 341 323 119 240 2014 7 4 13 56 15 1 29
15 76 33 35.795 -114.49 323 308 104 240 2014 7 4 13 57 16 1 29
15 76 33 35.844 -114.57 303 307 94 240 2014 7 4 13 58 15 1 3
15 76 33 35.891 -114.65 283 305 80 240 2014 7 4 13 59 6 1 3
15 76 33 35.938 -114.72 283 307 76 240 2014 7 4 14 0 15 1 3
15 76 33 35.983 -114.8 281 307 70 240 2014 7 4 14 1 6 1 3
15 76 33 36.023 -114.86 253 306 61 240 2014 7 4 14 2 6 1 3
15 76 33 36.062 -114.93 215 305 49 240 2014 7 4 14 3 16 1 3
15 76 33 36.074 -114.99 171 292 42 240 2014 7 4 14 4 6 1 3
15 76 33 36.074 -115.04 172 270 33 240 2014 7 4 14 5 16 1 3
15 76 33 36.073 -115.1 150 270 25 240 2014 7 4 14 6 16 1 3
15 76 33 36.072 -115.15 149 269 19 240 2014 7 4 14 7 16 1 3
16 76 33 32.098 -110.92 173 0 35 320 2014 7 4 1 8 6 2 77
16 76 33 32.066 -110.95 214 133 50 320 2014 7 4 1 9 6 2 77
16 76 33 32.075 -111 275 281 61 320 2014 7 4 1 10 13 2 77
16 76 33 32.097 -111.13 305 282 98 320 2014 7 4 1 11 6 2 77
16 76 33 32.111 -111.19 300 286 113 320 2014 7 4 1 12 6 2 77
16 76 33 32.14 -111.31 321 285 159 320 2014 7 4 1 13 6 2 77
16 76 33 32.163 -111.42 333 283 187 320 2014 7 4 1 14 6 2 60
16 76 33 32.201 -111.53 347 293 209 320 2014 7 4 1 15 6 2 60
16 76 33 32.266 -111.61 376 312 226 320 2014 7 4 1 16 6 2 60
16 76 33 32.369 -111.72 395 319 240 320 2014 7 4 1 17 6 2 60
16 76 33 32.457 -111.77 400 332 240 320 2014 7 4 1 18 6 2 60
16 76 33 32.566 -111.79 398 350 245 320 2014 7 4 1 19 16 2 60
16 76 33 32.694 -111.81 414 350 259 320 2014 7 4 1 20 6 2 60
16 76 33 32.815 -111.84 440 349 275 320 2014 7 4 1 21 6 2 90
16 76 33 32.94 -111.87 455 349 293 320 2014 7 4 1 22 6 2 90
16 76 33 33.078 -111.9 459 349 315 320 2014 7 4 1 23 6 2 90
16 76 33 33.203 -111.92 459 349 320 320 2014 7 4 1 24 6 2 90
16 76 33 33.326 -111.95 453 349 320 320 2014 7 4 1 25 6 2 90
16 76 33 33.452 -111.99 437 344 320 320 2014 7 4 1 26 6 2 90
16 76 33 33.545 -112.09 439 320 320 320 2014 7 4 1 27 6 2 90
16 76 33 33.634 -112.18 431 318 320 320 2014 7 4 1 28 6 2 89
16 76 33 33.74 -112.29 428 318 320 320 2014 7 4 1 29 6 2 89
16 76 33 33.83 -112.39 426 318 320 320 2014 7 4 1 30 6 2 89
16 76 33 33.899 -112.46 428 318 320 320 2014 7 4 1 31 7 2 89
16 76 33 34.004 -112.57 428 318 320 320 2014 7 4 1 32 6 2 89
16 76 33 34.093 -112.67 428 319 320 320 2014 7 4 1 33 6 2 89
16 76 33 34.195 -112.77 429 318 320 320 2014 7 4 1 34 7 2 89
16 76 33 34.285 -112.87 429 318 320 300 2014 7 4 1 35 6 2 89
16 76 33 34.363 -112.96 429 319 320 300 2014 7 4 1 36 6 2 89
16 76 33 34.447 -113.05 433 318 320 300 2014 7 4 1 37 6 2 89
16 76 33 34.484 -113.08 433 318 320 300 2014 7 4 1 38 6 2 89
16 76 33 34.648 -113.26 436 318 302 300 2014 7 4 1 39 15 2 89
16 76 33 34.667 -113.28 439 318 300 300 2014 7 4 1 40 6 2 89
16 76 33 34.762 -113.39 449 318 300 300 2014 7 4 1 41 6 2 89
16 76 33 34.934 -113.57 457 318 300 240 2014 7 4 1 42 16 2 89
16 76 33 34.954 -113.6 457 318 300 100 2014 7 4 1 43 6 1 40
16 76 33 35.122 -113.78 454 318 269 100 2014 7 4 1 44 6 1 40
16 76 33 35.156 -113.82 443 318 260 100 2014 7 4 1 45 6 1 40
16 76 33 35.242 -113.91 425 318 238 100 2014 7 4 1 46 6 1 29
16 76 33 35.328 -114 406 317 216 100 2014 7 4 1 47 6 1 29
16 76 33 35.415 -114.08 394 320 195 100 2014 7 4 1 48 15 1 29
16 76 33 35.55 -114.2 377 322 160 100 2014 7 4 1 49 6 1 29
16 76 33 35.584 -114.23 375 322 151 100 2014 7 4 1 50 6 1 29
16 76 33 35.678 -114.32 363 321 127 100 2014 7 4 1 51 6 1 29
16 76 33 35.754 -114.4 347 322 117 100 2014 7 4 1 52 6 1 29
16 76 33 35.819 -114.46 316 318 107 100 2014 7 4 1 53 6 1 29
16 76 33 35.884 -114.53 307 320 96 100 2014 7 4 1 54 10 1 3
16 76 33 35.946 -114.6 300 319 84 100 2014 7 4 1 55 15 1 3
16 76 33 36.022 -114.67 293 321 81 100 2014 7 4 1 56 6 1 3
16 76 33 36.074 -114.73 273 319 80 100 2014 7 4 1 57 6 1 3
16 76 33 36.073 -114.82 251 292 69 100 2014 7 4 1 58 16 1 3
16 76 33 36.074 -114.9 231 270 57 100 2014 7 4 1 59 6 1 3
16 76 33 36.074 -114.97 205 270 47 100 2014 7 4 2 0 6 1 3
16 76 33 36.074 -115.04 173 270 36 100 2014 7 4 2 1 6 1 3
16 76 33 36.073 -115.08 150 271 28 100 2014 7 4 2 2 6 1 3
16 76 33 36.073 -115.13 136 266 20 100 2014 7 4 2 3 6 1 3
17 76 33 32.078 -110.89 175 133 320 320 2014 7 4 17 6 15 2 90
17 76 33 32.111 -110.85 250 55 60 320 2014 7 4 17 7 16 2 77
17 76 33 32.175 -110.9 272 44 82 320 2014 7 4 17 8 6 2 77
17 76 33 32.245 -110.96 299 325 108 320 2014 7 4 17 9 15 2 77
17 76 33 32.344 -111.05 348 324 145 320 2014 7 4 17 10 16 2 77
17 76 33 32.41 -111.1 365 324 169 320 2014 7 4 17 11 16 2 77
17 76 33 32.516 -111.19 382 325 199 320 2014 7 4 17 12 16 2 60
17 76 33 32.516 -111.19 382 325 199 320 2014 7 4 17 13 7 2 60
17 76 33 32.703 -111.34 415 323 242 320 2014 7 4 17 14 16 2 60
17 76 33 32.703 -111.34 415 323 242 320 2014 7 4 17 15 8 2 60
17 76 33 32.802 -111.43 432 324 260 340 2014 7 4 17 16 6 2 90
17 76 33 33.009 -111.61 458 324 299 340 2014 7 4 17 17 15 2 90
17 76 33 33.009 -111.61 460 324 299 340 2014 7 4 17 18 6 2 90
17 76 33 33.132 -111.71 455 324 318 340 2014 7 4 17 19 6 2 90
17 76 33 33.238 -111.8 466 324 333 340 2014 7 4 17 20 16 2 102
17 76 33 33.336 -111.89 468 324 340 340 2014 7 4 17 21 6 2 102
17 76 33 33.453 -111.98 464 326 340 340 2014 7 4 17 22 16 2 102
17 76 33 33.574 -112.03 459 340 340 340 2014 7 4 17 23 6 2 102
17 76 33 33.708 -112.08 462 342 340 340 2014 7 4 17 24 6 2 89
17 76 33 33.803 -112.16 458 325 340 340 2014 7 4 17 25 16 2 89
17 76 33 33.894 -112.27 457 314 340 340 2014 7 4 17 26 6 2 89
17 76 33 33.984 -112.38 457 315 340 340 2014 7 4 17 27 6 2 89
17 76 33 34.083 -112.49 455 315 340 300 2014 7 4 17 28 6 2 89
17 76 33 34.172 -112.6 454 315 330 300 2014 7 4 17 29 15 2 89
17 76 33 34.281 -112.73 458 315 319 300 2014 7 4 17 30 16 2 89
17 76 33 34.364 -112.83 463 315 310 300 2014 7 4 17 31 6 2 89
17 76 33 34.464 -112.95 465 315 300 300 2014 7 4 17 32 15 2 89
17 76 33 34.553 -113.06 451 315 300 300 2014 7 4 17 33 15 2 89
17 76 33 34.64 -113.17 449 314 300 300 2014 7 4 17 34 6 2 89
17 76 33 34.731 -113.28 458 314 300 240 2014 7 4 17 35 15 2 89
17 76 33 34.83 -113.39 478 314 292 240 2014 7 4 17 36 6 2 108
17 76 33 34.929 -113.5 478 318 282 240 2014 7 4 17 37 16 2 108
17 76 33 35.027 -113.61 474 318 272 240 2014 7 4 17 38 6 1 40
17 76 33 35.143 -113.73 461 318 259 100 2014 7 4 17 39 15 1 40
17 76 33 35.219 -113.81 459 318 248 100 2014 7 4 17 40 6 1 40
17 76 33 35.336 -113.94 448 318 217 100 2014 7 4 17 41 6 1 29
17 76 33 35.425 -114.03 433 318 193 100 2014 7 4 17 42 16 1 29
17 76 33 35.496 -114.15 433 306 193 100 2014 7 4 17 43 6 1 29
17 76 33 35.52 -114.14 408 312 167 100 2014 7 4 17 44 6 1 29
17 76 33 35.685 -114.32 382 317 125 100 2014 7 4 17 45 6 1 29
17 76 33 35.692 -114.33 373 318 124 100 2014 7 4 17 46 6 1 29
17 76 33 35.762 -114.4 307 320 119 100 2014 7 4 17 47 16 1 29
17 76 33 35.827 -114.47 303 318 102 100 2014 7 4 17 48 6 1 3
17 76 33 35.896 -114.54 307 319 99 100 2014 7 4 17 49 6 1 3
17 76 33 36.025 -114.68 299 318 81 100 2014 7 4 17 50 16 1 3
17 76 33 36.025 -114.68 299 318 81 100 2014 7 4 17 51 6 1 3
17 76 33 36.076 -114.74 266 313 80 100 2014 7 4 17 52 6 1 3
17 76 33 36.072 -114.82 247 272 73 100 2014 7 4 17 53 6 1 3
17 76 33 36.073 -114.88 219 270 62 100 2014 7 4 17 54 15 1 3
17 76 33 36.074 -114.96 189 268 47 100 2014 7 4 17 55 15 1 3
17 76 33 36.073 -115.01 183 271 38 100 2014 7 4 17 56 6 1 3
17 76 33 36.074 -115.08 164 268 29 100 2014 7 4 17 57 16 1 3
17 76 33 36.073 -115.13 154 270 21 100 2014 7 4 17 58 6 1 3
18 76 33 32.101 -110.92 183 0 33 320 2014 7 4 19 11 6 2 77
18 76 33 32.081 -110.9 201 131 44 320 2014 7 4 19 12 6 2 77
18 76 33 32.064 -110.82 240 115 71 320 2014 7 4 19 13 6 2 77
18 76 33 32.135 -110.83 283 104 90 320 2014 7 4 19 14 6 2 77
18 76 33 32.28 -110.96 338 335 135 320 2014 7 4 19 15 16 2 77
18 76 33 32.363 -111.03 360 324 157 320 2014 7 4 19 16 15 2 77
18 76 33 32.397 -111.06 369 323 165 320 2014 7 4 19 17 16 2 77
18 76 33 32.484 -111.14 380 323 185 320 2014 7 4 19 18 6 2 60
18 76 33 32.573 -111.21 388 324 204 320 2014 7 4 19 19 16 2 60
18 76 33 32.665 -111.3 403 323 222 320 2014 7 4 19 20 16 2 60
18 76 33 32.778 -111.39 415 324 242 320 2014 7 4 19 21 15 2 60
18 76 33 32.875 -111.48 425 323 256 320 2014 7 4 19 22 6 2 60
18 76 33 32.974 -111.56 436 324 272 320 2014 7 4 19 23 6 2 90
18 76 33 33.074 -111.65 442 323 285 320 2014 7 4 19 24 6 2 90
18 76 33 33.176 -111.74 449 324 296 320 2014 7 4 19 25 15 2 90
18 76 33 33.29 -111.84 456 323 312 320 2014 7 4 19 26 6 2 90
18 76 33 33.389 -111.93 454 323 320 320 2014 7 4 19 27 16 2 90
18 76 33 33.5 -111.99 452 324 320 320 2014 7 4 19 28 16 2 90
18 76 33 33.621 -112.04 457 341 320 320 2014 7 4 19 29 6 2 89
18 76 33 33.742 -112.09 457 341 320 320 2014 7 4 19 30 6 2 89
18 76 33 33.862 -112.14 457 340 320 320 2014 7 4 19 31 6 2 89
18 76 33 34.007 -112.2 457 341 320 320 2014 7 4 19 32 16 2 89
18 76 33 34.132 -112.25 458 341 320 320 2014 7 4 19 33 15 2 89
18 76 33 34.252 -112.3 458 341 319 300 2014 7 4 19 34 6 2 89
18 76 33 34.333 -112.41 444 331 309 300 2014 7 4 19 35 16 2 89
18 76 33 34.371 -112.47 440 310 303 300 2014 7 4 19 36 16 2 89
18 76 33 34.443 -112.59 432 306 300 300 2014 7 4 19 37 6 2 89
18 76 33 34.52 -112.71 430 307 300 300 2014 7 4 19 38 6 2 89
18 76 33 34.623 -112.88 437 307 300 300 2014 7 4 19 39 15 2 89
18 76 33 34.697 -113 440 306 300 300 2014 7 4 19 40 15 2 89
18 76 33 34.743 -113.07 445 307 300 300 2014 7 4 19 41 6 2 89
18 76 33 34.816 -113.2 445 306 300 300 2014 7 4 19 42 6 2 89
18 76 33 34.889 -113.32 444 306 300 300 2014 7 4 19 43 16 2 89
18 76 33 34.962 -113.44 441 306 300 300 2014 7 4 19 44 16 2 89
18 76 33 35.034 -113.56 440 306 297 240 2014 7 4 19 45 16 1 40
18 76 33 35.106 -113.67 439 306 285 240 2014 7 4 19 46 6 1 40
18 76 33 35.172 -113.79 415 305 264 120 2014 7 4 19 47 16 1 40
18 76 33 35.249 -113.92 396 306 238 120 2014 7 4 19 48 6 1 29
18 76 33 35.285 -113.96 386 305 229 120 2014 7 4 19 49 6 1 29
18 76 33 35.37 -114.04 381 309 208 120 2014 7 4 19 50 16 1 29
18 76 33 35.462 -114.12 372 320 185 120 2014 7 4 19 51 6 1 29
18 76 33 35.564 -114.21 360 322 161 120 2014 7 4 19 52 15 1 29
18 76 33 35.625 -114.27 355 320 145 120 2014 7 4 19 53 16 1 29
18 76 33 35.702 -114.35 349 323 126 120 2014 7 4 19 54 15 1 29
18 76 33 35.78 -114.4 325 327 120 120 2014 7 4 19 55 15 1 29
18 76 33 35.841 -114.47 298 322 120 120 2014 7 4 19 56 15 1 3
18 76 33 35.896 -114.54 289 317 117 120 2014 7 4 19 57 15 1 3
18 76 33 35.937 -114.63 277 295 102 120 2014 7 4 19 58 6 1 3
18 76 33 35.969 -114.7 273 297 92 120 2014 7 4 19 59 15 1 3
18 76 33 36.009 -114.8 257 297 80 120 2014 7 4 20 0 6 1 3
18 76 33 36.039 -114.87 241 298 65 120 2014 7 4 20 1 6 1 3
18 76 33 36.064 -114.93 230 298 52 120 2014 7 4 20 2 6 1 3
18 76 33 36.074 -115 187 271 40 120 2014 7 4 20 3 15 1 3
18 76 33 36.074 -115.07 181 271 30 120 2014 7 4 20 4 15 1 3
18 76 33 36.073 -115.13 164 271 22 120 2014 7 4 20 5 16 1 3
