1 76 36 32.142 -109.04 267 0 280 260 2014 7 1 23 44 16 2 91
1 76 36 32.141 -109.13 266 88 280 260 2014 7 1 23 45 16 2 91
1 76 36 32.141 -109.21 265 87 280 260 2014 7 1 23 46 11 2 91
1 76 36 32.141 -109.32 265 269 280 260 2014 7 1 23 47 6 2 91
1 76 36 32.14 -109.4 265 270 280 260 2014 7 1 23 48 6 2 91
1 76 36 32.139 -109.49 265 269 280 260 2014 7 1 23 49 15 2 91
1 76 36 32.138 -109.58 265 269 262 260 2014 7 1 23 50 6 2 91
1 76 36 32.137 -109.67 265 269 242 260 2014 7 1 23 51 6 2 91
1 76 36 32.136 -109.75 266 275 222 260 2014 7 1 23 52 6 2 59
1 76 36 32.136 -109.84 264 269 208 260 2014 7 1 23 53 6 2 59
1 76 36 32.135 -109.92 254 269 193 260 2014 7 1 23 54 6 2 59
1 76 36 32.132 -110.01 240 269 177 260 2014 7 1 23 55 16 2 59
1 76 36 32.133 -110.08 238 275 167 260 2014 7 1 23 56 6 2 59
1 76 36 32.13 -110.16 233 269 157 260 2014 7 1 23 57 15 2 59
1 76 36 32.124 -110.24 235 269 147 260 2014 7 1 23 58 6 2 59
1 76 36 32.129 -110.24 236 262 147 260 2014 7 1 23 59 6 2 59
1 76 36 32.086 -110.37 202 252 130 260 2014 7 2 0 0 15 2 77
1 76 36 32.07 -110.43 191 249 120 260 2014 7 2 0 1 6 2 77
1 76 36 32.051 -110.5 189 249 110 260 2014 7 2 0 2 6 2 77
1 76 36 32.033 -110.55 189 249 103 260 2014 7 2 0 3 6 2 77
1 76 36 32.014 -110.6 176 250 95 260 2014 7 2 0 4 16 2 77
1 76 36 31.999 -110.65 164 247 88 260 2014 7 2 0 5 15 2 77
1 76 36 31.999 -110.65 164 247 88 260 2014 7 2 0 6 6 2 77
1 76 36 31.998 -110.75 157 275 71 260 2014 7 2 0 7 16 2 77
1 76 36 31.998 -110.75 157 275 71 260 2014 7 2 0 8 15 2 77
1 76 36 32.001 -110.81 154 283 60 260 2014 7 2 0 9 6 2 77
1 76 36 32.037 -110.85 154 277 47 260 2014 7 2 0 10 6 2 77
1 76 36 32.068 -110.88 141 297 37 260 2014 7 2 0 11 6 2 77
1 76 36 32.093 -110.91 120 315 30 260 2014 7 2 0 12 6 2 77
1 76 36 32.109 -110.95 120 300 30 260 2014 7 2 0 13 15 2 77
1 76 36 32.126 -110.98 120 300 30 260 2014 7 2 0 14 6 2 77
2 76 36 32.104 -110.92 127 134 30 160 2014 7 1 16 20 16 2 77
2 76 36 32.075 -110.89 136 287 38 160 2014 7 1 16 21 11 2 77
2 76 36 32.048 -110.86 138 132 45 160 2014 7 1 16 22 16 2 77
2 76 36 32.015 -110.83 145 135 52 160 2014 7 1 16 23 16 2 77
2 76 36 31.991 -110.89 118 193 63 160 2014 7 1 16 24 6 2 77
2 76 36 31.988 -110.92 140 242 66 160 2014 7 1 16 25 6 2 77
2 76 36 31.996 -110.96 144 274 73 160 2014 7 1 16 26 7 2 77
2 76 36 32.006 -110.98 142 280 76 160 2014 7 1 16 27 6 2 77
2 76 36 32.051 -111.06 146 304 90 160 2014 7 1 16 28 6 2 77
2 76 36 32.073 -111.1 146 304 90 160 2014 7 1 16 29 6 2 77
2 76 36 32.072 -111.1 146 303 97 160 2014 7 1 16 30 6 2 77
2 76 36 32.096 -111.15 146 302 105 160 2014 7 1 16 31 6 2 77
2 76 36 32.116 -111.19 148 300 111 160 2014 7 1 16 32 6 2 77
2 76 36 32.139 -111.24 154 300 117 160 2014 7 1 16 33 6 2 77
2 76 36 32.165 -111.29 165 300 123 160 2014 7 1 16 34 16 2 77
2 76 36 32.193 -111.33 169 302 131 160 2014 7 1 16 35 6 2 77
2 76 36 32.222 -111.38 169 304 137 160 2014 7 1 16 36 6 2 77
2 76 36 32.26 -111.43 171 306 145 160 2014 7 1 16 37 6 2 77
2 76 36 32.289 -111.48 176 309 152 160 2014 7 1 16 38 6 2 77
2 76 36 32.319 -111.52 176 307 160 160 2014 7 1 16 39 16 2 77
2 76 36 32.351 -111.57 181 305 160 160 2014 7 1 16 40 16 2 77
2 76 36 32.385 -111.63 204 307 160 160 2014 7 1 16 41 6 2 60
2 76 36 32.419 -111.68 207 306 160 160 2014 7 1 16 42 6 2 60
2 76 36 32.455 -111.75 206 305 160 160 2014 7 1 16 43 6 2 60
2 76 36 32.482 -111.8 204 302 159 160 2014 7 1 16 44 6 2 60
2 76 36 32.514 -111.86 204 299 160 160 2014 7 1 16 45 16 2 60
2 76 36 32.546 -111.93 204 301 159 160 2014 7 1 16 46 6 2 60
2 76 36 32.576 -111.99 204 301 159 160 2014 7 1 16 47 6 2 60
2 76 36 32.607 -112.04 204 303 159 160 2014 7 1 16 48 16 2 60
2 76 36 32.638 -112.1 205 303 159 160 2014 7 1 16 49 6 2 60
2 76 36 32.675 -112.16 205 303 159 160 2014 7 1 16 50 16 2 60
2 76 36 32.708 -112.22 204 303 160 160 2014 7 1 16 51 6 2 64
2 76 36 32.741 -112.28 204 304 160 160 2014 7 1 16 52 6 2 64
2 76 36 32.771 -112.33 204 302 160 160 2014 7 1 16 53 15 2 64
2 76 36 32.801 -112.39 204 302 160 160 2014 7 1 16 54 6 2 64
2 76 36 32.831 -112.45 202 302 160 160 2014 7 1 16 55 6 2 64
2 76 36 32.831 -112.45 204 302 160 160 2014 7 1 16 56 6 2 64
2 76 36 32.898 -112.57 204 302 160 160 2014 7 1 16 57 16 2 64
2 76 36 32.93 -112.63 204 303 160 160 2014 7 1 16 58 16 2 64
2 76 36 32.959 -112.69 204 304 160 160 2014 7 1 16 59 15 2 64
2 76 36 32.959 -112.69 204 300 160 160 2014 7 1 17 0 6 2 64
2 76 36 32.956 -112.75 207 266 160 160 2014 7 1 17 1 6 2 64
2 76 36 32.947 -112.82 205 260 160 160 2014 7 1 17 2 6 2 64
2 76 36 32.937 -112.9 205 261 160 160 2014 7 1 17 3 16 2 64
2 76 36 32.924 -112.97 207 256 160 160 2014 7 1 17 4 6 2 64
2 76 36 32.914 -113.04 206 259 160 160 2014 7 1 17 5 6 2 64
2 76 36 32.905 -113.1 207 261 160 160 2014 7 1 17 6 6 2 64
2 76 36 32.897 -113.17 207 261 160 160 2014 7 1 17 7 6 2 64
2 76 36 32.886 -113.25 207 260 160 160 2014 7 1 17 8 6 2 64
2 76 36 32.877 -113.32 207 260 160 160 2014 7 1 17 9 6 2 64
2 76 36 32.866 -113.39 208 259 160 160 2014 7 1 17 10 16 2 64
2 76 36 32.854 -113.46 208 259 160 160 2014 7 1 17 11 8 2 64
2 76 36 32.843 -113.53 208 259 160 160 2014 7 1 17 12 6 2 64
2 76 36 32.833 -113.59 211 258 160 160 2014 7 1 17 13 15 2 64
2 76 36 32.816 -113.69 212 259 161 160 2014 7 1 17 14 6 2 11
2 76 36 32.805 -113.76 213 260 161 160 2014 7 1 17 15 6 2 11
2 76 36 32.795 -113.83 214 262 161 160 2014 7 1 17 16 6 2 11
2 76 36 32.786 -113.9 213 262 161 160 2014 7 1 17 17 6 2 11
2 76 36 32.779 -113.96 211 258 161 160 2014 7 1 17 18 16 2 11
2 76 36 32.766 -114.04 214 261 161 160 2014 7 1 17 19 6 1 11
2 76 36 32.77 -114.12 214 275 161 160 2014 7 1 17 20 6 1 11
2 76 36 32.773 -114.18 212 272 161 160 2014 7 1 17 21 13 1 11
2 76 36 32.774 -114.25 212 271 161 160 2014 7 1 17 22 6 1 11
2 76 36 32.776 -114.32 213 271 161 160 2014 7 1 17 23 17 1 11
2 76 36 32.775 -114.39 212 271 161 160 2014 7 1 17 24 16 1 11
2 76 36 32.772 -114.47 211 269 161 160 2014 7 1 17 25 6 1 11
2 76 36 32.769 -114.53 209 93 161 160 2014 7 1 17 26 6 1 11
2 76 36 32.769 -114.61 210 268 161 160 2014 7 1 17 27 6 1 11
2 76 36 32.767 -114.67 213 267 161 160 2014 7 1 17 28 6 1 11
2 76 36 32.765 -114.74 209 268 161 160 2014 7 1 17 29 6 1 11
2 76 36 32.764 -114.81 210 267 161 160 2014 7 1 17 30 6 1 11
2 76 36 32.767 -114.82 210 269 161 160 2014 7 1 17 31 6 1 11
2 76 36 32.764 -114.9 211 272 161 160 2014 7 1 17 32 6 1 11
2 76 36 32.763 -114.97 210 270 161 160 2014 7 1 17 33 6 1 11
2 76 36 32.76 -115.04 211 246 161 160 2014 7 1 17 34 6 1 11
2 76 36 32.759 -115.11 211 267 161 160 2014 7 1 17 35 16 1 28
2 76 36 32.756 -115.18 213 268 161 160 2014 7 1 17 36 6 1 28
2 76 36 32.755 -115.24 212 274 161 160 2014 7 1 17 37 6 1 28
2 76 36 32.753 -115.33 214 267 160 160 2014 7 1 17 38 6 1 28
2 76 36 32.751 -115.4 213 268 160 160 2014 7 1 17 39 6 1 28
2 76 36 32.749 -115.47 212 268 160 160 2014 7 1 17 40 6 1 28
2 76 36 32.75 -115.53 211 297 160 160 2014 7 1 17 41 6 1 28
2 76 36 32.774 -115.6 208 269 160 160 2014 7 1 17 42 6 1 28
2 76 36 32.803 -115.67 208 283 160 160 2014 7 1 17 43 6 1 28
2 76 36 32.827 -115.73 209 317 160 160 2014 7 1 17 44 15 1 28
2 76 36 32.852 -115.79 206 294 160 160 2014 7 1 17 45 6 1 28
2 76 36 32.876 -115.85 208 295 160 160 2014 7 1 17 46 6 1 28
2 76 36 32.899 -115.92 210 295 160 160 2014 7 1 17 47 6 1 28
2 76 36 32.922 -115.98 207 294 160 160 2014 7 1 17 48 16 1 28
2 76 36 32.948 -116.05 209 293 160 160 2014 7 1 17 49 16 1 28
2 76 36 32.971 -116.11 208 292 160 160 2014 7 1 17 50 6 1 28
2 76 36 32.993 -116.17 205 293 160 160 2014 7 1 17 51 18 1 28
2 76 36 33.016 -116.23 204 293 162 160 2014 7 1 17 52 6 1 28
2 76 36 33.038 -116.3 206 293 162 160 2014 7 1 17 53 6 1 28
2 76 36 33.061 -116.36 206 293 162 160 2014 7 1 17 54 6 1 28
2 76 36 33.087 -116.44 206 293 162 160 2014 7 1 17 55 16 1 28
2 76 36 33.109 -116.5 206 293 162 160 2014 7 1 17 56 8 1 28
2 76 36 33.109 -116.5 206 293 162 160 2014 7 1 17 57 6 1 28
2 76 36 33.13 -116.56 206 293 161 160 2014 7 1 17 58 6 1 28
2 76 36 33.146 -116.64 207 293 161 160 2014 7 1 17 59 6 1 28
2 76 36 33.156 -116.71 207 287 161 120 2014 7 1 18 0 6 1 26
2 76 36 33.166 -116.77 206 280 159 120 2014 7 1 18 1 6 1 26
2 76 36 33.174 -116.84 209 279 154 120 2014 7 1 18 2 15 1 26
2 76 36 33.183 -116.92 216 278 151 120 2014 7 1 18 3 6 1 26
2 76 36 33.191 -116.99 217 278 148 120 2014 7 1 18 4 6 1 26
2 76 36 33.202 -117.07 215 277 144 120 2014 7 1 18 5 6 1 26
2 76 36 33.21 -117.14 214 281 139 120 2014 7 1 18 6 9 1 26
2 76 36 33.217 -117.27 222 277 125 120 2014 7 1 18 7 16 1 26
2 76 36 33.225 -117.29 218 270 123 120 2014 7 1 18 8 6 1 26
2 76 36 33.234 -117.36 217 286 122 120 2014 7 1 18 9 6 1 2
2 76 36 33.243 -117.42 205 270 118 120 2014 7 1 18 10 6 1 2
2 76 36 33.271 -117.48 215 300 111 120 2014 7 1 18 11 6 1 2
2 76 36 33.307 -117.56 211 300 107 120 2014 7 1 18 12 16 1 2
2 76 36 33.317 -117.63 212 286 103 120 2014 7 1 18 13 16 1 2
2 76 36 33.335 -117.69 204 270 92 120 2014 7 1 18 14 6 1 2
2 76 36 33.369 -117.73 193 320 81 120 2014 7 1 18 15 6 1 2
2 76 36 33.398 -117.78 186 300 69 120 2014 7 1 18 16 6 1 2
2 76 36 33.431 -117.84 182 308 52 120 2014 7 1 18 17 6 1 2
2 76 36 33.458 -117.89 180 291 40 120 2014 7 1 18 18 6 1 2
2 76 36 33.484 -117.94 176 308 31 120 2014 7 1 18 19 6 1 2
2 76 36 33.517 -118 158 308 31 120 2014 7 1 18 20 6 1 2
2 76 36 33.521 -118.03 161 301 31 120 2014 7 1 18 21 12 1 2
2 76 36 33.54 -118.07 164 270 31 120 2014 7 1 18 22 6 1 2
2 76 36 33.589 -118.05 155 337 31 120 2014 7 1 18 23 6 1 2
2 76 36 33.624 -118.02 156 12 31 120 2014 7 1 18 24 16 1 2
2 76 36 33.659 -117.99 156 35 31 120 2014 7 1 18 25 16 1 2
2 76 36 33.667 -117.98 158 35 31 120 2014 7 1 18 26 6 1 2
2 76 36 33.7 -118.02 149 348 28 120 2014 7 1 18 27 6 1 2
2 76 36 33.733 -118.05 156 315 23 120 2014 7 1 18 28 6 1 2
2 76 36 33.767 -118.08 154 313 15 120 2014 7 1 18 29 6 1 2
2 76 36 33.791 -118.12 150 307 6 120 2014 7 1 18 30 6 1 2
2 76 36 33.812 -118.14 127 309 2 120 2014 7 1 18 31 6 1 2
3 76 36 33.011 -112.79 409 299 260 260 2014 7 2 1 13 6 2 90
3 76 36 33.129 -113.01 255 303 260 260 2014 7 2 1 15 16 2 90
3 76 36 33.129 -113.01 255 303 260 260 2014 7 2 1 16 12 2 90
3 76 36 33.168 -113.09 255 303 260 260 2014 7 2 1 17 6 2 90
3 76 36 33.207 -113.16 255 302 260 260 2014 7 2 1 18 6 2 90
3 76 36 33.246 -113.23 255 304 260 260 2014 7 2 1 19 6 2 90
3 76 36 33.291 -113.31 254 302 260 260 2014 7 2 1 20 16 2 90
3 76 36 33.331 -113.38 253 303 260 260 2014 7 2 1 21 7 2 90
3 76 36 33.369 -113.45 253 303 260 260 2014 7 2 1 22 16 2 90
3 76 36 33.407 -113.52 251 303 260 260 2014 7 2 1 23 15 2 90
3 76 36 33.446 -113.59 254 303 260 260 2014 7 2 1 24 15 2 90
3 76 36 33.486 -113.66 254 303 260 260 2014 7 2 1 25 16 2 90
3 76 36 33.524 -113.73 254 303 260 260 2014 7 2 1 26 24 2 90
3 76 36 33.57 -113.82 254 302 260 260 2014 7 2 1 27 6 2 90
3 76 36 33.608 -113.89 254 303 260 260 2014 7 2 1 28 6 2 90
3 76 36 33.646 -113.96 254 303 260 260 2014 7 2 1 29 16 2 90
3 76 36 33.68 -114.03 258 300 260 260 2014 7 2 1 30 6 1 39
3 76 36 33.686 -114.12 258 274 260 260 2014 7 2 1 31 6 1 39
3 76 36 33.693 -114.21 259 280 260 260 2014 7 2 1 32 15 1 39
3 76 36 33.701 -114.31 259 276 260 260 2014 7 2 1 33 16 1 39
3 76 36 33.71 -114.39 258 276 260 260 2014 7 2 1 34 16 1 39
3 76 36 33.718 -114.48 258 275 260 260 2014 7 2 1 35 6 1 39
3 76 36 33.725 -114.56 258 275 260 260 2014 7 2 1 36 6 1 39
3 76 36 33.733 -114.65 258 275 260 260 2014 7 2 1 37 15 1 39
3 76 36 33.739 -114.74 258 276 260 260 2014 7 2 1 38 6 1 39
3 76 36 33.749 -114.84 258 275 260 260 2014 7 2 1 39 6 1 39
3 76 36 33.756 -114.92 258 275 260 260 2014 7 2 1 40 6 1 39
3 76 36 33.756 -114.92 258 275 260 260 2014 7 2 1 41 6 1 39
3 76 36 33.762 -115.01 257 275 260 260 2014 7 2 1 42 6 1 39
3 76 36 33.77 -115.09 257 275 260 260 2014 7 2 1 43 6 1 41
3 76 36 33.783 -115.26 257 275 247 260 2014 7 2 1 44 16 1 41
3 76 36 33.783 -115.26 257 275 247 260 2014 7 2 1 45 6 1 41
3 76 36 33.789 -115.35 257 275 239 260 2014 7 2 1 46 8 1 27
3 76 36 33.796 -115.45 256 275 230 260 2014 7 2 1 47 16 1 27
3 76 36 33.804 -115.53 252 275 221 260 2014 7 2 1 48 16 1 27
3 76 36 33.81 -115.62 257 275 213 260 2014 7 2 1 49 15 1 27
3 76 36 33.824 -115.79 259 275 200 160 2014 7 2 1 50 15 1 27
3 76 36 33.824 -115.79 259 275 200 160 2014 7 2 1 51 6 1 27
3 76 36 33.829 -115.87 256 275 200 160 2014 7 2 1 52 16 1 27
3 76 36 33.836 -115.95 251 275 200 160 2014 7 2 1 53 15 1 27
3 76 36 33.843 -116.05 251 275 200 160 2014 7 2 1 54 6 1 27
3 76 36 33.849 -116.13 251 275 200 160 2014 7 2 1 55 15 1 27
3 76 36 33.856 -116.22 251 274 196 160 2014 7 2 1 56 8 1 27
3 76 36 33.861 -116.3 245 275 185 160 2014 7 2 1 57 6 1 27
3 76 36 33.867 -116.38 246 275 168 160 2014 7 2 1 58 6 1 20
3 76 36 33.873 -116.46 246 274 159 160 2014 7 2 1 59 16 1 20
3 76 36 33.876 -116.55 238 274 156 160 2014 7 2 2 0 16 1 20
3 76 36 33.88 -116.63 238 273 146 160 2014 7 2 2 1 6 1 20
3 76 36 33.883 -116.73 230 273 139 160 2014 7 2 2 2 6 1 20
3 76 36 33.883 -116.82 227 273 140 160 2014 7 2 2 3 15 1 20
3 76 36 33.883 -116.88 227 266 140 160 2014 7 2 2 4 16 1 20
3 76 36 33.833 -116.95 236 239 134 160 2014 7 2 2 5 6 1 6
3 76 36 33.801 -116.98 232 220 127 160 2014 7 2 2 6 6 1 6
3 76 36 33.767 -117.07 236 216 114 160 2014 7 2 2 7 6 1 6
3 76 36 33.742 -117.13 232 238 105 160 2014 7 2 2 8 6 1 6
3 76 36 33.716 -117.19 222 253 94 160 2014 7 2 2 9 15 1 6
3 76 36 33.683 -117.27 210 240 84 160 2014 7 2 2 10 6 1 6
3 76 36 33.664 -117.32 207 244 80 160 2014 7 2 2 11 15 1 6
3 76 36 33.638 -117.38 205 239 80 160 2014 7 2 2 12 16 1 6
3 76 36 33.612 -117.44 205 239 80 160 2014 7 2 2 13 16 1 2
3 76 36 33.6 -117.52 212 243 70 160 2014 7 2 2 14 6 1 2
3 76 36 33.61 -117.58 209 270 60 160 2014 7 2 2 15 15 1 2
3 76 36 33.621 -117.65 203 291 53 160 2014 7 2 2 16 6 1 2
3 76 36 33.634 -117.71 199 286 43 160 2014 7 2 2 17 16 1 2
3 76 36 33.65 -117.77 190 283 40 160 2014 7 2 2 18 6 1 2
3 76 36 33.667 -117.82 191 293 40 160 2014 7 2 2 19 15 1 2
3 76 36 33.683 -117.88 192 292 40 160 2014 7 2 2 20 6 1 2
3 76 36 33.676 -117.95 197 253 30 160 2014 7 2 2 21 15 1 2
3 76 36 33.695 -118.01 160 301 30 160 2014 7 2 2 22 15 1 2
3 76 36 33.717 -118.03 130 293 28 160 2014 7 2 2 23 15 1 2
3 76 36 33.733 -118.05 128 316 21 160 2014 7 2 2 24 6 1 2
3 76 36 33.767 -118.08 114 315 14 160 2014 7 2 2 25 16 1 2
3 76 36 33.783 -118.1 94 315 9 160 2014 7 2 2 26 15 1 2
3 76 36 33.8 -118.13 89 313 5 160 2014 7 2 2 27 16 1 2
3 76 36 33.805 -118.13 94 301 3 160 2014 7 2 2 28 16 1 2
