1 76 69 32.123 -110.95 173 0 30 320 2014 7 1 0 33 6 2 77
1 76 69 32.158 -111 210 315 44 320 2014 7 1 0 34 6 2 77
1 76 69 32.201 -111.06 260 309 60 320 2014 7 1 0 35 6 2 77
1 76 69 32.241 -111.14 259 297 79 320 2014 7 1 0 36 6 2 77
1 76 69 32.322 -111.22 285 313 105 320 2014 7 1 0 37 15 2 77
1 76 69 32.412 -111.28 301 331 119 320 2014 7 1 0 38 16 2 77
1 76 69 32.494 -111.34 333 330 145 320 2014 7 1 0 39 6 2 77
1 76 69 32.569 -111.39 319 331 163 320 2014 7 1 0 40 6 2 60
1 76 69 32.648 -111.44 317 330 178 320 2014 7 1 0 41 6 2 60
1 76 69 32.729 -111.49 327 332 196 320 2014 7 1 0 42 6 2 60
1 76 69 32.809 -111.55 333 329 210 320 2014 7 1 0 43 6 2 60
1 76 69 32.859 -111.58 338 329 217 320 2014 7 1 0 44 6 2 60
1 76 69 32.944 -111.63 344 331 229 320 2014 7 1 0 45 6 2 60
1 76 69 33.053 -111.71 382 330 230 320 2014 7 1 0 46 6 2 60
1 76 69 33.15 -111.78 393 330 237 320 2014 7 1 0 47 6 2 60
1 76 69 33.248 -111.84 400 330 245 320 2014 7 1 0 48 6 2 60
1 76 69 33.345 -111.91 400 330 254 320 2014 7 1 0 49 6 2 63
1 76 69 33.497 -111.97 415 332 262 320 2014 7 1 0 50 6 2 90
1 76 69 33.558 -111.98 409 343 266 320 2014 7 1 0 51 6 2 90
1 76 69 33.673 -111.99 409 357 272 320 2014 7 1 0 52 6 2 108
1 76 69 33.81 -112 409 356 279 320 2014 7 1 0 53 16 2 108
1 76 69 33.926 -112 409 356 285 320 2014 7 1 0 54 6 2 108
1 76 69 34.043 -112.01 409 356 291 320 2014 7 1 0 55 6 2 108
1 76 69 34.158 -112.02 409 355 297 320 2014 7 1 0 56 6 2 108
1 76 69 34.273 -112.03 410 356 303 320 2014 7 1 0 57 6 2 89
1 76 69 34.315 -112.03 410 356 305 320 2014 7 1 0 58 6 2 89
1 76 69 34.448 -112.05 404 356 312 320 2014 7 1 0 59 6 2 89
1 76 69 34.56 -112.06 404 356 318 320 2014 7 1 1 0 6 2 89
1 76 69 34.672 -112.06 404 358 320 320 2014 7 1 1 1 6 2 101
1 76 69 34.788 -112.07 415 2 320 320 2014 7 1 1 2 6 2 101
1 76 69 34.906 -112.08 422 0 320 320 2014 7 1 1 3 6 2 101
1 76 69 35.049 -112.09 430 358 320 340 2014 7 1 1 4 6 2 101
1 76 69 35.171 -112.1 434 359 320 340 2014 7 1 1 5 6 2 101
1 76 69 35.291 -112.11 435 358 320 320 2014 7 1 1 6 6 2 101
1 76 69 35.413 -112.12 437 357 320 320 2014 7 1 1 7 6 1 46
1 76 69 35.535 -112.13 440 358 320 320 2014 7 1 1 8 6 1 46
1 76 69 35.682 -112.14 441 355 320 320 2014 7 1 1 9 6 1 46
1 76 69 35.806 -112.15 442 356 320 320 2014 7 1 1 10 6 1 46
1 76 69 35.93 -112.16 444 356 320 320 2014 7 1 1 11 6 1 46
1 76 69 36.054 -112.17 445 356 320 320 2014 7 1 1 12 6 1 46
1 76 69 36.177 -112.18 445 357 320 320 2014 7 1 1 13 6 1 46
1 76 69 36.269 -112.18 444 356 320 320 2014 7 1 1 14 6 1 46
1 76 69 36.392 -112.19 444 356 320 320 2014 7 1 1 15 6 1 46
1 76 69 36.441 -112.2 445 356 320 320 2014 7 1 1 16 6 1 48
1 76 69 36.686 -112.22 444 356 320 320 2014 7 1 1 17 6 1 48
1 76 69 36.759 -112.22 444 356 320 320 2014 7 1 1 18 6 1 48
1 76 69 36.956 -112.24 444 356 320 320 2014 7 1 1 19 16 1 48
1 76 69 37.029 -112.25 444 356 320 320 2014 7 1 1 20 6 1 48
1 76 69 37.152 -112.26 444 356 320 320 2014 7 1 1 21 6 1 48
1 76 69 37.275 -112.27 444 356 320 320 2014 7 1 1 22 6 1 48
1 76 69 37.398 -112.28 444 355 320 320 2014 7 1 1 23 6 1 48
1 76 69 37.522 -112.29 444 356 320 320 2014 7 1 1 24 6 5 202
1 76 69 37.67 -112.3 445 355 320 300 2014 7 1 1 25 6 5 202
1 76 69 37.793 -112.29 447 358 318 300 2014 7 1 1 26 6 5 202
1 76 69 37.904 -112.28 414 5 310 300 2014 7 1 1 27 6 5 202
1 76 69 38.009 -112.26 389 5 300 300 2014 7 1 1 28 6 5 202
1 76 69 38.118 -112.25 393 6 300 300 2014 7 1 1 29 6 5 202
1 76 69 38.226 -112.23 393 4 300 300 2014 7 1 1 30 6 5 205
1 76 69 38.228 -112.23 397 5 300 300 2014 7 1 1 31 6 5 205
1 76 69 38.337 -112.21 397 5 300 300 2014 7 1 1 32 6 5 205
1 76 69 38.466 -112.2 393 6 300 150 2014 7 1 1 33 6 5 205
1 76 69 38.682 -112.17 392 6 300 150 2014 7 1 1 34 16 5 205
1 76 69 38.791 -112.15 393 6 300 150 2014 7 1 1 35 6 5 205
1 76 69 38.899 -112.14 393 3 300 150 2014 7 1 1 36 6 5 205
1 76 69 38.902 -112.14 400 5 300 150 2014 7 1 1 37 16 5 205
1 76 69 39.019 -112.12 415 6 300 150 2014 7 1 1 38 6 5 205
1 76 69 39.136 -112.1 422 5 279 150 2014 7 1 1 39 6 5 205
1 76 69 39.254 -112.09 414 6 249 150 2014 7 1 1 40 6 5 205
1 76 69 39.383 -112.07 391 6 216 150 2014 7 1 1 41 6 5 215
1 76 69 39.486 -112.05 375 6 187 150 2014 7 1 1 42 6 5 215
1 76 69 39.585 -112.04 360 6 164 150 2014 7 1 1 43 16 5 215
1 76 69 39.676 -112.03 331 5 151 150 2014 7 1 1 44 15 5 215
1 76 69 39.763 -112.01 316 5 150 150 2014 7 1 1 45 6 5 215
1 76 69 39.849 -112.02 303 6 151 150 2014 7 1 1 46 7 5 215
1 76 69 39.991 -111.99 320 13 146 150 2014 7 1 1 47 7 5 215
1 76 69 40.092 -111.98 343 5 136 150 2014 7 1 1 48 6 5 215
1 76 69 40.192 -111.96 370 6 119 150 2014 7 1 1 49 6 5 197
1 76 69 40.298 -111.95 386 5 107 150 2014 7 1 1 50 6 5 197
1 76 69 40.402 -111.94 374 6 101 150 2014 7 1 1 51 6 5 197
1 76 69 40.45 -111.94 350 4 100 150 2014 7 1 1 52 16 5 197
1 76 69 40.565 -111.95 251 354 82 150 2014 7 1 1 53 6 5 197
1 76 69 40.596 -111.95 256 354 76 150 2014 7 1 1 54 6 5 197
1 76 69 40.688 -111.97 180 355 61 150 2014 7 1 1 55 15 5 197
1 76 69 40.725 -111.97 133 355 52 150 2014 7 1 1 56 7 5 197
1 76 69 40.755 -111.97 147 355 47 150 2014 7 1 1 57 6 5 197
1 76 69 40.79 -111.97 134 356 43 150 2014 7 1 1 58 6 5 197
2 76 69 34.012 -112.01 398 356 294 320 2014 7 1 15 8 6 2 108
2 76 69 34.127 -112.02 403 356 298 320 2014 7 1 15 9 6 2 108
2 76 69 34.241 -112.03 405 356 301 320 2014 7 1 15 10 6 2 89
2 76 69 34.379 -112.04 411 356 309 320 2014 7 1 15 11 6 2 89
2 76 69 34.491 -112.05 406 356 313 320 2014 7 1 15 12 6 2 89
2 76 69 34.605 -112.06 406 356 315 320 2014 7 1 15 13 15 2 89
2 76 69 34.719 -112.07 407 356 320 320 2014 7 1 15 14 6 2 101
2 76 69 34.872 -112.08 409 355 320 320 2014 7 1 15 15 16 2 101
2 76 69 34.949 -112.08 412 356 320 320 2014 7 1 15 16 6 2 101
2 76 69 35.088 -112.09 416 356 320 320 2014 7 1 15 17 6 2 101
2 76 69 35.219 -112.11 415 356 320 320 2014 7 1 15 18 16 2 101
2 76 69 35.294 -112.11 412 356 320 320 2014 7 1 15 19 6 2 101
2 76 69 35.431 -112.12 413 356 320 320 2014 7 1 15 20 16 1 46
2 76 69 35.54 -112.13 412 356 320 320 2014 7 1 15 21 15 1 46
2 76 69 35.669 -112.14 411 357 320 320 2014 7 1 15 22 16 1 46
2 76 69 35.781 -112.15 411 355 320 320 2014 7 1 15 23 16 1 46
2 76 69 35.877 -112.16 408 356 320 320 2014 7 1 15 24 6 1 46
2 76 69 35.992 -112.16 408 357 320 320 2014 7 1 15 25 16 1 46
2 76 69 36.104 -112.17 408 355 320 320 2014 7 1 15 26 6 1 46
2 76 69 36.237 -112.19 405 354 320 320 2014 7 1 15 27 15 1 46
2 76 69 36.282 -112.19 405 356 320 320 2014 7 1 15 28 6 1 46
2 76 69 36.393 -112.2 405 356 320 320 2014 7 1 15 29 6 1 46
2 76 69 36.572 -112.21 401 356 320 320 2014 7 1 15 30 6 1 48
2 76 69 36.617 -112.22 404 356 320 320 2014 7 1 15 31 6 1 48
2 76 69 36.796 -112.23 402 356 320 320 2014 7 1 15 32 16 1 48
2 76 69 36.932 -112.24 405 356 320 320 2014 7 1 15 33 16 1 48
2 76 69 37.046 -112.25 408 356 320 320 2014 7 1 15 34 15 1 48
2 76 69 37.159 -112.26 408 356 320 320 2014 7 1 15 35 16 1 48
2 76 69 37.206 -112.26 408 356 320 320 2014 7 1 15 36 6 1 48
2 76 69 37.344 -112.27 413 356 320 320 2014 7 1 15 37 6 1 48
2 76 69 37.458 -112.28 413 356 320 320 2014 7 1 15 38 16 1 48
2 76 69 37.574 -112.29 414 356 320 320 2014 7 1 15 39 6 5 202
2 76 69 37.691 -112.3 420 356 320 320 2014 7 1 15 40 6 5 202
2 76 69 37.808 -112.29 427 2 320 320 2014 7 1 15 41 6 5 202
2 76 69 37.949 -112.27 427 6 320 320 2014 7 1 15 42 15 5 202
2 76 69 38.066 -112.26 427 4 320 320 2014 7 1 15 43 6 5 202
2 76 69 38.067 -112.25 427 5 320 320 2014 7 1 15 44 6 5 202
2 76 69 38.186 -112.24 428 5 320 320 2014 7 1 15 45 6 5 202
2 76 69 38.305 -112.22 430 5 320 320 2014 7 1 15 46 6 5 205
2 76 69 38.424 -112.2 430 6 320 320 2014 7 1 15 47 15 5 205
2 76 69 38.675 -112.17 410 6 320 320 2014 7 1 15 48 15 5 205
2 76 69 38.789 -112.16 410 4 320 320 2014 7 1 15 49 6 5 205
2 76 69 38.786 -112.15 403 5 320 150 2014 7 1 15 50 15 5 205
2 76 69 38.897 -112.14 403 5 319 150 2014 7 1 15 51 6 5 205
2 76 69 39.006 -112.12 397 6 303 150 2014 7 1 15 52 16 5 205
2 76 69 39.11 -112.11 385 6 285 150 2014 7 1 15 53 16 5 205
2 76 69 39.233 -112.09 374 6 263 150 2014 7 1 15 54 6 5 205
2 76 69 39.324 -112.08 366 5 247 150 2014 7 1 15 55 6 5 215
2 76 69 39.421 -112.06 355 5 231 150 2014 7 1 15 56 6 5 215
2 76 69 39.516 -112.05 346 6 216 150 2014 7 1 15 57 6 5 215
2 76 69 39.627 -112.03 339 5 198 150 2014 7 1 15 58 16 5 215
2 76 69 39.72 -112.02 338 4 183 150 2014 7 1 15 59 6 5 215
2 76 69 39.828 -112.02 322 5 166 150 2014 7 1 16 0 16 5 215
2 76 69 39.916 -112 315 6 152 150 2014 7 1 16 1 7 5 215
2 76 69 40 -111.99 306 5 139 150 2014 7 1 16 2 16 5 215
2 76 69 40.081 -111.97 302 1 126 150 2014 7 1 16 3 15 5 215
2 76 69 40.175 -111.96 291 10 110 150 2014 7 1 16 4 6 5 197
2 76 69 40.241 -111.95 289 1 102 150 2014 7 1 16 5 16 5 197
2 76 69 40.322 -111.95 289 7 100 150 2014 7 1 16 6 13 5 197
2 76 69 40.4 -111.94 285 5 100 150 2014 7 1 16 7 15 5 197
2 76 69 40.477 -111.93 274 359 100 150 2014 7 1 16 8 6 5 197
2 76 69 40.557 -111.94 245 354 88 150 2014 7 1 16 9 6 5 197
2 76 69 40.624 -111.95 244 354 76 150 2014 7 1 16 10 6 5 197
2 76 69 40.684 -111.95 219 356 63 150 2014 7 1 16 11 6 5 197
2 76 69 40.725 -111.96 181 356 53 150 2014 7 1 16 12 6 5 197
2 76 69 40.778 -111.96 163 352 43 150 2014 7 1 16 13 16 5 197
3 76 69 32.084 -110.9 198 133 37 260 2014 7 1 18 35 16 2 77
3 76 69 32.04 -110.85 239 135 56 260 2014 7 1 18 36 6 2 77
3 76 69 32.042 -110.8 235 135 70 260 2014 7 1 18 37 6 2 77
3 76 69 32.107 -110.79 240 72 89 260 2014 7 1 18 38 16 2 77
3 76 69 32.17 -110.84 266 346 104 260 2014 7 1 18 39 15 2 77
3 76 69 32.239 -110.9 295 325 118 260 2014 7 1 18 40 6 2 77
3 76 69 32.316 -110.96 319 324 132 260 2014 7 1 18 41 6 2 77
3 76 69 32.393 -111.02 330 326 147 260 2014 7 1 18 42 6 2 77
3 76 69 32.49 -111.1 346 326 163 260 2014 7 1 18 43 15 2 77
3 76 69 32.489 -111.1 346 325 162 260 2014 7 1 18 44 6 2 77
3 76 69 32.653 -111.23 353 326 190 260 2014 7 1 18 45 7 2 60
3 76 69 32.67 -111.24 353 325 192 260 2014 7 1 18 46 6 2 60
3 76 69 32.821 -111.37 365 325 212 260 2014 7 1 18 47 16 2 60
3 76 69 32.907 -111.44 373 325 221 260 2014 7 1 18 48 16 2 60
3 76 69 32.925 -111.45 372 325 223 260 2014 7 1 18 49 15 2 60
3 76 69 33.009 -111.53 376 323 233 260 2014 7 1 18 50 16 2 60
3 76 69 33.088 -111.61 376 319 245 260 2014 7 1 18 51 6 2 60
3 76 69 33.182 -111.71 373 319 255 260 2014 7 1 18 52 6 2 60
3 76 69 33.252 -111.78 373 319 260 260 2014 7 1 18 53 6 2 90
3 76 69 33.35 -111.88 385 319 260 260 2014 7 1 18 54 6 2 90
3 76 69 33.437 -111.96 397 319 260 260 2014 7 1 18 55 6 2 90
3 76 69 33.52 -111.97 406 348 260 260 2014 7 1 18 56 6 2 90
3 76 69 33.662 -111.99 407 356 260 260 2014 7 1 18 57 16 2 108
3 76 69 33.77 -111.99 392 356 260 260 2014 7 1 18 58 6 2 108
3 76 69 33.896 -112 380 356 260 260 2014 7 1 18 59 15 2 108
3 76 69 33.999 -112.01 377 356 260 260 2014 7 1 19 0 6 2 108
3 76 69 34.102 -112.02 376 356 260 260 2014 7 1 19 1 6 2 108
3 76 69 34.203 -112.05 368 346 260 260 2014 7 1 19 2 6 2 108
3 76 69 34.303 -112.09 372 341 260 260 2014 7 1 19 3 16 2 108
3 76 69 34.401 -112.14 374 341 260 260 2014 7 1 19 4 16 2 108
3 76 69 34.522 -112.18 377 341 260 260 2014 7 1 19 5 6 2 108
3 76 69 34.622 -112.22 379 341 260 260 2014 7 1 19 6 6 2 108
3 76 69 34.724 -112.25 378 348 260 260 2014 7 1 19 7 6 2 108
3 76 69 34.807 -112.27 376 348 260 260 2014 7 1 19 8 6 2 108
3 76 69 34.911 -112.28 376 352 260 260 2014 7 1 19 9 6 2 108
3 76 69 35.016 -112.3 377 351 260 260 2014 7 1 19 10 6 2 108
3 76 69 35.129 -112.31 379 358 260 260 2014 7 1 19 11 6 2 108
3 76 69 35.273 -112.31 386 1 260 260 2014 7 1 19 12 16 2 108
3 76 69 35.345 -112.31 387 358 260 260 2014 7 1 19 13 6 2 108
3 76 69 35.447 -112.31 386 0 260 260 2014 7 1 19 14 15 1 46
3 76 69 35.563 -112.31 393 359 260 260 2014 7 1 19 15 16 1 46
3 76 69 35.695 -112.31 394 358 260 260 2014 7 1 19 16 6 1 46
3 76 69 35.806 -112.3 394 1 260 260 2014 7 1 19 17 6 1 46
3 76 69 35.914 -112.3 395 359 260 260 2014 7 1 19 18 6 1 46
3 76 69 36.024 -112.3 394 2 260 260 2014 7 1 19 19 16 1 46
3 76 69 36.068 -112.3 393 3 260 260 2014 7 1 19 20 15 1 46
3 76 69 36.177 -112.3 393 0 260 260 2014 7 1 19 21 6 1 46
3 76 69 36.286 -112.3 393 359 260 260 2014 7 1 19 22 6 1 46
3 76 69 36.395 -112.3 392 0 260 260 2014 7 1 19 23 6 1 48
3 76 69 36.529 -112.3 398 0 260 260 2014 7 1 19 24 6 1 48
3 76 69 36.708 -112.3 399 0 260 260 2014 7 1 19 25 15 1 48
3 76 69 36.753 -112.3 400 0 260 260 2014 7 1 19 26 6 1 48
3 76 69 36.865 -112.3 400 0 260 260 2014 7 1 19 27 6 1 48
3 76 69 36.976 -112.3 400 359 260 260 2014 7 1 19 28 6 1 48
3 76 69 37.088 -112.3 400 359 260 260 2014 7 1 19 29 16 1 48
3 76 69 37.222 -112.3 400 359 260 260 2014 7 1 19 30 16 1 48
3 76 69 37.333 -112.3 400 359 260 260 2014 7 1 19 31 6 1 48
3 76 69 37.442 -112.3 400 359 260 260 2014 7 1 19 32 6 1 48
3 76 69 37.551 -112.3 399 359 260 260 2014 7 1 19 33 6 5 202
3 76 69 37.68 -112.3 395 359 260 260 2014 7 1 19 34 16 5 202
3 76 69 37.788 -112.29 394 0 260 260 2014 7 1 19 35 6 5 202
3 76 69 37.894 -112.27 393 6 260 260 2014 7 1 19 36 6 5 202
3 76 69 37.958 -112.27 389 6 260 260 2014 7 1 19 37 16 5 202
3 76 69 38.064 -112.25 387 6 260 260 2014 7 1 19 38 16 5 202
3 76 69 38.171 -112.24 387 5 260 260 2014 7 1 19 39 16 5 202
3 76 69 38.278 -112.22 387 5 260 260 2014 7 1 19 40 16 5 205
3 76 69 38.384 -112.21 386 5 260 260 2014 7 1 19 41 6 5 205
3 76 69 38.512 -112.19 386 5 260 260 2014 7 1 19 42 6 5 205
3 76 69 38.618 -112.17 385 6 260 260 2014 7 1 19 43 16 5 205
3 76 69 38.724 -112.16 385 6 260 260 2014 7 1 19 44 6 5 205
3 76 69 38.831 -112.14 385 6 260 260 2014 7 1 19 45 6 5 205
3 76 69 38.938 -112.13 385 5 260 260 2014 7 1 19 46 6 5 205
3 76 69 39.043 -112.12 385 5 260 260 2014 7 1 19 47 7 5 205
3 76 69 39.171 -112.1 385 6 260 180 2014 7 1 19 48 15 5 205
3 76 69 39.278 -112.08 389 5 250 180 2014 7 1 19 49 16 5 215
3 76 69 39.383 -112.07 378 6 233 180 2014 7 1 19 50 6 5 215
3 76 69 39.488 -112.06 378 3 233 180 2014 7 1 19 51 6 5 215
3 76 69 39.483 -112.06 362 5 216 180 2014 7 1 19 52 6 5 215
3 76 69 39.58 -112.04 356 6 199 150 2014 7 1 19 53 6 5 215
3 76 69 39.784 -112.01 332 6 168 150 2014 7 1 19 54 16 5 215
3 76 69 39.784 -112.01 332 6 168 150 2014 7 1 19 55 6 5 215
3 76 69 39.962 -111.99 317 353 150 150 2014 7 1 19 56 6 5 215
3 76 69 39.989 -111.99 318 12 150 150 2014 7 1 19 57 6 5 215
3 76 69 40.051 -111.97 320 2 145 150 2014 7 1 19 58 15 5 215
3 76 69 40.162 -111.97 310 13 132 150 2014 7 1 19 59 6 5 197
3 76 69 40.259 -111.96 306 5 117 150 2014 7 1 20 0 6 5 197
3 76 69 40.337 -111.96 271 2 104 150 2014 7 1 20 1 6 5 197
3 76 69 40.461 -111.96 252 356 90 150 2014 7 1 20 2 16 5 197
3 76 69 40.472 -111.97 249 359 90 150 2014 7 1 20 3 15 5 197
3 76 69 40.54 -111.97 245 355 88 150 2014 7 1 20 4 16 5 197
3 76 69 40.591 -111.98 225 352 78 150 2014 7 1 20 5 16 5 197
3 76 69 40.659 -111.98 175 358 65 150 2014 7 1 20 6 6 5 197
3 76 69 40.688 -111.99 162 353 60 150 2014 7 1 20 7 6 5 197
3 76 69 40.738 -111.99 145 358 50 150 2014 7 1 20 8 6 5 197
3 76 69 40.778 -112 150 352 43 150 2014 7 1 20 9 6 5 197
4 76 69 32.131 -110.96 186 0 32 280 2014 7 2 0 36 6 2 77
4 76 69 32.175 -111.01 221 314 49 280 2014 7 2 0 37 6 2 77
4 76 69 32.282 -111.09 251 328 81 280 2014 7 2 0 38 16 2 77
4 76 69 32.282 -111.09 251 328 81 280 2014 7 2 0 39 15 2 77
4 76 69 32.392 -111.17 292 327 106 280 2014 7 2 0 40 6 2 77
4 76 69 32.468 -111.22 311 327 119 280 2014 7 2 0 41 6 2 77
4 76 69 32.546 -111.29 329 326 135 280 2014 7 2 0 42 16 2 60
4 76 69 32.579 -111.31 333 326 141 280 2014 7 2 0 43 6 2 60
4 76 69 32.708 -111.41 342 327 163 280 2014 7 2 0 44 6 2 60
4 76 69 32.807 -111.48 351 327 182 280 2014 7 2 0 45 16 2 60
4 76 69 32.892 -111.55 357 326 194 280 2014 7 2 0 46 6 2 60
4 76 69 32.977 -111.62 363 327 206 280 2014 7 2 0 47 15 2 79
4 76 69 33.064 -111.68 365 326 217 280 2014 7 2 0 48 16 2 60
4 76 69 33.151 -111.75 366 327 226 280 2014 7 2 0 49 15 2 60
4 76 69 33.186 -111.78 370 327 229 280 2014 7 2 0 50 6 2 60
4 76 69 33.275 -111.85 380 326 238 280 2014 7 2 0 51 6 2 60
4 76 69 33.364 -111.92 380 326 248 280 2014 7 2 0 52 15 2 63
4 76 69 33.464 -111.98 383 327 257 280 2014 7 2 0 53 15 2 63
4 76 69 33.561 -111.98 377 351 263 280 2014 7 2 0 54 16 2 90
4 76 69 33.763 -111.99 389 356 272 280 2014 7 2 0 55 16 2 108
4 76 69 33.802 -112 393 356 274 280 2014 7 2 0 56 16 2 108
4 76 69 33.914 -112.01 394 356 279 280 2014 7 2 0 57 16 2 108
4 76 69 34.029 -112.02 402 356 280 280 2014 7 2 0 58 15 2 108
4 76 69 34.145 -112.02 410 356 280 280 2014 7 2 0 59 16 2 108
4 76 69 34.261 -112.03 411 356 281 280 2014 7 2 1 0 16 2 108
4 76 69 34.374 -112.04 411 356 280 280 2014 7 2 1 1 6 2 61
4 76 69 34.488 -112.05 411 355 280 280 2014 7 2 1 2 15 2 61
4 76 69 34.603 -112.06 411 356 280 280 2014 7 2 1 3 6 2 61
4 76 69 34.721 -112.07 419 355 280 280 2014 7 2 1 4 6 2 61
4 76 69 34.797 -112.07 417 356 280 280 2014 7 2 1 5 6 2 61
4 76 69 34.946 -112.08 419 356 280 280 2014 7 2 1 6 8 2 61
4 76 69 35.082 -112.09 419 356 280 280 2014 7 2 1 7 6 2 61
4 76 69 35.197 -112.1 419 355 280 280 2014 7 2 1 8 6 2 61
4 76 69 35.336 -112.11 419 356 280 280 2014 7 2 1 9 6 2 61
4 76 69 35.45 -112.12 419 356 280 280 2014 7 2 1 10 6 1 46
4 76 69 35.562 -112.13 412 356 280 280 2014 7 2 1 11 6 1 46
4 76 69 35.654 -112.14 413 356 280 280 2014 7 2 1 12 17 1 46
4 76 69 35.767 -112.15 412 356 280 280 2014 7 2 1 13 6 1 46
4 76 69 35.857 -112.16 412 356 280 280 2014 7 2 1 14 6 1 46
4 76 69 36.017 -112.17 411 355 280 280 2014 7 2 1 15 16 1 46
4 76 69 36.107 -112.17 411 356 280 280 2014 7 2 1 16 12 1 46
4 76 69 36.197 -112.18 411 357 280 280 2014 7 2 1 17 6 1 46
4 76 69 36.355 -112.19 403 355 280 280 2014 7 2 1 18 6 1 46
4 76 69 36.467 -112.2 403 356 280 280 2014 7 2 1 19 6 1 48
4 76 69 36.58 -112.21 404 355 280 280 2014 7 2 1 20 16 1 48
4 76 69 36.671 -112.22 406 355 280 280 2014 7 2 1 21 7 1 48
4 76 69 36.784 -112.23 407 356 280 280 2014 7 2 1 22 16 1 48
4 76 69 36.897 -112.24 407 356 280 280 2014 7 2 1 23 15 1 48
4 76 69 37.012 -112.25 409 356 280 280 2014 7 2 1 24 15 1 48
4 76 69 37.171 -112.26 410 356 280 280 2014 7 2 1 25 16 1 48
4 76 69 37.285 -112.27 410 356 280 280 2014 7 2 1 26 24 1 48
4 76 69 37.376 -112.28 410 356 280 280 2014 7 2 1 27 6 1 48
4 76 69 37.491 -112.29 411 356 280 280 2014 7 2 1 28 6 1 48
4 76 69 37.605 -112.3 412 356 280 280 2014 7 2 1 29 16 5 202
4 76 69 37.721 -112.3 414 356 280 280 2014 7 2 1 30 6 5 202
4 76 69 37.766 -112.29 413 358 280 280 2014 7 2 1 31 6 5 202
4 76 69 37.951 -112.27 418 5 280 280 2014 7 2 1 32 15 5 202
4 76 69 38.068 -112.25 418 6 280 280 2014 7 2 1 33 16 5 202
4 76 69 38.208 -112.23 420 6 280 280 2014 7 2 1 34 16 5 205
4 76 69 38.325 -112.22 421 5 280 280 2014 7 2 1 35 6 5 205
4 76 69 38.441 -112.2 421 5 280 280 2014 7 2 1 36 6 5 205
4 76 69 38.557 -112.19 421 4 280 280 2014 7 2 1 37 15 5 205
4 76 69 38.557 -112.18 421 5 280 280 2014 7 2 1 38 6 5 205
4 76 69 38.675 -112.17 422 6 280 280 2014 7 2 1 39 6 5 205
4 76 69 38.791 -112.15 422 6 280 280 2014 7 2 1 40 6 5 205
4 76 69 38.909 -112.13 423 5 280 150 2014 7 2 1 41 6 5 205
4 76 69 39.025 -112.12 422 6 280 150 2014 7 2 1 42 6 5 205
4 76 69 39.143 -112.1 422 6 280 150 2014 7 2 1 43 6 5 205
4 76 69 39.281 -112.08 427 5 280 150 2014 7 2 1 44 16 5 215
4 76 69 39.399 -112.07 428 4 269 150 2014 7 2 1 45 6 5 215
4 76 69 39.512 -112.05 409 6 245 150 2014 7 2 1 46 8 5 215
4 76 69 39.609 -112.04 351 6 222 150 2014 7 2 1 47 16 5 215
4 76 69 39.704 -112.02 348 5 201 150 2014 7 2 1 48 16 5 215
4 76 69 39.857 -112.01 330 6 166 150 2014 7 2 1 49 15 5 215
4 76 69 39.888 -112 326 3 161 150 2014 7 2 1 50 15 5 215
4 76 69 39.989 -111.98 303 6 147 150 2014 7 2 1 51 6 5 215
4 76 69 40.072 -111.97 301 5 136 150 2014 7 2 1 52 16 5 215
4 76 69 40.157 -111.96 306 5 126 150 2014 7 2 1 53 15 5 197
4 76 69 40.248 -111.95 310 9 115 150 2014 7 2 1 54 6 5 197
4 76 69 40.319 -111.94 266 3 111 150 2014 7 2 1 55 15 5 197
4 76 69 40.387 -111.94 238 9 101 150 2014 7 2 1 56 8 5 197
4 76 69 40.457 -111.94 250 351 100 150 2014 7 2 1 57 6 5 197
4 76 69 40.524 -111.95 245 356 91 150 2014 7 2 1 58 6 5 197
4 76 69 40.582 -111.95 207 354 79 150 2014 7 2 1 59 16 5 197
4 76 69 40.636 -111.96 196 356 69 150 2014 7 2 2 0 16 5 197
4 76 69 40.699 -111.96 194 355 58 150 2014 7 2 2 1 6 5 197
4 76 69 40.742 -111.97 159 355 49 150 2014 7 2 2 2 6 5 197
4 76 69 40.781 -111.97 143 355 43 150 2014 7 2 2 3 15 5 197
5 76 69 32.131 -110.96 174 0 35 320 2014 7 2 23 38 6 2 77
5 76 69 32.161 -111 196 312 51 320 2014 7 2 23 39 6 2 77
5 76 69 32.212 -111.04 238 324 65 320 2014 7 2 23 40 6 2 77
5 76 69 32.273 -111.09 259 323 78 320 2014 7 2 23 41 6 2 77
5 76 69 32.34 -111.14 279 328 94 320 2014 7 2 23 42 6 2 77
5 76 69 32.426 -111.2 299 328 109 320 2014 7 2 23 43 6 2 77
5 76 69 32.502 -111.26 317 327 123 320 2014 7 2 23 44 6 2 77
5 76 69 32.58 -111.32 328 326 140 320 2014 7 2 23 45 6 2 60
5 76 69 32.66 -111.38 334 328 150 320 2014 7 2 23 46 6 2 60
5 76 69 32.744 -111.44 350 327 163 320 2014 7 2 23 47 6 2 60
5 76 69 32.839 -111.46 350 349 163 320 2014 7 2 23 48 6 2 60
5 76 69 32.914 -111.57 357 327 193 320 2014 7 2 23 49 16 2 60
5 76 69 32.914 -111.57 357 327 193 320 2014 7 2 23 50 6 2 60
5 76 69 33.014 -111.65 358 328 206 320 2014 7 2 23 51 6 2 79
5 76 69 33.189 -111.78 370 326 225 320 2014 7 2 23 52 6 2 60
5 76 69 33.277 -111.85 373 326 233 320 2014 7 2 23 53 15 2 60
5 76 69 33.374 -111.92 377 327 243 320 2014 7 2 23 54 16 2 63
5 76 69 33.367 -111.92 375 327 243 320 2014 7 2 23 55 16 2 63
5 76 69 33.469 -111.97 378 335 250 320 2014 7 2 23 56 6 2 63
5 76 69 33.576 -111.98 383 356 257 320 2014 7 2 23 57 6 2 63
5 76 69 33.786 -112 391 356 268 320 2014 7 2 23 58 15 2 108
5 76 69 33.814 -112 391 356 269 320 2014 7 2 23 59 6 2 108
5 76 69 33.925 -112.01 394 356 275 320 2014 7 3 0 0 6 2 108
5 76 69 34.036 -112.01 399 356 279 320 2014 7 3 0 1 6 2 108
5 76 69 34.162 -112.02 405 356 283 320 2014 7 3 0 2 6 2 108
5 76 69 34.277 -112.03 410 355 287 320 2014 7 3 0 3 16 2 108
5 76 69 34.391 -112.04 410 356 292 320 2014 7 3 0 4 16 2 61
5 76 69 34.527 -112.05 417 356 296 320 2014 7 3 0 5 6 2 61
5 76 69 34.644 -112.06 413 358 300 320 2014 7 3 0 6 6 2 89
5 76 69 34.758 -112.07 415 356 304 320 2014 7 3 0 7 6 2 101
5 76 69 34.874 -112.08 415 356 308 320 2014 7 3 0 8 6 2 101
5 76 69 34.991 -112.09 416 2 312 320 2014 7 3 0 9 6 2 101
5 76 69 35.105 -112.1 416 357 317 320 2014 7 3 0 10 6 2 101
5 76 69 35.241 -112.11 414 356 320 320 2014 7 3 0 11 6 2 101
5 76 69 35.333 -112.11 413 357 320 320 2014 7 3 0 12 6 2 101
5 76 69 35.358 -112.12 414 355 320 320 2014 7 3 0 13 6 2 101
5 76 69 35.476 -112.12 423 356 320 320 2014 7 3 0 14 6 1 46
5 76 69 35.694 -112.14 436 355 320 320 2014 7 3 0 15 6 1 46
5 76 69 35.865 -112.16 440 355 320 320 2014 7 3 0 16 7 1 46
5 76 69 35.967 -112.16 442 356 320 320 2014 7 3 0 17 6 1 46
5 76 69 36.091 -112.17 444 356 320 320 2014 7 3 0 18 6 1 46
5 76 69 36.241 -112.19 447 356 320 320 2014 7 3 0 19 6 1 46
5 76 69 36.242 -112.18 449 355 320 320 2014 7 3 0 20 16 1 46
5 76 69 36.368 -112.19 451 357 320 320 2014 7 3 0 21 6 1 46
5 76 69 36.62 -112.22 452 356 320 320 2014 7 3 0 22 6 1 48
5 76 69 36.745 -112.22 454 355 320 320 2014 7 3 0 23 15 1 48
5 76 69 36.772 -112.23 454 356 320 320 2014 7 3 0 24 6 1 48
5 76 69 36.996 -112.24 454 356 320 320 2014 7 3 0 25 16 1 48
5 76 69 37.023 -112.25 456 356 320 320 2014 7 3 0 26 6 1 48
5 76 69 37.148 -112.26 454 356 320 320 2014 7 3 0 27 6 1 48
5 76 69 37.297 -112.27 454 355 320 320 2014 7 3 0 28 16 1 48
5 76 69 37.421 -112.28 450 356 320 320 2014 7 3 0 29 16 1 48
5 76 69 37.544 -112.29 450 356 320 320 2014 7 3 0 30 6 5 202
5 76 69 37.669 -112.3 450 355 320 320 2014 7 3 0 31 6 5 202
5 76 69 37.818 -112.28 455 3 320 320 2014 7 3 0 32 6 5 202
5 76 69 37.944 -112.27 455 6 320 320 2014 7 3 0 33 6 5 202
5 76 69 38.042 -112.26 453 6 320 320 2014 7 3 0 34 6 5 202
5 76 69 38.169 -112.24 455 5 320 320 2014 7 3 0 35 15 5 202
5 76 69 38.296 -112.22 456 6 320 320 2014 7 3 0 36 16 5 205
5 76 69 38.422 -112.2 457 6 320 320 2014 7 3 0 37 6 5 205
5 76 69 38.548 -112.18 457 5 320 320 2014 7 3 0 38 16 5 205
5 76 69 38.7 -112.16 458 5 320 320 2014 7 3 0 39 6 5 205
5 76 69 38.826 -112.15 458 6 320 320 2014 7 3 0 40 6 5 205
5 76 69 38.953 -112.13 458 5 320 320 2014 7 3 0 41 6 5 205
5 76 69 39.079 -112.11 457 6 320 150 2014 7 3 0 42 6 5 205
5 76 69 39.207 -112.09 458 5 304 150 2014 7 3 0 43 15 5 205
5 76 69 39.353 -112.07 457 6 268 150 2014 7 3 0 44 16 5 215
5 76 69 39.479 -112.06 454 5 239 150 2014 7 3 0 45 6 5 215
5 76 69 39.604 -112.04 455 6 208 150 2014 7 3 0 46 16 5 215
5 76 69 39.725 -112.02 438 6 178 150 2014 7 3 0 47 6 5 215
5 76 69 39.837 -112 411 6 151 150 2014 7 3 0 48 6 5 215
5 76 69 39.934 -111.99 342 3 150 150 2014 7 3 0 49 6 5 215
5 76 69 40.025 -111.98 330 6 147 150 2014 7 3 0 50 6 5 215
5 76 69 40.117 -111.96 332 6 135 150 2014 7 3 0 51 6 5 197
5 76 69 40.222 -111.95 316 6 119 150 2014 7 3 0 52 6 5 197
5 76 69 40.307 -111.94 308 7 110 150 2014 7 3 0 53 6 5 197
5 76 69 40.393 -111.93 310 3 110 150 2014 7 3 0 54 15 5 197
5 76 69 40.48 -111.94 314 357 97 150 2014 7 3 0 55 16 5 197
5 76 69 40.559 -111.95 282 355 87 150 2014 7 3 0 56 6 5 197
5 76 69 40.631 -111.96 260 354 68 150 2014 7 3 0 57 6 5 197
5 76 69 40.7 -111.96 247 355 57 150 2014 7 3 0 58 16 5 197
5 76 69 40.756 -111.97 161 356 46 150 2014 7 3 0 59 16 5 197
5 76 69 40.756 -111.97 161 356 46 150 2014 7 3 1 0 6 5 197
5 76 69 40.791 -111.97 136 355 42 150 2014 7 3 1 1 16 5 197
6 76 69 32.101 -110.92 183 0 30 320 2014 7 2 14 59 6 2 77
6 76 69 32.072 -110.87 220 127 46 320 2014 7 2 15 0 6 2 77
6 76 69 32.097 -110.81 252 64 70 320 2014 7 2 15 1 6 2 77
6 76 69 32.167 -110.83 260 8 87 320 2014 7 2 15 2 6 2 77
6 76 69 32.234 -110.89 288 346 103 320 2014 7 2 15 3 16 2 77
6 76 69 32.322 -110.96 316 335 116 320 2014 7 2 15 4 6 2 77
6 76 69 32.326 -111.06 316 273 116 320 2014 7 2 15 5 6 2 77
6 76 69 32.403 -111.02 341 309 126 320 2014 7 2 15 6 6 2 77
6 76 69 32.599 -111.07 360 336 151 280 2014 7 2 15 7 6 2 60
6 76 69 32.7 -111.1 366 348 161 280 2014 7 2 15 8 16 2 60
6 76 69 32.7 -111.1 366 348 161 280 2014 7 2 15 9 6 2 60
6 76 69 32.803 -111.12 369 349 172 280 2014 7 2 15 10 6 2 60
6 76 69 32.927 -111.15 375 348 182 280 2014 7 2 15 11 6 2 60
6 76 69 33.032 -111.17 383 349 192 280 2014 7 2 15 12 6 2 60
6 76 69 33.138 -111.2 383 349 200 280 2014 7 2 15 13 6 2 60
6 76 69 33.245 -111.22 389 349 208 280 2014 7 2 15 14 6 2 60
6 76 69 33.353 -111.25 391 348 214 280 2014 7 2 15 15 6 2 60
6 76 69 33.484 -111.28 396 349 223 280 2014 7 2 15 16 6 2 107
6 76 69 33.592 -111.3 400 349 232 280 2014 7 2 15 17 6 2 107
6 76 69 33.764 -111.34 398 348 241 280 2014 7 2 15 18 17 2 107
6 76 69 33.871 -111.37 397 349 249 280 2014 7 2 15 19 15 2 106
6 76 69 33.998 -111.4 395 348 259 280 2014 7 2 15 20 16 2 106
6 76 69 34.039 -111.41 392 348 262 280 2014 7 2 15 21 6 2 106
6 76 69 34.144 -111.43 390 348 270 280 2014 7 2 15 22 6 2 106
6 76 69 34.249 -111.46 390 349 278 280 2014 7 2 15 23 6 2 61
6 76 69 34.422 -111.5 396 348 280 280 2014 7 2 15 24 16 2 61
6 76 69 34.49 -111.51 408 349 280 280 2014 7 2 15 25 6 2 61
6 76 69 34.65 -111.55 423 348 280 280 2014 7 2 15 26 6 2 61
6 76 69 34.722 -111.57 423 349 280 280 2014 7 2 15 27 6 2 61
6 76 69 34.792 -111.58 427 348 280 280 2014 7 2 15 28 6 2 61
6 76 69 34.981 -111.63 428 169 280 280 2014 7 2 15 29 6 2 61
6 76 69 35.1 -111.66 432 169 280 280 2014 7 2 15 30 6 2 61
6 76 69 35.217 -111.69 432 350 280 280 2014 7 2 15 31 6 2 61
6 76 69 35.311 -111.71 434 344 280 280 2014 7 2 15 32 6 2 61
6 76 69 35.429 -111.74 433 343 280 280 2014 7 2 15 33 6 2 61
6 76 69 35.53 -111.76 432 351 280 280 2014 7 2 15 34 6 2 61
6 76 69 35.646 -111.79 430 348 280 280 2014 7 2 15 35 6 2 61
6 76 69 35.825 -111.83 429 349 280 280 2014 7 2 15 36 6 1 46
6 76 69 35.878 -111.85 428 350 280 280 2014 7 2 15 37 6 1 46
6 76 69 36.011 -111.88 428 348 280 280 2014 7 2 15 38 15 1 46
6 76 69 36.128 -111.91 428 348 280 280 2014 7 2 15 39 16 1 46
6 76 69 36.245 -111.94 428 168 280 280 2014 7 2 15 40 6 1 46
6 76 69 36.385 -111.97 428 348 280 280 2014 7 2 15 41 6 1 46
6 76 69 36.502 -112 428 349 280 280 2014 7 2 15 42 6 1 48
6 76 69 36.619 -112.03 428 348 280 280 2014 7 2 15 43 6 1 48
6 76 69 36.735 -112.06 428 348 280 280 2014 7 2 15 44 8 1 48
6 76 69 36.781 -112.07 428 348 280 280 2014 7 2 15 45 6 1 48
6 76 69 36.969 -112.12 428 349 280 280 2014 7 2 15 46 6 1 48
6 76 69 37.063 -112.14 429 348 280 280 2014 7 2 15 47 6 1 48
6 76 69 37.182 -112.15 431 354 280 280 2014 7 2 15 48 6 1 48
6 76 69 37.279 -112.14 435 3 280 280 2014 7 2 15 49 6 1 48
6 76 69 37.47 -112.15 437 356 280 280 2014 7 2 15 50 15 1 48
6 76 69 37.518 -112.16 434 351 280 280 2014 7 2 15 51 6 5 202
6 76 69 37.684 -112.19 435 351 280 280 2014 7 2 15 52 6 5 202
6 76 69 37.803 -112.21 436 351 280 280 2014 7 2 15 53 6 5 202
6 76 69 37.851 -112.22 436 351 280 280 2014 7 2 15 54 6 5 202
6 76 69 38.066 -112.26 436 351 280 280 2014 7 2 15 55 6 5 202
6 76 69 38.185 -112.29 436 351 280 280 2014 7 2 15 56 6 5 205
6 76 69 38.305 -112.31 436 351 280 280 2014 7 2 15 57 6 5 205
6 76 69 38.305 -112.31 436 351 280 280 2014 7 2 15 58 6 5 205
6 76 69 38.427 -112.33 438 351 280 280 2014 7 2 15 59 6 5 205
6 76 69 38.548 -112.32 440 353 280 280 2014 7 2 16 0 6 5 205
6 76 69 38.695 -112.31 440 358 280 280 2014 7 2 16 1 6 5 205
6 76 69 38.818 -112.31 440 2 280 170 2014 7 2 16 2 6 5 205
6 76 69 38.939 -112.3 440 1 280 170 2014 7 2 16 3 6 5 205
6 76 69 39.062 -112.3 442 1 280 170 2014 7 2 16 4 16 5 205
6 76 69 39.184 -112.3 441 2 280 170 2014 7 2 16 5 6 5 205
6 76 69 39.31 -112.29 442 1 280 170 2014 7 2 16 6 6 5 215
6 76 69 39.432 -112.28 442 1 279 170 2014 7 2 16 7 6 5 215
6 76 69 39.583 -112.28 449 2 249 170 2014 7 2 16 8 6 5 215
6 76 69 39.7 -112.27 424 1 225 170 2014 7 2 16 9 6 5 215
6 76 69 39.89 -112.28 389 1 186 170 2014 7 2 16 10 6 5 215
6 76 69 39.92 -112.26 386 357 182 170 2014 7 2 16 11 6 5 215
6 76 69 40.023 -112.26 374 2 170 170 2014 7 2 16 12 6 5 215
6 76 69 40.142 -112.22 365 9 162 170 2014 7 2 16 13 6 5 215
6 76 69 40.239 -112.19 362 14 149 170 2014 7 2 16 14 19 5 197
6 76 69 40.315 -112.17 357 14 138 170 2014 7 2 16 15 16 5 197
6 76 69 40.427 -112.13 345 12 132 170 2014 7 2 16 16 6 5 197
6 76 69 40.515 -112.1 331 15 125 170 2014 7 2 16 17 6 5 197
6 76 69 40.606 -112.08 332 8 114 170 2014 7 2 16 18 6 5 197
6 76 69 40.696 -112.09 322 359 110 170 2014 7 2 16 19 6 5 197
6 76 69 40.786 -112.1 255 354 110 170 2014 7 2 16 20 9 5 197
6 76 69 40.829 -112.1 240 355 110 170 2014 7 2 16 21 6 5 197
6 76 69 40.924 -112.11 249 354 96 170 2014 7 2 16 22 16 5 197
6 76 69 40.988 -112.11 230 358 86 170 2014 7 2 16 23 16 5 197
6 76 69 40.983 -112.05 205 2 74 170 2014 7 2 16 24 6 5 197
6 76 69 40.927 -112.01 199 151 65 170 2014 7 2 16 25 16 5 197
6 76 69 40.861 -112.01 199 172 53 170 2014 7 2 16 26 6 5 197
6 76 69 40.835 -112 165 174 48 170 2014 7 2 16 27 6 5 197
6 76 69 40.818 -112 160 174 45 170 2014 7 2 16 28 6 5 197
7 76 69 32.116 -110.94 172 0 26 320 2014 7 2 18 35 16 2 77
7 76 69 32.096 -110.92 173 354 33 320 2014 7 2 18 37 6 2 77
7 76 69 32.125 -110.83 244 83 81 320 2014 7 2 18 38 6 2 77
7 76 69 32.185 -110.88 250 34 101 320 2014 7 2 18 39 6 2 77
7 76 69 32.247 -110.93 271 329 114 320 2014 7 2 18 40 16 2 77
7 76 69 32.315 -110.99 297 325 133 320 2014 7 2 18 41 10 2 77
7 76 69 32.315 -110.99 297 325 133 320 2014 7 2 18 42 6 2 77
7 76 69 32.46 -111.12 321 323 165 320 2014 7 2 18 43 16 2 77
7 76 69 32.537 -111.18 333 324 179 320 2014 7 2 18 44 16 2 60
7 76 69 32.636 -111.25 342 326 196 320 2014 7 2 18 45 6 2 60
7 76 69 32.712 -111.28 355 329 200 320 2014 7 2 18 46 6 2 60
7 76 69 32.812 -111.3 363 344 219 320 2014 7 2 18 47 6 2 60
7 76 69 32.905 -111.32 349 350 234 320 2014 7 2 18 48 6 2 60
7 76 69 33.021 -111.34 348 350 246 320 2014 7 2 18 49 6 2 60
7 76 69 33.119 -111.36 352 350 255 320 2014 7 2 18 50 6 2 60
7 76 69 33.119 -111.36 352 351 255 320 2014 7 2 18 51 6 2 60
7 76 69 33.218 -111.38 360 350 263 320 2014 7 2 18 52 6 2 90
7 76 69 33.339 -111.4 367 351 270 320 2014 7 2 18 53 6 2 90
7 76 69 33.55 -111.45 380 350 284 320 2014 7 2 18 54 15 2 107
7 76 69 33.55 -111.45 382 350 284 320 2014 7 2 18 55 6 2 107
7 76 69 33.762 -111.5 388 349 295 320 2014 7 2 18 56 16 2 107
7 76 69 33.761 -111.5 389 346 295 320 2014 7 2 18 57 6 2 107
7 76 69 33.868 -111.53 390 346 300 320 2014 7 2 18 58 6 2 106
7 76 69 33.997 -111.57 400 346 305 320 2014 7 2 18 59 6 2 106
7 76 69 34.104 -111.6 401 347 311 320 2014 7 2 19 0 6 2 89
7 76 69 34.213 -111.63 402 346 316 320 2014 7 2 19 1 6 2 89
7 76 69 34.329 -111.67 402 346 320 320 2014 7 2 19 2 6 2 89
7 76 69 34.431 -111.69 403 346 320 320 2014 7 2 19 3 6 2 89
7 76 69 34.609 -111.75 395 346 320 320 2014 7 2 19 4 6 2 101
7 76 69 34.717 -111.77 395 349 320 320 2014 7 2 19 5 16 2 101
7 76 69 34.78 -111.8 396 344 320 320 2014 7 2 19 6 6 2 101
7 76 69 34.889 -111.83 396 346 320 320 2014 7 2 19 7 6 2 101
7 76 69 35.04 -111.87 396 343 320 320 2014 7 2 19 8 6 2 101
7 76 69 35.092 -111.89 395 344 320 320 2014 7 2 19 9 6 2 101
7 76 69 35.204 -111.92 393 346 320 320 2014 7 2 19 10 6 2 101
7 76 69 35.31 -111.95 391 346 320 320 2014 7 2 19 11 6 2 101
7 76 69 35.438 -111.99 392 346 320 320 2014 7 2 19 12 6 2 46
7 76 69 35.546 -112.02 399 346 320 320 2014 7 2 19 13 6 1 46
7 76 69 35.654 -112.05 402 346 320 320 2014 7 2 19 14 6 1 46
7 76 69 35.763 -112.08 400 345 320 320 2014 7 2 19 15 6 1 46
7 76 69 35.872 -112.12 400 347 320 320 2014 7 2 19 16 17 1 46
7 76 69 35.981 -112.15 401 345 320 320 2014 7 2 19 17 6 1 46
7 76 69 36.114 -112.16 404 355 320 320 2014 7 2 19 18 16 1 46
7 76 69 36.23 -112.19 401 346 320 320 2014 7 2 19 19 16 1 46
7 76 69 36.272 -112.21 400 346 320 320 2014 7 2 19 20 6 1 46
7 76 69 36.379 -112.24 400 347 320 320 2014 7 2 19 21 6 1 46
7 76 69 36.506 -112.28 394 346 320 320 2014 7 2 19 22 16 1 48
7 76 69 36.668 -112.35 390 341 320 320 2014 7 2 19 23 16 1 48
7 76 69 36.702 -112.38 390 340 320 320 2014 7 2 19 24 6 1 48
7 76 69 36.79 -112.46 386 324 320 320 2014 7 2 19 25 6 1 48
7 76 69 36.879 -112.53 387 325 320 320 2014 7 2 19 26 6 1 48
7 76 69 36.971 -112.61 391 325 320 320 2014 7 2 19 27 6 1 48
7 76 69 37.08 -112.71 395 325 320 320 2014 7 2 19 28 6 1 48
7 76 69 37.173 -112.79 400 325 320 320 2014 7 2 19 29 6 1 48
7 76 69 37.274 -112.84 400 330 320 320 2014 7 2 19 30 6 1 48
7 76 69 37.374 -112.9 394 337 320 320 2014 7 2 19 31 6 1 48
7 76 69 37.479 -112.93 388 339 320 320 2014 7 2 19 32 6 1 48
7 76 69 37.593 -112.94 394 355 320 320 2014 7 2 19 33 15 5 202
7 76 69 37.709 -112.95 401 354 320 320 2014 7 2 19 34 6 5 205
7 76 69 37.774 -112.96 395 355 320 320 2014 7 2 19 35 6 5 205
7 76 69 37.885 -112.97 395 356 320 320 2014 7 2 19 36 6 5 205
7 76 69 37.995 -112.98 395 355 320 320 2014 7 2 19 37 7 5 205
7 76 69 38.062 -112.98 398 355 320 320 2014 7 2 19 38 6 5 205
7 76 69 38.173 -112.99 398 355 320 320 2014 7 2 19 39 6 5 205
7 76 69 38.284 -113.01 398 3 320 320 2014 7 2 19 40 6 5 205
7 76 69 38.394 -113 398 355 320 320 2014 7 2 19 41 6 5 205
7 76 69 38.601 -112.89 398 13 320 320 2014 7 2 19 42 16 5 205
7 76 69 38.601 -112.89 398 13 320 150 2014 7 2 19 43 6 5 205
7 76 69 38.724 -112.82 399 20 320 150 2014 7 2 19 44 6 5 205
7 76 69 38.828 -112.76 400 22 320 150 2014 7 2 19 45 6 5 205
7 76 69 38.93 -112.71 397 23 320 150 2014 7 2 19 46 6 5 205
7 76 69 39.032 -112.65 398 20 320 150 2014 7 2 19 47 6 5 205
7 76 69 39.134 -112.6 397 22 320 150 2014 7 2 19 48 6 5 205
7 76 69 39.25 -112.54 404 22 295 150 2014 7 2 19 49 6 5 215
7 76 69 39.355 -112.47 413 20 267 150 2014 7 2 19 50 6 5 215
7 76 69 39.459 -112.41 409 23 240 150 2014 7 2 19 51 6 5 215
7 76 69 39.559 -112.36 394 20 216 150 2014 7 2 19 52 16 5 215
7 76 69 39.671 -112.29 367 23 190 150 2014 7 2 19 53 6 5 215
7 76 69 39.758 -112.24 350 20 171 150 2014 7 2 19 54 6 5 215
7 76 69 39.842 -112.2 332 24 158 150 2014 7 2 19 55 6 5 215
7 76 69 39.942 -112.15 326 23 150 150 2014 7 2 19 56 6 5 215
7 76 69 40.019 -112.1 328 23 150 150 2014 7 2 19 57 15 5 215
7 76 69 40.1 -112.05 326 25 140 150 2014 7 2 19 58 6 5 215
7 76 69 40.196 -112 346 14 129 150 2014 7 2 19 59 16 5 197
7 76 69 40.288 -111.97 345 15 116 150 2014 7 2 20 0 6 5 197
7 76 69 40.383 -111.97 345 0 116 150 2014 7 2 20 1 7 5 197
7 76 69 40.466 -111.93 294 6 100 150 2014 7 2 20 2 16 5 197
7 76 69 40.541 -111.94 288 352 90 150 2014 7 2 20 3 6 5 197
7 76 69 40.615 -111.95 272 356 74 150 2014 7 2 20 4 6 5 197
7 76 69 40.69 -111.96 272 354 74 150 2014 7 2 20 5 6 5 197
7 76 69 40.681 -111.95 232 354 61 150 2014 7 2 20 6 6 5 197
7 76 69 40.739 -111.96 172 352 50 150 2014 7 2 20 7 6 5 197
7 76 69 40.783 -111.96 160 354 43 150 2014 7 2 20 8 16 5 197
8 76 69 32.116 -110.94 172 0 26 320 2014 7 3 23 43 6 2 77
8 76 69 32.158 -110.97 172 331 26 320 2014 7 3 23 44 6 2 77
8 76 69 32.281 -111.03 271 332 81 320 2014 7 3 23 45 6 2 77
8 76 69 32.32 -111.06 261 336 91 320 2014 7 3 23 46 6 2 77
8 76 69 32.387 -111.12 286 324 110 320 2014 7 3 23 47 6 2 77
8 76 69 32.457 -111.17 301 325 120 320 2014 7 3 23 48 6 2 77
8 76 69 32.536 -111.24 331 325 134 320 2014 7 3 23 49 6 2 77
8 76 69 32.614 -111.3 338 325 153 320 2014 7 3 23 50 6 2 60
8 76 69 32.692 -111.36 338 326 169 320 2014 7 3 23 51 6 2 60
8 76 69 32.787 -111.44 340 325 188 320 2014 7 3 23 52 6 2 60
8 76 69 32.869 -111.51 347 326 200 320 2014 7 3 23 53 6 2 60
8 76 69 32.951 -111.57 353 325 214 320 2014 7 3 23 54 6 2 60
8 76 69 33.034 -111.64 357 325 224 320 2014 7 3 23 55 6 2 60
8 76 69 33.119 -111.71 365 325 233 320 2014 7 3 23 56 7 2 60
8 76 69 33.205 -111.78 371 325 243 320 2014 7 3 23 57 6 2 60
8 76 69 33.301 -111.86 374 325 251 320 2014 7 3 23 58 6 2 63
8 76 69 33.398 -111.9 376 335 257 320 2014 7 3 23 59 6 2 63
8 76 69 33.491 -111.94 385 339 265 320 2014 7 4 0 0 6 2 90
8 76 69 33.623 -112 387 340 274 320 2014 7 4 0 1 9 2 108
8 76 69 33.727 -112.04 396 340 279 320 2014 7 4 0 2 6 2 108
8 76 69 33.804 -112.08 400 340 283 320 2014 7 4 0 3 6 2 108
8 76 69 33.938 -112.14 407 339 289 320 2014 7 4 0 4 6 2 108
8 76 69 34.012 -112.19 406 337 294 320 2014 7 4 0 5 6 2 108
8 76 69 34.111 -112.27 411 329 300 320 2014 7 4 0 6 6 2 89
8 76 69 34.209 -112.34 411 328 305 320 2014 7 4 0 7 6 2 89
8 76 69 34.308 -112.41 413 328 310 320 2014 7 4 0 8 6 2 89
8 76 69 34.406 -112.48 413 328 313 320 2014 7 4 0 9 6 2 89
8 76 69 34.453 -112.52 411 328 315 320 2014 7 4 0 10 6 2 89
8 76 69 34.555 -112.59 415 328 318 320 2014 7 4 0 11 6 2 89
8 76 69 34.735 -112.66 419 338 320 320 2014 7 4 0 12 6 2 89
8 76 69 34.846 -112.64 429 356 320 320 2014 7 4 0 13 6 2 89
8 76 69 34.966 -112.63 430 6 320 320 2014 7 4 0 14 8 2 89
8 76 69 35.117 -112.61 433 6 320 320 2014 7 4 0 15 7 2 89
8 76 69 35.236 -112.59 433 3 320 320 2014 7 4 0 16 6 2 89
8 76 69 35.351 -112.58 432 7 320 320 2014 7 4 0 17 6 2 89
8 76 69 35.471 -112.57 432 6 320 320 2014 7 4 0 18 6 1 46
8 76 69 35.546 -112.56 434 5 320 320 2014 7 4 0 19 6 1 46
8 76 69 35.667 -112.54 436 5 320 320 2014 7 4 0 20 6 1 46
8 76 69 35.788 -112.53 436 4 320 320 2014 7 4 0 21 6 1 46
8 76 69 35.979 -112.51 435 5 320 320 2014 7 4 0 22 6 1 46
8 76 69 36.05 -112.5 429 5 320 320 2014 7 4 0 23 6 1 46
8 76 69 36.169 -112.49 429 5 320 320 2014 7 4 0 24 6 1 46
8 76 69 36.287 -112.47 429 4 320 320 2014 7 4 0 25 6 1 46
8 76 69 36.404 -112.46 426 5 320 320 2014 7 4 0 26 6 1 48
8 76 69 36.522 -112.44 426 5 320 320 2014 7 4 0 27 6 1 48
8 76 69 36.639 -112.43 426 5 320 320 2014 7 4 0 28 6 1 48
8 76 69 36.781 -112.41 426 5 320 320 2014 7 4 0 29 6 1 48
8 76 69 36.898 -112.4 425 5 320 320 2014 7 4 0 30 6 1 48
8 76 69 37.014 -112.39 424 5 320 320 2014 7 4 0 31 6 1 48
8 76 69 37.061 -112.38 425 5 320 320 2014 7 4 0 32 6 1 48
8 76 69 37.248 -112.36 424 5 320 320 2014 7 4 0 33 6 1 48
8 76 69 37.318 -112.35 425 6 320 320 2014 7 4 0 34 6 1 48
8 76 69 37.434 -112.33 425 5 320 320 2014 7 4 0 35 6 1 48
8 76 69 37.549 -112.32 424 5 320 320 2014 7 4 0 36 6 5 202
8 76 69 37.665 -112.31 424 5 320 320 2014 7 4 0 37 6 5 202
8 76 69 37.781 -112.29 424 5 320 320 2014 7 4 0 38 6 5 202
8 76 69 37.919 -112.27 423 5 320 320 2014 7 4 0 39 6 5 202
8 76 69 38.034 -112.26 419 6 320 320 2014 7 4 0 40 6 5 202
8 76 69 38.15 -112.24 419 5 320 320 2014 7 4 0 41 7 5 202
8 76 69 38.264 -112.22 417 6 320 320 2014 7 4 0 42 6 5 205
8 76 69 38.38 -112.21 418 6 320 320 2014 7 4 0 43 6 5 205
8 76 69 38.495 -112.19 417 5 320 320 2014 7 4 0 44 6 5 205
8 76 69 38.632 -112.17 416 6 320 320 2014 7 4 0 45 6 5 205
8 76 69 38.746 -112.16 416 6 320 150 2014 7 4 0 46 6 5 205
8 76 69 38.861 -112.14 415 6 314 150 2014 7 4 0 47 6 5 205
8 76 69 38.976 -112.13 415 3 314 150 2014 7 4 0 48 6 5 205
8 76 69 38.98 -112.13 427 5 283 150 2014 7 4 0 49 6 5 205
8 76 69 39.088 -112.11 398 5 267 150 2014 7 4 0 50 6 5 205
8 76 69 39.322 -112.08 379 6 229 150 2014 7 4 0 51 6 5 215
8 76 69 39.426 -112.07 379 3 229 150 2014 7 4 0 52 6 5 215
8 76 69 39.421 -112.06 361 5 212 150 2014 7 4 0 53 6 5 215
8 76 69 39.602 -112.04 326 6 178 150 2014 7 4 0 54 6 5 215
8 76 69 39.692 -112.03 326 2 178 150 2014 7 4 0 55 6 5 215
8 76 69 39.69 -112.03 320 5 162 150 2014 7 4 0 56 6 5 215
8 76 69 39.844 -112.01 316 6 150 150 2014 7 4 0 57 6 5 215
8 76 69 39.947 -112 321 6 150 150 2014 7 4 0 58 15 5 215
8 76 69 40.046 -111.99 331 5 136 150 2014 7 4 0 59 6 5 215
8 76 69 40.065 -111.97 328 6 132 150 2014 7 4 1 0 6 5 215
8 76 69 40.153 -111.96 321 6 117 150 2014 7 4 1 1 7 5 197
8 76 69 40.24 -111.95 316 7 110 150 2014 7 4 1 2 16 5 197
8 76 69 40.327 -111.94 315 6 110 150 2014 7 4 1 3 6 5 197
8 76 69 40.409 -111.93 283 3 110 150 2014 7 4 1 4 6 5 197
8 76 69 40.492 -111.94 255 355 104 150 2014 7 4 1 5 6 5 197
8 76 69 40.563 -111.95 256 356 91 150 2014 7 4 1 6 6 5 197
8 76 69 40.634 -111.96 255 355 74 150 2014 7 4 1 7 6 5 197
8 76 69 40.694 -111.97 215 355 63 150 2014 7 4 1 8 6 5 197
8 76 69 40.744 -111.97 182 355 49 150 2014 7 4 1 9 6 5 197
8 76 69 40.785 -111.97 156 356 42 150 2014 7 4 1 10 13 5 197
9 76 69 32.101 -110.92 172 0 33 320 2014 7 3 14 44 6 2 77
9 76 69 32.076 -110.85 219 348 55 320 2014 7 3 14 45 6 2 77
9 76 69 32.13 -110.85 253 72 74 320 2014 7 3 14 46 14 2 77
9 76 69 32.192 -110.91 291 323 94 320 2014 7 3 14 47 6 2 77
9 76 69 32.293 -110.99 305 325 122 320 2014 7 3 14 48 6 2 77
9 76 69 32.382 -111.07 325 324 141 320 2014 7 3 14 49 6 2 77
9 76 69 32.398 -111.08 328 323 145 320 2014 7 3 14 50 6 2 77
9 76 69 32.494 -111.16 347 324 163 320 2014 7 3 14 51 6 2 77
9 76 69 32.575 -111.23 356 324 177 320 2014 7 3 14 52 9 2 60
9 76 69 32.659 -111.3 362 324 192 320 2014 7 3 14 53 6 2 60
9 76 69 32.741 -111.37 362 324 204 320 2014 7 3 14 54 6 2 60
9 76 69 32.825 -111.44 368 324 215 320 2014 7 3 14 55 6 2 60
9 76 69 32.909 -111.51 372 324 224 320 2014 7 3 14 56 6 2 60
9 76 69 33.011 -111.6 376 324 237 320 2014 7 3 14 57 6 2 60
9 76 69 33.096 -111.67 376 324 244 320 2014 7 3 14 58 6 2 60
9 76 69 33.184 -111.75 390 324 250 320 2014 7 3 14 59 6 2 60
9 76 69 33.273 -111.83 393 324 257 320 2014 7 3 15 0 6 2 60
9 76 69 33.363 -111.91 394 324 266 320 2014 7 3 15 1 7 2 90
9 76 69 33.46 -111.97 403 325 272 320 2014 7 3 15 2 6 2 90
9 76 69 33.574 -111.98 394 352 277 320 2014 7 3 15 3 6 2 90
9 76 69 33.712 -111.99 415 356 282 320 2014 7 3 15 4 6 2 108
9 76 69 33.79 -112 414 356 285 320 2014 7 3 15 5 6 2 108
9 76 69 33.907 -112 419 356 290 320 2014 7 3 15 6 9 2 108
9 76 69 34.025 -112.01 421 356 295 320 2014 7 3 15 7 6 2 108
9 76 69 34.153 -112.02 423 356 300 320 2014 7 3 15 8 6 2 89
9 76 69 34.271 -112.03 424 356 306 320 2014 7 3 15 9 6 2 89
9 76 69 34.388 -112.04 423 356 311 320 2014 7 3 15 10 6 2 89
9 76 69 34.505 -112.05 423 357 315 320 2014 7 3 15 11 6 2 89
9 76 69 34.622 -112.06 422 353 320 320 2014 7 3 15 12 6 2 89
9 76 69 34.765 -112.07 425 353 320 320 2014 7 3 15 13 6 2 101
9 76 69 34.886 -112.08 437 356 320 320 2014 7 3 15 14 6 2 101
9 76 69 35.018 -112.09 437 355 320 320 2014 7 3 15 15 6 2 101
9 76 69 35.131 -112.1 440 356 320 320 2014 7 3 15 16 6 2 101
9 76 69 35.254 -112.11 442 176 320 320 2014 7 3 15 17 6 2 101
9 76 69 35.388 -112.12 441 356 320 320 2014 7 3 15 18 6 2 101
9 76 69 35.523 -112.13 442 356 320 320 2014 7 3 15 19 6 1 46
9 76 69 35.573 -112.13 441 355 320 320 2014 7 3 15 20 6 1 46
9 76 69 35.767 -112.15 442 356 320 320 2014 7 3 15 21 6 1 46
9 76 69 35.818 -112.15 442 355 320 320 2014 7 3 15 22 6 1 46
9 76 69 35.964 -112.16 442 355 320 320 2014 7 3 15 23 6 1 46
9 76 69 36.086 -112.17 442 356 320 320 2014 7 3 15 24 6 1 46
9 76 69 36.15 -112.18 442 356 320 320 2014 7 3 15 25 6 1 46
9 76 69 36.297 -112.19 442 356 320 320 2014 7 3 15 26 6 1 46
9 76 69 36.421 -112.2 443 356 320 320 2014 7 3 15 27 6 1 48
9 76 69 36.545 -112.21 444 356 320 320 2014 7 3 15 28 6 1 48
9 76 69 36.667 -112.22 444 356 320 320 2014 7 3 15 29 6 1 48
9 76 69 36.791 -112.23 444 355 320 320 2014 7 3 15 30 6 1 48
9 76 69 36.94 -112.24 445 356 320 320 2014 7 3 15 31 6 1 48
9 76 69 37.065 -112.25 446 356 320 320 2014 7 3 15 32 6 1 48
9 76 69 37.188 -112.26 446 356 320 320 2014 7 3 15 33 6 1 48
9 76 69 37.308 -112.27 440 355 320 320 2014 7 3 15 34 6 1 48
9 76 69 37.428 -112.28 437 356 320 320 2014 7 3 15 35 6 1 48
9 76 69 37.569 -112.29 432 356 320 320 2014 7 3 15 36 6 5 202
9 76 69 37.686 -112.3 431 356 320 320 2014 7 3 15 37 6 5 202
9 76 69 37.802 -112.32 426 354 320 320 2014 7 3 15 38 6 5 202
9 76 69 37.917 -112.33 423 354 320 320 2014 7 3 15 39 8 5 202
9 76 69 38.031 -112.34 417 354 320 320 2014 7 3 15 40 6 5 202
9 76 69 38.169 -112.36 417 354 320 320 2014 7 3 15 41 6 5 205
9 76 69 38.284 -112.38 417 354 320 320 2014 7 3 15 42 6 5 205
9 76 69 38.4 -112.39 418 358 320 320 2014 7 3 15 43 6 5 205
9 76 69 38.516 -112.41 419 354 320 320 2014 7 3 15 44 6 5 205
9 76 69 38.631 -112.39 419 8 320 320 2014 7 3 15 45 6 5 205
9 76 69 38.753 -112.42 428 354 320 320 2014 7 3 15 46 6 5 205
9 76 69 38.895 -112.4 431 357 320 320 2014 7 3 15 47 6 5 205
9 76 69 39.014 -112.39 431 5 320 170 2014 7 3 15 48 6 5 205
9 76 69 39.135 -112.37 432 5 320 170 2014 7 3 15 49 16 5 205
9 76 69 39.135 -112.37 432 5 320 170 2014 7 3 15 50 10 5 205
9 76 69 39.264 -112.36 435 5 320 170 2014 7 3 15 51 6 5 215
9 76 69 39.384 -112.34 435 5 320 170 2014 7 3 15 52 16 5 215
9 76 69 39.505 -112.33 436 5 314 170 2014 7 3 15 53 6 5 215
9 76 69 39.626 -112.31 437 5 281 170 2014 7 3 15 54 6 5 215
9 76 69 39.748 -112.3 437 5 249 170 2014 7 3 15 55 6 5 215
9 76 69 39.945 -112.28 418 5 195 170 2014 7 3 15 56 6 5 215
9 76 69 40.056 -112.27 400 5 170 170 2014 7 3 15 57 6 5 215
9 76 69 40.146 -112.23 356 11 160 170 2014 7 3 15 58 6 5 215
9 76 69 40.229 -112.2 359 14 146 170 2014 7 3 15 59 6 5 197
9 76 69 40.325 -112.17 326 14 130 170 2014 7 3 16 0 6 5 197
9 76 69 40.412 -112.14 319 14 130 170 2014 7 3 16 1 6 5 197
9 76 69 40.498 -112.11 325 15 130 170 2014 7 3 16 2 6 5 197
9 76 69 40.582 -112.09 256 13 125 170 2014 7 3 16 3 6 5 197
9 76 69 40.657 -112.08 262 3 112 170 2014 7 3 16 4 6 5 197
9 76 69 40.723 -112.09 229 354 110 170 2014 7 3 16 5 6 5 197
9 76 69 40.771 -112.09 243 354 110 170 2014 7 3 16 6 6 5 197
9 76 69 40.861 -112.11 245 354 103 170 2014 7 3 16 7 6 5 197
9 76 69 40.928 -112.11 241 355 87 170 2014 7 3 16 8 6 5 197
9 76 69 40.964 -112.06 215 32 71 170 2014 7 3 16 9 6 5 197
9 76 69 40.933 -112.02 179 127 64 170 2014 7 3 16 10 6 5 197
9 76 69 40.884 -112.01 165 169 56 170 2014 7 3 16 11 7 5 197
9 76 69 40.846 -112 153 175 49 170 2014 7 3 16 12 6 5 197
9 76 69 40.808 -112 138 173 43 170 2014 7 3 16 13 6 5 197
10 76 69 32.081 -110.9 191 0 41 320 2014 7 3 18 33 6 2 77
10 76 69 32.053 -110.83 222 133 61 320 2014 7 3 18 34 7 2 77
10 76 69 32.111 -110.83 246 65 80 320 2014 7 3 18 35 6 2 77
10 76 69 32.174 -110.88 266 2 91 320 2014 7 3 18 36 6 2 77
10 76 69 32.241 -110.94 297 325 111 320 2014 7 3 18 37 6 2 77
10 76 69 32.313 -111 313 324 125 320 2014 7 3 18 38 6 2 77
10 76 69 32.391 -111.07 337 324 140 320 2014 7 3 18 39 6 2 77
10 76 69 32.47 -111.13 348 324 157 320 2014 7 3 18 40 6 2 77
10 76 69 32.55 -111.2 348 324 169 320 2014 7 3 18 41 6 2 60
10 76 69 32.666 -111.3 361 324 187 320 2014 7 3 18 42 6 2 60
10 76 69 32.732 -111.36 362 324 197 320 2014 7 3 18 43 6 2 60
10 76 69 32.816 -111.43 369 324 207 320 2014 7 3 18 44 6 2 60
10 76 69 32.901 -111.5 374 324 219 320 2014 7 3 18 45 6 2 60
10 76 69 32.935 -111.53 373 323 222 320 2014 7 3 18 46 6 2 60
10 76 69 33.039 -111.55 374 340 237 320 2014 7 3 18 47 6 2 60
10 76 69 33.142 -111.57 374 352 245 320 2014 7 3 18 48 6 2 60
10 76 69 33.245 -111.58 374 352 255 320 2014 7 3 18 49 6 2 60
10 76 69 33.374 -111.6 383 352 262 320 2014 7 3 18 50 6 2 107
10 76 69 33.484 -111.62 394 352 267 320 2014 7 3 18 51 6 2 107
10 76 69 33.597 -111.64 404 352 272 320 2014 7 3 18 52 6 2 107
10 76 69 33.711 -111.65 409 353 277 320 2014 7 3 18 53 6 2 107
10 76 69 33.825 -111.67 414 352 284 320 2014 7 3 18 54 6 2 61
10 76 69 33.96 -111.69 414 352 291 320 2014 7 3 18 55 6 2 61
10 76 69 34.039 -111.71 416 353 295 320 2014 7 3 18 56 6 2 61
10 76 69 34.193 -111.73 420 352 301 320 2014 7 3 18 57 6 2 89
10 76 69 34.308 -111.75 419 351 308 320 2014 7 3 18 58 6 2 89
10 76 69 34.438 -111.77 416 352 316 320 2014 7 3 18 59 6 2 89
10 76 69 34.55 -111.79 410 352 320 320 2014 7 3 19 0 6 2 89
10 76 69 34.668 -111.81 410 352 320 320 2014 7 3 19 1 7 2 101
10 76 69 34.807 -111.82 418 348 320 320 2014 7 3 19 2 6 2 101
10 76 69 34.898 -111.84 428 353 320 320 2014 7 3 19 3 6 2 101
10 76 69 35.02 -111.86 435 352 320 320 2014 7 3 19 4 6 2 101
10 76 69 35.12 -111.88 433 355 320 320 2014 7 3 19 5 6 2 101
10 76 69 35.282 -111.9 430 349 320 320 2014 7 3 19 6 6 2 101
10 76 69 35.404 -111.92 432 352 320 320 2014 7 3 19 7 6 2 101
10 76 69 35.474 -111.94 432 352 320 320 2014 7 3 19 8 6 2 101
10 76 69 35.593 -111.95 432 353 320 320 2014 7 3 19 9 6 1 46
10 76 69 35.735 -111.98 432 352 320 320 2014 7 3 19 10 6 1 46
10 76 69 35.854 -111.99 432 355 320 320 2014 7 3 19 11 6 1 46
10 76 69 35.97 -112.01 432 351 320 320 2014 7 3 19 12 6 1 46
10 76 69 36.093 -112.03 432 351 320 320 2014 7 3 19 13 6 1 46
10 76 69 36.211 -112.05 432 352 320 320 2014 7 3 19 14 8 1 46
10 76 69 36.26 -112.06 431 352 320 320 2014 7 3 19 15 6 1 46
10 76 69 36.404 -112.09 432 352 320 320 2014 7 3 19 16 6 1 46
10 76 69 36.523 -112.1 432 352 320 320 2014 7 3 19 17 6 1 48
10 76 69 36.641 -112.12 431 351 320 320 2014 7 3 19 18 6 1 48
10 76 69 36.759 -112.15 431 352 320 320 2014 7 3 19 19 6 1 48
10 76 69 36.879 -112.16 431 352 320 320 2014 7 3 19 20 6 1 48
10 76 69 36.999 -112.18 431 352 320 320 2014 7 3 19 21 6 1 48
10 76 69 37.141 -112.21 432 352 320 320 2014 7 3 19 22 6 1 48
10 76 69 37.261 -112.23 432 352 320 320 2014 7 3 19 23 6 1 48
10 76 69 37.38 -112.25 434 352 320 320 2014 7 3 19 24 6 1 48
10 76 69 37.5 -112.27 434 352 320 320 2014 7 3 19 25 6 1 48
10 76 69 37.644 -112.29 435 352 320 320 2014 7 3 19 26 6 5 202
10 76 69 37.764 -112.31 435 353 320 320 2014 7 3 19 27 6 5 202
10 76 69 37.885 -112.33 436 354 320 320 2014 7 3 19 28 9 5 202
10 76 69 37.885 -112.33 436 354 320 320 2014 7 3 19 29 6 5 202
10 76 69 38.15 -112.36 436 354 320 320 2014 7 3 19 30 6 5 205
10 76 69 38.271 -112.38 437 354 320 320 2014 7 3 19 31 6 5 205
10 76 69 38.392 -112.39 437 354 320 320 2014 7 3 19 32 6 5 205
10 76 69 38.513 -112.41 438 354 320 320 2014 7 3 19 33 6 5 205
10 76 69 38.633 -112.38 438 8 320 280 2014 7 3 19 34 6 5 205
10 76 69 38.635 -112.42 438 358 320 280 2014 7 3 19 35 6 5 205
10 76 69 38.781 -112.44 440 354 320 280 2014 7 3 19 36 6 5 205
10 76 69 38.902 -112.45 440 354 320 280 2014 7 3 19 37 6 5 205
10 76 69 39.025 -112.43 446 334 320 280 2014 7 3 19 38 6 5 205
10 76 69 39.148 -112.41 446 1 320 280 2014 7 3 19 39 6 5 205
10 76 69 39.268 -112.39 447 7 320 280 2014 7 3 19 40 6 5 215
10 76 69 39.416 -112.37 447 7 320 230 2014 7 3 19 41 6 5 215
10 76 69 39.545 -112.34 469 7 297 230 2014 7 3 19 42 6 5 215
10 76 69 39.679 -112.32 481 7 261 230 2014 7 3 19 43 6 5 215
10 76 69 39.81 -112.3 478 7 228 230 2014 7 3 19 44 10 5 215
10 76 69 39.927 -112.29 454 7 196 230 2014 7 3 19 45 6 5 215
10 76 69 40.05 -112.26 416 3 170 230 2014 7 3 19 46 6 5 215
10 76 69 40.168 -112.22 364 15 164 230 2014 7 3 19 47 6 5 215
10 76 69 40.271 -112.19 396 16 145 230 2014 7 3 19 48 6 5 197
10 76 69 40.392 -112.15 392 14 130 230 2014 7 3 19 49 6 5 197
10 76 69 40.597 -112.06 392 18 130 230 2014 7 3 19 51 6 5 197
10 76 69 40.597 -112.06 392 18 130 230 2014 7 3 19 51 6 5 197
10 76 69 40.782 -112.09 287 9 109 230 2014 7 3 19 53 6 5 197
10 76 69 40.855 -112.1 264 355 97 230 2014 7 3 19 54 6 5 197
10 76 69 40.902 -112.1 227 2 89 230 2014 7 3 19 55 6 5 197
10 76 69 40.926 -112.02 215 79 65 230 2014 7 3 19 56 6 5 197
10 76 69 40.876 -112.01 193 164 54 230 2014 7 3 19 57 6 5 197
10 76 69 40.831 -112 127 173 47 230 2014 7 3 19 59 6 5 197
11 76 69 32.098 -110.92 183 0 33 320 2014 7 4 14 40 6 2 77
11 76 69 32.071 -110.86 219 125 320 320 2014 7 4 14 41 16 2 90
11 76 69 32.079 -110.85 229 117 58 320 2014 7 4 14 42 6 2 77
11 76 69 32.202 -110.91 284 7 88 320 2014 7 4 14 43 16 2 77
11 76 69 32.27 -110.96 294 332 108 320 2014 7 4 14 44 15 2 77
11 76 69 32.342 -111.02 311 324 127 320 2014 7 4 14 45 15 2 77
11 76 69 32.371 -111.05 317 324 131 320 2014 7 4 14 46 6 2 77
11 76 69 32.446 -111.11 329 324 145 320 2014 7 4 14 47 16 2 77
11 76 69 32.526 -111.18 346 324 157 320 2014 7 4 14 48 15 2 77
11 76 69 32.61 -111.25 361 324 170 320 2014 7 4 14 49 6 2 60
11 76 69 32.76 -111.38 369 323 194 320 2014 7 4 14 50 16 2 60
11 76 69 32.776 -111.4 370 324 195 320 2014 7 4 14 51 6 2 60
11 76 69 32.861 -111.47 369 323 200 320 2014 7 4 14 52 6 2 60
11 76 69 32.946 -111.54 376 323 206 320 2014 7 4 14 53 6 2 60
11 76 69 33.05 -111.63 381 323 211 320 2014 7 4 14 54 15 2 60
11 76 69 33.138 -111.71 383 324 215 320 2014 7 4 14 55 15 2 60
11 76 69 33.225 -111.79 387 323 218 320 2014 7 4 14 56 6 2 60
11 76 69 33.305 -111.86 390 323 223 320 2014 7 4 14 57 6 2 63
11 76 69 33.394 -111.93 393 324 229 320 2014 7 4 14 58 16 2 63
11 76 69 33.522 -111.97 403 332 239 320 2014 7 4 14 59 6 2 63
11 76 69 33.634 -111.98 405 356 248 320 2014 7 4 15 0 15 2 108
11 76 69 33.746 -111.99 406 356 253 320 2014 7 4 15 1 6 2 108
11 76 69 33.862 -112 414 356 257 320 2014 7 4 15 2 15 2 108
11 76 69 33.976 -112.01 414 355 262 320 2014 7 4 15 3 6 2 108
11 76 69 34.096 -112.02 414 356 268 320 2014 7 4 15 4 15 2 108
11 76 69 34.212 -112.03 415 356 274 320 2014 7 4 15 5 6 2 108
11 76 69 34.33 -112.04 421 356 278 320 2014 7 4 15 6 6 2 61
11 76 69 34.447 -112.05 421 356 283 320 2014 7 4 15 7 16 2 61
11 76 69 34.537 -112.05 423 355 286 320 2014 7 4 15 8 6 2 61
11 76 69 34.706 -112.07 424 356 294 320 2014 7 4 15 9 15 2 61
11 76 69 34.823 -112.08 424 356 299 320 2014 7 4 15 10 15 2 61
11 76 69 34.975 -112.08 427 356 305 320 2014 7 4 15 11 15 2 101
11 76 69 35.036 -112.09 424 0 308 320 2014 7 4 15 12 18 2 101
11 76 69 35.154 -112.1 424 354 313 320 2014 7 4 15 13 6 2 101
11 76 69 35.294 -112.11 425 356 319 320 2014 7 4 15 14 15 2 101
11 76 69 35.389 -112.12 424 359 320 320 2014 7 4 15 15 6 2 101
11 76 69 35.507 -112.13 425 357 320 320 2014 7 4 15 16 6 1 46
11 76 69 35.63 -112.14 436 357 320 320 2014 7 4 15 17 6 1 46
11 76 69 35.719 -112.14 440 355 320 320 2014 7 4 15 18 6 1 46
11 76 69 35.908 -112.16 453 357 320 320 2014 7 4 15 19 15 1 46
11 76 69 35.974 -112.16 454 355 320 320 2014 7 4 15 20 6 1 46
11 76 69 36.101 -112.17 456 355 320 320 2014 7 4 15 21 15 1 46
11 76 69 36.251 -112.18 456 356 320 320 2014 7 4 15 22 16 1 46
11 76 69 36.377 -112.19 456 356 320 320 2014 7 4 15 23 6 1 46
11 76 69 36.501 -112.2 455 356 320 320 2014 7 4 15 24 6 1 48
11 76 69 36.625 -112.21 451 356 320 320 2014 7 4 15 25 15 1 48
11 76 69 36.749 -112.22 450 356 320 320 2014 7 4 15 26 6 1 48
11 76 69 36.872 -112.23 450 355 320 320 2014 7 4 15 27 15 1 48
11 76 69 37.021 -112.25 449 356 320 320 2014 7 4 15 28 6 1 48
11 76 69 37.146 -112.26 449 355 320 320 2014 7 4 15 29 16 1 48
11 76 69 37.272 -112.27 451 356 320 320 2014 7 4 15 30 6 1 48
11 76 69 37.398 -112.28 452 356 320 320 2014 7 4 15 31 6 1 48
11 76 69 37.523 -112.29 453 356 320 320 2014 7 4 15 32 6 5 202
11 76 69 37.624 -112.3 455 356 320 320 2014 7 4 15 33 6 5 202
11 76 69 37.799 -112.32 453 355 320 320 2014 7 4 15 34 16 5 202
11 76 69 37.923 -112.33 453 354 320 300 2014 7 4 15 35 15 5 202
11 76 69 38.047 -112.35 452 354 316 300 2014 7 4 15 36 6 5 202
11 76 69 38.172 -112.33 452 5 316 300 2014 7 4 15 37 6 5 205
11 76 69 38.328 -112.38 460 354 307 300 2014 7 4 15 38 16 5 205
11 76 69 38.328 -112.38 460 354 307 300 2014 7 4 15 39 6 5 205
11 76 69 38.454 -112.4 459 354 303 300 2014 7 4 15 40 15 5 205
11 76 69 38.581 -112.42 460 354 300 300 2014 7 4 15 41 6 5 205
11 76 69 38.706 -112.43 456 354 300 300 2014 7 4 15 42 6 5 205
11 76 69 38.829 -112.45 447 359 300 300 2014 7 4 15 43 6 5 205
11 76 69 38.953 -112.46 447 354 300 170 2014 7 4 15 44 15 5 205
11 76 69 39.104 -112.46 456 354 300 170 2014 7 4 15 45 6 5 205
11 76 69 39.229 -112.43 459 2 300 170 2014 7 4 15 46 16 5 215
11 76 69 39.363 -112.4 459 7 300 170 2014 7 4 15 47 16 5 215
11 76 69 39.491 -112.38 460 9 300 170 2014 7 4 15 48 6 5 215
11 76 69 39.614 -112.35 456 8 277 170 2014 7 4 15 49 16 5 215
11 76 69 39.737 -112.32 448 9 246 170 2014 7 4 15 50 6 5 215
11 76 69 39.891 -112.3 426 8 206 170 2014 7 4 15 51 6 5 215
11 76 69 40.019 -112.28 404 8 173 170 2014 7 4 15 52 16 5 215
11 76 69 40.118 -112.24 355 11 163 170 2014 7 4 15 53 6 5 215
11 76 69 40.223 -112.21 360 14 146 170 2014 7 4 15 54 15 5 197
11 76 69 40.331 -112.17 350 14 139 170 2014 7 4 15 55 6 5 197
11 76 69 40.426 -112.13 349 14 131 170 2014 7 4 15 56 15 5 197
11 76 69 40.474 -112.11 350 15 131 170 2014 7 4 15 57 6 5 197
11 76 69 40.568 -112.08 349 14 121 170 2014 7 4 15 58 6 5 197
11 76 69 40.679 -112.08 332 9 110 170 2014 7 4 15 59 16 5 197
11 76 69 40.767 -112.09 275 355 110 170 2014 7 4 16 0 6 5 197
11 76 69 40.833 -112.1 216 354 109 170 2014 7 4 16 1 15 5 197
11 76 69 40.903 -112.11 232 355 92 170 2014 7 4 16 2 15 5 197
11 76 69 40.953 -112.09 232 355 79 170 2014 7 4 16 3 6 5 197
11 76 69 40.956 -112.08 233 10 78 170 2014 7 4 16 4 6 5 197
11 76 69 40.908 -112.01 168 171 60 170 2014 7 4 16 5 15 5 197
11 76 69 40.908 -112.01 168 171 60 170 2014 7 4 16 6 6 5 197
11 76 69 40.821 -112 141 175 46 170 2014 7 4 16 7 6 5 197
11 76 69 40.786 -112 136 174 43 170 2014 7 4 16 8 6 5 197
12 76 69 32.091 -110.91 190 133 320 320 2014 7 4 18 36 16 2 90
12 76 69 32.054 -110.85 229 133 57 320 2014 7 4 18 37 16 2 77
12 76 69 32.102 -110.81 287 96 74 320 2014 7 4 18 38 6 2 77
12 76 69 32.167 -110.86 278 347 90 320 2014 7 4 18 39 16 2 77
12 76 69 32.197 -110.89 302 328 98 320 2014 7 4 18 40 15 2 77
12 76 69 32.261 -110.94 302 320 110 320 2014 7 4 18 41 6 2 77
12 76 69 32.337 -111.01 325 325 125 320 2014 7 4 18 42 16 2 77
12 76 69 32.428 -111.09 336 323 146 320 2014 7 4 18 43 15 2 77
12 76 69 32.506 -111.15 340 323 161 320 2014 7 4 18 44 6 2 77
12 76 69 32.585 -111.22 349 323 174 320 2014 7 4 18 45 6 2 60
12 76 69 32.667 -111.29 357 324 186 320 2014 7 4 18 46 6 2 60
12 76 69 32.748 -111.37 360 324 196 320 2014 7 4 18 47 16 2 60
12 76 69 32.832 -111.44 369 323 206 320 2014 7 4 18 48 6 2 60
12 76 69 32.934 -111.53 372 323 214 320 2014 7 4 18 49 6 2 60
12 76 69 33.019 -111.6 378 323 222 320 2014 7 4 18 50 6 2 60
12 76 69 33.107 -111.68 390 323 230 320 2014 7 4 18 51 16 2 60
12 76 69 33.194 -111.76 389 323 236 320 2014 7 4 18 52 16 2 60
12 76 69 33.293 -111.84 393 322 244 320 2014 7 4 18 53 16 2 60
12 76 69 33.383 -111.92 397 324 251 320 2014 7 4 18 54 6 2 63
12 76 69 33.482 -111.99 408 323 257 320 2014 7 4 18 55 15 2 63
12 76 69 33.591 -112.03 413 337 262 320 2014 7 4 18 56 15 2 108
12 76 69 33.647 -112.05 413 341 266 320 2014 7 4 18 57 6 2 108
12 76 69 33.758 -112.1 414 341 273 320 2014 7 4 18 58 6 2 108
12 76 69 33.87 -112.14 415 341 276 320 2014 7 4 18 59 6 2 108
12 76 69 33.983 -112.19 420 341 281 320 2014 7 4 19 0 6 2 108
12 76 69 34.097 -112.23 423 341 284 320 2014 7 4 19 1 6 2 108
12 76 69 34.211 -112.28 427 341 290 320 2014 7 4 19 2 16 2 108
12 76 69 34.326 -112.33 430 341 293 320 2014 7 4 19 3 6 2 108
12 76 69 34.441 -112.37 430 340 296 300 2014 7 4 19 4 15 2 108
12 76 69 34.562 -112.42 431 341 300 300 2014 7 4 19 5 16 2 89
12 76 69 34.678 -112.47 435 341 300 300 2014 7 4 19 6 6 2 89
12 76 69 34.802 -112.47 446 354 300 300 2014 7 4 19 7 16 2 89
12 76 69 34.976 -112.46 456 2 300 300 2014 7 4 19 8 16 2 89
12 76 69 35.083 -112.46 459 2 300 300 2014 7 4 19 9 15 2 89
12 76 69 35.235 -112.45 463 2 300 300 2014 7 4 19 10 6 2 89
12 76 69 35.342 -112.44 466 2 300 300 2014 7 4 19 11 6 2 89
12 76 69 35.473 -112.43 470 2 300 300 2014 7 4 19 12 6 1 46
12 76 69 35.603 -112.43 472 2 300 300 2014 7 4 19 13 6 1 46
12 76 69 35.735 -112.42 473 2 300 300 2014 7 4 19 14 6 1 46
12 76 69 35.893 -112.41 474 2 300 320 2014 7 4 19 15 16 1 46
12 76 69 35.977 -112.4 475 2 300 320 2014 7 4 19 16 15 1 46
12 76 69 36.136 -112.39 476 2 300 320 2014 7 4 19 17 16 1 46
12 76 69 36.267 -112.39 476 2 304 320 2014 7 4 19 18 6 1 46
12 76 69 36.396 -112.38 467 2 309 320 2014 7 4 19 19 16 1 48
12 76 69 36.522 -112.37 458 2 314 320 2014 7 4 19 20 16 1 48
12 76 69 36.647 -112.36 454 2 319 320 2014 7 4 19 21 15 1 48
12 76 69 36.77 -112.36 450 2 320 320 2014 7 4 19 22 6 1 48
12 76 69 36.895 -112.36 449 359 320 320 2014 7 4 19 23 6 1 48
12 76 69 37.046 -112.37 451 356 320 320 2014 7 4 19 24 6 1 48
12 76 69 37.174 -112.38 458 357 320 320 2014 7 4 19 25 15 1 48
12 76 69 37.25 -112.38 457 357 320 320 2014 7 4 19 26 6 1 48
12 76 69 37.428 -112.39 459 357 320 320 2014 7 4 19 27 16 1 48
12 76 69 37.557 -112.4 462 357 320 320 2014 7 4 19 28 16 5 202
12 76 69 37.634 -112.41 464 357 320 320 2014 7 4 19 29 6 5 202
12 76 69 37.842 -112.42 467 357 320 320 2014 7 4 19 30 6 5 202
12 76 69 37.893 -112.42 467 357 320 320 2014 7 4 19 31 6 5 202
12 76 69 38.048 -112.43 466 357 320 320 2014 7 4 19 32 16 5 202
12 76 69 38.178 -112.44 467 357 320 320 2014 7 4 19 33 15 5 205
12 76 69 38.307 -112.45 467 357 320 320 2014 7 4 19 34 6 5 205
12 76 69 38.432 -112.45 454 357 320 320 2014 7 4 19 35 16 5 205
12 76 69 38.555 -112.46 445 357 320 320 2014 7 4 19 36 16 5 205
12 76 69 38.678 -112.47 444 357 320 320 2014 7 4 19 37 6 5 205
12 76 69 38.829 -112.48 448 357 320 320 2014 7 4 19 38 6 5 205
12 76 69 38.956 -112.48 453 357 320 170 2014 7 4 19 39 15 5 205
12 76 69 39.084 -112.49 458 357 313 170 2014 7 4 19 40 15 5 205
12 76 69 39.219 -112.5 484 357 293 170 2014 7 4 19 41 6 5 215
12 76 69 39.345 -112.49 473 357 274 170 2014 7 4 19 42 6 5 215
12 76 69 39.466 -112.45 452 359 255 170 2014 7 4 19 43 16 5 215
12 76 69 39.582 -112.41 430 11 232 170 2014 7 4 19 44 16 5 215
12 76 69 39.718 -112.37 422 14 190 170 2014 7 4 19 45 16 5 215
12 76 69 39.718 -112.37 422 14 190 170 2014 7 4 19 46 6 5 215
12 76 69 39.932 -112.3 386 11 156 150 2014 7 4 19 47 16 5 215
12 76 69 39.983 -112.29 366 14 150 150 2014 7 4 19 48 6 5 215
12 76 69 40.125 -112.24 352 15 150 150 2014 7 4 19 49 6 5 215
12 76 69 40.226 -112.24 362 1 145 150 2014 7 4 19 50 16 5 197
12 76 69 40.28 -112.25 370 359 138 150 2014 7 4 19 51 6 5 197
12 76 69 40.327 -112.24 355 0 132 150 2014 7 4 19 52 15 5 197
12 76 69 40.469 -112.22 332 5 130 150 2014 7 4 19 53 16 5 197
12 76 69 40.554 -112.19 318 17 130 150 2014 7 4 19 54 15 5 197
12 76 69 40.692 -112.13 311 16 119 150 2014 7 4 19 55 15 5 197
12 76 69 40.765 -112.1 262 17 111 150 2014 7 4 19 56 15 5 197
12 76 69 40.787 -112.1 251 16 107 150 2014 7 4 19 57 15 5 197
12 76 69 40.859 -112.11 250 356 92 150 2014 7 4 19 58 6 5 197
12 76 69 40.907 -112.11 255 356 84 150 2014 7 4 19 59 15 5 197
12 76 69 40.945 -112.05 202 53 78 150 2014 7 4 20 0 6 5 197
12 76 69 40.901 -112.01 195 127 60 150 2014 7 4 20 1 6 5 197
12 76 69 40.857 -112 146 174 50 150 2014 7 4 20 2 6 5 197
12 76 69 40.821 -112 150 175 45 150 2014 7 4 20 3 15 5 197
