1 18 1 39.8 -104.65 215 0 79 360 2014 7 1 20 28 6 6 233
1 18 1 39.661 -104.63 322 168 121 360 2014 7 1 20 29 6 6 233
1 18 1 39.65 -104.63 347 172 125 360 2014 7 1 20 30 6 6 233
1 18 1 39.561 -104.64 364 180 154 360 2014 7 1 20 31 6 6 233
1 18 1 39.448 -104.66 375 187 181 360 2014 7 1 20 32 6 6 233
1 18 1 39.23 -104.7 410 187 231 360 2014 7 1 20 33 16 6 233
1 18 1 39.123 -104.75 410 200 231 360 2014 7 1 20 34 16 6 233
1 18 1 39.079 -104.73 467 192 260 360 2014 7 1 20 35 6 6 236
1 18 1 38.959 -104.79 458 192 281 360 2014 7 1 20 36 6 6 266
1 18 1 38.845 -104.86 456 193 305 360 2014 7 1 20 37 6 6 266
1 18 1 38.733 -104.93 451 202 331 360 2014 7 1 20 38 16 6 266
1 18 1 38.624 -105.01 449 206 351 360 2014 7 1 20 39 16 6 265
1 18 1 38.517 -105.08 443 207 360 360 2014 7 1 20 40 16 6 265
1 18 1 38.388 -105.17 442 208 360 360 2014 7 1 20 41 6 6 265
1 18 1 38.281 -105.24 442 208 360 360 2014 7 1 20 42 6 6 265
1 18 1 38.175 -105.32 439 205 360 360 2014 7 1 20 43 15 6 265
1 18 1 38.067 -105.39 439 208 360 360 2014 7 1 20 44 6 6 265
1 18 1 37.959 -105.46 438 208 360 360 2014 7 1 20 45 6 6 265
1 18 1 37.851 -105.53 439 207 360 360 2014 7 1 20 46 6 6 265
1 18 1 37.684 -105.64 432 208 360 360 2014 7 1 20 47 6 6 265
1 18 1 37.568 -105.7 440 201 360 360 2014 7 1 20 48 6 6 265
1 18 1 37.485 -105.73 446 200 360 360 2014 7 1 20 49 16 6 265
1 18 1 37.338 -105.8 441 200 360 360 2014 7 1 20 50 15 6 265
1 18 1 37.246 -105.84 445 200 360 320 2014 7 1 20 51 6 6 265
1 18 1 37.135 -105.9 444 200 350 320 2014 7 1 20 52 6 6 265
1 18 1 37.005 -105.96 444 200 339 320 2014 7 1 20 53 16 6 266
1 18 1 36.895 -106.01 440 200 329 320 2014 7 1 20 54 6 6 266
1 18 1 36.852 -106.03 442 200 325 320 2014 7 1 20 55 6 6 266
1 18 1 36.739 -106.08 440 200 320 320 2014 7 1 20 56 6 6 266
1 18 1 36.626 -106.14 437 200 320 320 2014 7 1 20 57 6 2 99
1 18 1 36.456 -106.27 426 212 316 320 2014 7 1 20 58 15 2 99
1 18 1 36.357 -106.35 423 213 305 320 2014 7 1 20 59 6 2 99
1 18 1 36.309 -106.39 426 212 296 320 2014 7 1 21 0 6 2 99
1 18 1 36.208 -106.47 428 212 290 320 2014 7 1 21 1 6 2 99
1 18 1 36.081 -106.52 437 205 290 320 2014 7 1 21 2 6 2 99
1 18 1 35.969 -106.56 435 199 287 320 2014 7 1 21 3 6 2 69
1 18 1 35.851 -106.58 440 196 234 320 2014 7 1 21 4 6 2 69
1 18 1 35.661 -106.61 451 186 168 320 2014 7 1 21 5 6 2 69
1 18 1 35.593 -106.62 442 187 148 320 2014 7 1 21 6 6 2 69
1 18 1 35.489 -106.63 375 187 142 320 2014 7 1 21 7 6 2 69
1 18 1 35.409 -106.68 315 197 126 320 2014 7 1 21 8 6 2 80
1 18 1 35.331 -106.72 307 204 111 320 2014 7 1 21 9 6 2 80
1 18 1 35.256 -106.76 298 203 100 320 2014 7 1 21 10 15 2 80
1 18 1 35.172 -106.81 287 206 84 320 2014 7 1 21 11 6 2 80
1 18 1 35.104 -106.84 260 207 80 320 2014 7 1 21 12 16 2 80
1 18 1 35.053 -106.8 216 161 80 320 2014 7 1 21 13 6 2 80
1 18 1 35.045 -106.73 195 124 70 320 2014 7 1 21 14 16 2 80
1 18 1 35.044 -106.67 189 91 61 320 2014 7 1 21 15 16 2 80
1 18 1 35.044 -106.62 147 89 54 320 2014 7 1 21 16 6 2 80
2 18 1 39.859 -104.67 258 0 54 360 2014 7 1 6 10 15 6 233
2 18 1 39.867 -104.57 218 0 89 360 2014 7 1 6 11 6 6 233
2 18 1 39.767 -104.5 321 109 132 360 2014 7 1 6 12 16 6 233
2 18 1 39.76 -104.51 314 188 138 360 2014 7 1 6 13 6 6 233
2 18 1 39.664 -104.54 353 193 173 360 2014 7 1 6 14 16 6 233
2 18 1 39.564 -104.57 370 195 200 360 2014 7 1 6 15 6 6 233
2 18 1 39.471 -104.6 384 194 222 360 2014 7 1 6 16 6 6 233
2 18 1 39.356 -104.64 413 194 249 360 2014 7 1 6 17 6 6 236
2 18 1 39.241 -104.67 421 193 273 360 2014 7 1 6 18 16 6 266
2 18 1 39.122 -104.71 440 193 295 360 2014 7 1 6 19 16 6 266
2 18 1 39.005 -104.76 440 194 319 360 2014 7 1 6 20 6 6 266
2 18 1 38.898 -104.83 415 196 343 360 2014 7 1 6 21 6 6 265
2 18 1 38.79 -104.89 422 201 360 360 2014 7 1 6 22 6 6 265
2 18 1 38.682 -104.95 423 205 360 360 2014 7 1 6 23 6 6 265
2 18 1 38.576 -105.02 424 204 360 360 2014 7 1 6 24 16 6 265
2 18 1 38.47 -105.08 423 204 360 360 2014 7 1 6 25 6 6 265
2 18 1 38.366 -105.14 417 205 360 360 2014 7 1 6 26 6 6 265
2 18 1 38.242 -105.22 415 204 360 360 2014 7 1 6 27 15 6 265
2 18 1 38.14 -105.28 413 204 360 360 2014 7 1 6 28 15 6 265
2 18 1 38.036 -105.33 413 204 360 360 2014 7 1 6 29 15 6 265
2 18 1 37.932 -105.4 412 204 360 360 2014 7 1 6 30 16 6 265
2 18 1 37.827 -105.46 413 204 360 360 2014 7 1 6 31 15 6 265
2 18 1 37.721 -105.52 417 204 360 360 2014 7 1 6 32 15 6 265
2 18 1 37.612 -105.58 426 202 360 360 2014 7 1 6 33 15 6 265
2 18 1 37.499 -105.64 423 204 360 360 2014 7 1 6 34 6 6 265
2 18 1 37.398 -105.7 422 204 360 360 2014 7 1 6 35 15 6 265
2 18 1 37.296 -105.76 421 204 360 360 2014 7 1 6 36 6 6 265
2 18 1 37.187 -105.82 421 204 360 360 2014 7 1 6 37 15 6 265
2 18 1 37.074 -105.88 420 204 360 360 2014 7 1 6 38 15 6 265
2 18 1 36.977 -105.94 419 204 360 360 2014 7 1 6 39 15 6 265
2 18 1 36.87 -106 419 204 360 360 2014 7 1 6 40 6 6 265
2 18 1 36.764 -106.06 419 204 360 360 2014 7 1 6 41 6 6 265
2 18 1 36.655 -106.12 420 204 360 360 2014 7 1 6 42 6 2 99
2 18 1 36.544 -106.17 421 201 360 360 2014 7 1 6 43 16 2 99
2 18 1 36.432 -106.22 422 201 350 360 2014 7 1 6 44 15 2 99
2 18 1 36.323 -106.27 419 199 331 360 2014 7 1 6 45 6 2 99
2 18 1 36.21 -106.32 425 199 302 360 2014 7 1 6 46 15 2 99
2 18 1 36.099 -106.36 426 199 278 360 2014 7 1 6 47 9 2 69
2 18 1 35.983 -106.39 426 190 278 360 2014 7 1 6 48 15 2 69
2 18 1 35.867 -106.42 426 190 278 360 2014 7 1 6 49 15 2 69
2 18 1 35.751 -106.45 426 190 278 360 2014 7 1 6 50 6 2 69
2 18 1 35.636 -106.47 426 190 278 360 2014 7 1 6 51 15 2 69
2 18 1 35.519 -106.5 426 190 278 360 2014 7 1 6 52 15 2 69
2 18 1 35.404 -106.53 426 190 278 360 2014 7 1 6 53 15 2 69
2 18 1 35.288 -106.55 426 190 278 360 2014 7 1 6 54 6 2 69
2 18 1 35.263 -106.72 356 192 113 360 2014 7 1 6 55 6 2 80
2 18 1 35.179 -106.76 320 199 107 360 2014 7 1 6 56 6 2 80
2 18 1 35.106 -106.79 278 197 99 360 2014 7 1 6 57 15 2 80
2 18 1 35.047 -106.81 273 197 94 360 2014 7 1 6 58 15 2 80
2 18 1 34.986 -106.77 256 145 80 360 2014 7 1 6 59 6 2 80
2 18 1 34.974 -106.69 216 103 67 360 2014 7 1 7 0 6 2 80
3 18 1 39.859 -104.67 238 0 54 240 2014 7 1 3 24 6 6 233
3 18 1 39.9 -104.78 251 317 76 240 2014 7 1 3 25 6 6 233
3 18 1 39.833 -104.85 250 257 95 240 2014 7 1 3 26 6 6 233
3 18 1 39.766 -104.86 249 217 112 240 2014 7 1 3 27 6 6 233
3 18 1 39.7 -104.88 254 194 125 240 2014 7 1 3 28 6 6 233
3 18 1 39.633 -104.9 255 189 138 240 2014 7 1 3 29 6 6 233
3 18 1 39.583 -104.92 259 193 148 240 2014 7 1 3 30 6 6 233
3 18 1 39.554 -104.93 261 194 152 240 2014 7 1 3 31 6 6 233
3 18 1 39.481 -104.96 269 193 165 240 2014 7 1 3 32 6 6 233
3 18 1 39.41 -104.98 267 196 176 240 2014 7 1 3 33 6 6 233
3 18 1 39.338 -105 266 193 184 240 2014 7 1 3 34 6 6 233
3 18 1 39.26 -105.03 267 193 195 240 2014 7 1 3 35 6 6 233
3 18 1 39.188 -105.05 267 195 202 240 2014 7 1 3 36 16 6 233
3 18 1 39.119 -105.07 268 193 210 240 2014 7 1 3 37 6 6 236
3 18 1 39.052 -105.12 268 195 218 240 2014 7 1 3 38 6 6 236
3 18 1 38.982 -105.16 270 201 225 240 2014 7 1 3 39 15 6 236
3 18 1 38.913 -105.2 272 205 232 240 2014 7 1 3 40 6 6 236
3 18 1 38.831 -105.24 276 204 239 240 2014 7 1 3 41 6 6 236
3 18 1 38.76 -105.29 280 204 240 240 2014 7 1 3 42 6 6 236
3 18 1 38.684 -105.34 306 204 240 240 2014 7 1 3 43 6 6 236
3 18 1 38.598 -105.38 328 203 240 240 2014 7 1 3 44 6 6 236
3 18 1 38.508 -105.42 338 203 240 240 2014 7 1 3 45 6 6 236
3 18 1 38.414 -105.45 344 199 240 240 2014 7 1 3 46 6 6 236
3 18 1 38.321 -105.48 347 196 240 240 2014 7 1 3 47 6 6 236
3 18 1 38.228 -105.52 349 194 240 240 2014 7 1 3 48 16 6 236
3 18 1 38.134 -105.55 349 195 240 240 2014 7 1 3 49 6 6 236
3 18 1 38.021 -105.59 351 195 240 240 2014 7 1 3 50 6 6 236
3 18 1 37.927 -105.62 351 195 240 240 2014 7 1 3 51 6 6 236
3 18 1 37.831 -105.65 353 195 240 240 2014 7 1 3 52 6 6 236
3 18 1 37.736 -105.68 354 194 240 240 2014 7 1 3 53 6 6 236
3 18 1 37.641 -105.72 354 194 240 240 2014 7 1 3 54 6 6 236
3 18 1 37.489 -105.77 353 195 240 240 2014 7 1 3 55 15 6 236
3 18 1 37.451 -105.78 354 194 240 240 2014 7 1 3 56 6 6 236
3 18 1 37.354 -105.81 354 194 240 240 2014 7 1 3 57 6 6 236
3 18 1 37.261 -105.85 355 195 240 240 2014 7 1 3 58 6 6 236
3 18 1 37.161 -105.9 349 202 240 240 2014 7 1 3 59 6 6 236
3 18 1 37.074 -105.94 346 200 240 240 2014 7 1 4 0 6 6 236
3 18 1 36.972 -105.98 346 199 240 240 2014 7 1 4 1 6 6 236
3 18 1 36.889 -106.02 340 198 240 240 2014 7 1 4 2 16 6 236
3 18 1 36.804 -106.06 340 199 240 240 2014 7 1 4 3 6 6 236
3 18 1 36.706 -106.1 339 199 240 240 2014 7 1 4 4 6 2 69
3 18 1 36.618 -106.14 339 198 240 240 2014 7 1 4 5 6 2 69
3 18 1 36.527 -106.18 343 199 240 240 2014 7 1 4 6 6 2 69
3 18 1 36.437 -106.22 342 199 240 240 2014 7 1 4 7 15 2 69
3 18 1 36.347 -106.26 342 199 237 240 2014 7 1 4 8 16 2 69
3 18 1 36.254 -106.3 354 199 230 240 2014 7 1 4 9 6 2 69
3 18 1 36.16 -106.34 354 199 223 240 2014 7 1 4 10 6 2 69
3 18 1 36.087 -106.37 358 199 217 240 2014 7 1 4 11 6 2 69
3 18 1 35.993 -106.41 358 199 210 240 2014 7 1 4 12 6 2 69
3 18 1 35.894 -106.45 358 199 203 240 2014 7 1 4 13 6 2 69
3 18 1 35.797 -106.49 362 199 197 240 2014 7 1 4 14 6 2 69
3 18 1 35.703 -106.54 365 199 177 240 2014 7 1 4 15 6 2 69
3 18 1 35.604 -106.58 373 198 160 240 2014 7 1 4 16 6 2 69
3 18 1 35.511 -106.62 357 198 157 240 2014 7 1 4 17 6 2 69
3 18 1 35.423 -106.66 337 201 137 240 2014 7 1 4 18 6 2 80
3 18 1 35.339 -106.69 322 198 115 240 2014 7 1 4 19 6 2 80
3 18 1 35.257 -106.72 315 198 93 240 2014 7 1 4 20 16 2 80
3 18 1 35.178 -106.7 311 162 72 240 2014 7 1 4 21 6 2 80
3 18 1 35.129 -106.61 234 127 68 240 2014 7 1 4 22 6 2 80
3 18 1 35.105 -106.57 170 116 65 240 2014 7 1 4 23 15 2 80
3 18 1 35.072 -106.57 148 164 61 240 2014 7 1 4 24 6 2 80
3 18 1 35.046 -106.6 136 225 54 240 2014 7 1 4 25 6 2 80
4 18 1 39.859 -104.67 270 0 54 320 2014 7 1 4 15 6 6 233
4 18 1 39.805 -104.5 295 198 121 320 2014 7 1 4 19 6 6 233
4 18 1 39.634 -104.53 319 155 175 320 2014 7 1 4 20 16 6 233
4 18 1 39.547 -104.58 316 189 199 320 2014 7 1 4 21 6 6 233
4 18 1 39.468 -104.62 332 203 214 320 2014 7 1 4 22 6 6 233
4 18 1 39.378 -104.67 342 202 235 320 2014 7 1 4 23 15 6 233
4 18 1 39.285 -104.72 355 202 255 320 2014 7 1 4 24 6 6 236
4 18 1 39.191 -104.77 361 202 272 320 2014 7 1 4 25 6 6 266
4 18 1 39.095 -104.83 372 218 287 320 2014 7 1 4 26 6 6 266
4 18 1 38.997 -104.89 382 203 304 320 2014 7 1 4 27 7 6 266
4 18 1 38.898 -104.95 390 204 314 320 2014 7 1 4 28 16 6 266
4 18 1 38.77 -105.02 411 204 320 320 2014 7 1 4 29 6 6 266
4 18 1 38.656 -105.08 433 204 320 320 2014 7 1 4 30 15 6 266
4 18 1 38.541 -105.14 444 202 320 320 2014 7 1 4 31 6 6 266
4 18 1 38.425 -105.2 448 202 320 320 2014 7 1 4 32 15 6 266
4 18 1 38.313 -105.26 448 202 320 320 2014 7 1 4 33 6 6 266
4 18 1 38.199 -105.32 448 201 320 320 2014 7 1 4 34 15 6 266
4 18 1 38.087 -105.38 443 202 320 320 2014 7 1 4 35 6 6 266
4 18 1 37.974 -105.44 442 202 320 320 2014 7 1 4 36 6 6 266
4 18 1 37.862 -105.5 440 202 320 320 2014 7 1 4 37 15 6 266
4 18 1 37.658 -105.6 443 202 320 320 2014 7 1 4 38 15 6 266
4 18 1 37.545 -105.66 442 202 320 320 2014 7 1 4 39 6 6 266
4 18 1 37.513 -105.68 440 202 320 320 2014 7 1 4 40 6 6 266
4 18 1 37.387 -105.74 440 202 320 320 2014 7 1 4 41 6 6 266
4 18 1 37.274 -105.8 440 202 320 320 2014 7 1 4 42 6 6 266
4 18 1 37.17 -105.86 439 202 320 300 2014 7 1 4 43 15 6 266
4 18 1 36.972 -105.96 441 201 308 300 2014 7 1 4 44 16 6 266
4 18 1 36.859 -106.02 441 202 300 300 2014 7 1 4 45 16 6 266
4 18 1 36.823 -106.03 440 201 300 300 2014 7 1 4 46 6 6 266
4 18 1 36.706 -106.09 439 202 300 290 2014 7 1 4 47 6 2 99
4 18 1 36.589 -106.15 446 202 292 290 2014 7 1 4 48 16 2 99
4 18 1 36.471 -106.2 446 199 282 290 2014 7 1 4 49 15 2 69
4 18 1 36.353 -106.25 447 199 269 290 2014 7 1 4 50 16 2 69
4 18 1 36.242 -106.3 427 199 253 290 2014 7 1 4 51 6 2 69
4 18 1 36.133 -106.35 419 199 238 290 2014 7 1 4 52 6 2 69
4 18 1 36.065 -106.38 408 199 229 290 2014 7 1 4 53 6 2 69
4 18 1 35.943 -106.43 396 199 211 290 2014 7 1 4 54 16 2 69
4 18 1 35.838 -106.47 388 199 196 290 2014 7 1 4 55 15 2 69
4 18 1 35.68 -106.55 374 199 171 290 2014 7 1 4 56 6 2 69
4 18 1 35.634 -106.57 371 198 164 290 2014 7 1 4 57 16 2 69
4 18 1 35.539 -106.61 364 199 149 290 2014 7 1 4 58 6 2 69
4 18 1 35.445 -106.64 356 199 131 290 2014 7 1 4 59 6 2 69
4 18 1 35.352 -106.68 329 198 109 290 2014 7 1 5 0 6 2 80
4 18 1 35.276 -106.72 274 199 94 290 2014 7 1 5 1 15 2 80
4 18 1 35.223 -106.73 264 191 88 290 2014 7 1 5 2 15 2 80
4 18 1 35.166 -106.68 286 131 80 290 2014 7 1 5 3 16 2 80
4 18 1 35.116 -106.51 204 102 66 290 2014 7 1 5 5 15 2 80
4 18 1 35.06 -106.52 199 146 66 290 2014 7 1 5 6 6 2 80
4 18 1 35.042 -106.56 145 230 57 290 2014 7 1 5 7 6 2 80
4 18 1 35.044 -106.61 147 245 53 290 2014 7 1 5 8 6 2 80
5 18 1 39.883 -104.62 158 0 68 360 2014 7 1 13 56 6 6 233
5 18 1 39.85 -104.53 232 57 96 360 2014 7 1 13 57 9 6 233
5 18 1 39.783 -104.55 300 150 126 360 2014 7 1 13 58 6 6 233
5 18 1 39.698 -104.57 313 190 168 360 2014 7 1 13 59 6 6 233
5 18 1 39.593 -104.6 378 197 192 360 2014 7 1 14 0 16 6 233
5 18 1 39.477 -104.63 402 191 223 360 2014 7 1 14 1 9 6 233
5 18 1 39.36 -104.66 421 190 254 360 2014 7 1 14 2 15 6 236
5 18 1 39.241 -104.69 428 190 282 360 2014 7 1 14 3 6 6 266
5 18 1 39.119 -104.72 449 191 309 360 2014 7 1 14 4 6 6 266
5 18 1 39.004 -104.76 426 191 336 360 2014 7 1 14 5 16 6 266
5 18 1 38.9 -104.82 412 193 357 360 2014 7 1 14 6 6 6 265
5 18 1 38.793 -104.89 423 200 360 360 2014 7 1 14 7 6 6 265
5 18 1 38.689 -104.96 423 205 360 360 2014 7 1 14 8 6 6 265
5 18 1 38.587 -105.03 421 206 360 360 2014 7 1 14 9 6 6 265
5 18 1 38.465 -105.12 418 207 360 360 2014 7 1 14 10 16 6 265
5 18 1 38.361 -105.19 419 205 360 360 2014 7 1 14 11 14 6 265
5 18 1 38.259 -105.26 419 208 360 360 2014 7 1 14 12 6 6 265
5 18 1 38.156 -105.33 419 208 360 360 2014 7 1 14 13 6 6 265
5 18 1 38.052 -105.4 423 208 358 340 2014 7 1 14 14 6 6 265
5 18 1 37.947 -105.47 423 208 348 340 2014 7 1 14 15 16 6 265
5 18 1 37.844 -105.54 422 207 340 340 2014 7 1 14 16 6 6 265
5 18 1 37.696 -105.64 430 208 340 340 2014 7 1 14 17 16 6 265
5 18 1 37.581 -105.69 432 200 340 340 2014 7 1 14 18 6 6 265
5 18 1 37.467 -105.74 433 200 340 340 2014 7 1 14 19 15 6 265
5 18 1 37.386 -105.78 437 200 340 340 2014 7 1 14 20 6 6 265
5 18 1 37.259 -105.84 437 200 339 320 2014 7 1 14 21 6 6 266
5 18 1 37.148 -105.89 437 200 330 320 2014 7 1 14 22 6 6 266
5 18 1 37.02 -105.95 438 200 320 320 2014 7 1 14 23 6 6 266
5 18 1 36.91 -106 439 200 320 320 2014 7 1 14 24 6 6 266
5 18 1 36.871 -106.02 441 200 320 320 2014 7 1 14 25 6 6 266
5 18 1 36.779 -106.06 442 200 320 320 2014 7 1 14 26 6 6 266
5 18 1 36.546 -106.17 443 200 320 320 2014 7 1 14 27 6 2 99
5 18 1 36.43 -106.22 443 200 320 320 2014 7 1 14 28 6 2 99
5 18 1 36.407 -106.23 442 199 320 320 2014 7 1 14 29 6 2 99
5 18 1 36.2 -106.32 442 199 298 320 2014 7 1 14 30 16 2 99
5 18 1 36.177 -106.33 441 199 293 320 2014 7 1 14 31 6 2 99
5 18 1 36.041 -106.39 440 199 264 320 2014 7 1 14 32 16 2 69
5 18 1 35.933 -106.44 414 195 240 320 2014 7 1 14 33 15 2 69
5 18 1 35.818 -106.48 388 199 220 320 2014 7 1 14 34 6 2 69
5 18 1 35.675 -106.54 363 198 189 320 2014 7 1 14 35 6 2 69
5 18 1 35.637 -106.56 363 198 180 320 2014 7 1 14 36 6 2 69
5 18 1 35.474 -106.64 341 199 150 320 2014 7 1 14 37 6 2 69
5 18 1 35.443 -106.66 334 203 143 320 2014 7 1 14 38 6 2 69
5 18 1 35.361 -106.7 326 203 123 320 2014 7 1 14 39 18 2 80
5 18 1 35.28 -106.75 323 204 109 320 2014 7 1 14 40 15 2 80
5 18 1 35.203 -106.78 297 203 100 320 2014 7 1 14 41 10 2 80
5 18 1 35.129 -106.8 273 191 87 320 2014 7 1 14 42 6 2 80
5 18 1 35.059 -106.8 247 190 80 320 2014 7 1 14 43 6 2 80
5 18 1 35.045 -106.73 200 139 71 320 2014 7 1 14 44 6 2 80
5 18 1 35.044 -106.67 144 90 62 320 2014 7 1 14 45 6 2 80
5 18 1 35.044 -106.63 129 91 55 320 2014 7 1 14 46 6 2 80
6 18 1 39.859 -104.67 255 0 54 260 2014 7 1 14 10 16 6 233
6 18 1 39.867 -104.57 188 198 76 260 2014 7 1 14 12 6 6 233
6 18 1 39.799 -104.49 271 124 106 260 2014 7 1 14 13 6 6 233
6 18 1 39.721 -104.52 289 113 128 260 2014 7 1 14 14 6 6 233
6 18 1 39.637 -104.54 309 165 148 260 2014 7 1 14 15 16 6 233
6 18 1 39.539 -104.57 331 194 167 260 2014 7 1 14 16 6 6 233
6 18 1 39.446 -104.6 343 180 182 260 2014 7 1 14 17 16 6 233
6 18 1 39.358 -104.65 339 193 197 260 2014 7 1 14 18 6 6 233
6 18 1 39.261 -104.7 357 196 205 260 2014 7 1 14 19 15 6 233
6 18 1 39.168 -104.75 358 201 215 260 2014 7 1 14 20 6 6 233
6 18 1 39.066 -104.81 394 202 226 260 2014 7 1 14 21 6 6 236
6 18 1 38.964 -104.87 400 203 237 260 2014 7 1 14 22 6 6 236
6 18 1 38.862 -104.92 399 203 249 260 2014 7 1 14 23 6 6 236
6 18 1 38.762 -104.98 393 203 260 260 2014 7 1 14 24 6 6 236
6 18 1 38.635 -105.05 409 203 260 260 2014 7 1 14 25 6 6 236
6 18 1 38.529 -105.11 413 202 260 260 2014 7 1 14 26 6 6 236
6 18 1 38.421 -105.17 418 203 260 260 2014 7 1 14 27 6 6 236
6 18 1 38.312 -105.23 421 203 260 260 2014 7 1 14 28 6 6 236
6 18 1 38.203 -105.29 423 203 260 260 2014 7 1 14 29 6 6 236
6 18 1 38.094 -105.35 424 201 260 260 2014 7 1 14 30 16 6 236
6 18 1 37.986 -105.41 424 201 260 260 2014 7 1 14 31 6 6 236
6 18 1 37.86 -105.47 424 203 260 260 2014 7 1 14 32 16 6 236
6 18 1 37.742 -105.54 428 204 260 260 2014 7 1 14 33 15 6 236
6 18 1 37.636 -105.6 428 203 260 260 2014 7 1 14 34 6 6 236
6 18 1 37.529 -105.65 428 202 260 260 2014 7 1 14 35 6 6 236
6 18 1 37.409 -105.72 428 202 260 260 2014 7 1 14 36 6 6 236
6 18 1 37.304 -105.78 428 203 260 260 2014 7 1 14 37 6 6 236
6 18 1 37.18 -105.84 428 203 260 260 2014 7 1 14 38 6 6 236
6 18 1 37.075 -105.9 429 202 260 260 2014 7 1 14 39 18 6 236
6 18 1 36.952 -105.96 429 203 260 260 2014 7 1 14 40 15 6 236
6 18 1 36.884 -106 428 203 260 260 2014 7 1 14 41 10 6 236
6 18 1 36.773 -106.06 432 202 260 260 2014 7 1 14 42 6 6 236
6 18 1 36.621 -106.13 429 202 260 260 2014 7 1 14 43 6 2 69
6 18 1 36.527 -106.18 432 202 260 260 2014 7 1 14 44 6 2 69
6 18 1 36.415 -106.23 431 199 260 260 2014 7 1 14 45 6 2 69
6 18 1 36.308 -106.28 415 199 257 260 2014 7 1 14 46 6 2 69
6 18 1 36.2 -106.32 413 199 244 260 2014 7 1 14 47 6 2 69
6 18 1 36.161 -106.34 409 199 241 260 2014 7 1 14 48 6 2 69
6 18 1 36.008 -106.43 377 198 224 260 2014 7 1 14 49 6 2 69
6 18 1 35.9 -106.49 362 205 211 260 2014 7 1 14 50 15 2 69
6 18 1 35.9 -106.49 362 205 211 260 2014 7 1 14 51 7 2 69
6 18 1 35.725 -106.55 331 199 183 260 2014 7 1 14 52 15 2 69
6 18 1 35.632 -106.58 333 197 171 260 2014 7 1 14 53 16 2 69
6 18 1 35.605 -106.59 335 196 166 260 2014 7 1 14 54 6 2 69
6 18 1 35.546 -106.61 333 196 157 260 2014 7 1 14 55 6 2 69
6 18 1 35.429 -106.66 324 200 136 260 2014 7 1 14 56 9 2 80
6 18 1 35.344 -106.71 314 203 119 260 2014 7 1 14 57 15 2 80
6 18 1 35.262 -106.75 291 203 108 260 2014 7 1 14 58 6 2 80
6 18 1 35.191 -106.79 272 204 98 260 2014 7 1 14 59 6 2 80
6 18 1 35.131 -106.84 257 207 90 260 2014 7 1 15 0 6 2 80
6 18 1 35.085 -106.88 252 220 83 260 2014 7 1 15 1 6 2 80
6 18 1 35.029 -106.89 231 184 80 260 2014 7 1 15 2 16 2 80
6 18 1 35.043 -106.82 214 79 81 260 2014 7 1 15 3 6 2 80
6 18 1 35.045 -106.76 160 89 77 260 2014 7 1 15 4 15 2 80
6 18 1 35.045 -106.72 136 88 70 260 2014 7 1 15 5 6 2 80
6 18 1 35.044 -106.68 131 92 63 260 2014 7 1 15 6 6 2 80
6 18 1 35.044 -106.64 123 92 57 260 2014 7 1 15 7 6 2 80
7 18 1 39.9 -104.73 246 0 88 340 2014 7 1 16 4 6 6 233
7 18 1 39.867 -104.8 269 309 97 340 2014 7 1 16 5 16 6 233
7 18 1 39.817 -104.87 288 230 113 340 2014 7 1 16 6 13 6 233
7 18 1 39.733 -104.92 308 220 143 340 2014 7 1 16 7 15 6 233
7 18 1 39.65 -104.9 334 177 167 340 2014 7 1 16 8 6 6 233
7 18 1 39.55 -104.88 361 168 187 340 2014 7 1 16 9 6 6 233
7 18 1 39.478 -104.86 366 172 202 340 2014 7 1 16 10 6 6 233
7 18 1 39.377 -104.83 376 184 223 340 2014 7 1 16 11 6 6 233
7 18 1 39.271 -104.8 386 166 244 340 2014 7 1 16 12 6 6 236
7 18 1 39.172 -104.85 386 202 244 340 2014 7 1 16 13 16 6 236
7 18 1 39.029 -104.75 399 179 286 340 2014 7 1 16 14 6 6 266
7 18 1 38.931 -104.81 389 178 303 340 2014 7 1 16 15 16 6 266
7 18 1 38.834 -104.87 382 181 320 340 2014 7 1 16 16 6 6 266
7 18 1 38.737 -104.93 382 204 337 340 2014 7 1 16 17 6 6 266
7 18 1 38.638 -104.99 390 205 340 340 2014 7 1 16 18 16 6 265
7 18 1 38.506 -105.06 423 205 340 340 2014 7 1 16 19 6 6 265
7 18 1 38.398 -105.12 424 204 340 340 2014 7 1 16 20 16 6 265
7 18 1 38.29 -105.18 424 203 340 340 2014 7 1 16 21 11 6 265
7 18 1 38.181 -105.24 424 203 340 340 2014 7 1 16 22 16 6 265
7 18 1 38.073 -105.3 424 203 340 340 2014 7 1 16 23 16 6 265
7 18 1 37.965 -105.36 424 203 340 340 2014 7 1 16 24 6 6 265
7 18 1 37.836 -105.44 424 203 340 340 2014 7 1 16 25 6 6 265
7 18 1 37.809 -105.47 426 204 340 340 2014 7 1 16 26 7 6 265
7 18 1 37.712 -105.55 422 215 340 340 2014 7 1 16 27 6 6 265
7 18 1 37.615 -105.63 422 214 340 340 2014 7 1 16 28 6 6 265
7 18 1 37.51 -105.7 425 211 340 340 2014 7 1 16 29 6 6 265
7 18 1 37.4 -105.75 425 199 340 340 2014 7 1 16 30 6 6 265
7 18 1 37.266 -105.82 426 200 340 340 2014 7 1 16 31 6 6 265
7 18 1 37.156 -105.87 425 200 340 320 2014 7 1 16 32 6 6 265
7 18 1 37.046 -105.92 425 201 330 320 2014 7 1 16 33 6 6 266
7 18 1 36.936 -105.97 425 200 320 320 2014 7 1 16 34 16 6 266
7 18 1 36.826 -106.03 425 201 320 320 2014 7 1 16 35 6 6 266
7 18 1 36.743 -106.06 426 201 320 320 2014 7 1 16 36 6 6 266
7 18 1 36.573 -106.14 440 200 320 290 2014 7 1 16 37 6 2 99
7 18 1 36.459 -106.2 440 200 306 290 2014 7 1 16 38 6 2 99
7 18 1 36.347 -106.25 435 200 291 150 2014 7 1 16 39 16 2 99
7 18 1 36.236 -106.3 430 200 275 150 2014 7 1 16 40 16 2 69
7 18 1 36.119 -106.36 443 200 257 150 2014 7 1 16 41 6 2 69
7 18 1 36.005 -106.41 443 200 239 150 2014 7 1 16 42 6 2 69
7 18 1 35.866 -106.47 437 199 217 150 2014 7 1 16 43 6 2 69
7 18 1 35.76 -106.51 394 199 201 150 2014 7 1 16 44 6 2 69
7 18 1 35.667 -106.55 394 199 186 150 2014 7 1 16 45 16 2 69
7 18 1 35.565 -106.59 390 198 170 150 2014 7 1 16 46 6 2 69
7 18 1 35.475 -106.63 391 198 157 150 2014 7 1 16 47 6 2 69
7 18 1 35.344 -106.69 380 198 136 150 2014 7 1 16 48 16 2 80
7 18 1 35.256 -106.75 366 207 121 150 2014 7 1 16 49 6 2 80
7 18 1 35.18 -106.81 322 210 106 150 2014 7 1 16 50 16 2 80
7 18 1 35.133 -106.84 267 211 95 150 2014 7 1 16 51 6 2 80
7 18 1 35.063 -106.84 242 196 75 150 2014 7 1 16 52 6 2 80
7 18 1 35.045 -106.76 184 111 70 150 2014 7 1 16 53 15 2 80
7 18 1 35.044 -106.71 157 91 68 150 2014 7 1 16 54 6 2 80
7 18 1 35.045 -106.67 110 90 62 150 2014 7 1 16 55 6 2 80
7 18 1 35.044 -106.63 113 90 56 150 2014 7 1 16 56 6 2 80
7 18 1 35.044 -106.62 117 91 54 150 2014 7 1 16 57 16 2 80
8 18 1 39.859 -104.67 238 0 54 240 2014 7 1 18 14 6 6 233
8 18 1 39.867 -104.57 192 198 77 240 2014 7 1 18 16 6 6 233
8 18 1 39.82 -104.45 233 103 108 240 2014 7 1 18 17 6 6 233
8 18 1 39.756 -104.4 251 158 128 240 2014 7 1 18 18 6 6 233
8 18 1 39.683 -104.43 244 199 145 240 2014 7 1 18 19 6 6 233
8 18 1 39.645 -104.49 241 197 163 240 2014 7 1 18 20 6 6 233
8 18 1 39.591 -104.55 249 225 174 240 2014 7 1 18 21 12 6 233
8 18 1 39.536 -104.62 265 216 182 240 2014 7 1 18 22 6 6 233
8 18 1 39.476 -104.69 266 222 193 240 2014 7 1 18 23 6 6 233
8 18 1 39.419 -104.75 271 221 203 240 2014 7 1 18 24 16 6 233
8 18 1 39.361 -104.82 275 221 214 240 2014 7 1 18 25 16 6 233
8 18 1 39.304 -104.88 270 221 224 240 2014 7 1 18 26 6 6 233
8 18 1 39.246 -104.95 276 221 235 240 2014 7 1 18 27 6 6 233
8 18 1 39.188 -105.01 276 213 240 240 2014 7 1 18 28 6 6 236
8 18 1 39.1 -105.09 332 221 240 240 2014 7 1 18 29 6 6 236
8 18 1 39.011 -105.14 344 217 240 240 2014 7 1 18 30 6 6 236
8 18 1 38.92 -105.19 358 205 240 240 2014 7 1 18 31 6 6 236
8 18 1 38.83 -105.24 352 203 240 240 2014 7 1 18 32 6 6 236
8 18 1 38.739 -105.3 358 203 240 240 2014 7 1 18 33 6 6 236
8 18 1 38.648 -105.35 359 201 240 240 2014 7 1 18 34 16 6 236
8 18 1 38.539 -105.41 359 204 240 240 2014 7 1 18 35 16 6 236
8 18 1 38.44 -105.44 362 203 240 240 2014 7 1 18 36 6 6 236
8 18 1 38.343 -105.48 362 195 240 240 2014 7 1 18 37 6 6 236
8 18 1 38.244 -105.51 363 194 240 240 2014 7 1 18 38 16 6 236
8 18 1 38.148 -105.54 363 195 240 240 2014 7 1 18 39 15 6 236
8 18 1 38.147 -105.54 363 195 240 240 2014 7 1 18 40 6 6 236
8 18 1 38.031 -105.58 363 195 240 240 2014 7 1 18 41 6 6 236
8 18 1 37.934 -105.62 363 195 240 240 2014 7 1 18 42 6 6 236
8 18 1 37.836 -105.65 363 195 240 240 2014 7 1 18 43 15 6 236
8 18 1 37.731 -105.69 366 195 240 240 2014 7 1 18 44 6 6 236
8 18 1 37.599 -105.73 360 194 240 240 2014 7 1 18 45 7 6 236
8 18 1 37.5 -105.76 361 195 240 240 2014 7 1 18 46 6 6 236
8 18 1 37.383 -105.81 362 194 240 240 2014 7 1 18 47 16 6 236
8 18 1 37.286 -105.84 362 194 240 240 2014 7 1 18 48 16 6 236
8 18 1 37.192 -105.89 362 200 240 240 2014 7 1 18 49 15 6 236
8 18 1 37.103 -105.95 362 204 240 240 2014 7 1 18 50 16 6 236
8 18 1 37.014 -106 360 207 240 240 2014 7 1 18 51 6 6 236
8 18 1 36.925 -106.06 360 207 240 240 2014 7 1 18 52 6 6 236
8 18 1 36.837 -106.11 360 206 240 240 2014 7 1 18 53 6 6 236
8 18 1 36.748 -106.17 359 207 240 240 2014 7 1 18 54 6 6 236
8 18 1 36.643 -106.24 359 208 240 240 2014 7 1 18 55 6 2 69
8 18 1 36.554 -106.3 359 207 240 240 2014 7 1 18 56 6 2 69
8 18 1 36.464 -106.36 360 207 240 240 2014 7 1 18 57 16 2 69
8 18 1 36.41 -106.39 360 208 240 240 2014 7 1 18 58 6 2 69
8 18 1 36.288 -106.47 360 207 239 240 2014 7 1 18 59 15 2 69
8 18 1 36.221 -106.51 360 207 235 240 2014 7 1 19 0 6 2 69
8 18 1 36.142 -106.56 359 206 227 240 2014 7 1 19 1 6 2 69
8 18 1 36.001 -106.62 357 202 214 240 2014 7 1 19 2 6 2 69
8 18 1 35.902 -106.62 357 182 214 240 2014 7 1 19 3 16 2 69
8 18 1 35.887 -106.63 363 192 201 240 2014 7 1 19 4 16 2 69
8 18 1 35.787 -106.63 369 189 187 240 2014 7 1 19 5 6 2 69
8 18 1 35.609 -106.64 374 182 160 240 2014 7 1 19 6 6 2 69
8 18 1 35.514 -106.64 342 182 140 240 2014 7 1 19 7 6 2 69
8 18 1 35.422 -106.66 327 181 130 240 2014 7 1 19 8 6 2 80
8 18 1 35.399 -106.66 309 185 130 240 2014 7 1 19 9 6 2 80
8 18 1 35.327 -106.7 276 200 120 240 2014 7 1 19 10 6 2 80
8 18 1 35.184 -106.72 302 191 102 240 2014 7 1 19 11 6 2 80
8 18 1 35.104 -106.73 284 183 90 240 2014 7 1 19 12 16 2 80
8 18 1 35.072 -106.74 273 184 82 240 2014 7 1 19 13 6 2 80
8 18 1 35.045 -106.69 121 155 64 240 2014 7 1 19 14 15 2 80
8 18 1 35.045 -106.67 136 76 62 240 2014 7 1 19 15 16 2 80
8 18 1 35.044 -106.64 116 66 58 240 2014 7 1 19 16 6 2 80
8 18 1 35.044 -106.63 128 92 56 240 2014 7 1 19 17 6 2 80
9 18 1 39.8 -104.67 194 0 68 260 2014 7 1 21 34 6 6 233
9 18 1 39.733 -104.63 251 168 91 260 2014 7 1 21 35 16 6 233
9 18 1 39.65 -104.65 291 177 113 260 2014 7 1 21 36 6 6 233
9 18 1 39.55 -104.65 336 186 133 260 2014 7 1 21 37 6 6 233
9 18 1 39.467 -104.67 341 186 153 260 2014 7 1 21 38 16 6 233
9 18 1 39.401 -104.68 337 188 164 260 2014 7 1 21 39 6 6 233
9 18 1 39.301 -104.7 361 186 178 260 2014 7 1 21 40 6 6 233
9 18 1 39.189 -104.72 378 187 189 260 2014 7 1 21 41 6 6 233
9 18 1 39.091 -104.73 377 187 203 260 2014 7 1 21 42 6 6 236
9 18 1 38.991 -104.77 373 187 215 260 2014 7 1 21 43 15 6 236
9 18 1 38.874 -104.84 383 192 229 260 2014 7 1 21 44 16 6 236
9 18 1 38.778 -104.9 380 201 243 260 2014 7 1 21 45 16 6 236
9 18 1 38.681 -104.96 385 205 252 260 2014 7 1 21 46 12 6 236
9 18 1 38.582 -105.03 399 206 258 260 2014 7 1 21 47 6 6 236
9 18 1 38.478 -105.11 416 207 260 260 2014 7 1 21 48 6 6 236
9 18 1 38.371 -105.18 431 208 260 260 2014 7 1 21 49 16 6 236
9 18 1 38.263 -105.25 437 208 260 260 2014 7 1 21 50 6 6 236
9 18 1 38.149 -105.3 437 199 260 260 2014 7 1 21 51 6 6 236
9 18 1 38.026 -105.42 439 208 260 300 2014 7 1 21 52 6 6 236
9 18 1 37.92 -105.49 436 208 265 300 2014 7 1 21 53 6 6 236
9 18 1 37.803 -105.57 436 207 276 300 2014 7 1 21 54 6 6 266
9 18 1 37.703 -105.63 427 208 285 300 2014 7 1 21 55 15 6 266
9 18 1 37.575 -105.69 429 207 291 300 2014 7 1 21 56 6 6 266
9 18 1 37.563 -105.7 428 199 291 300 2014 7 1 21 57 6 6 266
9 18 1 37.357 -105.79 435 201 300 300 2014 7 1 21 58 16 6 266
9 18 1 37.334 -105.8 436 200 301 300 2014 7 1 21 59 6 6 266
9 18 1 37.114 -105.91 443 200 300 300 2014 7 1 22 0 6 6 266
9 18 1 36.984 -105.97 443 200 300 300 2014 7 1 22 1 10 6 266
9 18 1 36.984 -105.97 447 200 300 300 2014 7 1 22 2 6 6 266
9 18 1 36.869 -106.02 445 200 300 300 2014 7 1 22 3 6 6 266
9 18 1 36.73 -106.08 445 199 300 300 2014 7 1 22 4 6 6 266
9 18 1 36.613 -106.14 445 201 300 300 2014 7 1 22 5 6 2 99
9 18 1 36.496 -106.19 445 198 294 8 2014 7 1 22 6 6 2 99
9 18 1 36.374 -106.25 457 200 290 8 2014 7 1 22 7 6 2 99
9 18 1 36.244 -106.26 470 187 277 8 2014 7 1 22 8 15 2 69
9 18 1 36.119 -106.3 467 193 262 8 2014 7 1 22 9 6 2 69
9 18 1 35.975 -106.32 435 194 244 8 2014 7 1 22 10 6 2 69
9 18 1 35.853 -106.32 420 188 228 8 2014 7 1 22 11 6 2 69
9 18 1 35.745 -106.34 400 171 213 8 2014 7 1 22 12 16 2 69
9 18 1 35.636 -106.44 387 202 189 8 2014 7 1 22 13 16 2 69
9 18 1 35.577 -106.49 382 215 178 8 2014 7 1 22 14 16 2 69
9 18 1 35.523 -106.58 334 216 163 8 2014 7 1 22 15 16 2 69
9 18 1 35.441 -106.66 325 209 141 8 2014 7 1 22 16 6 2 69
9 18 1 35.361 -106.7 316 214 123 8 2014 7 1 22 17 6 2 80
9 18 1 35.282 -106.74 313 203 108 8 2014 7 1 22 18 6 2 80
9 18 1 35.208 -106.79 303 204 99 8 2014 7 1 22 19 6 2 80
9 18 1 35.137 -106.83 290 207 96 8 2014 7 1 22 20 6 2 80
9 18 1 35.062 -106.83 274 199 82 8 2014 7 1 22 21 6 2 80
9 18 1 35.044 -106.76 229 138 74 8 2014 7 1 22 22 15 2 80
9 18 1 35.044 -106.69 160 91 65 8 2014 7 1 22 23 6 2 80
9 18 1 35.044 -106.64 156 92 57 8 2014 7 1 22 24 16 2 80
10 18 1 39.783 -104.65 212 0 75 360 2014 7 2 20 41 6 6 233
10 18 1 39.717 -104.62 283 170 93 360 2014 7 2 20 42 6 6 233
10 18 1 39.633 -104.58 333 160 102 360 2014 7 2 20 43 6 6 233
10 18 1 39.533 -104.6 362 170 128 360 2014 7 2 20 44 6 6 233
10 18 1 39.45 -104.63 384 192 148 360 2014 7 2 20 45 6 6 233
10 18 1 39.388 -104.65 392 197 161 360 2014 7 2 20 46 6 6 233
10 18 1 39.279 -104.68 401 191 177 360 2014 7 2 20 47 6 6 233
10 18 1 39.158 -104.71 413 194 198 360 2014 7 2 20 48 6 6 233
10 18 1 39.058 -104.73 422 191 215 360 2014 7 2 20 49 6 6 236
10 18 1 38.928 -104.81 428 191 234 320 2014 7 2 20 50 6 6 236
10 18 1 38.816 -104.88 433 199 251 320 2014 7 2 20 51 6 6 236
10 18 1 38.707 -104.95 440 203 266 320 2014 7 2 20 52 9 6 236
10 18 1 38.596 -105.03 450 205 278 320 2014 7 2 20 53 6 6 266
10 18 1 38.482 -105.1 456 205 293 320 2014 7 2 20 54 16 6 266
10 18 1 38.366 -105.16 456 208 311 320 2014 7 2 20 55 6 6 266
10 18 1 38.216 -105.2 455 205 319 320 2014 7 2 20 56 6 6 266
10 18 1 38.092 -105.23 455 196 319 320 2014 7 2 20 57 6 6 266
10 18 1 37.97 -105.26 455 190 319 320 2014 7 2 20 58 6 6 266
10 18 1 37.85 -105.29 448 190 319 320 2014 7 2 20 59 6 6 266
10 18 1 37.727 -105.32 449 190 319 320 2014 7 2 21 0 6 6 266
10 18 1 37.58 -105.36 451 190 319 320 2014 7 2 21 1 6 6 266
10 18 1 37.458 -105.39 451 191 319 320 2014 7 2 21 2 6 6 266
10 18 1 37.34 -105.42 451 191 319 320 2014 7 2 21 3 6 6 266
10 18 1 37.285 -105.43 452 191 319 320 2014 7 2 21 4 6 6 266
10 18 1 37.164 -105.46 450 190 319 320 2014 7 2 21 5 6 6 266
10 18 1 37.042 -105.49 449 191 319 320 2014 7 2 21 6 6 6 266
10 18 1 36.936 -105.56 446 201 319 320 2014 7 2 21 7 6 6 266
10 18 1 36.822 -105.67 437 217 319 320 2014 7 2 21 8 6 6 266
10 18 1 36.729 -105.76 436 218 319 320 2014 7 2 21 9 16 6 266
10 18 1 36.634 -105.86 437 217 319 320 2014 7 2 21 10 6 2 99
10 18 1 36.538 -105.96 437 217 319 320 2014 7 2 21 11 6 2 99
10 18 1 36.441 -106.05 437 219 319 320 2014 7 2 21 12 6 2 99
10 18 1 36.345 -106.14 438 217 319 320 2014 7 2 21 13 6 2 99
10 18 1 36.23 -106.25 438 218 302 320 2014 7 2 21 14 6 2 99
10 18 1 36.129 -106.35 452 217 269 320 2014 7 2 21 15 6 2 69
10 18 1 36.039 -106.45 444 217 245 320 2014 7 2 21 16 6 2 69
10 18 1 35.946 -106.53 438 221 234 320 2014 7 2 21 17 15 2 69
10 18 1 35.821 -106.58 431 218 208 320 2014 7 2 21 18 6 2 69
10 18 1 35.709 -106.6 414 206 184 320 2014 7 2 21 19 16 2 69
10 18 1 35.599 -106.61 402 193 160 320 2014 7 2 21 20 6 2 69
10 18 1 35.469 -106.64 339 187 150 320 2014 7 2 21 21 6 2 69
10 18 1 35.41 -106.67 335 190 138 320 2014 7 2 21 22 6 2 80
10 18 1 35.311 -106.71 314 198 120 320 2014 7 2 21 23 6 2 80
10 18 1 35.224 -106.74 288 198 105 320 2014 7 2 21 24 6 2 80
10 18 1 35.159 -106.77 279 197 89 320 2014 7 2 21 25 6 2 80
10 18 1 35.151 -106.77 274 197 88 320 2014 7 2 21 26 6 2 80
10 18 1 35.009 -106.76 215 176 81 320 2014 7 2 21 27 15 2 80
10 18 1 34.976 -106.72 191 135 71 320 2014 7 2 21 28 6 2 80
10 18 1 35.007 -106.66 191 53 71 320 2014 7 2 21 29 6 2 80
10 18 1 34.993 -106.66 182 68 61 320 2014 7 2 21 30 6 2 80
11 18 1 39.859 -104.67 270 0 54 360 2014 7 2 4 20 15 6 233
12 18 1 38.904 -104.83 440 198 313 360 2014 7 2 4 31 6 6 266
12 18 1 38.689 -104.96 432 190 340 360 2014 7 2 4 32 15 6 265
12 18 1 38.587 -105.03 423 191 340 360 2014 7 2 4 33 15 6 265
12 18 1 38.483 -105.1 423 206 340 360 2014 7 2 4 34 15 6 265
12 18 1 38.38 -105.18 423 208 340 360 2014 7 2 4 35 15 6 265
12 18 1 38.269 -105.25 423 208 340 360 2014 7 2 4 36 15 6 265
12 18 1 38.166 -105.32 422 208 340 360 2014 7 2 4 37 15 6 265
12 18 1 38.084 -105.38 417 208 340 360 2014 7 2 4 38 15 6 265
12 18 1 37.961 -105.46 423 207 360 360 2014 7 2 4 39 15 6 265
12 18 1 37.857 -105.53 422 208 360 360 2014 7 2 4 40 15 6 265
12 18 1 37.69 -105.64 420 207 360 360 2014 7 2 4 41 15 6 265
12 18 1 37.579 -105.69 422 202 360 360 2014 7 2 4 42 15 6 265
12 18 1 37.445 -105.75 422 200 360 360 2014 7 2 4 43 15 6 265
12 18 1 37.336 -105.8 423 200 360 360 2014 7 2 4 44 15 6 265
12 18 1 37.223 -105.86 424 200 360 360 2014 7 2 4 45 15 6 265
12 18 1 37.113 -105.91 425 200 360 360 2014 7 2 4 46 7 6 265
12 18 1 37.001 -105.96 424 200 360 360 2014 7 2 4 47 16 6 265
12 18 1 36.959 -105.98 424 199 360 360 2014 7 2 4 48 15 6 265
12 18 1 36.849 -106.03 424 200 360 360 2014 7 2 4 49 15 6 265
12 18 1 36.734 -106.08 424 200 360 360 2014 7 2 4 50 15 6 265
12 18 1 36.558 -106.16 425 200 352 360 2014 7 2 4 51 15 2 99
12 18 1 36.443 -106.22 426 199 343 360 2014 7 2 4 52 15 2 99
12 18 1 36.334 -106.26 426 199 322 360 2014 7 2 4 53 15 2 99
12 18 1 36.221 -106.31 427 199 299 360 2014 7 2 4 54 15 2 99
12 18 1 36.176 -106.33 425 199 290 360 2014 7 2 4 55 7 2 99
12 18 1 36.005 -106.41 416 199 254 360 2014 7 2 4 56 15 2 69
12 18 1 35.892 -106.43 416 189 254 360 2014 7 2 4 57 15 2 69
12 18 1 35.878 -106.46 415 195 228 360 2014 7 2 4 58 15 2 69
12 18 1 35.775 -106.5 393 198 206 360 2014 7 2 4 59 16 2 69
12 18 1 35.636 -106.56 373 198 177 360 2014 7 2 5 0 15 2 69
12 18 1 35.535 -106.61 359 197 160 360 2014 7 2 5 1 15 2 69
12 18 1 35.447 -106.65 344 203 140 360 2014 7 2 5 2 15 2 69
12 18 1 35.363 -106.7 331 203 123 360 2014 7 2 5 3 6 2 80
12 18 1 35.278 -106.75 314 203 103 360 2014 7 2 5 4 15 2 80
12 18 1 35.205 -106.79 293 205 90 360 2014 7 2 5 5 15 2 80
12 18 1 35.189 -106.89 262 236 86 360 2014 7 2 5 6 6 2 80
12 18 1 35.126 -106.9 224 231 80 360 2014 7 2 5 7 15 2 80
12 18 1 35.075 -106.86 225 173 80 360 2014 7 2 5 8 15 2 80
12 18 1 35.044 -106.79 185 131 78 360 2014 7 2 5 9 15 2 80
12 18 1 35.044 -106.74 140 101 71 360 2014 7 2 5 10 15 2 80
12 18 1 35.044 -106.69 139 90 64 360 2014 7 2 5 11 15 2 80
12 18 1 35.043 -106.65 123 90 58 360 2014 7 2 5 12 15 2 80
12 18 1 35.044 -106.63 125 91 55 360 2014 7 2 5 13 15 2 80
13 18 1 39.859 -104.67 270 0 54 360 2014 7 2 1 32 15 6 233
13 18 1 39.767 -104.63 230 198 80 360 2014 7 2 1 35 6 6 233
13 18 1 39.621 -104.63 256 184 127 360 2014 7 2 1 36 6 6 233
13 18 1 39.544 -104.65 273 173 145 360 2014 7 2 1 37 15 6 233
13 18 1 39.463 -104.66 293 182 169 360 2014 7 2 1 38 6 6 233
13 18 1 39.375 -104.68 298 187 183 360 2014 7 2 1 39 6 6 233
13 18 1 39.289 -104.69 310 191 200 360 2014 7 2 1 40 6 6 233
13 18 1 39.207 -104.71 315 188 216 360 2014 7 2 1 41 6 6 233
13 18 1 39.117 -104.72 329 188 232 360 2014 7 2 1 42 6 6 233
13 18 1 39.026 -104.74 334 187 249 360 2014 7 2 1 43 6 6 236
13 18 1 38.92 -104.78 326 188 268 360 2014 7 2 1 44 16 6 236
13 18 1 38.84 -104.84 325 193 286 360 2014 7 2 1 45 6 6 266
13 18 1 38.757 -104.89 328 203 293 360 2014 7 2 1 46 8 6 266
13 18 1 38.672 -104.97 365 207 299 360 2014 7 2 1 47 16 6 266
13 18 1 38.618 -105.07 352 211 317 360 2014 7 2 1 48 16 6 266
13 18 1 38.564 -105.17 351 224 330 360 2014 7 2 1 49 15 6 266
13 18 1 38.51 -105.28 351 236 340 360 2014 7 2 1 50 15 6 265
13 18 1 38.452 -105.38 360 236 340 360 2014 7 2 1 51 6 6 265
13 18 1 38.381 -105.53 399 235 340 360 2014 7 2 1 52 16 6 265
13 18 1 38.332 -105.64 418 247 340 360 2014 7 2 1 53 15 6 265
13 18 1 38.269 -105.81 429 239 340 360 2014 7 2 1 54 6 6 265
13 18 1 38.226 -105.95 430 243 351 360 2014 7 2 1 55 15 6 268
13 18 1 38.185 -106.08 418 246 360 360 2014 7 2 1 56 8 6 253
13 18 1 38.122 -106.2 432 248 360 360 2014 7 2 1 57 6 6 253
13 18 1 38.004 -106.24 443 242 360 360 2014 7 2 1 58 6 6 259
13 18 1 37.88 -106.25 446 203 368 370 2014 7 2 1 59 16 6 259
13 18 1 37.757 -106.26 438 189 370 370 2014 7 2 2 0 16 6 259
13 18 1 37.626 -106.28 427 183 370 370 2014 7 2 2 1 6 6 259
13 18 1 37.512 -106.3 427 185 370 370 2014 7 2 2 2 6 6 259
13 18 1 37.379 -106.32 428 186 370 370 2014 7 2 2 3 15 6 259
13 18 1 37.266 -106.34 428 186 370 370 2014 7 2 2 4 16 6 259
13 18 1 37.208 -106.34 428 187 370 370 2014 7 2 2 5 6 6 259
13 18 1 37.093 -106.36 430 185 370 370 2014 7 2 2 6 6 6 259
13 18 1 36.958 -106.38 432 186 370 370 2014 7 2 2 7 6 6 259
13 18 1 36.842 -106.4 433 186 370 370 2014 7 2 2 8 6 6 259
13 18 1 36.66 -106.42 438 186 370 370 2014 7 2 2 9 15 6 259
13 18 1 36.612 -106.43 435 186 370 370 2014 7 2 2 10 6 6 259
13 18 1 36.465 -106.43 441 185 364 370 2014 7 2 2 11 15 2 99
13 18 1 36.343 -106.39 447 167 338 370 2014 7 2 2 12 16 2 99
13 18 1 36.221 -106.36 447 167 312 370 2014 7 2 2 13 16 2 99
13 18 1 36.099 -106.32 448 166 290 370 2014 7 2 2 14 6 2 99
13 18 1 35.981 -106.29 444 166 273 370 2014 7 2 2 15 15 2 69
13 18 1 35.856 -106.26 435 166 246 370 2014 7 2 2 16 6 2 69
13 18 1 35.736 -106.22 437 167 220 370 2014 7 2 2 17 16 2 69
13 18 1 35.632 -106.2 420 167 200 370 2014 7 2 2 18 6 2 69
13 18 1 35.528 -106.21 383 168 183 370 2014 7 2 2 19 15 2 69
13 18 1 35.43 -106.22 361 187 166 370 2014 7 2 2 20 6 2 69
13 18 1 35.324 -106.24 344 187 150 370 2014 7 2 2 21 15 2 69
13 18 1 35.249 -106.26 312 193 136 370 2014 7 2 2 22 15 2 69
13 18 1 35.233 -106.35 287 265 129 370 2014 7 2 2 23 15 2 69
13 18 1 35.249 -106.45 286 277 130 370 2014 7 2 2 24 6 2 80
13 18 1 35.246 -106.55 276 271 130 370 2014 7 2 2 25 16 2 80
13 18 1 35.233 -106.64 266 260 113 370 2014 7 2 2 26 15 2 80
13 18 1 35.171 -106.68 248 210 91 370 2014 7 2 2 27 16 2 80
13 18 1 35.109 -106.69 196 196 67 370 2014 7 2 2 28 16 2 80
13 18 1 35.068 -106.69 170 176 63 370 2014 7 2 2 29 15 2 80
13 18 1 35.044 -106.65 154 117 58 370 2014 7 2 2 30 6 2 80
14 18 1 39.818 -104.64 164 0 74 360 2014 7 2 14 0 6 6 233
14 18 1 39.761 -104.63 213 156 103 360 2014 7 2 14 1 6 6 233
14 18 1 39.677 -104.62 293 171 135 360 2014 7 2 14 2 6 6 233
14 18 1 39.65 -104.63 327 176 146 360 2014 7 2 14 3 6 6 233
14 18 1 39.55 -104.65 377 189 180 360 2014 7 2 14 4 6 6 233
14 18 1 39.358 -104.68 404 187 231 360 2014 7 2 14 5 16 6 233
14 18 1 39.238 -104.7 427 187 264 360 2014 7 2 14 6 6 6 236
14 18 1 39.127 -104.76 427 200 264 360 2014 7 2 14 7 6 6 236
14 18 1 38.998 -104.77 430 187 322 360 2014 7 2 14 8 16 6 266
14 18 1 38.887 -104.82 430 200 322 360 2014 7 2 14 9 6 6 266
14 18 1 38.787 -104.9 419 200 360 360 2014 7 2 14 10 16 6 265
14 18 1 38.787 -104.9 419 200 360 360 2014 7 2 14 11 7 6 265
14 18 1 38.682 -104.97 421 203 360 360 2014 7 2 14 12 6 6 265
14 18 1 38.558 -105.05 422 206 360 360 2014 7 2 14 13 6 6 265
14 18 1 38.455 -105.12 422 208 360 360 2014 7 2 14 14 16 6 265
14 18 1 38.254 -105.26 422 208 360 360 2014 7 2 14 15 15 6 265
14 18 1 38.143 -105.31 422 199 360 360 2014 7 2 14 16 16 6 265
14 18 1 38.154 -105.33 414 205 360 360 2014 7 2 14 17 16 6 265
14 18 1 38.034 -105.41 411 205 360 360 2014 7 2 14 18 16 6 265
14 18 1 37.936 -105.48 404 205 360 360 2014 7 2 14 19 7 6 265
14 18 1 37.839 -105.54 400 208 360 360 2014 7 2 14 20 16 6 265
14 18 1 37.741 -105.61 401 204 360 360 2014 7 2 14 21 6 6 265
14 18 1 37.638 -105.66 401 205 360 360 2014 7 2 14 22 16 6 265
14 18 1 37.516 -105.72 406 200 360 360 2014 7 2 14 23 15 6 265
14 18 1 37.416 -105.77 405 200 360 360 2014 7 2 14 24 15 6 265
14 18 1 37.234 -105.85 404 200 360 360 2014 7 2 14 25 16 6 265
14 18 1 37.199 -105.87 401 200 360 360 2014 7 2 14 26 6 6 265
14 18 1 37.1 -105.91 400 201 360 360 2014 7 2 14 27 6 6 265
14 18 1 36.989 -105.96 401 199 360 360 2014 7 2 14 28 6 6 265
14 18 1 36.887 -106.01 399 200 360 360 2014 7 2 14 29 6 6 265
14 18 1 36.763 -106.07 398 200 360 360 2014 7 2 14 30 16 6 265
14 18 1 36.676 -106.11 398 199 360 360 2014 7 2 14 31 6 2 99
14 18 1 36.551 -106.17 398 200 349 360 2014 7 2 14 32 16 2 99
14 18 1 36.447 -106.21 396 199 334 360 2014 7 2 14 33 16 2 99
14 18 1 36.339 -106.26 410 199 310 360 2014 7 2 14 34 16 2 99
14 18 1 36.226 -106.31 428 199 295 360 2014 7 2 14 35 6 2 99
14 18 1 36.113 -106.36 429 199 284 360 2014 7 2 14 36 6 2 69
14 18 1 36.044 -106.39 428 199 269 360 2014 7 2 14 37 16 2 69
14 18 1 35.917 -106.45 408 199 242 360 2014 7 2 14 38 6 2 69
14 18 1 35.808 -106.49 407 199 220 360 2014 7 2 14 39 6 2 69
14 18 1 35.698 -106.53 408 198 196 360 2014 7 2 14 40 6 2 69
14 18 1 35.598 -106.57 396 199 176 360 2014 7 2 14 41 6 2 69
14 18 1 35.476 -106.64 372 203 152 360 2014 7 2 14 42 6 2 69
14 18 1 35.389 -106.69 339 204 132 360 2014 7 2 14 43 6 2 80
14 18 1 35.311 -106.73 331 203 114 360 2014 7 2 14 44 6 2 80
14 18 1 35.233 -106.77 288 205 98 360 2014 7 2 14 45 6 2 80
14 18 1 35.158 -106.78 245 189 89 360 2014 7 2 14 46 11 2 80
14 18 1 35.115 -106.72 245 129 89 360 2014 7 2 14 47 6 2 80
14 18 1 35.049 -106.74 202 151 76 360 2014 7 2 14 48 6 2 80
14 18 1 35.045 -106.69 171 96 64 360 2014 7 2 14 49 6 2 80
14 18 1 35.044 -106.64 150 90 57 360 2014 7 2 14 50 6 2 80
15 18 1 39.859 -104.67 238 0 54 240 2014 7 2 14 17 16 6 233
15 18 1 39.7 -104.7 273 17 103 240 2014 7 2 14 19 7 6 233
15 18 1 39.617 -104.75 289 202 119 240 2014 7 2 14 20 16 6 233
15 18 1 39.549 -104.79 295 202 134 240 2014 7 2 14 21 6 6 233
15 18 1 39.473 -104.84 311 207 148 240 2014 7 2 14 22 16 6 233
15 18 1 39.393 -104.9 302 204 162 240 2014 7 2 14 23 15 6 233
15 18 1 39.316 -104.95 313 207 171 240 2014 7 2 14 24 15 6 233
15 18 1 39.232 -105 340 207 171 200 2014 7 2 14 25 16 6 233
15 18 1 39.137 -105.07 348 206 175 200 2014 7 2 14 26 6 6 236
15 18 1 39.049 -105.12 341 204 177 220 2014 7 2 14 27 6 6 236
15 18 1 38.959 -105.17 347 205 182 220 2014 7 2 14 28 6 6 236
15 18 1 38.874 -105.22 350 203 190 220 2014 7 2 14 29 6 6 236
15 18 1 38.788 -105.27 348 204 196 220 2014 7 2 14 30 16 6 236
15 18 1 38.685 -105.33 344 202 208 220 2014 7 2 14 31 6 6 236
15 18 1 38.599 -105.38 342 204 218 220 2014 7 2 14 32 16 6 236
15 18 1 38.511 -105.42 343 201 220 220 2014 7 2 14 33 16 6 236
15 18 1 38.413 -105.45 361 202 220 220 2014 7 2 14 34 16 6 236
15 18 1 38.312 -105.49 373 197 220 220 2014 7 2 14 35 6 6 236
15 18 1 38.212 -105.52 374 194 220 220 2014 7 2 14 36 6 6 236
15 18 1 38.089 -105.56 379 195 221 220 2014 7 2 14 37 16 6 236
15 18 1 37.987 -105.6 380 195 220 220 2014 7 2 14 38 6 6 236
15 18 1 37.885 -105.63 380 195 220 220 2014 7 2 14 39 6 6 236
15 18 1 37.781 -105.67 384 194 220 220 2014 7 2 14 40 6 6 236
15 18 1 37.676 -105.7 383 195 220 220 2014 7 2 14 41 6 6 236
15 18 1 37.678 -105.7 384 194 220 220 2014 7 2 14 42 6 6 236
15 18 1 37.45 -105.78 385 194 220 220 2014 7 2 14 43 6 6 236
15 18 1 37.448 -105.78 384 194 220 220 2014 7 2 14 44 6 6 236
15 18 1 37.348 -105.82 385 196 220 220 2014 7 2 14 45 6 6 236
15 18 1 37.14 -105.92 381 200 220 220 2014 7 2 14 46 11 6 236
15 18 1 37.151 -105.91 379 200 220 220 2014 7 2 14 47 6 6 236
15 18 1 37.041 -105.96 379 198 220 220 2014 7 2 14 48 6 6 236
15 18 1 36.944 -106 378 198 220 220 2014 7 2 14 49 6 6 236
15 18 1 36.835 -106.05 375 199 220 220 2014 7 2 14 50 6 6 236
15 18 1 36.746 -106.09 376 199 220 220 2014 7 2 14 51 6 6 236
15 18 1 36.648 -106.13 376 199 220 220 2014 7 2 14 52 16 2 69
15 18 1 36.537 -106.18 374 199 220 220 2014 7 2 14 53 6 2 69
15 18 1 36.438 -106.22 374 199 220 220 2014 7 2 14 54 7 2 69
15 18 1 36.332 -106.27 375 197 220 220 2014 7 2 14 55 16 2 69
15 18 1 36.221 -106.31 374 199 220 220 2014 7 2 14 56 6 2 69
15 18 1 36.122 -106.36 375 199 220 220 2014 7 2 14 57 16 2 69
15 18 1 36.038 -106.39 373 199 220 220 2014 7 2 14 58 6 2 69
15 18 1 35.92 -106.44 373 199 220 220 2014 7 2 14 59 6 2 69
15 18 1 35.818 -106.49 374 199 215 220 2014 7 2 15 0 6 2 69
15 18 1 35.708 -106.53 390 199 189 220 2014 7 2 15 1 6 2 69
15 18 1 35.603 -106.58 390 199 168 220 2014 7 2 15 2 6 2 69
15 18 1 35.479 -106.63 368 197 135 220 2014 7 2 15 3 16 2 69
15 18 1 35.415 -106.66 350 201 119 220 2014 7 2 15 4 6 2 80
15 18 1 35.334 -106.69 309 198 107 220 2014 7 2 15 5 6 2 80
15 18 1 35.257 -106.73 298 199 96 220 2014 7 2 15 6 6 2 80
15 18 1 35.237 -106.73 281 199 93 220 2014 7 2 15 7 6 2 80
15 18 1 35.096 -106.77 230 187 80 220 2014 7 2 15 8 16 2 80
15 18 1 35.059 -106.76 208 183 77 220 2014 7 2 15 9 6 2 80
15 18 1 35.044 -106.68 169 102 64 220 2014 7 2 15 10 6 2 80
15 18 1 35.044 -106.63 150 97 56 220 2014 7 2 15 11 6 2 80
15 18 1 35.044 -106.63 130 90 55 220 2014 7 2 15 12 6 2 80
16 18 1 39.859 -104.67 238 0 54 240 2014 7 2 19 7 6 6 233
16 18 1 39.8 -104.67 181 0 69 240 2014 7 2 19 8 6 6 233
16 18 1 39.75 -104.68 223 179 85 240 2014 7 2 19 9 6 6 233
16 18 1 39.614 -104.74 255 192 120 240 2014 7 2 19 10 6 6 233
16 18 1 39.55 -104.78 261 199 132 240 2014 7 2 19 11 6 6 233
16 18 1 39.553 -104.78 254 209 134 240 2014 7 2 19 12 6 6 233
16 18 1 39.482 -104.83 266 210 149 240 2014 7 2 19 13 6 6 233
16 18 1 39.416 -104.88 267 207 162 240 2014 7 2 19 14 6 6 233
16 18 1 39.348 -104.92 272 205 175 240 2014 7 2 19 15 6 6 233
16 18 1 39.274 -104.97 277 208 183 240 2014 7 2 19 16 17 6 233
16 18 1 39.202 -105.02 291 208 192 240 2014 7 2 19 17 6 6 233
16 18 1 39.129 -105.07 290 207 202 240 2014 7 2 19 18 16 6 236
16 18 1 39.054 -105.11 289 204 211 240 2014 7 2 19 19 16 6 236
16 18 1 38.979 -105.16 291 205 221 240 2014 7 2 19 20 6 6 236
16 18 1 38.888 -105.21 297 204 232 240 2014 7 2 19 21 6 6 236
16 18 1 38.814 -105.25 297 204 240 240 2014 7 2 19 22 16 6 236
16 18 1 38.737 -105.3 297 204 240 240 2014 7 2 19 23 16 6 236
16 18 1 38.655 -105.34 305 203 240 240 2014 7 2 19 24 6 6 236
16 18 1 38.564 -105.4 334 203 240 240 2014 7 2 19 25 6 6 236
16 18 1 38.464 -105.43 362 201 240 240 2014 7 2 19 26 6 6 236
16 18 1 38.346 -105.47 368 200 240 240 2014 7 2 19 27 6 6 236
16 18 1 38.248 -105.51 367 195 240 240 2014 7 2 19 28 6 6 236
16 18 1 38.148 -105.54 368 195 240 240 2014 7 2 19 29 6 6 236
16 18 1 38.048 -105.58 371 195 240 240 2014 7 2 19 30 6 6 236
16 18 1 37.948 -105.61 371 195 240 240 2014 7 2 19 31 6 6 236
16 18 1 37.828 -105.65 373 195 240 240 2014 7 2 19 32 6 6 236
16 18 1 37.725 -105.69 380 195 240 240 2014 7 2 19 33 15 6 236
16 18 1 37.626 -105.72 375 194 240 240 2014 7 2 19 34 6 6 236
16 18 1 37.526 -105.76 375 195 240 240 2014 7 2 19 35 6 6 236
16 18 1 37.427 -105.79 372 194 240 240 2014 7 2 19 36 6 6 236
16 18 1 37.343 -105.81 378 194 240 240 2014 7 2 19 37 7 6 236
16 18 1 37.243 -105.84 377 194 240 240 2014 7 2 19 38 6 6 236
16 18 1 37.139 -105.85 385 188 240 240 2014 7 2 19 39 6 6 236
16 18 1 36.996 -105.87 379 184 240 240 2014 7 2 19 40 6 6 236
16 18 1 36.931 -105.87 378 184 240 240 2014 7 2 19 41 6 6 236
16 18 1 36.825 -105.89 379 185 240 240 2014 7 2 19 42 16 6 236
16 18 1 36.721 -105.9 378 184 240 240 2014 7 2 19 43 6 6 236
16 18 1 36.675 -105.9 377 184 240 240 2014 7 2 19 44 6 2 69
16 18 1 36.571 -105.91 375 185 240 240 2014 7 2 19 45 6 2 69
16 18 1 36.39 -105.94 372 185 240 240 2014 7 2 19 46 6 2 69
16 18 1 36.286 -105.95 372 185 240 240 2014 7 2 19 47 6 2 69
16 18 1 36.19 -106 375 186 240 240 2014 7 2 19 48 6 2 69
16 18 1 36.108 -106.07 374 212 240 240 2014 7 2 19 49 6 2 69
16 18 1 36.023 -106.14 374 215 240 240 2014 7 2 19 50 6 2 69
16 18 1 36.024 -106.14 373 216 240 240 2014 7 2 19 51 6 2 69
16 18 1 35.924 -106.23 370 216 239 240 2014 7 2 19 52 16 2 69
16 18 1 35.834 -106.31 375 215 220 240 2014 7 2 19 53 6 2 69
16 18 1 35.747 -106.38 381 214 201 240 2014 7 2 19 54 6 2 69
16 18 1 35.662 -106.46 380 215 183 240 2014 7 2 19 55 6 2 69
16 18 1 35.578 -106.53 374 215 168 240 2014 7 2 19 56 6 2 69
16 18 1 35.482 -106.61 363 214 146 240 2014 7 2 19 57 15 2 69
16 18 1 35.395 -106.65 341 204 127 240 2014 7 2 19 58 6 2 80
16 18 1 35.311 -106.68 309 192 114 240 2014 7 2 19 59 16 2 80
16 18 1 35.24 -106.72 293 202 101 240 2014 7 2 20 0 6 2 80
16 18 1 35.159 -106.75 265 201 88 240 2014 7 2 20 1 7 2 80
16 18 1 35.094 -106.76 230 188 78 240 2014 7 2 20 2 16 2 80
16 18 1 35.048 -106.72 200 157 69 240 2014 7 2 20 3 6 2 80
16 18 1 35.044 -106.67 168 99 61 240 2014 7 2 20 4 6 2 80
16 18 1 35.044 -106.62 137 91 54 240 2014 7 2 20 5 6 2 80
17 18 1 39.883 -104.6 170 0 65 360 2014 7 3 20 35 6 6 233
17 18 1 39.85 -104.53 224 64 84 360 2014 7 3 20 36 6 6 233
17 18 1 39.817 -104.47 256 116 102 360 2014 7 3 20 37 6 6 233
17 18 1 39.733 -104.5 344 184 116 360 2014 7 3 20 38 6 6 233
17 18 1 39.633 -104.53 369 195 145 360 2014 7 3 20 39 6 6 233
17 18 1 39.558 -104.56 369 194 167 360 2014 7 3 20 40 7 6 233
17 18 1 39.446 -104.6 384 197 194 360 2014 7 3 20 41 7 6 233
17 18 1 39.346 -104.63 386 195 218 360 2014 7 3 20 42 6 6 233
17 18 1 39.232 -104.6 414 195 241 360 2014 7 3 20 43 6 6 236
17 18 1 39.112 -104.57 449 179 261 360 2014 7 3 20 44 6 6 236
17 18 1 38.975 -104.52 425 168 296 360 2014 7 3 20 45 6 6 266
17 18 1 38.859 -104.49 425 166 308 360 2014 7 3 20 46 17 6 266
17 18 1 38.743 -104.53 437 177 318 360 2014 7 3 20 47 6 6 266
17 18 1 38.646 -104.63 454 182 330 360 2014 7 3 20 48 6 6 266
17 18 1 38.549 -104.73 451 207 330 360 2014 7 3 20 49 7 6 266
17 18 1 38.455 -104.84 450 219 330 360 2014 7 3 20 50 6 6 266
17 18 1 38.342 -104.96 447 220 330 360 2014 7 3 20 51 6 6 266
17 18 1 38.243 -105.07 446 214 330 360 2014 7 3 20 52 10 6 266
17 18 1 38.15 -105.17 445 220 330 360 2014 7 3 20 53 6 6 266
17 18 1 38.057 -105.27 444 220 330 360 2014 7 3 20 54 6 6 266
17 18 1 37.962 -105.37 443 213 330 320 2014 7 3 20 55 6 6 266
17 18 1 37.867 -105.47 444 219 330 320 2014 7 3 20 56 6 6 266
17 18 1 37.771 -105.57 449 220 330 320 2014 7 3 20 57 6 6 266
17 18 1 37.64 -105.66 458 219 330 320 2014 7 3 20 58 6 6 266
17 18 1 37.57 -105.69 454 213 330 320 2014 7 3 20 59 6 6 266
17 18 1 37.396 -105.77 457 199 330 320 2014 7 3 21 0 6 6 266
17 18 1 37.331 -105.8 455 200 330 320 2014 7 3 21 1 6 6 266
17 18 1 37.159 -105.83 444 187 330 320 2014 7 3 21 2 6 6 266
17 18 1 37.069 -105.84 440 188 327 320 2014 7 3 21 3 6 6 266
17 18 1 36.895 -105.88 437 190 320 320 2014 7 3 21 4 6 6 266
17 18 1 36.83 -105.89 438 188 320 320 2014 7 3 21 5 6 6 266
17 18 1 36.711 -105.92 436 189 320 320 2014 7 3 21 6 6 2 99
17 18 1 36.594 -105.94 435 189 320 320 2014 7 3 21 7 6 2 99
17 18 1 36.474 -105.97 435 190 320 160 2014 7 3 21 8 6 2 99
17 18 1 36.353 -106 435 190 320 160 2014 7 3 21 9 6 2 99
17 18 1 36.294 -106.01 437 189 320 160 2014 7 3 21 10 6 2 99
17 18 1 36.09 -106.06 437 190 287 160 2014 7 3 21 11 6 2 69
17 18 1 35.971 -106.1 442 191 253 160 2014 7 3 21 12 6 2 69
17 18 1 35.867 -106.18 442 212 253 160 2014 7 3 21 13 6 2 69
17 18 1 35.728 -106.2 433 197 208 160 2014 7 3 21 14 6 2 69
17 18 1 35.626 -106.26 414 197 181 160 2014 7 3 21 15 6 2 69
17 18 1 35.54 -106.35 409 210 160 160 2014 7 3 21 16 6 2 69
17 18 1 35.453 -106.43 396 218 159 160 2014 7 3 21 17 6 2 69
17 18 1 35.396 -106.48 345 217 152 160 2014 7 3 21 18 6 2 69
17 18 1 35.297 -106.58 360 218 109 160 2014 7 3 21 19 6 2 80
17 18 1 35.198 -106.59 360 185 109 160 2014 7 3 21 20 7 2 80
17 18 1 35.17 -106.69 257 217 94 160 2014 7 3 21 21 10 2 80
17 18 1 35.106 -106.72 224 207 79 160 2014 7 3 21 22 6 2 80
17 18 1 35.051 -106.7 178 191 67 160 2014 7 3 21 23 6 2 80
17 18 1 35.043 -106.65 159 137 58 160 2014 7 3 21 24 6 2 80
17 18 1 35.044 -106.62 169 99 54 160 2014 7 3 21 25 8 2 80
18 18 1 39.859 -104.67 258 0 54 360 2014 7 3 4 37 15 6 233
18 18 1 39.783 -104.63 214 198 80 360 2014 7 3 4 39 15 6 233
18 18 1 39.617 -104.63 348 169 126 360 2014 7 3 4 40 15 6 233
18 18 1 39.569 -104.64 352 180 142 360 2014 7 3 4 41 6 6 233
18 18 1 39.454 -104.66 388 188 172 360 2014 7 3 4 42 6 6 233
18 18 1 39.232 -104.7 405 188 221 360 2014 7 3 4 43 16 6 233
18 18 1 39.232 -104.7 405 188 221 360 2014 7 3 4 44 15 6 233
18 18 1 39.117 -104.75 453 192 243 360 2014 7 3 4 45 15 6 236
18 18 1 39.006 -104.81 437 193 266 360 2014 7 3 4 46 15 6 236
18 18 1 38.893 -104.88 439 200 287 360 2014 7 3 4 47 15 6 266
18 18 1 38.778 -104.94 450 204 307 360 2014 7 3 4 48 6 6 266
18 18 1 38.664 -105.01 450 204 329 360 2014 7 3 4 49 15 6 266
18 18 1 38.553 -105.07 441 204 352 360 2014 7 3 4 50 15 6 265
18 18 1 38.447 -105.13 423 203 360 360 2014 7 3 4 51 6 6 265
18 18 1 38.341 -105.19 423 202 360 360 2014 7 3 4 52 15 6 265
18 18 1 38.232 -105.25 424 204 360 360 2014 7 3 4 53 15 6 265
18 18 1 38.139 -105.37 426 203 360 360 2014 7 3 4 54 15 6 265
18 18 1 38.065 -105.48 425 228 360 360 2014 7 3 4 55 15 6 265
18 18 1 37.958 -105.55 438 229 360 360 2014 7 3 4 56 15 6 265
18 18 1 37.844 -105.6 437 210 360 360 2014 7 3 4 57 16 6 265
18 18 1 37.705 -105.66 434 199 360 360 2014 7 3 4 58 15 6 265
18 18 1 37.587 -105.71 443 199 360 360 2014 7 3 4 59 6 6 265
18 18 1 37.446 -105.78 447 199 360 360 2014 7 3 5 0 16 6 265
18 18 1 37.328 -105.83 450 199 360 360 2014 7 3 5 1 16 6 265
18 18 1 37.221 -105.88 448 199 360 360 2014 7 3 5 2 15 6 265
18 18 1 37.102 -105.93 448 198 360 360 2014 7 3 5 3 16 6 265
18 18 1 36.975 -105.94 453 186 360 360 2014 7 3 5 4 15 6 265
18 18 1 36.849 -105.96 456 187 360 360 2014 7 3 5 5 16 6 265
18 18 1 36.724 -105.98 455 186 360 360 2014 7 3 5 6 15 6 265
18 18 1 36.596 -105.99 455 183 358 360 2014 7 3 5 7 6 2 99
18 18 1 36.473 -105.99 450 180 340 360 2014 7 3 5 8 15 2 99
18 18 1 36.348 -105.98 445 179 306 360 2014 7 3 5 9 6 2 99
18 18 1 36.221 -105.97 451 177 290 360 2014 7 3 5 10 15 2 99
18 18 1 36.097 -105.98 450 185 290 360 2014 7 3 5 11 15 2 99
18 18 1 35.954 -106 434 194 270 360 2014 7 3 5 12 15 2 69
18 18 1 35.954 -106 434 194 270 360 2014 7 3 5 13 6 2 69
18 18 1 35.738 -106.02 412 185 218 360 2014 7 3 5 14 15 2 69
18 18 1 35.627 -106.03 405 185 194 360 2014 7 3 5 15 16 2 69
18 18 1 35.627 -106.03 405 185 194 360 2014 7 3 5 16 6 2 69
18 18 1 35.439 -106.13 365 191 160 360 2014 7 3 5 17 16 2 69
18 18 1 35.377 -106.2 331 210 160 360 2014 7 3 5 18 15 2 69
18 18 1 35.349 -106.31 317 234 160 360 2014 7 3 5 19 16 2 69
18 18 1 35.342 -106.35 313 251 155 360 2014 7 3 5 20 16 2 69
18 18 1 35.328 -106.45 306 260 140 360 2014 7 3 5 21 16 2 69
18 18 1 35.322 -106.51 305 260 130 360 2014 7 3 5 22 16 2 80
18 18 1 35.266 -106.7 261 251 119 360 2014 7 3 5 23 15 2 80
18 18 1 35.252 -106.72 249 240 115 360 2014 7 3 5 24 6 2 80
18 18 1 35.195 -106.76 237 225 108 360 2014 7 3 5 25 6 2 80
18 18 1 35.136 -106.79 226 200 92 360 2014 7 3 5 26 6 2 80
18 18 1 35.051 -106.75 178 171 75 360 2014 7 3 5 27 15 2 80
18 18 1 35.044 -106.7 153 128 66 360 2014 7 3 5 28 16 2 80
18 18 1 35.045 -106.69 135 98 64 360 2014 7 3 5 29 15 2 80
18 18 1 35.043 -106.64 134 90 56 360 2014 7 3 5 30 15 2 80
18 18 1 35.043 -106.61 137 93 53 360 2014 7 3 5 31 6 2 80
19 18 1 39.859 -104.67 238 0 54 240 2014 7 3 1 4 15 6 233
19 18 1 39.8 -104.7 221 0 69 240 2014 7 3 1 5 6 6 233
19 18 1 39.783 -104.78 256 203 83 240 2014 7 3 1 6 6 6 233
19 18 1 39.767 -104.87 269 254 96 240 2014 7 3 1 7 6 6 233
19 18 1 39.75 -104.98 267 261 115 240 2014 7 3 1 8 6 6 233
19 18 1 39.75 -105.07 260 262 131 240 2014 7 3 1 9 6 6 233
19 18 1 39.733 -105.15 246 260 148 240 2014 7 3 1 10 6 6 233
19 18 1 39.7 -105.23 241 243 161 240 2014 7 3 1 11 16 6 233
19 18 1 39.667 -105.3 245 243 170 240 2014 7 3 1 12 6 6 233
19 18 1 39.64 -105.39 246 232 179 240 2014 7 3 1 13 6 6 233
19 18 1 39.608 -105.47 252 244 188 240 2014 7 3 1 14 6 6 233
19 18 1 39.576 -105.56 257 246 196 240 2014 7 3 1 15 16 6 249
19 18 1 39.542 -105.65 266 237 206 240 2014 7 3 1 16 15 6 249
19 18 1 39.519 -105.74 259 244 214 240 2014 7 3 1 17 6 6 249
19 18 1 39.494 -105.83 264 248 223 240 2014 7 3 1 18 6 6 249
19 18 1 39.467 -105.93 274 241 231 240 2014 7 3 1 19 15 6 249
19 18 1 39.441 -106.02 273 249 238 240 2014 7 3 1 20 6 6 240
19 18 1 39.415 -106.11 277 249 240 240 2014 7 3 1 21 15 6 240
19 18 1 39.356 -106.19 316 250 240 240 2014 7 3 1 22 6 6 240
19 18 1 39.281 -106.26 321 229 240 240 2014 7 3 1 23 6 6 240
19 18 1 39.19 -106.34 333 219 240 240 2014 7 3 1 24 16 6 240
19 18 1 39.113 -106.42 339 216 240 240 2014 7 3 1 25 6 6 246
19 18 1 39.034 -106.49 347 216 240 240 2014 7 3 1 26 6 6 246
19 18 1 38.956 -106.56 346 216 240 240 2014 7 3 1 27 6 6 246
19 18 1 38.877 -106.64 347 216 240 240 2014 7 3 1 28 15 6 246
19 18 1 38.799 -106.71 345 216 240 240 2014 7 3 1 29 16 6 246
19 18 1 38.723 -106.79 345 216 240 240 2014 7 3 1 30 16 6 246
19 18 1 38.645 -106.86 345 216 240 240 2014 7 3 1 31 6 6 246
19 18 1 38.57 -106.93 336 216 240 240 2014 7 3 1 32 17 6 246
19 18 1 38.57 -106.93 336 216 240 240 2014 7 3 1 33 6 6 246
19 18 1 38.416 -107.07 336 215 240 240 2014 7 3 1 34 15 6 246
19 18 1 38.314 -107.12 337 214 240 240 2014 7 3 1 35 16 6 246
19 18 1 38.23 -107.18 337 208 240 240 2014 7 3 1 36 6 6 246
19 18 1 38.146 -107.23 337 205 240 240 2014 7 3 1 37 15 6 246
19 18 1 38.062 -107.29 337 206 240 240 2014 7 3 1 38 6 6 246
19 18 1 38.065 -107.28 337 206 240 240 2014 7 3 1 39 6 6 246
19 18 1 37.892 -107.39 337 207 240 240 2014 7 3 1 40 16 6 246
19 18 1 37.797 -107.45 337 207 240 240 2014 7 3 1 41 15 6 246
19 18 1 37.797 -107.45 337 207 240 240 2014 7 3 1 42 6 6 246
19 18 1 37.718 -107.5 337 205 240 240 2014 7 3 1 43 6 6 237
19 18 1 37.638 -107.55 334 206 240 240 2014 7 3 1 44 6 6 237
19 18 1 37.546 -107.61 333 206 240 240 2014 7 3 1 45 6 6 237
19 18 1 37.466 -107.66 336 206 240 240 2014 7 3 1 46 6 6 237
19 18 1 37.373 -107.72 336 206 240 240 2014 7 3 1 47 6 6 237
19 18 1 37.293 -107.77 335 206 240 240 2014 7 3 1 48 6 6 237
19 18 1 37.173 -107.84 333 206 240 240 2014 7 3 1 49 15 6 237
19 18 1 37.12 -107.87 334 206 240 240 2014 7 3 1 50 16 6 237
19 18 1 37.039 -107.92 334 206 240 240 2014 7 3 1 51 6 6 237
19 18 1 36.948 -107.98 333 205 240 240 2014 7 3 1 52 6 6 237
19 18 1 36.867 -108.03 333 206 240 240 2014 7 3 1 53 6 6 237
19 18 1 36.767 -108.03 342 178 240 240 2014 7 3 1 54 6 6 237
19 18 1 36.705 -107.95 337 134 240 240 2014 7 3 1 55 6 6 237
19 18 1 36.629 -107.85 341 133 240 240 2014 7 3 1 56 6 6 237
19 18 1 36.552 -107.76 347 135 240 240 2014 7 3 1 57 6 6 237
19 18 1 36.485 -107.68 347 135 240 240 2014 7 3 1 58 16 6 237
19 18 1 36.408 -107.61 352 142 240 240 2014 7 3 1 59 7 6 237
19 18 1 36.315 -107.54 350 149 240 240 2014 7 3 2 0 6 6 237
19 18 1 36.241 -107.51 348 159 240 240 2014 7 3 2 1 6 6 237
19 18 1 36.138 -107.46 348 160 240 240 2014 7 3 2 2 6 2 68
19 18 1 36.053 -107.38 348 142 240 240 2014 7 3 2 3 16 2 68
19 18 1 35.985 -107.3 349 136 240 140 2014 7 3 2 4 15 2 69
19 18 1 35.919 -107.22 352 135 233 140 2014 7 3 2 5 16 2 69
19 18 1 35.819 -107.15 377 150 216 140 2014 7 3 2 6 6 2 69
19 18 1 35.727 -107.11 368 149 201 140 2014 7 3 2 7 16 2 69
19 18 1 35.625 -107.07 359 161 184 140 2014 7 3 2 8 6 2 69
19 18 1 35.534 -107.03 354 160 172 140 2014 7 3 2 9 6 2 69
19 18 1 35.441 -106.99 345 160 157 140 2014 7 3 2 10 6 2 69
19 18 1 35.443 -106.99 345 161 157 140 2014 7 3 2 11 6 2 69
19 18 1 35.36 -106.95 325 159 140 140 2014 7 3 2 12 6 2 80
19 18 1 35.194 -106.88 281 161 100 140 2014 7 3 2 13 15 2 80
19 18 1 35.116 -106.85 267 160 84 140 2014 7 3 2 14 6 2 80
19 18 1 35.072 -106.82 232 153 81 140 2014 7 3 2 15 16 2 80
19 18 1 35.045 -106.76 184 119 74 140 2014 7 3 2 16 6 2 80
19 18 1 35.044 -106.7 150 117 66 140 2014 7 3 2 17 6 2 80
19 18 1 35.043 -106.66 130 90 60 140 2014 7 3 2 18 15 2 80
19 18 1 35.044 -106.66 144 91 60 140 2014 7 3 2 19 6 2 80
19 18 1 35.044 -106.62 113 90 53 140 2014 7 3 2 20 6 2 80
20 18 1 39.883 -104.6 167 0 71 360 2014 7 3 13 58 6 6 233
20 18 1 39.867 -104.53 223 64 89 360 2014 7 3 13 59 6 6 233
20 18 1 39.8 -104.48 316 85 101 360 2014 7 3 14 0 6 6 233
20 18 1 39.717 -104.5 350 161 130 360 2014 7 3 14 1 6 6 233
20 18 1 39.656 -104.52 354 188 152 360 2014 7 3 14 2 6 6 233
20 18 1 39.547 -104.56 370 194 193 360 2014 7 3 14 3 6 6 233
20 18 1 39.449 -104.59 375 194 226 360 2014 7 3 14 4 6 6 233
20 18 1 39.34 -104.63 395 197 258 360 2014 7 3 14 5 6 6 236
20 18 1 39.227 -104.67 413 195 282 360 2014 7 3 14 6 7 6 266
20 18 1 39.109 -104.71 438 195 308 360 2014 7 3 14 7 6 6 266
20 18 1 38.994 -104.77 427 195 334 360 2014 7 3 14 8 6 6 266
20 18 1 38.884 -104.84 432 197 340 360 2014 7 3 14 9 6 6 265
20 18 1 38.752 -104.92 435 202 340 340 2014 7 3 14 10 6 6 265
20 18 1 38.648 -104.99 434 204 340 340 2014 7 3 14 11 6 6 265
20 18 1 38.543 -105.06 430 207 340 340 2014 7 3 14 12 6 6 265
20 18 1 38.442 -105.13 421 205 340 340 2014 7 3 14 13 6 6 265
20 18 1 38.336 -105.21 419 208 340 340 2014 7 3 14 14 6 6 265
20 18 1 38.232 -105.28 420 208 340 340 2014 7 3 14 15 6 6 265
20 18 1 38.129 -105.35 423 207 340 340 2014 7 3 14 16 6 6 265
20 18 1 38.026 -105.42 421 208 340 340 2014 7 3 14 17 6 6 265
20 18 1 37.902 -105.5 421 208 340 340 2014 7 3 14 18 6 6 265
20 18 1 37.8 -105.57 420 208 340 320 2014 7 3 14 19 6 6 265
20 18 1 37.695 -105.63 417 206 340 320 2014 7 3 14 20 6 6 265
20 18 1 37.564 -105.69 418 199 340 320 2014 7 3 14 21 6 6 265
20 18 1 37.453 -105.75 423 200 340 320 2014 7 3 14 22 6 6 265
20 18 1 37.342 -105.8 423 200 340 320 2014 7 3 14 23 6 6 265
20 18 1 37.236 -105.85 425 200 340 320 2014 7 3 14 24 6 6 265
20 18 1 37.107 -105.91 427 200 340 320 2014 7 3 14 25 6 6 265
20 18 1 37.008 -105.96 427 200 335 320 2014 7 3 14 26 6 6 266
20 18 1 36.893 -106.01 432 200 321 320 2014 7 3 14 27 7 6 266
20 18 1 36.779 -106.06 439 200 316 320 2014 7 3 14 28 6 6 266
20 18 1 36.766 -106.07 436 200 315 320 2014 7 3 14 29 6 6 266
20 18 1 36.543 -106.17 445 199 296 8 2014 7 3 14 30 6 2 99
20 18 1 36.534 -106.17 440 198 296 8 2014 7 3 14 31 6 2 99
20 18 1 36.319 -106.27 430 199 290 8 2014 7 3 14 32 6 2 99
20 18 1 36.287 -106.28 430 199 290 8 2014 7 3 14 33 6 2 99
20 18 1 36.184 -106.33 429 199 290 8 2014 7 3 14 34 6 2 99
20 18 1 36.065 -106.38 423 195 271 8 2014 7 3 14 35 6 2 69
20 18 1 35.959 -106.43 412 199 248 8 2014 7 3 14 36 6 2 69
20 18 1 35.836 -106.48 395 199 223 8 2014 7 3 14 37 6 2 69
20 18 1 35.734 -106.52 388 195 202 8 2014 7 3 14 38 6 2 69
20 18 1 35.642 -106.56 373 198 182 8 2014 7 3 14 39 6 2 69
20 18 1 35.547 -106.6 362 201 160 8 2014 7 3 14 40 6 2 69
20 18 1 35.41 -106.67 328 204 136 8 2014 7 3 14 41 6 2 80
20 18 1 35.336 -106.71 316 203 120 8 2014 7 3 14 42 6 2 80
20 18 1 35.276 -106.75 309 202 107 8 2014 7 3 14 43 6 2 80
20 18 1 35.209 -106.79 301 207 94 8 2014 7 3 14 44 6 2 80
20 18 1 35.129 -106.81 231 199 90 8 2014 7 3 14 45 6 2 80
20 18 1 35.092 -106.78 217 144 81 8 2014 7 3 14 46 14 2 80
20 18 1 35.057 -106.73 185 132 71 8 2014 7 3 14 47 6 2 80
20 18 1 35.044 -106.68 150 109 63 8 2014 7 3 14 48 6 2 80
20 18 1 35.044 -106.63 140 89 54 8 2014 7 3 14 49 6 2 80
21 18 1 39.867 -104.58 188 0 70 300 2014 7 3 14 25 6 6 233
21 18 1 39.85 -104.5 267 82 81 300 2014 7 3 14 26 6 6 233
21 18 1 39.817 -104.42 307 109 98 300 2014 7 3 14 27 7 6 233
21 18 1 39.717 -104.37 322 128 120 300 2014 7 3 14 28 6 6 233
21 18 1 39.633 -104.4 333 176 139 300 2014 7 3 14 29 6 6 233
21 18 1 39.567 -104.45 334 202 161 300 2014 7 3 14 30 6 6 233
21 18 1 39.483 -104.52 337 211 176 300 2014 7 3 14 31 6 6 233
21 18 1 39.438 -104.54 342 211 180 300 2014 7 3 14 32 6 6 233
21 18 1 39.341 -104.6 384 206 190 300 2014 7 3 14 33 6 6 233
21 18 1 39.231 -104.65 392 204 203 300 2014 7 3 14 34 6 6 233
21 18 1 39.138 -104.69 390 203 216 300 2014 7 3 14 35 6 6 233
21 18 1 39.034 -104.74 395 199 231 300 2014 7 3 14 36 6 6 236
21 18 1 38.917 -104.82 385 200 250 300 2014 7 3 14 37 6 6 236
21 18 1 38.834 -104.87 385 203 262 300 2014 7 3 14 38 6 6 236
21 18 1 38.722 -104.94 386 205 280 300 2014 7 3 14 39 6 6 266
21 18 1 38.626 -105.01 393 205 293 300 2014 7 3 14 40 6 6 266
21 18 1 38.528 -105.07 394 207 300 300 2014 7 3 14 41 6 6 266
21 18 1 38.423 -105.15 425 208 300 300 2014 7 3 14 42 6 6 266
21 18 1 38.306 -105.22 454 208 300 300 2014 7 3 14 43 6 6 266
21 18 1 38.17 -105.32 463 208 300 300 2014 7 3 14 44 6 6 266
21 18 1 38.055 -105.4 466 208 300 300 2014 7 3 14 45 6 6 266
21 18 1 37.94 -105.47 467 208 300 300 2014 7 3 14 46 14 6 266
21 18 1 37.826 -105.55 469 207 300 300 2014 7 3 14 47 6 6 266
21 18 1 37.708 -105.63 470 208 300 300 2014 7 3 14 48 6 6 266
21 18 1 37.561 -105.7 476 202 300 300 2014 7 3 14 49 6 6 266
21 18 1 37.463 -105.75 473 202 300 300 2014 7 3 14 50 6 6 266
21 18 1 37.341 -105.82 474 201 300 300 2014 7 3 14 51 6 6 266
21 18 1 37.194 -105.88 476 202 300 300 2014 7 3 14 52 9 6 266
21 18 1 37.068 -105.94 479 199 300 300 2014 7 3 14 53 6 6 266
21 18 1 36.941 -105.99 479 200 300 300 2014 7 3 14 54 6 6 266
21 18 1 36.937 -105.99 481 199 300 300 2014 7 3 14 55 6 6 266
21 18 1 36.787 -106.06 481 199 300 300 2014 7 3 14 56 6 6 266
21 18 1 36.689 -106.11 479 198 300 300 2014 7 3 14 57 6 2 99
21 18 1 36.537 -106.17 480 199 292 300 2014 7 3 14 58 6 2 99
21 18 1 36.412 -106.23 480 199 290 8 2014 7 3 14 59 6 2 99
21 18 1 36.164 -106.34 476 199 290 8 2014 7 3 15 0 6 2 99
21 18 1 36.156 -106.34 475 200 290 8 2014 7 3 15 1 7 2 99
21 18 1 36.043 -106.39 469 198 268 8 2014 7 3 15 2 6 2 69
21 18 1 35.93 -106.44 445 199 245 8 2014 7 3 15 3 6 2 69
21 18 1 35.797 -106.49 404 196 211 8 2014 7 3 15 4 6 2 69
21 18 1 35.694 -106.54 389 198 191 8 2014 7 3 15 5 6 2 69
21 18 1 35.602 -106.57 350 199 179 8 2014 7 3 15 6 9 2 69
21 18 1 35.469 -106.64 325 203 147 8 2014 7 3 15 7 6 2 69
21 18 1 35.434 -106.66 330 204 139 8 2014 7 3 15 8 6 2 80
21 18 1 35.306 -106.73 309 204 111 8 2014 7 3 15 9 6 2 80
21 18 1 35.275 -106.75 308 202 103 8 2014 7 3 15 10 6 2 80
21 18 1 35.193 -106.8 278 206 90 8 2014 7 3 15 11 6 2 80
21 18 1 35.106 -106.83 229 205 90 8 2014 7 3 15 12 6 2 80
21 18 1 35.058 -106.78 220 157 81 8 2014 7 3 15 13 6 2 80
21 18 1 35.046 -106.74 219 137 75 8 2014 7 3 15 14 6 2 80
21 18 1 35.045 -106.68 175 103 64 8 2014 7 3 15 15 6 2 80
21 18 1 35.044 -106.63 158 92 56 8 2014 7 3 15 16 6 2 80
22 18 1 39.859 -104.67 238 0 54 240 2014 7 3 18 2 6 6 233
22 18 1 39.867 -104.6 185 198 66 240 2014 7 3 18 4 6 6 233
22 18 1 39.794 -104.49 245 112 98 240 2014 7 3 18 5 6 6 233
22 18 1 39.736 -104.53 248 209 117 240 2014 7 3 18 6 6 6 233
22 18 1 39.676 -104.59 247 217 135 240 2014 7 3 18 7 6 6 233
22 18 1 39.619 -104.64 246 215 152 240 2014 7 3 18 8 6 6 233
22 18 1 39.56 -104.69 260 214 163 240 2014 7 3 18 9 6 6 233
22 18 1 39.494 -104.75 265 214 176 240 2014 7 3 18 10 6 6 233
22 18 1 39.432 -104.81 270 209 186 240 2014 7 3 18 11 6 6 233
22 18 1 39.365 -104.87 272 209 198 240 2014 7 3 18 12 6 6 233
22 18 1 39.302 -104.92 277 214 210 240 2014 7 3 18 13 6 6 233
22 18 1 39.241 -104.98 268 214 221 240 2014 7 3 18 14 6 6 233
22 18 1 39.178 -105.03 269 214 231 240 2014 7 3 18 15 6 6 233
22 18 1 39.114 -105.08 271 214 240 240 2014 7 3 18 16 6 6 236
22 18 1 39.023 -105.13 289 212 240 240 2014 7 3 18 17 16 6 236
22 18 1 38.941 -105.18 314 203 240 240 2014 7 3 18 18 16 6 236
22 18 1 38.851 -105.23 333 203 240 240 2014 7 3 18 19 6 6 236
22 18 1 38.765 -105.28 336 202 240 240 2014 7 3 18 20 6 6 236
22 18 1 38.677 -105.33 343 204 240 240 2014 7 3 18 21 6 6 236
22 18 1 38.586 -105.37 343 196 240 240 2014 7 3 18 22 6 6 236
22 18 1 38.495 -105.43 352 204 240 240 2014 7 3 18 23 6 6 236
22 18 1 38.401 -105.46 352 195 240 240 2014 7 3 18 24 8 6 236
22 18 1 38.38 -105.46 356 199 240 240 2014 7 3 18 25 6 6 236
22 18 1 38.182 -105.5 359 192 240 240 2014 7 3 18 26 6 6 236
22 18 1 38.086 -105.54 359 196 240 240 2014 7 3 18 27 6 6 236
22 18 1 38.089 -105.53 358 191 240 240 2014 7 3 18 28 6 6 236
22 18 1 37.979 -105.59 358 192 240 240 2014 7 3 18 29 7 6 236
22 18 1 37.886 -105.64 358 199 240 240 2014 7 3 18 30 6 6 236
22 18 1 37.782 -105.67 360 202 240 240 2014 7 3 18 31 6 6 236
22 18 1 37.689 -105.7 362 194 240 240 2014 7 3 18 32 6 6 236
22 18 1 37.583 -105.74 360 194 240 240 2014 7 3 18 33 6 6 236
22 18 1 37.49 -105.77 357 195 240 240 2014 7 3 18 34 7 6 236
22 18 1 37.38 -105.81 360 195 240 240 2014 7 3 18 35 6 6 236
22 18 1 37.286 -105.84 360 195 240 240 2014 7 3 18 36 6 6 236
22 18 1 37.181 -105.89 361 200 240 240 2014 7 3 18 37 6 6 236
22 18 1 37.104 -105.91 363 189 240 240 2014 7 3 18 38 6 6 236
22 18 1 37.002 -105.91 365 189 240 240 2014 7 3 18 39 6 6 236
22 18 1 36.873 -105.91 366 182 240 240 2014 7 3 18 40 6 6 236
22 18 1 36.777 -105.93 365 185 240 240 2014 7 3 18 41 6 6 236
22 18 1 36.677 -105.94 366 186 240 240 2014 7 3 18 42 6 2 69
22 18 1 36.584 -105.99 367 204 240 240 2014 7 3 18 43 6 2 69
22 18 1 36.478 -106.06 364 209 240 240 2014 7 3 18 44 6 2 69
22 18 1 36.385 -106.11 364 203 240 240 2014 7 3 18 45 6 2 69
22 18 1 36.294 -106.17 364 204 240 240 2014 7 3 18 46 6 2 69
22 18 1 36.198 -106.22 366 204 233 240 2014 7 3 18 47 6 2 69
22 18 1 36.108 -106.27 371 205 222 240 2014 7 3 18 48 6 2 69
22 18 1 36.016 -106.32 356 205 209 240 2014 7 3 18 49 6 2 69
22 18 1 35.906 -106.37 355 203 193 240 2014 7 3 18 50 6 2 69
22 18 1 35.821 -106.42 349 200 181 240 2014 7 3 18 51 6 2 69
22 18 1 35.731 -106.48 352 198 172 240 2014 7 3 18 52 6 2 69
22 18 1 35.639 -106.53 359 200 161 240 2014 7 3 18 53 6 2 69
22 18 1 35.546 -106.58 366 205 150 240 2014 7 3 18 54 6 2 69
22 18 1 35.458 -106.64 358 206 139 240 2014 7 3 18 55 6 2 69
22 18 1 35.412 -106.66 334 206 133 240 2014 7 3 18 56 6 2 80
22 18 1 35.271 -106.72 320 197 123 240 2014 7 3 18 57 6 2 80
22 18 1 35.19 -106.76 309 200 109 240 2014 7 3 18 58 6 2 80
22 18 1 35.115 -106.78 281 199 94 240 2014 7 3 18 59 6 2 80
22 18 1 35.098 -106.78 262 195 91 240 2014 7 3 19 0 6 2 80
22 18 1 35.046 -106.74 225 167 77 240 2014 7 3 19 1 7 2 80
22 18 1 35.044 -106.67 193 95 62 240 2014 7 3 19 2 6 2 80
22 18 1 35.044 -106.63 162 91 56 240 2014 7 3 19 3 6 2 80
23 18 1 39.859 -104.67 270 0 54 360 2014 7 3 21 28 6 6 233
23 18 1 39.867 -104.6 174 198 68 360 2014 7 3 21 30 6 6 233
23 18 1 39.767 -104.48 276 120 103 360 2014 7 3 21 31 6 6 233
23 18 1 39.697 -104.47 304 170 119 360 2014 7 3 21 32 6 6 233
23 18 1 39.599 -104.47 327 180 135 360 2014 7 3 21 33 6 6 233
23 18 1 39.5 -104.48 360 191 149 360 2014 7 3 21 34 6 6 233
23 18 1 39.389 -104.49 370 185 166 360 2014 7 3 21 35 6 6 233
23 18 1 39.283 -104.47 383 182 179 360 2014 7 3 21 36 6 6 233
23 18 1 39.177 -104.45 384 177 195 360 2014 7 3 21 37 6 6 233
23 18 1 39.067 -104.43 377 172 210 360 2014 7 3 21 38 6 6 236
23 18 1 38.956 -104.42 393 173 222 360 2014 7 3 21 39 6 6 236
23 18 1 38.842 -104.41 405 175 230 360 2014 7 3 21 40 6 6 236
23 18 1 38.727 -104.4 413 161 245 360 2014 7 3 21 41 6 6 236
23 18 1 38.602 -104.39 405 175 267 360 2014 7 3 21 42 6 6 236
23 18 1 38.495 -104.38 387 176 286 360 2014 7 3 21 43 6 6 266
23 18 1 38.39 -104.38 378 175 305 360 2014 7 3 21 44 6 6 266
23 18 1 38.277 -104.39 378 179 317 360 2014 7 3 21 45 6 6 266
23 18 1 38.169 -104.39 388 181 329 360 2014 7 3 21 46 6 6 266
23 18 1 38.057 -104.4 397 182 342 360 2014 7 3 21 47 6 6 265
23 18 1 37.93 -104.39 388 179 360 360 2014 7 3 21 48 6 6 265
23 18 1 37.865 -104.39 385 177 360 360 2014 7 3 21 49 6 6 265
23 18 1 37.731 -104.47 402 195 360 360 2014 7 3 21 50 6 6 265
23 18 1 37.687 -104.53 407 213 360 360 2014 7 3 21 51 6 6 265
23 18 1 37.587 -104.69 410 231 360 360 2014 7 3 21 52 6 6 265
23 18 1 37.547 -104.75 401 230 360 360 2014 7 3 21 53 6 6 265
23 18 1 37.439 -104.92 391 231 360 360 2014 7 3 21 54 6 6 265
23 18 1 37.369 -105.03 399 230 360 360 2014 7 3 21 55 6 6 265
23 18 1 37.296 -105.14 411 231 360 360 2014 7 3 21 56 6 6 265
23 18 1 37.254 -105.21 410 230 360 320 2014 7 3 21 57 6 6 265
23 18 1 37.18 -105.32 418 231 357 320 2014 7 3 21 58 6 6 265
23 18 1 37.107 -105.44 418 230 348 320 2014 7 3 21 59 6 6 265
23 18 1 37.031 -105.55 417 230 339 320 2014 7 3 22 0 6 6 266
23 18 1 36.958 -105.66 415 231 330 320 2014 7 3 22 1 6 6 266
23 18 1 36.885 -105.78 414 230 321 320 2014 7 3 22 2 6 6 266
23 18 1 36.797 -105.91 425 230 320 320 2014 7 3 22 3 6 6 266
23 18 1 36.722 -106.03 426 231 320 320 2014 7 3 22 4 6 6 266
23 18 1 36.638 -106.13 425 231 320 320 2014 7 3 22 5 6 2 99
23 18 1 36.526 -106.18 426 211 320 320 2014 7 3 22 6 7 2 99
23 18 1 36.413 -106.23 428 200 320 320 2014 7 3 22 7 6 2 99
23 18 1 36.301 -106.28 428 199 314 320 2014 7 3 22 8 6 2 99
23 18 1 36.195 -106.3 415 199 299 320 2014 7 3 22 9 6 2 99
23 18 1 36.072 -106.27 403 161 275 320 2014 7 3 22 10 6 2 69
23 18 1 36.007 -106.39 403 234 275 320 2014 7 3 22 11 6 2 69
23 18 1 35.881 -106.38 367 197 235 320 2014 7 3 22 12 6 2 69
23 18 1 35.788 -106.42 367 203 235 320 2014 7 3 22 13 6 2 69
23 18 1 35.791 -106.42 354 203 215 320 2014 7 3 22 14 6 2 69
23 18 1 35.619 -106.52 333 203 176 320 2014 7 3 22 15 6 2 69
23 18 1 35.54 -106.56 330 202 160 320 2014 7 3 22 16 6 2 69
23 18 1 35.506 -106.57 317 202 160 320 2014 7 3 22 17 6 2 69
23 18 1 35.427 -106.61 308 203 160 320 2014 7 3 22 18 6 2 69
23 18 1 35.341 -106.66 309 203 150 320 2014 7 3 22 19 6 2 80
23 18 1 35.285 -106.69 260 203 150 320 2014 7 3 22 20 8 2 80
23 18 1 35.221 -106.74 249 210 144 320 2014 7 3 22 21 9 2 80
23 18 1 35.16 -106.78 248 212 131 320 2014 7 3 22 22 6 2 80
23 18 1 35.114 -106.82 252 210 114 320 2014 7 3 22 23 6 2 80
23 18 1 35.05 -106.82 224 186 90 320 2014 7 3 22 24 7 2 80
23 18 1 35.044 -106.76 192 99 74 320 2014 7 3 22 25 6 2 80
23 18 1 35.046 -106.7 153 89 66 320 2014 7 3 22 26 6 2 80
23 18 1 35.044 -106.65 160 91 58 320 2014 7 3 22 27 6 2 80
23 18 1 35.043 -106.6 157 91 53 320 2014 7 3 22 28 6 2 80
24 18 1 39.859 -104.67 270 0 54 360 2014 7 4 19 8 16 6 233
24 18 1 39.883 -104.6 173 0 71 360 2014 7 4 19 9 15 6 233
24 18 1 39.85 -104.53 242 64 83 360 2014 7 4 19 10 6 6 233
24 18 1 39.756 -104.55 282 161 100 360 2014 7 4 19 11 6 6 233
24 18 1 39.672 -104.57 309 190 116 360 2014 7 4 19 12 6 6 233
24 18 1 39.574 -104.6 335 187 131 360 2014 7 4 19 13 6 6 233
24 18 1 39.474 -104.62 378 194 140 360 2014 7 4 19 14 6 6 233
24 18 1 39.381 -104.65 346 191 154 360 2014 7 4 19 15 16 6 233
24 18 1 39.28 -104.65 362 197 167 360 2014 7 4 19 16 15 6 233
24 18 1 39.168 -104.64 375 184 180 360 2014 7 4 19 17 16 6 233
24 18 1 39.067 -104.64 373 178 197 360 2014 7 4 19 18 6 6 236
24 18 1 38.966 -104.64 366 178 219 360 2014 7 4 19 19 16 6 236
24 18 1 38.861 -104.63 347 175 243 360 2014 7 4 19 20 16 6 236
24 18 1 38.769 -104.62 333 177 258 360 2014 7 4 19 21 15 6 236
24 18 1 38.679 -104.62 343 184 271 360 2014 7 4 19 22 6 6 266
24 18 1 38.632 -104.73 343 176 289 360 2014 7 4 19 23 6 6 266
24 18 1 38.649 -104.84 336 210 301 360 2014 7 4 19 24 6 6 266
24 18 1 38.682 -104.96 350 260 313 360 2014 7 4 19 25 15 6 266
24 18 1 38.697 -105.08 360 285 320 360 2014 7 4 19 26 6 6 266
24 18 1 38.673 -105.21 374 284 332 360 2014 7 4 19 27 16 6 266
24 18 1 38.641 -105.33 368 267 340 360 2014 7 4 19 28 16 6 265
24 18 1 38.578 -105.44 395 233 340 360 2014 7 4 19 29 6 6 265
24 18 1 38.463 -105.49 423 226 340 360 2014 7 4 19 30 6 6 265
24 18 1 38.341 -105.53 434 213 340 360 2014 7 4 19 31 6 6 265
24 18 1 38.222 -105.57 439 195 341 360 2014 7 4 19 32 16 6 265
24 18 1 38.083 -105.62 437 195 350 360 2014 7 4 19 33 15 6 265
24 18 1 37.97 -105.66 427 195 356 360 2014 7 4 19 34 6 6 265
24 18 1 37.859 -105.7 414 195 360 360 2014 7 4 19 35 16 6 265
24 18 1 37.749 -105.74 413 195 360 360 2014 7 4 19 36 16 6 265
24 18 1 37.635 -105.78 418 195 360 360 2014 7 4 19 37 6 6 265
24 18 1 37.594 -105.79 402 195 360 360 2014 7 4 19 38 6 6 265
24 18 1 37.391 -105.86 431 194 360 360 2014 7 4 19 39 15 6 265
24 18 1 37.277 -105.9 438 195 360 360 2014 7 4 19 40 15 6 265
24 18 1 37.144 -105.95 440 195 360 360 2014 7 4 19 41 6 6 265
24 18 1 37.093 -105.97 439 195 360 360 2014 7 4 19 42 6 6 265
24 18 1 36.908 -106.03 440 195 364 370 2014 7 4 19 43 16 6 265
24 18 1 36.796 -106.07 423 195 370 370 2014 7 4 19 44 16 6 265
24 18 1 36.749 -106.09 417 195 370 370 2014 7 4 19 45 16 6 265
24 18 1 36.638 -106.13 416 195 370 370 2014 7 4 19 46 6 2 95
24 18 1 36.464 -106.2 415 199 370 370 2014 7 4 19 47 16 2 95
24 18 1 36.422 -106.22 415 199 370 370 2014 7 4 19 48 6 2 95
24 18 1 36.316 -106.27 411 199 346 370 2014 7 4 19 49 6 2 99
24 18 1 36.195 -106.28 436 191 312 370 2014 7 4 19 50 16 2 99
24 18 1 36.046 -106.27 440 178 271 370 2014 7 4 19 51 6 2 69
24 18 1 35.928 -106.29 432 178 240 370 2014 7 4 19 52 15 2 69
24 18 1 35.819 -106.34 423 183 217 370 2014 7 4 19 53 16 2 69
24 18 1 35.706 -106.41 423 205 200 370 2014 7 4 19 54 15 2 69
24 18 1 35.607 -106.48 426 205 181 370 2014 7 4 19 55 15 2 69
24 18 1 35.504 -106.54 422 207 162 370 2014 7 4 19 56 15 2 69
24 18 1 35.397 -106.6 402 205 139 370 2014 7 4 19 57 15 2 80
24 18 1 35.31 -106.66 375 205 122 370 2014 7 4 19 58 6 2 80
24 18 1 35.224 -106.7 328 202 108 370 2014 7 4 19 59 15 2 80
24 18 1 35.146 -106.72 288 191 97 370 2014 7 4 20 0 6 2 80
24 18 1 35.076 -106.73 251 191 81 370 2014 7 4 20 1 6 2 80
24 18 1 35.045 -106.69 180 145 68 370 2014 7 4 20 2 6 2 80
24 18 1 35.044 -106.63 158 91 55 370 2014 7 4 20 3 15 2 80
25 18 1 39.883 -104.62 184 0 63 360 2014 7 4 20 36 15 6 233
25 18 1 39.867 -104.53 243 57 81 360 2014 7 4 20 37 6 6 233
25 18 1 39.85 -104.43 285 101 100 360 2014 7 4 20 38 6 6 233
25 18 1 39.817 -104.33 327 109 102 360 2014 7 4 20 39 15 6 233
25 18 1 39.736 -104.33 334 178 132 360 2014 7 4 20 40 6 6 233
25 18 1 39.637 -104.33 354 180 165 360 2014 7 4 20 41 6 6 233
25 18 1 39.527 -104.32 366 178 198 360 2014 7 4 20 42 6 6 233
25 18 1 39.436 -104.31 371 187 220 360 2014 7 4 20 43 6 6 233
25 18 1 39.341 -104.36 371 203 220 360 2014 7 4 20 44 6 6 233
25 18 1 39.186 -104.29 410 176 269 360 2014 7 4 20 45 6 6 236
25 18 1 39.067 -104.27 428 180 288 360 2014 7 4 20 46 16 6 266
25 18 1 38.944 -104.26 439 175 307 360 2014 7 4 20 47 16 6 266
25 18 1 38.82 -104.25 445 175 320 360 2014 7 4 20 48 6 6 266
25 18 1 38.696 -104.23 445 175 329 360 2014 7 4 20 49 15 6 266
25 18 1 38.587 -104.29 437 174 349 360 2014 7 4 20 50 16 6 265
25 18 1 38.494 -104.38 424 187 360 360 2014 7 4 20 51 16 6 265
25 18 1 38.4 -104.46 424 209 360 360 2014 7 4 20 52 15 6 265
25 18 1 38.303 -104.56 422 213 360 360 2014 7 4 20 53 6 6 265
25 18 1 38.209 -104.65 422 217 360 360 2014 7 4 20 54 6 6 265
25 18 1 38.114 -104.74 425 217 360 320 2014 7 4 20 55 15 6 265
25 18 1 38.001 -104.85 430 217 360 320 2014 7 4 20 56 6 6 265
25 18 1 37.908 -104.94 425 217 360 320 2014 7 4 20 57 6 6 265
25 18 1 37.814 -105.03 425 216 360 320 2014 7 4 20 58 6 6 265
25 18 1 37.719 -105.12 428 217 360 320 2014 7 4 20 59 16 6 265
25 18 1 37.625 -105.22 428 217 360 320 2014 7 4 21 0 15 6 265
25 18 1 37.528 -105.31 430 216 360 320 2014 7 4 21 1 16 6 265
25 18 1 37.422 -105.41 430 217 360 320 2014 7 4 21 2 15 6 265
25 18 1 37.33 -105.5 430 217 360 320 2014 7 4 21 3 6 6 265
25 18 1 37.223 -105.59 430 217 359 320 2014 7 4 21 4 15 6 265
25 18 1 37.131 -105.68 423 215 349 320 2014 7 4 21 5 15 6 265
25 18 1 37.092 -105.71 424 217 345 320 2014 7 4 21 6 6 6 265
25 18 1 36.977 -105.82 425 216 333 320 2014 7 4 21 7 6 6 266
25 18 1 36.881 -105.92 430 217 323 320 2014 7 4 21 8 6 6 266
25 18 1 36.74 -106.04 434 216 320 320 2014 7 4 21 9 18 6 266
25 18 1 36.639 -106.13 435 216 320 320 2014 7 4 21 10 15 2 99
25 18 1 36.574 -106.16 444 213 320 320 2014 7 4 21 11 6 2 99
25 18 1 36.405 -106.23 443 200 315 290 2014 7 4 21 12 16 2 99
25 18 1 36.337 -106.25 443 199 309 290 2014 7 4 21 13 6 2 99
25 18 1 36.219 -106.28 441 191 291 290 2014 7 4 21 14 15 2 99
25 18 1 36.106 -106.32 427 193 267 290 2014 7 4 21 15 15 2 69
25 18 1 35.998 -106.36 418 208 246 290 2014 7 4 21 16 16 2 69
25 18 1 35.876 -106.41 401 199 224 290 2014 7 4 21 17 16 2 69
25 18 1 35.77 -106.46 388 198 202 290 2014 7 4 21 18 6 2 69
25 18 1 35.642 -106.53 377 202 179 290 2014 7 4 21 19 6 2 69
25 18 1 35.562 -106.57 368 201 163 290 2014 7 4 21 20 16 2 69
25 18 1 35.456 -106.62 353 201 141 290 2014 7 4 21 21 15 2 69
25 18 1 35.393 -106.65 349 201 130 290 2014 7 4 21 22 6 2 80
25 18 1 35.309 -106.69 330 201 115 290 2014 7 4 21 23 6 2 80
25 18 1 35.229 -106.73 314 201 102 290 2014 7 4 21 24 6 2 80
25 18 1 35.144 -106.79 275 209 89 290 2014 7 4 21 25 15 2 80
25 18 1 35.09 -106.85 245 221 82 290 2014 7 4 21 26 15 2 80
25 18 1 35.041 -106.83 218 187 80 290 2014 7 4 21 27 16 2 80
25 18 1 35.042 -106.77 226 91 78 290 2014 7 4 21 28 6 2 80
25 18 1 35.044 -106.69 193 87 66 290 2014 7 4 21 29 6 2 80
25 18 1 35.044 -106.64 174 91 58 290 2014 7 4 21 30 6 2 80
26 18 1 39.817 -104.65 170 0 68 360 2014 7 4 5 22 15 6 233
26 18 1 39.767 -104.63 239 162 88 360 2014 7 4 5 23 15 6 233
26 18 1 39.672 -104.59 282 163 110 360 2014 7 4 5 24 15 6 233
26 18 1 39.577 -104.61 349 180 133 360 2014 7 4 5 25 15 6 233
26 18 1 39.476 -104.63 364 188 157 360 2014 7 4 5 26 16 6 233
26 18 1 39.476 -104.63 364 188 157 320 2014 7 4 5 27 6 6 233
26 18 1 39.248 -104.69 408 190 207 320 2014 7 4 5 28 16 6 233
26 18 1 39.143 -104.71 411 190 228 320 2014 7 4 5 29 15 6 233
26 18 1 39.036 -104.77 411 200 228 320 2014 7 4 5 30 15 6 236
26 18 1 39.024 -104.75 431 193 250 320 2014 7 4 5 31 15 6 236
26 18 1 38.917 -104.82 427 191 267 320 2014 7 4 5 32 7 6 236
26 18 1 38.805 -104.88 439 199 282 320 2014 7 4 5 33 15 6 266
26 18 1 38.694 -104.96 447 205 305 320 2014 7 4 5 34 15 6 266
26 18 1 38.586 -105.03 446 206 320 320 2014 7 4 5 35 6 6 266
26 18 1 38.481 -105.1 435 208 320 320 2014 7 4 5 36 16 6 266
26 18 1 38.377 -105.18 429 208 320 320 2014 7 4 5 37 6 6 266
26 18 1 38.154 -105.33 428 208 320 320 2014 7 4 5 38 15 6 266
26 18 1 38.042 -105.38 428 198 320 280 2014 7 4 5 39 15 6 266
26 18 1 38.051 -105.4 427 208 312 280 2014 7 4 5 40 15 6 266
26 18 1 37.949 -105.47 422 208 302 280 2014 7 4 5 41 6 6 266
26 18 1 37.847 -105.54 420 207 293 280 2014 7 4 5 42 6 6 266
26 18 1 37.74 -105.61 405 208 283 280 2014 7 4 5 43 6 6 266
26 18 1 37.633 -105.66 422 202 280 280 2014 7 4 5 44 15 6 266
26 18 1 37.524 -105.71 421 200 280 280 2014 7 4 5 45 6 6 266
26 18 1 37.418 -105.76 416 200 280 280 2014 7 4 5 46 15 6 266
26 18 1 37.289 -105.82 415 200 280 280 2014 7 4 5 47 16 6 266
26 18 1 37.191 -105.87 415 199 280 280 2014 7 4 5 48 15 6 266
26 18 1 37.081 -105.92 415 200 280 280 2014 7 4 5 49 15 6 266
26 18 1 36.985 -105.96 416 200 280 280 2014 7 4 5 50 16 6 266
26 18 1 36.854 -106.02 417 200 280 280 2014 7 4 5 51 6 6 266
26 18 1 36.753 -106.07 416 198 280 280 2014 7 4 5 52 15 6 266
26 18 1 36.643 -106.12 418 199 280 280 2014 7 4 5 53 15 2 69
26 18 1 36.534 -106.17 418 200 280 280 2014 7 4 5 54 6 2 69
26 18 1 36.425 -106.21 417 199 280 280 2014 7 4 5 55 15 2 69
26 18 1 36.317 -106.26 415 200 280 280 2014 7 4 5 56 6 2 69
26 18 1 36.21 -106.31 414 199 280 280 2014 7 4 5 57 6 2 69
26 18 1 36.105 -106.36 406 199 279 280 2014 7 4 5 58 15 2 69
26 18 1 36.003 -106.4 396 199 260 280 2014 7 4 5 59 19 2 69
26 18 1 35.878 -106.45 405 199 235 280 2014 7 4 6 0 6 2 69
26 18 1 35.769 -106.5 413 196 212 280 2014 7 4 6 1 6 2 69
26 18 1 35.63 -106.56 403 200 183 280 2014 7 4 6 2 15 2 69
26 18 1 35.564 -106.59 402 198 173 280 2014 7 4 6 3 6 2 69
26 18 1 35.463 -106.63 387 199 160 280 2014 7 4 6 4 15 2 69
26 18 1 35.379 -106.69 347 208 141 280 2014 7 4 6 5 16 2 80
26 18 1 35.297 -106.75 339 209 126 280 2014 7 4 6 6 6 2 80
26 18 1 35.184 -106.85 271 209 97 280 2014 7 4 6 7 16 2 80
26 18 1 35.136 -106.9 240 230 83 280 2014 7 4 6 8 15 2 80
26 18 1 35.113 -106.91 235 222 79 280 2014 7 4 6 9 15 2 80
26 18 1 35.072 -106.88 184 169 80 280 2014 7 4 6 10 15 2 80
26 18 1 35.051 -106.82 180 122 80 280 2014 7 4 6 11 6 2 80
26 18 1 35.044 -106.78 159 102 78 280 2014 7 4 6 12 16 2 80
26 18 1 35.044 -106.73 151 93 70 280 2014 7 4 6 13 15 2 80
26 18 1 35.044 -106.68 150 88 63 280 2014 7 4 6 14 15 2 80
26 18 1 35.044 -106.63 150 89 56 280 2014 7 4 6 15 15 2 80
27 18 1 39.859 -104.67 270 0 54 320 2014 7 4 0 56 6 6 233
27 18 1 39.83 -104.91 292 294 108 320 2014 7 4 0 58 15 6 233
27 18 1 39.817 -104.95 305 261 113 320 2014 7 4 0 59 6 6 233
27 18 1 39.767 -105.05 318 234 133 320 2014 7 4 1 0 6 6 233
27 18 1 39.717 -105.15 338 244 150 320 2014 7 4 1 1 7 6 233
27 18 1 39.683 -105.27 329 239 173 320 2014 7 4 1 2 16 6 233
27 18 1 39.686 -105.35 327 249 186 320 2014 7 4 1 3 6 6 233
27 18 1 39.68 -105.48 346 266 205 320 2014 7 4 1 4 6 6 233
27 18 1 39.677 -105.6 339 260 223 320 2014 7 4 1 5 6 6 249
27 18 1 39.674 -105.73 352 267 238 320 2014 7 4 1 6 6 6 249
27 18 1 39.667 -105.86 360 259 252 320 2014 7 4 1 7 6 6 249
27 18 1 39.616 -105.98 378 283 265 320 2014 7 4 1 8 6 6 249
27 18 1 39.553 -106.09 389 253 277 320 2014 7 4 1 9 6 6 277
27 18 1 39.422 -106.13 409 219 289 320 2014 7 4 1 10 13 6 277
27 18 1 39.304 -106.14 419 210 300 330 2014 7 4 1 11 6 6 277
27 18 1 39.184 -106.14 425 187 312 330 2014 7 4 1 12 6 6 268
27 18 1 39.065 -106.15 430 183 325 330 2014 7 4 1 13 6 6 268
27 18 1 38.947 -106.16 429 183 330 330 2014 7 4 1 14 6 6 268
27 18 1 38.823 -106.17 439 183 330 330 2014 7 4 1 15 6 6 268
27 18 1 38.671 -106.18 449 183 330 330 2014 7 4 1 16 6 6 268
27 18 1 38.546 -106.19 448 183 330 330 2014 7 4 1 17 6 6 268
27 18 1 38.42 -106.2 448 183 330 330 2014 7 4 1 18 6 6 268
27 18 1 38.292 -106.21 456 183 330 330 2014 7 4 1 19 16 6 268
27 18 1 38.164 -106.22 456 182 330 330 2014 7 4 1 20 6 6 268
27 18 1 38.022 -106.23 456 182 330 330 2014 7 4 1 21 6 6 260
27 18 1 37.895 -106.24 456 183 330 330 2014 7 4 1 22 6 6 260
27 18 1 37.769 -106.25 456 183 330 330 2014 7 4 1 23 6 6 260
27 18 1 37.766 -106.25 462 183 330 330 2014 7 4 1 24 6 6 260
27 18 1 37.498 -106.26 462 183 330 330 2014 7 4 1 25 6 6 260
27 18 1 37.357 -106.27 461 182 330 330 2014 7 4 1 26 6 6 260
27 18 1 37.297 -106.28 452 182 330 290 2014 7 4 1 27 6 6 260
27 18 1 37.178 -106.28 450 183 324 290 2014 7 4 1 28 6 6 260
27 18 1 37.059 -106.29 450 183 315 290 2014 7 4 1 29 6 6 260
27 18 1 36.919 -106.3 450 182 303 290 2014 7 4 1 30 6 6 266
27 18 1 36.8 -106.31 449 182 294 290 2014 7 4 1 31 7 6 266
27 18 1 36.666 -106.32 448 183 290 290 2014 7 4 1 32 6 6 266
27 18 1 36.544 -106.33 440 182 290 160 2014 7 4 1 33 6 2 99
27 18 1 36.42 -106.34 444 183 281 160 2014 7 4 1 34 7 2 69
27 18 1 36.291 -106.35 457 183 280 160 2014 7 4 1 35 6 2 69
27 18 1 36.166 -106.35 457 182 273 160 2014 7 4 1 36 6 2 69
27 18 1 36.045 -106.39 456 187 251 160 2014 7 4 1 37 6 2 69
27 18 1 35.908 -106.45 449 193 226 160 2014 7 4 1 38 6 2 69
27 18 1 35.798 -106.49 420 199 206 160 2014 7 4 1 39 15 2 69
27 18 1 35.707 -106.53 400 198 189 160 2014 7 4 1 40 6 2 69
27 18 1 35.607 -106.58 384 200 171 160 2014 7 4 1 41 6 2 69
27 18 1 35.47 -106.62 348 199 160 160 2014 7 4 1 42 16 2 69
27 18 1 35.417 -106.62 335 193 152 160 2014 7 4 1 43 6 2 69
27 18 1 35.301 -106.61 344 175 139 160 2014 7 4 1 44 6 2 80
27 18 1 35.217 -106.67 351 181 139 160 2014 7 4 1 45 6 2 80
27 18 1 35.139 -106.74 355 213 140 160 2014 7 4 1 46 6 2 80
27 18 1 35.129 -106.85 332 233 139 160 2014 7 4 1 47 6 2 80
27 18 1 35.125 -106.99 306 268 128 160 2014 7 4 1 48 15 2 80
27 18 1 35.125 -106.99 306 268 128 160 2014 7 4 1 49 6 2 80
27 18 1 35.124 -107.08 309 268 118 160 2014 7 4 1 50 6 2 80
27 18 1 35.117 -107.21 288 269 110 160 2014 7 4 1 51 6 2 80
27 18 1 35.05 -107.21 280 224 110 160 2014 7 4 1 52 6 2 80
27 18 1 35.021 -107.12 298 124 98 160 2014 7 4 1 53 6 2 80
27 18 1 35.014 -107.02 290 106 87 160 2014 7 4 1 54 10 2 80
27 18 1 35.047 -106.89 241 70 86 160 2014 7 4 1 55 15 2 80
27 18 1 35.05 -106.85 220 76 89 160 2014 7 4 1 56 6 2 80
27 18 1 35.048 -106.79 174 87 83 160 2014 7 4 1 57 6 2 80
27 18 1 35.046 -106.76 157 95 75 160 2014 7 4 1 58 16 2 80
27 18 1 35.045 -106.7 141 89 66 160 2014 7 4 1 59 6 2 80
27 18 1 35.044 -106.64 144 90 57 160 2014 7 4 2 0 6 2 80
28 18 1 39.859 -104.67 270 0 54 360 2014 7 4 4 27 8 6 233
28 18 1 39.8 -104.67 168 0 70 360 2014 7 4 4 28 6 6 233
28 18 1 39.75 -104.63 233 179 81 360 2014 7 4 4 29 6 6 233
28 18 1 39.667 -104.62 270 167 102 360 2014 7 4 4 30 6 6 233
28 18 1 39.588 -104.62 282 171 123 360 2014 7 4 4 31 6 6 233
28 18 1 39.506 -104.63 292 179 144 360 2014 7 4 4 32 6 6 233
28 18 1 39.335 -104.65 302 180 183 360 2014 7 4 4 33 15 6 233
28 18 1 39.335 -104.65 302 180 183 360 2014 7 4 4 34 6 6 233
28 18 1 39.249 -104.68 316 192 198 360 2014 7 4 4 35 6 6 233
28 18 1 39.155 -104.7 342 192 209 360 2014 7 4 4 36 6 6 233
28 18 1 39.054 -104.74 366 193 224 360 2014 7 4 4 37 6 6 236
28 18 1 38.96 -104.79 369 193 239 360 2014 7 4 4 38 16 6 236
28 18 1 38.872 -104.84 362 198 254 360 2014 7 4 4 39 16 6 236
28 18 1 38.775 -104.9 369 204 270 360 2014 7 4 4 40 15 6 266
28 18 1 38.681 -104.97 373 205 284 360 2014 7 4 4 41 6 6 266
28 18 1 38.589 -105.03 375 206 298 360 2014 7 4 4 42 15 6 266
28 18 1 38.494 -105.1 381 208 308 360 2014 7 4 4 43 15 6 266
28 18 1 38.377 -105.18 394 208 320 360 2014 7 4 4 44 16 6 266
28 18 1 38.281 -105.24 407 208 320 360 2014 7 4 4 45 15 6 266
28 18 1 38.173 -105.32 433 208 320 360 2014 7 4 4 46 6 6 266
28 18 1 38.064 -105.39 445 208 325 360 2014 7 4 4 47 16 6 266
28 18 1 37.958 -105.46 439 208 336 360 2014 7 4 4 48 15 6 266
28 18 1 37.854 -105.53 429 207 346 360 2014 7 4 4 49 16 6 265
28 18 1 37.71 -105.63 397 207 359 360 2014 7 4 4 50 16 6 265
28 18 1 37.624 -105.67 416 207 360 360 2014 7 4 4 51 6 6 265
28 18 1 37.469 -105.75 420 202 360 360 2014 7 4 4 52 15 6 265
28 18 1 37.354 -105.81 430 203 360 360 2014 7 4 4 53 15 6 265
28 18 1 37.293 -105.84 439 201 360 360 2014 7 4 4 54 6 6 265
28 18 1 37.123 -105.92 439 199 360 360 2014 7 4 4 55 16 6 265
28 18 1 37.01 -105.97 438 199 360 360 2014 7 4 4 56 15 6 265
28 18 1 36.898 -106.01 430 199 360 360 2014 7 4 4 57 7 6 265
28 18 1 36.831 -106.04 430 198 360 360 2014 7 4 4 58 15 6 265
28 18 1 36.715 -106.09 426 199 360 360 2014 7 4 4 59 15 6 265
28 18 1 36.605 -106.14 425 199 359 360 2014 7 4 5 0 15 2 99
28 18 1 36.497 -106.19 416 199 340 360 2014 7 4 5 1 6 2 99
28 18 1 36.39 -106.24 410 199 319 360 2014 7 4 5 2 16 2 99
28 18 1 36.225 -106.31 403 199 285 360 2014 7 4 5 3 16 2 69
28 18 1 36.12 -106.36 403 199 266 360 2014 7 4 5 4 15 2 69
28 18 1 36.12 -106.36 403 199 266 360 2014 7 4 5 5 6 2 69
28 18 1 36.012 -106.4 406 199 246 360 2014 7 4 5 6 6 2 69
28 18 1 35.899 -106.45 410 199 226 360 2014 7 4 5 7 15 2 69
28 18 1 35.789 -106.5 414 199 206 360 2014 7 4 5 8 15 2 69
28 18 1 35.63 -106.57 416 199 177 360 2014 7 4 5 9 6 2 69
28 18 1 35.539 -106.61 413 198 166 360 2014 7 4 5 10 16 2 69
28 18 1 35.436 -106.65 395 199 158 360 2014 7 4 5 11 15 2 80
28 18 1 35.341 -106.72 355 208 139 360 2014 7 4 5 12 15 2 80
28 18 1 35.259 -106.78 327 209 121 360 2014 7 4 5 13 15 2 80
28 18 1 35.197 -106.85 292 217 107 360 2014 7 4 5 14 15 2 80
28 18 1 35.164 -106.89 295 223 98 360 2014 7 4 5 15 16 2 80
28 18 1 35.075 -106.92 248 188 80 360 2014 7 4 5 16 15 2 80
28 18 1 35.046 -106.85 203 133 76 360 2014 7 4 5 17 15 2 80
28 18 1 35.044 -106.77 208 91 76 360 2014 7 4 5 18 15 2 80
28 18 1 35.044 -106.7 194 90 68 360 2014 7 4 5 19 15 2 80
28 18 1 35.043 -106.65 152 90 59 360 2014 7 4 5 20 16 2 80
28 18 1 35.044 -106.62 160 90 55 360 2014 7 4 5 21 6 2 80
29 18 1 39.859 -104.67 270 0 54 280 2014 7 4 13 33 6 6 233
29 18 1 39.791 -104.46 297 85 126 280 2014 7 4 13 35 15 6 233
29 18 1 39.705 -104.47 317 158 166 280 2014 7 4 13 36 15 6 233
29 18 1 39.619 -104.51 320 197 200 280 2014 7 4 13 37 16 6 233
29 18 1 39.541 -104.54 340 197 220 280 2014 7 4 13 38 6 6 233
29 18 1 39.435 -104.58 394 195 236 280 2014 7 4 13 39 6 6 233
29 18 1 39.231 -104.68 394 200 236 280 2014 7 4 13 41 15 6 233
29 18 1 39.231 -104.68 394 200 236 280 2014 7 4 13 41 15 6 233
29 18 1 39.129 -104.73 394 200 236 280 2014 7 4 13 42 6 6 233
29 18 1 39.082 -104.72 469 199 280 280 2014 7 4 13 43 6 6 266
29 18 1 38.942 -104.8 462 197 280 280 2014 7 4 13 44 6 6 266
29 18 1 38.846 -104.86 441 199 280 280 2014 7 4 13 45 6 6 266
29 18 1 38.604 -105.02 458 205 280 280 2014 7 4 13 46 6 6 266
29 18 1 38.494 -105.1 452 207 280 280 2014 7 4 13 47 15 6 266
29 18 1 38.383 -105.17 452 208 280 280 2014 7 4 13 48 6 6 266
29 18 1 38.262 -105.26 452 208 280 280 2014 7 4 13 49 16 6 266
29 18 1 38.153 -105.33 452 208 280 280 2014 7 4 13 50 16 6 266
29 18 1 38.153 -105.33 452 208 280 280 2014 7 4 13 51 7 6 266
29 18 1 37.931 -105.48 452 208 280 280 2014 7 4 13 52 16 6 266
29 18 1 37.931 -105.48 452 208 280 280 2014 7 4 13 53 6 6 266
29 18 1 37.709 -105.63 453 207 280 280 2014 7 4 13 54 16 6 266
29 18 1 37.59 -105.68 454 205 280 280 2014 7 4 13 55 15 6 266
29 18 1 37.543 -105.7 452 200 280 280 2014 7 4 13 56 15 6 266
29 18 1 37.336 -105.8 454 200 280 280 2014 7 4 13 57 16 6 266
29 18 1 37.306 -105.81 452 200 280 280 2014 7 4 13 58 15 6 266
29 18 1 37.18 -105.88 453 200 280 280 2014 7 4 13 59 6 6 266
29 18 1 37.062 -105.93 453 200 280 280 2014 7 4 14 0 15 6 266
29 18 1 36.943 -105.99 453 200 280 280 2014 7 4 14 1 6 6 266
29 18 1 36.857 -106.02 455 200 280 280 2014 7 4 14 2 6 6 266
29 18 1 36.616 -106.14 454 201 280 280 2014 7 4 14 3 16 2 69
29 18 1 36.586 -106.15 454 200 280 280 2014 7 4 14 4 6 2 69
29 18 1 36.467 -106.2 454 198 280 280 2014 7 4 14 5 16 2 69
29 18 1 36.35 -106.26 453 200 280 8 2014 7 4 14 6 16 2 69
29 18 1 36.232 -106.31 453 199 280 8 2014 7 4 14 7 16 2 69
29 18 1 36.115 -106.36 453 199 278 8 2014 7 4 14 8 6 2 69
29 18 1 35.997 -106.41 452 199 255 8 2014 7 4 14 9 6 2 69
29 18 1 35.872 -106.46 394 195 230 8 2014 7 4 14 10 16 2 69
29 18 1 35.773 -106.5 378 195 211 8 2014 7 4 14 11 15 2 69
29 18 1 35.67 -106.55 376 198 190 8 2014 7 4 14 12 15 2 69
29 18 1 35.581 -106.58 369 199 175 8 2014 7 4 14 13 6 2 69
29 18 1 35.493 -106.63 350 203 153 8 2014 7 4 14 14 6 2 69
29 18 1 35.415 -106.67 308 204 137 8 2014 7 4 14 15 6 2 80
29 18 1 35.334 -106.72 308 203 120 8 2014 7 4 14 16 6 2 80
29 18 1 35.264 -106.75 286 205 106 8 2014 7 4 14 17 6 2 80
29 18 1 35.184 -106.78 273 197 95 8 2014 7 4 14 18 6 2 80
29 18 1 35.105 -106.8 247 187 83 8 2014 7 4 14 19 15 2 80
29 18 1 35.049 -106.78 200 179 80 8 2014 7 4 14 20 16 2 80
29 18 1 35.021 -106.73 173 125 77 8 2014 7 4 14 21 6 2 80
29 18 1 34.995 -106.69 170 123 66 8 2014 7 4 14 22 6 2 80
29 18 1 35.01 -106.64 128 69 57 8 2014 7 4 14 23 6 2 80
30 18 1 39.859 -104.67 270 0 54 360 2014 7 4 14 17 6 6 233
30 18 1 39.833 -104.48 262 83 101 360 2014 7 4 14 19 15 6 233
30 18 1 39.783 -104.38 348 119 127 360 2014 7 4 14 20 16 6 233
30 18 1 39.688 -104.42 357 163 165 360 2014 7 4 14 21 6 6 233
30 18 1 39.594 -104.47 365 189 199 360 2014 7 4 14 22 6 6 233
30 18 1 39.491 -104.52 375 198 231 360 2014 7 4 14 23 6 6 233
30 18 1 39.383 -104.57 401 201 257 360 2014 7 4 14 24 6 6 236
30 18 1 39.271 -104.62 422 200 281 360 2014 7 4 14 25 15 6 266
30 18 1 39.156 -104.68 438 200 307 340 2014 7 4 14 26 15 6 266
30 18 1 39.044 -104.74 428 201 338 340 2014 7 4 14 27 15 6 266
30 18 1 38.938 -104.8 421 201 340 340 2014 7 4 14 28 6 6 265
30 18 1 38.833 -104.87 413 202 340 340 2014 7 4 14 29 16 6 265
30 18 1 38.729 -104.93 417 205 340 340 2014 7 4 14 30 6 6 265
30 18 1 38.606 -105.02 417 204 340 340 2014 7 4 14 31 16 6 265
30 18 1 38.504 -105.09 419 207 340 340 2014 7 4 14 32 6 6 265
30 18 1 38.4 -105.16 419 208 340 340 2014 7 4 14 33 6 6 265
30 18 1 38.308 -105.22 419 205 340 340 2014 7 4 14 34 15 6 265
30 18 1 38.185 -105.31 419 208 340 340 2014 7 4 14 35 6 6 265
30 18 1 38.083 -105.38 419 208 340 340 2014 7 4 14 36 6 6 265
30 18 1 37.979 -105.45 421 208 340 340 2014 7 4 14 37 15 6 265
30 18 1 37.878 -105.52 421 204 340 340 2014 7 4 14 38 6 6 265
30 18 1 37.775 -105.59 420 208 340 340 2014 7 4 14 39 6 6 265
30 18 1 37.646 -105.66 422 207 340 340 2014 7 4 14 40 6 6 265
30 18 1 37.532 -105.71 429 204 340 320 2014 7 4 14 41 16 6 265
30 18 1 37.423 -105.76 430 199 340 320 2014 7 4 14 42 6 6 265
30 18 1 37.3 -105.82 429 200 340 320 2014 7 4 14 43 16 6 265
30 18 1 37.191 -105.87 431 200 331 320 2014 7 4 14 44 15 6 266
30 18 1 37.061 -105.93 441 201 320 320 2014 7 4 14 45 15 6 266
30 18 1 36.945 -105.98 440 200 320 320 2014 7 4 14 46 6 6 266
30 18 1 36.828 -106.04 445 200 320 320 2014 7 4 14 47 16 6 266
30 18 1 36.71 -106.09 444 200 320 320 2014 7 4 14 48 15 2 99
30 18 1 36.594 -106.15 443 199 317 320 2014 7 4 14 49 6 2 99
30 18 1 36.478 -106.2 441 200 307 8 2014 7 4 14 50 16 2 99
30 18 1 36.415 -106.23 441 199 301 8 2014 7 4 14 51 6 2 99
30 18 1 36.303 -106.28 433 199 291 8 2014 7 4 14 52 6 2 99
30 18 1 36.193 -106.33 427 199 290 8 2014 7 4 14 53 6 2 99
30 18 1 36.084 -106.37 419 200 278 8 2014 7 4 14 54 15 2 69
30 18 1 35.98 -106.42 407 199 255 8 2014 7 4 14 55 15 2 69
30 18 1 35.868 -106.47 395 199 231 8 2014 7 4 14 56 6 2 69
30 18 1 35.761 -106.51 379 195 207 8 2014 7 4 14 57 6 2 69
30 18 1 35.675 -106.54 371 198 188 8 2014 7 4 14 58 16 2 69
30 18 1 35.58 -106.58 360 199 169 8 2014 7 4 14 59 6 2 69
30 18 1 35.489 -106.63 360 199 152 8 2014 7 4 15 0 15 2 69
30 18 1 35.389 -106.69 330 204 131 8 2014 7 4 15 1 6 2 80
30 18 1 35.309 -106.73 321 203 113 8 2014 7 4 15 2 15 2 80
30 18 1 35.233 -106.77 306 204 99 8 2014 7 4 15 3 6 2 80
30 18 1 35.14 -106.79 280 206 83 8 2014 7 4 15 4 15 2 80
30 18 1 35.159 -106.8 288 186 86 8 2014 7 4 15 5 6 2 80
30 18 1 35.089 -106.76 262 158 80 8 2014 7 4 15 6 6 2 80
30 18 1 35.045 -106.67 159 135 62 8 2014 7 4 15 7 16 2 80
30 18 1 35.044 -106.66 146 94 59 8 2014 7 4 15 8 6 2 80
30 18 1 35.044 -106.62 151 90 54 8 2014 7 4 15 9 15 2 80
