1 57 18 33.883 -116.55 199 322 22 330 1 4
1 57 18 33.933 -116.57 236 331 44 330 1 4
1 57 18 33.95 -116.5 245 61 63 330 1 4
1 57 18 33.966 -116.43 248 74 77 330 1 4
1 57 18 33.984 -116.35 258 72 97 330 1 4
1 57 18 34.005 -116.26 269 74 115 330 1 4
1 57 18 34.026 -116.17 279 75 130 330 1 4
1 57 18 34.052 -116.05 306 74 146 330 1 27
1 57 18 34.075 -115.94 323 74 159 330 1 27
1 57 18 34.098 -115.83 336 75 172 330 1 27
1 57 18 34.146 -115.73 343 75 188 330 1 27
1 57 18 34.217 -115.65 357 67 197 330 1 27
1 57 18 34.289 -115.56 362 48 208 330 1 27
1 57 18 34.378 -115.46 364 44 222 330 1 27
1 57 18 34.426 -115.35 364 61 222 330 1 27
1 57 18 34.462 -115.41 376 49 231 330 1 27
1 57 18 34.574 -115.4 387 44 237 330 1 27
1 57 18 34.636 -115.28 406 14 245 330 1 44
1 57 18 34.692 -115.14 402 42 252 330 1 44
1 57 18 34.741 -115.02 407 60 259 330 1 44
1 57 18 34.791 -114.89 417 64 265 330 1 40
1 57 18 34.841 -114.76 419 64 271 330 1 40
1 57 18 34.89 -114.63 419 64 279 330 1 40
1 57 18 34.939 -114.51 412 64 287 330 1 40
1 57 18 34.998 -114.36 412 64 296 330 1 40
1 57 18 35.011 -114.13 411 85 303 330 1 40
1 57 18 35.019 -113.99 414 86 307 330 1 40
1 57 18 35.021 -113.95 415 86 308 330 1 40
1 57 18 35.031 -113.7 419 86 312 330 1 40
1 57 18 35.037 -113.55 427 86 316 330 1 40
1 57 18 35.04 -113.49 425 87 317 330 1 40
1 57 18 35.046 -113.32 430 87 321 330 2 89
1 57 18 35.051 -113.17 433 87 322 330 2 89
1 57 18 35.056 -113.02 436 86 324 330 2 89
1 57 18 35.056 -112.87 438 89 326 330 2 89
1 57 18 35.078 -112.68 434 85 330 330 2 89
1 57 18 35.138 -112.56 427 58 330 330 2 89
1 57 18 35.208 -112.44 435 55 330 330 2 89
1 57 18 35.269 -112.33 438 54 330 330 2 89
1 57 18 35.339 -112.21 442 54 330 330 2 89
1 57 18 35.419 -112.07 446 55 330 330 1 46
1 57 18 35.419 -112.07 446 55 330 330 1 46
1 57 18 35.509 -111.9 452 55 330 330 2 101
1 57 18 35.591 -111.76 454 57 330 330 2 101
1 57 18 35.663 -111.62 456 56 330 330 2 101
1 57 18 35.733 -111.5 456 56 330 330 2 101
1 57 18 35.816 -111.34 456 233 330 330 6 270
1 57 18 35.888 -111.21 456 55 330 330 6 270
1 57 18 35.959 -111.08 456 56 330 330 6 270
1 57 18 36.03 -110.95 456 55 330 330 6 270
1 57 18 36.097 -110.83 455 56 330 330 6 270
1 57 18 36.175 -110.68 455 56 330 330 6 270
1 57 18 36.223 -110.59 455 56 330 330 6 270
1 57 18 36.291 -110.46 455 56 330 330 6 270
1 57 18 36.374 -110.31 455 54 330 330 6 270
1 57 18 36.443 -110.17 455 56 330 330 6 270
1 57 18 36.517 -110.04 454 56 330 330 6 270
1 57 18 36.583 -109.91 451 54 330 330 6 270
1 57 18 36.658 -109.77 450 56 330 330 6 270
1 57 18 36.723 -109.64 449 56 330 330 6 270
1 57 18 36.787 -109.52 447 34 330 330 6 270
1 57 18 36.87 -109.38 446 57 330 330 6 270
1 57 18 36.941 -109.26 446 55 330 330 6 270
1 57 18 37.021 -109.14 446 49 330 330 6 260
1 57 18 37.098 -109.01 446 52 330 330 6 260
1 57 18 37.182 -108.87 446 51 330 330 6 260
1 57 18 37.253 -108.75 446 52 330 330 6 260
1 57 18 37.336 -108.61 444 51 330 330 6 260
1 57 18 37.407 -108.49 444 52 330 330 6 260
1 57 18 37.479 -108.37 444 52 330 330 6 260
1 57 18 37.559 -108.25 444 49 330 330 6 260
1 57 18 37.633 -108.11 444 53 330 330 6 260
1 57 18 37.633 -108.11 444 53 330 330 6 260
1 57 18 37.786 -107.85 444 53 330 330 6 260
1 57 18 37.866 -107.73 444 49 330 330 6 260
1 57 18 37.869 -107.71 444 51 330 330 6 260
1 57 18 37.943 -107.6 444 53 330 330 6 260
1 57 18 38.034 -107.47 449 52 330 330 6 260
1 57 18 38.101 -107.34 440 48 330 270 6 268
1 57 18 38.169 -107.21 447 51 325 270 6 268
1 57 18 38.24 -107.08 448 56 320 270 6 268
1 57 18 38.312 -106.95 450 56 315 270 6 268
1 57 18 38.384 -106.82 450 55 310 270 6 268
1 57 18 38.47 -106.7 446 54 310 270 6 268
1 57 18 38.569 -106.58 432 50 310 270 6 268
1 57 18 38.652 -106.46 433 45 310 270 6 268
1 57 18 38.736 -106.35 433 45 307 270 6 268
1 57 18 38.816 -106.23 443 46 297 270 6 268
1 57 18 38.882 -106.09 452 47 286 270 6 268
1 57 18 38.941 -105.95 455 54 272 270 6 268
1 57 18 39.001 -105.8 450 60 257 270 6 240
1 57 18 39.055 -105.67 429 62 243 270 6 240
1 57 18 39.119 -105.51 419 62 226 270 6 240
1 57 18 39.182 -105.4 403 60 212 270 6 240
1 57 18 39.233 -105.35 378 52 207 270 6 240
1 57 18 39.345 -105.22 358 44 190 270 6 233
1 57 18 39.427 -105.14 367 37 179 270 6 233
1 57 18 39.516 -105.05 366 37 163 270 6 233
1 57 18 39.596 -104.97 367 37 148 270 6 233
1 57 18 39.68 -104.89 354 31 133 270 6 233
1 57 18 39.759 -104.84 316 43 127 270 6 233
1 57 18 39.844 -104.84 300 17 111 270 6 233
1 57 18 39.916 -104.84 252 0 110 270 6 233
1 57 18 40 -104.83 247 359 93 270 6 233
1 57 18 40.05 -104.82 250 10 81 270 6 233
1 57 18 39.991 -104.77 250 149 81 270 6 233
1 57 18 40.05 -104.73 246 89 80 270 6 233
1 57 18 40 -104.7 216 153 72 270 6 233
1 57 18 39.95 -104.7 173 177 63 270 6 233
1 57 18 39.9 -104.7 147 180 56 270 6 233
1 57 18 39.875 -104.7 118 180 54 270 6 233
2 57 18 33.837 -116.52 189 159 177 330 1 4
2 57 18 33.859 -116.5 231.5 218 189 330 1 4
2 57 18 33.871 -116.45 255.5 221.5 192.5 330 1 4
2 57 18 33.896 -116.39 283.5 27 71 330 1 4
2 57 18 33.906 -116.32 287.5 56 88.5 330 1 4
2 57 18 33.949 -116.23 301.5 86.5 102 330 1 4
2 57 18 33.995 -116.12 312 65.5 127 330 1 4
2 57 18 34.029 -116.03 327 61.5 141 330 1 27
2 57 18 34.066 -115.92 342 67 153.5 330 1 27
2 57 18 34.103 -115.81 346.5 67 159.5 330 1 27
2 57 18 34.153 -115.69 358 67 183.5 330 1 27
2 57 18 34.212 -115.58 354 64.5 196.5 330 1 27
2 57 18 34.265 -115.47 362 59 206.5 330 1 27
2 57 18 34.292 -115.42 365.5 57 211.5 330 1 27
2 57 18 34.347 -115.31 376.5 58 221 330 1 27
2 57 18 34.41 -115.19 387 58 228 330 1 27
2 57 18 34.466 -115.07 399.5 58 234 330 1 31
2 57 18 34.526 -114.96 406 58 241 330 1 31
2 57 18 34.588 -114.83 408 58 249 330 1 42
2 57 18 34.645 -114.72 412 58 256 330 1 40
2 57 18 34.707 -114.59 416 58 264.5 330 1 40
2 57 18 34.773 -114.46 415.5 58 273 330 1 40
2 57 18 34.828 -114.34 416.5 58.5 279.5 330 1 40
2 57 18 34.888 -114.19 418 59.5 287 330 1 40
2 57 18 34.942 -114.08 419.5 61.5 292 330 1 40
2 57 18 35.001 -113.94 421.5 61.5 297 330 1 40
2 57 18 35.054 -113.82 425 61 301.5 330 1 40
2 57 18 35.115 -113.68 425.5 61 307 330 1 40
2 57 18 35.17 -113.55 425.5 61 312 330 1 40
2 57 18 35.225 -113.42 425 61.5 317 330 1 40
2 57 18 35.285 -113.3 423.5 61.5 322.5 330 1 40
2 57 18 35.344 -113.16 421.5 60.5 326 330 1 40
2 57 18 35.407 -113.03 420.5 60 329 330 1 46
2 57 18 35.461 -112.91 424 60.5 330 330 1 46
2 57 18 35.519 -112.78 429.5 61.5 330 330 1 46
2 57 18 35.576 -112.65 429.5 60 330 330 1 46
2 57 18 35.635 -112.52 438.5 60.5 330 330 1 46
2 57 18 35.694 -112.38 440.5 61 330 330 1 46
2 57 18 35.74 -112.28 439.5 60.5 330 330 1 46
2 57 18 35.797 -112.16 440.5 60.5 330 330 1 46
2 57 18 35.856 -112.02 439 61 330 330 1 46
2 57 18 35.896 -111.93 439.5 60.5 330 330 1 46
2 57 18 35.978 -111.73 442.5 61 330 330 1 46
2 57 18 36.036 -111.6 442 61.5 330 330 6 270
2 57 18 36.08 -111.5 443.5 61.5 330 330 6 270
2 57 18 36.137 -111.37 445.5 61.5 330 330 6 270
2 57 18 36.203 -111.22 448 61 330 330 6 270
2 57 18 36.266 -111.09 448.5 60 330 330 6 270
2 57 18 36.328 -110.95 450 59 330 330 6 270
2 57 18 36.385 -110.84 450.5 59.5 330 330 6 270
2 57 18 36.447 -110.7 448.5 59.5 330 330 6 270
2 57 18 36.514 -110.56 448.5 56.5 330 330 6 270
2 57 18 36.575 -110.43 444.5 58 330 330 6 270
2 57 18 36.636 -110.29 442.5 58.5 330 330 6 270
2 57 18 36.698 -110.16 441 59.5 330 330 6 270
2 57 18 36.761 -110.01 439 58.5 330 330 6 270
2 57 18 36.823 -109.88 438 60 330 330 6 270
2 57 18 36.88 -109.75 436 58.5 330 330 6 270
2 57 18 36.945 -109.61 433.5 58.5 330 330 6 270
2 57 18 37.002 -109.48 433 60 330 330 6 270
2 57 18 37.067 -109.34 432.5 60 330 330 6 270
2 57 18 37.124 -109.21 433 60 330 330 6 260
2 57 18 37.184 -109.08 432.5 59 330 330 6 260
2 57 18 37.213 -109.01 434 63.5 330 330 6 260
2 57 18 37.278 -108.86 434 60.5 330 330 6 260
2 57 18 37.334 -108.73 434.5 60.5 330 330 6 260
2 57 18 37.394 -108.59 435 60.5 330 330 6 260
2 57 18 37.454 -108.46 434.5 59 330 330 6 260
2 57 18 37.522 -108.33 436.5 58.5 330 330 6 260
2 57 18 37.587 -108.19 435.5 58.5 330 330 6 260
2 57 18 37.654 -108.06 434.5 54.5 330 330 6 260
2 57 18 37.719 -107.92 434.5 56.5 330 330 6 260
2 57 18 37.79 -107.81 436 57.5 330 330 6 260
2 57 18 37.877 -107.68 433.5 55 330 330 6 260
2 57 18 37.956 -107.56 434 48.5 330 330 6 260
2 57 18 38 -107.5 434.5 48.5 330 330 6 260
2 57 18 38.111 -107.32 433.5 49 330 330 6 268
2 57 18 38.192 -107.21 433.5 47 330 330 6 268
2 57 18 38.231 -107.14 433 49.5 330 330 6 268
2 57 18 38.316 -107.02 433 50 330 270 6 268
2 57 18 38.392 -106.9 433 49 330 270 6 268
2 57 18 38.467 -106.78 433 50 330 270 6 268
2 57 18 38.551 -106.65 432.5 50.5 330 270 6 268
2 57 18 38.613 -106.55 432 49.75 327.5 270 6 268
2 57 18 38.676 -106.45 439.5 50.25 320.25 270 6 268
2 57 18 38.737 -106.35 451.5 49.25 308.75 270 6 268
2 57 18 38.828 -106.21 454.5 51 302 270 6 268
2 57 18 38.904 -106.09 444 49 292.5 270 6 240
2 57 18 38.977 -105.97 423 48.5 285 270 6 240
2 57 18 39.055 -105.84 398.5 50.5 258 270 6 240
2 57 18 39.126 -105.73 394.5 52 241 270 6 240
2 57 18 39.176 -105.66 394.5 51 224 270 6 240
2 57 18 39.251 -105.5 392 55 203.5 270 6 240
2 57 18 39.298 -105.42 390.5 56.5 187 270 6 240
2 57 18 39.387 -105.27 370 48.5 174 270 6 233
2 57 18 39.409 -105.19 367.5 62 172 270 6 233
2 57 18 39.446 -105.08 370 66.5 156 270 6 233
2 57 18 39.515 -104.91 344.5 66 137.5 270 6 233
2 57 18 39.517 -104.88 337.5 66 133 270 6 233
2 57 18 39.567 -104.8 301 55.5 121 270 6 233
2 57 18 39.626 -104.73 267.5 29 120 270 6 233
2 57 18 39.691 -104.74 251 191.5 118.5 270 6 233
2 57 18 39.733 -104.74 252.5 355 109.5 270 6 233
2 57 18 39.829 -104.74 245.5 2 89.5 270 6 233
2 57 18 39.841 -104.7 241 42.5 83 270 6 233
2 57 18 39.843 -104.68 204 255 78 270 6 233
2 57 18 39.873 -104.68 171 257 67.5 270 6 233
2 57 18 39.868 -104.68 148.5 92 60.5 270 6 233
2 57 18 39.854 -104.67 151 90 56 270 6 233
3 57 33 33.848 -116.53 147.5 0 117 230 1 4
3 57 33 33.85 -116.48 170 96 127.5 230 1 4
3 57 33 33.876 -116.47 198.5 40.5 230 230 1 20
3 57 33 33.9 -116.39 195 65.5 64.5 230 1 4
3 57 33 33.924 -116.34 201 70 71.5 230 1 4
3 57 33 33.931 -116.31 204 62 84 210 1 4
3 57 33 33.953 -116.25 205.5 70 99 210 1 4
3 57 33 33.995 -116.19 220 62 115 210 1 4
3 57 33 34.044 -116.14 218 58 127 210 1 27
3 57 33 34.093 -116.09 219.5 41.5 139 210 1 27
3 57 33 34.142 -116.06 219.5 35.5 151.5 210 1 27
3 57 33 34.198 -116 220 45 164 210 1 27
3 57 33 34.249 -115.96 222 35.5 173.5 210 1 27
3 57 33 34.304 -115.91 226.5 36.5 183.5 210 1 27
3 57 33 34.356 -115.87 229 49.5 193.5 210 1 27
3 57 33 34.408 -115.82 231 44 202.5 210 1 27
3 57 33 34.465 -115.77 237 35.5 208 210 1 27
3 57 33 34.528 -115.71 253 35.5 210 210 1 27
3 57 33 34.589 -115.66 267.5 36 210 210 1 27
3 57 33 34.648 -115.6 268 36 210 210 1 27
3 57 33 34.713 -115.55 271.5 38.5 210 210 1 27
3 57 33 34.773 -115.49 268 35.5 209.5 100 1 31
3 57 33 34.835 -115.44 275.5 35 204 100 1 31
3 57 33 34.913 -115.37 285 35.5 197.5 100 1 31
3 57 33 34.972 -115.31 285.5 35 192.5 100 1 31
3 57 33 35.037 -115.26 289 35.5 180 100 1 31
3 57 33 35.114 -115.19 308 36 160.5 100 1 31
3 57 33 35.185 -115.18 314.25 22.75 155.5 100 1 31
3 57 33 35.209 -115.17 314.5 28.5 140.25 100 1 31
3 57 33 35.28 -115.17 307.75 8.5 123.25 100 1 31
3 57 33 35.404 -115.17 297.5 179.5 108.5 100 1 31
3 57 33 35.48 -115.19 267.5 351 101.5 100 1 31
3 57 33 35.545 -115.22 256.5 343 100 100 1 31
3 57 33 35.602 -115.25 245 342 100 100 1 3
3 57 33 35.675 -115.28 255.5 335 100 100 1 3
3 57 33 35.746 -115.28 256.5 351 96.5 100 1 3
3 57 33 35.807 -115.3 246.5 351.5 90 100 1 3
3 57 33 35.876 -115.3 242 355 81.5 100 1 3
3 57 33 35.941 -115.29 240 182 74.5 100 1 3
3 57 33 36.006 -115.28 222.5 189 67 100 1 3
3 57 33 36.058 -115.27 197 188.5 58 100 1 3
3 57 33 36.106 -115.23 165.5 14 43.5 100 1 3
3 57 33 36.111 -115.18 149.5 61 34 100 1 3
3 57 33 36.094 -115.16 133 115.5 25 100 1 3
3 57 33 36.084 -115.15 133.5 138.5 21.5 100 1 3
4 57 34 33.858 -116.53 153 0 20 120 1 4
4 57 34 33.885 -116.57 165 294 28.5 120 1 4
4 57 34 33.933 -116.54 206.5 328 52 120 1 4
4 57 34 33.958 -116.5 187 45 66 120 1 4
4 57 34 33.992 -116.53 219 216 77.5 120 1 4
4 57 34 33.982 -116.59 214 271 91 120 1 4
4 57 34 33.969 -116.66 222 255.5 99 120 1 4
4 57 34 33.95 -116.73 234.5 255.5 100.5 120 1 4
4 57 34 33.948 -116.81 240 262.5 100 120 1 4
4 57 34 33.943 -116.9 242.5 270 99.5 120 1 6
4 57 34 33.937 -116.99 249.5 262 92.5 120 1 6
4 57 34 33.933 -117.06 261 268 84.5 120 1 6
4 57 34 33.934 -117.16 249 268.5 80 120 1 6
4 57 34 33.931 -117.23 235.5 268 80 120 1 6
4 57 34 33.925 -117.31 230 266 80 120 1 6
4 57 34 33.925 -117.38 236 265.5 80 120 1 6
4 57 34 33.917 -117.47 238 267 80 120 1 6
4 57 34 33.917 -117.54 242.5 267 80 120 1 6
4 57 34 33.917 -117.62 245 268 80 120 1 6
4 57 34 33.917 -117.7 255 271 80 120 1 6
4 57 34 33.925 -117.78 259 272 78.5 120 1 6
4 57 34 33.925 -117.88 268.5 271.5 68.5 120 1 6
4 57 34 33.933 -117.96 274 271.5 58 120 1 15
4 57 34 33.942 -118.04 261.5 273.5 46.5 120 1 15
4 57 34 33.956 -118.12 247.5 283.5 39 120 1 15
4 57 34 33.953 -118.2 241 266.5 30 120 1 15
4 57 34 33.952 -118.27 189 266 22 120 1 15
4 57 34 33.94 -118.32 163.5 266 13.5 120 1 15
4 57 34 33.944 -118.35 138.5 254 7 120 1 15
5 57 34 33.828 -116.49 139.75 0 14.25 120 1 4
5 57 34 33.826 -116.49 181.75 249 25.75 120 1 4
5 57 34 33.844 -116.47 197.25 202.25 36.5 120 1 4
5 57 34 33.842 -116.41 202.25 195 58.25 120 1 4
5 57 34 33.863 -116.44 198.75 113.25 73 120 1 4
5 57 34 33.88 -116.45 209.75 266.75 83.75 120 1 4
5 57 34 33.904 -116.52 217.5 305.25 94.75 120 1 4
5 57 34 33.924 -116.6 221 283.75 99.75 120 1 4
5 57 34 33.933 -116.68 231 278.75 100.5 120 1 4
5 57 34 33.942 -116.77 241.75 276.75 100.75 120 1 4
5 57 34 33.945 -116.84 244.5 270.5 100.25 120 1 4
5 57 34 33.943 -116.91 248 267.75 97.375 120 1 6
5 57 34 33.937 -116.99 253.5 264 93 120 1 6
5 57 34 33.936 -117.07 259.75 265.5 85.25 120 1 6
5 57 34 33.933 -117.14 258.25 268 82.125 120 1 6
5 57 34 33.93 -117.21 250 268 80.25 120 1 6
5 57 34 33.927 -117.29 239.38 264 79.75 120 1 6
5 57 34 33.921 -117.39 236 266.75 79.75 120 1 6
5 57 34 33.921 -117.44 233.75 266 79.75 120 1 6
5 57 34 33.917 -117.52 235 267 79.75 120 1 6
5 57 34 33.918 -117.62 236.75 268.25 79.75 120 1 6
5 57 34 33.917 -117.69 244.5 270.75 79.75 120 1 6
5 57 34 33.921 -117.78 241.5 270.5 79.5 120 1 6
5 57 34 33.927 -117.86 244.75 271.25 79.5 120 1 15
5 57 34 33.947 -117.92 242.25 279 72 120 1 15
5 57 34 33.956 -118 241.5 278.25 58 120 1 15
5 57 34 33.961 -118.08 231.75 273 46.5 120 1 15
5 57 34 33.957 -118.16 222.75 270.75 34.5 120 1 15
5 57 34 33.953 -118.22 223 253 29.25 120 1 15
5 57 34 33.947 -118.28 180.75 262 18.5 120 1 15
5 57 34 33.945 -118.34 165.5 259.75 9.5 120 1 15
5 57 34 33.944 -118.38 157 261 3.75 120 1 15
6 57 49 33.829 -116.51 113 0 4 85 1 4
6 57 49 33.867 -116.55 141 0 27 85 1 4
6 57 49 33.9 -116.63 161 315 57 85 1 4
6 57 49 33.917 -116.75 172 277 83 85 1 4
6 57 49 33.933 -116.8 211 288 85 85 1 4
6 57 49 33.934 -116.87 211 270 85 85 1 6
6 57 49 33.95 -116.95 225 281 85 85 1 6
6 57 49 33.955 -116.94 221 270 85 85 1 6
6 57 49 33.967 -117.03 231 287 85 85 1 6
6 57 49 34.004 -117.19 252 283 65 85 1 6
6 57 49 34.017 -117.27 253 286 50 85 1 6
6 57 49 34.021 -117.27 256 283 49 85 1 6
6 57 49 34.043 -117.35 256 283 36 85 1 6
6 57 49 34.062 -117.43 251 283 30 85 1 6
6 57 49 34.055 -117.49 207 270 29 85 1 6
6 57 49 34.056 -117.53 162 270 20 85 1 6
6 57 49 34.05 -117.57 113 271 11 85 1 6
7 57 55 33.85 -116.53 160 0 17 270 1 4
7 57 55 33.883 -116.57 215 320 34 270 1 4
7 57 55 33.933 -116.57 238 320 58 270 1 4
7 57 55 33.942 -116.55 242 0 270 270 1 41
7 57 55 33.91 -116.48 213 68 89 270 1 4
7 57 55 33.873 -116.43 222 109 107 270 1 4
7 57 55 33.833 -116.34 246 125 132 270 1 27
7 57 55 33.799 -116.27 260 115 141 270 1 27
7 57 55 33.781 -116.15 344 111 152 270 1 27
7 57 55 33.765 -116.04 344 107 167 270 1 27
7 57 55 33.749 -115.92 350 100 183 270 1 27
7 57 55 33.735 -115.8 351 99 199 250 1 27
7 57 55 33.781 -115.61 378 94 224 250 1 27
7 57 55 33.812 -115.57 372 73 229 250 1 27
7 57 55 33.854 -115.46 374 50 242 250 1 41
7 57 55 33.776 -115.4 360 108 249 250 1 41
7 57 55 33.678 -115.43 371 191 250 250 1 41
7 57 55 33.607 -115.35 392 163 250 250 1 41
7 57 55 33.594 -115.21 406 103 250 250 1 39
7 57 55 33.579 -115.07 418 97 250 250 1 39
7 57 55 33.56 -114.9 422 97 250 250 1 39
7 57 55 33.542 -114.76 422 98 250 250 1 39
7 57 55 33.525 -114.62 422 98 250 250 1 39
7 57 55 33.509 -114.48 422 97 250 250 1 39
7 57 55 33.492 -114.35 422 97 250 250 1 39
7 57 55 33.474 -114.2 431 97 250 250 1 39
7 57 55 33.454 -114.04 425 99 250 250 1 39
7 57 55 33.425 -113.9 423 101 250 250 2 64
7 57 55 33.398 -113.77 423 103 243 250 2 64
7 57 55 33.383 -113.69 422 103 237 250 2 64
7 57 55 33.354 -113.55 421 103 225 250 2 64
7 57 55 33.343 -113.5 416 103 221 250 2 64
7 57 55 33.302 -113.3 397 104 194 250 2 64
7 57 55 33.276 -113.16 361 103 168 250 2 64
7 57 55 33.275 -113.05 336 99 150 250 2 64
7 57 55 33.283 -112.93 317 87 141 250 2 64
7 57 55 33.283 -112.8 322 92 117 250 2 64
7 57 55 33.311 -112.74 313 89 104 250 2 79
7 57 55 33.342 -112.65 287 68 99 250 2 79
7 57 55 33.378 -112.56 254 64 86 250 2 79
7 57 55 33.404 -112.5 245 59 80 250 2 79
7 57 55 33.417 -112.48 219 65 79 250 2 79
7 57 55 33.428 -112.35 227 76 65 250 2 79
7 57 55 33.428 -112.27 222 89 54 250 2 79
7 57 55 33.433 -112.25 217 89 53 250 2 79
7 57 55 33.433 -112.18 225 89 38 250 2 79
7 57 55 33.433 -112.12 179 92 28 250 2 79
7 57 55 33.433 -112.07 153 89 19 250 2 79
8 57 55 33.85 -116.53 158 0 19 270 1 4
8 57 55 33.9 -116.57 210 319 40 270 1 4
8 57 55 33.937 -116.58 268 331 55 270 1 4
8 57 55 33.935 -116.5 287 56 78 270 1 4
8 57 55 33.871 -116.43 267 82 100 270 1 4
8 57 55 33.833 -116.34 303 119 117 270 1 4
8 57 55 33.794 -116.25 308 126 136 270 1 27
8 57 55 33.78 -116.14 319 110 154 270 1 27
8 57 55 33.766 -116.03 326 107 170 270 1 27
8 57 55 33.752 -115.92 332 98 188 270 1 27
8 57 55 33.736 -115.8 345 98 203 270 1 27
8 57 55 33.717 -115.66 359 99 217 250 1 27
8 57 55 33.698 -115.51 363 99 235 250 1 27
8 57 55 33.679 -115.42 368 98 246 250 1 41
8 57 55 33.623 -115.31 384 107 250 250 1 41
8 57 55 33.572 -115.2 382 120 250 250 1 39
8 57 55 33.559 -115.05 374 97 250 250 1 39
8 57 55 33.547 -114.95 373 96 250 250 1 39
8 57 55 33.533 -114.78 373 96 250 250 1 39
8 57 55 33.533 -114.78 373 96 250 250 1 39
8 57 55 33.519 -114.65 380 97 250 250 1 39
8 57 55 33.494 -114.41 404 95 250 250 1 39
8 57 55 33.494 -114.38 403 97 250 250 1 39
8 57 55 33.481 -114.25 408 96 250 250 1 39
8 57 55 33.464 -114.08 414 97 250 250 1 39
8 57 55 33.436 -113.95 417 101 250 250 2 64
8 57 55 33.408 -113.81 417 104 250 250 2 64
8 57 55 33.381 -113.67 417 103 244 250 2 64
8 57 55 33.354 -113.54 417 103 226 250 2 64
8 57 55 33.328 -113.41 407 103 209 250 2 64
8 57 55 33.299 -113.27 384 103 190 250 2 64
8 57 55 33.276 -113.16 357 103 176 250 2 64
8 57 55 33.283 -113.03 342 91 160 250 2 64
8 57 55 33.278 -112.94 327 84 147 250 2 64
8 57 55 33.281 -112.84 307 89 128 250 2 64
8 57 55 33.307 -112.75 294 78 109 250 2 79
8 57 55 33.343 -112.65 275 64 98 250 2 79
8 57 55 33.373 -112.58 259 64 83 250 2 79
8 57 55 33.402 -112.5 254 64 80 250 2 79
8 57 55 33.427 -112.43 240 73 71 250 2 79
8 57 55 33.428 -112.35 241 76 60 250 2 79
8 57 55 33.429 -112.26 226 89 47 250 2 79
8 57 55 33.433 -112.22 220 89 41 250 2 79
8 57 55 33.433 -112.17 212 89 31 250 2 79
8 57 55 33.433 -112.1 183 87 25 250 2 79
8 57 55 33.433 -112.05 139 91 16 250 2 79
8 57 55 33.431 -112.03 143 89 12 250 2 79
9 57 55 33.829 -116.51 148 0 4 270 1 4
9 57 55 33.8 -116.47 174 125 21 270 1 4
9 57 55 33.778 -116.39 257 111 270 270 1 41
9 57 55 33.755 -116.3 288 111 270 270 1 41
9 57 55 33.748 -116.22 292 106 83 270 1 4
9 57 55 33.725 -115.99 318 96 125 270 1 27
9 57 55 33.714 -115.88 318 96 125 270 1 27
9 57 55 33.713 -115.88 327 96 142 270 1 27
9 57 55 33.701 -115.77 327 97 162 270 1 27
9 57 55 33.689 -115.66 339 96 178 270 1 27
9 57 55 33.678 -115.54 346 97 195 270 1 27
9 57 55 33.665 -115.42 358 96 203 270 1 27
9 57 55 33.649 -115.27 374 96 219 250 1 27
9 57 55 33.637 -115.15 375 97 226 250 1 27
9 57 55 33.622 -115.02 392 95 235 250 1 27
9 57 55 33.608 -114.88 396 97 247 250 1 39
9 57 55 33.593 -114.75 402 97 250 250 1 39
9 57 55 33.566 -114.61 418 102 250 250 1 39
9 57 55 33.538 -114.47 430 102 250 250 1 39
9 57 55 33.504 -114.3 436 103 250 250 1 39
9 57 55 33.477 -114.16 440 102 250 250 1 39
9 57 55 33.449 -114.02 425 103 250 250 1 39
9 57 55 33.423 -113.89 403 103 250 250 2 64
9 57 55 33.397 -113.76 398 104 250 250 2 64
9 57 55 33.371 -113.64 398 103 238 250 2 64
9 57 55 33.346 -113.51 398 103 224 250 2 64
9 57 55 33.316 -113.36 387 103 206 250 2 64
9 57 55 33.292 -113.24 385 103 191 250 2 64
9 57 55 33.274 -113.13 354 102 175 250 2 64
9 57 55 33.267 -113.05 330 88 169 250 2 64
9 57 55 33.278 -112.93 335 84 164 250 2 64
9 57 55 33.28 -112.82 335 89 158 250 2 64
9 57 55 33.282 -112.71 327 89 154 250 2 79
9 57 55 33.284 -112.61 313 89 144 250 2 79
9 57 55 33.288 -112.49 306 89 129 250 2 79
9 57 55 33.291 -112.4 297 89 116 250 2 79
9 57 55 33.295 -112.3 294 78 104 250 2 79
9 57 55 33.3 -112.23 288 86 100 250 2 79
9 57 55 33.31 -112.11 292 89 100 250 2 79
9 57 55 33.362 -112.04 289 59 100 250 2 79
9 57 55 33.437 -112.02 287 32 100 250 2 79
9 57 55 33.5 -112.02 228 350 91 250 2 79
9 57 55 33.533 -111.97 210 39 75 250 2 79
9 57 55 33.529 -111.89 214 89 62 250 2 79
9 57 55 33.533 -111.85 219 93 56 250 2 79
9 57 55 33.483 -111.82 216 103 47 250 2 79
9 57 55 33.45 -111.85 206 186 37 250 2 79
9 57 55 33.433 -111.92 197 251 28 250 2 79
9 57 55 33.44 -112 137 270 11 250 2 79
10 57 55 33.83 -116.5 162.6 78.4 88.5 270 1 4
10 57 55 33.83 -116.48 212.9 173.1 126.4 270 1 4
10 57 55 33.827 -116.4 248.9 118.6 98.8 270 1 4
10 57 55 33.815 -116.34 261.6 88.6 91.5 270 1 4
10 57 55 33.802 -116.27 268.6 101.9 91 270 1 4
10 57 55 33.785 -116.17 287.8 101 114.7 270 1 4
10 57 55 33.766 -116.05 314.8 100.7 135 270 1 27
10 57 55 33.752 -115.95 327.8 100.1 152.7 270 1 27
10 57 55 33.738 -115.85 326.3 99.3 169.9 270 1 27
10 57 55 33.722 -115.73 344.7 97.9 185.9 270 1 27
10 57 55 33.704 -115.61 356.9 98.5 198.8 250 1 27
10 57 55 33.686 -115.49 368.2 99.5 214.7 250 1 27
10 57 55 33.668 -115.35 375.25 99.05 227.15 250 1 27
10 57 55 33.654 -115.24 386.1 98.05 236.75 250 1 27
10 57 55 33.638 -115.11 400.15 98.35 244.95 250 1 39
10 57 55 33.619 -114.97 406.5 98.3 249.2 250 1 39
10 57 55 33.603 -114.87 411.1 98.7 250.9 250 1 39
10 57 55 33.583 -114.75 418.05 99.5 253.5 250 1 39
10 57 55 33.562 -114.62 419.5 100.75 255.4 250 1 39
10 57 55 33.533 -114.47 426.75 102.35 255.6 250 1 39
10 57 55 33.509 -114.33 427.85 100.85 255.7 250 1 39
10 57 55 33.484 -114.2 428.4 102.2 255.3 250 1 39
10 57 55 33.456 -114.05 427 101.9 251.2 250 1 39
10 57 55 33.433 -113.94 423.5 102.7 248.2 250 2 64
10 57 55 33.411 -113.82 417 102.8 238.95 250 2 64
10 57 55 33.386 -113.7 411.55 102.6 227.75 250 2 64
10 57 55 33.356 -113.55 407.15 103.1 210.2 250 2 64
10 57 55 33.331 -113.43 401.27 103.25 198.68 250 2 64
10 57 55 33.308 -113.31 386.7 102.85 186.05 250 2 64
10 57 55 33.291 -113.2 374.35 101.2 173.9 250 2 64
10 57 55 33.279 -113.09 362.1 97.8 164.8 250 2 64
10 57 55 33.279 -112.97 347.6 90.9 155.3 250 2 64
10 57 55 33.281 -112.85 333.35 90.3 149.9 250 2 64
10 57 55 33.282 -112.75 329.2 87.4 146.3 250 2 79
10 57 55 33.283 -112.64 318.8 89 137.5 250 2 79
10 57 55 33.287 -112.52 316.1 88.4 128.1 250 2 79
10 57 55 33.288 -112.42 307.2 86.9 117.4 250 2 79
10 57 55 33.296 -112.32 292.25 86.15 106.55 250 2 79
10 57 55 33.303 -112.21 281.1 84.3 100.6 250 2 79
10 57 55 33.313 -112.12 265.1 79.2 93.9 250 2 79
10 57 55 33.325 -112.05 255.2 79.9 86.8 250 2 79
10 57 55 33.337 -111.96 249 79.9 74 250 2 79
10 57 55 33.349 -111.88 234.9 80.9 61 250 2 79
10 57 55 33.371 -111.83 220.7 68.4 52.1 250 2 79
10 57 55 33.399 -111.85 211.4 122.6 43.6 250 2 79
10 57 55 33.428 -111.89 190.3 220.1 30 250 2 79
10 57 55 33.435 -111.94 158.1 291.3 21 250 2 79
10 57 55 33.432 -111.97 148 272.7 15.8 250 2 79
11 57 66 33.858 -116.53 186.5 162.25 100.25 340 1 4
11 57 66 33.894 -116.54 232.25 205.25 115.75 340 1 4
11 57 66 33.94 -116.51 253.5 200 131.5 340 1 4
11 57 66 34.021 -116.5 270 92.75 86.75 340 1 4
11 57 66 34.096 -116.52 287.5 96.5 112 340 1 4
11 57 66 34.18 -116.55 318.75 177.25 132 340 1 19
11 57 66 34.257 -116.61 347.5 343.75 150.75 340 1 19
11 57 66 34.318 -116.69 370.75 329.25 172.5 340 1 19
11 57 66 34.37 -116.81 387.5 322.25 194 340 1 19
11 57 66 34.425 -116.91 406 305.25 207 340 1 19
11 57 66 34.458 -117.05 404.5 297 214.5 340 1 19
11 57 66 34.476 -117.18 409.25 293.25 223.25 340 1 21
11 57 66 34.495 -117.32 411 281.75 236.5 340 1 21
11 57 66 34.513 -117.46 417 280.25 251.5 340 1 21
11 57 66 34.545 -117.6 421.75 286 263.5 340 1 43
11 57 66 34.549 -117.72 424.5 281 282 340 1 43
11 57 66 34.578 -117.84 426 280.88 295.5 260 1 43
11 57 66 34.611 -117.96 419.5 283.5 305.5 340 1 43
11 57 66 34.65 -118.06 422.88 286.62 310.12 340 1 53
11 57 66 34.699 -118.17 426.25 291.25 312.56 340 1 53
11 57 66 34.75 -118.27 427.38 296.62 314.88 340 1 53
11 57 66 34.797 -118.37 429.25 297.5 314.75 340 1 53
11 57 66 34.858 -118.51 428 298.5 314.75 340 1 53
11 57 66 34.922 -118.62 425.75 302.25 314.75 340 1 53
11 57 66 34.982 -118.73 426.5 303 314.75 340 1 53
11 57 66 35.06 -118.88 426.25 303 314.75 340 1 53
11 57 66 35.12 -119 426 302.25 314.75 340 1 53
11 57 66 35.166 -119.09 426.5 300 314.75 340 1 53
11 57 66 35.217 -119.21 423.62 299 314.75 340 1 53
11 57 66 35.277 -119.34 421.88 297.75 314.75 340 1 53
11 57 66 35.307 -119.41 424.06 297.88 314.75 340 1 53
11 57 66 35.37 -119.57 422.5 296.5 314.75 340 1 54
11 57 66 35.413 -119.67 421.88 296.25 314.75 340 1 54
11 57 66 35.458 -119.79 421.62 295.88 314.75 340 1 54
11 57 66 35.513 -119.92 422.12 295.5 314.75 340 1 54
11 57 66 35.56 -120.04 420.75 295.75 314.75 340 1 54
11 57 66 35.611 -120.17 418.75 295.5 314.75 340 1 54
11 57 66 35.66 -120.29 420.75 295.5 314.75 340 1 54
11 57 66 35.719 -120.44 421 295.25 314.75 340 1 54
11 57 66 35.762 -120.55 421.25 295.5 314.75 340 4 188
11 57 66 35.814 -120.69 420.75 295.25 314.75 340 4 188
11 57 66 35.866 -120.83 419.25 292.75 314.75 340 4 188
11 57 66 35.891 -120.93 418 290 314.75 340 4 188
11 57 66 35.942 -121.05 417.25 292.75 314.75 340 4 188
11 57 66 35.998 -121.19 418 294.5 314.75 340 4 188
11 57 66 36.056 -121.28 419 296.5 308.5 340 4 188
11 57 66 36.127 -121.4 417.75 304 294.75 340 4 188
11 57 66 36.24 -121.51 415 309.5 282.25 340 4 188
11 57 66 36.309 -121.58 409.62 317.62 270.12 340 4 188
11 57 66 36.398 -121.66 405.5 309.62 258.75 340 4 188
11 57 66 36.477 -121.73 400.88 311.12 243.12 340 4 188
11 57 66 36.572 -121.8 402.5 323.75 222.25 340 4 188
11 57 66 36.639 -121.89 405.5 307 202 340 4 173
11 57 66 36.774 -121.94 411 329.25 179.25 340 4 173
11 57 66 36.879 -122.01 385.25 332 149.25 340 4 173
11 57 66 36.951 -122.05 365 333.75 133.75 340 4 173
11 57 66 37.062 -122.09 338.75 342 115 340 4 173
11 57 66 37.117 -122.14 320.25 341.25 106 340 4 156
11 57 66 37.195 -122.18 299.5 335 96 340 4 154
11 57 66 37.265 -122.2 280.5 336.25 84.75 340 4 154
11 57 66 37.33 -122.21 273.5 338.5 73.75 340 4 154
11 57 66 37.396 -122.18 268 261.25 65.75 340 4 156
11 57 66 37.426 -122.15 244.75 195.75 62.5 340 4 156
11 57 66 37.486 -122.14 218.25 208.5 46.75 340 4 156
11 57 66 37.52 -122.15 214 197.5 39.75 340 4 156
11 57 66 37.552 -122.22 186.75 168 26.5 340 4 156
11 57 66 37.57 -122.26 183.75 311.5 16.25 340 4 156
11 57 66 37.589 -122.31 163.5 298.75 8.75 340 4 156
11 57 66 37.608 -122.35 160.75 293.75 4.25 340 4 155
12 57 66 33.809 -116.48 178.2 50.8 141.2 320 1 4
12 57 66 33.812 -116.44 232.8 158.2 164.8 320 1 4
12 57 66 33.835 -116.4 252.6 130.4 127.8 320 1 4
12 57 66 33.889 -116.41 263.8 112.2 84.2 320 1 4
12 57 66 33.954 -116.43 279 140.6 104.8 320 1 4
12 57 66 34.036 -116.48 320.4 273 128 320 1 20
12 57 66 34.111 -116.56 352.8 261.8 150.2 320 1 19
12 57 66 34.164 -116.67 373.2 328.2 175.2 320 1 19
12 57 66 34.203 -116.78 381.2 310.2 195.8 320 1 19
12 57 66 34.246 -116.91 398.6 295.8 215 320 1 19
12 57 66 34.289 -117.04 407.8 296.6 235.6 320 1 19
12 57 66 34.335 -117.19 416.8 291.8 251.2 320 1 44
12 57 66 34.376 -117.32 424 291.2 266.6 320 1 43
12 57 66 34.42 -117.46 429.8 289.8 279.2 320 1 43
12 57 66 34.459 -117.6 430.4 291 291.6 320 1 43
12 57 66 34.495 -117.7 429.6 289.4 305.2 320 1 43
12 57 66 34.545 -117.84 426.2 290.8 312.6 320 1 43
12 57 66 34.584 -117.98 428.6 292.8 316 320 1 53
12 57 66 34.624 -118.11 425.6 291.2 319.8 320 1 53
12 57 66 34.674 -118.23 427.4 290.4 320.2 320 1 53
12 57 66 34.742 -118.37 428.6 294.4 320.2 320 1 53
12 57 66 34.804 -118.51 429.6 294.6 320 320 1 53
12 57 66 34.873 -118.64 431.2 298.2 320 320 1 53
12 57 66 34.944 -118.77 430.8 303.4 320 320 1 53
12 57 66 35.011 -118.9 429.6 302.2 320 320 1 53
12 57 66 35.071 -119.01 430.8 302.4 320 320 1 53
12 57 66 35.127 -119.13 431 301 320 320 1 53
12 57 66 35.179 -119.25 428 300.8 320 320 1 53
12 57 66 35.228 -119.38 426 293.6 320 320 1 54
12 57 66 35.277 -119.52 424.4 292.6 318 320 1 54
12 57 66 35.321 -119.65 424.4 291.4 316 320 1 54
12 57 66 35.372 -119.8 423 291.4 316 320 1 54
12 57 66 35.408 -119.91 424.2 291.4 316 320 1 54
12 57 66 35.464 -120.05 425.4 295.4 316 320 1 54
12 57 66 35.52 -120.17 424.8 299 316 320 1 54
12 57 66 35.582 -120.3 425.2 298.8 316 320 1 54
12 57 66 35.642 -120.44 423.6 298.4 316 320 1 54
12 57 66 35.694 -120.55 422.8 298.6 316 320 4 188
12 57 66 35.747 -120.66 423.8 299 316 320 4 188
12 57 66 35.827 -120.81 423.2 303.6 316 320 4 188
12 57 66 35.894 -120.93 423.2 305 316 320 4 188
12 57 66 35.983 -121.06 424.4 306.4 316 200 4 188
12 57 66 36.05 -121.15 424.6 308.2 310.5 320 4 188
12 57 66 36.131 -121.25 425.8 307.8 307.6 320 4 188
12 57 66 36.209 -121.34 427.4 309.8 302 200 4 188
12 57 66 36.33 -121.48 423.8 316.4 283 200 4 188
12 57 66 36.416 -121.58 417.6 310.4 261.2 200 4 188
12 57 66 36.481 -121.66 413.4 315.6 248.4 200 4 188
12 57 66 36.579 -121.77 412.6 316.2 221.2 200 4 188
12 57 66 36.638 -121.84 392.2 316.8 205.4 200 4 188
12 57 66 36.714 -121.9 380.8 325 189.8 200 4 188
12 57 66 36.804 -121.95 379.2 334.8 170.8 200 4 173
12 57 66 36.914 -121.99 359.4 270 148.8 200 4 173
12 57 66 37.004 -122.03 348.8 343.8 129 200 4 173
12 57 66 37.081 -122.07 334.6 344 110.6 200 4 154
12 57 66 37.177 -122.14 302.2 333.6 95.2 200 4 154
12 57 66 37.234 -122.16 288.2 324.6 86 200 4 156
12 57 66 37.32 -122.17 273.2 271 72 200 4 156
12 57 66 37.369 -122.13 262 157 62.4 200 4 156
12 57 66 37.42 -122.13 251 165.2 52.2 200 4 156
12 57 66 37.491 -122.15 228.8 285.6 42.2 200 4 156
12 57 66 37.527 -122.18 208.2 335.6 34.2 200 4 156
12 57 66 37.563 -122.24 185.2 306.8 22.4 200 4 156
12 57 66 37.581 -122.29 163.6 295.8 13.2 200 4 156
12 57 66 37.602 -122.33 151.4 298.6 5.4 200 4 156
12 57 66 37.615 -122.36 153.2 300.8 2 200 4 152
13 57 69 33.858 -116.53 190 0 350 350 1 41
13 57 69 33.901 -116.57 188 317 350 350 1 41
13 57 69 33.929 -116.52 220 15 350 350 1 41
13 57 69 33.954 -116.44 230 76 80 350 1 4
13 57 69 33.972 -116.36 242 71 99 350 1 4
13 57 69 33.992 -116.28 268 75 115 350 1 4
13 57 69 34.017 -116.17 315 74 133 350 1 27
13 57 69 34.043 -116.07 327 73 155 350 1 27
13 57 69 34.069 -115.96 338 73 174 350 1 27
13 57 69 34.096 -115.84 345 73 196 350 1 27
13 57 69 34.159 -115.72 383 73 216 350 1 27
13 57 69 34.238 -115.63 389 65 229 350 1 27
13 57 69 34.319 -115.54 392 48 230 350 1 27
13 57 69 34.435 -115.48 407 42 234 350 1 27
13 57 69 34.541 -115.44 407 19 234 350 1 27
13 57 69 34.635 -115.39 404 20 269 350 1 44
13 57 69 34.754 -115.34 413 20 280 350 1 44
13 57 69 34.822 -115.31 410 19 286 350 1 44
13 57 69 34.988 -115.24 446 19 300 350 1 44
13 57 69 35.133 -115.17 457 19 315 350 1 44
13 57 69 35.181 -115.16 459 20 321 350 1 44
13 57 69 35.304 -115.11 459 15 330 350 1 44
13 57 69 35.506 -115.04 468 16 330 350 1 47
13 57 69 35.581 -115.02 471 16 330 350 1 47
13 57 69 35.709 -114.97 478 16 330 330 1 47
13 57 69 35.836 -114.92 479 16 330 330 1 47
13 57 69 35.964 -114.87 479 16 330 330 1 47
13 57 69 36.08 -114.8 475 22 330 330 1 47
13 57 69 36.194 -114.71 479 30 330 330 1 47
13 57 69 36.329 -114.61 478 31 330 330 1 47
13 57 69 36.44 -114.52 475 31 330 330 1 48
13 57 69 36.554 -114.44 475 31 330 330 1 48
13 57 69 36.664 -114.35 471 31 330 330 1 48
13 57 69 36.776 -114.27 471 31 330 330 1 48
13 57 69 36.883 -114.19 471 31 330 330 1 48
13 57 69 37.015 -114.08 469 31 330 330 1 48
13 57 69 37.085 -114.03 470 31 330 330 1 48
13 57 69 37.196 -113.94 470 31 330 330 1 48
13 57 69 37.302 -113.86 469 32 330 330 1 48
13 57 69 37.457 -113.74 464 32 330 330 1 48
13 57 69 37.523 -113.68 467 31 330 330 1 48
13 57 69 37.678 -113.56 467 31 330 330 5 205
13 57 69 37.767 -113.49 467 31 330 330 5 205
13 57 69 37.878 -113.4 467 32 330 330 5 205
13 57 69 37.99 -113.31 471 32 330 330 5 205
13 57 69 38.035 -113.28 470 32 330 330 5 205
13 57 69 38.146 -113.19 471 32 330 330 5 205
13 57 69 38.255 -113.1 468 32 330 310 5 205
13 57 69 38.366 -113.01 465 32 322 310 5 205
13 57 69 38.488 -112.95 470 31 311 310 5 205
13 57 69 38.609 -112.88 470 24 310 310 5 205
13 57 69 38.726 -112.82 461 22 310 310 5 205
13 57 69 38.841 -112.76 451 22 310 150 5 205
13 57 69 38.978 -112.68 447 22 310 150 5 205
13 57 69 39.091 -112.62 445 22 310 150 5 205
13 57 69 39.205 -112.56 443 22 310 150 5 215
13 57 69 39.312 -112.5 443 20 307 150 5 215
13 57 69 39.432 -112.43 470 22 277 150 5 215
13 57 69 39.569 -112.35 455 20 238 150 5 215
13 57 69 39.681 -112.29 441 24 203 150 5 215
13 57 69 39.788 -112.23 423 24 172 150 5 215
13 57 69 39.887 -112.17 385 21 152 150 5 215
13 57 69 39.974 -112.12 344 24 150 150 5 215
13 57 69 40.061 -112.06 356 25 139 150 5 215
13 57 69 40.155 -112.01 373 25 121 150 5 197
13 57 69 40.265 -111.95 358 25 108 150 5 197
13 57 69 40.353 -111.93 324 10 99 150 5 197
13 57 69 40.441 -111.94 313 2 99 150 5 197
13 57 69 40.518 -111.94 279 356 91 150 5 197
13 57 69 40.591 -111.95 263 354 83 150 5 197
13 57 69 40.651 -111.96 218 354 67 150 5 197
13 57 69 40.704 -111.96 197 356 57 150 5 197
13 57 69 40.738 -111.97 143 355 49 150 5 197
13 57 69 40.754 -111.97 151 354 46 150 5 197
13 57 69 40.785 -111.97 147 354 42 150 5 197
14 57 69 33.829 -116.51 148 0 4 330 1 4
14 57 69 33.794 -116.44 192 131 330 330 1 41
14 57 69 33.819 -116.38 259 89 330 330 1 41
14 57 69 33.882 -116.35 275 31 73 330 1 4
14 57 69 33.916 -116.26 275 64 73 330 1 4
14 57 69 33.974 -116.19 295 43 112 330 1 4
14 57 69 34.006 -116.09 309 50 126 330 1 27
14 57 69 34.041 -115.99 322 59 142 330 1 27
14 57 69 34.074 -115.89 332 68 158 330 1 27
14 57 69 34.118 -115.76 338 68 173 330 1 27
14 57 69 34.191 -115.68 344 68 186 330 1 27
14 57 69 34.262 -115.6 351 55 195 330 1 27
14 57 69 34.34 -115.52 362 42 204 330 1 27
14 57 69 34.486 -115.46 380 18 215 330 1 27
14 57 69 34.587 -115.41 381 19 225 330 1 27
14 57 69 34.69 -115.37 386 19 232 330 1 31
14 57 69 34.794 -115.32 391 20 238 330 1 31
14 57 69 34.902 -115.28 399 19 244 330 1 44
14 57 69 35.011 -115.23 411 20 250 330 1 44
14 57 69 35.078 -115.2 416 19 253 330 1 44
14 57 69 35.191 -115.15 423 19 259 330 1 44
14 57 69 35.329 -115.1 425 17 266 330 1 44
14 57 69 35.492 -115.05 434 16 273 330 1 47
14 57 69 35.611 -115 442 16 277 330 1 47
14 57 69 35.682 -114.98 440 16 280 330 1 47
14 57 69 35.801 -114.94 442 16 284 330 1 47
14 57 69 35.967 -114.87 444 16 293 330 1 47
14 57 69 36.031 -114.83 442 16 297 330 1 47
14 57 69 36.136 -114.75 442 28 300 330 1 47
14 57 69 36.241 -114.68 442 31 305 330 1 47
14 57 69 36.367 -114.58 443 31 310 330 1 47
14 57 69 36.389 -114.56 444 31 310 310 1 47
14 57 69 36.518 -114.46 452 32 310 310 1 48
14 57 69 36.694 -114.33 464 30 310 310 1 48
14 57 69 36.807 -114.24 469 31 310 310 1 48
14 57 69 36.92 -114.15 474 31 310 310 1 48
14 57 69 37.034 -114.06 480 31 310 310 1 48
14 57 69 37.148 -113.98 480 31 310 310 1 48
14 57 69 37.193 -113.95 482 32 310 310 1 48
14 57 69 37.306 -113.86 483 31 310 310 1 48
14 57 69 37.443 -113.75 483 32 310 310 1 48
14 57 69 37.627 -113.6 483 31 310 310 1 48
14 57 69 37.742 -113.51 484 32 310 310 5 205
14 57 69 37.858 -113.42 483 32 310 310 5 205
14 57 69 37.858 -113.42 483 32 310 310 5 205
14 57 69 38.018 -113.29 484 32 310 310 5 205
14 57 69 38.131 -113.2 484 32 310 310 5 205
14 57 69 38.255 -113.15 482 28 310 310 5 205
14 57 69 38.385 -113.15 471 17 310 310 5 205
14 57 69 38.515 -113.13 471 41 310 310 5 205
14 57 69 38.645 -113.12 470 2 310 310 5 205
14 57 69 38.764 -113.01 483 3 310 310 5 205
14 57 69 38.826 -112.86 481 21 310 310 5 205
14 57 69 38.89 -112.71 479 48 310 170 5 205
14 57 69 39.017 -112.66 479 16 310 170 5 205
14 57 69 39.095 -112.53 470 39 310 170 5 205
14 57 69 39.234 -112.49 470 43 310 170 5 215
14 57 69 39.362 -112.45 471 25 304 170 5 215
14 57 69 39.49 -112.42 470 12 279 170 5 215
14 57 69 39.608 -112.38 435 12 256 170 5 215
14 57 69 39.717 -112.35 405 12 233 170 5 215
14 57 69 39.825 -112.32 401 12 210 170 5 215
14 57 69 39.907 -112.31 394 12 193 170 5 215
14 57 69 40.054 -112.26 377 9 170 170 5 215
14 57 69 40.17 -112.22 370 19 161 170 5 215
14 57 69 40.256 -112.19 379 11 148 170 5 197
14 57 69 40.353 -112.15 364 15 133 170 5 197
14 57 69 40.448 -112.12 354 14 130 170 5 197
14 57 69 40.492 -112.11 351 14 129 170 5 197
14 57 69 40.582 -112.09 360 14 127 170 5 197
14 57 69 40.642 -112.08 350 0 113 170 5 197
14 57 69 40.754 -112.09 252 356 110 170 5 197
14 57 69 40.831 -112.1 248 354 106 170 5 197
14 57 69 40.897 -112.11 251 355 98 170 5 197
14 57 69 40.964 -112.12 246 355 88 170 5 197
14 57 69 41.004 -112.06 206 20 72 170 5 197
14 57 69 40.977 -112.03 202 127 68 170 5 197
14 57 69 40.919 -112.01 179 166 63 170 5 197
14 57 69 40.868 -112.01 142 174 53 170 5 197
14 57 69 40.833 -112 135 174 48 170 5 197
15 57 69 33.848 -116.53 169 164 167 330 1 4
15 57 69 33.852 -116.5 212.5 217.5 43 330 1 4
15 57 69 33.898 -116.47 251.5 60.5 57.5 330 1 4
15 57 69 33.94 -116.39 270 44.5 75 330 1 4
15 57 69 33.956 -116.33 296.5 53.5 87.5 330 1 4
15 57 69 33.983 -116.23 296 66 104.5 330 1 4
15 57 69 34.026 -116.14 315 70.5 124 330 1 27
15 57 69 34.074 -116.05 323 63 141.5 330 1 27
15 57 69 34.12 -115.97 328.5 59 155.5 330 1 27
15 57 69 34.206 -115.91 337.5 32.5 165 330 1 27
15 57 69 34.286 -115.84 351.5 44 185 330 1 27
15 57 69 34.383 -115.77 359 33 200 330 1 27
15 57 69 34.466 -115.7 365 32 211 330 1 27
15 57 69 34.569 -115.62 371.5 32 223 330 1 27
15 57 69 34.663 -115.54 380 32.5 231.5 330 1 27
15 57 69 34.754 -115.47 387 32.5 240.5 330 1 31
15 57 69 34.823 -115.44 389.5 28 245 330 1 44
15 57 69 34.964 -115.34 400.5 25.5 255.5 330 1 44
15 57 69 35.018 -115.31 403 25.5 258 330 1 44
15 57 69 35.18 -115.21 414 26 271.5 330 1 44
15 57 69 35.287 -115.16 410.5 25 278.5 330 1 44
15 57 69 35.385 -115.12 409 19.5 283.5 330 1 44
15 57 69 35.459 -115.09 410 19 287 330 1 44
15 57 69 35.578 -115.04 412 18.5 290 330 1 47
15 57 69 35.684 -114.97 417 22.5 297.5 330 1 47
15 57 69 35.745 -114.94 418.5 25.5 299.5 330 1 47
15 57 69 35.847 -114.86 422 29 304.5 330 1 47
15 57 69 35.95 -114.79 423.5 30 309 330 1 47
15 57 69 36.101 -114.68 423.5 29.5 316.5 330 1 47
15 57 69 36.154 -114.65 425.5 29.5 319 330 1 47
15 57 69 36.276 -114.56 425 29.5 324 330 1 47
15 57 69 36.356 -114.5 425 30 328 330 1 47
15 57 69 36.468 -114.42 422 29 330 330 1 48
15 57 69 36.57 -114.34 426 30 330 330 1 48
15 57 69 36.686 -114.26 432 30.5 330 330 1 48
15 57 69 36.803 -114.18 438 29.5 330 330 1 48
15 57 69 36.913 -114.09 439.5 30 330 330 1 48
15 57 69 37.02 -114.02 442 29.5 330 330 1 48
15 57 69 37.116 -113.94 443 30 330 330 1 48
15 57 69 37.233 -113.86 442.5 30 330 330 1 48
15 57 69 37.35 -113.77 443 30 330 330 1 48
15 57 69 37.447 -113.7 443 29.5 330 330 1 48
15 57 69 37.569 -113.62 443.5 28 330 330 1 48
15 57 69 37.682 -113.55 447.5 25.5 330 330 1 48
15 57 69 37.807 -113.48 446.5 24 330 330 5 205
15 57 69 37.923 -113.41 447 22 330 330 5 205
15 57 69 38.038 -113.36 447 22.5 330 330 5 205
15 57 69 38.153 -113.3 446.5 22.5 330 330 5 205
15 57 69 38.257 -113.24 446.5 22.5 330 330 5 205
15 57 69 38.325 -113.2 446 22 330 320 5 205
15 57 69 38.451 -113.14 445.5 21.5 330 320 5 205
15 57 69 38.579 -113.07 446.5 22 330 320 5 205
15 57 69 38.753 -112.97 453.5 22.5 326.5 320 5 205
15 57 69 38.812 -112.94 453.5 22.5 326.5 170 5 205
15 57 69 38.873 -112.91 468.5 22.5 320 170 5 205
15 57 69 38.993 -112.84 469 23 320 170 5 205
15 57 69 39.112 -112.78 465.5 22.5 313.5 170 5 205
15 57 69 39.242 -112.71 462 22.5 305.5 170 5 215
15 57 69 39.367 -112.64 460 22.5 289.5 170 5 215
15 57 69 39.484 -112.57 451.5 22.5 268 170 5 215
15 57 69 39.596 -112.51 439 22.5 248 170 5 215
15 57 69 39.716 -112.44 425.5 23 227 170 5 215
15 57 69 39.822 -112.38 415.5 23 208 170 5 215
15 57 69 39.944 -112.32 388 23 188.5 170 5 215
15 57 69 40.067 -112.27 361 20 175.5 170 5 215
15 57 69 40.154 -112.19 369 25.5 173 170 5 197
15 57 69 40.253 -112.13 379.5 29 165 170 5 197
15 57 69 40.329 -112.12 354.5 13.5 157.5 170 5 197
15 57 69 40.425 -112.11 348.5 184 140.5 170 5 197
15 57 69 40.519 -112.1 350.5 183.5 125.5 170 5 197
15 57 69 40.596 -112.09 327 183.5 120.5 170 5 197
15 57 69 40.697 -112.09 286 183.5 114.5 170 5 197
15 57 69 40.764 -112.09 278 178 111.5 170 5 197
15 57 69 40.843 -112.1 232 355 107 170 5 197
15 57 69 40.911 -112.11 230 355 90 170 5 197
15 57 69 40.956 -112.09 226 198.5 80 170 5 197
15 57 69 40.959 -112.04 215.5 50 73 170 5 197
15 57 69 40.903 -112.01 199.5 148.5 60.5 170 5 197
15 57 69 40.873 -112.01 182 165.5 55 170 5 197
15 57 69 40.813 -112 148 174.5 44.5 170 5 197
