1 57 49 33.829 -116.51 113 0 4 85 1 4
1 57 49 33.875 -116.55 139.5 0 30.5 85 1 4
1 57 49 33.9 -116.61 165 314 52 85 1 4
1 57 49 33.917 -116.7 164.5 283.5 71.5 85 1 4
1 57 49 33.93 -116.75 189 280.5 79.5 85 1 4
1 57 49 33.936 -116.81 189 278 85 85 1 4
1 57 49 33.951 -116.88 210.5 286 86 85 1 4
1 57 49 33.96 -116.92 214 278 85.5 85 1 6
1 57 49 33.973 -116.98 217.5 280.75 85 85 1 6
1 57 49 33.985 -117.05 228.75 277.5 76.5 65 1 6
1 57 49 33.996 -117.12 239.25 285.75 63.75 50 1 6
1 57 49 34.019 -117.23 238 283 55 85 1 6
1 57 49 34.029 -117.27 240 284.5 49 85 1 6
1 57 49 34.047 -117.34 237 284.5 40.5 85 1 6
1 57 49 34.061 -117.41 227 276.5 35.5 85 1 6
1 57 49 34.056 -117.47 203 270 31 85 1 6
1 57 49 34.056 -117.52 141.25 269.75 16.5 11 1 6
1 57 49 34.05 -117.57 111.5 270 11 85 1 6
