1 57 66 33.828 -116.5 179.22 135 150.56 320 1 4
1 57 66 33.848 -116.49 230.67 178.78 143.67 320 1 4
1 57 66 33.879 -116.45 244.78 160.89 129.78 320 1 4
1 57 66 33.944 -116.45 265.11 102.33 85.667 320 1 4
1 57 66 34.013 -116.47 280.89 121.22 107.33 320 1 4
1 57 66 34.097 -116.51 318.44 231.44 129.22 320 1 4
1 57 66 34.172 -116.58 349.44 298 149.78 320 1 19
1 57 66 34.23 -116.68 372.78 328.56 172.89 320 1 19
1 57 66 34.274 -116.79 384.78 314 193.56 320 1 19
1 57 66 34.323 -116.91 402.11 300.22 210.22 320 1 19
1 57 66 34.362 -117.04 406.56 296.89 225.11 320 1 19
1 57 66 34.396 -117.18 412.78 292.67 237.67 320 1 21
1 57 66 34.427 -117.32 417.67 287.22 252.11 320 1 43
1 57 66 34.46 -117.46 424 285.67 266.11 320 1 43
1 57 66 34.496 -117.6 425.56 289 278.67 320 1 43
1 57 66 34.518 -117.71 425.78 285.89 294.56 320 1 43
1 57 66 34.558 -117.84 425.28 286.5 305.61 320 1 43
1 57 66 34.596 -117.98 422.56 288.78 311.22 320 1 53
1 57 66 34.641 -118.12 421.89 289.89 318.89 320 1 53
1 57 66 34.699 -118.25 424.44 291.44 320 320 1 53
1 57 66 34.767 -118.38 424.22 295.89 320.67 320 1 53
1 57 66 34.817 -118.49 424.39 297.78 321 320 1 53
1 57 66 34.892 -118.63 426.11 300.56 321.11 320 1 53
1 57 66 34.966 -118.77 427.67 303.44 322.11 320 1 53
1 57 66 35.029 -118.88 428.89 301.61 322.11 320 1 53
1 57 66 35.094 -119.01 429.89 301.56 322.11 320 1 53
1 57 66 35.15 -119.13 429.78 300.11 322.11 320 1 53
1 57 66 35.205 -119.26 428 299.78 322.11 320 1 53
1 57 66 35.256 -119.39 427.44 295.5 322.11 320 1 54
1 57 66 35.313 -119.54 426.56 294.56 321 320 1 54
1 57 66 35.361 -119.67 425.44 293.67 319.89 320 1 54
1 57 66 35.414 -119.81 423.78 293.22 319.89 320 1 54
1 57 66 35.454 -119.92 423.33 293.33 319.89 320 1 54
1 57 66 35.514 -120.07 421.89 295.56 319.89 320 1 54
1 57 66 35.565 -120.19 421.89 297.56 319.89 320 1 54
1 57 66 35.628 -120.33 421.67 297.33 319.89 320 1 54
1 57 66 35.687 -120.47 420.89 297.44 319.89 320 4 188
1 57 66 35.737 -120.58 421 298.78 319.89 320 4 188
1 57 66 35.79 -120.7 421 297.89 319.89 320 4 188
1 57 66 35.858 -120.84 420.56 299.22 319.89 320 4 188
1 57 66 35.92 -120.96 420.5 301.33 319.89 320 4 188
1 57 66 35.997 -121.09 421.44 302.78 319.89 200 4 188
1 57 66 36.068 -121.19 422.22 304.56 314.06 200 4 188
1 57 66 36.148 -121.3 422.78 307.67 306.33 200 4 188
1 57 66 36.233 -121.39 422.22 311.11 297.67 200 4 188
1 57 66 36.332 -121.51 418 315.56 280.83 200 4 188
1 57 66 36.413 -121.6 412.11 308.17 261.33 200 4 188
1 57 66 36.482 -121.68 405.5 311.83 245.61 200 4 188
1 57 66 36.575 -121.77 402.67 318 222 200 4 188
1 57 66 36.634 -121.85 400.56 310.44 204.33 200 4 188
1 57 66 36.728 -121.91 387.89 325.56 187.56 200 4 188
1 57 66 36.823 -121.97 376.22 331.67 164 200 4 173
1 57 66 36.915 -122.01 356.78 297.22 146 200 4 173
1 57 66 37.016 -122.05 344 343.22 125.89 200 4 173
1 57 66 37.085 -122.09 327.56 342.89 110.67 200 4 154
1 57 66 37.169 -122.14 304.44 336.56 97 200 4 154
1 57 66 37.242 -122.16 286 331.11 85 200 4 154
1 57 66 37.312 -122.16 274.56 303.89 72.778 200 4 156
1 57 66 37.376 -122.14 264.89 205.33 62.444 200 4 156
1 57 66 37.42 -122.14 248.11 214.78 53.778 200 4 156
1 57 66 37.491 -122.15 226.89 284.67 41.111 200 4 156
1 57 66 37.528 -122.18 212.22 307 35.111 200 4 156
1 57 66 37.563 -122.24 190 274.33 23.778 200 4 156
1 57 66 37.578 -122.28 174.44 301.22 14.222 200 4 156
1 57 66 37.6 -122.33 152.89 299.11 5.3333 200 4 156
1 57 66 37.613 -122.36 155 298.11 2.3333 200 4 152
