1 34 1 33.943 -118.41 148 0 1 330 1 15
1 34 1 33.68 -118.46 298 185 86 330 1 2
1 34 1 33.644 -117.9 351 89 166 330 1 18
1 34 1 33.642 -117.22 409 90 214 330 1 26
1 34 1 33.633 -116.48 427 115 252 330 1 41
1 34 1 33.684 -115.76 434 81 286 330 1 41
1 34 1 33.787 -115.02 434 79 313 330 1 39
1 34 1 33.883 -114.27 434 81 330 330 1 42
1 34 1 33.957 -113.68 449 82 330 330 2 89
1 34 1 34.072 -112.7 455 81 330 330 2 89
1 34 1 33.993 -113.38 450 81 330 330 2 89
1 34 1 34.084 -112.59 454 81 330 330 2 89
1 34 1 34.168 -111.83 455 82 330 330 2 89
1 34 1 34.245 -111.08 449 82 330 330 2 105
1 34 1 34.319 -110.33 449 83 330 330 2 105
1 34 1 34.389 -109.56 453 83 330 330 2 105
1 34 1 34.471 -108.77 459 82 330 330 2 100
1 34 1 34.757 -108.08 472 58 312 330 2 100
1 34 1 35.102 -107.46 397 58 196 330 2 68
1 34 1 35.098 -106.93 302 101 100 330 2 80
1 34 1 35.044 -106.62 121 90 54 330 2 80
2 34 1 33.941 -118.45 173.75 68.75 16 390 1 15
2 34 1 33.676 -118.39 330 161 132 390 1 2
2 34 1 33.655 -117.73 414.25 89.75 246.5 390 1 18
2 34 1 33.645 -116.97 457.5 90.5 323.5 390 1 51
2 34 1 33.7 -116.19 463.5 83.75 366.75 390 1 41
2 34 1 33.791 -115.4 457.5 80.75 374 390 1 41
2 34 1 33.885 -114.67 456.25 81 380 390 1 42
2 34 1 33.966 -113.95 461.25 81.75 380 390 2 102
2 34 1 34.056 -113.16 463 82.25 380 390 2 89
2 34 1 34.105 -112.7 463 82.25 380 390 2 89
2 34 1 34.198 -111.77 463.75 82.5 380 390 2 89
2 34 1 34.27 -111.01 463.5 83 380 390 2 105
2 34 1 34.335 -110.27 465.38 83.75 380 390 2 105
2 34 1 34.398 -109.49 466.25 84 380 390 2 104
2 34 1 34.505 -108.76 469.5 78 370 390 2 104
2 34 1 34.681 -108.04 454.75 72.5 269.75 390 2 68
2 34 1 34.872 -107.36 357.75 68.75 153 390 2 68
2 34 1 35.017 -106.88 255.25 69.25 92 390 2 80
2 34 1 35.038 -106.61 148.25 78.25 53.25 390 2 80
3 34 1 33.935 -118.44 167 63.75 93.25 330 1 15
3 34 1 33.675 -118.38 299.5 146.75 111 330 1 2
3 34 1 33.653 -117.76 376.5 90.25 200 330 1 18
3 34 1 33.645 -117.14 413 90.5 259.5 330 1 26
3 34 1 33.709 -116.39 436.25 81.75 302.25 330 1 41
3 34 1 33.871 -115.7 445.12 74 321.12 330 1 41
3 34 1 34.047 -114.93 444.75 74.25 338.25 330 1 42
3 34 1 34.145 -114.13 451.25 84.25 345 330 1 42
3 34 1 34.198 -113.39 458 83.75 345 330 2 89
3 34 1 34.246 -112.68 458 84.75 345 330 2 89
3 34 1 34.294 -111.93 458 85 345 330 2 89
3 34 1 34.339 -111.11 459 86 345 330 2 105
3 34 1 34.377 -110.32 461.75 86 345 330 2 105
3 34 1 34.407 -109.6 460.75 86.75 344.5 330 2 105
3 34 1 34.52 -108.83 461.75 77.75 333 330 2 100
3 34 1 34.7 -108.13 449 71.75 296 330 2 68
3 34 1 34.862 -107.48 362.75 73 169.25 330 2 68
3 34 1 34.958 -106.93 295 81.5 98.5 330 2 80
3 34 1 35.038 -106.62 158.75 67.5 53.75 330 2 80
4 34 18 33.943 -118.45 175.5 137.5 14 370 1 15
4 34 18 33.81 -118.42 328.5 139 136.5 370 1 18
4 34 18 34.111 -117.93 405 52 244 370 1 21
4 34 18 34.493 -117.32 466 52 318 370 1 43
4 34 18 34.908 -116.66 474.5 52 380 370 1 43
4 34 18 35.278 -115.99 472.5 60.5 380 370 1 44
4 34 18 35.555 -115.31 473 62.5 380 370 1 44
4 34 18 35.828 -114.64 470.5 63 380 370 1 47
4 34 18 36.123 -113.89 468.5 63.5 380 370 1 47
4 34 18 36.41 -113.14 469.5 64.5 380 370 1 49
4 34 18 36.666 -112.45 468 64.5 380 370 1 49
4 34 18 36.983 -111.59 466.5 65 380 370 1 49
4 34 18 36.776 -112.16 468.5 64.5 380 370 1 49
4 34 18 37.054 -111.4 465 65 380 370 6 269
4 34 18 37.308 -110.69 463 64.5 380 370 6 269
4 34 18 37.552 -109.98 461.5 66 380 370 6 269
4 34 18 37.808 -109.22 462 65 380 370 6 269
4 34 18 38.097 -108.48 461 58 380 370 6 254
4 34 18 38.367 -107.79 459.5 62 373.5 350 6 253
4 34 18 38.679 -107.09 448.5 59 340.5 270 6 268
4 34 18 39.002 -106.37 447.5 59.5 301.5 170 6 268
4 34 18 39.269 -105.77 404 58 218.5 170 6 240
4 34 18 39.411 -105.14 338 83 145 170 6 233
4 34 18 39.591 -104.72 249 40.5 99.5 170 6 233
4 34 18 39.844 -104.67 165 0 54.5 170 6 233
5 34 18 33.939 -118.45 170.72 116.28 32.833 370 1 15
5 34 18 33.957 -118.39 317.61 91.833 122.78 370 1 15
5 34 18 34.258 -117.86 409 55.444 214.72 370 1 21
5 34 18 34.62 -117.27 465.06 53.889 283.94 370 1 43
5 34 18 35.018 -116.67 477.22 50.667 337.61 370 1 43
5 34 18 35.458 -116.03 474 47.944 361.72 370 1 43
5 34 18 35.864 -115.37 474.28 53.111 369.56 370 1 47
5 34 18 36.184 -114.63 479.33 63.278 370.06 370 1 47
5 34 18 36.44 -113.89 478 65.833 371.11 370 1 49
5 34 18 36.691 -113.13 476.56 66.806 371.11 370 1 49
5 34 18 36.938 -112.39 477.94 67.25 371.11 370 1 49
5 34 18 37.19 -111.59 478.11 67.583 372.22 370 6 269
5 34 18 36.982 -112.24 477.89 67.611 371.11 370 1 49
5 34 18 37.225 -111.48 478.06 67.306 372.28 370 6 269
5 34 18 37.467 -110.74 475.39 66.944 373.39 370 6 269
5 34 18 37.72 -109.97 473.97 65.889 373.33 370 6 269
5 34 18 37.973 -109.2 474.39 65.944 373.33 370 6 269
5 34 18 38.228 -108.44 472.39 65.556 370.5 370 6 254
5 34 18 38.492 -107.7 469.31 64.389 366.67 370 6 253
5 34 18 38.779 -107 466.72 61.333 348.33 270 6 268
5 34 18 39.084 -106.24 454.06 61.556 298.11 270 6 268
5 34 18 39.368 -105.55 387.83 59.333 205.72 270 6 240
5 34 18 39.578 -104.99 331.39 66.778 141.28 270 6 233
5 34 18 39.869 -104.77 249.56 111.72 91.833 270 6 233
5 34 18 39.873 -104.68 157.94 108.22 53.944 270 6 233
6 34 33 33.941 -118.44 166.69 67.25 48.5 290 1 15
6 34 33 33.946 -118.4 335.5 102.94 136.62 290 1 21
6 34 33 34.247 -117.88 406.12 54.875 232 290 1 21
6 34 33 34.584 -117.28 443.5 55.5 275.38 290 1 43
6 34 33 34.932 -116.66 452.38 55.25 270.41 290 1 43
6 34 33 35.334 -116.11 412.44 46.125 210.38 130 1 31
6 34 33 35.707 -115.67 332.94 41.875 132.69 130 1 31
6 34 33 36.019 -115.37 297.31 62.688 110.19 130 1 3
6 34 33 36.023 -114.98 209.19 83.625 62.375 130 1 3
6 34 33 36.076 -115.14 145.19 263.31 21 130 1 3
7 34 33 33.941 -118.45 180.97 63.793 72.103 290 1 15
7 34 33 33.956 -118.38 335.31 104.28 132.62 290 1 15
7 34 33 34.272 -117.83 422.29 54.931 241.53 290 1 43
7 34 33 34.609 -117.22 455.81 55.569 273.31 290 1 43
7 34 33 34.839 -116.87 455.81 55.569 273.31 290 1 43
7 34 33 35.296 -116.16 424 46.31 214.16 130 1 31
7 34 33 35.668 -115.67 323.76 48.966 128 130 1 31
7 34 33 35.922 -115.36 251.14 24.759 71.966 130 1 3
7 34 33 36.071 -115.17 159.52 87 27.034 130 1 3
8 34 46 33.943 -118.41 149 0 1 360 1 15
8 34 46 34.148 -118.72 310 350 90 360 1 8
8 34 46 34.597 -118.76 424 338 228 360 1 32
8 34 46 35.088 -119.14 460 322 330 360 1 53
8 34 46 35.574 -119.62 455 321 360 360 1 54
8 34 46 36.037 -120.09 451 320 352 280 4 189
8 34 46 36.466 -120.52 459 321 340 200 4 189
8 34 46 36.983 -121.08 419 317 188 200 4 174
8 34 46 37.334 -121.49 323 315 98 200 4 178
8 34 46 37.559 -121.92 287 292 50 200 4 156
8 34 46 37.695 -122.21 148 302 4 200 4 152
9 34 46 33.946 -118.45 171.61 59.036 13.929 360 1 15
9 34 46 34.13 -118.66 299.93 295.39 102.14 360 1 8
9 34 46 34.619 -118.77 385.36 342.79 213.54 360 1 32
9 34 46 35.09 -119.14 424.04 320.93 300.57 360 1 53
9 34 46 35.571 -119.61 439.8 320.38 334.86 360 1 54
9 34 46 36.106 -120.15 439.54 320.18 336.96 280 4 189
9 34 46 35.765 -119.81 438.66 320.21 337.27 360 1 54
9 34 46 36.235 -120.28 439.75 320.27 328.32 280 4 189
9 34 46 36.703 -120.77 419.71 319.04 250.71 200 4 168
9 34 46 37.112 -121.23 374 317.86 143.5 200 4 174
9 34 46 37.431 -121.6 287.5 317 74.821 200 4 152
9 34 46 37.573 -121.99 228.29 286.29 40.107 200 4 156
9 34 46 37.706 -122.22 139.32 307.5 147.5 200 4 152
10 34 53 33.933 -118.45 194 254 18 320 1 15
10 34 53 34.055 -118.7 290 334 90 320 1 15
10 34 53 34.54 -118.75 335 340 198 320 1 32
10 34 53 35.112 -118.97 442 343 277 320 1 53
10 34 53 35.651 -119.17 435 343 320 320 1 53
10 34 53 36.248 -119.4 433 343 320 320 4 187
10 34 53 36.775 -119.6 432 343 320 320 4 187
10 34 53 37.362 -119.82 442 343 320 320 4 187
10 34 53 37.972 -120.06 442 342 320 320 4 184
10 34 53 38.469 -120.26 449 342 320 320 4 185
10 34 53 39.063 -120.5 449 342 320 320 4 185
10 34 53 39.799 -120.8 448 342 340 340 4 186
10 34 53 40.048 -120.91 446 342 340 340 4 186
10 34 53 40.646 -121.16 445 342 340 340 4 186
10 34 53 41.262 -121.43 451 341 340 340 3 141
10 34 53 41.857 -121.69 450 342 340 340 3 141
10 34 53 42.468 -121.97 451 341 340 340 3 141
10 34 53 43.051 -122.24 437 341 340 340 3 141
10 34 53 43.551 -122.76 435 322 340 340 3 136
10 34 53 44.189 -122.75 463 0 276 340 3 136
10 34 53 44.777 -122.69 374 358 175 340 3 130
10 34 53 45.232 -122.64 289 4 78 340 3 112
10 34 53 45.472 -122.37 233 48 30 340 3 112
10 34 53 45.592 -122.59 140 301 340 340 3 135
11 34 53 33.944 -118.47 185.44 60.111 17.444 360 1 15
11 34 53 34.134 -118.65 303 261.44 98.889 360 1 8
11 34 53 34.621 -118.77 387.67 341.22 192.44 360 1 32
11 34 53 35.181 -118.99 435 342.22 270.11 360 1 53
11 34 53 35.79 -119.22 453.44 342.22 327.89 360 1 53
11 34 53 36.39 -119.45 448.78 342.22 354.33 360 4 187
11 34 53 36.931 -119.66 454.33 342.28 356.78 360 4 187
11 34 53 37.545 -119.91 451.89 341.78 355.56 360 4 184
11 34 53 38.137 -120.14 448.78 342.44 355.56 360 4 185
11 34 53 38.735 -120.37 445.67 342.44 355.56 360 4 185
11 34 53 39.328 -120.61 442.72 342.39 355.56 360 4 186
11 34 53 39.961 -120.86 444.44 342.22 355.56 360 4 186
11 34 53 39.443 -120.65 442.22 342.56 355.56 360 4 186
11 34 53 40.034 -120.89 442.78 342.22 355.56 360 4 186
11 34 53 40.639 -121.15 439 341.78 355.56 360 4 186
11 34 53 41.192 -121.38 438.39 341.17 355.56 360 3 141
11 34 53 41.757 -121.63 440.33 341.28 355.56 360 3 141
11 34 53 42.341 -121.89 443.44 340.56 353.33 340 3 141
11 34 53 42.908 -122.16 443.89 340.56 348.89 340 3 141
11 34 53 43.473 -122.42 440.44 340.56 344.89 340 3 141
11 34 53 44.051 -122.67 437.44 341.67 290.56 340 3 136
11 34 53 44.609 -122.69 397.44 42 186.56 340 3 130
11 34 53 45.109 -122.65 312.67 6.3333 103.33 340 3 112
11 34 53 45.451 -122.44 229.33 65.111 36.222 340 3 112
11 34 53 45.59 -122.59 131.44 298.67 271.56 340 3 135
12 34 55 33.931 -118.47 180.67 263.67 20.667 330 1 15
12 34 55 33.67 -118.4 318 133 134.33 330 1 18
12 34 55 33.643 -117.79 412.5 90 248.17 330 1 18
12 34 55 33.639 -117.02 461 89.333 309.33 330 1 51
12 34 55 33.621 -116.2 482.33 91.333 336.67 330 1 41
12 34 55 33.586 -115.42 472.33 92.833 336.67 250 1 41
12 34 55 33.506 -114.52 474.67 96 302.67 250 1 39
12 34 55 33.416 -113.84 424.33 102 234.33 250 2 64
12 34 55 33.286 -113.22 369 103 175.67 250 2 64
12 34 55 33.349 -112.7 301 62 104 250 2 79
12 34 55 33.432 -112.29 232.67 89.333 53 250 2 79
12 34 55 33.429 -112.01 140.33 89.333 11 250 2 79
13 34 55 33.939 -118.45 178.63 95.463 15.902 330 1 15
13 34 55 33.668 -118.41 319.66 159.78 126.05 330 1 2
13 34 55 33.646 -117.79 393.63 89.634 222.44 330 1 18
13 34 55 33.639 -117.08 439.51 90.829 281.85 330 1 51
13 34 55 33.614 -116.32 456.62 92.183 318.66 330 1 41
13 34 55 33.582 -115.54 464.63 92.366 328.6 330 1 41
13 34 55 33.537 -114.8 466.1 94.829 323.66 250 1 39
13 34 55 33.454 -114.07 437.2 99.951 252.13 250 1 39
13 34 55 33.333 -113.41 401.51 102.41 206.1 250 2 64
13 34 55 33.282 -112.81 331.85 90.268 154.22 250 2 64
13 34 55 33.297 -112.31 293.66 85.512 105.49 250 2 79
13 34 55 33.348 -111.89 236.32 77.976 61.561 250 2 79
13 34 55 33.435 -111.98 143.93 270.02 14.512 250 2 79
14 34 57 33.93 -118.44 136 255 20 150 1 15
14 34 57 33.722 -118.28 212 124 81 150 1 2
14 34 57 33.776 -117.95 222 57 136 150 1 18
14 34 57 33.741 -117.59 240 96 150 150 1 18
14 34 57 33.772 -117.88 219 85 143 150 1 18
14 34 57 33.72 -117.47 253 94 150 150 1 26
14 34 57 33.611 -117.06 256 108 150 150 1 26
14 34 57 33.624 -116.61 265 89 116 150 1 26
14 34 57 33.8 -116.48 150 19 12 150 1 4
15 34 57 33.933 -118.44 149.5 251.5 23 150 1 15
15 34 57 33.762 -118.34 207 145.5 98 150 1 2
15 34 57 33.776 -117.95 232 84 150 150 1 18
15 34 57 33.743 -117.52 248.5 94 150 150 1 26
15 34 57 33.763 -117.79 245.5 92.5 150 150 1 18
15 34 57 33.733 -117.41 248 95 150 150 1 26
15 34 57 33.699 -116.97 247.5 95.5 150.5 150 1 26
15 34 57 33.674 -116.58 217.5 81 116.5 110 1 26
15 34 57 33.783 -116.47 150.5 14.5 13.5 110 1 4
16 34 57 33.937 -118.43 157.75 61.5 9.75 150 1 15
16 34 57 33.761 -118.31 203.75 125.75 84.5 150 1 2
16 34 57 33.775 -117.94 219.25 87 142.75 150 1 18
16 34 57 33.755 -117.65 219.25 87 142.75 150 1 18
16 34 57 33.713 -117.08 266.25 90.75 150 150 1 26
16 34 57 33.687 -116.69 263 85.5 118 110 1 26
16 34 57 33.846 -116.52 166.5 182.5 19.75 110 1 4
17 34 57 33.933 -118.47 194 0 27 150 1 15
17 34 57 33.691 -118.45 318 162 135 170 1 18
17 34 57 33.678 -117.82 376 91 170 170 1 18
17 34 57 33.666 -117.29 413 91 170 170 1 26
17 34 57 33.65 -116.58 331 91 90 170 1 4
17 34 57 33.783 -116.47 152 0 13 170 1 4
18 34 62 33.936 -118.43 149.33 0 11 90 1 15
18 34 62 33.64 -118.37 266.33 143 93.667 90 1 2
18 34 62 33.411 -117.94 286.33 124.67 96.667 90 1 2
18 34 62 33.036 -117.43 269.67 143.33 95.667 90 1 9
18 34 62 32.785 -117.12 237.67 121 52.667 90 1 9
18 34 62 32.73 -117.18 132.67 292.67 31.333 90 1 9
19 34 62 33.931 -118.44 173.21 0 16.5 110 1 15
19 34 62 33.657 -118.39 292.46 133.43 101.73 110 1 2
19 34 62 33.438 -117.99 322.47 122.04 104.46 110 1 2
19 34 62 33.207 -117.6 306.2 130.13 102.46 110 1 2
19 34 62 32.898 -117.29 263.96 136.43 72.464 110 1 9
19 34 62 32.736 -116.97 220.68 116.71 49.036 110 1 9
19 34 62 32.729 -117.17 136.25 283.71 4.5 110 1 9
20 34 65 33.935 -118.47 193.5 129 18.5 340 1 15
20 34 65 34.145 -118.65 302.5 347.5 103 340 1 8
20 34 65 34.613 -118.77 390.75 342 187 340 1 32
20 34 65 35.233 -119.03 460.25 342 271.5 340 1 53
20 34 65 35.803 -119.25 470.25 342 331.75 340 1 53
20 34 65 36.477 -119.52 461 342 360 340 4 187
20 34 65 36.984 -119.72 461.38 341.12 360 340 4 187
20 34 65 37.61 -119.98 456.75 341.25 360 340 4 184
20 34 65 38.2 -120.19 455 344.25 360 340 4 185
20 34 65 38.824 -120.39 453.25 346 360 340 4 185
20 34 65 39.459 -120.59 450.25 346 362.5 380 4 186
20 34 65 40.084 -120.79 451.25 345.5 365 380 4 186
20 34 65 40.708 -121 450.25 345.25 365 380 4 186
20 34 65 41.062 -121.11 451.75 345.75 365 380 3 141
20 34 65 41.686 -121.3 452.25 347 365 380 3 141
20 34 65 42.255 -121.47 450.5 347 365 360 3 141
20 34 65 42.874 -121.66 451.75 346.75 370 360 3 141
20 34 65 43.457 -121.84 447.75 346.75 370 360 3 141
20 34 65 44.084 -122.06 444.75 348.75 370 360 3 135
20 34 65 44.641 -122.25 449 347.25 370 360 3 135
20 34 65 45.251 -122.44 444.75 347.25 370 360 3 135
20 34 65 45.859 -122.62 439 348 300.5 360 3 135
20 34 65 46.44 -122.67 392.5 178.5 192 360 3 147
20 34 65 46.93 -122.56 305.75 15.5 100.5 360 3 114
20 34 65 47.227 -122.32 250.5 97.25 45.5 360 3 114
20 34 65 47.465 -122.31 141.5 0.75 4 360 3 114
21 34 65 33.943 -118.45 172.33 23.167 15.167 360 1 15
21 34 65 34.119 -118.67 297.75 328.92 92.833 360 1 8
21 34 65 34.59 -118.75 393.75 345.5 184.25 360 1 32
21 34 65 35.179 -118.97 448.67 344.75 272.33 360 1 53
21 34 65 35.819 -119.17 464.92 345.25 340.92 360 1 53
21 34 65 36.433 -119.36 459.58 345.75 364.08 360 4 187
21 34 65 37.052 -119.55 459.92 345.75 366.58 380 4 187
21 34 65 37.667 -119.74 460.25 345.83 368.33 380 4 184
21 34 65 38.263 -119.92 454.33 345.67 368.33 380 4 185
21 34 65 38.883 -120.12 452.42 345.58 368.33 380 4 185
21 34 65 39.488 -120.31 449.33 345.67 368.33 380 4 181
21 34 65 40.117 -120.51 448.5 345.17 370 360 4 186
21 34 65 40.727 -120.72 446.33 345 370 360 4 186
21 34 65 41.083 -120.85 444.92 344.92 370 360 3 142
21 34 65 41.67 -121.05 446.67 344.75 370 360 3 142
21 34 65 42.285 -121.27 446.38 344.92 370 360 3 142
21 34 65 42.888 -121.49 448.67 344.58 370 360 3 141
21 34 65 43.516 -121.72 447.92 344.42 367.67 380 3 141
21 34 65 44.102 -121.94 450 344.62 366.67 380 3 135
21 34 65 44.714 -122.18 447.17 343.92 365 380 3 135
21 34 65 45.292 -122.42 447.17 343.5 364.58 380 3 135
21 34 65 45.876 -122.62 444.83 346.42 300.75 360 3 135
21 34 65 46.482 -122.72 396.92 325 184.08 360 3 147
21 34 65 46.941 -122.56 316.83 34.917 100.5 360 3 147
21 34 65 47.267 -122.33 228.25 66.5 41.833 360 3 114
21 34 65 47.459 -122.32 141.83 134.67 3.6667 360 3 114
22 34 66 33.944 -118.44 154.5 0 9.5 280 1 15
22 34 66 33.938 -118.96 328.5 291.5 120 280 1 15
22 34 66 34.237 -119.44 395 314.5 224 280 1 24
22 34 66 34.636 -119.92 407 317 300 280 1 55
22 34 66 34.921 -120.41 410 321 320 280 1 55
22 34 66 35.376 -120.86 421.5 321.5 319.5 280 1 55
22 34 66 35.862 -121.25 428 327 313.5 240 4 188
22 34 66 36.4 -121.68 418.5 326.5 266.5 200 4 188
22 34 66 36.825 -121.98 349 335.5 161 200 4 173
22 34 66 37.231 -122.16 279 326.5 87.5 200 4 154
22 34 66 37.525 -122.16 199 322.5 41.5 200 4 156
22 34 66 37.614 -122.36 138.5 296.5 1.5 200 4 152
23 34 66 33.942 -118.45 170.6 83.6 47.55 360 1 15
23 34 66 33.915 -118.89 328.43 270.48 127.68 360 1 24
23 34 66 34.254 -119.41 411.6 311.3 238.88 360 1 24
23 34 66 34.683 -119.94 438.23 317.28 312.97 360 1 55
23 34 66 35.133 -120.44 436.06 317.02 334.37 360 1 55
23 34 66 35.631 -120.96 434.2 321.72 335.47 360 4 188
23 34 66 35.228 -120.55 435.93 316.88 335.02 360 1 55
23 34 66 35.696 -121.02 433.08 322.18 334.78 360 4 188
23 34 66 36.179 -121.47 427.41 322.41 302.48 360 4 188
23 34 66 36.652 -121.88 399.4 325.67 198.62 360 4 188
23 34 66 37.117 -122.07 329.07 345.93 107.63 360 4 154
23 34 66 37.479 -122.15 240.48 289.57 47.15 360 4 156
23 34 66 37.613 -122.36 150.62 295.85 50.167 360 4 152
24 34 67 33.946 -118.45 168 0 16 360 1 15
24 34 67 33.911 -118.82 287 276 106 360 1 15
24 34 67 34.24 -119.41 412 312 177 360 1 24
24 34 67 34.629 -119.87 458 321 231 360 1 24
24 34 67 35.184 -120.33 475 325 284 360 1 55
24 34 67 35.933 -120.97 413 325 277 360 4 188
24 34 67 36.359 -121.33 400 321 209 360 4 188
24 34 67 36.817 -121.55 350 32 131 360 4 154
24 34 67 37.109 -121.64 293 296 69 360 4 154
24 34 67 37.321 -121.88 153 321 10 360 4 154
25 34 67 33.943 -118.45 168.12 108.51 45.755 360 1 15
25 34 67 33.919 -118.9 326.31 266.82 134.69 360 1 24
25 34 67 34.25 -119.41 406.08 312.76 241.67 360 1 24
25 34 67 34.685 -119.88 433.16 321.86 310.51 320 1 55
25 34 67 35.172 -120.3 440 324.13 330.44 320 1 55
25 34 67 35.858 -120.9 437.53 324.06 320.82 200 4 188
25 34 67 36.349 -121.32 411.72 323.63 221.82 200 4 188
25 34 67 36.824 -121.56 355.98 308.8 112.31 200 4 154
25 34 67 37.187 -121.75 255.94 332.14 48.041 200 4 154
25 34 67 37.358 -121.93 144.29 301.69 113.59 200 4 154
26 34 69 33.917 -118.48 216 253 28 350 1 15
26 34 69 34.01 -118.3 263 55 125 350 1 15
26 34 69 34.327 -117.81 430 51 208 370 1 21
26 34 69 34.731 -117.21 466 50 287 370 1 43
26 34 69 35.162 -116.56 478 50 350 370 1 43
26 34 69 35.624 -115.87 479 51 370 370 1 43
26 34 69 36.05 -115.21 478 51 370 370 1 47
26 34 69 36.442 -114.72 475 44 370 370 1 49
26 34 69 36.979 -114.24 471 35 370 350 1 49
26 34 69 37.533 -113.73 474 36 353 350 1 49
26 34 69 38.083 -113.24 479 31 350 340 5 205
26 34 69 38.687 -113.25 427 343 329 310 5 205
26 34 69 39.102 -112.78 406 46 310 150 5 205
26 34 69 39.512 -112.39 415 36 240 150 5 215
26 34 69 40.012 -112.1 378 24 148 150 5 215
26 34 69 40.557 -111.96 270 2 79 150 5 197
26 34 69 40.786 -111.97 135 356 42 150 5 197
27 34 69 33.938 -118.44 175.33 107.33 14.917 350 1 15
27 34 69 33.951 -118.39 317.92 92.583 129.75 350 1 15
27 34 69 34.279 -117.83 425.75 54.5 221.67 350 1 21
27 34 69 34.646 -117.21 470.42 53.5 291.83 370 1 43
27 34 69 35.047 -116.56 479.08 52.333 342.5 370 1 43
27 34 69 35.487 -115.97 479.08 47.083 358.92 370 1 43
27 34 69 35.944 -115.35 483.92 47.417 361.67 370 1 47
27 34 69 36.399 -114.77 482.67 44.417 360.83 350 1 49
27 34 69 36.923 -114.24 480.08 36.333 354.42 330 1 49
27 34 69 37.463 -113.78 478.92 34.417 340.17 330 1 48
27 34 69 38.012 -113.35 474 29.792 339.42 330 5 205
27 34 69 38.589 -112.97 474.71 26.25 328.58 310 5 205
27 34 69 39.202 -112.63 469.5 22.917 301.83 150 5 205
27 34 69 39.773 -112.33 414 19.417 203.92 170 5 215
27 34 69 40.3 -112.08 342.75 19.25 134.17 170 5 197
27 34 69 40.711 -112.02 254.33 269.33 93.333 170 5 197
27 34 69 40.796 -111.99 148.25 266.17 43.417 170 5 197
28 34 70 33.95 -118.48 189 0 18 340 1 15
28 34 70 34.15 -118.63 294 20 102 340 1 8
28 34 70 34.494 -118.71 334 337 173 340 1 32
28 34 70 35.038 -118.96 399 340 249 340 1 53
28 34 70 35.621 -119.23 443 339 318 340 1 53
28 34 70 36.186 -119.55 432 333 340 340 4 187
28 34 70 36.805 -119.95 433 332 340 240 4 187
28 34 70 37.358 -120.31 437 332 255 240 4 187
28 34 70 37.811 -120.74 402 321 191 240 4 177
28 34 70 38.2 -121.19 339 310 103 240 4 172
28 34 70 38.45 -121.55 244 310 46 240 4 153
28 34 70 38.685 -121.58 164 0 1 240 4 153
29 34 70 33.942 -118.44 166.69 66.438 12.188 360 1 15
29 34 70 34.113 -118.66 300.25 307 100.31 360 1 8
29 34 70 34.585 -118.76 371.44 342.31 205.62 360 1 32
29 34 70 35.126 -118.99 423.38 341.44 282.62 360 1 53
29 34 70 35.698 -119.24 433.88 339.38 324.5 360 1 53
29 34 70 36.255 -119.54 440.25 334.28 340.69 360 4 187
29 34 70 36.542 -119.73 440.25 334.28 340.69 360 4 187
29 34 70 37.115 -120.12 440.66 330.44 291.53 200 4 187
29 34 70 37.614 -120.54 411.06 321.56 209.38 200 4 152
29 34 70 38.044 -120.99 391.19 318.75 153.09 200 4 172
29 34 70 38.382 -121.46 327.75 309.69 101.5 200 4 172
29 34 70 38.712 -121.7 248.06 323.75 36.062 200 4 153
29 34 70 38.707 -121.59 142.12 177.38 15.438 200 4 153
30 34 76 33.936 -118.44 167.67 0 9.6667 330 1 15
30 34 76 33.656 -118.37 306.33 160 112.67 330 1 2
30 34 76 33.65 -117.82 354.67 89.667 186.67 330 1 18
30 34 76 33.644 -117.15 396 90 235.67 330 1 18
30 34 76 33.64 -116.44 419.33 90.333 270.67 330 1 41
30 34 76 33.603 -115.78 422.67 95 297 330 1 41
30 34 76 33.489 -115.04 440.67 97.667 315.67 330 1 39
30 34 76 33.371 -114.33 443 105.67 316.67 330 1 39
30 34 76 33.202 -113.64 445.67 165.33 312.67 330 2 90
30 34 76 33.039 -112.99 441 106.33 301.33 330 2 90
30 34 76 32.807 -112.29 448.67 113.67 249.33 330 2 60
30 34 76 32.547 -111.64 393.33 118 149.67 330 2 60
30 34 76 32.248 -111.23 300 129.33 80.667 330 2 77
30 34 76 32.076 -110.91 176 116.67 38.333 330 2 77
31 34 76 33.939 -118.45 169.12 96.375 14.125 370 1 15
31 34 76 33.659 -118.39 320.75 160.12 127.75 370 1 2
31 34 76 33.641 -117.8 392 93.375 219.75 370 1 18
31 34 76 33.607 -117.08 435.5 92.875 297.62 370 1 51
31 34 76 33.533 -116.31 445.62 97.938 341 370 1 41
31 34 76 33.406 -115.52 454.12 101.12 356.38 370 1 39
31 34 76 33.289 -114.81 457.44 99.25 362.25 370 1 39
31 34 76 33.202 -114.22 458.88 99.625 362.5 370 1 39
31 34 76 33.094 -113.45 457 98.875 354.88 370 2 102
31 34 76 32.972 -112.77 455.25 101.25 327.75 370 2 90
31 34 76 32.734 -112.1 415.5 114.25 239 370 2 60
31 34 76 32.468 -111.54 357.62 124 135.5 370 2 77
31 34 76 32.214 -111.15 261.75 126.62 69.375 370 2 77
31 34 76 32.135 -110.93 164 130.25 35 370 2 77
32 34 77 33.933 -118.47 228.5 0 35 50 1 15
32 34 77 34.183 -118.6 229.5 0 45.5 50 1 8
32 34 77 34.205 -118.49 150 163 10 50 1 8
