1.00 35.04 -106.61 
2.00 61.17 -150.00 
3.00 33.64 -84.43 
4.00 30.19 -97.68 
5.00 41.94 -72.68 
6.00 33.56 -86.75 
7.00 36.12 -86.68 
8.00 42.36 -71.01 
9.00 42.94 -78.73 
10.00 34.20 -118.36 
11.00 39.18 -76.67 
12.00 41.41 -81.85 
13.00 35.21 -80.94 
14.00 39.05 -84.66 
15.00 32.85 -96.85 
16.00 39.90 -84.22 
17.00 38.85 -77.04 
18.00 39.86 -104.67 
19.00 32.90 -97.04 
20.00 42.21 -83.35 
21.00 40.69 -74.17 
22.00 26.07 -80.15 
23.00 41.62 -87.41 
24.00 21.32 -157.92 
25.00 29.65 -95.28 
26.00 41.07 -73.71 
27.00 38.94 -77.46 
28.00 29.98 -95.34 
29.00 39.72 -86.29 
30.00 40.80 -73.10 
31.00 30.49 -81.69 
32.00 40.64 -73.78 
33.00 36.08 -115.15 
34.00 33.94 -118.41 
35.00 40.78 -73.87 
36.00 33.82 -118.15 
37.00 39.30 -94.71 
38.00 28.43 -81.32 
39.00 41.79 -87.75 
40.00 35.05 -89.98 
41.00 42.93 -71.44 
42.00 25.79 -80.29 
43.00 42.95 -87.90 
44.00 44.88 -93.22 
45.00 29.99 -90.26 
46.00 37.72 -122.22 
47.00 20.90 -156.43 
48.00 41.30 -95.89 
49.00 34.06 -117.60 
50.00 41.98 -87.90 
51.00 34.20 -119.21 
52.00 26.68 -80.10 
53.00 45.59 -122.60 
54.00 39.87 -75.24 
55.00 33.44 -112.01 
56.00 40.49 -80.23 
57.00 33.83 -116.51 
58.00 41.72 -71.43 
59.00 35.88 -78.79 
60.00 42.20 -89.09 
61.00 26.54 -81.76 
62.00 32.73 -117.19 
63.00 29.53 -98.47 
64.00 38.17 -85.74 
65.00 47.44 -122.31 
66.00 37.62 -122.37 
67.00 37.36 -121.93 
68.00 18.44 -66.00 
69.00 40.79 -111.97 
70.00 38.70 -121.59 
71.00 33.68 -117.87 
72.00 38.75 -90.36 
73.00 41.50 -74.10 
74.00 40.85 -74.06 
75.00 27.98 -82.53 
76.00 32.12 -110.94 
77.00 34.21 -118.49 
