1 70 53 38.696 -121.59 149 0 0 400 2014 7 1 5 20 6 4 153
1 70 53 38.667 -121.58 181 0 16 400 2014 7 1 5 21 7 4 153
1 70 53 38.733 -121.55 232 168 47 400 2014 7 1 5 22 6 4 153
1 70 53 38.884 -121.62 300 342 109 400 2014 7 1 5 23 16 4 175
1 70 53 38.884 -121.62 300 342 109 400 2014 7 1 5 24 6 4 175
1 70 53 38.979 -121.67 364 339 134 400 2014 7 1 5 25 15 4 175
1 70 53 39.08 -121.72 385 339 165 400 2014 7 1 5 26 6 4 175
1 70 53 39.19 -121.76 409 338 197 400 2014 7 1 5 27 6 4 175
1 70 53 39.301 -121.78 415 348 224 400 2014 7 1 5 28 6 4 175
1 70 53 39.422 -121.8 432 351 249 400 2014 7 1 5 29 15 4 186
1 70 53 39.547 -121.83 449 352 273 400 2014 7 1 5 30 6 4 186
1 70 53 39.677 -121.85 464 351 292 400 2014 7 1 5 31 15 4 186
1 70 53 39.807 -121.87 473 352 317 400 2014 7 1 5 32 7 4 186
1 70 53 39.96 -121.9 467 351 346 400 2014 7 1 5 33 15 4 186
1 70 53 40.085 -121.92 463 352 366 400 2014 7 1 5 34 6 4 186
1 70 53 40.209 -121.95 461 350 381 400 2014 7 1 5 35 15 4 186
1 70 53 40.333 -121.97 459 351 396 400 2014 7 1 5 36 6 4 186
1 70 53 40.456 -122 456 351 400 400 2014 7 1 5 37 15 4 186
1 70 53 40.581 -122.02 452 352 400 400 2014 7 1 5 38 15 4 186
1 70 53 40.704 -122.05 450 351 400 400 2014 7 1 5 39 15 4 186
1 70 53 40.827 -122.07 450 351 400 400 2014 7 1 5 40 15 4 186
1 70 53 40.973 -122.09 444 350 400 400 2014 7 1 5 41 15 4 186
1 70 53 41.094 -122.12 443 351 400 400 2014 7 1 5 42 6 4 186
1 70 53 41.217 -122.15 444 351 400 400 2014 7 1 5 43 16 4 186
1 70 53 41.337 -122.17 442 351 400 400 2014 7 1 5 44 15 3 141
1 70 53 41.444 -122.19 442 351 400 400 2014 7 1 5 45 16 3 141
1 70 53 41.567 -122.22 443 351 400 400 2014 7 1 5 46 6 3 141
1 70 53 41.689 -122.24 443 351 400 400 2014 7 1 5 47 16 3 141
1 70 53 41.812 -122.27 442 351 400 400 2014 7 1 5 48 6 3 141
1 70 53 41.934 -122.29 442 351 400 400 2014 7 1 5 49 6 3 141
1 70 53 42.058 -122.31 443 352 400 400 2014 7 1 5 50 15 3 141
1 70 53 42.181 -122.34 443 351 400 400 2014 7 1 5 51 6 3 141
1 70 53 42.304 -122.36 442 351 400 400 2014 7 1 5 52 15 3 141
1 70 53 42.426 -122.39 442 351 400 400 2014 7 1 5 53 15 3 141
1 70 53 42.548 -122.41 442 351 400 400 2014 7 1 5 54 15 3 141
1 70 53 42.669 -122.44 443 351 400 400 2014 7 1 5 55 6 3 141
1 70 53 42.797 -122.46 443 351 400 360 2014 7 1 5 56 6 3 141
1 70 53 42.918 -122.49 443 351 394 360 2014 7 1 5 57 15 3 141
1 70 53 43.041 -122.51 445 351 384 360 2014 7 1 5 58 16 3 141
1 70 53 43.164 -122.54 447 351 375 360 2014 7 1 5 59 6 3 140
1 70 53 43.291 -122.57 455 351 365 360 2014 7 1 6 0 8 3 140
1 70 53 43.416 -122.59 457 351 360 360 2014 7 1 6 1 6 3 140
1 70 53 43.54 -122.62 452 351 360 360 2014 7 1 6 2 15 3 136
1 70 53 43.665 -122.65 456 351 360 360 2014 7 1 6 3 6 3 136
1 70 53 43.79 -122.67 456 351 360 360 2014 7 1 6 4 15 3 136
1 70 53 43.914 -122.7 455 350 344 360 2014 7 1 6 5 6 3 136
1 70 53 44.038 -122.73 453 351 308 360 2014 7 1 6 6 6 3 136
1 70 53 44.163 -122.75 454 351 286 360 2014 7 1 6 7 16 3 136
1 70 53 44.28 -122.74 430 351 261 360 2014 7 1 6 8 6 3 136
1 70 53 44.404 -122.73 421 357 235 360 2014 7 1 6 9 6 3 130
1 70 53 44.572 -122.71 402 3 202 360 2014 7 1 6 10 15 3 130
1 70 53 44.628 -122.71 407 2 193 360 2014 7 1 6 11 6 3 130
1 70 53 44.735 -122.69 397 4 171 360 2014 7 1 6 12 16 3 130
1 70 53 44.833 -122.68 365 4 149 360 2014 7 1 6 13 6 3 130
1 70 53 44.923 -122.68 339 4 128 360 2014 7 1 6 14 16 3 130
1 70 53 45.017 -122.67 311 3 117 360 2014 7 1 6 15 6 3 112
1 70 53 45.099 -122.66 298 4 101 360 2014 7 1 6 16 6 3 112
1 70 53 45.179 -122.65 294 4 86 360 2014 7 1 6 17 6 3 112
1 70 53 45.261 -122.63 283 3 70 360 2014 7 1 6 18 16 3 112
1 70 53 45.325 -122.57 281 28 52 360 2014 7 1 6 19 16 3 112
1 70 53 45.385 -122.51 261 33 44 360 2014 7 1 6 20 6 3 112
1 70 53 45.436 -122.47 223 33 39 360 2014 7 1 6 21 6 3 112
1 70 53 45.479 -122.42 191 33 30 360 2014 7 1 6 22 6 3 112
1 70 53 45.521 -122.43 184 21 24 360 2014 7 1 6 23 6 3 112
1 70 53 45.545 -122.49 182 300 15 360 2014 7 1 6 24 16 3 112
1 70 53 45.565 -122.55 160 299 7 360 2014 7 1 6 25 6 3 112
1 70 53 45.583 -122.59 130 299 360 360 2014 7 1 6 26 6 3 135
3 70 53 38.667 -121.57 202 0 20 360 2014 7 1 16 12 6 4 153
3 70 53 38.719 -121.59 202 340 20 360 2014 7 1 16 13 16 4 153
3 70 53 38.761 -121.53 267 359 50 360 2014 7 1 16 14 6 4 153
3 70 53 38.831 -121.57 277 5 78 360 2014 7 1 16 15 16 4 153
3 70 53 38.912 -121.62 301 333 100 360 2014 7 1 16 16 6 4 175
3 70 53 39.001 -121.66 338 335 122 360 2014 7 1 16 17 6 4 175
3 70 53 39.196 -121.74 372 338 167 360 2014 7 1 16 18 16 4 175
3 70 53 39.22 -121.74 376 342 170 360 2014 7 1 16 19 6 4 175
3 70 53 39.328 -121.76 388 352 190 360 2014 7 1 16 20 16 4 175
3 70 53 39.437 -121.78 394 351 209 360 2014 7 1 16 21 11 4 175
3 70 53 39.545 -121.8 402 351 224 360 2014 7 1 16 22 16 4 163
3 70 53 39.659 -121.83 413 352 239 360 2014 7 1 16 23 16 4 163
3 70 53 39.775 -121.85 417 351 254 360 2014 7 1 16 24 6 4 186
3 70 53 39.892 -121.87 425 350 264 360 2014 7 1 16 25 6 4 186
3 70 53 40.029 -121.94 438 340 279 360 2014 7 1 16 26 7 4 186
3 70 53 40.145 -121.99 443 340 288 360 2014 7 1 16 27 6 4 186
3 70 53 40.262 -122.04 451 340 297 360 2014 7 1 16 28 6 4 186
3 70 53 40.385 -122.07 451 348 311 360 2014 7 1 16 29 6 4 186
3 70 53 40.507 -122.09 449 352 322 360 2014 7 1 16 30 6 4 186
3 70 53 40.653 -122.12 447 352 335 360 2014 7 1 16 31 6 4 186
3 70 53 40.774 -122.14 440 352 345 360 2014 7 1 16 32 6 4 186
3 70 53 40.894 -122.16 440 352 352 360 2014 7 1 16 33 6 4 186
3 70 53 41.016 -122.18 441 352 360 360 2014 7 1 16 34 16 4 186
3 70 53 41.115 -122.2 445 352 360 360 2014 7 1 16 35 6 4 186
3 70 53 41.263 -122.23 449 352 360 360 2014 7 1 16 36 6 4 186
3 70 53 41.397 -122.25 447 352 360 360 2014 7 1 16 37 6 3 141
3 70 53 41.521 -122.27 448 352 360 360 2014 7 1 16 38 6 3 141
3 70 53 41.645 -122.29 449 352 360 360 2014 7 1 16 39 16 3 141
3 70 53 41.77 -122.31 450 352 360 360 2014 7 1 16 40 16 3 141
3 70 53 41.87 -122.33 448 352 360 360 2014 7 1 16 41 6 3 141
3 70 53 41.996 -122.35 449 352 360 360 2014 7 1 16 42 6 3 141
3 70 53 42.143 -122.38 447 352 360 360 2014 7 1 16 43 6 3 141
3 70 53 42.243 -122.4 448 352 360 360 2014 7 1 16 44 6 3 141
3 70 53 42.366 -122.42 444 351 360 360 2014 7 1 16 45 16 3 141
3 70 53 42.487 -122.44 441 353 360 360 2014 7 1 16 46 6 3 141
3 70 53 42.607 -122.46 437 352 360 360 2014 7 1 16 47 6 3 141
3 70 53 42.725 -122.48 432 352 360 360 2014 7 1 16 48 16 3 141
3 70 53 42.844 -122.5 432 352 360 360 2014 7 1 16 49 6 3 141
3 70 53 42.971 -122.53 435 352 360 360 2014 7 1 16 50 16 3 140
3 70 53 43.09 -122.55 432 352 360 360 2014 7 1 16 51 6 3 140
3 70 53 43.211 -122.57 437 352 360 360 2014 7 1 16 52 6 3 140
3 70 53 43.354 -122.6 436 352 360 360 2014 7 1 16 53 15 3 140
3 70 53 43.477 -122.62 441 352 360 360 2014 7 1 16 54 6 3 136
3 70 53 43.599 -122.65 443 352 360 360 2014 7 1 16 55 6 3 136
3 70 53 43.72 -122.67 443 352 360 360 2014 7 1 16 56 6 3 136
3 70 53 43.844 -122.69 447 352 348 360 2014 7 1 16 57 16 3 136
3 70 53 43.97 -122.72 457 352 318 360 2014 7 1 16 58 16 3 136
3 70 53 44.096 -122.74 459 351 291 360 2014 7 1 16 59 15 3 136
3 70 53 44.096 -122.74 459 351 291 360 2014 7 1 17 0 6 3 136
3 70 53 44.218 -122.75 447 352 269 360 2014 7 1 17 1 6 3 136
3 70 53 44.345 -122.73 435 355 245 360 2014 7 1 17 2 6 3 136
3 70 53 44.459 -122.72 419 1 224 360 2014 7 1 17 3 16 3 130
3 70 53 44.57 -122.71 405 4 204 360 2014 7 1 17 4 6 3 130
3 70 53 44.739 -122.7 363 3 175 360 2014 7 1 17 5 6 3 130
3 70 53 44.844 -122.68 355 4 155 360 2014 7 1 17 6 6 3 130
3 70 53 44.947 -122.68 345 4 139 360 2014 7 1 17 7 6 3 130
3 70 53 45.036 -122.67 315 4 126 360 2014 7 1 17 8 6 3 112
3 70 53 45.075 -122.66 314 5 119 360 2014 7 1 17 9 6 3 112
3 70 53 45.206 -122.65 303 4 97 360 2014 7 1 17 10 16 3 112
3 70 53 45.284 -122.66 290 3 89 360 2014 7 1 17 11 8 3 112
3 70 53 45.363 -122.71 280 341 74 360 2014 7 1 17 12 6 3 112
3 70 53 45.435 -122.75 280 338 61 360 2014 7 1 17 13 15 3 112
3 70 53 45.501 -122.78 275 338 49 360 2014 7 1 17 14 6 3 112
3 70 53 45.572 -122.83 271 337 33 360 2014 7 1 17 15 6 3 112
3 70 53 45.616 -122.85 274 337 30 360 2014 7 1 17 16 6 3 112
3 70 53 45.653 -122.77 158 42 20 360 2014 7 1 17 17 6 3 112
3 70 53 45.63 -122.71 153 110 15 360 2014 7 1 17 18 16 3 112
3 70 53 45.611 -122.66 134 117 7 360 2014 7 1 17 19 6 3 112
3 70 53 45.6 -122.63 139 117 3 360 2014 7 1 17 20 6 3 112
3 70 53 45.581 -122.59 140 119 360 360 2014 7 1 17 21 13 3 135
4 70 53 38.732 -121.6 178 0 380 380 2014 7 1 1 39 6 4 186
4 70 53 38.783 -121.6 218 347 36 380 2014 7 1 1 40 6 4 153
4 70 53 38.868 -121.61 257 355 69 380 2014 7 1 1 41 6 4 153
4 70 53 38.947 -121.63 282 356 99 380 2014 7 1 1 42 6 4 175
4 70 53 39.039 -121.65 338 351 122 380 2014 7 1 1 43 16 4 175
4 70 53 39.139 -121.67 357 352 153 380 2014 7 1 1 44 15 4 175
4 70 53 39.242 -121.69 372 348 182 380 2014 7 1 1 45 6 4 175
4 70 53 39.351 -121.71 390 351 210 380 2014 7 1 1 46 7 4 175
4 70 53 39.465 -121.73 405 351 236 380 2014 7 1 1 47 7 4 163
4 70 53 39.587 -121.76 420 351 262 380 2014 7 1 1 48 6 4 186
4 70 53 39.708 -121.78 434 351 283 380 2014 7 1 1 49 6 4 186
4 70 53 39.831 -121.81 450 351 301 380 2014 7 1 1 50 6 4 186
4 70 53 39.957 -121.83 459 351 322 380 2014 7 1 1 51 6 4 186
4 70 53 40.105 -121.86 457 351 340 380 2014 7 1 1 52 16 4 186
4 70 53 40.228 -121.89 455 350 342 380 2014 7 1 1 53 6 4 186
4 70 53 40.352 -121.91 454 350 359 380 2014 7 1 1 54 6 4 186
4 70 53 40.476 -121.94 454 351 360 380 2014 7 1 1 55 15 4 186
4 70 53 40.602 -121.97 459 350 360 380 2014 7 1 1 56 7 4 186
4 70 53 40.724 -121.99 453 351 360 380 2014 7 1 1 57 6 4 186
4 70 53 40.822 -122.02 451 350 360 380 2014 7 1 1 58 6 4 186
4 70 53 40.993 -122.05 446 350 380 380 2014 7 1 1 59 6 4 186
4 70 53 41.066 -122.07 445 350 380 380 2014 7 1 2 0 6 4 186
4 70 53 41.238 -122.1 449 350 380 380 2014 7 1 2 1 6 4 186
4 70 53 41.36 -122.13 446 350 380 380 2014 7 1 2 2 6 3 141
4 70 53 41.491 -122.16 445 351 380 380 2014 7 1 2 3 6 3 141
4 70 53 41.613 -122.18 445 350 380 380 2014 7 1 2 4 16 3 141
4 70 53 41.687 -122.2 444 350 380 380 2014 7 1 2 5 6 3 141
4 70 53 41.807 -122.23 441 351 380 380 2014 7 1 2 6 6 3 141
4 70 53 41.931 -122.25 441 350 380 380 2014 7 1 2 7 6 3 141
4 70 53 42.055 -122.28 442 350 380 380 2014 7 1 2 8 6 3 141
4 70 53 42.179 -122.31 444 351 380 380 2014 7 1 2 9 6 3 141
4 70 53 42.3 -122.33 443 350 380 380 2014 7 1 2 10 16 3 141
4 70 53 42.423 -122.36 443 351 380 380 2014 7 1 2 11 6 3 141
4 70 53 42.546 -122.39 443 351 380 380 2014 7 1 2 12 6 3 141
4 70 53 42.669 -122.41 443 350 380 380 2014 7 1 2 13 6 3 141
4 70 53 42.805 -122.44 444 350 380 380 2014 7 1 2 14 16 3 141
4 70 53 42.926 -122.47 444 350 380 380 2014 7 1 2 15 6 3 141
4 70 53 42.929 -122.47 445 350 380 380 2014 7 1 2 16 6 3 141
4 70 53 43.173 -122.53 445 350 380 380 2014 7 1 2 17 6 3 141
4 70 53 43.297 -122.56 446 350 380 380 2014 7 1 2 18 6 3 140
4 70 53 43.418 -122.58 445 350 380 380 2014 7 1 2 19 6 3 140
4 70 53 43.566 -122.6 444 350 380 380 2014 7 1 2 20 6 3 136
4 70 53 43.69 -122.6 444 353 375 380 2014 7 1 2 21 6 3 136
4 70 53 43.811 -122.61 443 356 349 380 2014 7 1 2 22 6 3 136
4 70 53 43.934 -122.62 443 357 349 380 2014 7 1 2 23 16 3 136
4 70 53 43.934 -122.62 443 358 319 380 2014 7 1 2 24 6 3 136
4 70 53 44.056 -122.62 443 357 294 380 2014 7 1 2 25 6 3 136
4 70 53 44.176 -122.63 437 357 271 380 2014 7 1 2 26 6 3 136
4 70 53 44.402 -122.64 416 358 227 380 2014 7 1 2 27 16 3 130
4 70 53 44.511 -122.65 404 357 206 380 2014 7 1 2 28 15 3 130
4 70 53 44.616 -122.65 387 357 185 380 2014 7 1 2 29 16 3 130
4 70 53 44.723 -122.66 387 357 185 380 2014 7 1 2 30 16 3 130
4 70 53 44.806 -122.66 354 357 146 380 2014 7 1 2 31 6 3 130
4 70 53 44.902 -122.67 344 359 127 380 2014 7 1 2 32 6 3 130
4 70 53 44.991 -122.67 315 357 118 380 2014 7 1 2 33 6 3 112
4 70 53 45.074 -122.66 296 2 104 380 2014 7 1 2 34 6 3 112
4 70 53 45.157 -122.65 295 3 88 380 2014 7 1 2 35 6 3 112
4 70 53 45.237 -122.64 293 4 74 380 2014 7 1 2 36 7 3 112
4 70 53 45.312 -122.59 288 10 58 380 2014 7 1 2 37 6 3 112
4 70 53 45.377 -122.53 272 31 51 380 2014 7 1 2 38 16 3 112
4 70 53 45.394 -122.51 260 31 49 380 2014 7 1 2 39 6 3 112
4 70 53 45.448 -122.46 217 35 41 380 2014 7 1 2 40 6 3 112
4 70 53 45.494 -122.43 195 35 30 380 2014 7 1 2 41 6 3 112
4 70 53 45.535 -122.47 179 348 22 380 2014 7 1 2 42 6 3 112
4 70 53 45.567 -122.55 130 298 6 380 2014 7 1 2 43 6 3 112
4 70 53 45.574 -122.57 137 303 3 380 2014 7 1 2 44 15 3 112
4 70 53 45.588 -122.6 136 298 380 380 2014 7 1 2 45 6 3 135
8 70 53 38.683 -121.57 152 0 17 240 2014 7 1 15 48 15 4 153
8 70 53 38.717 -121.52 206 122 32 240 2014 7 1 15 49 6 4 153
8 70 53 38.767 -121.52 238 38 49 240 2014 7 1 15 50 15 4 153
8 70 53 38.833 -121.55 253 339 65 240 2014 7 1 15 51 6 4 153
8 70 53 38.886 -121.57 253 338 73 240 2014 7 1 15 52 16 4 153
8 70 53 38.959 -121.61 279 335 85 240 2014 7 1 15 53 16 4 153
8 70 53 39.034 -121.65 286 338 97 240 2014 7 1 15 54 6 4 175
8 70 53 39.109 -121.69 292 339 110 240 2014 7 1 15 55 6 4 175
8 70 53 39.186 -121.73 292 336 122 240 2014 7 1 15 56 6 4 175
8 70 53 39.266 -121.74 293 349 134 240 2014 7 1 15 57 6 4 175
8 70 53 39.347 -121.75 292 355 145 240 2014 7 1 15 58 16 4 175
8 70 53 39.429 -121.77 293 348 155 240 2014 7 1 15 59 6 4 175
8 70 53 39.513 -121.78 299 352 165 240 2014 7 1 16 0 16 4 163
8 70 53 39.613 -121.81 301 351 177 240 2014 7 1 16 1 7 4 163
8 70 53 39.696 -121.82 303 351 189 240 2014 7 1 16 2 16 4 163
8 70 53 39.78 -121.84 304 351 198 240 2014 7 1 16 3 15 4 163
8 70 53 39.864 -121.85 304 351 207 240 2014 7 1 16 4 6 4 163
8 70 53 39.949 -121.87 306 351 215 240 2014 7 1 16 5 16 4 163
8 70 53 40.032 -121.89 307 351 223 240 2014 7 1 16 6 13 4 163
8 70 53 40.118 -121.9 310 350 230 240 2014 7 1 16 7 15 4 163
8 70 53 40.221 -121.92 311 351 239 240 2014 7 1 16 8 6 4 163
8 70 53 40.308 -121.94 317 351 240 240 2014 7 1 16 9 6 4 186
8 70 53 40.4 -121.96 336 351 240 240 2014 7 1 16 10 6 4 186
8 70 53 40.498 -121.98 352 350 240 240 2014 7 1 16 11 6 4 186
8 70 53 40.598 -122 361 351 240 240 2014 7 1 16 12 6 4 186
8 70 53 40.698 -122.02 366 351 240 240 2014 7 1 16 13 16 4 186
8 70 53 40.799 -122.04 368 350 240 240 2014 7 1 16 14 6 4 186
8 70 53 40.92 -122.07 368 351 240 240 2014 7 1 16 15 16 4 186
8 70 53 40.983 -122.08 370 350 240 240 2014 7 1 16 16 6 4 186
8 70 53 41.126 -122.11 375 350 240 240 2014 7 1 16 17 6 4 186
8 70 53 41.229 -122.13 375 351 240 240 2014 7 1 16 18 16 4 186
8 70 53 41.331 -122.15 374 350 240 240 2014 7 1 16 19 6 3 141
8 70 53 41.392 -122.16 372 350 240 240 2014 7 1 16 20 16 3 141
8 70 53 41.504 -122.19 373 351 240 240 2014 7 1 16 21 11 3 141
8 70 53 41.607 -122.21 373 351 240 240 2014 7 1 16 22 16 3 141
8 70 53 41.75 -122.24 373 350 240 240 2014 7 1 16 23 16 3 141
8 70 53 41.813 -122.25 373 350 240 240 2014 7 1 16 24 6 3 141
8 70 53 41.916 -122.27 373 351 240 240 2014 7 1 16 25 6 3 141
8 70 53 41.958 -122.28 374 351 240 240 2014 7 1 16 26 7 3 141
8 70 53 42.124 -122.31 374 350 240 240 2014 7 1 16 27 6 3 141
8 70 53 42.248 -122.34 374 351 240 240 2014 7 1 16 28 6 3 141
8 70 53 42.352 -122.36 375 351 240 240 2014 7 1 16 29 6 3 141
8 70 53 42.455 -122.38 377 351 240 240 2014 7 1 16 30 6 3 141
8 70 53 42.558 -122.4 377 351 240 240 2014 7 1 16 31 6 3 141
8 70 53 42.557 -122.4 374 351 240 240 2014 7 1 16 32 6 3 141
8 70 53 42.659 -122.42 371 351 240 240 2014 7 1 16 33 6 3 141
8 70 53 42.865 -122.47 371 351 240 240 2014 7 1 16 34 16 3 141
8 70 53 42.966 -122.49 369 350 240 240 2014 7 1 16 35 6 3 141
8 70 53 43.067 -122.51 369 351 240 240 2014 7 1 16 36 6 3 141
8 70 53 43.169 -122.53 371 350 240 240 2014 7 1 16 37 6 3 140
8 70 53 43.269 -122.56 368 350 240 240 2014 7 1 16 38 6 3 140
8 70 53 43.369 -122.58 368 350 240 240 2014 7 1 16 39 16 3 140
8 70 53 43.37 -122.58 367 350 240 240 2014 7 1 16 40 16 3 140
8 70 53 43.47 -122.6 366 350 240 240 2014 7 1 16 41 6 3 136
8 70 53 43.592 -122.63 371 351 240 240 2014 7 1 16 42 6 3 136
8 70 53 43.693 -122.65 368 350 240 240 2014 7 1 16 43 6 3 136
8 70 53 43.793 -122.67 367 350 240 240 2014 7 1 16 44 6 3 136
8 70 53 43.994 -122.72 368 350 240 240 2014 7 1 16 45 16 3 136
8 70 53 43.994 -122.72 368 350 240 240 2014 7 1 16 46 6 3 136
8 70 53 44.094 -122.74 368 350 240 240 2014 7 1 16 47 6 3 136
8 70 53 44.195 -122.75 368 350 240 240 2014 7 1 16 48 16 3 136
8 70 53 44.298 -122.74 371 353 234 240 2014 7 1 16 49 6 3 130
8 70 53 44.413 -122.72 378 0 220 240 2014 7 1 16 50 16 3 130
8 70 53 44.517 -122.72 379 4 207 240 2014 7 1 16 51 6 3 130
8 70 53 44.62 -122.71 377 4 196 240 2014 7 1 16 52 6 3 130
8 70 53 44.794 -122.69 374 4 176 240 2014 7 1 16 53 15 3 130
8 70 53 44.879 -122.68 365 4 162 240 2014 7 1 16 54 6 3 130
8 70 53 44.972 -122.67 336 2 143 240 2014 7 1 16 55 6 3 130
8 70 53 45.063 -122.66 323 4 125 240 2014 7 1 16 56 6 3 112
8 70 53 45.148 -122.65 311 4 108 240 2014 7 1 16 57 16 3 112
8 70 53 45.233 -122.65 300 3 92 240 2014 7 1 16 58 16 3 112
8 70 53 45.321 -122.68 289 353 79 240 2014 7 1 16 59 15 3 112
8 70 53 45.389 -122.72 283 338 69 240 2014 7 1 17 0 6 3 112
8 70 53 45.439 -122.75 281 337 61 240 2014 7 1 17 1 6 3 112
8 70 53 45.535 -122.78 240 349 48 240 2014 7 1 17 2 6 3 112
8 70 53 45.588 -122.8 207 339 40 240 2014 7 1 17 3 16 3 112
8 70 53 45.637 -122.79 174 353 28 240 2014 7 1 17 4 6 3 112
8 70 53 45.636 -122.73 149 77 18 240 2014 7 1 17 5 6 3 112
8 70 53 45.614 -122.68 127 114 9 240 2014 7 1 17 6 6 3 112
8 70 53 45.598 -122.63 125 117 2 240 2014 7 1 17 7 6 3 112
8 70 53 45.587 -122.6 131 116 240 240 2014 7 1 17 8 6 3 135
9 70 53 38.667 -121.6 157 0 11 400 2014 7 1 19 7 6 4 153
9 70 53 38.7 -121.55 229 300 31 400 2014 7 1 19 8 6 4 153
9 70 53 38.767 -121.55 286 44 49 400 2014 7 1 19 9 6 4 153
9 70 53 38.85 -121.58 305 348 76 400 2014 7 1 19 10 6 4 153
9 70 53 38.917 -121.62 313 338 102 400 2014 7 1 19 11 6 4 175
9 70 53 38.948 -121.64 312 338 107 400 2014 7 1 19 12 16 4 175
9 70 53 39.041 -121.69 357 337 130 400 2014 7 1 19 13 6 4 175
9 70 53 39.231 -121.78 383 338 190 400 2014 7 1 19 14 15 4 175
9 70 53 39.262 -121.8 389 338 198 400 2014 7 1 19 15 16 4 175
9 70 53 39.375 -121.81 409 349 226 400 2014 7 1 19 16 6 4 175
9 70 53 39.492 -121.84 417 352 240 400 2014 7 1 19 17 6 4 186
9 70 53 39.623 -121.86 429 352 265 400 2014 7 1 19 18 6 4 186
9 70 53 39.748 -121.88 453 351 284 400 2014 7 1 19 19 16 4 186
9 70 53 39.876 -121.91 464 352 303 400 2014 7 1 19 20 15 4 186
9 70 53 39.98 -121.92 471 352 319 400 2014 7 1 19 21 6 4 186
9 70 53 40.131 -121.95 467 351 348 400 2014 7 1 19 22 6 4 186
9 70 53 40.255 -121.97 460 351 366 400 2014 7 1 19 23 6 4 186
9 70 53 40.403 -122 452 352 383 400 2014 7 1 19 24 6 4 186
9 70 53 40.524 -122.03 451 351 394 400 2014 7 1 19 25 15 4 186
9 70 53 40.649 -122.05 450 351 400 400 2014 7 1 19 26 6 4 186
9 70 53 40.772 -122.08 450 351 400 400 2014 7 1 19 27 6 4 186
9 70 53 40.895 -122.1 450 351 400 400 2014 7 1 19 28 6 4 186
9 70 53 41.018 -122.12 450 351 400 400 2014 7 1 19 29 16 4 186
9 70 53 41.14 -122.15 446 351 400 400 2014 7 1 19 30 16 4 186
9 70 53 41.288 -122.18 447 351 400 400 2014 7 1 19 31 6 3 141
9 70 53 41.41 -122.2 449 351 400 400 2014 7 1 19 32 6 3 141
9 70 53 41.534 -122.22 450 351 400 400 2014 7 1 19 33 6 3 141
9 70 53 41.657 -122.25 449 351 400 400 2014 7 1 19 34 16 3 141
9 70 53 41.782 -122.27 451 351 400 400 2014 7 1 19 35 6 3 141
9 70 53 41.906 -122.3 451 351 400 400 2014 7 1 19 36 6 3 141
9 70 53 42.032 -122.32 452 353 400 400 2014 7 1 19 37 16 3 141
9 70 53 42.157 -122.35 452 351 400 400 2014 7 1 19 38 16 3 141
9 70 53 42.308 -122.38 456 352 400 400 2014 7 1 19 39 16 3 141
9 70 53 42.374 -122.39 452 351 400 400 2014 7 1 19 40 16 3 141
9 70 53 42.525 -122.42 453 351 400 400 2014 7 1 19 41 6 3 141
9 70 53 42.651 -122.44 453 352 400 400 2014 7 1 19 42 6 3 141
9 70 53 42.772 -122.47 454 351 400 400 2014 7 1 19 43 16 3 141
9 70 53 42.898 -122.49 454 351 400 400 2014 7 1 19 44 6 3 141
9 70 53 43.022 -122.52 454 351 400 400 2014 7 1 19 45 6 3 141
9 70 53 43.148 -122.54 454 351 400 400 2014 7 1 19 46 6 3 140
9 70 53 43.274 -122.57 459 351 400 400 2014 7 1 19 47 7 3 140
9 70 53 43.4 -122.59 462 351 400 400 2014 7 1 19 48 15 3 140
9 70 53 43.548 -122.63 455 351 397 400 2014 7 1 19 49 16 3 136
9 70 53 43.673 -122.65 452 351 374 400 2014 7 1 19 50 6 3 136
9 70 53 43.794 -122.68 445 351 348 400 2014 7 1 19 51 6 3 136
9 70 53 43.924 -122.7 466 351 318 400 2014 7 1 19 52 6 3 136
9 70 53 44.051 -122.73 466 351 296 400 2014 7 1 19 53 6 3 136
9 70 53 44.17 -122.75 446 351 274 400 2014 7 1 19 54 16 3 136
9 70 53 44.291 -122.74 437 352 252 400 2014 7 1 19 55 6 3 136
9 70 53 44.413 -122.73 442 358 229 400 2014 7 1 19 56 6 3 130
9 70 53 44.528 -122.72 431 3 208 400 2014 7 1 19 57 6 3 130
9 70 53 44.659 -122.7 407 3 188 400 2014 7 1 19 58 15 3 130
9 70 53 44.755 -122.69 375 4 169 400 2014 7 1 19 59 6 3 130
9 70 53 44.763 -122.69 392 4 168 400 2014 7 1 20 0 6 3 130
9 70 53 44.919 -122.68 359 3 139 400 2014 7 1 20 1 6 3 130
9 70 53 45.061 -122.66 328 3 120 400 2014 7 1 20 2 16 3 112
9 70 53 45.149 -122.65 322 3 105 400 2014 7 1 20 3 15 3 112
9 70 53 45.234 -122.64 309 3 92 400 2014 7 1 20 4 16 3 112
9 70 53 45.258 -122.65 299 4 90 400 2014 7 1 20 5 16 3 112
9 70 53 45.333 -122.69 280 343 79 400 2014 7 1 20 6 6 3 112
9 70 53 45.406 -122.73 278 339 66 400 2014 7 1 20 7 6 3 112
9 70 53 45.484 -122.77 275 338 54 400 2014 7 1 20 8 6 3 112
9 70 53 45.559 -122.81 238 338 49 400 2014 7 1 20 9 6 3 112
9 70 53 45.609 -122.84 240 339 42 400 2014 7 1 20 10 6 3 112
9 70 53 45.648 -122.73 157 41 21 400 2014 7 1 20 11 6 3 112
9 70 53 45.644 -122.73 135 88 21 400 2014 7 1 20 12 6 3 112
9 70 53 45.624 -122.67 134 118 12 400 2014 7 1 20 13 6 3 112
10 70 53 38.683 -121.58 124 0 9 240 2014 7 1 20 10 6 4 153
10 70 53 38.733 -121.55 193 81 32 240 2014 7 1 20 11 6 4 153
10 70 53 38.75 -121.57 234 25 37 240 2014 7 1 20 12 6 4 153
10 70 53 38.796 -121.58 241 345 44 240 2014 7 1 20 13 6 4 153
10 70 53 38.859 -121.61 241 339 44 240 2014 7 1 20 14 16 4 153
10 70 53 38.939 -121.65 273 339 74 240 2014 7 1 20 15 6 4 153
10 70 53 39.01 -121.69 273 340 87 240 2014 7 1 20 16 6 4 153
10 70 53 39.098 -121.73 278 340 103 240 2014 7 1 20 17 6 4 175
10 70 53 39.173 -121.77 282 338 115 240 2014 7 1 20 18 6 4 175
10 70 53 39.248 -121.81 283 337 128 240 2014 7 1 20 19 16 4 175
10 70 53 39.322 -121.84 285 338 141 240 2014 7 1 20 20 6 4 175
10 70 53 39.398 -121.86 285 345 153 240 2014 7 1 20 21 6 4 175
10 70 53 39.476 -121.88 287 355 164 240 2014 7 1 20 22 6 4 163
10 70 53 39.556 -121.89 287 352 174 240 2014 7 1 20 23 16 4 163
10 70 53 39.634 -121.9 285 351 186 240 2014 7 1 20 24 6 4 163
10 70 53 39.714 -121.92 286 352 196 240 2014 7 1 20 25 6 4 163
10 70 53 39.812 -121.94 293 353 206 240 2014 7 1 20 26 10 4 163
10 70 53 39.895 -121.95 297 351 214 240 2014 7 1 20 27 6 4 163
10 70 53 39.979 -121.97 300 352 222 240 2014 7 1 20 28 6 4 163
10 70 53 40.063 -121.98 304 352 230 240 2014 7 1 20 29 6 4 163
10 70 53 40.147 -121.99 306 352 236 240 2014 7 1 20 30 6 4 163
10 70 53 40.232 -122.01 311 351 240 240 2014 7 1 20 31 6 4 186
10 70 53 40.324 -122.02 332 352 240 240 2014 7 1 20 32 6 4 186
10 70 53 40.437 -122.05 342 351 240 240 2014 7 1 20 33 16 4 186
10 70 53 40.535 -122.06 351 351 240 240 2014 7 1 20 34 16 4 186
10 70 53 40.635 -122.08 357 352 240 240 2014 7 1 20 35 6 4 186
10 70 53 40.735 -122.1 361 350 240 240 2014 7 1 20 36 6 4 186
10 70 53 40.837 -122.12 365 353 240 240 2014 7 1 20 37 6 4 186
10 70 53 40.937 -122.14 364 351 240 240 2014 7 1 20 38 16 4 186
10 70 53 41.038 -122.16 366 352 240 240 2014 7 1 20 39 16 4 186
10 70 53 41.142 -122.18 374 351 240 240 2014 7 1 20 40 16 4 186
10 70 53 41.263 -122.2 372 352 240 240 2014 7 1 20 41 6 4 186
10 70 53 41.358 -122.22 372 351 240 240 2014 7 1 20 42 6 3 141
10 70 53 41.439 -122.23 368 353 240 240 2014 7 1 20 43 15 3 141
10 70 53 41.562 -122.25 368 352 240 240 2014 7 1 20 44 6 3 141
10 70 53 41.664 -122.27 368 352 240 240 2014 7 1 20 45 6 3 141
10 70 53 41.766 -122.29 368 352 240 240 2014 7 1 20 46 6 3 141
10 70 53 41.868 -122.31 368 351 240 240 2014 7 1 20 47 6 3 141
10 70 53 41.972 -122.33 369 351 240 240 2014 7 1 20 48 6 3 141
10 70 53 42.074 -122.35 371 351 240 240 2014 7 1 20 49 16 3 141
10 70 53 42.176 -122.37 367 352 240 240 2014 7 1 20 50 15 3 141
10 70 53 42.299 -122.39 367 352 240 240 2014 7 1 20 51 6 3 141
10 70 53 42.281 -122.38 371 352 240 240 2014 7 1 20 52 6 3 141
10 70 53 42.486 -122.42 371 352 240 240 2014 7 1 20 53 16 3 141
10 70 53 42.486 -122.42 371 352 240 240 2014 7 1 20 54 6 3 141
10 70 53 42.588 -122.44 370 351 240 240 2014 7 1 20 55 6 3 141
10 70 53 42.69 -122.46 371 352 240 240 2014 7 1 20 56 6 3 141
10 70 53 42.896 -122.5 371 351 240 240 2014 7 1 20 57 6 3 141
10 70 53 42.997 -122.52 371 351 240 240 2014 7 1 20 58 15 3 140
10 70 53 42.999 -122.52 372 352 240 240 2014 7 1 20 59 6 3 140
10 70 53 43.121 -122.55 372 352 240 240 2014 7 1 21 0 6 3 140
10 70 53 43.225 -122.57 372 351 240 240 2014 7 1 21 1 6 3 140
10 70 53 43.326 -122.59 369 351 240 240 2014 7 1 21 2 6 3 140
10 70 53 43.429 -122.61 371 351 240 240 2014 7 1 21 3 6 3 140
10 70 53 43.532 -122.63 371 351 240 240 2014 7 1 21 4 6 3 136
10 70 53 43.635 -122.65 374 351 240 240 2014 7 1 21 5 6 3 136
10 70 53 43.738 -122.65 373 12 240 240 2014 7 1 21 6 6 3 136
10 70 53 43.842 -122.65 374 356 240 240 2014 7 1 21 7 6 3 136
10 70 53 43.946 -122.65 374 359 240 240 2014 7 1 21 8 6 3 136
10 70 53 44.049 -122.65 374 359 240 240 2014 7 1 21 9 6 3 136
10 70 53 44.174 -122.65 374 359 240 240 2014 7 1 21 10 15 3 136
10 70 53 44.278 -122.66 375 358 240 240 2014 7 1 21 11 6 3 136
10 70 53 44.367 -122.66 374 359 240 240 2014 7 1 21 12 16 3 136
10 70 53 44.493 -122.66 378 359 226 240 2014 7 1 21 13 6 3 130
10 70 53 44.601 -122.67 387 358 207 240 2014 7 1 21 14 16 3 130
10 70 53 44.765 -122.67 393 359 179 240 2014 7 1 21 15 16 3 130
10 70 53 44.872 -122.67 384 359 161 240 2014 7 1 21 16 6 3 130
10 70 53 44.922 -122.67 386 358 151 240 2014 7 1 21 17 6 3 130
10 70 53 45.026 -122.67 346 359 132 240 2014 7 1 21 18 6 3 112
10 70 53 45.163 -122.65 312 4 106 240 2014 7 1 21 19 16 3 112
10 70 53 45.251 -122.65 314 3 90 240 2014 7 1 21 20 16 3 112
10 70 53 45.293 -122.66 305 3 83 240 2014 7 1 21 21 6 3 112
10 70 53 45.402 -122.73 283 337 68 240 2014 7 1 21 22 16 3 112
10 70 53 45.479 -122.77 272 339 56 240 2014 7 1 21 23 15 3 112
10 70 53 45.515 -122.79 254 339 50 240 2014 7 1 21 24 21 3 112
10 70 53 45.576 -122.8 222 340 36 240 2014 7 1 21 25 16 3 112
10 70 53 45.619 -122.77 188 9 23 240 2014 7 1 21 26 6 3 112
10 70 53 45.622 -122.72 147 75 15 240 2014 7 1 21 27 6 3 112
10 70 53 45.609 -122.66 132 108 6 240 2014 7 1 21 28 16 3 112
10 70 53 45.592 -122.61 122 116 240 240 2014 7 1 21 29 6 3 135
14 70 53 38.678 -121.61 140 0 12 400 2014 7 2 1 43 6 4 153
14 70 53 38.712 -121.66 249 214 26 400 2014 7 2 1 44 16 4 153
14 70 53 38.784 -121.68 267 288 57 400 2014 7 2 1 45 6 4 153
14 70 53 38.863 -121.71 291 330 94 400 2014 7 2 1 46 8 4 153
14 70 53 38.945 -121.75 309 343 119 400 2014 7 2 1 47 16 4 175
14 70 53 39.047 -121.76 369 342 147 400 2014 7 2 1 48 16 4 175
14 70 53 39.153 -121.78 379 349 177 400 2014 7 2 1 49 15 4 175
14 70 53 39.261 -121.8 389 352 208 400 2014 7 2 1 50 15 4 175
14 70 53 39.374 -121.82 404 351 236 400 2014 7 2 1 51 6 4 153
14 70 53 39.496 -121.84 414 351 262 400 2014 7 2 1 52 16 4 186
14 70 53 39.615 -121.86 433 352 283 400 2014 7 2 1 53 15 4 186
14 70 53 39.712 -121.88 436 352 299 400 2014 7 2 1 54 6 4 186
14 70 53 39.856 -121.91 439 352 323 400 2014 7 2 1 55 15 4 186
14 70 53 39.976 -121.93 440 351 337 400 2014 7 2 1 56 8 4 186
14 70 53 40.125 -121.96 452 351 354 400 2014 7 2 1 57 6 4 186
14 70 53 40.249 -121.98 452 352 369 400 2014 7 2 1 58 6 4 186
14 70 53 40.373 -122 452 351 379 400 2014 7 2 1 59 16 4 186
14 70 53 40.496 -122.03 452 351 379 400 2014 7 2 2 0 16 4 186
14 70 53 40.621 -122.05 457 351 389 400 2014 7 2 2 1 6 4 186
14 70 53 40.718 -122.07 452 351 399 400 2014 7 2 2 2 6 4 186
14 70 53 40.841 -122.09 449 352 399 400 2014 7 2 2 3 15 4 186
14 70 53 41.015 -122.13 452 350 399 400 2014 7 2 2 4 16 4 186
14 70 53 41.14 -122.15 455 352 399 400 2014 7 2 2 5 6 4 186
14 70 53 41.265 -122.18 454 351 399 400 2014 7 2 2 6 6 4 0
14 70 53 41.388 -122.2 455 351 399 400 2014 7 2 2 7 6 3 141
14 70 53 41.515 -122.22 457 352 399 400 2014 7 2 2 8 6 3 141
14 70 53 41.638 -122.25 450 351 399 400 2014 7 2 2 9 15 3 141
14 70 53 41.764 -122.27 451 352 399 400 2014 7 2 2 10 6 3 141
14 70 53 41.865 -122.29 454 351 399 400 2014 7 2 2 11 15 3 141
14 70 53 42.016 -122.32 452 351 399 400 2014 7 2 2 12 16 3 141
14 70 53 42.144 -122.35 454 352 399 400 2014 7 2 2 13 16 3 141
14 70 53 42.246 -122.36 455 352 399 400 2014 7 2 2 14 6 3 141
14 70 53 42.371 -122.39 454 351 399 400 2014 7 2 2 15 15 3 141
14 70 53 42.497 -122.41 453 352 399 400 2014 7 2 2 16 6 3 141
14 70 53 42.623 -122.44 455 351 399 400 2014 7 2 2 17 16 3 141
14 70 53 42.748 -122.46 455 351 399 400 2014 7 2 2 18 6 3 141
14 70 53 42.883 -122.49 458 351 399 400 2014 7 2 2 19 15 3 141
14 70 53 43.008 -122.52 456 351 399 400 2014 7 2 2 20 6 3 141
14 70 53 43.134 -122.54 457 351 399 400 2014 7 2 2 21 15 3 140
14 70 53 43.258 -122.57 456 351 399 400 2014 7 2 2 22 15 3 140
14 70 53 43.382 -122.59 455 351 399 400 2014 7 2 2 23 15 3 140
14 70 53 43.508 -122.62 455 351 399 400 2014 7 2 2 24 6 3 136
14 70 53 43.633 -122.64 455 351 399 400 2014 7 2 2 25 16 3 136
14 70 53 43.661 -122.65 463 351 366 400 2014 7 2 2 26 15 3 136
14 70 53 43.788 -122.68 467 351 333 400 2014 7 2 2 27 16 3 136
14 70 53 44.041 -122.73 461 351 282 400 2014 7 2 2 28 16 3 136
14 70 53 44.164 -122.75 449 351 259 400 2014 7 2 2 29 15 3 136
14 70 53 44.164 -122.75 449 351 259 400 2014 7 2 2 30 6 3 136
14 70 53 44.282 -122.74 438 351 238 400 2014 7 2 2 31 6 3 130
14 70 53 44.395 -122.73 426 358 217 400 2014 7 2 2 32 6 3 130
14 70 53 44.508 -122.72 415 4 196 400 2014 7 2 2 33 16 3 130
14 70 53 44.698 -122.7 385 4 159 400 2014 7 2 2 34 16 3 130
14 70 53 44.802 -122.69 373 2 139 400 2014 7 2 2 35 15 3 130
14 70 53 44.91 -122.68 362 3 120 400 2014 7 2 2 36 6 3 130
14 70 53 45.004 -122.67 333 4 110 400 2014 7 2 2 37 16 3 112
14 70 53 45.092 -122.65 320 4 96 400 2014 7 2 2 38 16 3 112
14 70 53 45.171 -122.6 309 17 83 400 2014 7 2 2 39 15 3 112
14 70 53 45.246 -122.55 296 24 70 400 2014 7 2 2 40 15 3 112
14 70 53 45.319 -122.5 282 23 57 400 2014 7 2 2 41 16 3 112
14 70 53 45.387 -122.45 253 23 49 400 2014 7 2 2 42 16 3 112
14 70 53 45.441 -122.4 224 34 41 400 2014 7 2 2 43 16 3 112
14 70 53 45.495 -122.38 224 28 28 400 2014 7 2 2 44 6 3 112
14 70 53 45.533 -122.44 214 347 20 400 2014 7 2 2 45 6 3 112
14 70 53 45.546 -122.47 195 311 15 400 2014 7 2 2 46 6 3 112
14 70 53 45.578 -122.55 118 298 3 400 2014 7 2 2 47 15 3 112
14 70 53 45.583 -122.57 130 300 1 400 2014 7 2 2 48 6 3 112
14 70 53 45.598 -122.61 130 299 400 400 2014 7 2 2 49 15 3 135
17 70 53 38.677 -121.6 162 0 11 400 2014 7 2 14 17 16 4 153
17 70 53 38.707 -121.57 197 198 35 400 2014 7 2 14 18 16 4 153
17 70 53 38.782 -121.56 266 53 66 400 2014 7 2 14 19 7 4 153
17 70 53 38.867 -121.55 298 15 104 400 2014 7 2 14 20 16 4 175
17 70 53 38.956 -121.58 352 5 132 400 2014 7 2 14 21 6 4 175
17 70 53 39.044 -121.63 375 339 167 400 2014 7 2 14 22 16 4 175
17 70 53 39.137 -121.69 366 336 200 400 2014 7 2 14 23 15 4 175
17 70 53 39.24 -121.75 398 334 228 400 2014 7 2 14 24 15 4 175
17 70 53 39.356 -121.79 419 343 256 400 2014 7 2 14 25 16 4 186
17 70 53 39.468 -121.81 428 343 281 400 2014 7 2 14 26 6 4 186
17 70 53 39.589 -121.83 438 352 300 400 2014 7 2 14 27 6 4 186
17 70 53 39.613 -121.84 444 351 303 400 2014 7 2 14 28 6 4 186
17 70 53 39.717 -121.85 460 352 316 400 2014 7 2 14 29 6 4 186
17 70 53 39.98 -121.9 482 351 355 400 2014 7 2 14 30 16 4 186
17 70 53 40.136 -121.93 479 352 377 400 2014 7 2 14 31 6 4 186
17 70 53 40.264 -121.96 478 352 392 400 2014 7 2 14 32 16 4 186
17 70 53 40.394 -121.98 478 351 399 400 2014 7 2 14 33 16 4 186
17 70 53 40.525 -122.01 478 351 400 400 2014 7 2 14 34 16 4 186
17 70 53 40.551 -122.01 481 351 400 400 2014 7 2 14 35 6 4 186
17 70 53 40.682 -122.04 482 351 400 400 2014 7 2 14 36 6 4 186
17 70 53 40.945 -122.09 479 350 400 400 2014 7 2 14 37 16 4 186
17 70 53 40.919 -122.09 477 351 400 400 2014 7 2 14 38 6 4 186
17 70 53 41.076 -122.12 480 350 400 400 2014 7 2 14 39 6 4 186
17 70 53 41.236 -122.15 487 351 400 400 2014 7 2 14 40 6 4 186
17 70 53 41.361 -122.18 483 351 400 400 2014 7 2 14 41 6 3 141
17 70 53 41.494 -122.2 481 351 400 400 2014 7 2 14 42 6 3 141
17 70 53 41.624 -122.23 479 351 400 400 2014 7 2 14 43 6 3 141
17 70 53 41.733 -122.25 478 351 400 400 2014 7 2 14 44 6 3 141
17 70 53 41.892 -122.28 480 351 400 400 2014 7 2 14 45 6 3 141
17 70 53 42.026 -122.31 480 350 400 400 2014 7 2 14 46 11 3 141
17 70 53 42.161 -122.34 480 351 400 400 2014 7 2 14 47 6 3 141
17 70 53 42.294 -122.36 478 352 400 400 2014 7 2 14 48 6 3 141
17 70 53 42.404 -122.38 484 351 400 400 2014 7 2 14 49 6 3 141
17 70 53 42.539 -122.41 485 351 400 400 2014 7 2 14 50 6 3 141
17 70 53 42.673 -122.44 484 351 400 400 2014 7 2 14 51 6 3 141
17 70 53 42.812 -122.47 483 351 400 400 2014 7 2 14 52 16 3 141
17 70 53 42.946 -122.49 483 351 400 400 2014 7 2 14 53 6 3 141
17 70 53 43.077 -122.52 480 351 400 400 2014 7 2 14 54 7 3 141
17 70 53 43.21 -122.55 480 350 400 400 2014 7 2 14 55 16 3 140
17 70 53 43.343 -122.58 479 351 396 400 2014 7 2 14 56 6 3 140
17 70 53 43.474 -122.61 479 351 386 400 2014 7 2 14 57 16 3 136
17 70 53 43.608 -122.63 481 351 377 400 2014 7 2 14 58 6 3 136
17 70 53 43.764 -122.67 477 351 356 400 2014 7 2 14 59 6 3 136
17 70 53 43.898 -122.7 481 351 322 400 2014 7 2 15 0 6 3 136
17 70 53 44.033 -122.73 488 350 292 400 2014 7 2 15 1 6 3 136
17 70 53 44.163 -122.75 486 351 270 400 2014 7 2 15 2 6 3 136
17 70 53 44.29 -122.74 464 352 244 400 2014 7 2 15 3 16 3 136
17 70 53 44.418 -122.73 452 0 219 400 2014 7 2 15 4 6 3 130
17 70 53 44.535 -122.71 433 3 194 400 2014 7 2 15 5 6 3 130
17 70 53 44.684 -122.7 394 3 170 400 2014 7 2 15 6 6 3 130
17 70 53 44.773 -122.69 371 3 153 400 2014 7 2 15 7 6 3 130
17 70 53 44.878 -122.68 354 4 132 400 2014 7 2 15 8 16 3 130
17 70 53 44.972 -122.67 337 4 121 400 2014 7 2 15 9 6 3 130
17 70 53 45.057 -122.66 305 4 108 400 2014 7 2 15 10 6 3 112
17 70 53 45.142 -122.66 300 4 92 400 2014 7 2 15 11 6 3 112
17 70 53 45.226 -122.66 301 359 78 400 2014 7 2 15 12 6 3 112
17 70 53 45.306 -122.66 289 358 64 400 2014 7 2 15 13 6 3 112
17 70 53 45.384 -122.66 256 358 60 400 2014 7 2 15 14 6 3 112
17 70 53 45.436 -122.63 230 17 50 400 2014 7 2 15 15 6 3 112
17 70 53 45.417 -122.55 221 104 43 400 2014 7 2 15 16 6 3 112
17 70 53 45.416 -122.47 203 93 34 400 2014 7 2 15 17 6 3 112
17 70 53 45.446 -122.4 205 57 31 400 2014 7 2 15 18 17 3 112
17 70 53 45.496 -122.42 214 346 25 400 2014 7 2 15 19 15 3 112
17 70 53 45.537 -122.47 184 314 19 400 2014 7 2 15 20 16 3 112
17 70 53 45.555 -122.52 144 299 10 400 2014 7 2 15 21 6 3 112
17 70 53 45.574 -122.57 135 296 4 400 2014 7 2 15 22 6 3 112
17 70 53 45.591 -122.61 135 301 400 400 2014 7 2 15 23 6 3 135
18 70 53 38.685 -121.55 235 0 19 240 2014 7 2 15 42 6 4 153
18 70 53 38.739 -121.55 208 109 30 240 2014 7 2 15 43 6 4 153
18 70 53 38.814 -121.56 253 37 43 240 2014 7 2 15 44 8 4 153
18 70 53 38.887 -121.59 276 357 61 240 2014 7 2 15 45 6 4 153
18 70 53 38.958 -121.63 276 337 61 240 2014 7 2 15 46 6 4 153
18 70 53 39.026 -121.67 275 338 96 240 2014 7 2 15 47 6 4 175
18 70 53 39.097 -121.7 271 336 109 240 2014 7 2 15 48 6 4 175
18 70 53 39.166 -121.74 271 337 109 240 2014 7 2 15 49 6 4 175
18 70 53 39.241 -121.78 277 338 135 240 2014 7 2 15 50 15 4 175
18 70 53 39.32 -121.79 282 338 147 240 2014 7 2 15 51 6 4 175
18 70 53 39.413 -121.76 285 4 161 240 2014 7 2 15 52 6 4 175
18 70 53 39.475 -121.73 296 13 170 240 2014 7 2 15 53 6 4 163
18 70 53 39.552 -121.75 290 12 180 240 2014 7 2 15 54 6 4 163
18 70 53 39.569 -121.75 286 348 184 240 2014 7 2 15 55 6 4 163
18 70 53 39.711 -121.79 287 348 202 240 2014 7 2 15 56 6 4 163
18 70 53 39.791 -121.8 288 352 211 240 2014 7 2 15 57 6 4 163
18 70 53 39.873 -121.82 297 350 219 240 2014 7 2 15 58 6 4 163
18 70 53 39.889 -121.82 292 351 221 240 2014 7 2 15 59 6 4 163
18 70 53 39.988 -121.84 299 350 230 240 2014 7 2 16 0 6 4 163
18 70 53 40.137 -121.87 301 351 240 240 2014 7 2 16 1 6 4 186
18 70 53 40.154 -121.87 300 351 240 240 2014 7 2 16 2 6 4 186
18 70 53 40.319 -121.91 338 350 240 240 2014 7 2 16 3 6 4 186
18 70 53 40.416 -121.93 348 350 240 240 2014 7 2 16 4 16 4 186
18 70 53 40.434 -121.93 349 350 240 240 2014 7 2 16 5 6 4 186
18 70 53 40.533 -121.95 360 350 240 240 2014 7 2 16 6 6 4 186
18 70 53 40.614 -121.97 362 351 240 240 2014 7 2 16 7 6 4 186
18 70 53 40.752 -122 362 350 240 240 2014 7 2 16 8 6 4 186
18 70 53 40.852 -122.02 363 350 240 240 2014 7 2 16 9 6 4 186
18 70 53 40.952 -122.04 363 351 240 240 2014 7 2 16 10 6 4 186
18 70 53 41.052 -122.06 361 350 240 240 2014 7 2 16 11 6 4 186
18 70 53 41.153 -122.09 366 350 240 240 2014 7 2 16 12 6 4 186
18 70 53 41.253 -122.11 366 350 240 240 2014 7 2 16 13 6 3 141
18 70 53 41.356 -122.13 365 351 240 240 2014 7 2 16 14 19 3 141
18 70 53 41.457 -122.15 365 350 240 240 2014 7 2 16 15 16 3 141
18 70 53 41.558 -122.17 365 351 240 240 2014 7 2 16 16 6 3 141
18 70 53 41.679 -122.2 366 350 240 240 2014 7 2 16 17 6 3 141
18 70 53 41.781 -122.22 366 351 240 240 2014 7 2 16 18 6 3 141
18 70 53 41.883 -122.24 366 350 240 240 2014 7 2 16 19 6 3 141
18 70 53 41.945 -122.25 367 350 240 240 2014 7 2 16 20 9 3 141
18 70 53 42.088 -122.29 368 350 240 240 2014 7 2 16 21 6 3 141
18 70 53 42.192 -122.31 369 351 240 240 2014 7 2 16 22 16 3 141
18 70 53 42.254 -122.32 371 351 240 240 2014 7 2 16 23 16 3 141
18 70 53 42.357 -122.34 371 350 240 240 2014 7 2 16 24 6 3 141
18 70 53 42.481 -122.37 372 351 240 240 2014 7 2 16 25 16 3 141
18 70 53 42.584 -122.39 372 350 240 240 2014 7 2 16 26 6 3 141
18 70 53 42.689 -122.42 375 350 240 240 2014 7 2 16 27 6 3 141
18 70 53 42.786 -122.44 375 350 240 240 2014 7 2 16 28 6 3 141
18 70 53 42.888 -122.47 376 350 240 240 2014 7 2 16 29 6 3 141
18 70 53 42.99 -122.51 376 348 240 240 2014 7 2 16 30 6 3 141
18 70 53 43.09 -122.55 376 345 240 240 2014 7 2 16 31 6 3 140
18 70 53 43.191 -122.59 376 346 240 240 2014 7 2 16 32 6 3 140
18 70 53 43.316 -122.62 379 343 240 240 2014 7 2 16 33 6 3 140
18 70 53 43.421 -122.64 380 346 240 240 2014 7 2 16 34 6 3 140
18 70 53 43.527 -122.66 381 352 240 240 2014 7 2 16 35 16 3 136
18 70 53 43.631 -122.67 379 353 240 240 2014 7 2 16 36 6 3 136
18 70 53 43.736 -122.69 379 353 240 240 2014 7 2 16 37 6 3 136
18 70 53 43.84 -122.7 378 353 240 240 2014 7 2 16 38 6 3 136
18 70 53 43.946 -122.72 378 353 240 240 2014 7 2 16 39 6 3 136
18 70 53 44.051 -122.74 379 353 240 240 2014 7 2 16 40 16 3 136
18 70 53 44.158 -122.75 385 353 234 240 2014 7 2 16 41 6 3 130
18 70 53 44.292 -122.74 401 353 220 240 2014 7 2 16 42 6 3 130
18 70 53 44.387 -122.73 401 359 210 240 2014 7 2 16 43 6 3 130
18 70 53 44.495 -122.72 401 4 200 240 2014 7 2 16 44 6 3 130
18 70 53 44.627 -122.7 400 3 186 240 2014 7 2 16 45 6 3 130
18 70 53 44.732 -122.7 385 3 175 240 2014 7 2 16 46 6 3 130
18 70 53 44.84 -122.68 386 3 161 240 2014 7 2 16 47 6 3 130
18 70 53 44.968 -122.67 364 4 138 240 2014 7 2 16 48 16 3 130
18 70 53 45.051 -122.66 355 4 121 240 2014 7 2 16 49 6 3 112
18 70 53 45.072 -122.66 346 3 118 240 2014 7 2 16 50 6 3 112
18 70 53 45.145 -122.65 346 3 103 240 2014 7 2 16 51 6 3 112
18 70 53 45.252 -122.64 302 5 83 240 2014 7 2 16 52 6 3 112
18 70 53 45.322 -122.58 268 25 67 240 2014 7 2 16 53 6 3 112
18 70 53 45.43 -122.47 268 32 46 240 2014 7 2 16 54 6 3 112
18 70 53 45.429 -122.37 254 51 40 240 2014 7 2 16 55 6 3 112
18 70 53 45.487 -122.37 245 85 31 240 2014 7 2 16 56 6 3 112
18 70 53 45.496 -122.39 245 359 28 240 2014 7 2 16 57 6 3 112
18 70 53 45.528 -122.45 238 306 24 240 2014 7 2 16 58 6 3 112
18 70 53 45.553 -122.51 191 296 15 240 2014 7 2 16 59 6 3 112
18 70 53 45.572 -122.57 112 302 4 240 2014 7 2 17 0 6 3 112
18 70 53 45.584 -122.59 122 297 240 240 2014 7 2 17 1 6 3 135
20 70 53 38.671 -121.58 154 0 15 240 2014 7 2 20 14 6 4 153
20 70 53 38.689 -121.52 195 153 29 240 2014 7 2 20 15 6 4 153
20 70 53 38.752 -121.52 233 36 45 240 2014 7 2 20 16 6 4 153
20 70 53 38.812 -121.55 233 337 45 240 2014 7 2 20 17 6 4 153
20 70 53 38.817 -121.56 254 8 58 240 2014 7 2 20 18 6 4 153
20 70 53 38.889 -121.6 273 348 72 240 2014 7 2 20 19 6 4 153
20 70 53 38.962 -121.63 281 335 88 240 2014 7 2 20 20 16 4 153
20 70 53 39.032 -121.67 273 337 104 240 2014 7 2 20 21 6 4 175
20 70 53 39.101 -121.71 272 337 117 240 2014 7 2 20 22 6 4 175
20 70 53 39.187 -121.75 274 337 131 240 2014 7 2 20 23 6 4 175
20 70 53 39.339 -121.8 283 342 155 240 2014 7 2 20 24 16 4 175
20 70 53 39.418 -121.81 286 353 166 240 2014 7 2 20 25 16 4 175
20 70 53 39.492 -121.83 286 351 176 240 2014 7 2 20 26 6 4 163
20 70 53 39.571 -121.84 286 351 187 240 2014 7 2 20 27 6 4 163
20 70 53 39.665 -121.86 286 352 200 240 2014 7 2 20 28 6 4 163
20 70 53 39.743 -121.87 284 352 208 240 2014 7 2 20 29 16 4 163
20 70 53 39.823 -121.89 287 351 215 240 2014 7 2 20 30 6 4 163
20 70 53 39.904 -121.9 291 352 222 240 2014 7 2 20 31 12 4 163
20 70 53 39.987 -121.92 298 351 228 240 2014 7 2 20 32 6 4 163
20 70 53 40.072 -121.93 306 351 235 240 2014 7 2 20 33 6 4 163
20 70 53 40.157 -121.95 308 352 240 240 2014 7 2 20 34 15 4 186
20 70 53 40.264 -121.97 326 351 240 240 2014 7 2 20 35 6 4 186
20 70 53 40.32 -121.98 337 351 240 240 2014 7 2 20 36 6 4 186
20 70 53 40.455 -122.01 353 351 240 240 2014 7 2 20 37 6 4 186
20 70 53 40.553 -122.03 355 352 240 240 2014 7 2 20 38 15 4 186
20 70 53 40.651 -122.04 360 351 240 240 2014 7 2 20 39 6 4 186
20 70 53 40.749 -122.06 357 351 240 240 2014 7 2 20 40 6 4 186
20 70 53 40.866 -122.09 357 351 240 240 2014 7 2 20 41 6 4 186
20 70 53 40.962 -122.1 354 351 240 240 2014 7 2 20 42 6 4 186
20 70 53 41.021 -122.12 354 351 240 240 2014 7 2 20 43 6 4 186
20 70 53 41.119 -122.14 354 352 240 240 2014 7 2 20 44 6 4 186
20 70 53 41.215 -122.16 354 349 240 240 2014 7 2 20 45 6 4 186
20 70 53 41.351 -122.18 354 352 240 240 2014 7 2 20 46 6 3 141
20 70 53 41.409 -122.19 354 351 240 240 2014 7 2 20 47 6 3 141
20 70 53 41.56 -122.22 354 351 240 240 2014 7 2 20 48 6 3 141
20 70 53 41.6 -122.23 354 351 240 240 2014 7 2 20 49 6 3 141
20 70 53 41.717 -122.25 354 351 240 240 2014 7 2 20 50 6 3 141
20 70 53 41.815 -122.27 353 351 240 240 2014 7 2 20 51 6 3 141
20 70 53 41.914 -122.29 354 352 240 240 2014 7 2 20 52 9 3 141
20 70 53 42.011 -122.31 353 351 240 240 2014 7 2 20 53 6 3 141
20 70 53 42.146 -122.34 348 351 240 240 2014 7 2 20 54 16 3 141
20 70 53 42.205 -122.35 351 350 240 240 2014 7 2 20 55 6 3 141
20 70 53 42.303 -122.37 351 351 240 240 2014 7 2 20 56 6 3 141
20 70 53 42.401 -122.39 351 352 240 240 2014 7 2 20 57 6 3 141
20 70 53 42.498 -122.41 351 351 240 240 2014 7 2 20 58 6 3 141
20 70 53 42.596 -122.43 351 351 240 240 2014 7 2 20 59 6 3 141
20 70 53 42.692 -122.45 351 351 240 240 2014 7 2 21 0 6 3 141
20 70 53 42.797 -122.47 353 351 240 240 2014 7 2 21 1 6 3 141
20 70 53 42.894 -122.49 353 351 240 240 2014 7 2 21 2 6 3 141
20 70 53 42.991 -122.51 353 351 240 240 2014 7 2 21 3 6 3 141
20 70 53 43.087 -122.53 353 351 240 240 2014 7 2 21 4 6 3 140
20 70 53 43.187 -122.55 353 351 240 240 2014 7 2 21 5 6 3 140
20 70 53 43.285 -122.57 354 351 240 240 2014 7 2 21 6 6 3 140
20 70 53 43.382 -122.59 354 351 240 240 2014 7 2 21 7 6 3 140
20 70 53 43.383 -122.59 355 351 240 240 2014 7 2 21 8 6 3 140
20 70 53 43.601 -122.63 358 351 240 240 2014 7 2 21 9 16 3 136
20 70 53 43.601 -122.63 358 351 240 240 2014 7 2 21 10 6 3 136
20 70 53 43.7 -122.66 359 351 240 240 2014 7 2 21 11 6 3 136
20 70 53 43.799 -122.68 359 351 240 240 2014 7 2 21 12 6 3 136
20 70 53 43.898 -122.7 359 351 240 240 2014 7 2 21 13 6 3 136
20 70 53 43.997 -122.72 359 351 240 240 2014 7 2 21 14 6 3 136
20 70 53 44.096 -122.74 360 351 240 240 2014 7 2 21 15 6 3 136
20 70 53 44.197 -122.75 360 351 234 240 2014 7 2 21 16 6 3 130
20 70 53 44.304 -122.73 385 353 223 240 2014 7 2 21 17 15 3 130
20 70 53 44.415 -122.72 391 1 210 240 2014 7 2 21 18 6 3 130
20 70 53 44.526 -122.72 397 5 198 240 2014 7 2 21 19 16 3 130
20 70 53 44.659 -122.7 399 2 184 240 2014 7 2 21 20 6 3 130
20 70 53 44.8 -122.69 389 4 170 240 2014 7 2 21 21 6 3 130
20 70 53 44.872 -122.68 386 3 156 240 2014 7 2 21 22 6 3 130
20 70 53 44.981 -122.67 371 3 134 240 2014 7 2 21 23 6 3 130
20 70 53 45.071 -122.66 326 5 118 240 2014 7 2 21 24 6 3 112
20 70 53 45.155 -122.66 303 359 101 240 2014 7 2 21 25 6 3 112
20 70 53 45.236 -122.66 293 0 95 240 2014 7 2 21 26 6 3 112
20 70 53 45.315 -122.6 300 27 77 240 2014 7 2 21 27 15 3 112
20 70 53 45.376 -122.56 270 0 62 240 2014 7 2 21 28 6 3 112
20 70 53 45.439 -122.49 255 34 47 240 2014 7 2 21 29 6 3 112
20 70 53 45.49 -122.44 204 37 37 240 2014 7 2 21 30 6 3 112
20 70 53 45.527 -122.45 153 357 24 240 2014 7 2 21 31 6 3 112
20 70 53 45.545 -122.49 140 303 16 240 2014 7 2 21 32 6 3 112
20 70 53 45.563 -122.54 138 298 7 240 2014 7 2 21 33 6 3 112
20 70 53 45.585 -122.6 138 298 240 240 2014 7 2 21 34 6 3 135
25 70 53 38.867 -121.58 261 335 58 240 2014 7 3 0 52 6 4 153
25 70 53 38.895 -121.6 250 338 64 240 2014 7 3 0 53 6 4 153
25 70 53 38.967 -121.64 263 337 75 240 2014 7 3 0 54 15 4 153
25 70 53 39.041 -121.67 276 337 86 240 2014 7 3 0 55 16 4 153
25 70 53 39.116 -121.72 286 340 97 240 2014 7 3 0 56 6 4 175
25 70 53 39.19 -121.76 287 335 107 240 2014 7 3 0 57 6 4 175
25 70 53 39.267 -121.79 292 334 119 240 2014 7 3 0 58 16 4 175
25 70 53 39.343 -121.83 292 338 129 240 2014 7 3 0 59 16 4 175
25 70 53 39.419 -121.87 292 337 140 240 2014 7 3 1 0 6 4 163
25 70 53 39.509 -121.92 294 338 152 240 2014 7 3 1 1 16 4 163
25 70 53 39.57 -121.96 294 338 160 240 2014 7 3 1 2 6 4 163
25 70 53 39.661 -122 294 335 171 240 2014 7 3 1 3 6 4 163
25 70 53 39.736 -122.04 294 338 182 240 2014 7 3 1 4 15 4 163
25 70 53 39.812 -122.08 293 338 192 240 2014 7 3 1 5 6 4 163
25 70 53 39.886 -122.12 291 337 201 240 2014 7 3 1 6 6 4 163
25 70 53 39.959 -122.16 288 337 210 240 2014 7 3 1 7 6 4 163
25 70 53 40.032 -122.2 287 338 218 240 2014 7 3 1 8 6 4 163
25 70 53 40.121 -122.24 289 337 226 240 2014 7 3 1 9 6 4 163
25 70 53 40.199 -122.26 296 349 232 240 2014 7 3 1 10 6 4 163
25 70 53 40.278 -122.28 297 346 237 240 2014 7 3 1 11 16 4 163
25 70 53 40.355 -122.32 299 342 240 240 2014 7 3 1 12 6 4 186
25 70 53 40.451 -122.37 311 337 240 240 2014 7 3 1 13 6 4 186
25 70 53 40.536 -122.42 327 337 240 240 2014 7 3 1 14 6 4 186
25 70 53 40.623 -122.47 340 336 240 240 2014 7 3 1 15 16 4 186
25 70 53 40.711 -122.52 344 336 240 240 2014 7 3 1 16 15 4 186
25 70 53 40.799 -122.57 344 336 240 240 2014 7 3 1 17 6 4 186
25 70 53 40.852 -122.6 344 336 240 240 2014 7 3 1 18 6 4 186
25 70 53 40.978 -122.67 349 337 240 240 2014 7 3 1 19 15 4 186
25 70 53 41.068 -122.72 349 336 240 240 2014 7 3 1 20 6 4 182
25 70 53 41.159 -122.77 351 337 240 240 2014 7 3 1 21 15 4 182
25 70 53 41.27 -122.82 352 339 240 240 2014 7 3 1 22 6 4 182
25 70 53 41.326 -122.84 353 341 240 240 2014 7 3 1 23 6 4 182
25 70 53 41.414 -122.87 353 345 240 240 2014 7 3 1 24 16 3 140
25 70 53 41.512 -122.89 353 347 240 240 2014 7 3 1 25 6 3 140
25 70 53 41.612 -122.89 356 354 240 240 2014 7 3 1 26 6 3 140
25 70 53 41.715 -122.88 363 1 240 240 2014 7 3 1 27 6 3 140
25 70 53 41.856 -122.87 364 2 240 240 2014 7 3 1 28 15 3 140
25 70 53 41.919 -122.87 364 2 240 240 2014 7 3 1 29 16 3 140
25 70 53 42.039 -122.87 362 1 240 240 2014 7 3 1 30 16 3 140
25 70 53 42.141 -122.86 362 2 240 240 2014 7 3 1 31 6 3 140
25 70 53 42.244 -122.85 365 2 240 240 2014 7 3 1 32 17 3 140
25 70 53 42.285 -122.85 364 2 240 240 2014 7 3 1 33 6 3 140
25 70 53 42.449 -122.84 365 2 240 240 2014 7 3 1 34 15 3 140
25 70 53 42.552 -122.84 367 2 240 240 2014 7 3 1 35 16 3 140
25 70 53 42.653 -122.83 364 2 240 240 2014 7 3 1 36 6 3 140
25 70 53 42.748 -122.83 364 2 240 240 2014 7 3 1 37 15 3 140
25 70 53 42.849 -122.82 363 2 240 240 2014 7 3 1 38 6 3 140
25 70 53 42.949 -122.82 363 2 240 240 2014 7 3 1 39 6 3 140
25 70 53 43.051 -122.81 362 1 240 240 2014 7 3 1 40 16 3 140
25 70 53 43.051 -122.81 362 1 240 240 2014 7 3 1 41 15 3 140
25 70 53 43.172 -122.81 363 2 240 240 2014 7 3 1 42 6 3 140
25 70 53 43.272 -122.8 362 2 240 240 2014 7 3 1 43 6 3 140
25 70 53 43.373 -122.79 362 2 240 240 2014 7 3 1 44 6 3 140
25 70 53 43.474 -122.79 362 2 240 240 2014 7 3 1 45 6 3 136
25 70 53 43.574 -122.78 362 2 240 240 2014 7 3 1 46 6 3 136
25 70 53 43.775 -122.77 361 2 240 240 2014 7 3 1 47 6 3 136
25 70 53 43.875 -122.77 361 2 240 240 2014 7 3 1 48 6 3 136
25 70 53 43.875 -122.77 361 2 240 240 2014 7 3 1 49 15 3 136
25 70 53 43.975 -122.76 361 2 240 240 2014 7 3 1 50 16 3 136
25 70 53 44.074 -122.76 359 2 240 240 2014 7 3 1 51 6 3 136
25 70 53 44.174 -122.75 359 2 240 240 2014 7 3 1 52 6 3 136
25 70 53 44.273 -122.74 358 2 240 240 2014 7 3 1 53 6 3 136
25 70 53 44.377 -122.73 360 3 240 240 2014 7 3 1 54 6 3 136
25 70 53 44.478 -122.72 363 4 227 240 2014 7 3 1 55 6 3 130
25 70 53 44.586 -122.71 382 3 208 240 2014 7 3 1 56 6 3 130
25 70 53 44.714 -122.7 384 4 184 240 2014 7 3 1 57 6 3 130
25 70 53 44.889 -122.68 363 4 152 240 2014 7 3 1 58 16 3 130
25 70 53 44.917 -122.68 368 5 146 240 2014 7 3 1 59 7 3 130
25 70 53 45.016 -122.67 349 3 129 240 2014 7 3 2 0 6 3 112
25 70 53 45.103 -122.66 319 3 116 240 2014 7 3 2 1 6 3 112
25 70 53 45.196 -122.65 311 3 99 240 2014 7 3 2 2 6 3 112
25 70 53 45.266 -122.65 302 3 87 240 2014 7 3 2 3 16 3 112
25 70 53 45.429 -122.64 275 3 61 240 2014 7 3 2 4 15 3 112
25 70 53 45.435 -122.63 281 2 60 240 2014 7 3 2 5 16 3 112
25 70 53 45.48 -122.57 263 38 50 240 2014 7 3 2 6 6 3 112
25 70 53 45.453 -122.49 214 112 42 240 2014 7 3 2 7 16 3 112
25 70 53 45.442 -122.43 200 100 39 240 2014 7 3 2 8 6 3 112
25 70 53 45.494 -122.4 200 11 31 240 2014 7 3 2 9 6 3 112
25 70 53 45.524 -122.44 159 319 23 240 2014 7 3 2 10 6 3 112
25 70 53 45.542 -122.49 129 299 16 240 2014 7 3 2 11 6 3 112
25 70 53 45.562 -122.54 120 298 8 240 2014 7 3 2 12 6 3 112
25 70 53 45.577 -122.58 117 297 2 240 2014 7 3 2 13 15 3 112
26 70 53 38.677 -121.56 241 194 18 400 2014 7 3 14 11 6 4 153
26 70 53 38.736 -121.55 232 133 38 400 2014 7 3 14 12 6 4 153
26 70 53 38.808 -121.58 281 31 61 400 2014 7 3 14 13 6 4 153
26 70 53 38.881 -121.62 281 338 61 400 2014 7 3 14 14 6 4 153
26 70 53 38.882 -121.62 283 348 91 400 2014 7 3 14 15 6 4 153
26 70 53 38.966 -121.66 320 338 115 400 2014 7 3 14 16 6 4 175
26 70 53 39.045 -121.7 341 339 143 400 2014 7 3 14 17 6 4 175
26 70 53 39.162 -121.75 380 339 180 400 2014 7 3 14 18 6 4 175
26 70 53 39.385 -121.79 411 352 234 400 2014 7 3 14 19 6 4 175
26 70 53 39.366 -121.79 406 351 229 400 2014 7 3 14 20 6 4 175
26 70 53 39.623 -121.83 429 351 279 400 2014 7 3 14 21 6 4 186
26 70 53 39.622 -121.83 431 352 279 400 2014 7 3 14 22 6 4 186
26 70 53 39.867 -121.88 447 352 315 400 2014 7 3 14 23 6 4 186
26 70 53 39.991 -121.9 450 351 336 400 2014 7 3 14 24 6 4 186
26 70 53 40.112 -121.93 450 351 351 400 2014 7 3 14 25 6 4 186
26 70 53 40.137 -121.93 451 352 354 400 2014 7 3 14 26 6 4 186
26 70 53 40.259 -121.95 451 352 370 400 2014 7 3 14 27 7 4 186
26 70 53 40.381 -121.98 450 350 383 400 2014 7 3 14 28 6 4 186
26 70 53 40.501 -122 448 351 395 400 2014 7 3 14 29 6 4 186
26 70 53 40.648 -122.03 448 351 400 400 2014 7 3 14 30 6 4 186
26 70 53 40.769 -122.05 444 351 400 400 2014 7 3 14 31 6 4 186
26 70 53 40.889 -122.08 440 351 400 400 2014 7 3 14 32 6 4 186
26 70 53 41.102 -122.12 434 351 400 400 2014 7 3 14 33 6 4 186
26 70 53 41.127 -122.13 433 351 400 400 2014 7 3 14 34 6 4 186
26 70 53 41.244 -122.15 431 351 400 400 2014 7 3 14 35 6 4 186
26 70 53 41.352 -122.17 428 351 400 400 2014 7 3 14 36 6 3 141
26 70 53 41.492 -122.2 426 351 400 400 2014 7 3 14 37 6 3 141
26 70 53 41.609 -122.22 425 351 400 400 2014 7 3 14 38 6 3 141
26 70 53 41.725 -122.25 424 351 400 400 2014 7 3 14 39 6 3 141
26 70 53 41.841 -122.27 421 351 400 400 2014 7 3 14 40 6 3 141
26 70 53 41.957 -122.29 420 351 400 400 2014 7 3 14 41 6 3 141
26 70 53 42.074 -122.31 420 351 400 400 2014 7 3 14 42 6 3 141
26 70 53 42.189 -122.34 418 351 400 400 2014 7 3 14 43 6 3 141
26 70 53 42.281 -122.36 414 350 400 400 2014 7 3 14 44 6 3 141
26 70 53 42.394 -122.38 411 351 400 400 2014 7 3 14 45 6 3 141
26 70 53 42.506 -122.4 408 351 400 380 2014 7 3 14 46 14 3 141
26 70 53 42.618 -122.43 407 351 398 380 2014 7 3 14 47 6 3 141
26 70 53 42.73 -122.45 406 351 388 380 2014 7 3 14 48 6 3 141
26 70 53 42.831 -122.47 408 351 380 380 2014 7 3 14 49 6 3 141
26 70 53 42.967 -122.5 411 351 380 380 2014 7 3 14 50 6 3 141
26 70 53 43.081 -122.52 412 351 380 380 2014 7 3 14 51 6 3 141
26 70 53 43.194 -122.55 413 351 380 380 2014 7 3 14 52 9 3 140
26 70 53 43.309 -122.57 413 351 380 380 2014 7 3 14 53 6 3 140
26 70 53 43.423 -122.59 416 351 380 380 2014 7 3 14 54 6 3 140
26 70 53 43.539 -122.62 418 351 380 380 2014 7 3 14 55 6 3 136
26 70 53 43.655 -122.64 421 351 369 380 2014 7 3 14 56 6 3 136
26 70 53 43.768 -122.67 412 351 341 380 2014 7 3 14 57 6 3 136
26 70 53 43.884 -122.69 418 351 315 380 2014 7 3 14 58 6 3 136
26 70 53 43.998 -122.72 419 350 293 380 2014 7 3 14 59 6 3 136
26 70 53 44.111 -122.74 411 351 272 380 2014 7 3 15 0 6 3 136
26 70 53 44.247 -122.74 408 351 246 380 2014 7 3 15 1 7 3 136
26 70 53 44.343 -122.73 410 356 227 380 2014 7 3 15 2 6 3 130
26 70 53 44.48 -122.72 411 2 201 380 2014 7 3 15 3 6 3 130
26 70 53 44.588 -122.71 395 3 184 380 2014 7 3 15 4 6 3 130
26 70 53 44.679 -122.7 366 3 171 380 2014 7 3 15 5 6 3 130
26 70 53 44.688 -122.7 371 3 168 380 2014 7 3 15 6 9 3 130
26 70 53 44.883 -122.68 358 5 131 380 2014 7 3 15 7 6 3 130
26 70 53 44.988 -122.67 338 2 118 380 2014 7 3 15 8 6 3 112
26 70 53 45.081 -122.66 306 4 102 380 2014 7 3 15 9 6 3 112
26 70 53 45.158 -122.65 305 3 88 380 2014 7 3 15 10 6 3 112
26 70 53 45.239 -122.64 297 3 73 380 2014 7 3 15 11 6 3 112
26 70 53 45.299 -122.6 287 26 61 380 2014 7 3 15 12 6 3 112
26 70 53 45.368 -122.54 271 27 52 380 2014 7 3 15 13 6 3 112
26 70 53 45.432 -122.47 241 33 44 380 2014 7 3 15 14 6 3 112
26 70 53 45.414 -122.39 225 95 28 380 2014 7 3 15 15 6 3 112
26 70 53 45.459 -122.35 219 61 25 380 2014 7 3 15 16 6 3 112
26 70 53 45.507 -122.4 211 334 25 380 2014 7 3 15 17 6 3 112
26 70 53 45.531 -122.46 176 307 20 380 2014 7 3 15 18 6 3 112
26 70 53 45.552 -122.51 150 300 12 380 2014 7 3 15 19 6 3 112
26 70 53 45.564 -122.55 130 298 7 380 2014 7 3 15 20 6 3 112
26 70 53 45.57 -122.56 138 297 5 380 2014 7 3 15 21 6 3 112
26 70 53 45.587 -122.6 138 299 380 380 2014 7 3 15 22 6 3 135
27 70 53 38.683 -121.57 128 0 13 240 2014 7 3 15 45 6 4 153
27 70 53 38.7 -121.52 205 57 25 240 2014 7 3 15 46 6 4 153
27 70 53 38.765 -121.53 241 0 39 240 2014 7 3 15 47 6 4 153
27 70 53 38.835 -121.57 268 352 53 240 2014 7 3 15 48 6 4 153
27 70 53 38.907 -121.61 275 340 68 240 2014 7 3 15 49 16 4 153
27 70 53 38.907 -121.61 275 340 68 240 2014 7 3 15 50 10 4 153
27 70 53 38.994 -121.65 279 337 86 240 2014 7 3 15 51 6 4 153
27 70 53 39.069 -121.69 284 337 98 240 2014 7 3 15 52 16 4 175
27 70 53 39.146 -121.73 293 338 111 240 2014 7 3 15 53 6 4 175
27 70 53 39.299 -121.81 296 337 135 240 2014 7 3 15 54 6 4 175
27 70 53 39.377 -121.85 298 337 145 240 2014 7 3 15 55 6 4 175
27 70 53 39.442 -121.89 300 338 156 240 2014 7 3 15 56 6 4 163
27 70 53 39.52 -121.93 300 337 167 240 2014 7 3 15 57 6 4 163
27 70 53 39.595 -121.97 297 337 178 240 2014 7 3 15 58 6 4 163
27 70 53 39.67 -122.01 297 338 187 240 2014 7 3 15 59 6 4 163
27 70 53 39.686 -122.02 295 337 189 240 2014 7 3 16 0 6 4 163
27 70 53 39.761 -122.05 294 338 199 240 2014 7 3 16 1 6 4 163
27 70 53 39.85 -122.1 292 337 209 240 2014 7 3 16 2 6 4 163
27 70 53 39.925 -122.14 292 337 217 240 2014 7 3 16 3 6 4 163
27 70 53 40.005 -122.15 293 351 224 240 2014 7 3 16 4 6 4 163
27 70 53 40.084 -122.15 291 354 232 240 2014 7 3 16 5 6 4 163
27 70 53 40.163 -122.16 291 356 238 240 2014 7 3 16 6 6 4 163
27 70 53 40.311 -122.19 303 351 240 240 2014 7 3 16 7 6 4 186
27 70 53 40.345 -122.19 311 353 240 240 2014 7 3 16 8 6 4 186
27 70 53 40.433 -122.21 323 353 240 240 2014 7 3 16 9 6 4 186
27 70 53 40.522 -122.22 323 353 240 240 2014 7 3 16 10 6 4 186
27 70 53 40.612 -122.23 325 352 240 240 2014 7 3 16 11 7 4 186
27 70 53 40.701 -122.24 325 353 240 240 2014 7 3 16 12 6 4 186
27 70 53 40.791 -122.26 325 354 240 240 2014 7 3 16 13 6 4 186
27 70 53 40.899 -122.27 325 353 240 240 2014 7 3 16 14 6 4 186
27 70 53 40.989 -122.28 325 353 240 240 2014 7 3 16 15 6 4 186
27 70 53 41.079 -122.3 327 354 240 240 2014 7 3 16 16 6 4 186
27 70 53 41.169 -122.31 327 354 240 240 2014 7 3 16 17 6 4 186
27 70 53 41.26 -122.32 327 353 240 240 2014 7 3 16 18 6 4 186
27 70 53 41.352 -122.34 327 353 240 240 2014 7 3 16 19 6 3 141
27 70 53 41.442 -122.35 327 354 240 240 2014 7 3 16 20 6 3 141
27 70 53 41.532 -122.36 327 353 240 240 2014 7 3 16 21 6 3 141
27 70 53 41.606 -122.37 326 353 240 240 2014 7 3 16 22 6 3 141
27 70 53 41.714 -122.39 328 354 240 240 2014 7 3 16 23 6 3 141
27 70 53 41.824 -122.4 328 354 240 240 2014 7 3 16 24 6 3 141
27 70 53 41.915 -122.42 328 353 240 240 2014 7 3 16 25 6 3 141
27 70 53 42.006 -122.43 328 353 240 240 2014 7 3 16 26 7 3 141
27 70 53 42.098 -122.44 328 354 240 240 2014 7 3 16 27 6 3 141
27 70 53 42.19 -122.46 329 353 240 240 2014 7 3 16 28 6 3 141
27 70 53 42.281 -122.47 330 354 240 240 2014 7 3 16 29 6 3 141
27 70 53 42.338 -122.48 330 353 240 240 2014 7 3 16 30 6 3 140
27 70 53 42.431 -122.49 331 353 240 240 2014 7 3 16 31 6 3 140
27 70 53 42.523 -122.5 331 353 240 240 2014 7 3 16 32 6 3 140
27 70 53 42.634 -122.52 332 353 240 240 2014 7 3 16 33 6 3 140
27 70 53 42.726 -122.53 330 353 240 240 2014 7 3 16 34 6 3 140
27 70 53 42.821 -122.55 333 353 240 240 2014 7 3 16 35 6 3 140
27 70 53 42.913 -122.56 332 353 240 240 2014 7 3 16 36 6 3 140
27 70 53 43.004 -122.58 332 353 240 240 2014 7 3 16 37 6 3 140
27 70 53 43.006 -122.58 332 353 240 240 2014 7 3 16 38 6 3 140
27 70 53 43.192 -122.61 333 353 240 240 2014 7 3 16 39 6 3 140
27 70 53 43.284 -122.62 333 353 240 240 2014 7 3 16 40 6 3 140
27 70 53 43.377 -122.63 333 353 240 240 2014 7 3 16 41 6 3 140
27 70 53 43.471 -122.65 334 353 240 240 2014 7 3 16 42 6 3 136
27 70 53 43.563 -122.66 334 353 240 240 2014 7 3 16 43 6 3 136
27 70 53 43.677 -122.68 335 353 240 240 2014 7 3 16 44 6 3 136
27 70 53 43.769 -122.69 335 353 240 240 2014 7 3 16 45 6 3 136
27 70 53 43.771 -122.69 336 353 240 240 2014 7 3 16 46 6 3 136
27 70 53 43.958 -122.72 338 353 240 240 2014 7 3 16 47 6 3 136
27 70 53 44.051 -122.74 338 353 240 240 2014 7 3 16 48 6 3 136
27 70 53 44.145 -122.75 338 353 240 240 2014 7 3 16 49 6 3 136
27 70 53 44.233 -122.79 338 340 240 240 2014 7 3 16 50 6 3 136
27 70 53 44.239 -122.75 339 349 240 240 2014 7 3 16 51 10 3 136
27 70 53 44.336 -122.73 343 358 240 240 2014 7 3 16 52 6 3 136
27 70 53 44.452 -122.72 344 4 234 240 2014 7 3 16 53 6 3 130
27 70 53 44.556 -122.71 365 4 215 240 2014 7 3 16 54 6 3 130
27 70 53 44.661 -122.7 379 3 195 240 2014 7 3 16 55 6 3 130
27 70 53 44.798 -122.69 380 3 170 240 2014 7 3 16 56 6 3 130
27 70 53 44.869 -122.68 375 3 156 240 2014 7 3 16 57 6 3 130
27 70 53 44.981 -122.67 361 4 135 240 2014 7 3 16 58 6 3 130
27 70 53 45.136 -122.66 308 4 106 240 2014 7 3 16 59 6 3 112
27 70 53 45.155 -122.65 311 5 102 240 2014 7 3 17 0 6 3 112
27 70 53 45.242 -122.64 297 4 85 240 2014 7 3 17 1 6 3 112
27 70 53 45.309 -122.59 283 24 69 240 2014 7 3 17 2 6 3 112
27 70 53 45.364 -122.54 252 33 58 240 2014 7 3 17 3 6 3 112
27 70 53 45.425 -122.48 228 31 52 240 2014 7 3 17 4 6 3 112
27 70 53 45.419 -122.4 230 92 49 240 2014 7 3 17 5 6 3 112
27 70 53 45.448 -122.32 232 66 41 240 2014 7 3 17 6 14 3 112
27 70 53 45.498 -122.37 223 338 35 240 2014 7 3 17 7 6 3 112
27 70 53 45.523 -122.44 208 297 23 240 2014 7 3 17 8 16 3 112
27 70 53 45.548 -122.5 170 299 14 240 2014 7 3 17 9 6 3 112
27 70 53 45.564 -122.54 128 298 8 240 2014 7 3 17 10 6 3 112
27 70 53 45.579 -122.58 120 300 1 240 2014 7 3 17 11 6 3 112
27 70 53 45.604 -122.61 135 299 240 240 2014 7 3 17 12 6 3 135
29 70 53 38.683 -121.58 129 0 7 240 2014 7 3 20 10 16 4 153
29 70 53 38.7 -121.55 170 154 27 240 2014 7 3 20 11 6 4 153
29 70 53 38.763 -121.54 224 30 41 240 2014 7 3 20 12 6 4 153
29 70 53 38.829 -121.57 255 338 55 240 2014 7 3 20 13 6 4 153
29 70 53 38.894 -121.6 255 338 55 240 2014 7 3 20 14 6 4 153
29 70 53 38.972 -121.64 278 338 84 240 2014 7 3 20 15 6 4 153
29 70 53 39.061 -121.69 283 338 99 240 2014 7 3 20 16 6 4 175
29 70 53 39.123 -121.72 291 338 109 240 2014 7 3 20 17 6 4 175
29 70 53 39.2 -121.76 293 337 121 240 2014 7 3 20 18 6 4 175
29 70 53 39.292 -121.81 300 337 135 240 2014 7 3 20 19 6 4 175
29 70 53 39.355 -121.84 298 338 145 240 2014 7 3 20 20 6 4 175
29 70 53 39.37 -121.85 300 339 147 240 2014 7 3 20 21 6 4 175
29 70 53 39.455 -121.86 300 352 157 240 2014 7 3 20 22 9 4 163
29 70 53 39.538 -121.87 300 353 167 240 2014 7 3 20 23 6 4 163
29 70 53 39.638 -121.89 301 351 178 240 2014 7 3 20 24 6 4 163
29 70 53 39.706 -121.9 306 353 187 240 2014 7 3 20 25 6 4 163
29 70 53 39.869 -121.93 300 352 205 240 2014 7 3 20 26 6 4 163
29 70 53 39.885 -121.93 297 352 207 240 2014 7 3 20 27 6 4 163
29 70 53 39.964 -121.95 295 352 215 240 2014 7 3 20 28 6 4 163
29 70 53 40.042 -121.96 291 352 222 240 2014 7 3 20 29 6 4 163
29 70 53 40.137 -121.98 290 352 230 240 2014 7 3 20 30 6 4 163
29 70 53 40.216 -121.99 290 351 236 240 2014 7 3 20 31 6 4 163
29 70 53 40.296 -122.01 290 352 240 240 2014 7 3 20 32 6 4 186
29 70 53 40.379 -122.02 299 351 240 240 2014 7 3 20 33 6 4 186
29 70 53 40.468 -122.04 316 352 240 240 2014 7 3 20 34 6 4 186
29 70 53 40.559 -122.05 328 351 240 240 2014 7 3 20 35 6 4 186
29 70 53 40.672 -122.08 339 352 240 240 2014 7 3 20 36 6 4 186
29 70 53 40.766 -122.09 341 351 240 240 2014 7 3 20 37 6 4 186
29 70 53 40.859 -122.11 342 352 240 240 2014 7 3 20 38 6 4 186
29 70 53 40.953 -122.13 342 351 240 240 2014 7 3 20 39 6 4 186
29 70 53 41.048 -122.14 342 351 240 240 2014 7 3 20 40 7 4 186
29 70 53 41.143 -122.17 345 352 240 240 2014 7 3 20 41 7 4 186
29 70 53 41.256 -122.19 343 351 240 240 2014 7 3 20 42 6 4 186
29 70 53 41.351 -122.21 342 351 240 240 2014 7 3 20 43 6 3 141
29 70 53 41.434 -122.22 343 352 240 240 2014 7 3 20 44 6 3 141
29 70 53 41.528 -122.24 340 351 240 240 2014 7 3 20 45 6 3 141
29 70 53 41.642 -122.26 343 352 240 240 2014 7 3 20 46 17 3 141
29 70 53 41.737 -122.28 344 351 240 240 2014 7 3 20 47 6 3 141
29 70 53 41.796 -122.29 344 351 240 240 2014 7 3 20 48 6 3 141
29 70 53 41.929 -122.31 346 351 240 240 2014 7 3 20 49 7 3 141
29 70 53 42.024 -122.33 344 351 240 240 2014 7 3 20 50 6 3 141
29 70 53 42.082 -122.34 344 351 240 240 2014 7 3 20 51 6 3 141
29 70 53 42.178 -122.36 344 352 240 240 2014 7 3 20 52 10 3 141
29 70 53 42.311 -122.39 345 352 240 240 2014 7 3 20 53 6 3 141
29 70 53 42.368 -122.4 344 351 240 240 2014 7 3 20 54 6 3 141
29 70 53 42.463 -122.41 344 351 240 240 2014 7 3 20 55 6 3 141
29 70 53 42.559 -122.43 347 351 240 240 2014 7 3 20 56 6 3 141
29 70 53 42.674 -122.46 347 351 240 240 2014 7 3 20 57 6 3 141
29 70 53 42.771 -122.47 349 351 240 240 2014 7 3 20 58 6 3 141
29 70 53 42.867 -122.49 350 351 240 240 2014 7 3 20 59 6 3 141
29 70 53 42.964 -122.51 353 352 240 240 2014 7 3 21 0 6 3 141
29 70 53 43.06 -122.53 352 351 240 240 2014 7 3 21 1 6 3 140
29 70 53 43.156 -122.55 352 351 240 240 2014 7 3 21 2 6 3 140
29 70 53 43.253 -122.57 356 351 240 240 2014 7 3 21 3 6 3 140
29 70 53 43.349 -122.59 355 351 240 240 2014 7 3 21 4 6 3 140
29 70 53 43.444 -122.61 351 351 240 240 2014 7 3 21 5 6 3 140
29 70 53 43.541 -122.63 351 351 240 240 2014 7 3 21 6 6 3 136
29 70 53 43.656 -122.65 352 351 240 240 2014 7 3 21 7 6 3 136
29 70 53 43.753 -122.67 352 351 240 240 2014 7 3 21 8 6 3 136
29 70 53 43.85 -122.69 353 351 240 240 2014 7 3 21 9 6 3 136
29 70 53 43.948 -122.71 354 351 240 240 2014 7 3 21 10 6 3 136
29 70 53 44.045 -122.73 354 351 240 240 2014 7 3 21 11 6 3 136
29 70 53 44.045 -122.73 355 351 240 240 2014 7 3 21 12 6 3 136
29 70 53 44.143 -122.75 357 351 240 240 2014 7 3 21 13 6 3 136
29 70 53 44.242 -122.74 363 351 240 240 2014 7 3 21 14 6 3 136
29 70 53 44.339 -122.73 357 357 239 240 2014 7 3 21 15 6 3 130
29 70 53 44.443 -122.72 368 3 225 240 2014 7 3 21 16 6 3 130
29 70 53 44.6 -122.71 387 3 200 240 2014 7 3 21 17 6 3 130
29 70 53 44.723 -122.7 387 4 181 240 2014 7 3 21 18 6 3 130
29 70 53 44.828 -122.69 378 4 165 240 2014 7 3 21 19 6 3 130
29 70 53 44.934 -122.68 349 3 144 240 2014 7 3 21 20 7 3 130
29 70 53 45.03 -122.67 319 3 126 240 2014 7 3 21 21 10 3 112
29 70 53 45.125 -122.66 317 4 107 240 2014 7 3 21 22 6 3 112
29 70 53 45.205 -122.65 312 4 92 240 2014 7 3 21 23 6 3 112
29 70 53 45.28 -122.62 283 4 77 240 2014 7 3 21 24 6 3 112
29 70 53 45.339 -122.56 259 14 63 240 2014 7 3 21 25 8 3 112
29 70 53 45.401 -122.5 243 34 50 240 2014 7 3 21 26 6 3 112
29 70 53 45.453 -122.46 220 35 36 240 2014 7 3 21 27 6 3 112
29 70 53 45.509 -122.44 189 17 25 240 2014 7 3 21 28 6 3 112
29 70 53 45.541 -122.48 162 344 18 240 2014 7 3 21 29 6 3 112
29 70 53 45.559 -122.53 114 299 10 240 2014 7 3 21 30 6 3 112
29 70 53 45.573 -122.57 120 299 4 240 2014 7 3 21 31 6 3 112
29 70 53 45.585 -122.59 114 297 240 240 2014 7 3 21 32 6 3 135
31 70 53 38.696 -121.59 149 0 0 400 2014 7 4 16 14 6 4 153
31 70 53 38.733 -121.58 231 122 43 400 2014 7 4 16 15 16 4 153
31 70 53 38.734 -121.58 214 8 44 400 2014 7 4 16 16 6 4 153
31 70 53 38.883 -121.65 305 341 94 400 2014 7 4 16 17 15 4 153
31 70 53 38.886 -121.65 300 342 96 400 2014 7 4 16 18 6 4 175
31 70 53 38.973 -121.69 335 339 120 400 2014 7 4 16 19 15 4 175
31 70 53 39.07 -121.73 364 340 151 400 2014 7 4 16 20 6 4 175
31 70 53 39.174 -121.75 372 346 184 400 2014 7 4 16 21 6 4 175
31 70 53 39.289 -121.77 391 351 212 400 2014 7 4 16 22 16 4 175
31 70 53 39.394 -121.79 404 352 238 400 2014 7 4 16 23 6 4 153
31 70 53 39.514 -121.82 413 352 261 400 2014 7 4 16 24 15 4 186
31 70 53 39.633 -121.84 433 351 283 400 2014 7 4 16 25 15 4 186
31 70 53 39.779 -121.86 444 352 306 400 2014 7 4 16 26 15 4 186
31 70 53 39.904 -121.89 450 351 326 400 2014 7 4 16 27 6 4 186
31 70 53 40.124 -121.93 450 351 361 400 2014 7 4 16 28 16 4 186
31 70 53 40.148 -121.93 450 351 364 400 2014 7 4 16 29 6 4 186
31 70 53 40.27 -121.96 449 351 378 400 2014 7 4 16 30 16 4 186
31 70 53 40.389 -121.98 444 351 394 400 2014 7 4 16 31 6 4 186
31 70 53 40.508 -122 439 351 400 400 2014 7 4 16 32 16 4 186
31 70 53 40.652 -122.03 438 351 400 400 2014 7 4 16 33 6 4 186
31 70 53 40.771 -122.06 438 351 400 400 2014 7 4 16 34 16 4 186
31 70 53 40.891 -122.08 437 351 400 400 2014 7 4 16 35 15 4 186
31 70 53 41.01 -122.1 437 350 400 400 2014 7 4 16 36 6 4 186
31 70 53 41.131 -122.13 437 351 400 400 2014 7 4 16 37 16 4 186
31 70 53 41.249 -122.15 437 351 400 400 2014 7 4 16 38 6 4 186
31 70 53 41.369 -122.18 435 351 400 400 2014 7 4 16 39 6 3 141
31 70 53 41.491 -122.2 435 352 400 400 2014 7 4 16 40 7 3 141
31 70 53 41.614 -122.23 444 351 400 400 2014 7 4 16 41 15 3 141
31 70 53 41.738 -122.25 446 351 400 400 2014 7 4 16 42 16 3 141
31 70 53 41.864 -122.28 449 351 400 400 2014 7 4 16 43 6 3 141
31 70 53 42.013 -122.31 449 351 400 400 2014 7 4 16 44 16 3 141
31 70 53 42.137 -122.33 447 350 400 400 2014 7 4 16 45 6 3 141
31 70 53 42.26 -122.36 443 351 400 400 2014 7 4 16 46 15 3 141
31 70 53 42.335 -122.37 444 350 400 400 2014 7 4 16 47 6 3 141
31 70 53 42.483 -122.4 446 352 400 400 2014 7 4 16 48 6 3 141
31 70 53 42.607 -122.42 450 352 400 400 2014 7 4 16 49 15 3 141
31 70 53 42.729 -122.45 447 351 400 400 2014 7 4 16 50 6 3 141
31 70 53 42.844 -122.47 449 351 400 400 2014 7 4 16 51 6 3 141
31 70 53 42.966 -122.5 446 351 400 400 2014 7 4 16 52 6 3 141
31 70 53 43.088 -122.53 448 351 400 400 2014 7 4 16 53 15 3 140
31 70 53 43.21 -122.55 449 351 400 400 2014 7 4 16 54 16 3 140
31 70 53 43.332 -122.58 446 351 400 400 2014 7 4 16 55 6 3 140
31 70 53 43.478 -122.61 443 351 400 400 2014 7 4 16 56 6 3 136
31 70 53 43.597 -122.63 442 351 398 400 2014 7 4 16 57 16 3 136
31 70 53 43.715 -122.66 431 351 375 400 2014 7 4 16 58 16 3 136
31 70 53 43.832 -122.68 430 351 347 400 2014 7 4 16 59 15 3 136
31 70 53 43.952 -122.71 434 351 316 400 2014 7 4 17 0 6 3 136
31 70 53 44.071 -122.73 434 350 316 400 2014 7 4 17 1 6 3 136
31 70 53 44.184 -122.75 421 351 270 400 2014 7 4 17 2 6 3 136
31 70 53 44.296 -122.74 411 352 247 400 2014 7 4 17 3 6 3 136
31 70 53 44.404 -122.73 409 359 225 400 2014 7 4 17 4 6 3 130
31 70 53 44.534 -122.72 400 4 199 400 2014 7 4 17 5 15 3 130
31 70 53 44.64 -122.7 388 3 181 400 2014 7 4 17 6 15 3 130
31 70 53 44.742 -122.7 377 4 161 400 2014 7 4 17 7 16 3 130
31 70 53 44.842 -122.69 370 4 141 400 2014 7 4 17 8 6 3 130
31 70 53 44.968 -122.67 347 4 122 400 2014 7 4 17 9 15 3 130
31 70 53 45.038 -122.66 328 3 109 400 2014 7 4 17 10 16 3 112
31 70 53 45.138 -122.65 310 4 94 400 2014 7 4 17 11 16 3 112
31 70 53 45.212 -122.65 296 4 81 400 2014 7 4 17 12 16 3 112
31 70 53 45.275 -122.58 278 35 68 400 2014 7 4 17 13 7 3 112
31 70 53 45.334 -122.51 284 39 53 400 2014 7 4 17 14 16 3 112
31 70 53 45.402 -122.46 278 39 40 400 2014 7 4 17 15 8 3 112
31 70 53 45.467 -122.42 243 27 36 400 2014 7 4 17 16 6 3 112
31 70 53 45.517 -122.43 200 26 24 400 2014 7 4 17 17 15 3 112
31 70 53 45.518 -122.43 198 349 23 400 2014 7 4 17 18 6 3 112
31 70 53 45.543 -122.49 178 301 15 400 2014 7 4 17 19 6 3 112
31 70 53 45.582 -122.59 139 298 400 400 2014 7 4 17 20 16 3 135
31 70 53 45.582 -122.59 139 298 400 400 2014 7 4 17 21 6 3 135
31 70 53 45.595 -122.63 135 298 400 400 2014 7 4 17 22 16 3 135
32 70 53 38.667 -121.6 162 0 12 400 2014 7 4 15 8 6 4 153
32 70 53 38.701 -121.66 226 207 32 400 2014 7 4 15 9 15 4 153
32 70 53 38.761 -121.68 226 342 32 400 2014 7 4 15 10 15 4 153
32 70 53 38.774 -121.66 262 326 50 400 2014 7 4 15 11 15 4 153
32 70 53 38.859 -121.67 293 337 86 400 2014 7 4 15 12 18 4 153
32 70 53 38.968 -121.68 321 356 120 400 2014 7 4 15 13 6 4 175
32 70 53 39.166 -121.76 373 336 183 400 2014 7 4 15 14 15 4 175
32 70 53 39.166 -121.76 373 336 183 400 2014 7 4 15 15 6 4 175
32 70 53 39.267 -121.81 388 338 209 400 2014 7 4 15 16 6 4 175
32 70 53 39.455 -121.91 404 338 254 400 2014 7 4 15 17 6 4 186
32 70 53 39.566 -121.96 421 339 274 400 2014 7 4 15 18 6 4 186
32 70 53 39.679 -122.02 432 338 295 400 2014 7 4 15 19 15 4 186
32 70 53 39.701 -122.03 434 338 298 400 2014 7 4 15 20 6 4 186
32 70 53 39.818 -122.09 446 338 317 400 2014 7 4 15 21 15 4 186
32 70 53 40.024 -122.2 442 338 354 400 2014 7 4 15 22 16 4 186
32 70 53 40.046 -122.21 443 338 358 400 2014 7 4 15 23 6 4 186
32 70 53 40.169 -122.26 445 341 371 400 2014 7 4 15 24 6 4 186
32 70 53 40.4 -122.29 434 353 400 400 2014 7 4 15 25 15 4 186
32 70 53 40.424 -122.29 436 355 400 400 2014 7 4 15 26 6 4 186
32 70 53 40.639 -122.32 433 354 400 400 2014 7 4 15 27 15 4 186
32 70 53 40.664 -122.32 435 354 400 400 2014 7 4 15 28 6 4 186
32 70 53 40.784 -122.33 434 354 400 400 2014 7 4 15 29 16 4 186
32 70 53 40.929 -122.35 436 355 400 400 2014 7 4 15 30 6 4 186
32 70 53 41.05 -122.36 434 354 400 400 2014 7 4 15 31 6 4 186
32 70 53 41.171 -122.38 439 354 400 400 2014 7 4 15 32 6 4 186
32 70 53 41.292 -122.4 439 355 400 400 2014 7 4 15 33 6 4 186
32 70 53 41.408 -122.41 432 354 400 400 2014 7 4 15 34 16 3 141
32 70 53 41.53 -122.42 433 354 400 400 2014 7 4 15 35 15 3 141
32 70 53 41.653 -122.44 439 355 400 400 2014 7 4 15 36 6 3 140
32 70 53 41.782 -122.46 455 354 400 400 2014 7 4 15 37 6 3 140
32 70 53 41.909 -122.47 456 354 400 400 2014 7 4 15 38 16 3 140
32 70 53 42.038 -122.49 457 355 400 400 2014 7 4 15 39 6 3 140
32 70 53 42.168 -122.5 462 355 400 400 2014 7 4 15 40 15 3 140
32 70 53 42.296 -122.52 462 354 400 400 2014 7 4 15 41 6 3 140
32 70 53 42.4 -122.53 462 354 400 400 2014 7 4 15 42 6 3 140
32 70 53 42.527 -122.54 459 354 400 400 2014 7 4 15 43 6 3 140
32 70 53 42.652 -122.56 453 355 400 400 2014 7 4 15 44 15 3 140
32 70 53 42.784 -122.58 452 354 400 400 2014 7 4 15 45 6 3 140
32 70 53 42.909 -122.59 451 354 400 400 2014 7 4 15 46 16 3 140
32 70 53 43.034 -122.61 454 354 400 400 2014 7 4 15 47 16 3 140
32 70 53 43.161 -122.62 455 354 400 400 2014 7 4 15 48 6 3 140
32 70 53 43.285 -122.64 453 354 400 400 2014 7 4 15 49 16 3 140
32 70 53 43.41 -122.66 450 354 400 400 2014 7 4 15 50 6 3 140
32 70 53 43.537 -122.66 456 354 397 400 2014 7 4 15 51 6 3 136
32 70 53 43.663 -122.66 454 356 371 400 2014 7 4 15 52 16 3 136
32 70 53 43.787 -122.66 451 359 340 400 2014 7 4 15 53 6 3 136
32 70 53 43.912 -122.66 450 359 316 400 2014 7 4 15 54 15 3 136
32 70 53 44.037 -122.66 451 359 293 400 2014 7 4 15 55 6 3 136
32 70 53 44.161 -122.66 450 359 268 400 2014 7 4 15 56 15 3 136
32 70 53 44.283 -122.66 447 359 245 400 2014 7 4 15 57 6 3 136
32 70 53 44.411 -122.67 427 359 219 400 2014 7 4 15 58 6 3 130
32 70 53 44.524 -122.67 416 359 196 400 2014 7 4 15 59 16 3 130
32 70 53 44.69 -122.67 391 359 164 400 2014 7 4 16 0 6 3 130
32 70 53 44.741 -122.67 392 359 152 400 2014 7 4 16 1 15 3 130
32 70 53 44.845 -122.67 383 359 130 400 2014 7 4 16 2 15 3 130
32 70 53 44.961 -122.67 356 0 118 400 2014 7 4 16 3 6 3 130
32 70 53 45.05 -122.66 316 2 104 400 2014 7 4 16 4 6 3 112
32 70 53 45.134 -122.65 305 3 92 400 2014 7 4 16 5 15 3 112
32 70 53 45.211 -122.64 285 4 78 400 2014 7 4 16 6 6 3 112
32 70 53 45.281 -122.58 269 26 65 400 2014 7 4 16 7 6 3 112
32 70 53 45.341 -122.53 243 29 51 400 2014 7 4 16 8 6 3 112
32 70 53 45.392 -122.49 214 29 40 400 2014 7 4 16 9 6 3 112
32 70 53 45.441 -122.45 204 29 30 400 2014 7 4 16 10 6 3 112
32 70 53 45.494 -122.41 201 27 29 400 2014 7 4 16 11 6 3 112
32 70 53 45.531 -122.46 184 9 21 400 2014 7 4 16 12 15 3 112
32 70 53 45.551 -122.51 152 306 12 400 2014 7 4 16 13 15 3 112
32 70 53 45.569 -122.55 140 297 5 400 2014 7 4 16 14 6 3 112
32 70 53 45.578 -122.58 134 298 1 400 2014 7 4 16 15 16 3 112
32 70 53 45.588 -122.6 139 299 400 400 2014 7 4 16 16 6 3 135
33 70 53 38.683 -121.57 206 0 21 380 2014 7 4 1 31 7 4 153
33 70 53 38.736 -121.53 230 359 33 380 2014 7 4 1 32 6 4 153
33 70 53 38.81 -121.55 293 30 63 380 2014 7 4 1 33 6 4 153
33 70 53 38.886 -121.59 295 349 97 380 2014 7 4 1 34 7 4 175
33 70 53 38.972 -121.63 337 338 117 380 2014 7 4 1 35 6 4 175
33 70 53 39.069 -121.68 371 338 149 380 2014 7 4 1 36 6 4 175
33 70 53 39.012 -121.79 371 236 149 380 2014 7 4 1 37 6 4 175
33 70 53 39.269 -121.79 386 337 206 380 2014 7 4 1 38 6 4 175
33 70 53 39.393 -121.86 401 336 234 380 2014 7 4 1 39 15 4 175
33 70 53 39.482 -121.9 416 338 252 380 2014 7 4 1 40 6 4 186
33 70 53 39.617 -121.95 430 337 276 380 2014 7 4 1 41 6 4 186
33 70 53 39.736 -121.97 437 352 293 380 2014 7 4 1 42 16 4 186
33 70 53 39.86 -122 447 353 312 380 2014 7 4 1 43 6 4 186
33 70 53 39.861 -122 446 352 312 380 2014 7 4 1 44 6 4 186
33 70 53 39.981 -122.02 447 352 334 380 2014 7 4 1 45 6 4 186
33 70 53 40.122 -122.04 434 353 355 380 2014 7 4 1 46 6 4 186
33 70 53 40.215 -122.05 434 352 367 380 2014 7 4 1 47 6 4 186
33 70 53 40.469 -122.1 425 352 380 380 2014 7 4 1 48 15 4 186
33 70 53 40.468 -122.1 423 352 380 380 2014 7 4 1 49 6 4 186
33 70 53 40.585 -122.12 426 352 380 380 2014 7 4 1 50 6 4 186
33 70 53 40.701 -122.13 424 352 380 380 2014 7 4 1 51 6 4 186
33 70 53 40.817 -122.16 423 352 380 380 2014 7 4 1 52 6 4 186
33 70 53 40.956 -122.18 422 352 380 380 2014 7 4 1 53 6 4 186
33 70 53 41.072 -122.2 422 352 380 380 2014 7 4 1 54 10 4 186
33 70 53 41.165 -122.22 422 352 380 380 2014 7 4 1 55 15 4 186
33 70 53 41.306 -122.24 423 352 380 380 2014 7 4 1 56 6 3 141
33 70 53 41.429 -122.26 422 352 380 380 2014 7 4 1 57 6 3 141
33 70 53 41.547 -122.28 425 352 380 380 2014 7 4 1 58 16 3 141
33 70 53 41.666 -122.3 426 353 380 380 2014 7 4 1 59 6 3 141
33 70 53 41.784 -122.32 426 352 380 380 2014 7 4 2 0 6 3 141
33 70 53 41.903 -122.35 426 352 380 380 2014 7 4 2 1 6 3 141
33 70 53 42.023 -122.37 427 352 380 380 2014 7 4 2 2 6 3 141
33 70 53 42.143 -122.39 430 353 380 380 2014 7 4 2 3 6 3 141
33 70 53 42.262 -122.41 429 352 380 380 2014 7 4 2 4 6 3 141
33 70 53 42.359 -122.42 432 352 380 380 2014 7 4 2 5 6 3 141
33 70 53 42.477 -122.44 431 352 380 380 2014 7 4 2 6 6 3 141
33 70 53 42.596 -122.47 431 352 380 380 2014 7 4 2 7 16 3 141
33 70 53 42.738 -122.49 430 352 380 380 2014 7 4 2 8 8 3 141
33 70 53 42.838 -122.51 429 352 380 380 2014 7 4 2 9 6 3 140
33 70 53 42.955 -122.53 428 352 380 380 2014 7 4 2 10 6 3 140
33 70 53 43.097 -122.56 429 352 380 380 2014 7 4 2 11 6 3 140
33 70 53 43.215 -122.58 429 352 380 380 2014 7 4 2 12 6 3 140
33 70 53 43.336 -122.6 431 352 380 380 2014 7 4 2 13 6 3 140
33 70 53 43.454 -122.62 431 352 380 380 2014 7 4 2 14 15 3 140
33 70 53 43.574 -122.64 434 352 380 380 2014 7 4 2 15 6 3 136
33 70 53 43.693 -122.67 437 352 363 380 2014 7 4 2 16 6 3 136
33 70 53 43.81 -122.69 430 352 333 380 2014 7 4 2 17 16 3 136
33 70 53 43.93 -122.71 434 352 306 380 2014 7 4 2 18 15 3 136
33 70 53 44.047 -122.73 432 352 283 380 2014 7 4 2 19 6 3 136
33 70 53 44.162 -122.75 418 352 261 380 2014 7 4 2 20 16 3 136
33 70 53 44.275 -122.74 413 352 239 380 2014 7 4 2 21 6 3 130
33 70 53 44.409 -122.73 411 0 209 380 2014 7 4 2 22 16 3 130
33 70 53 44.52 -122.72 405 4 189 380 2014 7 4 2 23 16 3 130
33 70 53 44.628 -122.71 396 3 174 380 2014 7 4 2 24 16 3 130
33 70 53 44.729 -122.7 383 3 155 380 2014 7 4 2 25 16 3 130
33 70 53 44.826 -122.69 365 5 137 380 2014 7 4 2 26 6 3 130
33 70 53 44.922 -122.68 356 3 119 380 2014 7 4 2 27 6 3 130
33 70 53 45.024 -122.66 324 3 107 380 2014 7 4 2 28 6 3 112
33 70 53 45.109 -122.66 309 4 95 380 2014 7 4 2 29 6 3 112
33 70 53 45.191 -122.65 300 3 82 380 2014 7 4 2 30 6 3 112
33 70 53 45.273 -122.62 287 9 67 380 2014 7 4 2 31 6 3 112
33 70 53 45.339 -122.56 284 32 58 380 2014 7 4 2 32 6 3 112
33 70 53 45.418 -122.57 284 354 58 380 2014 7 4 2 33 6 3 112
33 70 53 45.39 -122.4 233 86 50 380 2014 7 4 2 34 6 3 112
33 70 53 45.435 -122.37 202 26 40 380 2014 7 4 2 35 16 3 112
33 70 53 45.478 -122.4 186 330 33 380 2014 7 4 2 36 6 3 112
33 70 53 45.517 -122.44 173 320 23 380 2014 7 4 2 37 16 3 112
33 70 53 45.541 -122.49 133 321 16 380 2014 7 4 2 38 7 3 112
33 70 53 45.562 -122.54 133 299 8 380 2014 7 4 2 39 15 3 112
33 70 53 45.562 -122.54 133 299 8 380 2014 7 4 2 40 6 3 112
33 70 53 45.587 -122.6 118 298 380 380 2014 7 4 2 41 6 3 135
34 70 53 38.683 -121.57 136 0 14 240 2014 7 4 0 46 6 4 153
34 70 53 38.717 -121.53 178 122 27 240 2014 7 4 0 47 6 4 153
34 70 53 38.766 -121.51 220 25 40 240 2014 7 4 0 48 6 4 153
34 70 53 38.831 -121.54 249 20 56 240 2014 7 4 0 49 6 4 153
34 70 53 38.898 -121.58 256 340 72 240 2014 7 4 0 50 6 4 153
34 70 53 38.966 -121.61 267 338 85 240 2014 7 4 0 51 6 4 153
34 70 53 39.039 -121.65 277 336 99 240 2014 7 4 0 52 6 4 175
34 70 53 39.112 -121.69 284 338 111 240 2014 7 4 0 53 6 4 175
34 70 53 39.189 -121.73 296 336 123 240 2014 7 4 0 54 6 4 175
34 70 53 39.264 -121.78 296 337 135 240 2014 7 4 0 55 6 4 175
34 70 53 39.342 -121.82 298 336 147 240 2014 7 4 0 56 6 4 175
34 70 53 39.441 -121.83 298 350 161 240 2014 7 4 0 57 6 4 163
34 70 53 39.511 -121.84 297 351 170 240 2014 7 4 0 58 15 4 163
34 70 53 39.606 -121.86 292 352 185 240 2014 7 4 0 59 6 4 163
34 70 53 39.683 -121.88 285 352 194 240 2014 7 4 1 0 6 4 163
34 70 53 39.761 -121.89 284 352 202 240 2014 7 4 1 1 7 4 163
34 70 53 39.839 -121.9 284 351 210 240 2014 7 4 1 2 16 4 163
34 70 53 39.919 -121.92 290 351 217 240 2014 7 4 1 3 6 4 163
34 70 53 39.998 -121.93 290 352 224 240 2014 7 4 1 4 6 4 163
34 70 53 40.094 -121.95 291 352 232 240 2014 7 4 1 5 6 4 163
34 70 53 40.174 -121.96 291 351 238 240 2014 7 4 1 6 6 4 163
34 70 53 40.255 -121.98 293 351 240 240 2014 7 4 1 7 6 4 186
34 70 53 40.343 -122 316 352 240 240 2014 7 4 1 8 6 4 186
34 70 53 40.432 -122.01 326 351 240 240 2014 7 4 1 9 6 4 186
34 70 53 40.505 -122.03 326 351 240 240 2014 7 4 1 10 13 4 186
34 70 53 40.631 -122.05 332 351 240 240 2014 7 4 1 11 6 4 186
34 70 53 40.687 -122.07 328 352 240 240 2014 7 4 1 12 6 4 186
34 70 53 40.779 -122.08 331 351 240 240 2014 7 4 1 13 6 4 186
34 70 53 40.869 -122.1 331 351 240 240 2014 7 4 1 14 6 4 186
34 70 53 40.98 -122.12 334 351 240 240 2014 7 4 1 15 6 4 186
34 70 53 41.071 -122.14 334 351 240 240 2014 7 4 1 16 6 4 186
34 70 53 41.163 -122.16 335 351 240 240 2014 7 4 1 17 6 4 186
34 70 53 41.254 -122.17 334 350 240 240 2014 7 4 1 18 6 4 186
34 70 53 41.345 -122.19 333 351 240 240 2014 7 4 1 19 16 3 141
34 70 53 41.439 -122.21 333 352 240 240 2014 7 4 1 20 6 3 141
34 70 53 41.53 -122.23 332 352 240 240 2014 7 4 1 21 6 3 141
34 70 53 41.62 -122.24 331 352 240 240 2014 7 4 1 22 6 3 141
34 70 53 41.711 -122.26 331 351 240 240 2014 7 4 1 23 6 3 141
34 70 53 41.747 -122.27 329 350 240 240 2014 7 4 1 24 6 3 141
34 70 53 41.893 -122.3 331 351 240 240 2014 7 4 1 25 6 3 141
34 70 53 41.93 -122.3 329 351 240 240 2014 7 4 1 26 6 3 141
34 70 53 42.077 -122.33 331 352 240 240 2014 7 4 1 27 6 3 141
34 70 53 42.114 -122.34 329 351 240 240 2014 7 4 1 28 6 3 141
34 70 53 42.262 -122.37 332 350 240 240 2014 7 4 1 29 6 3 141
34 70 53 42.354 -122.38 332 351 240 240 2014 7 4 1 30 6 3 141
34 70 53 42.445 -122.4 332 351 240 240 2014 7 4 1 31 7 3 141
34 70 53 42.463 -122.41 330 351 240 240 2014 7 4 1 32 6 3 141
34 70 53 42.554 -122.42 330 352 240 240 2014 7 4 1 33 6 3 141
34 70 53 42.645 -122.44 330 351 240 240 2014 7 4 1 34 7 3 141
34 70 53 42.831 -122.48 330 351 240 240 2014 7 4 1 35 6 3 141
34 70 53 42.921 -122.5 330 351 240 240 2014 7 4 1 36 6 3 141
34 70 53 42.924 -122.5 333 351 240 240 2014 7 4 1 37 6 3 141
34 70 53 43.017 -122.52 335 351 240 240 2014 7 4 1 38 6 3 141
34 70 53 43.11 -122.54 335 351 240 240 2014 7 4 1 39 15 3 140
34 70 53 43.203 -122.56 334 351 240 240 2014 7 4 1 40 6 3 140
34 70 53 43.297 -122.58 336 351 240 240 2014 7 4 1 41 6 3 140
34 70 53 43.389 -122.59 334 351 240 240 2014 7 4 1 42 16 3 140
34 70 53 43.481 -122.61 334 351 240 240 2014 7 4 1 43 6 3 136
34 70 53 43.575 -122.63 338 351 240 240 2014 7 4 1 44 6 3 136
34 70 53 43.632 -122.72 307 351 240 240 2014 7 4 1 45 6 3 136
34 70 53 43.714 -122.78 314 333 240 240 2014 7 4 1 46 6 3 136
34 70 53 43.803 -122.77 319 335 240 240 2014 7 4 1 47 6 3 136
34 70 53 43.894 -122.77 321 346 240 240 2014 7 4 1 48 15 3 136
34 70 53 43.985 -122.76 326 2 240 240 2014 7 4 1 49 6 3 136
34 70 53 44.078 -122.76 331 2 240 240 2014 7 4 1 50 6 3 136
34 70 53 44.171 -122.75 331 2 240 240 2014 7 4 1 51 6 3 136
34 70 53 44.265 -122.74 336 2 240 240 2014 7 4 1 52 6 3 136
34 70 53 44.363 -122.73 340 3 234 240 2014 7 4 1 53 6 3 130
34 70 53 44.526 -122.72 380 3 209 240 2014 7 4 1 54 10 3 130
34 70 53 44.654 -122.71 394 3 191 240 2014 7 4 1 55 15 3 130
34 70 53 44.752 -122.7 383 4 177 240 2014 7 4 1 56 6 3 130
34 70 53 44.855 -122.68 371 3 159 240 2014 7 4 1 57 6 3 130
34 70 53 44.949 -122.68 339 4 140 240 2014 7 4 1 58 16 3 130
34 70 53 44.999 -122.67 339 3 131 240 2014 7 4 1 59 6 3 112
34 70 53 45.084 -122.64 322 6 113 240 2014 7 4 2 0 6 3 112
34 70 53 45.17 -122.58 316 22 94 240 2014 7 4 2 1 6 3 112
34 70 53 45.285 -122.53 279 21 66 240 2014 7 4 2 2 6 3 112
34 70 53 45.355 -122.5 261 17 52 240 2014 7 4 2 3 6 3 112
34 70 53 45.385 -122.48 255 16 47 240 2014 7 4 2 4 6 3 112
34 70 53 45.443 -122.45 213 21 36 240 2014 7 4 2 5 6 3 112
34 70 53 45.498 -122.42 208 21 25 240 2014 7 4 2 6 6 3 112
34 70 53 45.532 -122.46 161 352 18 240 2014 7 4 2 7 16 3 112
34 70 53 45.55 -122.5 136 299 13 240 2014 7 4 2 8 8 3 112
34 70 53 45.566 -122.55 114 301 7 240 2014 7 4 2 9 6 3 112
34 70 53 45.581 -122.58 114 299 240 240 2014 7 4 2 10 6 3 135
34 70 53 45.611 -122.6 130 299 240 240 2014 7 4 2 11 6 3 135
36 70 53 38.682 -121.55 184 110 15 240 2014 7 4 16 34 16 4 153
36 70 53 38.738 -121.51 225 27 32 240 2014 7 4 16 35 15 4 153
36 70 53 38.804 -121.53 259 348 46 240 2014 7 4 16 36 6 4 153
36 70 53 38.876 -121.57 278 342 61 240 2014 7 4 16 37 16 4 153
36 70 53 38.951 -121.61 287 337 76 240 2014 7 4 16 38 6 4 153
36 70 53 39.027 -121.65 290 336 89 240 2014 7 4 16 39 6 4 153
36 70 53 39.107 -121.69 307 337 102 240 2014 7 4 16 40 7 4 175
36 70 53 39.186 -121.73 307 337 117 240 2014 7 4 16 41 15 4 175
36 70 53 39.262 -121.77 300 337 130 240 2014 7 4 16 42 16 4 175
36 70 53 39.337 -121.81 298 337 143 240 2014 7 4 16 43 6 4 175
36 70 53 39.427 -121.86 295 337 157 240 2014 7 4 16 44 16 4 163
36 70 53 39.502 -121.9 291 337 168 240 2014 7 4 16 45 6 4 163
36 70 53 39.581 -121.92 291 345 177 240 2014 7 4 16 46 15 4 163
36 70 53 39.646 -121.93 292 350 184 240 2014 7 4 16 47 6 4 163
36 70 53 39.726 -121.94 292 354 193 240 2014 7 4 16 48 6 4 163
36 70 53 39.824 -121.96 294 352 203 240 2014 7 4 16 49 15 4 163
36 70 53 39.892 -121.97 299 352 209 240 2014 7 4 16 50 6 4 163
36 70 53 39.973 -121.99 299 352 217 240 2014 7 4 16 51 6 4 163
36 70 53 40.085 -122 296 352 228 240 2014 7 4 16 52 6 4 163
36 70 53 40.133 -122.01 293 353 232 240 2014 7 4 16 53 15 4 163
36 70 53 40.213 -122.03 293 352 238 240 2014 7 4 16 54 16 4 163
36 70 53 40.312 -122.04 297 352 240 240 2014 7 4 16 55 6 4 186
36 70 53 40.328 -122.05 304 352 240 240 2014 7 4 16 56 6 4 186
36 70 53 40.416 -122.06 320 352 240 240 2014 7 4 16 57 16 4 186
36 70 53 40.58 -122.09 329 350 240 240 2014 7 4 16 58 16 4 186
36 70 53 40.673 -122.11 337 353 240 240 2014 7 4 16 59 15 4 186
36 70 53 40.709 -122.11 338 351 240 240 2014 7 4 17 0 6 4 186
36 70 53 40.86 -122.14 339 352 240 240 2014 7 4 17 1 6 4 186
36 70 53 40.954 -122.16 340 352 240 240 2014 7 4 17 2 6 4 186
36 70 53 41.049 -122.18 342 352 240 240 2014 7 4 17 3 6 4 186
36 70 53 41.087 -122.18 343 352 240 240 2014 7 4 17 4 6 4 186
36 70 53 41.183 -122.2 349 352 240 240 2014 7 4 17 5 15 4 186
36 70 53 41.353 -122.23 344 352 240 240 2014 7 4 17 6 15 3 141
36 70 53 41.435 -122.24 346 353 240 240 2014 7 4 17 7 16 3 141
36 70 53 41.472 -122.25 348 352 240 240 2014 7 4 17 8 6 3 141
36 70 53 41.647 -122.28 348 352 240 240 2014 7 4 17 9 15 3 141
36 70 53 41.684 -122.29 350 352 240 240 2014 7 4 17 10 16 3 141
36 70 53 41.837 -122.32 347 352 240 240 2014 7 4 17 11 16 3 141
36 70 53 41.875 -122.33 348 349 240 240 2014 7 4 17 12 16 3 141
36 70 53 41.97 -122.36 348 349 240 240 2014 7 4 17 13 7 3 141
36 70 53 42.068 -122.38 349 350 240 240 2014 7 4 17 14 16 3 141
36 70 53 42.166 -122.4 350 352 240 240 2014 7 4 17 15 8 3 141
36 70 53 42.263 -122.41 350 353 240 240 2014 7 4 17 16 6 3 141
36 70 53 42.322 -122.42 351 352 240 240 2014 7 4 17 17 15 3 141
36 70 53 42.419 -122.44 350 352 240 240 2014 7 4 17 18 6 3 141
36 70 53 42.516 -122.45 351 353 240 240 2014 7 4 17 19 6 3 141
36 70 53 42.612 -122.47 350 352 240 240 2014 7 4 17 20 16 3 141
36 70 53 42.708 -122.49 348 352 240 240 2014 7 4 17 21 6 3 141
36 70 53 42.801 -122.5 351 352 240 240 2014 7 4 17 22 16 3 141
36 70 53 42.917 -122.53 351 352 240 240 2014 7 4 17 23 6 3 140
36 70 53 43.013 -122.54 350 352 240 240 2014 7 4 17 24 6 3 140
36 70 53 43.109 -122.56 348 352 240 240 2014 7 4 17 25 16 3 140
36 70 53 43.206 -122.58 348 352 240 240 2014 7 4 17 26 6 3 140
36 70 53 43.301 -122.59 348 352 240 240 2014 7 4 17 27 6 3 140
36 70 53 43.397 -122.61 347 352 240 240 2014 7 4 17 28 6 3 140
36 70 53 43.492 -122.63 346 352 240 240 2014 7 4 17 29 15 3 136
36 70 53 43.589 -122.65 348 352 240 240 2014 7 4 17 30 16 3 136
36 70 53 43.685 -122.67 347 352 240 240 2014 7 4 17 31 6 3 136
36 70 53 43.78 -122.68 347 352 240 240 2014 7 4 17 32 15 3 136
36 70 53 43.876 -122.7 348 351 240 240 2014 7 4 17 33 15 3 136
36 70 53 43.992 -122.72 350 352 240 240 2014 7 4 17 34 6 3 136
36 70 53 44.089 -122.74 351 352 240 240 2014 7 4 17 35 15 3 136
36 70 53 44.185 -122.75 351 352 240 240 2014 7 4 17 36 6 3 136
36 70 53 44.285 -122.74 359 353 240 240 2014 7 4 17 37 16 3 136
36 70 53 44.376 -122.73 359 0 240 240 2014 7 4 17 38 6 3 136
36 70 53 44.498 -122.72 366 4 225 240 2014 7 4 17 39 15 3 130
36 70 53 44.603 -122.71 378 3 205 240 2014 7 4 17 40 6 3 130
36 70 53 44.709 -122.7 380 3 186 240 2014 7 4 17 41 6 3 130
36 70 53 44.8 -122.69 388 4 170 240 2014 7 4 17 42 16 3 130
36 70 53 44.918 -122.68 378 2 147 240 2014 7 4 17 43 6 3 130
36 70 53 45.016 -122.67 330 3 128 240 2014 7 4 17 44 6 3 112
36 70 53 45.104 -122.66 321 3 111 240 2014 7 4 17 45 6 3 112
36 70 53 45.189 -122.6 307 18 93 240 2014 7 4 17 46 6 3 112
36 70 53 45.262 -122.56 296 24 75 240 2014 7 4 17 47 16 3 112
36 70 53 45.333 -122.51 280 24 56 240 2014 7 4 17 48 6 3 112
36 70 53 45.409 -122.49 264 16 35 240 2014 7 4 17 49 6 3 112
36 70 53 45.475 -122.47 244 12 25 240 2014 7 4 17 50 16 3 112
36 70 53 45.505 -122.47 234 9 22 240 2014 7 4 17 51 6 3 112
36 70 53 45.559 -122.53 152 329 9 240 2014 7 4 17 52 6 3 112
36 70 53 45.576 -122.57 124 299 2 240 2014 7 4 17 53 6 3 112
36 70 53 45.588 -122.61 119 298 240 240 2014 7 4 17 54 15 3 135
38 70 53 38.683 -121.57 165 0 11 240 2014 7 4 20 2 6 4 153
38 70 53 38.726 -121.59 165 340 11 240 2014 7 4 20 3 15 4 153
38 70 53 38.785 -121.58 248 56 39 240 2014 7 4 20 4 15 4 153
38 70 53 38.858 -121.62 277 338 54 240 2014 7 4 20 5 16 4 153
38 70 53 38.858 -121.62 277 338 54 240 2014 7 4 20 6 6 4 153
38 70 53 38.936 -121.65 295 338 68 240 2014 7 4 20 7 16 4 153
38 70 53 39.015 -121.69 299 340 84 240 2014 7 4 20 8 16 4 153
38 70 53 39.176 -121.77 298 339 115 240 2014 7 4 20 9 16 4 175
38 70 53 39.185 -121.77 296 340 117 240 2014 7 4 20 10 6 4 175
38 70 53 39.267 -121.78 296 351 132 240 2014 7 4 20 11 15 4 175
38 70 53 39.336 -121.79 292 353 144 240 2014 7 4 20 12 6 4 175
38 70 53 39.414 -121.81 288 350 158 240 2014 7 4 20 13 15 4 175
38 70 53 39.504 -121.83 275 352 172 240 2014 7 4 20 14 16 4 163
38 70 53 39.581 -121.84 278 352 181 240 2014 7 4 20 15 16 4 163
38 70 53 39.659 -121.85 284 352 191 240 2014 7 4 20 16 6 4 163
38 70 53 39.739 -121.87 286 351 200 240 2014 7 4 20 17 6 4 163
38 70 53 39.819 -121.88 288 352 208 240 2014 7 4 20 18 6 4 163
38 70 53 39.899 -121.9 290 351 217 240 2014 7 4 20 19 6 4 163
38 70 53 39.977 -121.91 290 351 226 240 2014 7 4 20 20 16 4 163
38 70 53 40.071 -121.93 286 352 236 240 2014 7 4 20 21 16 4 163
38 70 53 40.149 -121.95 287 351 240 240 2014 7 4 20 22 6 4 186
38 70 53 40.233 -121.96 305 352 240 240 2014 7 4 20 23 6 4 186
38 70 53 40.321 -121.98 319 350 240 240 2014 7 4 20 24 6 4 186
38 70 53 40.413 -122 333 351 240 240 2014 7 4 20 25 15 4 186
38 70 53 40.507 -122.02 340 351 240 240 2014 7 4 20 26 15 4 186
38 70 53 40.605 -122.03 351 351 240 240 2014 7 4 20 27 6 4 186
38 70 53 40.702 -122.05 353 352 240 240 2014 7 4 20 28 6 4 186
38 70 53 40.817 -122.07 352 350 240 240 2014 7 4 20 29 15 4 186
38 70 53 40.913 -122.09 352 351 240 240 2014 7 4 20 30 6 4 186
38 70 53 41.01 -122.11 352 351 240 240 2014 7 4 20 31 6 4 186
38 70 53 41.105 -122.13 352 351 240 240 2014 7 4 20 32 6 4 186
38 70 53 41.202 -122.15 352 351 240 240 2014 7 4 20 33 6 4 186
38 70 53 41.298 -122.17 352 351 240 240 2014 7 4 20 34 6 3 141
38 70 53 41.398 -122.19 351 351 240 240 2014 7 4 20 35 6 3 141
38 70 53 41.495 -122.21 351 352 240 240 2014 7 4 20 36 15 3 141
38 70 53 41.594 -122.23 352 351 240 240 2014 7 4 20 37 6 3 141
38 70 53 41.692 -122.25 354 352 240 240 2014 7 4 20 38 6 3 141
38 70 53 41.788 -122.27 354 351 240 240 2014 7 4 20 39 15 3 141
38 70 53 41.886 -122.29 353 350 240 240 2014 7 4 20 40 6 3 141
38 70 53 41.984 -122.31 353 351 240 240 2014 7 4 20 41 6 3 141
38 70 53 42.083 -122.33 354 351 240 240 2014 7 4 20 42 6 3 141
38 70 53 42.181 -122.34 354 351 240 240 2014 7 4 20 43 6 3 141
38 70 53 42.278 -122.36 352 352 240 240 2014 7 4 20 44 6 3 141
38 70 53 42.297 -122.37 352 352 240 240 2014 7 4 20 45 6 3 141
38 70 53 42.471 -122.4 351 351 240 240 2014 7 4 20 46 16 3 141
38 70 53 42.568 -122.42 353 352 240 240 2014 7 4 20 47 16 3 141
38 70 53 42.665 -122.44 352 351 240 240 2014 7 4 20 48 6 3 141
38 70 53 42.773 -122.46 355 351 240 240 2014 7 4 20 49 15 3 141
38 70 53 42.871 -122.48 356 351 240 240 2014 7 4 20 50 16 3 141
38 70 53 42.968 -122.5 355 351 240 240 2014 7 4 20 51 16 3 141
38 70 53 43.065 -122.52 355 351 240 240 2014 7 4 20 52 15 3 140
38 70 53 43.163 -122.54 355 351 240 240 2014 7 4 20 53 6 3 140
38 70 53 43.261 -122.56 356 351 240 240 2014 7 4 20 54 6 3 140
38 70 53 43.359 -122.58 356 351 240 240 2014 7 4 20 55 15 3 140
38 70 53 43.456 -122.6 356 351 240 240 2014 7 4 20 56 6 3 140
38 70 53 43.456 -122.6 357 351 240 240 2014 7 4 20 57 6 3 140
38 70 53 43.556 -122.63 360 351 240 240 2014 7 4 20 58 6 3 136
38 70 53 43.654 -122.65 362 351 240 240 2014 7 4 20 59 16 3 136
38 70 53 43.871 -122.69 360 351 240 240 2014 7 4 21 0 15 3 136
38 70 53 43.969 -122.71 360 351 240 240 2014 7 4 21 1 16 3 136
38 70 53 44.067 -122.73 359 351 240 240 2014 7 4 21 2 15 3 136
38 70 53 44.067 -122.73 359 351 240 240 2014 7 4 21 3 6 3 136
38 70 53 44.266 -122.74 367 351 240 240 2014 7 4 21 4 15 3 136
38 70 53 44.368 -122.73 367 3 240 240 2014 7 4 21 5 15 3 136
38 70 53 44.365 -122.73 369 0 239 240 2014 7 4 21 6 6 3 130
38 70 53 44.469 -122.72 371 4 229 240 2014 7 4 21 7 6 3 130
38 70 53 44.645 -122.71 388 3 197 240 2014 7 4 21 8 6 3 130
38 70 53 44.758 -122.69 376 4 177 240 2014 7 4 21 9 18 3 130
38 70 53 44.864 -122.68 386 4 157 240 2014 7 4 21 10 15 3 130
38 70 53 44.969 -122.67 384 4 137 240 2014 7 4 21 11 6 3 130
38 70 53 45.068 -122.66 348 4 118 240 2014 7 4 21 12 16 3 112
38 70 53 45.157 -122.66 316 3 101 240 2014 7 4 21 13 6 3 112
38 70 53 45.237 -122.64 286 3 86 240 2014 7 4 21 14 15 3 112
38 70 53 45.309 -122.59 262 13 69 240 2014 7 4 21 15 15 3 112
38 70 53 45.367 -122.54 244 34 57 240 2014 7 4 21 16 16 3 112
38 70 53 45.424 -122.49 242 31 44 240 2014 7 4 21 17 16 3 112
38 70 53 45.456 -122.46 243 32 38 240 2014 7 4 21 18 6 3 112
38 70 53 45.53 -122.45 179 20 21 240 2014 7 4 21 19 6 3 112
38 70 53 45.55 -122.51 140 311 13 240 2014 7 4 21 20 16 3 112
38 70 53 45.568 -122.55 112 299 6 240 2014 7 4 21 21 15 3 112
38 70 53 45.576 -122.57 120 299 3 240 2014 7 4 21 22 6 3 112
38 70 53 45.598 -122.59 125 299 240 240 2014 7 4 21 23 6 3 135
