1 70 67 38.667 -121.58 185 0 21 110 2014 7 1 4 32 15 4 153
1 70 67 38.617 -121.53 252 168 62 110 2014 7 1 4 33 6 4 153
1 70 67 38.567 -121.45 297 150 100 110 2014 7 1 4 34 15 4 175
1 70 67 38.5 -121.42 284 129 100 110 2014 7 1 4 35 6 4 175
1 70 67 38.417 -121.42 338 162 101 110 2014 7 1 4 36 6 4 172
1 70 67 38.317 -121.42 347 180 101 110 2014 7 1 4 37 15 4 172
1 70 67 38.3 -121.42 341 180 100 110 2014 7 1 4 38 15 4 172
1 70 67 38.117 -121.43 349 182 100 110 2014 7 1 4 39 6 4 172
1 70 67 38.017 -121.43 352 181 100 110 2014 7 1 4 40 6 4 152
1 70 67 37.987 -121.43 351 180 100 110 2014 7 1 4 41 6 4 152
1 70 67 37.833 -121.43 356 182 100 110 2014 7 1 4 42 6 4 177
1 70 67 37.733 -121.45 354 182 100 110 2014 7 1 4 43 15 4 152
1 70 67 37.633 -121.45 326 182 88 110 2014 7 1 4 44 16 4 152
1 70 67 37.55 -121.45 313 182 71 110 2014 7 1 4 45 16 4 152
1 70 67 37.467 -121.45 271 181 71 110 2014 7 1 4 46 6 4 152
1 70 67 37.383 -121.47 299 182 69 110 2014 7 1 4 47 6 4 152
1 70 67 37.333 -121.52 252 190 61 110 2014 7 1 4 48 16 4 152
1 70 67 37.283 -121.6 273 231 56 110 2014 7 1 4 49 15 4 154
1 70 67 37.25 -121.67 259 232 54 110 2014 7 1 4 50 16 4 154
1 70 67 37.2 -121.73 247 233 36 110 2014 7 1 4 51 6 4 154
1 70 67 37.233 -121.8 190 252 29 110 2014 7 1 4 52 6 4 154
1 70 67 37.267 -121.83 176 323 23 110 2014 7 1 4 53 6 4 154
1 70 67 37.3 -121.87 159 318 16 110 2014 7 1 4 54 16 4 154
1 70 67 37.333 -121.9 135 319 8 110 2014 7 1 4 55 15 4 154
1 70 67 37.351 -121.92 141 321 2 110 2014 7 1 4 56 6 4 154
