1 70 10 38.696 -121.59 149 0 0 370 2014 7 1 23 45 16 4 153
2 70 10 38.5 -121.25 324 149 134 370 2014 7 1 23 51 6 4 172
2 70 10 38.394 -121.02 360 134 206 370 2014 7 1 23 52 6 4 172
2 70 10 38.339 -120.91 371 121 243 370 2014 7 1 23 53 6 4 185
2 70 10 38.284 -120.8 380 119 254 370 2014 7 1 23 54 6 4 185
2 70 10 38.224 -120.68 394 121 264 370 2014 7 1 23 55 16 4 185
2 70 10 38.15 -120.52 421 122 283 370 2014 7 1 23 56 6 4 185
2 70 10 38.083 -120.39 435 122 297 370 2014 7 1 23 57 15 4 185
2 70 10 37.979 -120.29 463 139 318 370 2014 7 1 23 58 6 4 184
2 70 10 37.871 -120.2 462 145 330 370 2014 7 1 23 59 6 4 184
2 70 10 37.766 -120.12 456 149 330 370 2014 7 2 0 0 15 4 184
2 70 10 37.66 -120.04 447 147 337 370 2014 7 2 0 1 6 4 184
2 70 10 37.534 -119.94 444 147 360 370 2014 7 2 0 2 6 4 184
2 70 10 37.428 -119.86 445 147 370 370 2014 7 2 0 3 6 4 184
2 70 10 37.321 -119.77 452 147 370 370 2014 7 2 0 4 16 4 187
2 70 10 37.211 -119.68 455 147 370 370 2014 7 2 0 5 15 4 187
2 70 10 37.1 -119.6 459 148 370 370 2014 7 2 0 6 6 4 187
2 70 10 36.975 -119.59 444 174 370 370 2014 7 2 0 7 16 4 187
2 70 10 36.827 -119.6 442 180 370 370 2014 7 2 0 8 15 4 187
2 70 10 36.703 -119.6 444 180 370 370 2014 7 2 0 9 6 4 187
2 70 10 36.603 -119.61 446 181 370 370 2014 7 2 0 10 6 4 187
2 70 10 36.454 -119.61 446 180 370 370 2014 7 2 0 11 6 4 187
2 70 10 36.355 -119.61 446 181 370 370 2014 7 2 0 12 6 4 187
2 70 10 36.206 -119.61 445 181 370 370 2014 7 2 0 13 15 4 187
2 70 10 36.083 -119.61 444 180 370 370 2014 7 2 0 14 6 4 187
2 70 10 35.985 -119.61 444 180 370 370 2014 7 2 0 15 6 4 0
2 70 10 35.861 -119.62 443 180 369 370 2014 7 2 0 16 6 1 54
2 70 10 35.688 -119.63 442 182 354 370 2014 7 2 0 17 16 1 54
2 70 10 35.614 -119.63 442 182 336 370 2014 7 2 0 18 16 1 54
2 70 10 35.467 -119.63 441 181 301 370 2014 7 2 0 19 6 1 54
2 70 10 35.345 -119.64 441 181 289 370 2014 7 2 0 20 16 1 54
2 70 10 35.226 -119.62 445 181 256 370 2014 7 2 0 21 6 1 54
2 70 10 35.126 -119.53 440 162 243 370 2014 7 2 0 22 16 1 54
2 70 10 35.034 -119.45 414 145 233 370 2014 7 2 0 23 16 1 25
2 70 10 34.945 -119.38 400 145 223 370 2014 7 2 0 24 15 1 25
2 70 10 34.856 -119.3 395 144 206 370 2014 7 2 0 25 6 1 25
2 70 10 34.822 -119.27 384 145 197 370 2014 7 2 0 26 6 1 25
2 70 10 34.717 -119.18 357 144 170 370 2014 7 2 0 27 6 1 25
2 70 10 34.633 -119.12 349 145 149 370 2014 7 2 0 28 6 1 25
2 70 10 34.567 -119.05 341 144 127 370 2014 7 2 0 29 6 1 25
2 70 10 34.483 -119 336 146 110 370 2014 7 2 0 30 6 1 25
2 70 10 34.417 -118.95 302 149 102 370 2014 7 2 0 31 6 1 25
2 70 10 34.352 -118.88 304 143 84 370 2014 7 2 0 32 16 1 8
2 70 10 34.283 -118.82 291 145 71 370 2014 7 2 0 33 15 1 8
2 70 10 34.215 -118.78 286 142 59 370 2014 7 2 0 34 15 1 8
2 70 10 34.161 -118.73 255 151 55 370 2014 7 2 0 35 15 1 8
2 70 10 34.183 -118.66 230 73 41 370 2014 7 2 0 36 6 1 8
2 70 10 34.2 -118.6 204 68 40 370 2014 7 2 0 37 6 1 8
2 70 10 34.2 -118.54 189 89 36 370 2014 7 2 0 38 16 1 8
2 70 10 34.201 -118.48 183 89 29 370 2014 7 2 0 39 15 1 8
2 70 10 34.2 -118.45 138 90 21 370 2014 7 2 0 40 6 1 8
2 70 10 34.199 -118.39 134 88 12 370 2014 7 2 0 41 6 1 8
2 70 10 34.197 -118.35 133 91 8 370 2014 7 2 0 42 16 1 8
3 70 10 38.65 -121.57 188 0 21 370 2014 7 1 2 0 6 4 153
3 70 10 38.638 -121.54 192 157 27 370 2014 7 1 2 1 6 4 153
3 70 10 38.599 -121.46 243 145 45 370 2014 7 1 2 2 6 4 153
3 70 10 38.557 -121.37 281 121 79 370 2014 7 1 2 3 6 4 153
3 70 10 38.514 -121.28 292 124 108 370 2014 7 1 2 4 16 4 172
3 70 10 38.464 -121.17 348 120 125 370 2014 7 1 2 5 6 4 172
3 70 10 38.404 -121.05 366 120 159 370 2014 7 1 2 6 6 4 172
3 70 10 38.348 -120.93 381 121 190 370 2014 7 1 2 7 6 4 172
3 70 10 38.26 -120.85 401 121 220 370 2014 7 1 2 8 6 4 172
3 70 10 38.154 -120.79 409 132 242 370 2014 7 1 2 9 6 4 185
3 70 10 38.042 -120.73 428 150 264 370 2014 7 1 2 10 16 4 185
3 70 10 37.927 -120.66 448 158 285 370 2014 7 1 2 11 6 4 184
3 70 10 37.809 -120.6 457 155 303 370 2014 7 1 2 12 6 4 184
3 70 10 37.692 -120.53 462 155 330 370 2014 7 1 2 13 6 4 184
3 70 10 37.577 -120.47 453 155 348 370 2014 7 1 2 14 16 4 184
3 70 10 37.461 -120.41 453 156 350 370 2014 7 1 2 15 6 4 184
3 70 10 37.33 -120.34 455 155 350 370 2014 7 1 2 16 6 4 187
3 70 10 37.214 -120.27 456 156 350 370 2014 7 1 2 17 6 4 187
3 70 10 37.099 -120.21 453 156 350 350 2014 7 1 2 18 6 4 187
3 70 10 36.983 -120.15 453 156 350 350 2014 7 1 2 19 6 4 187
3 70 10 36.868 -120.09 453 155 350 350 2014 7 1 2 20 6 4 187
3 70 10 36.752 -120.02 451 157 350 350 2014 7 1 2 21 6 4 187
3 70 10 36.614 -119.95 450 156 350 350 2014 7 1 2 22 6 4 187
3 70 10 36.522 -119.9 452 156 350 350 2014 7 1 2 23 16 4 187
3 70 10 36.382 -119.83 451 158 350 350 2014 7 1 2 24 6 4 187
3 70 10 36.265 -119.76 452 156 350 350 2014 7 1 2 25 6 4 187
3 70 10 36.148 -119.7 452 156 350 350 2014 7 1 2 26 6 4 187
3 70 10 36.03 -119.64 456 156 350 350 2014 7 1 2 27 16 4 187
3 70 10 35.908 -119.62 443 171 350 350 2014 7 1 2 28 15 1 54
3 70 10 35.783 -119.62 445 181 350 350 2014 7 1 2 29 16 1 54
3 70 10 35.634 -119.63 444 182 341 350 2014 7 1 2 30 16 1 54
3 70 10 35.535 -119.63 444 182 317 350 2014 7 1 2 31 6 1 54
3 70 10 35.413 -119.64 443 181 292 350 2014 7 1 2 32 6 1 54
3 70 10 35.295 -119.64 430 181 266 350 2014 7 1 2 33 6 1 54
3 70 10 35.171 -119.57 425 181 251 350 2014 7 1 2 34 6 1 54
3 70 10 35.191 -119.59 426 154 253 350 2014 7 1 2 35 6 1 54
3 70 10 35.097 -119.51 418 145 243 350 2014 7 1 2 36 7 1 54
3 70 10 34.986 -119.41 406 144 238 350 2014 7 1 2 37 6 1 25
3 70 10 34.83 -119.28 389 144 199 350 2014 7 1 2 38 16 1 25
3 70 10 34.729 -119.19 377 145 171 350 2014 7 1 2 39 6 1 25
3 70 10 34.712 -119.18 368 145 167 350 2014 7 1 2 40 6 1 25
3 70 10 34.63 -119.11 361 147 145 350 2014 7 1 2 41 6 1 25
3 70 10 34.55 -119.04 350 146 123 350 2014 7 1 2 42 6 1 25
3 70 10 34.472 -118.98 331 140 109 350 2014 7 1 2 43 6 1 25
3 70 10 34.35 -118.85 295 149 90 350 2014 7 1 2 44 15 1 8
3 70 10 34.354 -118.84 295 125 88 350 2014 7 1 2 45 6 1 8
3 70 10 34.317 -118.76 290 115 68 350 2014 7 1 2 46 6 1 8
3 70 10 34.273 -118.66 282 115 49 350 2014 7 1 2 47 16 1 8
3 70 10 34.239 -118.58 274 115 34 350 2014 7 1 2 48 6 1 8
3 70 10 34.209 -118.51 255 121 30 350 2014 7 1 2 49 6 1 8
3 70 10 34.198 -118.45 213 106 23 350 2014 7 1 2 50 6 1 8
3 70 10 34.199 -118.41 171 89 14 350 2014 7 1 2 51 6 1 8
4 70 10 38.696 -121.59 149 0 0 370 2014 7 1 3 33 6 4 153
4 70 10 38.667 -121.58 159 149 20 370 2014 7 1 3 35 6 4 153
4 70 10 38.583 -121.47 294 142 77 370 2014 7 1 3 36 16 4 153
4 70 10 38.533 -121.38 311 132 115 370 2014 7 1 3 37 6 4 175
4 70 10 38.49 -121.31 335 127 142 370 2014 7 1 3 38 6 4 172
4 70 10 38.395 -121.08 363 121 220 370 2014 7 1 3 39 15 4 172
4 70 10 38.395 -121.08 363 121 220 370 2014 7 1 3 40 6 4 172
4 70 10 38.343 -120.95 387 118 251 370 2014 7 1 3 41 6 4 185
4 70 10 38.289 -120.82 410 118 278 370 2014 7 1 3 42 6 4 185
4 70 10 38.23 -120.69 428 119 302 370 2014 7 1 3 43 6 4 185
4 70 10 38.136 -120.59 438 137 332 370 2014 7 1 3 44 6 4 185
4 70 10 38.043 -120.5 429 143 349 370 2014 7 1 3 45 6 4 185
4 70 10 37.949 -120.41 419 142 350 370 2014 7 1 3 46 6 4 184
4 70 10 37.854 -120.32 417 142 350 350 2014 7 1 3 47 6 4 184
4 70 10 37.743 -120.21 424 144 350 350 2014 7 1 3 48 16 4 184
4 70 10 37.65 -120.12 424 141 350 350 2014 7 1 3 49 6 4 184
4 70 10 37.558 -120.03 421 142 350 350 2014 7 1 3 50 6 4 184
4 70 10 37.465 -119.94 422 142 350 350 2014 7 1 3 51 6 4 184
4 70 10 37.372 -119.85 422 143 350 350 2014 7 1 3 52 6 4 187
4 70 10 37.279 -119.76 419 141 350 350 2014 7 1 3 53 6 4 187
4 70 10 37.187 -119.67 416 142 350 350 2014 7 1 3 54 6 4 187
4 70 10 37.09 -119.59 417 147 350 350 2014 7 1 3 55 15 4 187
4 70 10 36.979 -119.6 404 180 350 350 2014 7 1 3 56 6 4 187
4 70 10 36.842 -119.6 405 181 350 350 2014 7 1 3 57 6 4 187
4 70 10 36.728 -119.6 405 180 350 350 2014 7 1 3 58 6 4 187
4 70 10 36.615 -119.6 405 180 350 350 2014 7 1 3 59 6 4 187
4 70 10 36.502 -119.61 405 181 350 350 2014 7 1 4 0 6 4 187
4 70 10 36.388 -119.61 405 181 350 350 2014 7 1 4 1 6 4 187
4 70 10 36.276 -119.61 404 180 350 350 2014 7 1 4 2 16 4 187
4 70 10 36.163 -119.61 403 180 350 350 2014 7 1 4 3 6 4 187
4 70 10 36.028 -119.61 403 180 350 350 2014 7 1 4 4 6 4 187
4 70 10 35.916 -119.62 402 180 350 350 2014 7 1 4 5 6 1 54
4 70 10 35.804 -119.62 401 181 342 350 2014 7 1 4 6 6 1 54
4 70 10 35.688 -119.63 406 181 332 350 2014 7 1 4 7 15 1 54
4 70 10 35.571 -119.6 419 173 322 350 2014 7 1 4 8 16 1 54
4 70 10 35.455 -119.58 419 170 313 350 2014 7 1 4 9 6 1 54
4 70 10 35.366 -119.54 431 170 305 350 2014 7 1 4 10 6 1 54
4 70 10 35.256 -119.47 433 157 289 350 2014 7 1 4 11 6 1 53
4 70 10 35.158 -119.42 404 155 273 350 2014 7 1 4 12 6 1 54
4 70 10 35.065 -119.37 377 155 252 350 2014 7 1 4 13 6 1 54
4 70 10 34.961 -119.31 347 155 231 350 2014 7 1 4 14 6 1 25
4 70 10 34.858 -119.31 322 180 211 350 2014 7 1 4 15 6 1 25
4 70 10 34.792 -119.31 330 186 194 350 2014 7 1 4 16 6 1 25
4 70 10 34.7 -119.22 328 137 167 350 2014 7 1 4 17 6 1 25
4 70 10 34.65 -119.15 320 134 148 350 2014 7 1 4 18 6 1 25
4 70 10 34.643 -119.15 327 135 148 350 2014 7 1 4 19 6 1 25
4 70 10 34.583 -119.08 309 143 130 350 2014 7 1 4 20 16 1 25
4 70 10 34.517 -119.02 305 138 113 350 2014 7 1 4 21 6 1 25
4 70 10 34.45 -118.97 276 148 110 350 2014 7 1 4 22 6 1 25
4 70 10 34.333 -118.87 253 146 89 350 2014 7 1 4 23 15 1 8
4 70 10 34.326 -118.85 252 140 85 350 2014 7 1 4 24 6 1 8
4 70 10 34.272 -118.79 252 132 71 350 2014 7 1 4 25 6 1 8
4 70 10 34.219 -118.74 250 140 60 350 2014 7 1 4 26 6 1 8
4 70 10 34.201 -118.67 232 121 53 350 2014 7 1 4 27 7 1 8
4 70 10 34.2 -118.55 208 89 36 350 2014 7 1 4 28 16 1 8
4 70 10 34.2 -118.48 195 91 24 350 2014 7 1 4 29 6 1 8
4 70 10 34.2 -118.43 139 91 16 350 2014 7 1 4 30 15 1 8
4 70 10 34.199 -118.41 156 89 13 350 2014 7 1 4 31 6 1 8
4 70 10 34.198 -118.37 137 89 10 350 2014 7 1 4 32 15 1 8
5 70 10 38.696 -121.59 149 0 0 370 2014 7 1 20 55 6 4 153
5 70 10 38.639 -121.53 210 194 35 370 2014 7 1 20 57 6 4 153
5 70 10 38.603 -121.46 255 141 62 370 2014 7 1 20 58 15 4 153
5 70 10 38.563 -121.38 274 120 103 370 2014 7 1 20 59 6 4 175
5 70 10 38.516 -121.28 326 131 134 370 2014 7 1 21 0 6 4 172
5 70 10 38.465 -121.17 340 121 170 370 2014 7 1 21 1 6 4 172
5 70 10 38.413 -121.06 361 121 206 370 2014 7 1 21 2 6 4 172
5 70 10 38.346 -120.92 378 121 244 370 2014 7 1 21 3 6 4 185
5 70 10 38.287 -120.8 390 121 272 370 2014 7 1 21 4 6 4 185
5 70 10 38.225 -120.68 408 131 293 370 2014 7 1 21 5 6 4 185
5 70 10 38.129 -120.58 432 122 307 370 2014 7 1 21 6 6 4 185
5 70 10 38.024 -120.49 451 143 327 370 2014 7 1 21 7 6 4 185
5 70 10 37.903 -120.44 453 166 350 370 2014 7 1 21 8 6 4 184
5 70 10 37.781 -120.4 442 158 369 370 2014 7 1 21 9 6 4 184
5 70 10 37.664 -120.34 443 161 370 370 2014 7 1 21 10 15 4 184
5 70 10 37.551 -120.29 447 162 370 370 2014 7 1 21 11 6 4 184
5 70 10 37.43 -120.24 447 158 370 370 2014 7 1 21 12 16 4 184
5 70 10 37.294 -120.18 446 163 370 370 2014 7 1 21 13 6 4 187
5 70 10 37.177 -120.12 446 159 370 370 2014 7 1 21 14 16 4 187
5 70 10 37.056 -120.08 446 159 370 370 2014 7 1 21 15 16 4 187
5 70 10 36.94 -120.02 446 161 370 370 2014 7 1 21 16 6 4 187
5 70 10 36.822 -119.97 445 160 370 370 2014 7 1 21 17 6 4 187
5 70 10 36.705 -119.92 445 160 370 370 2014 7 1 21 18 6 4 187
5 70 10 36.564 -119.86 445 160 370 370 2014 7 1 21 19 16 4 187
5 70 10 36.449 -119.81 444 161 370 370 2014 7 1 21 20 16 4 187
5 70 10 36.354 -119.77 444 161 370 370 2014 7 1 21 21 6 4 187
5 70 10 36.214 -119.71 444 161 370 370 2014 7 1 21 22 16 4 187
5 70 10 36.097 -119.66 443 161 370 370 2014 7 1 21 23 15 4 187
5 70 10 35.98 -119.62 442 160 370 370 2014 7 1 21 24 21 4 0
5 70 10 35.859 -119.62 435 163 370 370 2014 7 1 21 25 16 1 54
5 70 10 35.739 -119.62 432 180 369 370 2014 7 1 21 26 6 1 54
5 70 10 35.716 -119.62 431 181 366 370 2014 7 1 21 27 6 1 54
5 70 10 35.501 -119.63 426 181 314 370 2014 7 1 21 28 16 1 54
5 70 10 35.477 -119.63 429 182 307 370 2014 7 1 21 29 6 1 54
5 70 10 35.263 -119.64 426 181 261 370 2014 7 1 21 30 15 1 54
5 70 10 35.167 -119.57 412 174 251 370 2014 7 1 21 31 6 1 54
5 70 10 35.075 -119.49 407 146 241 370 2014 7 1 21 32 16 1 54
5 70 10 34.984 -119.41 405 145 232 370 2014 7 1 21 33 16 1 25
5 70 10 34.947 -119.38 403 144 228 370 2014 7 1 21 34 6 1 25
5 70 10 34.859 -119.3 393 145 212 370 2014 7 1 21 35 16 1 25
5 70 10 34.773 -119.23 379 145 188 370 2014 7 1 21 36 6 1 25
5 70 10 34.692 -119.16 360 145 166 370 2014 7 1 21 37 6 1 25
5 70 10 34.55 -119.05 344 145 122 370 2014 7 1 21 38 16 1 25
5 70 10 34.483 -118.98 342 145 107 370 2014 7 1 21 39 6 1 25
5 70 10 34.441 -118.96 328 140 104 370 2014 7 1 21 40 6 1 25
5 70 10 34.375 -118.89 298 153 89 370 2014 7 1 21 41 6 1 8
5 70 10 34.344 -118.81 296 125 74 370 2014 7 1 21 42 6 1 8
5 70 10 34.31 -118.72 286 111 58 370 2014 7 1 21 43 15 1 8
5 70 10 34.25 -118.58 251 114 42 370 2014 7 1 21 44 16 1 8
5 70 10 34.217 -118.53 200 122 35 370 2014 7 1 21 45 16 1 8
5 70 10 34.203 -118.5 221 128 33 370 2014 7 1 21 46 12 1 8
5 70 10 34.199 -118.45 169 111 23 370 2014 7 1 21 47 6 1 8
5 70 10 34.199 -118.41 136 89 14 370 2014 7 1 21 48 6 1 8
5 70 10 34.199 -118.36 131 89 10 370 2014 7 1 21 49 16 1 8
6 70 10 38.642 -121.55 203 194 34 370 2014 7 1 13 24 16 4 153
6 70 10 38.606 -121.48 242 151 55 370 2014 7 1 13 25 16 4 153
6 70 10 38.606 -121.48 242 151 55 370 2014 7 1 13 26 6 4 153
6 70 10 38.567 -121.39 266 121 99 370 2014 7 1 13 27 6 4 175
6 70 10 38.473 -121.2 336 121 170 370 2014 7 1 13 28 16 4 172
6 70 10 38.412 -121.11 336 131 170 370 2014 7 1 13 29 16 4 172
6 70 10 38.43 -121.1 338 124 202 370 2014 7 1 13 30 6 4 172
6 70 10 38.376 -120.99 367 120 234 370 2014 7 1 13 31 21 4 172
6 70 10 38.32 -120.87 388 120 261 370 2014 7 1 13 32 6 4 185
6 70 10 38.26 -120.75 407 121 287 370 2014 7 1 13 33 6 4 185
6 70 10 38.182 -120.64 419 121 312 370 2014 7 1 13 34 6 4 185
6 70 10 38.092 -120.55 416 136 341 370 2014 7 1 13 35 6 4 185
6 70 10 38.005 -120.47 412 144 355 370 2014 7 1 13 36 7 4 185
6 70 10 37.91 -120.38 412 142 368 370 2014 7 1 13 37 6 4 184
6 70 10 37.789 -120.25 434 145 370 370 2014 7 1 13 38 6 4 184
6 70 10 37.691 -120.16 436 141 370 370 2014 7 1 13 39 16 4 184
6 70 10 37.595 -120.07 437 141 370 370 2014 7 1 13 40 6 4 184
6 70 10 37.498 -119.97 437 141 370 370 2014 7 1 13 41 6 4 184
6 70 10 37.4 -119.88 438 142 370 370 2014 7 1 13 42 6 4 187
6 70 10 37.21 -119.7 440 142 370 370 2014 7 1 13 43 16 4 187
6 70 10 37.211 -119.7 440 142 370 370 2014 7 1 13 44 6 4 187
6 70 10 37.111 -119.6 441 144 370 370 2014 7 1 13 45 6 4 187
6 70 10 36.993 -119.6 419 176 370 370 2014 7 1 13 46 6 4 187
6 70 10 36.875 -119.6 424 181 370 370 2014 7 1 13 47 6 4 187
6 70 10 36.756 -119.6 424 179 370 370 2014 7 1 13 48 16 4 187
6 70 10 36.637 -119.6 426 181 370 370 2014 7 1 13 49 6 4 187
6 70 10 36.494 -119.61 425 181 370 370 2014 7 1 13 50 16 4 187
6 70 10 36.375 -119.61 425 180 370 370 2014 7 1 13 51 6 4 187
6 70 10 36.256 -119.61 426 180 370 370 2014 7 1 13 52 6 4 187
6 70 10 36.136 -119.61 426 181 370 370 2014 7 1 13 53 15 4 187
6 70 10 36.018 -119.61 425 180 370 370 2014 7 1 13 54 6 4 187
6 70 10 35.899 -119.62 425 181 370 370 2014 7 1 13 55 15 1 54
6 70 10 35.781 -119.62 425 182 361 370 2014 7 1 13 56 6 1 54
6 70 10 35.663 -119.63 425 181 351 370 2014 7 1 13 57 9 1 54
6 70 10 35.546 -119.63 424 181 330 370 2014 7 1 13 58 6 1 54
6 70 10 35.404 -119.64 424 181 292 370 2014 7 1 13 59 6 1 54
6 70 10 35.288 -119.64 420 181 290 370 2014 7 1 14 0 16 1 54
6 70 10 35.184 -119.58 423 162 290 370 2014 7 1 14 1 9 1 54
6 70 10 35.087 -119.5 430 145 285 370 2014 7 1 14 2 15 1 54
6 70 10 34.99 -119.41 429 144 255 370 2014 7 1 14 3 6 1 54
6 70 10 34.896 -119.33 417 145 228 370 2014 7 1 14 4 6 1 25
6 70 10 34.806 -119.26 408 144 202 370 2014 7 1 14 5 16 1 25
6 70 10 34.719 -119.18 394 145 175 370 2014 7 1 14 6 6 1 25
6 70 10 34.633 -119.12 366 145 152 370 2014 7 1 14 7 6 1 25
6 70 10 34.536 -119.03 360 140 121 370 2014 7 1 14 8 6 1 25
6 70 10 34.483 -118.98 340 144 103 370 2014 7 1 14 9 6 1 25
6 70 10 34.384 -118.92 307 151 82 370 2014 7 1 14 10 16 1 8
6 70 10 34.336 -118.84 286 132 61 370 2014 7 1 14 11 14 1 8
6 70 10 34.292 -118.77 272 121 50 370 2014 7 1 14 12 6 1 8
6 70 10 34.25 -118.7 259 125 40 370 2014 7 1 14 13 6 1 8
6 70 10 34.217 -118.63 206 126 41 370 2014 7 1 14 14 6 1 8
6 70 10 34.2 -118.58 177 123 34 370 2014 7 1 14 15 16 1 8
6 70 10 34.2 -118.53 164 101 30 370 2014 7 1 14 16 6 1 8
6 70 10 34.2 -118.48 150 91 26 370 2014 7 1 14 17 16 1 8
6 70 10 34.2 -118.43 128 90 19 370 2014 7 1 14 18 6 1 8
6 70 10 34.2 -118.4 127 92 12 370 2014 7 1 14 19 15 1 8
6 70 10 34.198 -118.38 127 89 10 370 2014 7 1 14 20 6 1 8
7 70 10 38.683 -121.6 157 0 11 370 2014 7 1 15 50 15 4 153
7 70 10 38.65 -121.55 199 210 32 370 2014 7 1 15 51 6 4 153
7 70 10 38.619 -121.51 213 136 47 370 2014 7 1 15 52 16 4 153
7 70 10 38.579 -121.42 268 131 85 370 2014 7 1 15 53 16 4 153
7 70 10 38.538 -121.34 279 125 117 370 2014 7 1 15 54 6 4 175
7 70 10 38.492 -121.24 325 121 154 370 2014 7 1 15 55 6 4 172
7 70 10 38.437 -121.12 339 120 193 370 2014 7 1 15 56 6 4 172
7 70 10 38.384 -121.01 360 124 225 370 2014 7 1 15 57 6 4 172
7 70 10 38.329 -120.89 383 125 252 370 2014 7 1 15 58 16 4 185
7 70 10 38.271 -120.77 398 121 280 370 2014 7 1 15 59 6 4 185
7 70 10 38.203 -120.66 405 121 303 370 2014 7 1 16 0 16 4 185
7 70 10 38.111 -120.57 413 124 327 370 2014 7 1 16 1 7 4 185
7 70 10 38.017 -120.47 422 142 341 370 2014 7 1 16 2 16 4 185
7 70 10 37.908 -120.41 439 149 355 370 2014 7 1 16 3 15 4 184
7 70 10 37.795 -120.36 432 163 370 370 2014 7 1 16 4 6 4 184
7 70 10 37.655 -120.3 437 160 370 370 2014 7 1 16 5 16 4 184
7 70 10 37.54 -120.25 437 160 370 370 2014 7 1 16 6 13 4 184
7 70 10 37.425 -120.21 436 161 370 370 2014 7 1 16 7 15 4 184
7 70 10 37.31 -120.16 435 159 370 370 2014 7 1 16 8 6 4 187
7 70 10 37.196 -120.11 434 162 370 370 2014 7 1 16 9 6 4 187
7 70 10 37.091 -120.07 433 161 370 370 2014 7 1 16 10 6 4 187
7 70 10 36.976 -120.02 434 161 370 370 2014 7 1 16 11 6 4 187
7 70 10 36.861 -119.97 433 162 370 370 2014 7 1 16 12 6 4 187
7 70 10 36.722 -119.92 436 162 365 330 2014 7 1 16 13 16 4 187
7 70 10 36.629 -119.88 435 162 357 330 2014 7 1 16 14 6 4 187
7 70 10 36.49 -119.82 437 163 345 330 2014 7 1 16 15 16 4 187
7 70 10 36.375 -119.78 434 161 336 330 2014 7 1 16 16 6 4 187
7 70 10 36.258 -119.73 435 161 330 330 2014 7 1 16 17 6 4 187
7 70 10 36.142 -119.68 435 161 330 330 2014 7 1 16 18 16 4 187
7 70 10 36.142 -119.68 438 161 330 330 2014 7 1 16 19 6 4 187
7 70 10 35.907 -119.62 426 162 330 330 2014 7 1 16 20 16 1 54
7 70 10 35.883 -119.62 434 174 330 330 2014 7 1 16 21 11 1 54
7 70 10 35.787 -119.62 422 181 330 330 2014 7 1 16 22 16 1 54
7 70 10 35.525 -119.63 425 181 313 330 2014 7 1 16 23 16 1 54
7 70 10 35.526 -119.63 426 181 313 330 2014 7 1 16 24 6 1 54
7 70 10 35.407 -119.64 426 182 291 330 2014 7 1 16 25 6 1 54
7 70 10 35.296 -119.64 409 181 290 330 2014 7 1 16 26 7 1 54
7 70 10 35.192 -119.59 422 157 279 330 2014 7 1 16 27 6 1 54
7 70 10 35.101 -119.51 410 145 258 330 2014 7 1 16 28 6 1 54
7 70 10 35.101 -119.51 407 145 258 330 2014 7 1 16 29 6 1 54
7 70 10 34.912 -119.35 376 145 218 330 2014 7 1 16 30 6 1 25
7 70 10 34.825 -119.27 380 144 192 330 2014 7 1 16 31 6 1 25
7 70 10 34.739 -119.2 378 145 167 330 2014 7 1 16 32 6 1 25
7 70 10 34.657 -119.13 372 145 144 330 2014 7 1 16 33 6 1 25
7 70 10 34.533 -119.03 332 145 115 330 2014 7 1 16 34 16 1 25
7 70 10 34.533 -119.03 332 145 115 330 2014 7 1 16 35 6 1 25
7 70 10 34.383 -118.92 291 160 87 330 2014 7 1 16 36 6 1 8
7 70 10 34.333 -118.85 286 139 76 330 2014 7 1 16 37 6 1 8
7 70 10 34.283 -118.8 251 140 68 330 2014 7 1 16 38 6 1 8
7 70 10 34.25 -118.73 238 131 56 330 2014 7 1 16 39 16 1 8
7 70 10 34.217 -118.67 235 113 42 330 2014 7 1 16 40 16 1 8
7 70 10 34.202 -118.61 223 121 40 330 2014 7 1 16 41 6 1 8
7 70 10 34.201 -118.55 188 106 36 330 2014 7 1 16 42 6 1 8
7 70 10 34.2 -118.53 171 90 35 330 2014 7 1 16 43 6 1 8
7 70 10 34.2 -118.46 134 89 22 330 2014 7 1 16 44 6 1 8
7 70 10 34.2 -118.4 123 91 14 330 2014 7 1 16 45 16 1 8
7 70 10 34.2 -118.4 123 91 14 330 2014 7 1 16 46 6 1 8
8 70 10 38.696 -121.59 149 0 0 370 2014 7 1 17 24 16 4 153
8 70 10 38.604 -121.48 241 152 62 370 2014 7 1 17 27 6 4 153
8 70 10 38.564 -121.39 270 135 95 370 2014 7 1 17 28 6 4 175
8 70 10 38.521 -121.3 300 119 123 370 2014 7 1 17 29 6 4 172
8 70 10 38.492 -121.19 327 121 159 370 2014 7 1 17 30 6 4 172
8 70 10 38.452 -121.07 350 126 197 370 2014 7 1 17 31 6 4 172
8 70 10 38.392 -120.97 360 110 207 370 2014 7 1 17 32 6 4 172
8 70 10 38.331 -120.86 369 119 210 370 2014 7 1 17 33 6 4 172
8 70 10 38.258 -120.73 372 126 237 370 2014 7 1 17 34 6 4 152
8 70 10 38.184 -120.63 380 126 266 370 2014 7 1 17 35 16 4 185
8 70 10 38.094 -120.55 397 136 293 370 2014 7 1 17 36 6 4 185
8 70 10 38.006 -120.47 397 143 323 370 2014 7 1 17 37 6 4 185
8 70 10 37.918 -120.38 401 144 340 370 2014 7 1 17 38 6 4 184
8 70 10 37.823 -120.29 418 143 349 370 2014 7 1 17 39 6 4 184
8 70 10 37.705 -120.24 435 156 366 370 2014 7 1 17 40 6 4 184
8 70 10 37.588 -120.2 436 165 370 370 2014 7 1 17 41 6 4 184
8 70 10 37.471 -120.16 436 163 370 370 2014 7 1 17 42 6 4 184
8 70 10 37.38 -120.12 437 162 370 370 2014 7 1 17 43 6 4 187
8 70 10 37.217 -120.06 433 163 370 370 2014 7 1 17 44 15 4 187
8 70 10 37.101 -120.02 433 163 370 370 2014 7 1 17 45 6 4 187
8 70 10 36.989 -119.98 432 164 370 370 2014 7 1 17 46 6 4 187
8 70 10 36.873 -119.94 433 163 370 370 2014 7 1 17 47 6 4 187
8 70 10 36.756 -119.89 433 162 370 370 2014 7 1 17 48 16 4 187
8 70 10 36.641 -119.85 433 164 370 370 2014 7 1 17 49 16 4 187
8 70 10 36.501 -119.8 433 164 370 370 2014 7 1 17 50 6 4 187
8 70 10 36.385 -119.76 433 163 370 370 2014 7 1 17 51 18 4 187
8 70 10 36.267 -119.72 435 162 370 370 2014 7 1 17 52 6 4 187
8 70 10 36.149 -119.68 436 164 370 370 2014 7 1 17 53 6 4 187
8 70 10 36.031 -119.63 437 163 370 370 2014 7 1 17 54 6 4 187
8 70 10 35.912 -119.62 434 170 370 370 2014 7 1 17 55 16 1 54
8 70 10 35.792 -119.62 434 181 370 370 2014 7 1 17 56 8 1 54
8 70 10 35.674 -119.63 426 181 370 370 2014 7 1 17 57 6 1 54
8 70 10 35.556 -119.63 426 181 370 370 2014 7 1 17 58 6 1 54
8 70 10 35.555 -119.63 426 181 370 370 2014 7 1 17 59 6 1 54
8 70 10 35.413 -119.64 426 182 340 370 2014 7 1 18 0 6 1 54
8 70 10 35.315 -119.64 427 181 314 370 2014 7 1 18 1 6 1 54
8 70 10 35.075 -119.49 456 161 273 370 2014 7 1 18 2 15 1 54
8 70 10 35.096 -119.5 449 144 278 370 2014 7 1 18 3 6 1 54
8 70 10 34.972 -119.4 450 145 247 370 2014 7 1 18 4 6 1 54
8 70 10 34.879 -119.32 428 145 234 370 2014 7 1 18 5 6 1 25
8 70 10 34.791 -119.25 404 144 203 370 2014 7 1 18 6 9 1 25
8 70 10 34.7 -119.17 363 145 168 370 2014 7 1 18 7 16 1 25
8 70 10 34.627 -119.11 361 145 147 370 2014 7 1 18 8 6 1 25
8 70 10 34.533 -119.03 348 145 120 370 2014 7 1 18 9 6 1 25
8 70 10 34.454 -118.97 332 141 107 370 2014 7 1 18 10 6 1 25
8 70 10 34.391 -118.9 304 140 94 370 2014 7 1 18 11 6 1 8
8 70 10 34.34 -118.83 291 132 81 370 2014 7 1 18 12 16 1 8
8 70 10 34.297 -118.76 252 132 71 370 2014 7 1 18 13 16 1 8
8 70 10 34.256 -118.7 243 121 58 370 2014 7 1 18 14 6 1 8
8 70 10 34.207 -118.62 241 132 41 370 2014 7 1 18 15 6 1 8
8 70 10 34.201 -118.56 198 106 40 370 2014 7 1 18 16 6 1 8
8 70 10 34.201 -118.51 163 89 30 370 2014 7 1 18 17 6 1 8
8 70 10 34.199 -118.46 146 89 22 370 2014 7 1 18 18 6 1 8
8 70 10 34.199 -118.42 139 89 15 370 2014 7 1 18 19 6 1 8
8 70 10 34.199 -118.37 133 89 10 370 2014 7 1 18 20 6 1 8
9 70 10 38.696 -121.59 149 0 0 370 2014 7 2 23 55 16 4 153
9 70 10 38.667 -121.58 183 149 19 370 2014 7 2 23 57 6 4 153
9 70 10 38.583 -121.43 288 132 82 370 2014 7 2 23 58 15 4 153
9 70 10 38.557 -121.37 284 125 109 370 2014 7 2 23 59 6 4 175
9 70 10 38.506 -121.26 349 120 138 370 2014 7 3 0 0 6 4 172
9 70 10 38.46 -121.15 370 120 175 370 2014 7 3 0 1 6 4 172
9 70 10 38.428 -121.02 384 118 205 370 2014 7 3 0 2 6 4 172
9 70 10 38.392 -120.88 409 108 233 370 2014 7 3 0 3 16 4 172
9 70 10 38.356 -120.74 418 108 264 370 2014 7 3 0 4 16 4 185
9 70 10 38.262 -120.6 441 129 284 370 2014 7 3 0 5 6 4 185
9 70 10 38.157 -120.51 453 143 304 370 2014 7 3 0 6 6 4 185
9 70 10 38.045 -120.44 455 149 327 370 2014 7 3 0 7 6 4 185
9 70 10 37.947 -120.4 444 163 344 370 2014 7 3 0 8 6 4 184
9 70 10 37.809 -120.34 443 164 367 370 2014 7 3 0 9 6 4 184
9 70 10 37.688 -120.3 441 160 370 370 2014 7 3 0 10 6 4 184
9 70 10 37.571 -120.25 441 161 370 370 2014 7 3 0 11 6 4 184
9 70 10 37.454 -120.2 441 162 370 370 2014 7 3 0 12 6 4 184
9 70 10 37.338 -120.16 441 160 370 370 2014 7 3 0 13 6 4 187
9 70 10 37.197 -120.1 441 162 370 370 2014 7 3 0 14 6 4 187
9 70 10 37.079 -120.05 441 161 370 370 2014 7 3 0 15 6 4 187
9 70 10 36.962 -120 443 163 370 370 2014 7 3 0 16 7 4 187
9 70 10 36.843 -119.96 442 161 370 370 2014 7 3 0 17 6 4 187
9 70 10 36.724 -119.91 447 162 370 370 2014 7 3 0 18 6 4 187
9 70 10 36.606 -119.86 446 161 370 370 2014 7 3 0 19 6 4 187
9 70 10 36.487 -119.81 446 162 370 370 2014 7 3 0 20 16 4 187
9 70 10 36.369 -119.77 446 162 370 370 2014 7 3 0 21 6 4 187
9 70 10 36.226 -119.71 445 162 370 370 2014 7 3 0 22 6 4 187
9 70 10 36.107 -119.66 445 162 370 370 2014 7 3 0 23 15 4 187
9 70 10 35.987 -119.62 447 162 370 370 2014 7 3 0 24 6 4 0
9 70 10 35.865 -119.62 438 180 370 370 2014 7 3 0 25 16 1 54
9 70 10 35.865 -119.62 438 180 370 370 2014 7 3 0 26 6 1 54
9 70 10 35.623 -119.63 432 181 345 370 2014 7 3 0 27 6 1 54
9 70 10 35.476 -119.63 432 181 306 370 2014 7 3 0 28 16 1 54
9 70 10 35.352 -119.64 438 181 289 370 2014 7 3 0 29 16 1 54
9 70 10 35.257 -119.63 439 181 276 370 2014 7 3 0 30 6 1 54
9 70 10 35.234 -119.78 439 259 276 370 2014 7 3 0 31 6 1 54
9 70 10 35.234 -119.62 439 147 271 370 2014 7 3 0 32 6 1 54
9 70 10 35.059 -119.47 428 145 254 370 2014 7 3 0 33 6 1 54
9 70 10 34.924 -119.36 424 145 221 370 2014 7 3 0 34 6 1 25
9 70 10 34.832 -119.28 406 145 198 370 2014 7 3 0 35 15 1 25
9 70 10 34.68 -119.15 382 145 157 370 2014 7 3 0 36 16 1 25
9 70 10 34.665 -119.14 364 144 155 370 2014 7 3 0 37 6 1 25
9 70 10 34.517 -119.02 338 145 113 370 2014 7 3 0 38 16 1 25
9 70 10 34.496 -119 337 140 110 370 2014 7 3 0 39 6 1 25
9 70 10 34.419 -118.94 324 146 101 370 2014 7 3 0 40 6 1 25
9 70 10 34.333 -118.82 294 127 68 370 2014 7 3 0 41 6 1 8
9 70 10 34.317 -118.79 292 125 62 370 2014 7 3 0 42 6 1 8
9 70 10 34.27 -118.72 273 125 50 370 2014 7 3 0 43 15 1 8
9 70 10 34.217 -118.64 268 132 40 370 2014 7 3 0 44 16 1 8
9 70 10 34.202 -118.57 237 121 38 370 2014 7 3 0 45 6 1 8
9 70 10 34.2 -118.49 222 89 29 370 2014 7 3 0 46 16 1 8
9 70 10 34.2 -118.43 198 89 19 370 2014 7 3 0 47 6 1 8
9 70 10 34.199 -118.39 151 89 11 370 2014 7 3 0 48 6 1 8
9 70 10 34.199 -118.35 143 91 10 370 2014 7 3 0 49 6 1 8
10 70 10 38.696 -121.59 149 0 0 370 2014 7 2 2 1 6 4 153
11 70 10 37.875 -120.33 460 128 347 370 2014 7 2 2 14 6 4 184
11 70 10 37.776 -120.24 450 142 367 370 2014 7 2 2 15 15 4 184
11 70 10 37.677 -120.14 448 142 370 370 2014 7 2 2 16 6 4 184
11 70 10 37.579 -120.05 446 142 370 370 2014 7 2 2 17 16 4 184
11 70 10 37.481 -119.95 446 142 370 370 2014 7 2 2 18 6 4 184
11 70 10 37.382 -119.86 445 140 370 370 2014 7 2 2 19 15 4 187
11 70 10 37.278 -119.79 444 151 370 370 2014 7 2 2 20 6 4 187
11 70 10 37.135 -119.77 434 172 370 370 2014 7 2 2 21 15 4 187
11 70 10 37.014 -119.75 434 172 370 370 2014 7 2 2 22 15 4 187
11 70 10 36.917 -119.73 434 175 370 370 2014 7 2 2 23 15 4 187
11 70 10 36.772 -119.72 436 173 370 370 2014 7 2 2 24 6 4 187
11 70 10 36.649 -119.7 438 173 370 370 2014 7 2 2 25 16 4 187
11 70 10 36.528 -119.68 438 174 370 370 2014 7 2 2 26 15 4 187
11 70 10 36.405 -119.67 439 174 370 370 2014 7 2 2 27 16 4 187
11 70 10 36.282 -119.65 440 173 370 370 2014 7 2 2 28 16 4 187
11 70 10 36.159 -119.64 440 174 370 370 2014 7 2 2 29 15 4 187
11 70 10 36.037 -119.62 440 174 370 370 2014 7 2 2 30 6 4 187
11 70 10 35.915 -119.62 440 177 370 370 2014 7 2 2 31 6 1 54
11 70 10 35.769 -119.62 438 181 370 370 2014 7 2 2 32 6 1 54
11 70 10 35.646 -119.63 438 182 370 370 2014 7 2 2 33 16 1 54
11 70 10 35.524 -119.63 438 181 370 370 2014 7 2 2 34 16 1 54
11 70 10 35.402 -119.64 438 181 364 370 2014 7 2 2 35 15 1 54
11 70 10 35.278 -119.64 438 181 328 370 2014 7 2 2 36 6 1 54
11 70 10 35.162 -119.56 475 150 287 370 2014 7 2 2 37 16 1 54
11 70 10 35.055 -119.47 475 145 256 370 2014 7 2 2 38 16 1 54
11 70 10 34.951 -119.38 462 145 229 370 2014 7 2 2 39 15 1 25
11 70 10 34.855 -119.3 439 145 206 370 2014 7 2 2 40 15 1 25
11 70 10 34.765 -119.22 415 145 182 370 2014 7 2 2 41 16 1 25
11 70 10 34.681 -119.15 390 145 159 370 2014 7 2 2 42 16 1 25
11 70 10 34.567 -119.07 353 145 129 370 2014 7 2 2 43 16 1 25
11 70 10 34.585 -119.07 362 148 133 370 2014 7 2 2 44 6 1 25
11 70 10 34.505 -119.01 347 146 111 370 2014 7 2 2 45 6 1 25
11 70 10 34.417 -118.93 328 135 103 370 2014 7 2 2 46 6 1 25
11 70 10 34.324 -118.78 300 125 72 370 2014 7 2 2 47 15 1 8
11 70 10 34.317 -118.77 296 129 69 370 2014 7 2 2 48 6 1 8
11 70 10 34.271 -118.71 290 129 57 370 2014 7 2 2 49 15 1 8
11 70 10 34.237 -118.61 268 115 50 370 2014 7 2 2 50 6 1 8
11 70 10 34.215 -118.54 244 103 36 370 2014 7 2 2 51 16 1 8
11 70 10 34.2 -118.48 204 111 30 370 2014 7 2 2 52 16 1 8
11 70 10 34.199 -118.44 165 89 18 370 2014 7 2 2 53 15 1 8
11 70 10 34.199 -118.39 149 89 12 370 2014 7 2 2 54 6 1 8
11 70 10 34.198 -118.34 143 90 7 370 2014 7 2 2 55 15 1 8
12 70 10 38.696 -121.59 149 0 0 370 2014 7 2 3 32 15 4 153
12 70 10 38.575 -121.41 280 148 100 370 2014 7 2 3 36 6 4 175
12 70 10 38.482 -121.21 336 136 173 370 2014 7 2 3 37 15 4 172
12 70 10 38.369 -120.98 388 120 244 370 2014 7 2 3 38 16 4 185
12 70 10 38.373 -120.98 381 121 243 370 2014 7 2 3 39 15 4 185
12 70 10 38.309 -120.85 404 119 266 370 2014 7 2 3 40 15 4 185
12 70 10 38.241 -120.72 424 121 291 370 2014 7 2 3 41 15 4 185
12 70 10 38.145 -120.61 470 136 320 370 2014 7 2 3 42 6 4 185
12 70 10 38.046 -120.5 455 143 349 370 2014 7 2 3 43 16 4 185
12 70 10 37.939 -120.45 442 160 365 370 2014 7 2 3 44 15 4 184
12 70 10 37.796 -120.38 444 160 370 370 2014 7 2 3 45 15 4 184
12 70 10 37.677 -120.33 446 161 370 370 2014 7 2 3 46 15 4 184
12 70 10 37.554 -120.29 448 159 370 370 2014 7 2 3 47 16 4 184
12 70 10 37.436 -120.24 448 161 370 370 2014 7 2 3 48 15 4 184
12 70 10 37.319 -120.19 448 160 370 370 2014 7 2 3 49 6 4 187
12 70 10 37.201 -120.13 450 161 370 370 2014 7 2 3 50 15 4 187
12 70 10 37.083 -120.08 448 160 370 370 2014 7 2 3 51 6 4 187
12 70 10 36.964 -120.03 448 161 370 370 2014 7 2 3 52 6 4 187
12 70 10 36.822 -119.97 448 161 370 350 2014 7 2 3 53 15 4 187
12 70 10 36.703 -119.92 449 161 360 350 2014 7 2 3 54 15 4 187
12 70 10 36.586 -119.87 444 160 350 350 2014 7 2 3 55 15 4 187
12 70 10 36.49 -119.83 448 161 350 350 2014 7 2 3 56 15 4 187
12 70 10 36.348 -119.77 448 161 350 350 2014 7 2 3 57 15 4 187
12 70 10 36.229 -119.72 448 161 350 350 2014 7 2 3 58 15 4 187
12 70 10 36.11 -119.67 448 161 350 350 2014 7 2 3 59 16 4 187
12 70 10 35.99 -119.62 449 162 350 350 2014 7 2 4 0 6 4 0
12 70 10 35.843 -119.62 439 178 350 350 2014 7 2 4 1 6 1 54
12 70 10 35.72 -119.62 438 181 350 350 2014 7 2 4 2 16 1 54
12 70 10 35.596 -119.63 439 182 349 350 2014 7 2 4 3 15 1 54
12 70 10 35.474 -119.63 439 181 318 350 2014 7 2 4 4 15 1 54
12 70 10 35.351 -119.64 439 181 282 350 2014 7 2 4 5 15 1 54
12 70 10 35.23 -119.62 441 177 260 350 2014 7 2 4 6 16 1 54
12 70 10 35.15 -119.55 439 171 253 350 2014 7 2 4 7 6 1 54
12 70 10 35.031 -119.45 434 145 241 350 2014 7 2 4 8 15 1 54
12 70 10 34.938 -119.37 419 145 229 350 2014 7 2 4 9 16 1 25
12 70 10 34.833 -119.28 389 145 212 350 2014 7 2 4 10 15 1 25
12 70 10 34.749 -119.21 375 144 187 350 2014 7 2 4 11 6 1 25
12 70 10 34.7 -119.17 361 145 172 350 2014 7 2 4 12 15 1 25
12 70 10 34.617 -119.1 354 146 146 350 2014 7 2 4 13 15 1 25
12 70 10 34.533 -119.03 351 145 120 350 2014 7 2 4 14 15 1 25
12 70 10 34.467 -118.98 339 145 110 350 2014 7 2 4 15 15 1 25
12 70 10 34.4 -118.9 304 144 99 350 2014 7 2 4 16 6 1 8
12 70 10 34.315 -118.78 292 125 68 350 2014 7 2 4 17 15 1 8
12 70 10 34.3 -118.75 289 129 59 350 2014 7 2 4 18 15 1 8
12 70 10 34.25 -118.68 274 129 50 350 2014 7 2 4 19 15 1 8
12 70 10 34.217 -118.62 251 127 44 350 2014 7 2 4 20 15 1 8
12 70 10 34.2 -118.53 236 99 31 350 2014 7 2 4 21 6 1 8
12 70 10 34.2 -118.47 181 99 27 350 2014 7 2 4 22 16 1 8
12 70 10 34.2 -118.42 133 91 15 350 2014 7 2 4 23 15 1 8
12 70 10 34.198 -118.39 143 89 11 350 2014 7 2 4 24 15 1 8
12 70 10 34.209 -118.34 137 89 7 350 2014 7 2 4 25 15 1 8
13 70 10 38.696 -121.59 149 0 0 370 2014 7 2 21 0 6 4 153
13 70 10 38.65 -121.53 200 149 33 370 2014 7 2 21 2 6 4 153
13 70 10 38.567 -121.38 287 127 92 370 2014 7 2 21 3 6 4 153
13 70 10 38.541 -121.32 283 125 112 370 2014 7 2 21 4 6 4 175
13 70 10 38.493 -121.22 310 121 151 370 2014 7 2 21 5 6 4 172
13 70 10 38.439 -121.11 346 119 188 370 2014 7 2 21 6 6 4 172
13 70 10 38.384 -121 366 125 219 370 2014 7 2 21 7 6 4 172
13 70 10 38.325 -120.88 388 122 246 370 2014 7 2 21 8 6 4 185
13 70 10 38.25 -120.72 416 123 277 370 2014 7 2 21 9 16 4 185
13 70 10 38.163 -120.62 436 131 290 310 2014 7 2 21 10 6 4 185
13 70 10 38.066 -120.52 435 140 310 310 2014 7 2 21 11 6 4 185
13 70 10 37.962 -120.43 438 143 310 310 2014 7 2 21 12 6 4 184
13 70 10 37.86 -120.34 438 143 310 310 2014 7 2 21 13 6 4 184
13 70 10 37.749 -120.29 445 163 310 310 2014 7 2 21 14 6 4 184
13 70 10 37.631 -120.24 442 164 310 310 2014 7 2 21 15 6 4 184
13 70 10 37.506 -120.2 444 161 310 310 2014 7 2 21 16 6 4 184
13 70 10 37.365 -120.14 444 162 310 310 2014 7 2 21 17 15 4 187
13 70 10 37.246 -120.1 444 163 310 310 2014 7 2 21 18 6 4 187
13 70 10 37.127 -120.05 445 163 310 310 2014 7 2 21 19 16 4 187
13 70 10 37.01 -120 446 164 310 310 2014 7 2 21 20 6 4 187
13 70 10 36.891 -119.96 444 161 310 310 2014 7 2 21 21 6 4 187
13 70 10 36.772 -119.91 444 163 310 290 2014 7 2 21 22 6 4 187
13 70 10 36.629 -119.86 447 162 297 290 2014 7 2 21 23 6 4 187
13 70 10 36.536 -119.82 441 162 290 290 2014 7 2 21 24 6 4 187
13 70 10 36.396 -119.77 436 163 290 290 2014 7 2 21 25 6 4 187
13 70 10 36.303 -119.73 437 163 290 290 2014 7 2 21 26 6 4 187
13 70 10 36.162 -119.68 438 163 290 290 2014 7 2 21 27 15 4 187
13 70 10 36.068 -119.65 438 162 290 290 2014 7 2 21 28 6 4 187
13 70 10 35.923 -119.61 439 163 290 290 2014 7 2 21 29 6 1 54
13 70 10 35.806 -119.65 428 171 290 290 2014 7 2 21 30 6 1 54
13 70 10 35.698 -119.71 430 197 290 290 2014 7 2 21 31 6 1 54
13 70 10 35.592 -119.78 428 205 290 290 2014 7 2 21 32 6 1 54
13 70 10 35.571 -119.79 426 206 290 290 2014 7 2 21 33 6 1 54
13 70 10 35.454 -119.76 447 178 290 290 2014 7 2 21 34 6 1 54
13 70 10 35.37 -119.69 450 146 286 290 2014 7 2 21 35 6 1 54
13 70 10 35.224 -119.57 449 147 272 290 2014 7 2 21 36 6 1 54
13 70 10 35.125 -119.5 433 147 262 290 2014 7 2 21 37 6 1 54
13 70 10 34.951 -119.36 416 146 230 290 2014 7 2 21 38 16 1 25
13 70 10 34.932 -119.34 412 147 226 290 2014 7 2 21 39 15 1 25
13 70 10 34.84 -119.27 399 146 202 290 2014 7 2 21 40 6 1 25
13 70 10 34.753 -119.2 379 147 180 290 2014 7 2 21 41 6 1 25
13 70 10 34.653 -119.12 360 146 152 290 2014 7 2 21 42 6 1 25
13 70 10 34.577 -119.06 353 147 131 290 2014 7 2 21 43 6 1 25
13 70 10 34.517 -119.02 338 147 113 290 2014 7 2 21 44 6 1 25
13 70 10 34.418 -118.94 328 147 109 290 2014 7 2 21 45 6 1 25
13 70 10 34.355 -118.87 318 140 92 290 2014 7 2 21 46 6 1 8
13 70 10 34.299 -118.78 279 125 70 290 2014 7 2 21 47 6 1 8
13 70 10 34.257 -118.71 264 121 57 290 2014 7 2 21 48 6 1 8
13 70 10 34.22 -118.64 246 132 49 290 2014 7 2 21 49 16 1 8
13 70 10 34.2 -118.58 219 128 35 290 2014 7 2 21 50 6 1 8
13 70 10 34.201 -118.51 216 89 30 290 2014 7 2 21 51 6 1 8
13 70 10 34.199 -118.45 202 89 20 290 2014 7 2 21 52 6 1 8
13 70 10 34.198 -118.4 139 89 12 290 2014 7 2 21 53 17 1 8
13 70 10 34.199 -118.36 136 89 10 290 2014 7 2 21 54 6 1 8
14 70 10 38.696 -121.59 149 0 0 370 2014 7 2 13 31 6 4 153
14 70 10 38.612 -121.52 213 166 50 370 2014 7 2 13 32 16 4 153
14 70 10 38.612 -121.52 213 166 50 370 2014 7 2 13 33 6 4 153
14 70 10 38.557 -121.45 272 146 90 370 2014 7 2 13 34 15 4 153
14 70 10 38.512 -121.36 301 134 133 370 2014 7 2 13 35 6 4 175
14 70 10 38.471 -121.26 316 128 173 370 2014 7 2 13 36 9 4 172
14 70 10 38.424 -121.14 332 119 211 370 2014 7 2 13 37 6 4 172
14 70 10 38.376 -121.03 366 117 235 370 2014 7 2 13 38 6 4 172
14 70 10 38.322 -120.9 398 117 263 370 2014 7 2 13 39 16 4 185
14 70 10 38.266 -120.77 420 118 288 370 2014 7 2 13 40 6 4 185
14 70 10 38.191 -120.64 446 118 311 370 2014 7 2 13 41 6 4 185
14 70 10 38.095 -120.55 439 133 338 370 2014 7 2 13 42 6 4 185
14 70 10 38 -120.46 435 142 356 370 2014 7 2 13 43 6 4 184
14 70 10 37.881 -120.34 445 144 370 370 2014 7 2 13 44 6 4 184
14 70 10 37.71 -120.18 437 141 370 370 2014 7 2 13 45 6 4 184
14 70 10 37.689 -120.16 437 142 370 370 2014 7 2 13 46 15 4 184
14 70 10 37.592 -120.06 437 142 370 370 2014 7 2 13 47 6 4 184
14 70 10 37.495 -119.97 437 143 370 370 2014 7 2 13 48 6 4 184
14 70 10 37.398 -119.88 437 142 370 370 2014 7 2 13 49 6 4 187
14 70 10 37.304 -119.79 437 142 370 370 2014 7 2 13 50 6 4 187
14 70 10 37.206 -119.69 438 143 370 370 2014 7 2 13 51 6 4 187
14 70 10 37.106 -119.6 438 143 370 370 2014 7 2 13 52 16 4 187
14 70 10 36.989 -119.6 426 176 370 370 2014 7 2 13 53 16 4 187
14 70 10 36.873 -119.6 421 180 370 370 2014 7 2 13 54 6 4 187
14 70 10 36.755 -119.6 421 181 370 370 2014 7 2 13 55 16 4 187
14 70 10 36.638 -119.6 421 180 370 370 2014 7 2 13 56 6 4 187
14 70 10 36.498 -119.61 421 180 370 370 2014 7 2 13 57 6 4 187
14 70 10 36.379 -119.61 421 181 370 370 2014 7 2 13 58 15 4 187
14 70 10 36.261 -119.61 422 180 370 370 2014 7 2 13 59 6 4 187
14 70 10 36.143 -119.61 422 180 370 370 2014 7 2 14 0 6 4 187
14 70 10 36.025 -119.61 421 180 370 370 2014 7 2 14 1 6 4 187
14 70 10 35.907 -119.62 422 181 370 370 2014 7 2 14 2 6 1 54
14 70 10 35.789 -119.62 422 182 366 370 2014 7 2 14 3 6 1 54
14 70 10 35.671 -119.63 422 181 356 370 2014 7 2 14 4 6 1 54
14 70 10 35.554 -119.63 421 182 349 370 2014 7 2 14 5 16 1 54
14 70 10 35.44 -119.64 413 181 341 370 2014 7 2 14 6 6 1 54
14 70 10 35.303 -119.64 413 182 315 370 2014 7 2 14 7 6 1 54
14 70 10 35.189 -119.66 412 184 286 370 2014 7 2 14 8 16 1 54
14 70 10 35.075 -119.66 411 184 251 370 2014 7 2 14 9 6 1 54
14 70 10 34.992 -119.58 393 149 236 370 2014 7 2 14 10 16 1 25
14 70 10 34.932 -119.51 379 136 228 370 2014 7 2 14 11 7 1 25
14 70 10 34.846 -119.41 369 135 211 370 2014 7 2 14 12 6 1 25
14 70 10 34.775 -119.32 362 135 191 370 2014 7 2 14 13 6 1 25
14 70 10 34.706 -119.24 352 136 170 370 2014 7 2 14 14 16 1 25
14 70 10 34.617 -119.15 324 136 146 370 2014 7 2 14 15 15 1 25
14 70 10 34.55 -119.07 316 135 127 370 2014 7 2 14 16 16 1 25
14 70 10 34.5 -119 310 136 110 370 2014 7 2 14 17 16 1 25
14 70 10 34.431 -118.95 305 151 103 370 2014 7 2 14 18 16 1 25
14 70 10 34.367 -118.88 296 151 85 370 2014 7 2 14 19 7 1 8
14 70 10 34.311 -118.8 296 142 67 370 2014 7 2 14 20 16 1 8
14 70 10 34.267 -118.73 282 118 53 370 2014 7 2 14 21 6 1 8
14 70 10 34.217 -118.65 264 128 40 370 2014 7 2 14 22 16 1 8
14 70 10 34.2 -118.58 216 104 38 370 2014 7 2 14 23 15 1 8
14 70 10 34.2 -118.52 168 111 30 370 2014 7 2 14 24 15 1 8
14 70 10 34.2 -118.48 129 89 25 370 2014 7 2 14 25 16 1 8
14 70 10 34.2 -118.46 144 89 23 370 2014 7 2 14 26 6 1 8
14 70 10 34.2 -118.43 127 90 18 370 2014 7 2 14 27 6 1 8
14 70 10 34.197 -118.38 125 88 15 370 2014 7 2 14 28 6 1 8
15 70 10 38.696 -121.59 149 0 0 370 2014 7 2 15 56 6 4 153
15 70 10 38.617 -121.5 247 144 44 370 2014 7 2 15 57 6 4 153
15 70 10 38.627 -121.51 194 137 40 310 2014 7 2 15 58 6 4 153
15 70 10 38.588 -121.43 255 126 68 310 2014 7 2 15 59 6 4 153
15 70 10 38.548 -121.34 273 117 98 310 2014 7 2 16 0 6 4 175
15 70 10 38.498 -121.24 326 120 128 310 2014 7 2 16 1 6 4 172
15 70 10 38.443 -121.12 348 121 170 310 2014 7 2 16 2 6 4 172
15 70 10 38.333 -120.89 383 120 232 310 2014 7 2 16 3 6 4 172
15 70 10 38.278 -120.78 383 121 232 310 2014 7 2 16 4 16 4 172
15 70 10 38.273 -120.77 406 121 257 310 2014 7 2 16 5 6 4 185
15 70 10 38.202 -120.65 419 121 286 310 2014 7 2 16 6 6 4 185
15 70 10 38.023 -120.48 419 136 290 310 2014 7 2 16 7 6 4 185
15 70 10 37.928 -120.39 419 141 290 310 2014 7 2 16 8 6 4 184
15 70 10 37.9 -120.36 430 143 291 310 2014 7 2 16 9 6 4 184
15 70 10 37.807 -120.27 432 142 310 310 2014 7 2 16 10 6 4 184
15 70 10 37.713 -120.18 426 141 310 310 2014 7 2 16 11 6 4 184
15 70 10 37.619 -120.09 426 142 310 310 2014 7 2 16 12 6 4 184
15 70 10 37.532 -120 425 142 310 310 2014 7 2 16 13 6 4 184
15 70 10 37.43 -119.91 424 141 310 310 2014 7 2 16 14 19 4 184
15 70 10 37.25 -119.73 425 142 310 310 2014 7 2 16 15 16 4 187
15 70 10 37.231 -119.72 424 142 310 310 2014 7 2 16 16 6 4 187
15 70 10 37.137 -119.63 425 143 310 310 2014 7 2 16 17 6 4 187
15 70 10 37.024 -119.6 420 168 310 310 2014 7 2 16 18 6 4 187
15 70 10 36.908 -119.6 416 181 310 310 2014 7 2 16 19 6 4 187
15 70 10 36.794 -119.6 415 179 310 310 2014 7 2 16 20 9 4 187
15 70 10 36.656 -119.6 415 182 310 310 2014 7 2 16 21 6 4 187
15 70 10 36.542 -119.61 413 179 310 310 2014 7 2 16 22 16 4 187
15 70 10 36.426 -119.61 415 181 310 310 2014 7 2 16 23 16 4 187
15 70 10 36.304 -119.61 426 180 310 310 2014 7 2 16 24 6 4 187
15 70 10 36.181 -119.61 436 181 310 310 2014 7 2 16 25 16 4 187
15 70 10 36.06 -119.61 437 181 310 310 2014 7 2 16 26 6 4 187
15 70 10 35.939 -119.62 437 180 310 310 2014 7 2 16 27 6 1 54
15 70 10 35.815 -119.62 437 182 310 310 2014 7 2 16 28 6 1 54
15 70 10 35.669 -119.63 437 181 310 310 2014 7 2 16 29 6 1 54
15 70 10 35.547 -119.63 437 181 310 310 2014 7 2 16 30 6 1 54
15 70 10 35.426 -119.64 434 181 302 310 2014 7 2 16 31 6 1 54
15 70 10 35.304 -119.64 434 181 270 310 2014 7 2 16 32 6 1 54
15 70 10 35.195 -119.59 431 159 247 310 2014 7 2 16 33 6 1 54
15 70 10 35.102 -119.51 411 144 236 310 2014 7 2 16 34 6 1 25
15 70 10 34.994 -119.42 397 144 225 310 2014 7 2 16 35 16 1 25
15 70 10 34.924 -119.36 394 145 217 310 2014 7 2 16 36 6 1 25
15 70 10 34.906 -119.34 393 145 215 310 2014 7 2 16 37 6 1 25
15 70 10 34.818 -119.27 389 145 198 310 2014 7 2 16 38 6 1 25
15 70 10 34.735 -119.2 369 144 175 310 2014 7 2 16 39 6 1 25
15 70 10 34.563 -119.06 348 135 129 310 2014 7 2 16 40 16 1 25
15 70 10 34.55 -119.05 337 145 125 310 2014 7 2 16 41 6 1 25
15 70 10 34.467 -118.98 326 145 104 310 2014 7 2 16 42 6 1 25
15 70 10 34.4 -118.93 299 151 93 310 2014 7 2 16 43 6 1 8
15 70 10 34.35 -118.87 298 138 76 310 2014 7 2 16 44 6 1 8
15 70 10 34.3 -118.78 291 123 62 310 2014 7 2 16 45 6 1 8
15 70 10 34.256 -118.71 268 125 57 310 2014 7 2 16 46 6 1 8
15 70 10 34.219 -118.64 240 128 41 310 2014 7 2 16 47 6 1 8
15 70 10 34.201 -118.58 205 106 40 310 2014 7 2 16 48 16 1 8
15 70 10 34.2 -118.52 191 89 31 310 2014 7 2 16 49 6 1 8
15 70 10 34.2 -118.46 183 89 22 310 2014 7 2 16 50 6 1 8
15 70 10 34.199 -118.41 148 89 15 310 2014 7 2 16 51 6 1 8
15 70 10 34.198 -118.37 133 91 9 310 2014 7 2 16 52 6 1 8
16 70 10 38.667 -121.58 183 0 15 310 2014 7 2 18 13 16 4 153
16 70 10 38.633 -121.53 208 69 49 310 2014 7 2 18 14 7 4 153
16 70 10 38.607 -121.49 220 144 62 310 2014 7 2 18 15 6 4 153
16 70 10 38.569 -121.41 262 128 82 310 2014 7 2 18 16 6 4 153
16 70 10 38.526 -121.31 293 125 107 310 2014 7 2 18 17 6 4 175
16 70 10 38.465 -121.18 351 120 128 310 2014 7 2 18 18 6 4 172
16 70 10 38.428 -121.06 381 120 150 310 2014 7 2 18 19 6 4 172
16 70 10 38.393 -120.94 383 118 171 310 2014 7 2 18 20 6 4 172
16 70 10 38.356 -120.8 397 110 191 310 2014 7 2 18 21 6 4 172
16 70 10 38.269 -120.71 402 120 205 310 2014 7 2 18 22 6 4 172
16 70 10 38.154 -120.61 411 125 225 310 2014 7 2 18 23 6 4 172
16 70 10 38.061 -120.52 421 143 239 310 2014 7 2 18 24 6 4 153
16 70 10 37.964 -120.42 434 143 251 310 2014 7 2 18 25 6 4 184
16 70 10 37.864 -120.33 446 142 263 310 2014 7 2 18 26 6 4 184
16 70 10 37.762 -120.23 460 142 276 310 2014 7 2 18 27 6 4 184
16 70 10 37.659 -120.13 466 142 288 310 2014 7 2 18 28 6 4 184
16 70 10 37.554 -120.03 471 142 301 310 2014 7 2 18 29 6 4 184
16 70 10 37.447 -119.92 479 141 310 310 2014 7 2 18 30 6 4 184
16 70 10 37.326 -119.81 501 142 310 310 2014 7 2 18 31 6 4 187
16 70 10 37.203 -119.71 521 144 310 310 2014 7 2 18 32 6 4 187
16 70 10 37.062 -119.69 514 169 310 310 2014 7 2 18 33 6 4 187
16 70 10 36.92 -119.68 514 178 310 310 2014 7 2 18 34 6 4 187
16 70 10 36.749 -119.68 513 178 310 310 2014 7 2 18 35 16 4 187
16 70 10 36.606 -119.68 513 179 310 310 2014 7 2 18 36 6 4 187
16 70 10 36.494 -119.68 513 178 310 310 2014 7 2 18 37 6 4 187
16 70 10 36.349 -119.67 514 179 310 310 2014 7 2 18 38 6 4 187
16 70 10 36.177 -119.66 513 178 310 310 2014 7 2 18 39 6 4 187
16 70 10 36.062 -119.66 514 179 310 310 2014 7 2 18 40 16 4 187
16 70 10 35.89 -119.66 514 178 310 310 2014 7 2 18 41 10 1 54
16 70 10 35.745 -119.65 514 179 310 310 2014 7 2 18 42 6 1 54
16 70 10 35.601 -119.65 514 179 310 310 2014 7 2 18 43 16 1 54
16 70 10 35.457 -119.65 515 178 310 310 2014 7 2 18 44 16 1 54
16 70 10 35.428 -119.65 514 179 310 310 2014 7 2 18 45 6 1 54
16 70 10 35.282 -119.64 519 178 298 310 2014 7 2 18 46 6 1 54
16 70 10 35.152 -119.55 528 157 286 310 2014 7 2 18 47 6 1 54
16 70 10 35.032 -119.45 528 144 273 310 2014 7 2 18 48 6 1 54
16 70 10 34.917 -119.35 513 145 245 310 2014 7 2 18 49 6 1 54
16 70 10 34.81 -119.26 488 145 208 310 2014 7 2 18 50 6 1 25
16 70 10 34.712 -119.18 456 145 173 310 2014 7 2 18 51 6 1 25
16 70 10 34.567 -119.07 417 144 129 310 2014 7 2 18 52 6 1 25
16 70 10 34.483 -118.98 404 145 110 310 2014 7 2 18 53 6 1 25
16 70 10 34.4 -118.93 318 150 107 310 2014 7 2 18 54 15 1 25
16 70 10 34.35 -118.85 292 140 91 310 2014 7 2 18 55 6 1 8
16 70 10 34.313 -118.8 293 123 79 310 2014 7 2 18 56 16 1 8
16 70 10 34.25 -118.7 273 124 59 310 2014 7 2 18 57 6 1 8
16 70 10 34.218 -118.64 268 123 44 310 2014 7 2 18 58 6 1 8
16 70 10 34.201 -118.58 230 106 30 310 2014 7 2 18 59 6 1 8
16 70 10 34.2 -118.51 203 89 30 310 2014 7 2 19 0 6 1 8
16 70 10 34.2 -118.46 180 89 23 310 2014 7 2 19 1 6 1 8
16 70 10 34.2 -118.42 133 92 15 310 2014 7 2 19 2 6 1 8
16 70 10 34.199 -118.37 133 89 10 310 2014 7 2 19 3 6 1 8
17 70 10 38.696 -121.59 149 0 0 250 2014 7 3 1 58 16 4 153
17 70 10 38.617 -121.48 265 172 52 250 2014 7 3 2 0 6 4 153
17 70 10 38.553 -121.44 265 149 52 250 2014 7 3 2 1 6 4 153
17 70 10 38.576 -121.41 285 139 89 250 2014 7 3 2 2 6 4 153
17 70 10 38.529 -121.31 320 118 113 250 2014 7 3 2 3 16 4 175
17 70 10 38.476 -121.2 365 123 147 250 2014 7 3 2 4 15 4 172
17 70 10 38.414 -121.07 371 121 187 250 2014 7 3 2 5 16 4 172
17 70 10 38.355 -120.94 396 120 214 250 2014 7 3 2 6 6 4 172
17 70 10 38.228 -120.68 435 121 250 250 2014 7 3 2 7 16 4 185
17 70 10 38.228 -120.68 435 121 250 250 2014 7 3 2 8 6 4 185
17 70 10 38.131 -120.59 436 132 250 250 2014 7 3 2 9 6 4 185
17 70 10 38.036 -120.49 436 131 250 250 2014 7 3 2 10 6 4 185
17 70 10 37.939 -120.4 436 142 250 250 2014 7 3 2 11 6 4 184
17 70 10 37.832 -120.33 439 149 250 250 2014 7 3 2 12 6 4 184
17 70 10 37.716 -120.3 429 169 250 250 2014 7 3 2 13 15 4 184
17 70 10 37.598 -120.26 429 167 250 250 2014 7 3 2 14 6 4 184
17 70 10 37.459 -120.23 429 166 250 250 2014 7 3 2 15 16 4 184
17 70 10 37.341 -120.2 429 169 250 250 2014 7 3 2 16 6 4 187
17 70 10 37.224 -120.16 429 167 250 250 2014 7 3 2 17 6 4 187
17 70 10 37.124 -120.14 430 167 250 250 2014 7 3 2 18 15 4 187
17 70 10 37.007 -120.11 429 168 250 250 2014 7 3 2 19 6 4 187
17 70 10 36.889 -120.08 430 167 250 250 2014 7 3 2 20 6 4 187
17 70 10 36.748 -120.04 431 167 250 250 2014 7 3 2 21 6 4 187
17 70 10 36.629 -120 435 168 250 250 2014 7 3 2 22 16 4 187
17 70 10 36.511 -119.97 434 166 250 250 2014 7 3 2 23 15 4 187
17 70 10 36.391 -119.94 435 168 250 250 2014 7 3 2 24 6 4 187
17 70 10 36.273 -119.91 435 167 250 250 2014 7 3 2 25 16 4 187
17 70 10 36.153 -119.88 436 167 250 250 2014 7 3 2 26 6 4 187
17 70 10 36.032 -119.84 439 168 250 250 2014 7 3 2 27 6 4 168
17 70 10 35.889 -119.81 438 167 250 250 2014 7 3 2 28 6 4 168
17 70 10 35.769 -119.78 437 168 250 250 2014 7 3 2 29 16 1 53
17 70 10 35.648 -119.74 438 167 250 250 2014 7 3 2 30 16 1 53
17 70 10 35.527 -119.71 439 167 250 250 2014 7 3 2 31 6 1 53
17 70 10 35.406 -119.68 439 168 250 250 2014 7 3 2 32 16 1 54
17 70 10 35.284 -119.65 440 167 250 250 2014 7 3 2 33 15 1 54
17 70 10 35.175 -119.57 450 150 249 250 2014 7 3 2 34 6 1 54
17 70 10 35.072 -119.49 450 144 240 250 2014 7 3 2 35 16 1 54
17 70 10 34.972 -119.4 446 145 233 250 2014 7 3 2 36 6 1 25
17 70 10 34.882 -119.32 420 144 211 250 2014 7 3 2 37 6 1 25
17 70 10 34.776 -119.23 399 145 184 250 2014 7 3 2 38 15 1 25
17 70 10 34.693 -119.16 371 113 161 250 2014 7 3 2 39 15 1 25
17 70 10 34.616 -119.1 360 147 141 250 2014 7 3 2 40 6 1 25
17 70 10 34.522 -119.02 342 146 123 250 2014 7 3 2 41 6 1 25
17 70 10 34.467 -118.98 336 145 109 250 2014 7 3 2 42 6 1 25
17 70 10 34.4 -118.93 309 148 99 250 2014 7 3 2 43 16 1 8
17 70 10 34.333 -118.87 291 144 85 250 2014 7 3 2 44 16 1 8
17 70 10 34.283 -118.8 293 137 69 250 2014 7 3 2 45 16 1 8
17 70 10 34.231 -118.67 285 111 49 250 2014 7 3 2 46 15 1 8
17 70 10 34.217 -118.63 267 119 44 250 2014 7 3 2 47 6 1 8
17 70 10 34.2 -118.55 209 115 35 250 2014 7 3 2 48 15 1 8
17 70 10 34.2 -118.5 176 89 27 250 2014 7 3 2 49 15 1 8
17 70 10 34.2 -118.43 144 91 18 250 2014 7 3 2 50 6 1 8
17 70 10 34.2 -118.4 127 90 11 250 2014 7 3 2 51 6 1 8
17 70 10 34.198 -118.37 150 89 10 250 2014 7 3 2 52 6 1 8
18 70 10 38.696 -121.59 149 0 0 370 2014 7 3 3 18 15 4 153
18 70 10 38.667 -121.58 176 0 19 370 2014 7 3 3 19 6 4 153
18 70 10 38.65 -121.5 264 168 50 370 2014 7 3 3 20 6 4 153
18 70 10 38.617 -121.42 301 111 93 370 2014 7 3 3 21 6 4 153
18 70 10 38.568 -121.33 310 117 124 370 2014 7 3 3 22 16 4 175
18 70 10 38.513 -121.22 341 123 166 370 2014 7 3 3 23 6 4 172
18 70 10 38.466 -121.13 356 124 200 370 2014 7 3 3 24 15 4 172
18 70 10 38.333 -120.88 416 123 264 370 2014 7 3 3 25 16 4 185
18 70 10 38.331 -120.87 405 123 266 370 2014 7 3 3 26 16 4 185
18 70 10 38.264 -120.75 426 125 291 370 2014 7 3 3 27 6 4 185
18 70 10 38.181 -120.63 443 130 312 370 2014 7 3 3 28 6 4 185
18 70 10 38.082 -120.53 461 142 331 370 2014 7 3 3 29 6 4 185
18 70 10 37.978 -120.44 461 142 353 410 2014 7 3 3 30 6 4 184
18 70 10 37.873 -120.33 467 143 370 410 2014 7 3 3 31 6 4 184
18 70 10 37.753 -120.22 461 141 393 410 2014 7 3 3 32 6 4 184
18 70 10 37.67 -120.14 457 143 406 410 2014 7 3 3 33 6 4 184
18 70 10 37.568 -120.04 457 143 410 410 2014 7 3 3 34 16 4 184
18 70 10 37.451 -119.92 464 141 409 410 2014 7 3 3 35 16 4 184
18 70 10 37.343 -119.84 443 146 410 410 2014 7 3 3 36 6 4 187
18 70 10 37.229 -119.82 429 172 409 410 2014 7 3 3 37 15 4 187
18 70 10 37.113 -119.8 423 172 409 410 2014 7 3 3 38 15 4 187
18 70 10 36.996 -119.78 423 172 409 410 2014 7 3 3 39 15 4 187
18 70 10 36.879 -119.76 425 171 409 410 2014 7 3 3 40 15 4 187
18 70 10 36.762 -119.74 425 172 409 410 2014 7 3 3 41 6 4 187
18 70 10 36.644 -119.72 425 172 409 410 2014 7 3 3 42 16 4 187
18 70 10 36.5 -119.7 428 172 409 410 2014 7 3 3 43 15 4 187
18 70 10 36.381 -119.68 428 172 409 410 2014 7 3 3 44 16 4 187
18 70 10 36.261 -119.66 430 172 409 410 2014 7 3 3 45 6 4 187
18 70 10 36.141 -119.64 432 172 409 410 2014 7 3 3 46 16 4 187
18 70 10 35.997 -119.62 432 172 409 410 2014 7 3 3 47 16 4 0
18 70 10 35.879 -119.62 417 178 399 410 2014 7 3 3 48 15 1 54
18 70 10 35.783 -119.62 425 181 391 410 2014 7 3 3 49 15 1 54
18 70 10 35.639 -119.63 425 182 356 410 2014 7 3 3 50 15 1 54
18 70 10 35.519 -119.63 426 181 320 410 2014 7 3 3 51 15 1 54
18 70 10 35.394 -119.64 437 181 291 410 2014 7 3 3 52 16 1 54
18 70 10 35.27 -119.64 441 181 268 410 2014 7 3 3 53 15 1 54
18 70 10 35.186 -119.58 438 180 241 410 2014 7 3 3 54 6 1 54
18 70 10 35.053 -119.47 419 144 225 410 2014 7 3 3 55 15 1 25
18 70 10 34.959 -119.39 410 145 216 410 2014 7 3 3 56 6 1 25
18 70 10 34.906 -119.34 405 145 210 410 2014 7 3 3 57 15 1 25
18 70 10 34.816 -119.27 402 144 198 410 2014 7 3 3 58 15 1 25
18 70 10 34.732 -119.2 385 145 174 410 2014 7 3 3 59 15 1 25
18 70 10 34.699 -119.17 368 145 166 410 2014 7 3 4 0 16 1 25
18 70 10 34.6 -119.08 345 144 139 410 2014 7 3 4 1 16 1 25
18 70 10 34.517 -119.02 347 145 116 410 2014 7 3 4 2 6 1 25
18 70 10 34.4 -118.88 291 148 76 410 2014 7 3 4 3 15 1 8
18 70 10 34.401 -118.89 301 129 78 410 2014 7 3 4 4 16 1 8
18 70 10 34.349 -118.82 286 132 63 410 2014 7 3 4 5 16 1 8
18 70 10 34.298 -118.75 277 125 49 410 2014 7 3 4 6 6 1 8
18 70 10 34.267 -118.67 272 127 41 410 2014 7 3 4 7 6 1 8
18 70 10 34.233 -118.57 254 102 30 410 2014 7 3 4 8 15 1 8
18 70 10 34.2 -118.5 193 119 30 410 2014 7 3 4 9 15 1 8
18 70 10 34.199 -118.45 180 97 23 410 2014 7 3 4 10 16 1 8
18 70 10 34.199 -118.4 154 89 14 410 2014 7 3 4 11 6 1 8
18 70 10 34.199 -118.36 143 89 9 410 2014 7 3 4 12 6 1 8
19 70 10 38.65 -121.57 199 0 24 370 2014 7 3 21 48 6 4 153
19 70 10 38.617 -121.5 258 157 45 370 2014 7 3 21 49 6 4 153
19 70 10 38.567 -121.42 288 123 79 370 2014 7 3 21 50 6 4 153
19 70 10 38.533 -121.32 308 120 110 370 2014 7 3 21 51 6 4 175
19 70 10 38.513 -121.28 318 113 121 370 2014 7 3 21 52 6 4 172
19 70 10 38.462 -121.17 346 120 156 370 2014 7 3 21 53 6 4 172
19 70 10 38.412 -121.07 364 121 188 370 2014 7 3 21 54 6 4 172
19 70 10 38.356 -120.95 388 120 215 370 2014 7 3 21 55 6 4 172
19 70 10 38.285 -120.8 413 121 246 370 2014 7 3 21 56 6 4 185
19 70 10 38.219 -120.67 424 121 251 370 2014 7 3 21 57 6 4 185
19 70 10 38.126 -120.58 427 120 270 370 2014 7 3 21 58 6 4 185
19 70 10 38.03 -120.49 431 132 270 370 2014 7 3 21 59 6 4 185
19 70 10 37.933 -120.39 432 143 273 370 2014 7 3 22 0 6 4 184
19 70 10 37.838 -120.3 433 144 290 370 2014 7 3 22 1 6 4 184
19 70 10 37.74 -120.2 439 141 291 370 2014 7 3 22 2 6 4 184
19 70 10 37.619 -120.09 454 142 312 330 2014 7 3 22 3 6 4 184
19 70 10 37.522 -119.99 449 142 330 330 2014 7 3 22 4 6 4 184
19 70 10 37.426 -119.9 432 142 330 330 2014 7 3 22 5 6 4 184
19 70 10 37.344 -119.83 435 143 330 330 2014 7 3 22 6 7 4 187
19 70 10 37.231 -119.72 428 140 330 330 2014 7 3 22 7 6 4 187
19 70 10 37.136 -119.63 428 143 330 330 2014 7 3 22 8 6 4 187
19 70 10 37.026 -119.6 419 160 330 330 2014 7 3 22 9 6 4 187
19 70 10 36.934 -119.6 410 181 330 330 2014 7 3 22 10 6 4 187
19 70 10 36.794 -119.6 411 180 330 330 2014 7 3 22 11 6 4 187
19 70 10 36.68 -119.6 412 180 330 330 2014 7 3 22 12 6 4 187
19 70 10 36.564 -119.61 413 180 330 330 2014 7 3 22 13 6 4 187
19 70 10 36.424 -119.61 416 180 330 330 2014 7 3 22 14 6 4 187
19 70 10 36.331 -119.61 416 180 330 330 2014 7 3 22 15 6 4 187
19 70 10 36.192 -119.61 416 181 330 330 2014 7 3 22 16 6 4 187
19 70 10 36.078 -119.61 414 181 330 330 2014 7 3 22 17 6 4 187
19 70 10 35.962 -119.62 413 180 330 330 2014 7 3 22 18 6 4 0
19 70 10 35.847 -119.62 412 180 330 330 2014 7 3 22 19 6 1 54
19 70 10 35.848 -119.62 412 181 330 330 2014 7 3 22 20 8 1 54
19 70 10 35.616 -119.63 414 181 330 330 2014 7 3 22 21 9 1 54
19 70 10 35.616 -119.63 412 181 330 330 2014 7 3 22 22 6 1 54
19 70 10 35.477 -119.63 412 181 330 330 2014 7 3 22 23 6 1 54
19 70 10 35.361 -119.62 422 176 309 330 2014 7 3 22 24 7 1 54
19 70 10 35.256 -119.55 433 150 294 330 2014 7 3 22 25 6 1 54
19 70 10 35.152 -119.47 434 149 268 330 2014 7 3 22 26 6 1 54
19 70 10 35.05 -119.4 433 148 242 330 2014 7 3 22 27 6 1 54
19 70 10 34.951 -119.33 419 149 219 330 2014 7 3 22 28 6 1 25
19 70 10 34.858 -119.26 400 148 197 330 2014 7 3 22 29 6 1 25
19 70 10 34.769 -119.19 386 148 176 330 2014 7 3 22 30 6 1 25
19 70 10 34.666 -119.12 366 149 150 330 2014 7 3 22 31 6 1 25
19 70 10 34.591 -119.06 353 148 132 330 2014 7 3 22 32 6 1 25
19 70 10 34.495 -119 333 148 110 330 2014 7 3 22 33 6 1 25
19 70 10 34.418 -118.94 319 153 101 330 2014 7 3 22 34 6 1 25
19 70 10 34.355 -118.87 293 148 88 330 2014 7 3 22 35 6 1 8
19 70 10 34.267 -118.78 277 142 66 330 2014 7 3 22 36 6 1 8
19 70 10 34.233 -118.7 276 128 52 330 2014 7 3 22 37 6 1 8
19 70 10 34.2 -118.62 271 113 39 330 2014 7 3 22 38 6 1 8
19 70 10 34.2 -118.53 236 102 35 330 2014 7 3 22 39 6 1 8
19 70 10 34.2 -118.47 196 92 24 330 2014 7 3 22 40 6 1 8
19 70 10 34.2 -118.42 153 88 15 330 2014 7 3 22 41 6 1 8
19 70 10 34.199 -118.38 172 89 10 330 2014 7 3 22 42 6 1 8
20 70 10 38.667 -121.6 149 0 17 370 2014 7 3 13 27 6 4 153
20 70 10 38.636 -121.54 231 144 42 370 2014 7 3 13 28 16 4 153
20 70 10 38.6 -121.46 260 122 69 370 2014 7 3 13 29 6 4 153
20 70 10 38.558 -121.37 291 120 113 370 2014 7 3 13 30 6 4 175
20 70 10 38.509 -121.27 340 120 151 370 2014 7 3 13 31 8 4 172
20 70 10 38.451 -121.14 357 121 190 370 2014 7 3 13 32 6 4 172
20 70 10 38.396 -121.03 373 120 219 370 2014 7 3 13 33 6 4 172
20 70 10 38.339 -120.91 392 121 250 370 2014 7 3 13 34 6 4 185
20 70 10 38.278 -120.78 419 126 279 370 2014 7 3 13 35 6 4 185
20 70 10 38.205 -120.66 436 127 303 370 2014 7 3 13 36 6 4 185
20 70 10 38.106 -120.56 444 124 334 370 2014 7 3 13 37 6 4 185
20 70 10 38.011 -120.47 437 141 361 370 2014 7 3 13 38 6 4 185
20 70 10 37.916 -120.38 432 145 370 370 2014 7 3 13 39 6 4 184
20 70 10 37.823 -120.28 431 143 370 370 2014 7 3 13 40 6 4 184
20 70 10 37.728 -120.19 428 141 370 370 2014 7 3 13 41 6 4 184
20 70 10 37.645 -120.12 424 141 370 370 2014 7 3 13 42 16 4 184
20 70 10 37.539 -120.01 428 144 370 370 2014 7 3 13 43 6 4 184
20 70 10 37.455 -119.94 426 141 370 370 2014 7 3 13 44 6 4 184
20 70 10 37.349 -119.83 429 141 370 370 2014 7 3 13 45 6 4 187
20 70 10 37.244 -119.73 430 143 370 370 2014 7 3 13 46 6 4 187
20 70 10 37.14 -119.68 416 151 370 370 2014 7 3 13 47 6 4 187
20 70 10 37.026 -119.67 408 178 370 370 2014 7 3 13 48 6 4 187
20 70 10 36.912 -119.66 408 177 370 370 2014 7 3 13 49 6 4 187
20 70 10 36.798 -119.66 413 177 370 370 2014 7 3 13 50 6 4 187
20 70 10 36.684 -119.65 408 177 370 370 2014 7 3 13 51 6 4 187
20 70 10 36.569 -119.65 409 177 370 370 2014 7 3 13 52 15 4 187
20 70 10 36.455 -119.64 411 176 370 370 2014 7 3 13 53 6 4 187
20 70 10 36.339 -119.63 411 177 370 370 2014 7 3 13 54 6 4 187
20 70 10 36.224 -119.63 413 177 370 370 2014 7 3 13 55 6 4 187
20 70 10 36.085 -119.62 413 177 370 370 2014 7 3 13 56 6 4 187
20 70 10 35.97 -119.62 413 178 370 370 2014 7 3 13 57 6 4 0
20 70 10 35.855 -119.62 412 177 368 370 2014 7 3 13 58 6 1 54
20 70 10 35.741 -119.62 411 181 358 370 2014 7 3 13 59 6 1 54
20 70 10 35.627 -119.63 411 181 358 370 2014 7 3 14 0 6 1 54
20 70 10 35.624 -119.63 411 182 344 370 2014 7 3 14 1 6 1 54
20 70 10 35.508 -119.63 411 181 314 370 2014 7 3 14 2 6 1 54
20 70 10 35.393 -119.64 412 181 290 370 2014 7 3 14 3 6 1 54
20 70 10 35.283 -119.64 403 182 268 370 2014 7 3 14 4 6 1 54
20 70 10 35.179 -119.58 430 152 243 370 2014 7 3 14 5 6 1 54
20 70 10 35.071 -119.48 397 145 240 370 2014 7 3 14 6 7 1 54
20 70 10 34.985 -119.41 384 145 233 370 2014 7 3 14 7 6 1 25
20 70 10 34.836 -119.28 369 145 200 370 2014 7 3 14 8 6 1 25
20 70 10 34.819 -119.27 364 145 195 370 2014 7 3 14 9 6 1 25
20 70 10 34.738 -119.2 358 144 174 370 2014 7 3 14 10 6 1 25
20 70 10 34.66 -119.14 346 145 153 370 2014 7 3 14 11 6 1 25
20 70 10 34.576 -119.06 338 145 130 370 2014 7 3 14 12 6 1 25
20 70 10 34.503 -119 319 144 110 370 2014 7 3 14 13 6 1 25
20 70 10 34.433 -118.95 293 147 96 370 2014 7 3 14 14 6 1 8
20 70 10 34.369 -118.89 292 145 78 370 2014 7 3 14 15 6 1 8
20 70 10 34.314 -118.8 289 115 58 370 2014 7 3 14 16 6 1 8
20 70 10 34.269 -118.73 273 132 50 370 2014 7 3 14 17 6 1 8
20 70 10 34.233 -118.66 239 128 40 370 2014 7 3 14 18 6 1 8
20 70 10 34.201 -118.6 215 121 40 370 2014 7 3 14 19 6 1 8
20 70 10 34.201 -118.55 189 106 35 370 2014 7 3 14 20 6 1 8
20 70 10 34.2 -118.5 166 91 27 370 2014 7 3 14 21 6 1 8
20 70 10 34.2 -118.43 119 91 18 370 2014 7 3 14 22 6 1 8
20 70 10 34.199 -118.4 125 89 13 370 2014 7 3 14 23 6 1 8
20 70 10 34.198 -118.36 123 91 11 370 2014 7 3 14 24 6 1 8
21 70 10 38.696 -121.59 149 0 0 370 2014 7 3 15 52 16 4 153
21 70 10 38.617 -121.48 262 157 56 370 2014 7 3 15 54 6 4 153
21 70 10 38.575 -121.4 286 139 96 370 2014 7 3 15 55 6 4 175
21 70 10 38.528 -121.3 324 119 131 370 2014 7 3 15 56 6 4 172
21 70 10 38.479 -121.2 346 132 169 370 2014 7 3 15 57 6 4 172
21 70 10 38.424 -121.08 365 121 206 370 2014 7 3 15 58 6 4 172
21 70 10 38.368 -120.97 383 120 211 370 2014 7 3 15 59 6 4 172
21 70 10 38.31 -120.85 395 121 230 370 2014 7 3 16 0 6 4 172
21 70 10 38.251 -120.73 401 131 230 370 2014 7 3 16 1 6 4 172
21 70 10 38.171 -120.62 411 121 250 370 2014 7 3 16 2 6 4 185
21 70 10 38.062 -120.52 410 128 250 370 2014 7 3 16 3 6 4 185
21 70 10 37.985 -120.44 413 138 250 370 2014 7 3 16 4 6 4 184
21 70 10 37.88 -120.34 411 144 273 370 2014 7 3 16 5 6 4 184
21 70 10 37.802 -120.27 409 141 290 370 2014 7 3 16 6 6 4 184
21 70 10 37.707 -120.18 421 139 293 370 2014 7 3 16 7 6 4 184
21 70 10 37.589 -120.06 449 146 310 370 2014 7 3 16 8 6 4 184
21 70 10 37.487 -119.96 455 142 310 370 2014 7 3 16 9 6 4 184
21 70 10 37.384 -119.87 455 142 310 370 2014 7 3 16 10 6 4 187
21 70 10 37.387 -119.86 457 141 310 350 2014 7 3 16 11 7 4 187
21 70 10 37.179 -119.66 470 143 330 350 2014 7 3 16 12 6 4 187
21 70 10 37.18 -119.67 457 140 330 350 2014 7 3 16 13 6 4 187
21 70 10 37.052 -119.6 442 152 350 350 2014 7 3 16 14 6 4 187
21 70 10 36.958 -119.6 414 181 350 350 2014 7 3 16 15 6 4 187
21 70 10 36.819 -119.6 414 180 350 350 2014 7 3 16 16 6 4 187
21 70 10 36.705 -119.6 417 179 350 350 2014 7 3 16 17 6 4 187
21 70 10 36.587 -119.61 417 181 350 350 2014 7 3 16 18 6 4 187
21 70 10 36.472 -119.61 415 180 350 350 2014 7 3 16 19 6 4 187
21 70 10 36.355 -119.61 415 180 350 350 2014 7 3 16 20 6 4 187
21 70 10 36.238 -119.61 417 181 350 350 2014 7 3 16 21 6 4 187
21 70 10 36.097 -119.61 419 180 345 350 2014 7 3 16 22 6 4 187
21 70 10 35.979 -119.62 421 181 335 350 2014 7 3 16 23 6 4 0
21 70 10 35.862 -119.62 420 181 326 350 2014 7 3 16 24 6 1 54
21 70 10 35.743 -119.62 421 181 316 350 2014 7 3 16 25 6 1 54
21 70 10 35.622 -119.63 427 182 307 350 2014 7 3 16 26 7 1 54
21 70 10 35.502 -119.63 428 181 297 350 2014 7 3 16 27 6 1 54
21 70 10 35.36 -119.64 427 181 290 350 2014 7 3 16 28 6 1 54
21 70 10 35.244 -119.63 427 179 261 350 2014 7 3 16 29 6 1 54
21 70 10 35.165 -119.56 429 148 252 350 2014 7 3 16 30 6 1 54
21 70 10 35.049 -119.47 425 145 240 350 2014 7 3 16 31 6 1 54
21 70 10 34.956 -119.39 411 144 235 350 2014 7 3 16 32 6 1 25
21 70 10 34.864 -119.31 409 144 206 350 2014 7 3 16 33 6 1 25
21 70 10 34.776 -119.23 399 146 188 350 2014 7 3 16 34 6 1 25
21 70 10 34.677 -119.15 368 143 160 350 2014 7 3 16 35 6 1 25
21 70 10 34.603 -119.09 359 143 139 350 2014 7 3 16 36 6 1 25
21 70 10 34.5 -119 339 146 111 350 2014 7 3 16 37 6 1 25
21 70 10 34.433 -118.95 319 145 102 350 2014 7 3 16 38 6 1 25
21 70 10 34.381 -118.88 298 131 92 350 2014 7 3 16 39 6 1 8
21 70 10 34.33 -118.8 288 131 78 350 2014 7 3 16 40 6 1 8
21 70 10 34.283 -118.73 277 129 63 350 2014 7 3 16 41 6 1 8
21 70 10 34.234 -118.66 275 132 49 350 2014 7 3 16 42 6 1 8
21 70 10 34.2 -118.62 238 128 41 350 2014 7 3 16 43 6 1 8
21 70 10 34.201 -118.51 217 89 29 350 2014 7 3 16 44 6 1 8
21 70 10 34.2 -118.48 166 89 25 350 2014 7 3 16 45 6 1 8
21 70 10 34.2 -118.43 145 90 19 350 2014 7 3 16 46 6 1 8
21 70 10 34.2 -118.38 126 91 10 350 2014 7 3 16 47 6 1 8
22 70 10 38.683 -121.6 117 0 12 370 2014 7 3 17 23 6 4 153
22 70 10 38.65 -121.55 211 210 37 370 2014 7 3 17 24 6 4 153
22 70 10 38.6 -121.48 267 144 60 370 2014 7 3 17 25 6 4 153
22 70 10 38.591 -121.44 270 132 73 370 2014 7 3 17 26 6 4 153
22 70 10 38.54 -121.33 297 124 111 370 2014 7 3 17 27 6 4 175
22 70 10 38.489 -121.23 347 116 147 370 2014 7 3 17 28 6 4 172
22 70 10 38.44 -121.12 353 121 183 370 2014 7 3 17 29 6 4 172
22 70 10 38.334 -120.9 403 121 231 370 2014 7 3 17 30 6 4 172
22 70 10 38.328 -120.89 394 121 233 370 2014 7 3 17 31 6 4 172
22 70 10 38.256 -120.74 403 122 240 370 2014 7 3 17 32 6 4 185
22 70 10 38.179 -120.63 418 125 262 370 2014 7 3 17 33 6 4 185
22 70 10 38.085 -120.54 424 142 287 370 2014 7 3 17 34 6 4 185
22 70 10 37.985 -120.44 442 139 309 370 2014 7 3 17 35 6 4 184
22 70 10 37.886 -120.35 444 146 338 370 2014 7 3 17 36 6 4 184
22 70 10 37.791 -120.25 441 141 360 370 2014 7 3 17 37 6 4 184
22 70 10 37.694 -120.16 440 142 370 370 2014 7 3 17 38 16 4 184
22 70 10 37.598 -120.07 438 142 370 370 2014 7 3 17 39 6 4 184
22 70 10 37.483 -119.96 435 143 370 370 2014 7 3 17 40 6 4 184
22 70 10 37.372 -119.91 420 149 370 370 2014 7 3 17 41 6 4 187
22 70 10 37.258 -119.89 419 171 370 370 2014 7 3 17 42 6 4 187
22 70 10 37.142 -119.86 418 170 370 370 2014 7 3 17 43 6 4 187
22 70 10 37.021 -119.84 418 169 370 370 2014 7 3 17 44 6 4 187
22 70 10 36.904 -119.81 420 170 370 370 2014 7 3 17 45 6 4 187
22 70 10 36.791 -119.79 415 170 370 370 2014 7 3 17 46 7 4 187
22 70 10 36.675 -119.76 418 170 370 370 2014 7 3 17 47 6 4 187
22 70 10 36.561 -119.74 417 170 370 370 2014 7 3 17 48 6 4 187
22 70 10 36.444 -119.71 419 170 370 370 2014 7 3 17 49 6 4 187
22 70 10 36.306 -119.68 421 169 370 370 2014 7 3 17 50 6 4 187
22 70 10 36.191 -119.66 420 170 370 370 2014 7 3 17 51 7 4 187
22 70 10 36.074 -119.64 420 170 370 370 2014 7 3 17 52 6 4 187
22 70 10 35.983 -119.62 418 170 370 370 2014 7 3 17 53 6 4 0
22 70 10 35.96 -119.61 418 170 370 370 2014 7 3 17 54 6 1 54
22 70 10 35.73 -119.62 410 181 356 370 2014 7 3 17 55 6 1 54
22 70 10 35.612 -119.63 419 182 343 370 2014 7 3 17 56 6 1 54
22 70 10 35.612 -119.63 416 181 343 370 2014 7 3 17 57 6 1 54
22 70 10 35.473 -119.63 416 181 307 370 2014 7 3 17 58 6 1 54
22 70 10 35.357 -119.64 416 181 290 370 2014 7 3 17 59 6 1 54
22 70 10 35.161 -119.56 438 174 256 370 2014 7 3 18 0 6 1 54
22 70 10 35.142 -119.54 432 148 254 370 2014 7 3 18 1 6 1 54
22 70 10 35.06 -119.44 432 133 254 370 2014 7 3 18 2 6 1 54
22 70 10 34.952 -119.38 420 143 233 370 2014 7 3 18 3 6 1 25
22 70 10 34.861 -119.3 411 144 210 370 2014 7 3 18 4 6 1 25
22 70 10 34.717 -119.18 371 145 170 370 2014 7 3 18 5 6 1 25
22 70 10 34.633 -119.1 359 145 147 370 2014 7 3 18 6 6 1 25
22 70 10 34.55 -119.03 347 144 123 370 2014 7 3 18 7 6 1 25
22 70 10 34.467 -118.98 336 145 109 370 2014 7 3 18 8 6 1 25
22 70 10 34.4 -118.93 297 148 101 370 2014 7 3 18 9 6 1 25
22 70 10 34.35 -118.85 293 145 86 370 2014 7 3 18 10 6 1 8
22 70 10 34.3 -118.78 285 125 71 370 2014 7 3 18 11 6 1 8
22 70 10 34.25 -118.7 254 126 57 370 2014 7 3 18 12 6 1 8
22 70 10 34.217 -118.65 214 124 49 370 2014 7 3 18 13 6 1 8
22 70 10 34.2 -118.58 181 123 42 370 2014 7 3 18 14 6 1 8
22 70 10 34.2 -118.53 174 92 33 370 2014 7 3 18 15 6 1 8
22 70 10 34.2 -118.5 178 89 27 370 2014 7 3 18 16 6 1 8
22 70 10 34.2 -118.43 127 89 17 370 2014 7 3 18 17 16 1 8
22 70 10 34.2 -118.38 125 92 11 370 2014 7 3 18 18 16 1 8
22 70 10 34.197 -118.35 128 89 8 370 2014 7 3 18 19 6 1 8
23 70 10 38.562 -121.39 91 117 97 370 2014 7 4 0 5 6 4 175
23 70 10 38.486 -121.34 319 149 100 370 2014 7 4 0 7 6 4 172
23 70 10 38.385 -121.17 345 146 160 370 2014 7 4 0 8 6 4 172
23 70 10 38.347 -121.05 367 134 191 370 2014 7 4 0 9 6 4 172
23 70 10 38.297 -120.89 394 129 225 370 2014 7 4 0 10 6 4 172
23 70 10 38.253 -120.76 409 112 251 370 2014 7 4 0 11 6 4 185
23 70 10 38.183 -120.64 430 112 273 370 2014 7 4 0 12 6 4 185
23 70 10 38.084 -120.54 442 119 293 370 2014 7 4 0 13 6 4 185
23 70 10 37.984 -120.44 450 142 316 370 2014 7 4 0 14 8 4 184
23 70 10 37.872 -120.38 438 153 341 370 2014 7 4 0 15 7 4 184
23 70 10 37.758 -120.33 433 162 361 370 2014 7 4 0 16 6 4 184
23 70 10 37.643 -120.29 430 161 370 370 2014 7 4 0 17 6 4 184
23 70 10 37.508 -120.23 430 161 370 370 2014 7 4 0 18 6 4 184
23 70 10 37.395 -120.18 428 161 370 370 2014 7 4 0 19 6 4 184
23 70 10 37.281 -120.15 424 162 370 370 2014 7 4 0 20 6 4 187
23 70 10 37.166 -120.12 420 168 370 370 2014 7 4 0 21 6 4 187
23 70 10 37.061 -120.09 420 168 370 370 2014 7 4 0 22 6 4 187
23 70 10 36.969 -120.07 419 167 370 370 2014 7 4 0 23 6 4 187
23 70 10 36.831 -120.03 420 168 370 370 2014 7 4 0 24 6 4 187
23 70 10 36.693 -120 421 168 370 370 2014 7 4 0 25 6 4 187
23 70 10 36.601 -119.98 420 168 370 370 2014 7 4 0 26 6 4 187
23 70 10 36.487 -119.95 420 168 370 370 2014 7 4 0 27 6 4 187
23 70 10 36.347 -119.91 422 168 370 370 2014 7 4 0 28 6 4 187
23 70 10 36.253 -119.89 422 167 370 370 2014 7 4 0 29 6 4 187
23 70 10 36.114 -119.85 423 169 370 370 2014 7 4 0 30 6 4 187
23 70 10 35.997 -119.82 425 168 370 370 2014 7 4 0 31 6 4 189
23 70 10 35.88 -119.8 426 168 365 370 2014 7 4 0 32 6 0 54
23 70 10 35.856 -119.79 428 169 363 370 2014 7 4 0 33 6 1 54
23 70 10 35.764 -119.76 425 166 355 370 2014 7 4 0 34 6 1 54
23 70 10 35.632 -119.69 433 153 343 370 2014 7 4 0 35 6 1 54
23 70 10 35.523 -119.62 438 153 334 370 2014 7 4 0 36 6 1 54
23 70 10 35.411 -119.55 438 153 324 370 2014 7 4 0 37 6 1 54
23 70 10 35.3 -119.48 440 154 300 370 2014 7 4 0 38 6 1 54
23 70 10 35.191 -119.42 441 153 275 370 2014 7 4 0 39 6 1 54
23 70 10 35.085 -119.35 431 153 249 370 2014 7 4 0 40 6 1 54
23 70 10 34.981 -119.29 421 154 225 370 2014 7 4 0 41 7 1 25
23 70 10 34.884 -119.23 402 153 203 370 2014 7 4 0 42 6 1 25
23 70 10 34.772 -119.16 390 153 176 370 2014 7 4 0 43 6 1 25
23 70 10 34.681 -119.11 376 153 154 370 2014 7 4 0 44 6 1 25
23 70 10 34.567 -119.05 346 153 129 370 2014 7 4 0 45 6 1 25
23 70 10 34.483 -118.98 333 154 109 370 2014 7 4 0 46 6 1 25
23 70 10 34.4 -118.93 307 133 99 370 2014 7 4 0 47 6 1 8
23 70 10 34.35 -118.87 291 142 85 370 2014 7 4 0 48 6 1 8
23 70 10 34.317 -118.78 288 119 69 370 2014 7 4 0 49 6 1 8
23 70 10 34.271 -118.72 284 122 58 370 2014 7 4 0 50 6 1 8
23 70 10 34.233 -118.62 245 114 46 370 2014 7 4 0 51 6 1 8
23 70 10 34.217 -118.55 225 110 36 370 2014 7 4 0 52 6 1 8
23 70 10 34.201 -118.49 204 107 30 370 2014 7 4 0 53 6 1 8
23 70 10 34.199 -118.44 160 89 20 370 2014 7 4 0 54 6 1 8
23 70 10 34.199 -118.4 139 89 13 370 2014 7 4 0 55 6 1 8
23 70 10 34.198 -118.36 137 89 7 370 2014 7 4 0 56 6 1 8
24 70 10 38.696 -121.59 149 0 0 370 2014 7 4 1 55 15 4 153
24 70 10 38.65 -121.55 203 149 26 370 2014 7 4 1 57 6 4 153
24 70 10 38.583 -121.42 277 133 83 370 2014 7 4 1 58 16 4 153
24 70 10 38.564 -121.38 267 122 94 370 2014 7 4 1 59 6 4 153
24 70 10 38.51 -121.27 319 122 125 370 2014 7 4 2 0 6 4 172
24 70 10 38.417 -121.08 402 121 167 370 2014 7 4 2 1 6 4 172
24 70 10 38.405 -121.05 396 126 176 370 2014 7 4 2 2 6 4 172
24 70 10 38.332 -120.9 417 120 207 370 2014 7 4 2 3 6 4 172
24 70 10 38.268 -120.76 437 119 231 370 2014 7 4 2 4 6 4 172
24 70 10 38.187 -120.64 458 121 250 370 2014 7 4 2 5 6 4 185
24 70 10 38.081 -120.54 472 135 269 370 2014 7 4 2 6 6 4 185
24 70 10 37.974 -120.43 479 136 270 370 2014 7 4 2 7 16 4 184
24 70 10 37.871 -120.33 477 143 270 370 2014 7 4 2 8 8 4 184
24 70 10 37.767 -120.23 471 142 270 370 2014 7 4 2 9 6 4 184
24 70 10 37.661 -120.13 473 142 289 370 2014 7 4 2 10 6 4 184
24 70 10 37.558 -120.03 471 142 314 370 2014 7 4 2 11 6 4 184
24 70 10 37.458 -119.94 471 141 335 370 2014 7 4 2 12 6 4 184
24 70 10 37.317 -119.87 445 159 358 370 2014 7 4 2 13 6 4 187
24 70 10 37.194 -119.86 439 174 370 370 2014 7 4 2 14 15 4 187
24 70 10 37.078 -119.84 434 173 370 370 2014 7 4 2 15 6 4 187
24 70 10 36.957 -119.83 433 174 370 370 2014 7 4 2 16 6 4 187
24 70 10 36.837 -119.82 433 174 370 370 2014 7 4 2 17 16 4 187
24 70 10 36.715 -119.8 434 175 370 370 2014 7 4 2 18 15 4 187
24 70 10 36.593 -119.79 435 174 370 370 2014 7 4 2 19 6 4 187
24 70 10 36.472 -119.78 434 175 370 370 2014 7 4 2 20 16 4 187
24 70 10 36.351 -119.78 433 174 370 370 2014 7 4 2 21 6 4 187
24 70 10 36.207 -119.78 434 180 367 370 2014 7 4 2 22 16 4 187
24 70 10 36.086 -119.78 434 181 358 370 2014 7 4 2 23 16 4 187
24 70 10 35.988 -119.79 433 181 350 370 2014 7 4 2 24 16 4 0
24 70 10 35.841 -119.78 435 175 339 370 2014 7 4 2 25 16 1 54
24 70 10 35.714 -119.75 453 169 326 370 2014 7 4 2 26 6 1 54
24 70 10 35.591 -119.72 453 169 326 370 2014 7 4 2 27 6 1 54
24 70 10 35.589 -119.72 453 169 312 370 2014 7 4 2 28 6 1 54
24 70 10 35.463 -119.69 453 168 297 370 2014 7 4 2 29 6 1 54
24 70 10 35.336 -119.66 459 169 275 370 2014 7 4 2 30 6 1 54
24 70 10 35.22 -119.61 453 160 260 370 2014 7 4 2 31 6 1 54
24 70 10 35.02 -119.45 434 145 260 370 2014 7 4 2 32 6 1 54
24 70 10 34.892 -119.37 425 146 247 370 2014 7 4 2 33 6 1 54
24 70 10 34.911 -119.39 429 155 251 370 2014 7 4 2 34 6 1 54
24 70 10 34.789 -119.31 422 153 226 370 2014 7 4 2 35 16 1 25
24 70 10 34.711 -119.22 403 136 193 370 2014 7 4 2 36 6 1 25
24 70 10 34.55 -119.05 382 139 130 370 2014 7 4 2 37 16 1 25
24 70 10 34.553 -119.06 391 138 133 370 2014 7 4 2 38 7 1 25
24 70 10 34.4 -118.9 315 141 100 370 2014 7 4 2 39 15 1 8
24 70 10 34.395 -118.89 315 140 99 370 2014 7 4 2 40 6 1 8
24 70 10 34.344 -118.82 290 132 82 370 2014 7 4 2 41 6 1 8
24 70 10 34.291 -118.75 288 125 67 370 2014 7 4 2 42 6 1 8
24 70 10 34.241 -118.67 286 132 51 370 2014 7 4 2 43 6 1 8
24 70 10 34.2 -118.53 233 121 37 370 2014 7 4 2 44 6 1 8
24 70 10 34.199 -118.52 249 89 34 370 2014 7 4 2 45 6 1 8
24 70 10 34.2 -118.45 215 89 26 370 2014 7 4 2 46 6 1 8
24 70 10 34.199 -118.4 163 89 12 370 2014 7 4 2 47 15 1 8
24 70 10 34.199 -118.36 153 91 9 370 2014 7 4 2 48 16 1 8
25 70 10 38.696 -121.59 149 0 0 370 2014 7 4 3 22 15 4 153
25 70 10 38.629 -121.54 228 157 33 370 2014 7 4 3 23 15 4 153
25 70 10 38.592 -121.46 276 148 63 370 2014 7 4 3 24 16 4 153
25 70 10 38.552 -121.37 281 123 106 370 2014 7 4 3 25 15 4 175
25 70 10 38.496 -121.25 330 123 145 370 2014 7 4 3 26 6 4 172
25 70 10 38.447 -121.14 352 120 178 370 2014 7 4 3 27 6 4 172
25 70 10 38.392 -121.03 380 120 210 370 2014 7 4 3 28 6 4 172
25 70 10 38.336 -120.91 393 120 239 370 2014 7 4 3 29 16 4 153
25 70 10 38.276 -120.78 414 120 265 370 2014 7 4 3 30 7 4 185
25 70 10 38.206 -120.66 432 121 288 370 2014 7 4 3 31 6 4 185
25 70 10 38.103 -120.56 458 123 290 370 2014 7 4 3 32 6 4 185
25 70 10 37.999 -120.46 465 142 290 370 2014 7 4 3 33 6 4 184
25 70 10 37.909 -120.38 458 142 290 370 2014 7 4 3 34 6 4 184
25 70 10 37.896 -120.36 467 145 290 370 2014 7 4 3 35 6 4 184
25 70 10 37.705 -120.18 464 145 290 370 2014 7 4 3 36 6 4 184
25 70 10 37.568 -120.04 467 142 293 370 2014 7 4 3 37 16 4 184
25 70 10 37.464 -119.94 467 142 319 370 2014 7 4 3 38 15 4 184
25 70 10 37.357 -119.86 461 144 341 350 2014 7 4 3 39 16 4 187
25 70 10 37.234 -119.84 447 172 350 350 2014 7 4 3 40 16 4 187
25 70 10 37.127 -119.83 442 174 350 350 2014 7 4 3 41 6 4 187
25 70 10 37.004 -119.82 440 174 350 350 2014 7 4 3 42 6 4 187
25 70 10 36.981 -119.82 439 174 350 350 2014 7 4 3 43 6 4 187
25 70 10 36.859 -119.8 440 176 350 350 2014 7 4 3 44 16 4 187
25 70 10 36.614 -119.78 438 175 350 350 2014 7 4 3 45 15 4 187
25 70 10 36.614 -119.78 438 175 350 350 2014 7 4 3 46 6 4 187
25 70 10 36.369 -119.75 439 175 350 350 2014 7 4 3 47 16 4 187
25 70 10 36.246 -119.74 439 175 350 350 2014 7 4 3 48 15 4 187
25 70 10 36.247 -119.74 440 175 350 350 2014 7 4 3 49 16 4 187
25 70 10 36.125 -119.73 439 175 350 350 2014 7 4 3 50 17 4 187
25 70 10 36.001 -119.72 440 175 350 350 2014 7 4 3 51 6 4 187
25 70 10 35.754 -119.69 442 175 350 350 2014 7 4 3 52 16 1 54
25 70 10 35.731 -119.69 440 175 350 350 2014 7 4 3 53 16 1 54
25 70 10 35.608 -119.68 440 175 350 350 2014 7 4 3 54 16 1 54
25 70 10 35.486 -119.66 440 175 350 350 2014 7 4 3 55 24 1 54
25 70 10 35.364 -119.65 437 175 285 350 2014 7 4 3 56 6 1 54
25 70 10 35.243 -119.63 438 169 260 350 2014 7 4 3 57 6 1 54
25 70 10 35.138 -119.54 449 146 260 350 2014 7 4 3 58 15 1 54
25 70 10 35.038 -119.46 445 144 242 350 2014 7 4 3 59 6 1 54
25 70 10 34.954 -119.34 445 132 242 350 2014 7 4 4 0 6 1 54
25 70 10 34.856 -119.3 389 145 210 350 2014 7 4 4 1 6 1 25
25 70 10 34.771 -119.23 376 145 187 350 2014 7 4 4 2 6 1 25
25 70 10 34.672 -119.14 369 146 159 350 2014 7 4 4 3 16 1 25
25 70 10 34.599 -119.08 359 140 138 350 2014 7 4 4 4 6 1 25
25 70 10 34.521 -119.02 342 146 115 350 2014 7 4 4 5 16 1 25
25 70 10 34.433 -118.93 305 144 102 350 2014 7 4 4 6 6 1 25
25 70 10 34.383 -118.87 294 130 86 350 2014 7 4 4 7 6 1 8
25 70 10 34.333 -118.78 287 129 72 350 2014 7 4 4 8 6 1 8
25 70 10 34.283 -118.72 273 133 61 350 2014 7 4 4 9 6 1 8
25 70 10 34.237 -118.66 244 127 53 350 2014 7 4 4 10 6 1 8
25 70 10 34.202 -118.61 214 128 40 350 2014 7 4 4 11 6 1 8
25 70 10 34.201 -118.55 177 89 36 350 2014 7 4 4 12 15 1 8
25 70 10 34.2 -118.5 165 89 28 350 2014 7 4 4 13 6 1 8
25 70 10 34.2 -118.45 137 91 20 350 2014 7 4 4 14 6 1 8
25 70 10 34.199 -118.41 143 88 14 350 2014 7 4 4 15 6 1 8
26 70 10 38.667 -121.58 170 0 19 370 2014 7 4 20 52 15 4 153
26 70 10 38.633 -121.54 192 168 47 370 2014 7 4 20 53 6 4 153
26 70 10 38.599 -121.47 248 149 77 370 2014 7 4 20 54 6 4 153
26 70 10 38.558 -121.39 278 128 115 370 2014 7 4 20 55 15 4 175
26 70 10 38.5 -121.26 344 121 158 370 2014 7 4 20 56 6 4 172
26 70 10 38.448 -121.15 361 120 191 370 2014 7 4 20 57 6 4 172
26 70 10 38.398 -121.04 361 120 191 370 2014 7 4 20 58 6 4 172
26 70 10 38.339 -120.91 392 120 254 370 2014 7 4 20 59 16 4 185
26 70 10 38.279 -120.79 413 120 280 370 2014 7 4 21 0 15 4 185
26 70 10 38.212 -120.66 426 120 303 370 2014 7 4 21 1 16 4 185
26 70 10 38.112 -120.57 440 122 331 370 2014 7 4 21 2 15 4 185
26 70 10 38.016 -120.47 439 142 353 370 2014 7 4 21 3 6 4 185
26 70 10 37.919 -120.38 439 146 370 370 2014 7 4 21 4 15 4 184
26 70 10 37.837 -120.31 426 142 370 370 2014 7 4 21 5 15 4 184
26 70 10 37.742 -120.22 432 142 370 370 2014 7 4 21 6 6 4 184
26 70 10 37.646 -120.12 432 142 370 370 2014 7 4 21 7 6 4 184
26 70 10 37.552 -120.03 433 142 370 370 2014 7 4 21 8 6 4 184
26 70 10 37.406 -119.95 429 153 370 370 2014 7 4 21 9 18 4 187
26 70 10 37.304 -119.93 428 174 370 370 2014 7 4 21 10 15 4 187
26 70 10 37.304 -119.93 428 174 370 370 2014 7 4 21 11 6 4 187
26 70 10 37.066 -119.9 428 173 370 370 2014 7 4 21 12 16 4 187
26 70 10 37.043 -119.89 430 173 370 370 2014 7 4 21 13 6 4 187
26 70 10 36.831 -119.86 426 173 370 370 2014 7 4 21 14 15 4 187
26 70 10 36.714 -119.85 423 173 370 370 2014 7 4 21 15 15 4 187
26 70 10 36.576 -119.83 417 173 370 370 2014 7 4 21 16 16 4 187
26 70 10 36.576 -119.83 418 173 370 370 2014 7 4 21 17 16 4 187
26 70 10 36.461 -119.81 417 173 370 370 2014 7 4 21 18 6 4 187
26 70 10 36.345 -119.79 417 173 370 370 2014 7 4 21 19 6 4 187
26 70 10 36.113 -119.76 418 173 370 370 2014 7 4 21 20 16 4 187
26 70 10 36.09 -119.76 418 173 370 370 2014 7 4 21 21 15 4 187
26 70 10 35.974 -119.74 417 173 370 370 2014 7 4 21 22 6 4 0
26 70 10 35.858 -119.72 417 173 370 370 2014 7 4 21 23 6 1 54
26 70 10 35.766 -119.71 416 173 370 370 2014 7 4 21 24 6 1 54
26 70 10 35.629 -119.69 413 173 346 370 2014 7 4 21 25 15 1 54
26 70 10 35.511 -119.68 420 173 316 370 2014 7 4 21 26 15 1 54
26 70 10 35.394 -119.66 420 173 288 370 2014 7 4 21 27 16 1 54
26 70 10 35.279 -119.64 419 173 263 370 2014 7 4 21 28 6 1 54
26 70 10 35.181 -119.58 412 150 260 370 2014 7 4 21 29 6 1 54
26 70 10 35.086 -119.5 412 145 260 370 2014 7 4 21 30 6 1 54
26 70 10 34.993 -119.42 412 144 247 370 2014 7 4 21 31 6 1 54
26 70 10 34.901 -119.34 405 145 223 370 2014 7 4 21 32 15 1 25
26 70 10 34.814 -119.26 388 145 199 370 2014 7 4 21 33 6 1 25
26 70 10 34.712 -119.18 381 145 172 370 2014 7 4 21 34 6 1 25
26 70 10 34.633 -119.11 354 146 149 370 2014 7 4 21 35 18 1 25
26 70 10 34.55 -119.04 339 146 124 370 2014 7 4 21 36 6 1 25
26 70 10 34.472 -118.98 336 140 109 370 2014 7 4 21 37 16 1 25
26 70 10 34.4 -118.93 302 153 96 370 2014 7 4 21 38 16 1 8
26 70 10 34.349 -118.85 283 131 84 370 2014 7 4 21 39 16 1 8
26 70 10 34.316 -118.77 264 115 72 370 2014 7 4 21 40 6 1 8
26 70 10 34.285 -118.7 254 115 56 370 2014 7 4 21 41 6 1 8
26 70 10 34.256 -118.63 245 121 40 370 2014 7 4 21 42 16 1 8
26 70 10 34.231 -118.56 228 106 30 370 2014 7 4 21 43 16 1 8
26 70 10 34.207 -118.51 207 111 31 370 2014 7 4 21 44 18 1 8
26 70 10 34.199 -118.44 192 111 20 370 2014 7 4 21 45 6 1 8
26 70 10 34.199 -118.4 175 89 15 370 2014 7 4 21 46 6 1 8
26 70 10 34.199 -118.35 168 89 11 370 2014 7 4 21 47 6 1 8
27 70 10 38.696 -121.59 149 0 0 370 2014 7 4 18 20 15 4 153
27 70 10 38.667 -121.58 174 0 19 370 2014 7 4 18 21 6 4 153
27 70 10 38.633 -121.53 221 168 48 370 2014 7 4 18 22 6 4 153
27 70 10 38.595 -121.46 254 126 82 370 2014 7 4 18 23 6 4 153
27 70 10 38.55 -121.37 289 121 105 370 2014 7 4 18 24 15 4 175
27 70 10 38.499 -121.25 332 121 143 370 2014 7 4 18 25 15 4 172
27 70 10 38.449 -121.15 351 121 177 370 2014 7 4 18 26 6 4 172
27 70 10 38.398 -121.04 375 120 209 370 2014 7 4 18 27 16 4 172
27 70 10 38.342 -120.92 391 121 240 370 2014 7 4 18 28 6 4 185
27 70 10 38.282 -120.79 407 122 268 370 2014 7 4 18 29 6 4 185
27 70 10 38.223 -120.69 410 124 289 370 2014 7 4 18 30 6 4 185
27 70 10 38.099 -120.56 437 141 303 370 2014 7 4 18 31 15 4 185
27 70 10 37.992 -120.48 435 146 332 370 2014 7 4 18 32 6 4 184
27 70 10 37.877 -120.43 433 166 355 370 2014 7 4 18 33 6 4 184
27 70 10 37.764 -120.38 432 160 370 370 2014 7 4 18 34 6 4 184
27 70 10 37.649 -120.33 433 160 370 370 2014 7 4 18 35 16 4 184
27 70 10 37.535 -120.28 434 159 370 370 2014 7 4 18 36 16 4 184
27 70 10 37.421 -120.23 433 161 370 370 2014 7 4 18 37 16 4 184
27 70 10 37.286 -120.17 431 159 370 370 2014 7 4 18 38 6 4 187
27 70 10 37.174 -120.12 430 158 370 370 2014 7 4 18 39 16 4 187
27 70 10 37.076 -120.08 428 161 370 370 2014 7 4 18 40 15 4 187
27 70 10 36.964 -120.04 424 163 370 370 2014 7 4 18 41 6 4 187
27 70 10 36.827 -120.01 421 169 370 370 2014 7 4 18 42 16 4 187
27 70 10 36.713 -119.98 420 169 370 370 2014 7 4 18 43 15 4 187
27 70 10 36.599 -119.96 417 169 370 370 2014 7 4 18 44 6 4 187
27 70 10 36.508 -119.93 415 169 370 370 2014 7 4 18 45 6 4 187
27 70 10 36.371 -119.9 417 168 370 370 2014 7 4 18 46 6 4 187
27 70 10 36.256 -119.87 417 169 370 370 2014 7 4 18 47 16 4 187
27 70 10 36.141 -119.85 418 169 370 370 2014 7 4 18 48 6 4 187
27 70 10 36.026 -119.82 419 169 370 370 2014 7 4 18 49 6 4 187
27 70 10 35.889 -119.79 417 169 370 370 2014 7 4 18 50 6 4 189
27 70 10 35.774 -119.76 418 169 370 370 2014 7 4 18 51 16 1 54
27 70 10 35.661 -119.74 415 169 357 370 2014 7 4 18 52 16 1 54
27 70 10 35.547 -119.71 415 169 328 370 2014 7 4 18 53 16 1 54
27 70 10 35.432 -119.68 414 169 297 370 2014 7 4 18 54 6 1 54
27 70 10 35.315 -119.66 420 169 257 370 2014 7 4 18 55 15 1 54
27 70 10 35.205 -119.6 427 169 240 370 2014 7 4 18 56 15 1 54
27 70 10 35.205 -119.6 424 156 240 370 2014 7 4 18 57 6 1 54
27 70 10 35.113 -119.52 412 145 240 370 2014 7 4 18 58 6 1 54
27 70 10 35.021 -119.44 404 144 240 370 2014 7 4 18 59 6 1 54
27 70 10 34.929 -119.36 404 145 230 370 2014 7 4 19 0 6 1 25
27 70 10 34.824 -119.27 389 145 202 370 2014 7 4 19 1 6 1 25
27 70 10 34.739 -119.2 374 145 179 370 2014 7 4 19 2 16 1 25
27 70 10 34.658 -119.13 365 184 155 370 2014 7 4 19 3 6 1 25
27 70 10 34.583 -119.07 347 145 134 370 2014 7 4 19 4 15 1 25
27 70 10 34.494 -119 338 145 110 370 2014 7 4 19 5 16 1 25
27 70 10 34.426 -118.94 305 148 100 370 2014 7 4 19 6 6 1 8
27 70 10 34.333 -118.8 267 130 75 370 2014 7 4 19 7 16 1 8
27 70 10 34.33 -118.8 270 125 73 370 2014 7 4 19 8 16 1 8
27 70 10 34.274 -118.72 257 132 55 370 2014 7 4 19 9 15 1 8
27 70 10 34.235 -118.66 240 128 48 370 2014 7 4 19 10 6 1 8
27 70 10 34.204 -118.61 201 128 40 370 2014 7 4 19 11 6 1 8
27 70 10 34.2 -118.55 185 106 36 370 2014 7 4 19 12 6 1 8
27 70 10 34.2 -118.45 161 89 21 370 2014 7 4 19 13 6 1 8
27 70 10 34.199 -118.44 175 89 19 370 2014 7 4 19 14 6 1 8
27 70 10 34.198 -118.4 152 89 12 370 2014 7 4 19 15 16 1 8
