1 70 36 38.667 -121.58 158 0 11 370 2014 7 1 2 9 6 4 153
1 70 36 38.644 -121.54 175 168 21 370 2014 7 1 2 10 16 4 153
1 70 36 38.644 -121.54 175 168 21 370 2014 7 1 2 11 6 4 153
1 70 36 38.565 -121.37 288 120 66 370 2014 7 1 2 12 6 4 153
1 70 36 38.522 -121.28 289 121 96 370 2014 7 1 2 13 6 4 172
1 70 36 38.478 -121.19 307 122 112 370 2014 7 1 2 14 16 4 172
1 70 36 38.421 -121.11 307 131 112 370 2014 7 1 2 15 6 4 172
1 70 36 38.364 -120.96 362 121 157 370 2014 7 1 2 16 6 4 172
1 70 36 38.294 -120.87 362 135 157 370 2014 7 1 2 17 6 4 172
1 70 36 38.309 -120.84 374 126 177 370 2014 7 1 2 18 6 4 172
1 70 36 38.251 -120.73 385 121 199 370 2014 7 1 2 19 6 4 172
1 70 36 38.109 -120.57 400 128 230 370 2014 7 1 2 20 6 4 172
1 70 36 38.084 -120.54 403 137 233 370 2014 7 1 2 21 6 4 172
1 70 36 37.991 -120.45 418 141 248 350 2014 7 1 2 22 6 4 184
1 70 36 37.809 -120.28 421 140 259 350 2014 7 1 2 23 16 4 184
1 70 36 37.809 -120.28 421 140 259 350 2014 7 1 2 24 6 4 184
1 70 36 37.614 -120.09 441 140 282 350 2014 7 1 2 25 6 4 184
1 70 36 37.605 -120.08 450 142 283 350 2014 7 1 2 26 6 4 184
1 70 36 37.502 -119.98 460 141 297 350 2014 7 1 2 27 16 4 184
1 70 36 37.407 -119.89 462 141 306 350 2014 7 1 2 28 15 4 187
1 70 36 37.304 -119.79 467 142 320 350 2014 7 1 2 29 16 4 187
1 70 36 37.175 -119.68 462 146 337 350 2014 7 1 2 30 16 4 187
1 70 36 37.056 -119.62 454 160 346 350 2014 7 1 2 31 6 4 187
1 70 36 36.933 -119.6 449 171 350 350 2014 7 1 2 32 6 4 187
1 70 36 36.811 -119.6 444 180 350 350 2014 7 1 2 33 6 4 187
1 70 36 36.689 -119.61 444 180 350 350 2014 7 1 2 34 6 4 187
1 70 36 36.564 -119.61 443 180 350 350 2014 7 1 2 35 6 4 187
1 70 36 36.441 -119.61 442 180 350 350 2014 7 1 2 36 7 4 187
1 70 36 36.293 -119.61 442 180 350 350 2014 7 1 2 37 6 4 187
1 70 36 36.171 -119.61 440 180 350 350 2014 7 1 2 38 16 4 187
1 70 36 36.048 -119.61 439 180 350 350 2014 7 1 2 39 6 4 187
1 70 36 35.924 -119.62 441 181 350 350 2014 7 1 2 40 6 1 54
1 70 36 35.802 -119.62 439 181 350 350 2014 7 1 2 41 6 1 54
1 70 36 35.678 -119.63 439 182 350 350 2014 7 1 2 42 6 1 54
1 70 36 35.554 -119.63 439 181 350 350 2014 7 1 2 43 6 1 54
1 70 36 35.429 -119.64 443 181 350 350 2014 7 1 2 44 15 1 54
1 70 36 35.278 -119.61 448 172 350 350 2014 7 1 2 45 6 1 54
1 70 36 35.159 -119.55 456 160 350 350 2014 7 1 2 46 6 1 54
1 70 36 35.05 -119.46 464 149 350 350 2014 7 1 2 47 16 1 54
1 70 36 34.942 -119.37 470 144 350 350 2014 7 1 2 48 6 1 54
1 70 36 34.835 -119.28 470 145 333 350 2014 7 1 2 49 6 1 54
1 70 36 34.73 -119.19 468 145 312 350 2014 7 1 2 50 6 1 54
1 70 36 34.625 -119.11 453 144 291 350 2014 7 1 2 51 6 1 54
1 70 36 34.523 -119.02 451 145 269 350 2014 7 1 2 52 6 1 54
1 70 36 34.421 -118.94 451 145 269 350 2014 7 1 2 53 6 1 54
1 70 36 34.423 -118.94 437 145 247 350 2014 7 1 2 54 6 1 54
1 70 36 34.298 -118.86 419 145 221 350 2014 7 1 2 55 6 1 25
1 70 36 34.078 -118.78 395 157 176 350 2014 7 1 2 56 6 1 25
1 70 36 33.976 -118.74 383 162 156 350 2014 7 1 2 57 6 1 25
1 70 36 33.872 -118.7 369 163 140 350 2014 7 1 2 58 6 1 24
1 70 36 33.85 -118.7 358 162 140 350 2014 7 1 2 59 6 1 24
1 70 36 33.767 -118.67 355 163 140 350 2014 7 1 3 0 6 1 24
1 70 36 33.667 -118.63 336 163 131 350 2014 7 1 3 1 6 1 2
1 70 36 33.594 -118.6 342 156 111 350 2014 7 1 3 2 6 1 2
1 70 36 33.517 -118.43 306 102 86 350 2014 7 1 3 3 16 1 2
1 70 36 33.517 -118.43 306 102 86 350 2014 7 1 3 4 6 1 2
1 70 36 33.534 -118.36 304 63 74 350 2014 7 1 3 5 6 1 2
1 70 36 33.58 -118.25 297 64 58 350 2014 7 1 3 6 6 1 2
1 70 36 33.616 -118.17 291 64 45 350 2014 7 1 3 7 6 1 2
1 70 36 33.667 -118.1 237 54 37 350 2014 7 1 3 8 6 1 2
1 70 36 33.702 -118.05 233 44 28 350 2014 7 1 3 9 15 1 2
1 70 36 33.75 -118.07 188 345 17 350 2014 7 1 3 10 6 1 2
1 70 36 33.783 -118.1 142 313 9 350 2014 7 1 3 11 6 1 2
1 70 36 33.81 -118.14 152 310 1 350 2014 7 1 3 12 6 1 2
2 70 36 38.667 -121.58 138 0 12 370 2014 7 1 19 45 6 4 153
2 70 36 38.641 -121.54 179 144 24 370 2014 7 1 19 46 6 4 153
2 70 36 38.582 -121.48 256 125 45 370 2014 7 1 19 47 7 4 153
2 70 36 38.519 -121.48 230 143 82 370 2014 7 1 19 48 15 4 153
2 70 36 38.478 -121.41 273 149 99 370 2014 7 1 19 49 16 4 175
2 70 36 38.438 -121.28 331 150 119 370 2014 7 1 19 50 6 4 172
2 70 36 38.402 -121.18 346 117 141 370 2014 7 1 19 51 6 4 172
2 70 36 38.361 -121.06 360 112 163 370 2014 7 1 19 52 6 4 172
2 70 36 38.311 -120.92 376 113 188 370 2014 7 1 19 53 6 4 172
2 70 36 38.266 -120.79 387 113 210 370 2014 7 1 19 54 16 4 172
2 70 36 38.206 -120.68 388 121 229 370 2014 7 1 19 55 6 4 172
2 70 36 38.145 -120.61 392 118 240 370 2014 7 1 19 56 6 4 185
2 70 36 38.055 -120.51 411 137 250 370 2014 7 1 19 57 6 4 185
2 70 36 37.945 -120.4 405 144 250 370 2014 7 1 19 58 15 4 184
2 70 36 37.856 -120.32 405 143 250 370 2014 7 1 19 59 6 4 184
2 70 36 37.767 -120.23 405 142 250 370 2014 7 1 20 0 6 4 184
2 70 36 37.714 -120.1 404 128 267 370 2014 7 1 20 1 6 4 184
2 70 36 37.62 -120.02 432 146 279 370 2014 7 1 20 2 16 4 184
2 70 36 37.522 -119.94 420 145 290 370 2014 7 1 20 3 15 4 184
2 70 36 37.412 -119.89 432 146 298 370 2014 7 1 20 4 16 4 187
2 70 36 37.266 -119.86 437 164 306 370 2014 7 1 20 5 16 4 187
2 70 36 37.259 -119.86 443 172 306 370 2014 7 1 20 6 6 4 187
2 70 36 37.132 -119.83 457 168 318 370 2014 7 1 20 7 6 4 187
2 70 36 37.011 -119.81 459 172 328 370 2014 7 1 20 8 6 4 187
2 70 36 36.886 -119.79 459 171 343 370 2014 7 1 20 9 6 4 187
2 70 36 36.738 -119.76 451 170 356 370 2014 7 1 20 10 6 4 187
2 70 36 36.486 -119.71 454 170 369 370 2014 7 1 20 11 6 4 187
2 70 36 36.362 -119.69 454 171 369 370 2014 7 1 20 12 6 4 187
2 70 36 36.362 -119.69 455 171 370 370 2014 7 1 20 13 6 4 187
2 70 36 36.237 -119.66 455 171 370 370 2014 7 1 20 14 16 4 187
2 70 36 36.111 -119.64 453 171 370 370 2014 7 1 20 15 6 4 187
2 70 36 35.986 -119.62 453 172 370 370 2014 7 1 20 16 6 4 0
2 70 36 35.861 -119.62 450 181 370 370 2014 7 1 20 17 6 1 54
2 70 36 35.737 -119.63 446 181 370 370 2014 7 1 20 18 6 1 54
2 70 36 35.612 -119.6 462 168 370 370 2014 7 1 20 19 16 1 54
2 70 36 35.466 -119.53 469 158 370 370 2014 7 1 20 20 6 1 54
2 70 36 35.347 -119.47 464 156 370 370 2014 7 1 20 21 6 1 54
2 70 36 35.228 -119.41 466 156 370 370 2014 7 1 20 22 6 1 54
2 70 36 35.11 -119.34 465 156 360 370 2014 7 1 20 23 16 1 54
2 70 36 34.992 -119.28 464 157 333 370 2014 7 1 20 24 6 1 54
2 70 36 34.876 -119.22 462 157 307 370 2014 7 1 20 25 6 1 54
2 70 36 34.746 -119.15 440 156 281 370 2014 7 1 20 26 10 1 54
2 70 36 34.634 -119.09 440 156 281 370 2014 7 1 20 27 6 1 54
2 70 36 34.545 -119.05 388 156 251 370 2014 7 1 20 28 6 1 54
2 70 36 34.451 -119 371 156 236 370 2014 7 1 20 29 6 1 25
2 70 36 34.359 -118.95 360 156 221 370 2014 7 1 20 30 6 1 25
2 70 36 34.269 -118.9 356 156 205 370 2014 7 1 20 31 6 1 25
2 70 36 34.164 -118.85 340 156 185 370 2014 7 1 20 32 6 1 25
2 70 36 34.079 -118.81 334 153 168 370 2014 7 1 20 33 16 1 25
2 70 36 33.99 -118.76 327 164 151 370 2014 7 1 20 34 16 1 25
2 70 36 33.91 -118.72 317 153 140 370 2014 7 1 20 35 6 1 24
2 70 36 33.818 -118.68 321 157 141 370 2014 7 1 20 36 6 1 24
2 70 36 33.817 -118.68 321 162 141 370 2014 7 1 20 37 6 1 24
2 70 36 33.731 -118.65 319 161 133 370 2014 7 1 20 38 16 1 2
2 70 36 33.567 -118.58 314 156 100 370 2014 7 1 20 39 16 1 2
2 70 36 33.517 -118.5 275 157 91 370 2014 7 1 20 40 16 1 2
2 70 36 33.515 -118.52 297 126 94 370 2014 7 1 20 41 6 1 2
2 70 36 33.5 -118.44 266 103 80 370 2014 7 1 20 42 6 1 2
2 70 36 33.517 -118.28 233 102 53 370 2014 7 1 20 43 15 1 2
2 70 36 33.516 -118.27 239 59 54 370 2014 7 1 20 44 6 1 2
2 70 36 33.55 -118.22 229 60 44 370 2014 7 1 20 45 6 1 2
2 70 36 33.583 -118.15 221 58 34 370 2014 7 1 20 46 6 1 2
2 70 36 33.617 -118.08 215 58 25 370 2014 7 1 20 47 6 1 2
2 70 36 33.65 -118.03 205 45 19 370 2014 7 1 20 48 6 1 2
2 70 36 33.71 -118.03 195 14 16 370 2014 7 1 20 49 16 1 2
2 70 36 33.745 -118.06 178 320 15 370 2014 7 1 20 50 15 1 2
2 70 36 33.773 -118.1 161 320 11 370 2014 7 1 20 51 6 1 2
2 70 36 33.8 -118.13 145 308 3 370 2014 7 1 20 52 6 1 2
3 70 36 38.696 -121.59 153 0 0 390 2014 7 2 2 11 15 4 153
3 70 36 38.627 -121.49 219 143 29 390 2014 7 2 2 12 16 4 153
3 70 36 38.585 -121.4 270 130 62 390 2014 7 2 2 13 16 4 153
3 70 36 38.585 -121.4 270 130 62 390 2014 7 2 2 14 6 4 153
3 70 36 38.498 -121.23 297 122 111 390 2014 7 2 2 15 15 4 172
3 70 36 38.498 -121.23 297 122 111 390 2014 7 2 2 16 6 4 172
3 70 36 38.389 -121 361 121 158 390 2014 7 2 2 17 16 4 172
3 70 36 38.319 -120.91 361 134 158 390 2014 7 2 2 18 6 4 172
3 70 36 38.333 -120.89 372 126 182 390 2014 7 2 2 19 15 4 172
3 70 36 38.276 -120.77 390 122 202 390 2014 7 2 2 20 6 4 172
3 70 36 38.139 -120.6 407 125 233 390 2014 7 2 2 21 15 4 172
3 70 36 38.049 -120.5 417 141 247 390 2014 7 2 2 22 15 4 185
3 70 36 37.954 -120.41 422 142 263 390 2014 7 2 2 23 15 4 184
3 70 36 37.91 -120.37 439 143 267 390 2014 7 2 2 24 6 4 184
3 70 36 37.729 -120.2 455 142 283 390 2014 7 2 2 25 16 4 184
3 70 36 37.622 -120.1 478 142 290 390 2014 7 2 2 26 15 4 184
3 70 36 37.514 -119.99 484 142 290 390 2014 7 2 2 27 16 4 184
3 70 36 37.484 -119.96 486 142 290 390 2014 7 2 2 28 16 4 184
3 70 36 37.377 -119.85 487 141 290 390 2014 7 2 2 29 15 4 187
3 70 36 37.273 -119.76 488 142 299 390 2014 7 2 2 30 6 4 187
3 70 36 37.133 -119.66 471 148 321 390 2014 7 2 2 31 6 4 187
3 70 36 37.009 -119.62 468 159 333 390 2014 7 2 2 32 6 4 187
3 70 36 36.779 -119.6 459 174 354 390 2014 7 2 2 33 16 4 187
3 70 36 36.754 -119.6 459 179 356 390 2014 7 2 2 34 16 4 187
3 70 36 36.627 -119.6 456 180 367 390 2014 7 2 2 35 15 4 187
3 70 36 36.501 -119.61 455 180 376 390 2014 7 2 2 36 6 4 187
3 70 36 36.374 -119.61 455 180 383 390 2014 7 2 2 37 16 4 187
3 70 36 36.248 -119.61 455 180 389 390 2014 7 2 2 38 16 4 187
3 70 36 36.123 -119.61 452 180 390 390 2014 7 2 2 39 15 4 187
3 70 36 35.996 -119.61 453 180 390 390 2014 7 2 2 40 15 4 0
3 70 36 35.87 -119.62 452 181 389 390 2014 7 2 2 41 16 1 54
3 70 36 35.719 -119.62 451 181 390 390 2014 7 2 2 42 16 1 54
3 70 36 35.593 -119.63 452 181 389 390 2014 7 2 2 43 16 1 54
3 70 36 35.466 -119.63 452 181 390 390 2014 7 2 2 44 6 1 54
3 70 36 35.338 -119.62 457 178 390 390 2014 7 2 2 45 6 1 54
3 70 36 35.213 -119.58 463 166 390 390 2014 7 2 2 46 6 1 54
3 70 36 35.097 -119.5 469 154 390 390 2014 7 2 2 47 15 1 54
3 70 36 34.987 -119.41 472 145 377 390 2014 7 2 2 48 6 1 54
3 70 36 34.882 -119.32 469 145 358 390 2014 7 2 2 49 15 1 54
3 70 36 34.774 -119.23 469 145 330 390 2014 7 2 2 50 6 1 54
3 70 36 34.665 -119.14 474 145 301 390 2014 7 2 2 51 16 1 54
3 70 36 34.56 -119.05 462 145 272 390 2014 7 2 2 52 16 1 54
3 70 36 34.461 -118.97 429 145 248 390 2014 7 2 2 53 15 1 54
3 70 36 34.364 -118.89 409 145 229 390 2014 7 2 2 54 6 1 25
3 70 36 34.26 -118.85 393 146 209 390 2014 7 2 2 55 15 1 25
3 70 36 34.142 -118.8 374 160 187 390 2014 7 2 2 56 16 1 25
3 70 36 34.046 -118.77 359 164 169 390 2014 7 2 2 57 16 1 25
3 70 36 33.954 -118.73 348 164 151 390 2014 7 2 2 58 15 1 24
3 70 36 33.856 -118.7 342 161 140 390 2014 7 2 2 59 16 1 24
3 70 36 33.817 -118.68 331 163 140 390 2014 7 2 3 0 6 1 24
3 70 36 33.7 -118.64 290 161 115 390 2014 7 2 3 1 15 1 2
3 70 36 33.604 -118.61 298 170 80 390 2014 7 2 3 2 15 1 2
3 70 36 33.583 -118.58 290 163 75 390 2014 7 2 3 3 6 1 2
3 70 36 33.563 -118.43 286 101 52 390 2014 7 2 3 4 15 1 2
3 70 36 33.567 -118.38 284 93 45 390 2014 7 2 3 5 16 1 2
3 70 36 33.579 -118.34 285 69 40 390 2014 7 2 3 6 6 1 2
3 70 36 33.633 -118.25 225 65 33 390 2014 7 2 3 7 16 1 2
3 70 36 33.667 -118.18 216 59 23 390 2014 7 2 3 8 15 1 2
3 70 36 33.7 -118.12 210 57 16 390 2014 7 2 3 9 16 1 2
3 70 36 33.717 -118.07 196 58 16 390 2014 7 2 3 10 15 1 2
3 70 36 33.767 -118.08 182 8 14 390 2014 7 2 3 11 6 1 2
3 70 36 33.783 -118.12 133 312 7 390 2014 7 2 3 12 6 1 2
3 70 36 33.812 -118.14 141 315 390 390 2014 7 2 3 13 6 1 51
4 70 36 38.696 -121.59 153 0 0 370 2014 7 2 19 8 6 4 153
4 70 36 38.617 -121.45 238 331 53 370 2014 7 2 19 10 6 4 153
4 70 36 38.579 -121.38 260 125 76 370 2014 7 2 19 11 6 4 153
4 70 36 38.536 -121.29 282 114 105 370 2014 7 2 19 12 6 4 172
4 70 36 38.487 -121.19 317 123 118 370 2014 7 2 19 13 6 4 172
4 70 36 38.41 -121.14 317 151 118 370 2014 7 2 19 14 6 4 172
4 70 36 38.429 -121.08 365 131 143 370 2014 7 2 19 15 6 4 172
4 70 36 38.315 -120.85 386 122 189 370 2014 7 2 19 16 17 4 172
4 70 36 38.254 -120.73 399 122 207 370 2014 7 2 19 17 6 4 172
4 70 36 38.174 -120.63 421 122 225 370 2014 7 2 19 18 16 4 172
4 70 36 38.069 -120.57 421 154 225 370 2014 7 2 19 19 16 4 172
4 70 36 37.983 -120.44 429 138 254 370 2014 7 2 19 20 6 4 184
4 70 36 37.884 -120.35 437 142 267 370 2014 7 2 19 21 6 4 184
4 70 36 37.783 -120.25 445 142 281 370 2014 7 2 19 22 16 4 184
4 70 36 37.661 -120.13 462 143 296 370 2014 7 2 19 23 16 4 184
4 70 36 37.576 -120.05 461 142 306 370 2014 7 2 19 24 6 4 184
4 70 36 37.556 -120.03 471 142 308 370 2014 7 2 19 25 6 4 184
4 70 36 37.451 -119.93 472 141 323 370 2014 7 2 19 26 6 4 184
4 70 36 37.347 -119.83 470 142 334 370 2014 7 2 19 27 6 4 187
4 70 36 37.241 -119.73 471 142 345 370 2014 7 2 19 28 6 4 187
4 70 36 37.114 -119.61 468 143 364 370 2014 7 2 19 29 6 4 187
4 70 36 36.994 -119.6 444 169 370 370 2014 7 2 19 30 6 4 187
4 70 36 36.871 -119.6 443 180 369 370 2014 7 2 19 31 6 4 187
4 70 36 36.773 -119.6 445 180 370 370 2014 7 2 19 32 6 4 187
4 70 36 36.624 -119.6 445 180 369 370 2014 7 2 19 33 15 4 187
4 70 36 36.5 -119.61 442 181 369 370 2014 7 2 19 34 6 4 187
4 70 36 36.377 -119.61 442 180 370 370 2014 7 2 19 35 6 4 187
4 70 36 36.253 -119.61 444 181 370 370 2014 7 2 19 36 6 4 187
4 70 36 36.13 -119.61 444 180 370 370 2014 7 2 19 37 7 4 187
4 70 36 36.006 -119.61 444 180 370 370 2014 7 2 19 38 6 4 187
4 70 36 35.856 -119.62 444 181 370 370 2014 7 2 19 39 6 1 54
4 70 36 35.732 -119.62 444 181 370 370 2014 7 2 19 40 6 1 54
4 70 36 35.608 -119.63 443 181 370 370 2014 7 2 19 41 6 1 54
4 70 36 35.481 -119.59 465 166 370 370 2014 7 2 19 42 16 1 54
4 70 36 35.358 -119.55 459 165 370 370 2014 7 2 19 43 6 1 54
4 70 36 35.243 -119.48 465 153 370 370 2014 7 2 19 44 6 1 54
4 70 36 35.104 -119.39 469 150 369 370 2014 7 2 19 45 6 1 54
4 70 36 34.992 -119.31 466 150 369 370 2014 7 2 19 46 6 1 54
4 70 36 34.879 -119.23 466 150 370 370 2014 7 2 19 47 6 1 54
4 70 36 34.765 -119.16 466 151 346 370 2014 7 2 19 48 6 1 54
4 70 36 34.651 -119.08 486 150 322 370 2014 7 2 19 49 6 1 54
4 70 36 34.514 -118.99 475 151 291 370 2014 7 2 19 50 6 1 54
4 70 36 34.4 -118.91 470 151 263 370 2014 7 2 19 51 6 1 54
4 70 36 34.283 -118.85 458 150 233 370 2014 7 2 19 52 16 1 25
4 70 36 34.204 -118.73 458 128 233 370 2014 7 2 19 53 6 1 25
4 70 36 34.166 -118.81 445 145 204 370 2014 7 2 19 54 6 1 25
4 70 36 34.053 -118.77 435 160 176 370 2014 7 2 19 55 6 1 25
4 70 36 33.831 -118.69 374 163 142 370 2014 7 2 19 56 6 1 24
4 70 36 33.733 -118.65 329 164 140 370 2014 7 2 19 57 15 1 2
4 70 36 33.667 -118.62 309 161 125 370 2014 7 2 19 58 6 1 2
4 70 36 33.617 -118.53 301 155 103 370 2014 7 2 19 59 16 1 2
4 70 36 33.567 -118.45 298 131 79 370 2014 7 2 20 0 6 1 2
4 70 36 33.55 -118.37 296 122 59 370 2014 7 2 20 1 7 1 2
4 70 36 33.567 -118.27 284 97 48 370 2014 7 2 20 2 16 1 2
4 70 36 33.561 -118.26 292 78 47 370 2014 7 2 20 3 6 1 2
4 70 36 33.583 -118.18 265 76 42 370 2014 7 2 20 4 6 1 2
4 70 36 33.614 -118.11 241 59 35 370 2014 7 2 20 5 6 1 2
4 70 36 33.656 -118.05 228 68 23 370 2014 7 2 20 6 6 1 2
4 70 36 33.709 -118.03 214 29 16 370 2014 7 2 20 7 6 1 2
4 70 36 33.749 -118.07 190 344 16 370 2014 7 2 20 8 16 1 2
4 70 36 33.778 -118.1 164 308 10 370 2014 7 2 20 9 6 1 2
4 70 36 33.812 -118.14 147 320 1 370 2014 7 2 20 10 6 1 2
5 70 36 38.667 -121.58 151 0 11 350 2014 7 3 2 7 16 4 153
5 70 36 38.65 -121.53 197 168 24 350 2014 7 3 2 8 6 4 153
5 70 36 38.6 -121.45 272 135 44 350 2014 7 3 2 9 6 4 153
5 70 36 38.567 -121.37 287 125 74 350 2014 7 3 2 10 6 4 153
5 70 36 38.517 -121.28 300 121 103 350 2014 7 3 2 11 6 4 172
5 70 36 38.502 -121.24 301 127 108 350 2014 7 3 2 12 6 4 172
5 70 36 38.451 -121.13 360 121 119 350 2014 7 3 2 13 15 4 172
5 70 36 38.394 -121.02 386 119 149 350 2014 7 3 2 14 6 4 172
5 70 36 38.331 -120.89 366 121 191 350 2014 7 3 2 15 16 4 172
5 70 36 38.273 -120.77 389 126 217 350 2014 7 3 2 16 6 4 172
5 70 36 38.212 -120.66 390 127 233 350 2014 7 3 2 17 6 4 172
5 70 36 38.119 -120.57 413 123 240 350 2014 7 3 2 18 15 4 185
5 70 36 38.021 -120.48 445 134 245 350 2014 7 3 2 19 6 4 185
5 70 36 37.916 -120.38 473 143 250 350 2014 7 3 2 20 6 4 184
5 70 36 37.809 -120.27 482 141 257 350 2014 7 3 2 21 6 4 184
5 70 36 37.701 -120.17 489 141 270 350 2014 7 3 2 22 16 4 184
5 70 36 37.592 -120.06 489 142 280 350 2014 7 3 2 23 15 4 184
5 70 36 37.462 -119.94 489 143 293 350 2014 7 3 2 24 6 4 184
5 70 36 37.355 -119.83 489 141 306 350 2014 7 3 2 25 16 4 187
5 70 36 37.262 -119.75 489 142 314 350 2014 7 3 2 26 6 4 187
5 70 36 37.118 -119.67 485 148 329 350 2014 7 3 2 27 6 4 187
5 70 36 37.013 -119.66 467 176 336 350 2014 7 3 2 28 6 4 187
5 70 36 36.884 -119.66 465 179 348 350 2014 7 3 2 29 16 4 187
5 70 36 36.731 -119.66 463 179 350 350 2014 7 3 2 30 16 4 187
5 70 36 36.603 -119.66 460 179 350 350 2014 7 3 2 31 6 4 187
5 70 36 36.474 -119.66 460 179 350 350 2014 7 3 2 32 16 4 187
5 70 36 36.344 -119.66 462 180 350 350 2014 7 3 2 33 15 4 187
5 70 36 36.241 -119.65 464 179 350 350 2014 7 3 2 34 6 4 187
5 70 36 36.085 -119.65 464 179 350 350 2014 7 3 2 35 16 4 187
5 70 36 35.955 -119.65 465 179 350 350 2014 7 3 2 36 6 4 0
5 70 36 35.8 -119.65 464 179 350 350 2014 7 3 2 37 6 1 54
5 70 36 35.673 -119.63 461 177 350 350 2014 7 3 2 38 15 1 54
5 70 36 35.554 -119.57 463 157 349 350 2014 7 3 2 39 15 1 54
5 70 36 35.459 -119.52 463 156 349 350 2014 7 3 2 40 6 1 54
5 70 36 35.338 -119.45 463 157 349 350 2014 7 3 2 41 6 1 54
5 70 36 35.217 -119.39 466 156 350 350 2014 7 3 2 42 6 1 54
5 70 36 35.096 -119.33 467 156 347 350 2014 7 3 2 43 16 1 54
5 70 36 34.953 -119.25 467 156 335 350 2014 7 3 2 44 16 1 54
5 70 36 34.831 -119.19 468 156 326 350 2014 7 3 2 45 16 1 54
5 70 36 34.709 -119.13 471 156 315 350 2014 7 3 2 46 15 1 54
5 70 36 34.709 -119.13 471 156 315 350 2014 7 3 2 47 6 1 54
5 70 36 34.465 -119 489 157 297 350 2014 7 3 2 48 15 1 54
5 70 36 34.313 -118.93 490 157 264 350 2014 7 3 2 49 15 1 54
5 70 36 34.313 -118.93 490 157 264 350 2014 7 3 2 50 6 1 54
5 70 36 34.185 -118.86 506 157 228 350 2014 7 3 2 51 6 1 25
5 70 36 34.063 -118.8 480 156 191 350 2014 7 3 2 52 6 1 25
5 70 36 33.833 -118.68 425 157 139 350 2014 7 3 2 53 15 1 24
5 70 36 33.717 -118.65 420 160 134 350 2014 7 3 2 54 6 1 2
5 70 36 33.617 -118.62 395 163 116 350 2014 7 3 2 55 6 1 2
5 70 36 33.533 -118.55 325 163 106 350 2014 7 3 2 56 15 1 2
5 70 36 33.527 -118.55 335 146 104 350 2014 7 3 2 57 6 1 2
5 70 36 33.533 -118.37 300 98 72 350 2014 7 3 2 58 16 1 2
5 70 36 33.541 -118.36 306 77 71 350 2014 7 3 2 59 7 1 2
5 70 36 33.57 -118.25 298 64 53 350 2014 7 3 3 0 16 1 2
5 70 36 33.607 -118.17 290 68 41 350 2014 7 3 3 1 6 1 2
5 70 36 33.659 -118.12 264 39 31 350 2014 7 3 3 2 6 1 2
5 70 36 33.716 -118.08 242 39 16 350 2014 7 3 3 3 6 1 2
5 70 36 33.764 -118.08 212 0 13 350 2014 7 3 3 4 6 1 2
5 70 36 33.792 -118.12 168 301 6 350 2014 7 3 3 5 6 1 2
5 70 36 33.819 -118.15 148 314 350 350 2014 7 3 3 6 6 1 51
6 70 36 38.65 -121.57 173 0 19 370 2014 7 3 19 16 6 4 153
6 70 36 38.617 -121.5 253 157 35 370 2014 7 3 19 17 6 4 153
6 70 36 38.583 -121.42 278 121 66 370 2014 7 3 19 18 6 4 153
6 70 36 38.558 -121.37 277 123 82 370 2014 7 3 19 19 6 4 153
6 70 36 38.515 -121.28 296 124 107 370 2014 7 3 19 20 6 4 172
6 70 36 38.466 -121.17 335 124 124 370 2014 7 3 19 21 6 4 172
6 70 36 38.405 -121.05 362 120 153 370 2014 7 3 19 22 6 4 172
6 70 36 38.349 -120.93 376 121 173 370 2014 7 3 19 23 6 4 172
6 70 36 38.292 -120.81 389 125 194 370 2014 7 3 19 24 6 4 172
6 70 36 38.23 -120.69 398 121 212 370 2014 7 3 19 25 6 4 172
6 70 36 38.14 -120.6 417 122 229 370 2014 7 3 19 26 6 4 172
6 70 36 38.029 -120.49 420 135 247 370 2014 7 3 19 27 6 4 185
6 70 36 37.932 -120.39 433 142 261 370 2014 7 3 19 28 9 4 184
6 70 36 37.832 -120.29 447 144 275 370 2014 7 3 19 29 6 4 184
6 70 36 37.731 -120.2 452 141 287 370 2014 7 3 19 30 6 4 184
6 70 36 37.627 -120.1 463 142 290 370 2014 7 3 19 31 6 4 184
6 70 36 37.525 -120 464 142 297 370 2014 7 3 19 32 6 4 184
6 70 36 37.42 -119.9 472 142 309 370 2014 7 3 19 33 6 4 184
6 70 36 37.305 -119.79 472 142 325 370 2014 7 3 19 34 6 4 187
6 70 36 37.185 -119.76 448 159 339 370 2014 7 3 19 35 6 4 187
6 70 36 37.086 -119.74 443 167 349 370 2014 7 3 19 36 6 4 187
6 70 36 36.94 -119.73 444 174 363 370 2014 7 3 19 37 6 4 187
6 70 36 36.797 -119.71 436 175 370 370 2014 7 3 19 38 6 4 187
6 70 36 36.677 -119.7 432 174 369 370 2014 7 3 19 39 6 4 187
6 70 36 36.556 -119.68 432 175 370 370 2014 7 3 19 40 6 4 187
6 70 36 36.46 -119.67 431 174 369 370 2014 7 3 19 41 6 4 187
6 70 36 36.339 -119.66 434 175 370 370 2014 7 3 19 42 6 4 187
6 70 36 36.219 -119.64 434 174 370 370 2014 7 3 19 43 6 4 187
6 70 36 36.099 -119.63 433 174 369 370 2014 7 3 19 44 10 4 187
6 70 36 36.075 -119.62 433 174 369 370 2014 7 3 19 45 6 4 187
6 70 36 35.955 -119.62 432 175 369 370 2014 7 3 19 46 6 1 54
6 70 36 35.811 -119.62 429 182 369 370 2014 7 3 19 47 6 1 54
6 70 36 35.691 -119.63 429 181 370 370 2014 7 3 19 48 6 1 54
6 70 36 35.57 -119.63 429 181 370 370 2014 7 3 19 49 6 1 54
6 70 36 35.451 -119.63 430 181 370 370 2014 7 3 19 51 6 1 54
6 70 36 35.451 -119.63 430 181 370 370 2014 7 3 19 51 6 1 54
6 70 36 35.211 -119.58 441 172 369 370 2014 7 3 19 52 6 1 54
6 70 36 35.1 -119.51 454 152 370 370 2014 7 3 19 53 6 1 54
6 70 36 34.996 -119.42 456 144 366 370 2014 7 3 19 54 6 1 54
6 70 36 34.873 -119.31 450 146 343 370 2014 7 3 19 55 6 1 54
6 70 36 34.768 -119.22 455 144 321 370 2014 7 3 19 56 6 1 54
6 70 36 34.662 -119.13 458 145 300 370 2014 7 3 19 57 6 1 54
6 70 36 34.565 -119.06 458 145 280 370 2014 7 3 19 58 6 1 54
6 70 36 34.46 -118.97 459 145 258 370 2014 7 3 19 59 6 1 54
6 70 36 34.356 -118.89 453 145 235 370 2014 7 3 20 0 6 1 25
6 70 36 34.244 -118.84 431 151 212 370 2014 7 3 20 1 6 1 25
6 70 36 34.112 -118.79 411 161 183 370 2014 7 3 20 2 6 1 25
6 70 36 34 -118.75 397 164 157 370 2014 7 3 20 3 6 1 25
6 70 36 33.898 -118.71 383 164 140 370 2014 7 3 20 4 6 1 24
6 70 36 33.808 -118.68 366 164 140 370 2014 7 3 20 5 6 1 24
6 70 36 33.706 -118.64 314 161 134 370 2014 7 3 20 6 7 1 2
6 70 36 33.629 -118.61 303 161 120 370 2014 7 3 20 7 6 1 2
6 70 36 33.574 -118.54 302 125 106 370 2014 7 3 20 8 6 1 2
6 70 36 33.521 -118.46 299 140 93 370 2014 7 3 20 9 6 1 2
6 70 36 33.47 -118.39 292 120 76 370 2014 7 3 20 10 16 1 2
6 70 36 33.478 -118.29 298 101 59 370 2014 7 3 20 11 6 1 2
6 70 36 33.517 -118.23 285 50 49 370 2014 7 3 20 12 6 1 2
6 70 36 33.573 -118.14 282 44 38 370 2014 7 3 20 13 6 1 2
6 70 36 33.611 -118.08 248 59 31 370 2014 7 3 20 14 6 1 2
6 70 36 33.633 -118.05 218 52 26 370 2014 7 3 20 15 6 1 2
6 70 36 33.7 -118.03 209 40 24 370 2014 7 3 20 16 6 1 2
6 70 36 33.76 -118.08 202 331 15 370 2014 7 3 20 17 6 1 2
6 70 36 33.783 -118.1 170 317 10 370 2014 7 3 20 18 6 1 2
6 70 36 33.8 -118.13 138 313 3 370 2014 7 3 20 19 6 1 2
6 70 36 33.819 -118.15 149 301 1 370 2014 7 3 20 20 6 1 2
7 70 36 38.696 -121.59 153 0 0 370 2014 7 4 2 9 6 4 153
7 70 36 38.601 -121.44 278 331 49 370 2014 7 4 2 12 6 4 153
7 70 36 38.56 -121.35 282 122 83 370 2014 7 4 2 13 6 4 153
7 70 36 38.517 -121.27 289 117 108 370 2014 7 4 2 14 15 4 172
7 70 36 38.469 -121.17 322 136 129 370 2014 7 4 2 15 6 4 172
7 70 36 38.412 -121.05 355 125 150 370 2014 7 4 2 16 6 4 172
7 70 36 38.351 -120.93 379 121 173 370 2014 7 4 2 17 16 4 172
7 70 36 38.296 -120.81 409 122 192 370 2014 7 4 2 18 15 4 172
7 70 36 38.23 -120.7 411 121 210 370 2014 7 4 2 19 6 4 172
7 70 36 38.143 -120.6 419 123 228 370 2014 7 4 2 20 16 4 172
7 70 36 38.049 -120.5 431 131 242 370 2014 7 4 2 21 6 4 185
7 70 36 37.951 -120.41 441 142 257 370 2014 7 4 2 22 16 4 184
7 70 36 37.826 -120.3 453 145 274 370 2014 7 4 2 23 16 4 184
7 70 36 37.703 -120.26 455 160 289 370 2014 7 4 2 24 16 4 184
7 70 36 37.58 -120.21 461 163 301 370 2014 7 4 2 25 16 4 184
7 70 36 37.457 -120.16 460 161 319 370 2014 7 4 2 26 6 4 184
7 70 36 37.344 -120.13 460 161 331 370 2014 7 4 2 27 6 4 187
7 70 36 37.216 -120.07 452 165 344 370 2014 7 4 2 28 6 4 187
7 70 36 37.082 -120.02 448 160 350 370 2014 7 4 2 29 6 4 187
7 70 36 36.984 -119.99 447 164 349 350 2014 7 4 2 30 6 4 187
7 70 36 36.838 -119.93 452 163 349 350 2014 7 4 2 31 6 4 187
7 70 36 36.717 -119.89 453 163 349 350 2014 7 4 2 32 6 4 187
7 70 36 36.597 -119.84 452 163 349 350 2014 7 4 2 33 6 4 187
7 70 36 36.477 -119.8 451 163 349 350 2014 7 4 2 34 6 4 187
7 70 36 36.356 -119.75 451 163 349 350 2014 7 4 2 35 16 4 187
7 70 36 36.235 -119.71 452 163 349 350 2014 7 4 2 36 6 4 187
7 70 36 36.114 -119.66 453 163 350 350 2014 7 4 2 37 16 4 187
7 70 36 35.99 -119.63 454 166 349 350 2014 7 4 2 38 7 4 0
7 70 36 35.865 -119.62 452 177 350 350 2014 7 4 2 39 15 1 54
7 70 36 35.74 -119.62 450 181 350 350 2014 7 4 2 40 6 1 54
7 70 36 35.615 -119.63 448 181 349 350 2014 7 4 2 41 6 1 54
7 70 36 35.466 -119.62 451 181 349 350 2014 7 4 2 42 6 1 54
7 70 36 35.467 -119.62 453 176 349 350 2014 7 4 2 43 6 1 54
7 70 36 35.353 -119.54 461 151 349 350 2014 7 4 2 44 6 1 54
7 70 36 35.241 -119.47 461 150 349 350 2014 7 4 2 45 6 1 54
7 70 36 35.016 -119.32 460 151 348 350 2014 7 4 2 46 6 1 54
7 70 36 34.903 -119.24 461 151 338 350 2014 7 4 2 47 15 1 54
7 70 36 34.789 -119.17 462 151 319 350 2014 7 4 2 48 16 1 54
7 70 36 34.674 -119.09 468 151 296 350 2014 7 4 2 49 6 1 54
7 70 36 34.664 -119.08 468 151 294 350 2014 7 4 2 50 6 1 54
7 70 36 34.551 -119.01 459 151 273 350 2014 7 4 2 51 6 1 54
7 70 36 34.443 -118.94 443 151 249 350 2014 7 4 2 52 6 1 54
7 70 36 34.335 -118.87 429 151 226 350 2014 7 4 2 53 6 1 25
7 70 36 34.203 -118.82 411 152 198 350 2014 7 4 2 54 6 1 25
7 70 36 34.083 -118.78 392 162 172 350 2014 7 4 2 55 6 1 25
7 70 36 33.983 -118.75 378 163 148 350 2014 7 4 2 56 6 1 25
7 70 36 33.883 -118.72 345 163 140 350 2014 7 4 2 57 6 1 24
7 70 36 33.81 -118.68 324 166 140 350 2014 7 4 2 58 16 1 24
7 70 36 33.729 -118.65 304 161 133 350 2014 7 4 2 59 6 1 2
7 70 36 33.636 -118.62 297 161 105 350 2014 7 4 3 0 6 1 2
7 70 36 33.568 -118.57 299 150 89 350 2014 7 4 3 1 16 1 2
7 70 36 33.572 -118.48 305 101 75 350 2014 7 4 3 2 6 1 2
7 70 36 33.584 -118.38 293 80 61 350 2014 7 4 3 3 6 1 2
7 70 36 33.594 -118.29 288 73 46 350 2014 7 4 3 4 16 1 2
7 70 36 33.605 -118.18 279 89 30 350 2014 7 4 3 5 16 1 2
7 70 36 33.64 -118.11 253 59 30 350 2014 7 4 3 6 6 1 2
7 70 36 33.677 -118.06 226 58 22 350 2014 7 4 3 7 6 1 2
7 70 36 33.722 -118.04 214 29 20 350 2014 7 4 3 8 6 1 2
7 70 36 33.761 -118.08 201 320 14 350 2014 7 4 3 9 16 1 2
7 70 36 33.796 -118.12 164 308 4 350 2014 7 4 3 10 6 1 2
7 70 36 33.817 -118.15 146 320 350 350 2014 7 4 3 11 6 1 51
8 70 36 38.683 -121.58 139 0 8 370 2014 7 4 19 59 15 4 153
8 70 36 38.65 -121.53 193 154 23 370 2014 7 4 20 0 6 4 153
8 70 36 38.617 -121.47 263 135 47 370 2014 7 4 20 1 6 4 153
8 70 36 38.567 -121.38 278 126 79 370 2014 7 4 20 2 6 4 153
8 70 36 38.523 -121.29 286 117 106 370 2014 7 4 20 3 15 4 172
8 70 36 38.472 -121.18 336 122 124 370 2014 7 4 20 4 15 4 172
8 70 36 38.415 -121.06 356 123 151 370 2014 7 4 20 5 16 4 172
8 70 36 38.415 -121.06 356 123 151 370 2014 7 4 20 6 6 4 172
8 70 36 38.359 -120.95 374 125 170 370 2014 7 4 20 7 16 4 172
8 70 36 38.299 -120.83 392 121 190 370 2014 7 4 20 8 16 4 172
8 70 36 38.237 -120.71 400 122 209 370 2014 7 4 20 9 16 4 172
8 70 36 38.152 -120.61 411 122 225 370 2014 7 4 20 10 6 4 172
8 70 36 38.057 -120.52 420 130 240 370 2014 7 4 20 11 15 4 185
8 70 36 37.97 -120.42 433 142 255 370 2014 7 4 20 12 6 4 184
8 70 36 37.873 -120.33 433 142 269 370 2014 7 4 20 13 15 4 184
8 70 36 37.746 -120.21 450 143 284 370 2014 7 4 20 14 16 4 184
8 70 36 37.644 -120.11 458 143 298 370 2014 7 4 20 15 16 4 184
8 70 36 37.539 -120.01 468 142 310 370 2014 7 4 20 16 6 4 184
8 70 36 37.444 -119.93 463 140 323 370 2014 7 4 20 17 6 4 184
8 70 36 37.341 -119.83 466 142 334 370 2014 7 4 20 18 6 4 187
8 70 36 37.236 -119.72 475 143 348 370 2014 7 4 20 19 6 4 187
8 70 36 37.102 -119.64 453 152 363 370 2014 7 4 20 20 16 4 187
8 70 36 36.983 -119.61 439 166 370 370 2014 7 4 20 21 16 4 187
8 70 36 36.863 -119.6 434 178 370 370 2014 7 4 20 22 6 4 187
8 70 36 36.741 -119.6 436 179 370 370 2014 7 4 20 23 6 4 187
8 70 36 36.619 -119.61 436 179 370 370 2014 7 4 20 24 6 4 187
8 70 36 36.497 -119.61 436 180 370 370 2014 7 4 20 25 15 4 187
8 70 36 36.374 -119.61 436 181 370 370 2014 7 4 20 26 15 4 187
8 70 36 36.229 -119.61 435 180 370 370 2014 7 4 20 27 6 4 187
8 70 36 36.108 -119.61 434 180 370 370 2014 7 4 20 28 6 4 187
8 70 36 36.011 -119.62 434 180 370 370 2014 7 4 20 29 15 4 187
8 70 36 35.891 -119.62 432 181 370 370 2014 7 4 20 30 6 1 54
8 70 36 35.746 -119.62 431 181 370 370 2014 7 4 20 31 6 1 54
8 70 36 35.626 -119.63 430 181 370 370 2014 7 4 20 32 6 1 54
8 70 36 35.509 -119.59 434 163 370 370 2014 7 4 20 33 6 1 54
8 70 36 35.396 -119.52 445 155 370 370 2014 7 4 20 34 6 1 54
8 70 36 35.261 -119.45 442 155 369 370 2014 7 4 20 35 6 1 54
8 70 36 35.147 -119.38 442 156 370 370 2014 7 4 20 36 15 1 54
8 70 36 35.034 -119.32 442 155 363 370 2014 7 4 20 37 6 1 54
8 70 36 34.946 -119.28 441 156 356 370 2014 7 4 20 38 6 1 54
8 70 36 34.809 -119.2 442 155 335 370 2014 7 4 20 39 15 1 54
8 70 36 34.717 -119.15 447 155 316 370 2014 7 4 20 40 6 1 54
8 70 36 34.694 -119.14 449 155 311 370 2014 7 4 20 41 6 1 54
8 70 36 34.567 -119.07 461 155 285 370 2014 7 4 20 42 6 1 54
8 70 36 34.452 -119.01 459 156 261 370 2014 7 4 20 43 6 1 54
8 70 36 34.34 -118.95 446 156 237 370 2014 7 4 20 44 6 1 25
8 70 36 34.232 -118.89 427 156 213 370 2014 7 4 20 45 6 1 25
8 70 36 34.083 -118.8 405 156 177 370 2014 7 4 20 46 16 1 25
8 70 36 33.983 -118.75 392 156 154 370 2014 7 4 20 47 16 1 25
8 70 36 33.9 -118.72 376 156 141 370 2014 7 4 20 48 6 1 24
8 70 36 33.783 -118.67 352 162 135 370 2014 7 4 20 49 15 1 24
8 70 36 33.7 -118.63 345 163 116 370 2014 7 4 20 50 16 1 2
8 70 36 33.633 -118.57 294 138 102 370 2014 7 4 20 51 16 1 2
8 70 36 33.583 -118.5 288 133 82 370 2014 7 4 20 52 15 1 2
8 70 36 33.566 -118.42 287 107 67 370 2014 7 4 20 53 6 1 2
8 70 36 33.584 -118.33 280 76 53 370 2014 7 4 20 54 6 1 2
8 70 36 33.604 -118.25 277 76 40 370 2014 7 4 20 55 15 1 2
8 70 36 33.637 -118.16 260 59 32 370 2014 7 4 20 56 6 1 2
8 70 36 33.683 -118.12 210 41 27 370 2014 7 4 20 57 6 1 2
8 70 36 33.719 -118.07 200 50 21 370 2014 7 4 20 58 6 1 2
8 70 36 33.753 -118.07 172 0 14 370 2014 7 4 20 59 16 1 2
8 70 36 33.779 -118.1 152 320 9 370 2014 7 4 21 0 15 1 2
8 70 36 33.807 -118.14 148 301 4 370 2014 7 4 21 1 16 1 2
