1 70 46 38.696 -121.59 157 0 0 190 2014 7 2 18 5 16 4 153
1 70 46 38.6 -121.47 235 29 72 190 2014 7 2 18 7 6 4 153
1 70 46 38.561 -121.42 234 128 85 190 2014 7 2 18 8 6 4 153
1 70 46 38.508 -121.35 256 133 93 190 2014 7 2 18 9 6 4 153
1 70 46 38.433 -121.3 261 161 100 190 2014 7 2 18 10 6 4 172
1 70 46 38.351 -121.31 297 187 100 190 2014 7 2 18 11 11 4 172
1 70 46 38.259 -121.32 323 180 99 190 2014 7 2 18 12 6 4 172
1 70 46 38.179 -121.38 333 212 99 190 2014 7 2 18 13 16 4 172
1 70 46 38.1 -121.45 336 214 99 190 2014 7 2 18 14 7 4 152
1 70 46 38.017 -121.5 334 210 99 190 2014 7 2 18 15 6 4 152
1 70 46 37.942 -121.56 321 209 98 190 2014 7 2 18 16 6 4 152
1 70 46 37.872 -121.61 290 210 90 190 2014 7 2 18 17 6 4 152
1 70 46 37.792 -121.67 279 210 85 190 2014 7 2 18 18 6 4 152
1 70 46 37.741 -121.74 276 218 79 190 2014 7 2 18 19 6 4 152
1 70 46 37.708 -121.82 255 243 75 190 2014 7 2 18 20 6 4 152
1 70 46 37.678 -121.89 236 237 64 190 2014 7 2 18 21 6 4 152
1 70 46 37.653 -121.97 232 252 53 190 2014 7 2 18 22 6 4 152
1 70 46 37.637 -122.04 226 255 39 190 2014 7 2 18 23 6 4 152
1 70 46 37.629 -122.11 225 252 30 190 2014 7 2 18 24 6 4 152
1 70 46 37.66 -122.15 186 292 17 190 2014 7 2 18 25 6 4 152
1 70 46 37.686 -122.19 159 310 6 190 2014 7 2 18 26 6 4 152
1 70 46 37.711 -122.23 133 302 190 190 2014 7 2 18 27 6 4 155
