1 62 1 32.743 -117.23 152 0 16 390 2014 7 1 20 59 6 1 9
1 62 1 32.756 -117.29 199 284 35 390 2014 7 1 21 0 6 1 9
1 62 1 32.696 -117.31 261 231 51 390 2014 7 1 21 1 6 1 9
1 62 1 32.649 -117.24 284 139 82 390 2014 7 1 21 2 6 1 9
1 62 1 32.632 -117.12 288 106 115 390 2014 7 1 21 3 6 1 9
1 62 1 32.615 -117.01 335 105 138 390 2014 7 1 21 4 6 1 9
1 62 1 32.625 -116.9 335 83 138 390 2014 7 1 21 5 6 1 9
1 62 1 32.63 -116.77 368 93 194 390 2014 7 1 21 6 6 1 28
1 62 1 32.643 -116.65 381 85 218 390 2014 7 1 21 7 6 1 28
1 62 1 32.655 -116.52 381 83 218 390 2014 7 1 21 8 6 1 28
1 62 1 32.658 -116.49 414 83 242 390 2014 7 1 21 9 6 1 50
1 62 1 32.671 -116.35 424 83 262 390 2014 7 1 21 10 15 1 50
1 62 1 32.684 -116.21 441 83 280 390 2014 7 1 21 11 6 1 50
1 62 1 32.715 -115.88 468 83 314 390 2014 7 1 21 12 16 1 50
1 62 1 32.715 -115.88 468 83 314 390 2014 7 1 21 13 6 1 50
1 62 1 32.736 -115.64 463 83 342 390 2014 7 1 21 14 16 1 50
1 62 1 32.752 -115.49 473 83 357 390 2014 7 1 21 15 16 1 50
1 62 1 32.758 -115.33 473 86 371 390 2014 7 1 21 16 6 1 50
1 62 1 32.755 -115.26 468 87 375 390 2014 7 1 21 17 6 1 50
1 62 1 32.762 -115.02 472 86 388 390 2014 7 1 21 18 6 1 50
1 62 1 32.767 -114.83 477 88 390 390 2014 7 1 21 19 16 1 50
1 62 1 32.768 -114.67 477 88 390 390 2014 7 1 21 20 16 1 50
1 62 1 32.771 -114.6 479 89 390 390 2014 7 1 21 21 6 1 50
1 62 1 32.772 -114.36 477 89 390 390 2014 7 1 21 22 16 1 50
1 62 1 32.774 -114.29 477 89 390 390 2014 7 1 21 23 15 1 50
1 62 1 32.776 -114.1 476 88 390 390 2014 7 1 21 24 21 1 50
1 62 1 32.779 -113.95 471 89 390 390 2014 7 1 21 25 16 2 102
1 62 1 32.804 -113.8 469 84 390 390 2014 7 1 21 26 6 2 102
1 62 1 32.825 -113.64 469 80 390 390 2014 7 1 21 27 6 2 102
1 62 1 32.847 -113.49 473 80 390 390 2014 7 1 21 28 16 2 102
1 62 1 32.869 -113.34 472 80 390 390 2014 7 1 21 29 6 2 102
1 62 1 32.892 -113.16 472 80 390 390 2014 7 1 21 30 15 2 102
1 62 1 32.9 -113.09 470 81 390 390 2014 7 1 21 31 6 2 102
1 62 1 32.921 -112.94 470 80 390 390 2014 7 1 21 32 16 2 102
1 62 1 32.943 -112.78 470 80 390 390 2014 7 1 21 33 16 2 102
1 62 1 32.985 -112.61 472 80 390 390 2014 7 1 21 34 6 2 102
1 62 1 33.044 -112.47 459 72 390 390 2014 7 1 21 35 16 2 102
1 62 1 33.102 -112.34 459 68 390 390 2014 7 1 21 36 6 2 102
1 62 1 33.158 -112.21 462 62 390 390 2014 7 1 21 37 6 2 102
1 62 1 33.216 -112.07 463 62 390 390 2014 7 1 21 38 16 2 102
1 62 1 33.295 -111.92 463 62 390 390 2014 7 1 21 39 6 2 102
1 62 1 33.371 -111.8 461 60 390 390 2014 7 1 21 40 6 2 102
1 62 1 33.446 -111.68 461 56 390 390 2014 7 1 21 41 6 2 102
1 62 1 33.522 -111.55 461 53 390 390 2014 7 1 21 42 6 2 102
1 62 1 33.604 -111.44 460 53 390 390 2014 7 1 21 43 15 2 105
1 62 1 33.709 -111.31 456 49 390 390 2014 7 1 21 44 16 2 105
1 62 1 33.796 -111.2 456 47 390 390 2014 7 1 21 45 16 2 105
1 62 1 33.883 -111.09 456 45 390 390 2014 7 1 21 46 12 2 105
1 62 1 33.971 -110.98 457 46 390 390 2014 7 1 21 47 6 2 105
1 62 1 34.059 -110.87 459 46 390 390 2014 7 1 21 48 6 2 105
1 62 1 34.163 -110.74 459 46 390 390 2014 7 1 21 49 16 2 105
1 62 1 34.249 -110.62 459 46 390 390 2014 7 1 21 50 6 2 105
1 62 1 34.337 -110.51 459 46 390 390 2014 7 1 21 51 6 2 105
1 62 1 34.339 -110.51 459 46 390 390 2014 7 1 21 52 6 2 105
1 62 1 34.379 -110.36 469 46 390 390 2014 7 1 21 53 6 2 105
1 62 1 34.391 -110.18 471 59 390 390 2014 7 1 21 54 6 2 105
1 62 1 34.402 -110.03 470 78 390 390 2014 7 1 21 55 15 2 105
1 62 1 34.415 -109.86 470 85 390 390 2014 7 1 21 56 6 2 105
1 62 1 34.425 -109.71 470 84 390 390 2014 7 1 21 57 6 2 105
1 62 1 34.448 -109.38 468 85 390 390 2014 7 1 21 58 16 2 104
1 62 1 34.448 -109.38 468 85 390 390 2014 7 1 21 59 6 2 104
1 62 1 34.468 -109.23 469 100 385 390 2014 7 1 22 0 6 2 104
1 62 1 34.504 -109.06 467 83 375 390 2014 7 1 22 1 10 2 104
1 62 1 34.534 -108.92 471 76 366 390 2014 7 1 22 2 6 2 100
1 62 1 34.568 -108.74 472 75 355 390 2014 7 1 22 3 6 2 100
1 62 1 34.597 -108.59 472 76 346 390 2014 7 1 22 4 6 2 100
1 62 1 34.631 -108.42 472 76 322 390 2014 7 1 22 5 6 2 100
1 62 1 34.66 -108.28 469 75 299 390 2014 7 1 22 6 6 2 100
1 62 1 34.691 -108.11 455 76 274 390 2014 7 1 22 7 6 2 68
1 62 1 34.718 -107.97 437 76 253 390 2014 7 1 22 8 15 2 68
1 62 1 34.726 -107.83 425 76 232 390 2014 7 1 22 9 6 2 68
1 62 1 34.739 -107.7 411 78 213 390 2014 7 1 22 10 6 2 68
1 62 1 34.737 -107.57 395 84 194 390 2014 7 1 22 11 6 2 68
1 62 1 34.744 -107.44 385 80 179 390 2014 7 1 22 12 16 2 68
1 62 1 34.818 -107.33 363 68 156 390 2014 7 1 22 13 16 2 68
1 62 1 34.872 -107.22 371 54 136 390 2014 7 1 22 14 16 2 80
1 62 1 34.896 -107.12 334 66 125 390 2014 7 1 22 15 16 2 80
1 62 1 34.89 -107.01 315 92 111 390 2014 7 1 22 16 6 2 80
1 62 1 34.884 -106.91 307 94 99 390 2014 7 1 22 17 6 2 80
1 62 1 34.878 -106.81 259 93 93 390 2014 7 1 22 18 6 2 80
1 62 1 34.92 -106.75 221 58 81 390 2014 7 1 22 19 6 2 80
1 62 1 34.958 -106.71 197 45 69 390 2014 7 1 22 20 6 2 80
1 62 1 34.988 -106.67 159 42 62 390 2014 7 1 22 21 6 2 80
1 62 1 35.017 -106.64 154 45 55 390 2014 7 1 22 22 15 2 80
1 62 1 35.017 -106.64 154 45 55 390 2014 7 1 22 23 6 2 80
2 62 1 32.739 -117.21 175 0 10 410 2014 7 1 0 20 6 1 9
2 62 1 32.756 -117.28 213 77 27 410 2014 7 1 0 21 6 1 9
2 62 1 32.713 -117.32 245 286 54 410 2014 7 1 0 22 6 1 9
2 62 1 32.658 -117.27 252 254 87 410 2014 7 1 0 23 6 1 9
2 62 1 32.639 -117.16 273 174 124 410 2014 7 1 0 24 6 1 9
2 62 1 32.624 -117.07 289 107 145 410 2014 7 1 0 25 6 1 9
2 62 1 32.612 -116.95 359 101 158 410 2014 7 1 0 26 6 1 28
2 62 1 32.625 -116.82 394 93 173 390 2014 7 1 0 27 6 1 28
2 62 1 32.639 -116.68 422 89 201 390 2014 7 1 0 28 6 1 28
2 62 1 32.656 -116.51 430 83 228 390 2014 7 1 0 29 6 1 28
2 62 1 32.669 -116.37 447 83 245 390 2014 7 1 0 30 6 1 50
2 62 1 32.683 -116.22 468 83 265 390 2014 7 1 0 31 6 1 50
2 62 1 32.693 -116.06 471 83 280 390 2014 7 1 0 32 6 1 50
2 62 1 32.703 -115.87 477 84 304 390 2014 7 1 0 33 6 1 50
2 62 1 32.712 -115.72 484 85 315 390 2014 7 1 0 34 6 1 50
2 62 1 32.72 -115.55 493 85 334 390 2014 7 1 0 35 6 1 50
2 62 1 32.73 -115.4 485 85 350 390 2014 7 1 0 36 6 1 50
2 62 1 32.741 -115.24 488 85 362 390 2014 7 1 0 37 15 1 50
2 62 1 32.749 -115.08 490 86 377 390 2014 7 1 0 38 16 1 50
2 62 1 32.758 -114.89 482 86 390 390 2014 7 1 0 39 6 1 50
2 62 1 32.765 -114.73 480 87 390 390 2014 7 1 0 40 6 1 50
2 62 1 32.771 -114.57 481 86 390 390 2014 7 1 0 41 6 1 50
2 62 1 32.774 -114.41 484 87 389 390 2014 7 1 0 42 6 1 50
2 62 1 32.775 -114.26 481 89 390 390 2014 7 1 0 43 6 1 50
2 62 1 32.776 -114.17 479 89 390 390 2014 7 1 0 44 6 1 50
2 62 1 32.776 -114.01 479 88 390 390 2014 7 1 0 45 6 1 50
2 62 1 32.812 -113.76 476 82 390 390 2014 7 1 0 46 6 2 102
2 62 1 32.841 -113.68 473 78 389 390 2014 7 1 0 47 6 2 102
2 62 1 32.897 -113.53 472 65 390 390 2014 7 1 0 48 6 2 102
2 62 1 32.949 -113.39 472 66 390 390 2014 7 1 0 49 6 2 102
2 62 1 33.023 -113.19 473 66 390 390 2014 7 1 0 50 6 2 102
2 62 1 33.055 -113.1 472 66 390 390 2014 7 1 0 51 6 2 102
2 62 1 33.107 -112.96 472 66 390 390 2014 7 1 0 52 6 2 102
2 62 1 33.16 -112.81 473 66 390 390 2014 7 1 0 53 16 2 102
2 62 1 33.222 -112.64 473 66 390 390 2014 7 1 0 54 6 2 102
2 62 1 33.275 -112.49 473 66 390 390 2014 7 1 0 55 6 2 102
2 62 1 33.325 -112.36 470 66 390 390 2014 7 1 0 56 6 2 102
2 62 1 33.376 -112.22 470 66 390 390 2014 7 1 0 57 6 2 102
2 62 1 33.427 -112.07 470 66 390 390 2014 7 1 0 58 6 2 102
2 62 1 33.427 -112.07 471 66 390 390 2014 7 1 0 59 6 2 102
2 62 1 33.488 -111.9 469 66 390 390 2014 7 1 1 0 6 2 102
2 62 1 33.539 -111.76 469 66 390 390 2014 7 1 1 1 6 2 102
2 62 1 33.589 -111.62 469 66 390 390 2014 7 1 1 2 6 2 105
2 62 1 33.639 -111.47 470 66 390 390 2014 7 1 1 3 6 2 105
2 62 1 33.75 -111.15 472 67 390 390 2014 7 1 1 4 6 2 105
2 62 1 33.8 -111.01 472 67 390 390 2014 7 1 1 5 6 2 105
2 62 1 33.801 -111.01 476 67 390 390 2014 7 1 1 6 6 2 105
2 62 1 33.852 -110.86 478 67 390 390 2014 7 1 1 7 6 2 105
2 62 1 33.901 -110.71 478 67 390 390 2014 7 1 1 8 6 2 105
2 62 1 33.951 -110.57 478 67 390 390 2014 7 1 1 9 6 2 105
2 62 1 34.008 -110.39 474 67 390 390 2014 7 1 1 10 6 2 105
2 62 1 34.061 -110.24 475 68 390 390 2014 7 1 1 11 6 2 105
2 62 1 34.111 -110.09 476 67 390 390 2014 7 1 1 12 6 2 105
2 62 1 34.165 -109.93 476 67 390 390 2014 7 1 1 13 6 2 105
2 62 1 34.212 -109.79 476 67 390 390 2014 7 1 1 14 6 2 105
2 62 1 34.267 -109.62 476 68 390 390 2014 7 1 1 15 6 2 105
2 62 1 34.314 -109.48 476 67 390 390 2014 7 1 1 16 6 2 105
2 62 1 34.368 -109.32 476 68 389 390 2014 7 1 1 17 6 2 104
2 62 1 34.413 -109.17 476 68 379 390 2014 7 1 1 18 6 2 104
2 62 1 34.44 -109.02 476 68 370 390 2014 7 1 1 19 16 2 104
2 62 1 34.462 -108.85 474 73 360 390 2014 7 1 1 20 6 2 100
2 62 1 34.481 -108.7 474 79 350 390 2014 7 1 1 21 6 2 100
2 62 1 34.525 -108.53 466 81 340 390 2014 7 1 1 22 6 2 100
2 62 1 34.572 -108.38 470 76 330 390 2014 7 1 1 23 6 2 100
2 62 1 34.622 -108.22 474 70 320 390 2014 7 1 1 24 6 2 100
2 62 1 34.665 -108.08 474 69 293 390 2014 7 1 1 25 6 2 100
2 62 1 34.71 -107.93 473 70 266 390 2014 7 1 1 26 6 2 68
2 62 1 34.755 -107.79 466 69 239 390 2014 7 1 1 27 6 2 68
2 62 1 34.806 -107.62 446 69 208 390 2014 7 1 1 28 6 2 68
2 62 1 34.846 -107.48 431 70 184 390 2014 7 1 1 29 6 2 68
2 62 1 34.883 -107.36 410 69 160 390 2014 7 1 1 30 6 2 68
2 62 1 34.899 -107.26 385 70 145 390 2014 7 1 1 31 6 2 80
2 62 1 34.904 -107.13 385 80 121 390 2014 7 1 1 32 6 2 80
2 62 1 34.91 -107 370 86 110 390 2014 7 1 1 33 6 2 80
2 62 1 34.913 -106.85 318 86 110 390 2014 7 1 1 34 16 2 80
2 62 1 34.909 -106.75 318 93 110 390 2014 7 1 1 35 6 2 80
2 62 1 34.905 -106.65 289 92 110 390 2014 7 1 1 36 6 2 80
2 62 1 34.902 -106.59 276 92 110 390 2014 7 1 1 37 16 2 80
2 62 1 34.907 -106.5 259 92 111 390 2014 7 1 1 38 6 2 80
2 62 1 34.92 -106.42 226 81 105 390 2014 7 1 1 39 6 2 80
2 62 1 34.97 -106.39 208 64 92 390 2014 7 1 1 40 6 2 80
2 62 1 35.013 -106.44 209 340 86 390 2014 7 1 1 41 6 2 80
2 62 1 35.047 -106.5 197 309 78 390 2014 7 1 1 42 6 2 80
2 62 1 35.044 -106.58 176 266 53 390 2014 7 1 1 43 16 2 80
5 62 1 32.741 -117.22 152 269 13 390 2014 7 2 20 47 6 1 9
5 62 1 32.755 -117.28 195 287 28 390 2014 7 2 20 48 6 1 9
5 62 1 32.709 -117.33 264 292 46 390 2014 7 2 20 49 6 1 9
5 62 1 32.649 -117.25 277 212 83 390 2014 7 2 20 50 6 1 9
5 62 1 32.636 -117.15 288 164 108 390 2014 7 2 20 51 6 1 9
5 62 1 32.618 -117.03 350 106 132 390 2014 7 2 20 52 9 1 9
5 62 1 32.616 -116.92 366 99 159 390 2014 7 2 20 53 6 1 28
5 62 1 32.629 -116.79 383 91 185 390 2014 7 2 20 54 16 1 28
5 62 1 32.642 -116.66 395 86 210 390 2014 7 2 20 55 6 1 28
5 62 1 32.657 -116.5 415 83 235 390 2014 7 2 20 56 6 1 28
5 62 1 32.669 -116.36 431 83 256 390 2014 7 2 20 57 6 1 50
5 62 1 32.684 -116.21 443 83 275 390 2014 7 2 20 58 6 1 50
5 62 1 32.698 -116.06 460 83 289 390 2014 7 2 20 59 6 1 50
5 62 1 32.716 -115.88 471 83 307 390 2014 7 2 21 0 6 1 50
5 62 1 32.73 -115.72 476 83 326 390 2014 7 2 21 1 6 1 50
5 62 1 32.744 -115.56 480 83 337 390 2014 7 2 21 2 6 1 50
5 62 1 32.754 -115.4 489 83 353 390 2014 7 2 21 3 6 1 50
5 62 1 32.757 -115.25 482 88 371 390 2014 7 2 21 4 6 1 50
5 62 1 32.76 -115.16 475 88 378 390 2014 7 2 21 5 6 1 50
5 62 1 32.763 -115.01 472 88 388 390 2014 7 2 21 6 6 1 50
5 62 1 32.766 -114.82 472 88 390 390 2014 7 2 21 7 6 1 50
5 62 1 32.77 -114.66 472 88 390 390 2014 7 2 21 8 6 1 50
5 62 1 32.771 -114.51 472 88 390 390 2014 7 2 21 9 16 1 50
5 62 1 32.771 -114.35 472 89 390 390 2014 7 2 21 10 6 1 50
5 62 1 32.773 -114.2 472 88 390 390 2014 7 2 21 11 6 1 50
5 62 1 32.776 -114.04 471 90 390 390 2014 7 2 21 12 6 1 50
5 62 1 32.785 -113.89 468 88 390 390 2014 7 2 21 13 6 2 102
5 62 1 32.814 -113.71 464 79 390 390 2014 7 2 21 14 6 2 102
5 62 1 32.857 -113.57 464 76 390 390 2014 7 2 21 15 6 2 102
5 62 1 32.911 -113.43 464 67 390 390 2014 7 2 21 16 6 2 102
5 62 1 32.963 -113.28 464 65 390 390 2014 7 2 21 17 15 2 102
5 62 1 33.015 -113.14 464 66 390 390 2014 7 2 21 18 6 2 102
5 62 1 33.068 -113 464 66 390 390 2014 7 2 21 19 16 2 102
5 62 1 33.119 -112.86 464 65 390 390 2014 7 2 21 20 6 2 102
5 62 1 33.127 -112.71 464 86 390 390 2014 7 2 21 21 6 2 102
5 62 1 33.171 -112.72 464 74 390 390 2014 7 2 21 22 6 2 102
5 62 1 33.229 -112.57 459 66 390 390 2014 7 2 21 23 6 2 102
5 62 1 33.281 -112.43 457 66 390 390 2014 7 2 21 24 6 2 102
5 62 1 33.332 -112.29 457 66 390 390 2014 7 2 21 25 6 2 102
5 62 1 33.383 -112.15 462 66 390 390 2014 7 2 21 26 6 2 102
5 62 1 33.443 -111.98 462 66 390 390 2014 7 2 21 27 15 2 102
5 62 1 33.493 -111.84 462 66 390 390 2014 7 2 21 28 6 2 102
5 62 1 33.543 -111.7 462 66 390 390 2014 7 2 21 29 6 2 102
5 62 1 33.594 -111.56 461 66 390 390 2014 7 2 21 30 6 2 105
5 62 1 33.642 -111.42 458 66 390 390 2014 7 2 21 31 6 2 105
5 62 1 33.702 -111.26 458 66 390 390 2014 7 2 21 32 6 2 105
5 62 1 33.751 -111.12 458 66 390 390 2014 7 2 21 33 6 2 105
5 62 1 33.801 -110.97 458 66 390 390 2014 7 2 21 34 6 2 105
5 62 1 33.851 -110.83 460 67 390 390 2014 7 2 21 35 6 2 105
5 62 1 33.9 -110.69 460 67 390 390 2014 7 2 21 36 6 2 105
5 62 1 33.981 -110.58 458 66 390 390 2014 7 2 21 37 6 2 105
5 62 1 34.082 -110.46 454 55 390 390 2014 7 2 21 38 16 2 105
5 62 1 34.166 -110.35 454 48 390 390 2014 7 2 21 39 15 2 105
5 62 1 34.263 -110.24 454 47 390 390 2014 7 2 21 40 6 2 105
5 62 1 34.363 -110.12 453 44 390 390 2014 7 2 21 41 6 2 105
5 62 1 34.449 -110.01 453 45 390 390 2014 7 2 21 42 6 2 105
5 62 1 34.536 -109.88 455 45 390 390 2014 7 2 21 43 6 2 105
5 62 1 34.603 -109.76 456 48 390 390 2014 7 2 21 44 6 2 104
5 62 1 34.67 -109.63 457 52 390 390 2014 7 2 21 45 6 2 104
5 62 1 34.75 -109.49 458 56 390 390 2014 7 2 21 46 6 2 104
5 62 1 34.818 -109.36 460 56 390 390 2014 7 2 21 47 6 2 104
5 62 1 34.897 -109.22 460 56 388 390 2014 7 2 21 48 6 2 104
5 62 1 34.967 -109.09 461 56 378 390 2014 7 2 21 49 16 2 104
5 62 1 35.058 -108.96 461 55 368 350 2014 7 2 21 50 6 2 88
5 62 1 35.159 -108.86 461 37 368 350 2014 7 2 21 51 6 2 88
5 62 1 35.14 -108.84 465 47 358 350 2014 7 2 21 52 6 2 88
5 62 1 35.317 -108.59 467 48 350 290 2014 7 2 21 53 17 2 88
5 62 1 35.317 -108.59 467 48 350 290 2014 7 2 21 54 6 2 88
5 62 1 35.399 -108.44 470 49 340 290 2014 7 2 21 55 6 2 88
5 62 1 35.465 -108.12 475 61 292 290 2014 7 2 21 56 6 2 88
5 62 1 35.595 -108.14 475 352 292 290 2014 7 2 21 57 6 2 88
5 62 1 35.461 -107.97 462 51 273 290 2014 7 2 21 58 6 2 68
5 62 1 35.454 -107.83 442 87 249 290 2014 7 2 21 59 16 2 68
5 62 1 35.436 -107.67 430 92 223 290 2014 7 2 22 0 6 2 68
5 62 1 35.399 -107.55 410 95 198 290 2014 7 2 22 1 6 2 68
5 62 1 35.303 -107.36 399 122 164 290 2014 7 2 22 2 6 2 68
5 62 1 35.246 -107.24 377 120 140 290 2014 7 2 22 3 6 2 80
5 62 1 35.194 -107.13 363 119 119 290 2014 7 2 22 4 6 2 80
5 62 1 35.154 -107.04 319 120 104 290 2014 7 2 22 5 6 2 80
5 62 1 35.114 -106.96 287 119 92 290 2014 7 2 22 6 6 2 80
5 62 1 35.075 -106.88 280 120 79 290 2014 7 2 22 7 6 2 80
5 62 1 35.044 -106.81 210 120 79 290 2014 7 2 22 8 6 2 80
5 62 1 35.044 -106.74 168 97 72 290 2014 7 2 22 9 6 2 80
5 62 1 35.044 -106.68 172 89 63 290 2014 7 2 22 10 6 2 80
5 62 1 35.042 -106.63 149 90 56 290 2014 7 2 22 11 6 2 80
5 62 1 35.043 -106.6 152 92 53 290 2014 7 2 22 12 6 2 80
8 62 1 32.742 -117.23 170 0 15 390 2014 7 3 0 25 16 1 9
8 62 1 32.754 -117.3 212 284 39 390 2014 7 3 0 26 6 1 9
8 62 1 32.695 -117.3 233 301 70 390 2014 7 3 0 27 6 1 9
8 62 1 32.646 -117.21 279 229 103 390 2014 7 3 0 28 16 1 9
8 62 1 32.629 -117.1 320 144 119 390 2014 7 3 0 29 16 1 9
8 62 1 32.612 -116.98 373 111 147 390 2014 7 3 0 30 6 1 9
8 62 1 32.623 -116.85 379 94 177 390 2014 7 3 0 31 6 1 28
8 62 1 32.634 -116.72 389 91 199 390 2014 7 3 0 32 6 1 28
8 62 1 32.647 -116.6 389 83 199 390 2014 7 3 0 33 6 1 28
8 62 1 32.651 -116.56 414 83 226 390 2014 7 3 0 34 6 1 28
8 62 1 32.677 -116.28 437 83 268 390 2014 7 3 0 35 15 1 50
8 62 1 32.691 -116.13 453 83 282 390 2014 7 3 0 36 16 1 50
8 62 1 32.709 -115.95 469 83 301 390 2014 7 3 0 37 6 1 50
8 62 1 32.724 -115.79 477 83 318 390 2014 7 3 0 38 16 1 50
8 62 1 32.724 -115.79 477 83 318 390 2014 7 3 0 39 6 1 50
8 62 1 32.744 -115.58 484 83 337 390 2014 7 3 0 40 6 1 50
8 62 1 32.753 -115.42 482 84 353 390 2014 7 3 0 41 6 1 50
8 62 1 32.759 -115.27 480 88 367 390 2014 7 3 0 42 6 1 50
8 62 1 32.761 -115.11 478 87 379 390 2014 7 3 0 43 15 1 50
8 62 1 32.764 -114.95 476 88 390 390 2014 7 3 0 44 16 1 50
8 62 1 32.766 -114.8 475 88 390 390 2014 7 3 0 45 6 1 50
8 62 1 32.769 -114.61 474 88 390 390 2014 7 3 0 46 16 1 50
8 62 1 32.771 -114.46 474 89 390 390 2014 7 3 0 47 6 1 50
8 62 1 32.772 -114.36 473 90 390 390 2014 7 3 0 48 6 1 50
8 62 1 32.774 -114.15 474 90 390 390 2014 7 3 0 49 6 1 50
8 62 1 32.776 -113.99 473 88 390 390 2014 7 3 0 50 6 2 102
8 62 1 32.796 -113.84 469 83 390 390 2014 7 3 0 51 6 2 102
8 62 1 32.818 -113.69 469 78 390 390 2014 7 3 0 52 6 2 102
8 62 1 32.84 -113.53 468 80 390 390 2014 7 3 0 53 6 2 102
8 62 1 32.877 -113.39 466 75 390 390 2014 7 3 0 54 15 2 102
8 62 1 32.931 -113.25 460 64 390 390 2014 7 3 0 55 16 2 102
8 62 1 32.984 -113.11 460 65 390 390 2014 7 3 0 56 6 2 102
8 62 1 33.047 -112.95 459 65 390 390 2014 7 3 0 57 6 2 102
8 62 1 33.1 -112.81 459 66 390 390 2014 7 3 0 58 16 2 102
8 62 1 33.152 -112.67 459 65 390 390 2014 7 3 0 59 16 2 102
8 62 1 33.201 -112.54 453 65 390 390 2014 7 3 1 0 6 2 102
8 62 1 33.254 -112.41 454 65 390 390 2014 7 3 1 1 16 2 102
8 62 1 33.316 -112.24 456 65 390 390 2014 7 3 1 2 6 2 102
8 62 1 33.367 -112.1 456 65 390 390 2014 7 3 1 3 6 2 102
8 62 1 33.42 -111.96 461 66 390 390 2014 7 3 1 4 15 2 102
8 62 1 33.42 -111.96 461 66 390 390 2014 7 3 1 5 6 2 102
8 62 1 33.471 -111.82 461 65 390 390 2014 7 3 1 6 6 2 102
8 62 1 33.523 -111.68 461 65 390 390 2014 7 3 1 7 6 2 102
8 62 1 33.574 -111.54 461 65 390 390 2014 7 3 1 8 6 2 105
8 62 1 33.625 -111.4 461 65 390 390 2014 7 3 1 9 6 2 105
8 62 1 33.687 -111.23 462 66 390 390 2014 7 3 1 10 6 2 105
8 62 1 33.738 -111.09 462 66 390 390 2014 7 3 1 11 16 2 105
8 62 1 33.791 -110.95 466 66 390 390 2014 7 3 1 12 6 2 105
8 62 1 33.842 -110.81 466 66 390 390 2014 7 3 1 13 6 2 105
8 62 1 33.892 -110.67 466 66 390 390 2014 7 3 1 14 6 2 105
8 62 1 33.943 -110.52 466 66 390 390 2014 7 3 1 15 16 2 105
8 62 1 34 -110.36 465 66 390 390 2014 7 3 1 16 15 2 105
8 62 1 34.05 -110.22 464 66 390 390 2014 7 3 1 17 6 2 105
8 62 1 34.1 -110.08 462 66 390 370 2014 7 3 1 18 6 2 105
8 62 1 34.155 -109.93 460 66 390 370 2014 7 3 1 19 15 2 105
8 62 1 34.203 -109.79 460 66 390 370 2014 7 3 1 20 6 2 105
8 62 1 34.257 -109.63 460 67 381 370 2014 7 3 1 21 15 2 105
8 62 1 34.305 -109.49 460 67 373 370 2014 7 3 1 22 6 2 105
8 62 1 34.352 -109.35 462 67 370 370 2014 7 3 1 23 6 2 104
8 62 1 34.408 -109.19 467 67 370 370 2014 7 3 1 24 16 2 104
8 62 1 34.437 -109.04 470 67 370 370 2014 7 3 1 25 6 2 104
8 62 1 34.459 -108.87 470 71 370 370 2014 7 3 1 26 6 2 104
8 62 1 34.478 -108.72 470 78 370 370 2014 7 3 1 27 6 2 104
8 62 1 34.496 -108.57 469 81 357 370 2014 7 3 1 28 15 2 100
8 62 1 34.523 -108.39 469 81 322 370 2014 7 3 1 29 16 2 100
8 62 1 34.551 -108.24 471 77 299 370 2014 7 3 1 30 16 2 100
8 62 1 34.576 -108.09 458 78 276 370 2014 7 3 1 31 6 2 68
8 62 1 34.6 -107.95 447 77 254 370 2014 7 3 1 32 17 2 68
8 62 1 34.625 -107.81 429 78 237 370 2014 7 3 1 33 6 2 68
8 62 1 34.674 -107.69 400 78 218 370 2014 7 3 1 34 15 2 68
8 62 1 34.729 -107.56 366 62 195 370 2014 7 3 1 35 16 2 68
8 62 1 34.765 -107.47 361 64 181 370 2014 7 3 1 36 6 2 68
8 62 1 34.819 -107.35 346 61 161 370 2014 7 3 1 37 15 2 68
8 62 1 34.862 -107.25 340 62 146 370 2014 7 3 1 38 6 2 80
8 62 1 34.906 -107.14 348 63 121 370 2014 7 3 1 39 6 2 80
8 62 1 34.951 -107.04 353 62 102 370 2014 7 3 1 40 16 2 80
8 62 1 34.986 -106.94 313 65 96 370 2014 7 3 1 41 15 2 80
8 62 1 35.013 -106.85 301 70 80 370 2014 7 3 1 42 6 2 80
8 62 1 35.035 -106.77 283 69 75 370 2014 7 3 1 43 6 2 80
8 62 1 35.044 -106.7 174 70 72 370 2014 7 3 1 44 6 2 80
8 62 1 35.043 -106.65 122 82 59 370 2014 7 3 1 45 6 2 80
8 62 1 35.044 -106.64 140 90 57 370 2014 7 3 1 46 6 2 80
8 62 1 35.044 -106.6 135 89 53 370 2014 7 3 1 47 6 2 80
9 62 1 32.74 -117.22 158 294 13 390 2014 7 3 21 0 6 1 9
9 62 1 32.755 -117.29 196 63 31 390 2014 7 3 21 1 6 1 9
9 62 1 32.705 -117.29 231 276 51 390 2014 7 3 21 2 6 1 9
9 62 1 32.673 -117.19 259 238 75 390 2014 7 3 21 3 6 1 9
9 62 1 32.648 -117.1 279 117 101 390 2014 7 3 21 4 6 1 9
9 62 1 32.643 -117 309 109 118 390 2014 7 3 21 5 6 1 9
9 62 1 32.638 -116.88 331 100 144 390 2014 7 3 21 6 6 1 9
9 62 1 32.631 -116.76 349 93 172 390 2014 7 3 21 7 6 1 28
9 62 1 32.646 -116.61 383 93 204 390 2014 7 3 21 8 6 1 28
9 62 1 32.658 -116.49 390 86 225 390 2014 7 3 21 9 6 1 28
9 62 1 32.669 -116.35 407 83 247 390 2014 7 3 21 10 6 1 50
9 62 1 32.684 -116.21 424 83 267 390 2014 7 3 21 11 6 1 50
9 62 1 32.701 -116.04 440 83 285 390 2014 7 3 21 12 6 1 50
9 62 1 32.714 -115.89 457 83 300 390 2014 7 3 21 13 6 1 50
9 62 1 32.728 -115.74 467 83 312 390 2014 7 3 21 14 6 1 50
9 62 1 32.743 -115.58 475 83 327 390 2014 7 3 21 15 6 1 50
9 62 1 32.752 -115.42 484 84 341 390 2014 7 3 21 16 6 1 50
9 62 1 32.756 -115.23 486 88 360 390 2014 7 3 21 17 6 1 50
9 62 1 32.759 -115.07 476 88 378 390 2014 7 3 21 18 6 1 50
9 62 1 32.763 -114.99 476 88 385 390 2014 7 3 21 19 6 1 50
9 62 1 32.764 -114.77 467 90 390 390 2014 7 3 21 20 7 1 50
9 62 1 32.767 -114.69 467 88 390 390 2014 7 3 21 21 10 1 50
9 62 1 32.769 -114.46 467 88 390 390 2014 7 3 21 22 6 1 50
9 62 1 32.773 -114.38 467 89 390 390 2014 7 3 21 23 6 1 50
9 62 1 32.776 -114.22 467 88 390 390 2014 7 3 21 24 6 1 50
9 62 1 32.778 -114.04 467 87 390 390 2014 7 3 21 25 8 1 50
9 62 1 32.791 -113.88 470 89 390 390 2014 7 3 21 26 6 2 102
9 62 1 32.824 -113.73 470 81 390 390 2014 7 3 21 27 6 2 102
9 62 1 32.875 -113.59 469 68 390 390 2014 7 3 21 28 6 2 102
9 62 1 32.926 -113.45 469 66 390 390 2014 7 3 21 29 6 2 102
9 62 1 32.976 -113.3 469 67 390 390 2014 7 3 21 30 6 2 102
9 62 1 33.025 -113.16 468 67 390 390 2014 7 3 21 31 6 2 102
9 62 1 33.076 -113.02 468 67 390 390 2014 7 3 21 32 6 2 102
9 62 1 33.125 -112.87 468 67 390 390 2014 7 3 21 33 6 2 102
9 62 1 33.134 -112.84 468 67 390 390 2014 7 3 21 34 6 2 102
9 62 1 33.184 -112.7 468 67 390 390 2014 7 3 21 35 6 2 102
9 62 1 33.23 -112.57 467 67 390 390 2014 7 3 21 36 6 2 102
9 62 1 33.326 -112.29 459 67 390 390 2014 7 3 21 37 6 2 102
9 62 1 33.373 -112.15 459 67 390 390 2014 7 3 21 38 6 2 102
9 62 1 33.383 -112.12 461 67 390 390 2014 7 3 21 39 6 2 102
9 62 1 33.43 -111.98 461 67 390 390 2014 7 3 21 40 6 2 102
9 62 1 33.48 -111.84 460 67 390 390 2014 7 3 21 41 6 2 102
9 62 1 33.532 -111.7 460 67 390 390 2014 7 3 21 42 6 2 102
9 62 1 33.583 -111.56 460 66 390 390 2014 7 3 21 43 6 2 105
9 62 1 33.632 -111.42 459 66 390 390 2014 7 3 21 44 6 2 105
9 62 1 33.693 -111.26 459 66 390 390 2014 7 3 21 45 6 2 105
9 62 1 33.742 -111.12 460 66 390 390 2014 7 3 21 46 6 2 105
9 62 1 33.792 -110.97 460 66 390 390 2014 7 3 21 47 6 2 105
9 62 1 33.843 -110.83 460 66 390 390 2014 7 3 21 48 6 2 105
9 62 1 33.892 -110.69 460 66 390 390 2014 7 3 21 49 6 2 105
9 62 1 33.941 -110.55 460 66 390 390 2014 7 3 21 50 6 2 105
9 62 1 34.001 -110.38 460 67 390 390 2014 7 3 21 51 6 2 105
9 62 1 34.046 -110.25 460 67 390 390 2014 7 3 21 52 6 2 105
9 62 1 34.095 -110.11 460 66 390 390 2014 7 3 21 53 6 2 105
9 62 1 34.149 -109.95 460 67 390 390 2014 7 3 21 54 6 2 105
9 62 1 34.204 -109.79 460 67 390 390 2014 7 3 21 55 6 2 105
9 62 1 34.251 -109.66 461 67 390 390 2014 7 3 21 56 6 2 105
9 62 1 34.298 -109.52 460 67 390 390 2014 7 3 21 57 6 2 105
9 62 1 34.352 -109.36 461 67 390 390 2014 7 3 21 58 6 2 104
9 62 1 34.395 -109.22 462 67 390 390 2014 7 3 21 59 6 2 104
9 62 1 34.441 -109.06 462 68 390 390 2014 7 3 22 0 6 2 104
9 62 1 34.481 -108.91 462 70 390 390 2014 7 3 22 1 6 2 104
9 62 1 34.528 -108.75 464 71 365 390 2014 7 3 22 2 6 2 100
9 62 1 34.58 -108.61 475 71 338 390 2014 7 3 22 3 6 2 100
9 62 1 34.656 -108.46 473 68 314 390 2014 7 3 22 4 6 2 100
9 62 1 34.718 -108.33 457 70 293 390 2014 7 3 22 5 6 2 100
9 62 1 34.779 -108.22 443 58 274 390 2014 7 3 22 6 7 2 68
9 62 1 34.834 -108.1 430 58 255 390 2014 7 3 22 7 6 2 68
9 62 1 34.889 -107.94 411 59 232 390 2014 7 3 22 8 6 2 68
9 62 1 34.901 -107.81 397 63 214 390 2014 7 3 22 9 6 2 68
9 62 1 34.89 -107.68 384 73 197 390 2014 7 3 22 10 6 2 68
9 62 1 34.876 -107.55 384 97 197 390 2014 7 3 22 11 6 2 68
9 62 1 34.914 -107.45 351 83 165 390 2014 7 3 22 12 6 2 68
9 62 1 34.921 -107.37 342 82 155 390 2014 7 3 22 13 6 2 68
9 62 1 34.947 -107.25 343 79 134 390 2014 7 3 22 14 6 2 80
9 62 1 34.984 -107.09 337 73 114 390 2014 7 3 22 15 6 2 80
9 62 1 34.996 -107.03 321 75 108 390 2014 7 3 22 16 6 2 80
9 62 1 35.022 -106.92 295 75 92 390 2014 7 3 22 17 6 2 80
9 62 1 35.026 -106.9 296 74 90 390 2014 7 3 22 18 6 2 80
9 62 1 35.044 -106.81 277 76 83 390 2014 7 3 22 19 6 2 80
9 62 1 35.045 -106.73 212 89 69 390 2014 7 3 22 20 8 2 80
9 62 1 35.044 -106.67 183 91 61 390 2014 7 3 22 21 9 2 80
9 62 1 35.043 -106.63 157 89 55 390 2014 7 3 22 22 6 2 80
10 62 1 32.75 -117.22 163 285 13 410 2014 7 4 21 11 6 1 9
10 62 1 32.756 -117.29 206 305 35 410 2014 7 4 21 12 16 1 9
10 62 1 32.711 -117.32 208 283 60 410 2014 7 4 21 13 6 1 9
10 62 1 32.663 -117.26 254 246 85 410 2014 7 4 21 14 15 1 9
10 62 1 32.648 -117.17 279 164 108 410 2014 7 4 21 15 15 1 9
10 62 1 32.627 -117.06 331 116 138 410 2014 7 4 21 16 16 1 9
10 62 1 32.659 -116.96 360 102 168 410 2014 7 4 21 17 16 1 28
10 62 1 32.722 -116.86 360 85 193 410 2014 7 4 21 18 6 1 28
10 62 1 32.801 -116.74 382 60 223 410 2014 7 4 21 19 6 1 28
10 62 1 32.871 -116.64 404 51 240 410 2014 7 4 21 20 16 1 50
10 62 1 32.947 -116.52 422 52 259 410 2014 7 4 21 21 15 1 50
10 62 1 32.999 -116.41 453 77 274 410 2014 7 4 21 22 6 1 50
10 62 1 33 -116.26 454 56 289 410 2014 7 4 21 23 6 1 50
10 62 1 32.874 -116.25 454 177 289 410 2014 7 4 21 24 6 1 50
10 62 1 32.999 -115.93 470 89 321 390 2014 7 4 21 25 15 1 50
10 62 1 32.998 -115.77 472 90 339 390 2014 7 4 21 26 15 1 50
10 62 1 32.997 -115.61 472 90 339 390 2014 7 4 21 27 16 1 50
10 62 1 32.997 -115.62 469 90 356 390 2014 7 4 21 28 6 1 50
10 62 1 32.995 -115.44 474 90 371 390 2014 7 4 21 29 6 1 50
10 62 1 32.999 -115.26 462 89 387 390 2014 7 4 21 30 6 1 50
10 62 1 32.998 -115.11 460 90 389 390 2014 7 4 21 31 6 1 50
10 62 1 32.997 -114.95 460 89 389 390 2014 7 4 21 32 15 1 50
10 62 1 32.992 -114.83 462 90 389 390 2014 7 4 21 33 6 1 50
10 62 1 32.993 -114.65 460 91 389 390 2014 7 4 21 34 6 1 50
10 62 1 32.991 -114.37 459 90 389 390 2014 7 4 21 35 18 1 50
10 62 1 32.991 -114.35 460 89 389 390 2014 7 4 21 36 6 1 50
10 62 1 32.987 -114.2 460 91 389 390 2014 7 4 21 37 16 1 50
10 62 1 32.986 -114.07 459 90 389 390 2014 7 4 21 38 16 1 50
10 62 1 32.981 -113.89 458 91 389 390 2014 7 4 21 39 16 2 102
10 62 1 32.979 -113.74 458 90 389 390 2014 7 4 21 40 6 2 102
10 62 1 32.979 -113.59 459 90 389 390 2014 7 4 21 41 6 2 102
10 62 1 32.974 -113.41 459 92 389 390 2014 7 4 21 42 16 2 102
10 62 1 32.986 -113.26 458 88 389 390 2014 7 4 21 43 16 2 102
10 62 1 33.038 -113.12 462 67 389 390 2014 7 4 21 44 18 2 102
10 62 1 33.089 -112.98 462 66 389 390 2014 7 4 21 45 6 2 102
10 62 1 33.14 -112.84 462 66 389 390 2014 7 4 21 46 6 2 102
10 62 1 33.192 -112.7 462 66 389 390 2014 7 4 21 47 6 2 102
10 62 1 33.239 -112.57 461 66 389 390 2014 7 4 21 48 6 2 102
10 62 1 33.29 -112.43 459 66 389 390 2014 7 4 21 49 15 2 102
10 62 1 33.351 -112.26 460 66 389 390 2014 7 4 21 50 16 2 102
10 62 1 33.401 -112.12 466 66 389 390 2014 7 4 21 51 6 2 102
10 62 1 33.451 -111.98 463 66 389 390 2014 7 4 21 52 16 2 102
10 62 1 33.501 -111.84 462 66 389 390 2014 7 4 21 53 6 2 102
10 62 1 33.55 -111.7 457 66 389 390 2014 7 4 21 54 6 2 105
10 62 1 33.599 -111.57 457 66 389 390 2014 7 4 21 55 6 2 105
10 62 1 33.648 -111.43 457 66 389 390 2014 7 4 21 56 15 2 105
10 62 1 33.699 -111.29 460 66 389 390 2014 7 4 21 57 16 2 105
10 62 1 33.758 -111.11 464 66 397 390 2014 7 4 21 58 15 2 105
10 62 1 33.808 -110.97 464 66 406 390 2014 7 4 21 59 16 2 105
10 62 1 33.859 -110.83 465 67 409 390 2014 7 4 22 0 6 2 105
10 62 1 33.907 -110.68 466 66 409 390 2014 7 4 22 1 15 2 105
10 62 1 33.958 -110.54 467 67 409 390 2014 7 4 22 2 6 2 105
10 62 1 34.01 -110.38 468 67 409 390 2014 7 4 22 3 6 2 105
10 62 1 34.06 -110.24 470 67 409 390 2014 7 4 22 4 16 2 105
10 62 1 34.11 -110.09 470 67 409 390 2014 7 4 22 5 16 2 105
10 62 1 34.164 -109.93 470 67 409 390 2014 7 4 22 6 6 2 105
10 62 1 34.21 -109.79 468 67 409 390 2014 7 4 22 7 16 2 105
10 62 1 34.257 -109.65 467 67 409 390 2014 7 4 22 8 16 2 105
10 62 1 34.31 -109.49 466 67 409 390 2014 7 4 22 9 15 2 105
10 62 1 34.355 -109.35 466 67 409 390 2014 7 4 22 10 16 2 104
10 62 1 34.401 -109.22 465 68 407 390 2014 7 4 22 11 6 2 104
10 62 1 34.447 -109.07 465 68 407 390 2014 7 4 22 12 16 2 104
10 62 1 34.443 -109.05 465 68 385 390 2014 7 4 22 13 6 2 104
10 62 1 34.466 -108.9 465 70 371 390 2014 7 4 22 14 6 2 104
10 62 1 34.496 -108.73 465 75 355 390 2014 7 4 22 15 6 2 100
10 62 1 34.546 -108.42 481 78 335 390 2014 7 4 22 16 15 2 100
10 62 1 34.577 -108.25 481 78 310 390 2014 7 4 22 17 16 2 100
10 62 1 34.597 -108.11 476 78 289 390 2014 7 4 22 18 16 2 68
10 62 1 34.622 -107.96 459 78 265 410 2014 7 4 22 19 16 2 68
10 62 1 34.499 -107.92 459 164 265 410 2014 7 4 22 20 16 2 68
10 62 1 34.659 -107.82 439 106 244 410 2014 7 4 22 21 15 2 68
10 62 1 34.733 -107.64 408 67 216 410 2014 7 4 22 22 15 2 68
10 62 1 34.781 -107.51 386 65 193 410 2014 7 4 22 23 6 2 68
10 62 1 34.812 -107.41 393 66 171 410 2014 7 4 22 24 6 2 68
10 62 1 34.839 -107.27 382 76 151 410 2014 7 4 22 25 15 2 80
10 62 1 34.865 -107.15 362 76 125 410 2014 7 4 22 26 6 2 80
10 62 1 34.88 -107.07 367 74 110 410 2014 7 4 22 27 15 2 80
10 62 1 34.901 -106.96 325 76 110 410 2014 7 4 22 28 6 2 80
10 62 1 34.925 -106.84 284 76 88 410 2014 7 4 22 29 6 2 80
10 62 1 34.938 -106.77 287 76 78 410 2014 7 4 22 30 16 2 80
10 62 1 34.972 -106.69 180 60 72 410 2014 7 4 22 31 15 2 80
10 62 1 35.012 -106.64 162 45 56 410 2014 7 4 22 32 6 2 80
10 62 1 35.032 -106.62 170 44 53 410 2014 7 4 22 33 6 2 80
11 62 1 32.741 -117.22 162 0 14 390 2014 7 4 1 14 6 1 9
11 62 1 32.756 -117.28 179 283 31 390 2014 7 4 1 15 6 1 9
11 62 1 32.756 -117.22 179 89 31 390 2014 7 4 1 16 6 1 9
11 62 1 32.706 -117.31 236 307 47 390 2014 7 4 1 17 6 1 9
11 62 1 32.648 -117.26 264 245 77 390 2014 7 4 1 18 6 1 9
11 62 1 32.617 -117.03 328 118 134 390 2014 7 4 1 19 16 1 9
11 62 1 32.617 -117.03 328 118 134 390 2014 7 4 1 20 6 1 9
11 62 1 32.615 -116.91 358 94 161 390 2014 7 4 1 21 6 1 28
11 62 1 32.629 -116.79 372 96 190 390 2014 7 4 1 22 6 1 28
11 62 1 32.642 -116.66 384 85 213 390 2014 7 4 1 23 6 1 28
11 62 1 32.654 -116.53 396 82 236 390 2014 7 4 1 24 6 1 28
11 62 1 32.669 -116.37 415 83 258 390 2014 7 4 1 25 6 1 50
11 62 1 32.681 -116.23 435 83 276 390 2014 7 4 1 26 6 1 50
11 62 1 32.696 -116.09 443 83 293 390 2014 7 4 1 27 6 1 50
11 62 1 32.71 -115.94 454 83 304 390 2014 7 4 1 28 6 1 50
11 62 1 32.727 -115.75 476 83 319 390 2014 7 4 1 29 6 1 50
11 62 1 32.742 -115.59 478 83 335 390 2014 7 4 1 30 6 1 50
11 62 1 32.756 -115.35 476 84 363 390 2014 7 4 1 31 7 1 50
11 62 1 32.758 -115.2 469 89 377 390 2014 7 4 1 32 6 1 50
11 62 1 32.761 -115.05 463 88 387 390 2014 7 4 1 33 6 1 50
11 62 1 32.764 -114.9 463 89 390 390 2014 7 4 1 34 7 1 50
11 62 1 32.766 -114.74 463 88 390 390 2014 7 4 1 35 6 1 50
11 62 1 32.768 -114.59 464 88 390 390 2014 7 4 1 36 6 1 50
11 62 1 32.771 -114.43 464 86 390 390 2014 7 4 1 37 6 1 50
11 62 1 32.776 -114.34 466 88 390 390 2014 7 4 1 38 6 1 50
11 62 1 32.777 -114.13 467 89 390 390 2014 7 4 1 39 15 1 50
11 62 1 32.777 -114.03 466 89 390 390 2014 7 4 1 40 6 1 50
11 62 1 32.796 -113.85 467 89 390 390 2014 7 4 1 41 6 2 102
11 62 1 32.824 -113.64 465 80 390 390 2014 7 4 1 42 16 2 102
11 62 1 32.838 -113.55 461 80 390 390 2014 7 4 1 43 6 2 102
11 62 1 32.859 -113.4 461 80 390 390 2014 7 4 1 44 6 2 102
11 62 1 32.879 -113.25 462 81 390 390 2014 7 4 1 45 6 2 102
11 62 1 32.903 -113.07 458 80 390 390 2014 7 4 1 46 6 2 102
11 62 1 32.907 -113.04 457 80 390 390 2014 7 4 1 47 6 2 102
11 62 1 32.949 -112.9 453 80 390 390 2014 7 4 1 48 15 2 102
11 62 1 33.006 -112.76 460 72 390 390 2014 7 4 1 49 6 2 102
11 62 1 33.062 -112.62 460 67 390 390 2014 7 4 1 50 6 2 102
11 62 1 33.118 -112.49 459 63 390 390 2014 7 4 1 51 6 2 102
11 62 1 33.181 -112.33 461 63 390 390 2014 7 4 1 52 6 2 102
11 62 1 33.238 -112.19 468 63 390 390 2014 7 4 1 53 6 2 102
11 62 1 33.294 -112.06 468 63 390 390 2014 7 4 1 54 10 2 102
11 62 1 33.349 -111.92 467 64 390 390 2014 7 4 1 55 15 2 102
11 62 1 33.405 -111.78 466 64 390 390 2014 7 4 1 56 6 2 102
11 62 1 33.461 -111.64 466 64 390 390 2014 7 4 1 57 6 2 102
11 62 1 33.527 -111.48 466 64 390 390 2014 7 4 1 58 16 2 102
11 62 1 33.583 -111.34 464 64 390 390 2014 7 4 1 59 6 2 105
11 62 1 33.636 -111.2 464 64 390 390 2014 7 4 2 0 6 2 105
11 62 1 33.69 -111.06 464 64 390 390 2014 7 4 2 1 6 2 105
11 62 1 33.746 -110.92 465 64 390 390 2014 7 4 2 2 6 2 105
11 62 1 33.802 -110.78 465 64 390 390 2014 7 4 2 3 6 2 105
11 62 1 33.856 -110.64 465 64 390 390 2014 7 4 2 4 6 2 105
11 62 1 33.911 -110.5 466 64 390 390 2014 7 4 2 5 6 2 105
11 62 1 33.971 -110.34 467 65 390 390 2014 7 4 2 6 6 2 105
11 62 1 34.026 -110.2 468 64 390 390 2014 7 4 2 7 16 2 105
11 62 1 34.086 -110.04 471 64 390 390 2014 7 4 2 8 8 2 105
11 62 1 34.139 -109.9 474 65 390 390 2014 7 4 2 9 6 2 105
11 62 1 34.201 -109.74 474 65 390 390 2014 7 4 2 10 6 2 105
11 62 1 34.252 -109.6 474 65 390 390 2014 7 4 2 11 6 2 105
11 62 1 34.313 -109.44 474 65 390 390 2014 7 4 2 12 6 2 105
11 62 1 34.365 -109.31 473 65 390 390 2014 7 4 2 13 6 2 104
11 62 1 34.415 -109.17 470 65 387 160 2014 7 4 2 14 15 2 104
11 62 1 34.456 -109 470 65 376 160 2014 7 4 2 15 6 2 104
11 62 1 34.487 -108.85 470 70 367 160 2014 7 4 2 16 6 2 100
11 62 1 34.521 -108.71 470 74 360 160 2014 7 4 2 17 16 2 100
11 62 1 34.56 -108.53 470 74 334 160 2014 7 4 2 18 15 2 100
11 62 1 34.591 -108.39 468 74 311 160 2014 7 4 2 19 6 2 100
11 62 1 34.627 -108.22 460 74 287 160 2014 7 4 2 20 16 2 68
11 62 1 34.638 -108.07 460 85 287 160 2014 7 4 2 21 6 2 68
11 62 1 34.689 -107.95 431 74 245 160 2014 7 4 2 22 16 2 68
11 62 1 34.718 -107.81 417 74 225 160 2014 7 4 2 23 16 2 68
11 62 1 34.745 -107.68 401 75 206 160 2014 7 4 2 24 16 2 68
11 62 1 34.771 -107.56 391 75 188 160 2014 7 4 2 25 16 2 68
11 62 1 34.796 -107.44 370 75 171 160 2014 7 4 2 26 6 2 68
11 62 1 34.821 -107.32 356 74 159 160 2014 7 4 2 27 6 2 68
11 62 1 34.844 -107.22 330 76 156 160 2014 7 4 2 28 6 2 80
11 62 1 34.855 -107.17 326 75 143 160 2014 7 4 2 29 6 2 80
11 62 1 34.883 -107.03 355 75 113 160 2014 7 4 2 30 6 2 80
11 62 1 34.907 -106.92 346 75 100 160 2014 7 4 2 31 6 2 80
11 62 1 34.926 -106.83 281 75 94 160 2014 7 4 2 32 6 2 80
11 62 1 34.943 -106.75 216 76 87 160 2014 7 4 2 33 6 2 80
11 62 1 34.98 -106.67 176 63 70 160 2014 7 4 2 34 6 2 80
11 62 1 35.012 -106.64 151 40 55 160 2014 7 4 2 35 16 2 80
11 62 1 35.012 -106.64 151 40 55 160 2014 7 4 2 36 6 2 80
12 62 1 32.74 -117.22 172 0 13 410 2014 7 4 17 53 6 1 9
12 62 1 32.756 -117.29 222 285 30 410 2014 7 4 17 54 15 1 9
12 62 1 32.694 -117.32 238 284 61 410 2014 7 4 17 55 15 1 9
12 62 1 32.65 -117.25 249 199 97 410 2014 7 4 17 56 6 1 9
12 62 1 32.637 -117.15 296 161 119 410 2014 7 4 17 57 16 1 9
12 62 1 32.62 -117.04 330 112 153 410 2014 7 4 17 58 6 1 28
12 62 1 32.615 -116.93 351 99 180 410 2014 7 4 17 59 6 1 28
12 62 1 32.63 -116.78 377 96 215 410 2014 7 4 18 0 16 1 28
12 62 1 32.642 -116.65 387 87 239 410 2014 7 4 18 1 6 1 28
12 62 1 32.655 -116.52 405 83 261 410 2014 7 4 18 2 8 1 50
12 62 1 32.667 -116.38 422 83 278 410 2014 7 4 18 3 6 1 50
12 62 1 32.684 -116.21 450 83 296 410 2014 7 4 18 4 6 1 50
12 62 1 32.718 -116.06 465 103 310 410 2014 7 4 18 5 15 1 50
12 62 1 32.76 -115.91 472 79 310 410 2014 7 4 18 6 15 1 50
12 62 1 32.634 -115.95 472 194 310 410 2014 7 4 18 7 6 1 50
12 62 1 32.801 -115.77 472 103 312 410 2014 7 4 18 8 6 1 50
12 62 1 32.889 -115.44 471 71 351 410 2014 7 4 18 9 16 1 50
12 62 1 32.93 -115.3 474 71 367 410 2014 7 4 18 10 16 1 50
12 62 1 32.973 -115.15 476 70 382 410 2014 7 4 18 11 15 1 50
12 62 1 33.004 -115.03 474 70 393 410 2014 7 4 18 12 16 1 50
12 62 1 33.013 -115 470 72 395 410 2014 7 4 18 13 6 1 50
12 62 1 33.051 -114.86 465 72 406 410 2014 7 4 18 14 16 1 50
12 62 1 33.09 -114.71 469 72 410 410 2014 7 4 18 15 16 1 50
12 62 1 33.135 -114.53 471 73 410 410 2014 7 4 18 16 16 1 39
12 62 1 33.175 -114.38 473 71 410 410 2014 7 4 18 17 6 1 39
12 62 1 33.214 -114.23 474 72 410 410 2014 7 4 18 18 6 1 39
12 62 1 33.254 -114.08 476 72 410 410 2014 7 4 18 19 16 1 39
12 62 1 33.291 -113.94 473 73 410 410 2014 7 4 18 20 15 2 102
12 62 1 33.322 -113.82 471 72 410 410 2014 7 4 18 21 6 2 102
12 62 1 33.376 -113.61 468 73 410 410 2014 7 4 18 22 6 2 102
12 62 1 33.414 -113.46 468 72 410 410 2014 7 4 18 23 6 2 102
12 62 1 33.449 -113.32 460 73 410 410 2014 7 4 18 24 15 2 102
12 62 1 33.487 -113.17 464 73 410 410 2014 7 4 18 25 15 2 102
12 62 1 33.516 -113.05 460 73 410 410 2014 7 4 18 26 6 2 102
12 62 1 33.553 -112.91 460 73 410 410 2014 7 4 18 27 16 2 102
12 62 1 33.589 -112.76 461 73 410 410 2014 7 4 18 28 6 2 102
12 62 1 33.629 -112.6 460 73 410 410 2014 7 4 18 29 6 2 102
12 62 1 33.667 -112.45 460 73 410 410 2014 7 4 18 30 6 2 102
12 62 1 33.703 -112.3 460 73 410 410 2014 7 4 18 31 15 2 89
12 62 1 33.738 -112.15 460 73 410 410 2014 7 4 18 32 6 2 89
12 62 1 33.773 -112.01 460 73 410 410 2014 7 4 18 33 6 2 89
12 62 1 33.812 -111.85 460 73 410 410 2014 7 4 18 34 6 2 89
12 62 1 33.85 -111.69 461 73 410 410 2014 7 4 18 35 16 2 105
12 62 1 33.884 -111.54 462 73 410 410 2014 7 4 18 36 16 2 105
12 62 1 33.919 -111.39 459 74 410 410 2014 7 4 18 37 16 2 105
12 62 1 33.953 -111.25 456 74 410 410 2014 7 4 18 38 6 2 105
12 62 1 33.987 -111.1 458 73 410 410 2014 7 4 18 39 16 2 105
12 62 1 34.023 -110.95 461 74 410 410 2014 7 4 18 40 15 2 105
12 62 1 34.057 -110.8 462 74 410 410 2014 7 4 18 41 6 2 105
12 62 1 34.093 -110.64 462 74 410 410 2014 7 4 18 42 16 2 105
12 62 1 34.127 -110.49 463 74 410 410 2014 7 4 18 43 15 2 105
12 62 1 34.162 -110.34 467 74 410 410 2014 7 4 18 44 6 2 105
12 62 1 34.196 -110.19 467 74 410 410 2014 7 4 18 45 6 2 105
12 62 1 34.232 -110.02 466 74 410 410 2014 7 4 18 46 6 2 105
12 62 1 34.27 -109.86 465 74 410 410 2014 7 4 18 47 16 2 105
12 62 1 34.301 -109.71 464 74 410 410 2014 7 4 18 48 6 2 105
12 62 1 34.426 -109.75 464 347 410 410 2014 7 4 18 49 6 2 105
12 62 1 34.374 -109.4 463 74 410 410 2014 7 4 18 50 6 2 104
12 62 1 34.407 -109.26 462 73 410 410 2014 7 4 18 51 16 2 104
12 62 1 34.445 -109.1 462 74 410 410 2014 7 4 18 52 16 2 104
12 62 1 34.478 -108.95 461 74 410 410 2014 7 4 18 53 16 2 104
12 62 1 34.511 -108.81 461 74 410 410 2014 7 4 18 54 6 2 104
12 62 1 34.548 -108.66 461 73 410 410 2014 7 4 18 55 15 2 104
12 62 1 34.548 -108.64 461 73 388 150 2014 7 4 18 56 15 2 104
12 62 1 34.581 -108.5 462 74 370 150 2014 7 4 18 57 6 2 104
12 62 1 34.619 -108.33 463 74 334 150 2014 7 4 18 58 6 2 100
12 62 1 34.652 -108.18 475 74 306 150 2014 7 4 18 59 6 2 100
12 62 1 34.685 -108.03 475 74 281 160 2014 7 4 19 0 6 2 68
12 62 1 34.721 -107.89 456 74 268 160 2014 7 4 19 1 6 2 68
12 62 1 34.763 -107.75 435 83 250 160 2014 7 4 19 2 16 2 68
12 62 1 34.811 -107.59 420 71 225 160 2014 7 4 19 3 6 2 68
12 62 1 34.879 -107.37 399 69 178 160 2014 7 4 19 4 15 2 68
12 62 1 34.891 -107.26 382 70 149 160 2014 7 4 19 5 16 2 80
12 62 1 34.887 -107.13 376 88 124 160 2014 7 4 19 6 6 2 80
12 62 1 34.894 -107.01 348 92 110 160 2014 7 4 19 7 16 2 80
12 62 1 34.918 -106.88 294 77 96 160 2014 7 4 19 8 16 2 80
12 62 1 34.93 -106.82 267 76 92 160 2014 7 4 19 9 15 2 80
12 62 1 34.946 -106.75 195 75 80 160 2014 7 4 19 10 6 2 80
12 62 1 34.967 -106.7 176 67 68 160 2014 7 4 19 11 6 2 80
12 62 1 34.985 -106.67 177 53 62 160 2014 7 4 19 12 6 2 80
12 62 1 35.017 -106.64 167 52 54 160 2014 7 4 19 13 6 2 80
13 62 1 32.741 -117.22 147 294 17 410 2014 7 4 23 11 15 1 9
13 62 1 32.754 -117.28 190 286 45 410 2014 7 4 23 12 16 1 9
13 62 1 32.704 -117.31 235 276 85 410 2014 7 4 23 13 16 1 9
13 62 1 32.669 -117.23 272 243 114 410 2014 7 4 23 14 6 1 9
13 62 1 32.646 -117.12 324 151 152 410 2014 7 4 23 15 15 1 9
13 62 1 32.618 -117.01 343 110 188 410 2014 7 4 23 16 6 1 28
13 62 1 32.619 -116.89 362 105 220 410 2014 7 4 23 17 6 1 28
13 62 1 32.631 -116.76 391 92 246 410 2014 7 4 23 18 6 1 50
13 62 1 32.644 -116.63 405 86 271 410 2014 7 4 23 19 16 1 50
13 62 1 32.659 -116.46 428 83 290 410 2014 7 4 23 20 16 1 50
13 62 1 32.672 -116.32 439 83 296 410 2014 7 4 23 21 6 1 50
13 62 1 32.688 -116.18 450 83 314 410 2014 7 4 23 22 16 1 50
13 62 1 32.701 -116.03 461 83 330 410 2014 7 4 23 23 6 1 50
13 62 1 32.716 -115.88 462 83 330 410 2014 7 4 23 24 16 1 50
13 62 1 32.731 -115.72 464 90 330 410 2014 7 4 23 25 15 1 50
13 62 1 32.756 -115.55 461 83 348 410 2014 7 4 23 26 6 1 50
13 62 1 32.799 -115.4 457 73 366 410 2014 7 4 23 27 16 1 50
13 62 1 32.842 -115.26 461 68 382 410 2014 7 4 23 28 15 1 50
13 62 1 32.885 -115.12 465 70 390 410 2014 7 4 23 29 16 1 50
13 62 1 32.925 -114.97 458 71 390 410 2014 7 4 23 30 16 1 50
13 62 1 32.95 -114.89 459 71 390 410 2014 7 4 23 31 15 1 50
13 62 1 33.006 -114.69 460 72 391 410 2014 7 4 23 32 15 1 50
13 62 1 33.029 -114.61 458 70 400 410 2014 7 4 23 33 6 1 50
13 62 1 33.087 -114.4 462 71 410 410 2014 7 4 23 34 15 1 50
13 62 1 33.134 -114.23 461 71 410 410 2014 7 4 23 35 16 1 39
13 62 1 33.172 -114.09 460 71 410 410 2014 7 4 23 36 16 1 39
13 62 1 33.197 -114 457 72 410 410 2014 7 4 23 37 6 1 39
13 62 1 33.253 -113.8 458 71 410 410 2014 7 4 23 38 6 2 102
13 62 1 33.276 -113.72 458 71 410 410 2014 7 4 23 39 15 2 102
13 62 1 33.316 -113.57 458 72 410 410 2014 7 4 23 40 15 2 102
13 62 1 33.354 -113.43 458 71 409 410 2014 7 4 23 41 6 2 102
13 62 1 33.394 -113.28 458 72 410 410 2014 7 4 23 42 6 2 102
13 62 1 33.432 -113.14 458 71 410 410 2014 7 4 23 43 6 2 102
13 62 1 33.47 -112.99 458 72 410 410 2014 7 4 23 44 6 2 102
13 62 1 33.509 -112.85 455 72 410 410 2014 7 4 23 45 16 2 102
13 62 1 33.546 -112.7 454 72 410 410 2014 7 4 23 46 6 2 102
13 62 1 33.59 -112.54 453 72 410 410 2014 7 4 23 47 6 2 102
13 62 1 33.628 -112.4 454 72 410 410 2014 7 4 23 48 6 2 102
13 62 1 33.665 -112.25 454 72 410 410 2014 7 4 23 49 6 2 89
13 62 1 33.704 -112.1 458 72 410 410 2014 7 4 23 50 6 2 89
13 62 1 33.739 -111.94 458 72 410 410 2014 7 4 23 51 6 2 89
13 62 1 33.761 -111.79 458 73 410 410 2014 7 4 23 52 16 2 89
13 62 1 33.783 -111.64 458 77 410 410 2014 7 4 23 53 6 2 105
13 62 1 33.802 -111.52 458 79 410 410 2014 7 4 23 54 6 2 105
13 62 1 33.83 -111.34 456 79 410 410 2014 7 4 23 55 6 2 105
13 62 1 33.853 -111.19 456 79 410 410 2014 7 4 23 56 6 2 105
13 62 1 33.879 -111.04 455 79 410 410 2014 7 4 23 57 16 2 105
13 62 1 33.879 -111.04 455 79 410 410 2014 7 4 23 58 6 2 105
13 62 1 33.924 -110.9 459 78 410 410 2014 7 4 23 59 6 2 105
13 62 1 33.961 -110.75 459 73 410 410 2014 7 5 0 0 6 2 105
13 62 1 34.042 -110.45 458 72 410 410 2014 7 5 0 1 16 2 105
13 62 1 34.042 -110.45 458 72 410 410 2014 7 5 0 2 6 2 105
13 62 1 34.121 -110.16 460 71 410 410 2014 7 5 0 3 6 2 105
13 62 1 34.16 -110.01 460 72 410 410 2014 7 5 0 4 16 2 105
13 62 1 34.164 -110 460 71 410 410 2014 7 5 0 5 16 2 105
13 62 1 34.202 -109.86 461 72 410 410 2014 7 5 0 6 6 2 105
13 62 1 34.246 -109.69 463 72 410 410 2014 7 5 0 7 16 2 105
13 62 1 34.32 -109.4 468 72 410 410 2014 7 5 0 8 15 2 105
13 62 1 34.362 -109.24 467 72 410 410 2014 7 5 0 9 16 2 104
13 62 1 34.362 -109.24 467 72 410 410 2014 7 5 0 10 6 2 104
13 62 1 34.402 -109.1 465 72 410 410 2014 7 5 0 11 6 2 104
13 62 1 34.452 -108.94 464 71 410 410 2014 7 5 0 12 16 2 104
13 62 1 34.493 -108.8 464 70 410 410 2014 7 5 0 13 15 2 104
13 62 1 34.534 -108.65 464 70 407 410 2014 7 5 0 14 6 2 104
13 62 1 34.581 -108.49 464 70 378 410 2014 7 5 0 15 6 2 104
13 62 1 34.621 -108.35 464 70 347 410 2014 7 5 0 16 6 2 100
13 62 1 34.662 -108.2 469 70 314 410 2014 7 5 0 17 15 2 100
13 62 1 34.703 -108.06 470 70 286 410 2014 7 5 0 18 16 2 68
13 62 1 34.749 -107.89 454 70 253 410 2014 7 5 0 19 16 2 68
13 62 1 34.789 -107.75 430 71 226 410 2014 7 5 0 20 6 2 68
13 62 1 34.836 -107.58 401 71 194 410 2014 7 5 0 21 15 2 68
13 62 1 34.869 -107.46 374 71 171 410 2014 7 5 0 22 6 2 68
13 62 1 34.9 -107.35 362 71 145 410 2014 7 5 0 23 15 2 68
13 62 1 34.93 -107.23 351 71 123 410 2014 7 5 0 24 15 2 80
13 62 1 34.961 -107.12 339 71 102 410 2014 7 5 0 25 15 2 80
13 62 1 34.986 -107.03 299 71 95 410 2014 7 5 0 26 6 2 80
13 62 1 35.01 -106.94 277 71 82 410 2014 7 5 0 27 15 2 80
13 62 1 35.033 -106.85 250 71 80 410 2014 7 5 0 28 15 2 80
13 62 1 35.046 -106.8 208 78 79 410 2014 7 5 0 29 16 2 80
13 62 1 35.044 -106.73 164 89 71 410 2014 7 5 0 30 6 2 80
13 62 1 35.044 -106.68 134 90 63 410 2014 7 5 0 31 16 2 80
13 62 1 35.044 -106.63 129 89 56 410 2014 7 5 0 32 15 2 80
