1 62 49 32.75 -117.22 153 0 20 100 2014 7 1 2 36 7 1 9
1 62 49 32.767 -117.27 189 305 33 100 2014 7 1 2 37 6 1 9
1 62 49 32.817 -117.28 220 297 42 100 2014 7 1 2 38 16 1 9
1 62 49 32.867 -117.27 208 21 56 100 2014 7 1 2 39 6 1 9
1 62 49 32.917 -117.23 206 30 70 100 2014 7 1 2 40 6 1 9
1 62 49 32.967 -117.2 208 26 83 100 2014 7 1 2 41 6 1 9
1 62 49 33.017 -117.17 204 29 95 100 2014 7 1 2 42 6 1 9
1 62 49 33.067 -117.13 219 28 100 100 2014 7 1 2 43 6 1 9
1 62 49 33.117 -117.1 241 31 99 100 2014 7 1 2 44 15 1 9
1 62 49 33.183 -117.12 234 350 100 100 2014 7 1 2 45 6 1 9
1 62 49 33.25 -117.12 237 357 100 100 2014 7 1 2 46 6 1 9
1 62 49 33.317 -117.12 240 0 99 100 2014 7 1 2 47 16 1 9
1 62 49 33.383 -117.13 238 350 100 100 2014 7 1 2 48 6 1 9
1 62 49 33.446 -117.15 239 346 100 100 2014 7 1 2 49 6 1 9
1 62 49 33.511 -117.17 239 348 99 100 2014 7 1 2 50 6 1 6
1 62 49 33.583 -117.17 233 355 100 100 2014 7 1 2 51 6 1 6
1 62 49 33.644 -117.18 233 350 100 100 2014 7 1 2 52 6 1 6
1 62 49 33.71 -117.18 234 0 99 100 2014 7 1 2 53 6 1 6
1 62 49 33.774 -117.18 233 0 99 100 2014 7 1 2 54 6 1 6
1 62 49 33.833 -117.2 238 346 100 100 2014 7 1 2 55 6 1 6
1 62 49 33.916 -117.2 239 2 92 100 2014 7 1 2 56 6 1 6
1 62 49 33.98 -117.18 240 11 77 100 2014 7 1 2 57 6 1 6
1 62 49 34.035 -117.21 243 348 63 100 2014 7 1 2 58 6 1 6
1 62 49 34.054 -117.27 207 291 53 100 2014 7 1 2 59 6 1 6
1 62 49 34.057 -117.33 196 270 43 100 2014 7 1 3 0 6 1 6
1 62 49 34.056 -117.39 184 270 41 100 2014 7 1 3 1 6 1 6
1 62 49 34.056 -117.45 183 270 29 100 2014 7 1 3 2 6 1 6
1 62 49 34.055 -117.51 162 270 21 100 2014 7 1 3 3 16 1 6
1 62 49 34.05 -117.53 122 269 17 100 2014 7 1 3 4 6 1 6
1 62 49 34.05 -117.57 103 266 11 100 2014 7 1 3 5 6 1 6
2 62 49 32.75 -117.25 180 0 26 100 2014 7 2 2 17 16 1 9
2 62 49 32.75 -117.25 180 0 26 100 2014 7 2 2 18 6 1 9
2 62 49 32.8 -117.27 191 310 45 100 2014 7 2 2 19 15 1 9
2 62 49 32.841 -117.25 190 15 56 100 2014 7 2 2 20 6 1 9
2 62 49 32.895 -117.22 196 29 60 100 2014 7 2 2 21 15 1 9
2 62 49 32.953 -117.19 218 29 72 100 2014 7 2 2 22 15 1 9
2 62 49 33.009 -117.17 219 11 83 100 2014 7 2 2 23 15 1 9
2 62 49 33.073 -117.14 215 15 97 100 2014 7 2 2 24 6 1 9
2 62 49 33.13 -117.12 214 22 100 100 2014 7 2 2 25 16 1 9
2 62 49 33.199 -117.11 243 0 100 100 2014 7 2 2 26 15 1 9
2 62 49 33.264 -117.12 240 0 100 100 2014 7 2 2 27 16 1 9
2 62 49 33.331 -117.12 240 0 100 100 2014 7 2 2 28 16 1 9
2 62 49 33.45 -117.13 241 359 97 100 2014 7 2 2 29 15 1 9
2 62 49 33.479 -117.13 242 344 94 100 2014 7 2 2 30 6 1 6
2 62 49 33.551 -117.15 257 350 85 100 2014 7 2 2 31 6 1 6
2 62 49 33.627 -117.16 266 0 73 100 2014 7 2 2 32 6 1 6
2 62 49 33.702 -117.17 268 350 63 100 2014 7 2 2 33 16 1 6
2 62 49 33.774 -117.19 268 348 59 100 2014 7 2 2 34 16 1 5
2 62 49 33.834 -117.21 252 348 60 100 2014 7 2 2 35 15 1 5
2 62 49 33.889 -117.25 233 331 60 100 2014 7 2 2 36 6 1 6
2 62 49 33.961 -117.29 233 337 60 100 2014 7 2 2 37 16 1 6
2 62 49 34.019 -117.32 233 331 51 100 2014 7 2 2 38 16 1 6
2 62 49 34.059 -117.37 234 328 41 100 2014 7 2 2 39 15 1 6
2 62 49 34.055 -117.43 207 270 33 100 2014 7 2 2 40 15 1 6
2 62 49 34.05 -117.52 135 270 22 100 2014 7 2 2 41 16 1 6
2 62 49 34.05 -117.55 122 270 14 100 2014 7 2 2 42 16 1 6
2 62 49 34.056 -117.58 142 270 14 100 2014 7 2 2 43 16 1 6
4 62 49 32.75 -117.23 173 0 18 100 2014 7 4 2 35 16 1 9
4 62 49 32.783 -117.28 194 322 36 100 2014 7 4 2 36 6 1 9
4 62 49 32.833 -117.27 196 309 50 100 2014 7 4 2 37 16 1 9
4 62 49 32.867 -117.22 192 33 62 100 2014 7 4 2 38 7 1 9
4 62 49 32.883 -117.17 203 64 74 100 2014 7 4 2 39 15 1 9
4 62 49 32.95 -117.15 205 40 86 100 2014 7 4 2 40 6 1 9
4 62 49 33 -117.15 212 5 98 100 2014 7 4 2 41 6 1 9
4 62 49 33.067 -117.13 236 10 100 100 2014 7 4 2 42 6 1 9
4 62 49 33.133 -117.12 247 10 101 100 2014 7 4 2 43 6 1 9
4 62 49 33.2 -117.12 247 5 100 100 2014 7 4 2 44 6 1 9
4 62 49 33.248 -117.12 248 0 100 100 2014 7 4 2 45 6 1 9
4 62 49 33.317 -117.12 248 0 101 100 2014 7 4 2 46 6 1 9
4 62 49 33.417 -117.13 252 355 101 100 2014 7 4 2 47 15 1 9
4 62 49 33.483 -117.15 250 344 99 100 2014 7 4 2 48 16 1 6
4 62 49 33.55 -117.17 249 350 100 100 2014 7 4 2 49 6 1 6
4 62 49 33.633 -117.2 263 347 92 100 2014 7 4 2 50 6 1 6
4 62 49 33.683 -117.22 276 342 82 100 2014 7 4 2 51 6 1 6
4 62 49 33.767 -117.25 280 340 68 100 2014 7 4 2 52 6 1 6
4 62 49 33.817 -117.27 277 338 61 100 2014 7 4 2 53 6 1 6
4 62 49 33.886 -117.3 273 348 60 100 2014 7 4 2 54 6 1 6
4 62 49 33.95 -117.32 259 342 59 100 2014 7 4 2 55 6 1 6
4 62 49 34.025 -117.34 245 343 50 100 2014 7 4 2 56 6 1 6
4 62 49 34.05 -117.4 219 310 40 100 2014 7 4 2 57 6 1 6
4 62 49 34.05 -117.47 193 268 30 100 2014 7 4 2 58 16 1 6
4 62 49 34.055 -117.51 192 260 21 100 2014 7 4 2 59 6 1 6
4 62 49 34.055 -117.55 161 270 14 100 2014 7 4 3 0 6 1 6
4 62 49 34.055 -117.59 139 270 11 100 2014 7 4 3 1 16 1 6
