2 1 1 35.051 -106.53 208 86 79 400 2014 7 3 14 38 6 2 80
2 1 1 35.106 -106.53 219 43 104 400 2014 7 3 14 39 6 2 80
2 1 1 35.154 -106.59 256 3 128 400 2014 7 3 14 40 6 2 80
2 1 1 35.205 -106.66 278 319 150 400 2014 7 3 14 41 6 2 80
2 1 1 35.145 -106.72 278 218 150 400 2014 7 3 14 42 6 2 80
2 1 1 35.271 -106.76 311 283 175 400 2014 7 3 14 43 6 2 80
2 1 1 35.316 -106.83 325 308 193 400 2014 7 3 14 44 6 2 80
2 1 1 35.486 -106.88 400 346 200 400 2014 7 3 14 45 6 2 69
2 1 1 35.596 -106.89 399 357 200 400 2014 7 3 14 46 14 2 69
2 1 1 35.699 -106.9 379 353 200 400 2014 7 3 14 47 6 2 69
2 1 1 35.794 -106.91 353 356 199 400 2014 7 3 14 48 6 2 69
2 1 1 35.885 -106.93 335 352 199 400 2014 7 3 14 49 6 2 69
2 1 1 35.974 -106.94 325 354 199 400 2014 7 3 14 50 6 2 69
2 1 1 36.08 -106.95 322 354 199 400 2014 7 3 14 51 6 2 69
2 1 1 36.127 -107.03 318 342 199 400 2014 7 3 14 52 9 2 69
2 1 1 36.142 -107.13 319 277 200 400 2014 7 3 14 53 6 2 69
2 1 1 36.152 -107.24 325 294 196 400 2014 7 3 14 54 6 2 69
2 1 1 36.066 -107.29 354 226 185 400 2014 7 3 14 55 6 2 69
2 1 1 36 -107.29 366 207 181 130 2014 7 3 14 56 6 2 69
2 1 1 35.919 -107.23 357 164 181 130 2014 7 3 14 57 6 2 69
2 1 1 35.837 -107.18 345 152 176 130 2014 7 3 14 58 6 2 69
2 1 1 35.722 -107.09 381 149 155 130 2014 7 3 14 59 6 2 69
2 1 1 35.643 -107.04 370 149 147 130 2014 7 3 15 0 6 2 69
2 1 1 35.56 -106.97 353 150 135 130 2014 7 3 15 1 7 2 69
2 1 1 35.478 -106.92 342 149 130 130 2014 7 3 15 2 6 2 69
2 1 1 35.399 -106.86 331 150 130 130 2014 7 3 15 3 6 2 80
2 1 1 35.308 -106.85 329 174 126 130 2014 7 3 15 4 6 2 80
2 1 1 35.222 -106.85 301 175 108 130 2014 7 3 15 5 6 2 80
2 1 1 35.127 -106.84 286 177 90 130 2014 7 3 15 6 9 2 80
2 1 1 35.056 -106.84 246 177 81 130 2014 7 3 15 7 6 2 80
2 1 1 35.011 -106.8 219 150 75 130 2014 7 3 15 8 6 2 80
2 1 1 34.98 -106.75 185 127 69 130 2014 7 3 15 9 6 2 80
2 1 1 34.974 -106.71 148 128 69 130 2014 7 3 15 10 6 2 80
2 1 1 34.998 -106.66 159 97 61 130 2014 7 3 15 11 6 2 80
2 1 1 35.001 -106.66 158 56 60 130 2014 7 3 15 12 6 2 80
