2 1 69 35.042 -106.58 152 0 62 360 2014 7 1 12 22 6 2 80
2 1 69 34.997 -106.57 230 137 79 360 2014 7 1 12 23 16 2 80
2 1 69 35.004 -106.66 270 171 95 360 2014 7 1 12 24 16 2 80
2 1 69 35.073 -106.72 306 268 108 360 2014 7 1 12 25 6 2 80
2 1 69 35.168 -106.79 351 303 123 360 2014 7 1 12 26 6 2 80
2 1 69 35.26 -106.84 369 325 138 360 2014 7 1 12 27 16 2 80
2 1 69 35.357 -106.89 375 333 151 360 2014 7 1 12 28 15 2 80
2 1 69 35.48 -106.95 401 338 169 360 2014 7 1 12 29 16 2 69
2 1 69 35.603 -107.01 396 338 186 360 2014 7 1 12 30 16 2 69
2 1 69 35.708 -107.06 403 337 201 360 2014 7 1 12 31 6 2 69
2 1 69 35.78 -107.1 413 338 211 360 2014 7 1 12 32 6 2 69
2 1 69 35.924 -107.17 419 338 231 360 2014 7 1 12 33 16 2 69
2 1 69 36.033 -107.22 420 337 246 360 2014 7 1 12 34 6 2 69
2 1 69 36.143 -107.28 421 338 259 360 2014 7 1 12 35 15 2 69
2 1 69 36.252 -107.33 426 338 269 360 2014 7 1 12 36 10 2 69
2 1 69 36.38 -107.4 437 337 280 360 2014 7 1 12 37 15 6 260
2 1 69 36.491 -107.45 443 338 290 360 2014 7 1 12 38 16 6 260
2 1 69 36.591 -107.51 455 337 299 360 2014 7 1 12 39 6 6 260
2 1 69 36.729 -107.57 450 337 310 360 2014 7 1 12 40 16 6 260
2 1 69 36.815 -107.62 451 339 318 360 2014 7 1 12 41 6 6 260
2 1 69 36.952 -107.69 450 337 330 360 2014 7 1 12 42 16 6 260
2 1 69 37.08 -107.75 448 337 341 360 2014 7 1 12 43 6 6 260
2 1 69 37.19 -107.81 443 337 350 360 2014 7 1 12 44 6 6 260
2 1 69 37.299 -107.86 442 338 360 360 2014 7 1 12 45 6 6 259
2 1 69 37.401 -107.92 444 337 360 360 2014 7 1 12 46 6 6 259
2 1 69 37.514 -107.98 450 338 360 360 2014 7 1 12 47 16 6 259
2 1 69 37.541 -107.99 458 337 360 360 2014 7 1 12 48 6 6 259
2 1 69 37.789 -108.12 463 337 360 360 2014 7 1 12 49 15 6 254
2 1 69 37.789 -108.12 463 337 360 360 2014 7 1 12 50 6 6 254
2 1 69 37.984 -108.22 449 337 360 360 2014 7 1 12 51 6 6 254
2 1 69 38.13 -108.29 442 337 360 360 2014 7 1 12 52 16 6 254
2 1 69 38.258 -108.36 444 337 360 360 2014 7 1 12 53 16 6 254
2 1 69 38.33 -108.4 446 336 360 360 2014 7 1 12 54 6 6 254
2 1 69 38.458 -108.47 445 337 360 360 2014 7 1 12 55 6 6 278
2 1 69 38.565 -108.53 443 337 360 360 2014 7 1 12 56 6 6 278
2 1 69 38.674 -108.59 443 337 360 360 2014 7 1 12 57 16 6 278
2 1 69 38.8 -108.65 442 336 360 360 2014 7 1 12 58 16 6 278
2 1 69 38.819 -108.66 440 337 360 360 2014 7 1 12 59 6 6 278
2 1 69 39.015 -108.77 440 337 360 360 2014 7 1 13 0 16 6 278
2 1 69 39.104 -108.9 435 330 360 360 2014 7 1 13 1 14 6 278
2 1 69 39.157 -109.04 434 305 360 360 2014 7 1 13 2 16 6 279
2 1 69 39.21 -109.17 434 297 360 360 2014 7 1 13 3 16 6 279
2 1 69 39.23 -109.22 436 297 360 320 2014 7 1 13 4 6 6 279
2 1 69 39.327 -109.46 434 297 351 320 2014 7 1 13 5 15 6 279
2 1 69 39.344 -109.5 435 297 347 320 2014 7 1 13 6 8 6 279
2 1 69 39.399 -109.64 439 296 338 320 2014 7 1 13 7 6 6 279
2 1 69 39.453 -109.78 441 297 328 320 2014 7 1 13 8 6 6 279
2 1 69 39.551 -110.03 451 297 320 320 2014 7 1 13 9 16 6 279
2 1 69 39.571 -110.08 452 296 320 320 2014 7 1 13 10 6 6 279
2 1 69 39.626 -110.22 452 296 320 320 2014 7 1 13 11 6 5 215
2 1 69 39.688 -110.38 452 297 316 160 2014 7 1 13 12 15 5 215
2 1 69 39.741 -110.52 451 297 296 160 2014 7 1 13 13 6 5 215
2 1 69 39.802 -110.68 442 296 274 160 2014 7 1 13 14 6 5 215
2 1 69 39.851 -110.81 431 296 255 160 2014 7 1 13 15 6 5 215
2 1 69 39.884 -110.9 430 295 242 160 2014 7 1 13 16 10 5 215
2 1 69 39.934 -111.03 422 307 223 160 2014 7 1 13 17 15 5 215
2 1 69 39.991 -111.18 418 296 201 160 2014 7 1 13 18 6 5 215
2 1 69 40.041 -111.31 419 296 181 160 2014 7 1 13 19 6 5 215
2 1 69 40.107 -111.51 407 296 160 160 2014 7 1 13 20 16 5 215
2 1 69 40.138 -111.57 397 293 160 160 2014 7 1 13 21 6 5 215
2 1 69 40.19 -111.7 388 299 150 160 2014 7 1 13 22 6 5 215
2 1 69 40.26 -111.8 393 315 136 160 2014 7 1 13 23 6 5 197
2 1 69 40.347 -111.89 374 317 121 160 2014 7 1 13 24 16 5 197
2 1 69 40.424 -111.94 320 339 106 160 2014 7 1 13 25 16 5 197
2 1 69 40.508 -111.94 278 351 89 160 2014 7 1 13 26 6 5 197
2 1 69 40.574 -111.97 238 346 81 160 2014 7 1 13 27 6 5 197
2 1 69 40.629 -111.98 203 350 74 160 2014 7 1 13 28 16 5 197
2 1 69 40.73 -111.99 163 355 52 160 2014 7 1 13 29 16 5 197
2 1 69 40.742 -111.99 160 353 49 160 2014 7 1 13 30 6 5 197
5 1 69 35.044 -106.58 163 0 59 360 2014 7 2 18 46 6 2 80
5 1 69 35.081 -106.51 242 85 85 360 2014 7 2 18 47 6 2 80
5 1 69 35.124 -106.58 307 19 90 360 2014 7 2 18 48 6 2 80
5 1 69 35.136 -106.6 297 308 92 360 2014 7 2 18 49 6 2 80
5 1 69 35.198 -106.67 298 300 117 360 2014 7 2 18 50 6 2 80
5 1 69 35.277 -106.73 294 315 148 360 2014 7 2 18 51 6 2 80
5 1 69 35.345 -106.79 296 325 169 360 2014 7 2 18 52 6 2 80
5 1 69 35.416 -106.85 310 325 182 360 2014 7 2 18 53 6 2 80
5 1 69 35.509 -106.89 326 341 202 360 2014 7 2 18 54 15 2 69
5 1 69 35.604 -106.94 338 336 220 360 2014 7 2 18 55 6 2 69
5 1 69 35.697 -106.99 356 336 234 360 2014 7 2 18 56 16 2 69
5 1 69 35.792 -107.04 370 339 248 360 2014 7 2 18 57 6 2 69
5 1 69 35.897 -107.09 379 337 264 360 2014 7 2 18 58 6 2 69
5 1 69 35.999 -107.14 385 338 278 360 2014 7 2 18 59 6 2 69
5 1 69 36.112 -107.2 392 337 291 360 2014 7 2 19 0 6 2 99
5 1 69 36.213 -107.25 402 337 301 360 2014 7 2 19 1 6 2 99
5 1 69 36.316 -107.31 414 337 310 360 2014 7 2 19 2 6 6 260
5 1 69 36.434 -107.37 415 336 321 360 2014 7 2 19 3 6 6 260
5 1 69 36.542 -107.42 426 338 334 360 2014 7 2 19 4 6 6 260
5 1 69 36.66 -107.49 420 336 347 360 2014 7 2 19 5 16 6 260
5 1 69 36.763 -107.54 419 336 358 360 2014 7 2 19 6 6 6 260
5 1 69 36.882 -107.6 419 337 360 360 2014 7 2 19 7 6 6 259
5 1 69 36.99 -107.66 437 337 360 360 2014 7 2 19 8 6 6 259
5 1 69 37.117 -107.73 443 336 360 360 2014 7 2 19 9 6 6 259
5 1 69 37.222 -107.8 443 337 360 360 2014 7 2 19 10 6 6 259
5 1 69 37.336 -107.89 442 335 360 360 2014 7 2 19 11 6 6 259
5 1 69 37.432 -107.98 440 326 360 360 2014 7 2 19 12 6 6 259
5 1 69 37.543 -108.07 438 325 360 360 2014 7 2 19 13 6 6 259
5 1 69 37.639 -108.16 438 325 360 360 2014 7 2 19 14 6 6 254
5 1 69 37.75 -108.25 437 325 360 360 2014 7 2 19 15 6 6 254
5 1 69 37.844 -108.33 435 325 360 360 2014 7 2 19 16 17 6 254
5 1 69 37.955 -108.43 434 325 360 360 2014 7 2 19 17 6 6 254
5 1 69 38.044 -108.53 434 318 360 360 2014 7 2 19 18 16 6 254
5 1 69 38.159 -108.61 429 325 360 360 2014 7 2 19 19 16 6 254
5 1 69 38.246 -108.71 429 317 360 360 2014 7 2 19 20 6 6 254
5 1 69 38.303 -108.72 425 325 360 360 2014 7 2 19 21 6 6 254
5 1 69 38.466 -108.88 436 323 360 360 2014 7 2 19 22 16 6 278
5 1 69 38.506 -108.91 433 325 360 360 2014 7 2 19 23 16 6 278
5 1 69 38.605 -109 433 325 360 360 2014 7 2 19 24 6 6 278
5 1 69 38.704 -109.09 434 324 360 360 2014 7 2 19 25 6 6 278
5 1 69 38.822 -109.19 434 325 360 360 2014 7 2 19 26 6 6 278
5 1 69 38.92 -109.28 433 325 360 360 2014 7 2 19 27 6 6 278
5 1 69 39.013 -109.37 433 325 360 360 2014 7 2 19 28 6 6 278
5 1 69 39.123 -109.47 432 324 360 320 2014 7 2 19 29 6 6 279
5 1 69 39.219 -109.55 441 325 347 320 2014 7 2 19 30 6 6 279
5 1 69 39.328 -109.65 458 324 331 320 2014 7 2 19 31 6 6 279
5 1 69 39.433 -109.76 474 324 320 320 2014 7 2 19 32 6 6 279
5 1 69 39.502 -109.9 472 309 320 320 2014 7 2 19 33 15 6 279
5 1 69 39.572 -110.08 466 297 320 320 2014 7 2 19 34 6 6 279
5 1 69 39.605 -110.17 462 297 320 320 2014 7 2 19 35 6 6 279
5 1 69 39.662 -110.31 462 296 320 160 2014 7 2 19 36 6 5 215
5 1 69 39.716 -110.45 462 296 320 160 2014 7 2 19 37 7 5 215
5 1 69 39.78 -110.62 462 296 319 160 2014 7 2 19 38 6 5 215
5 1 69 39.834 -110.76 460 296 290 160 2014 7 2 19 39 6 5 215
5 1 69 39.858 -110.82 460 296 276 160 2014 7 2 19 40 6 5 215
5 1 69 39.919 -110.98 410 296 250 160 2014 7 2 19 41 6 5 215
5 1 69 40.004 -111.21 348 296 210 160 2014 7 2 19 42 16 5 215
5 1 69 40.004 -111.21 348 296 210 160 2014 7 2 19 43 6 5 215
5 1 69 40.044 -111.32 340 305 190 160 2014 7 2 19 44 6 5 215
5 1 69 40.083 -111.42 320 295 174 160 2014 7 2 19 45 6 5 215
5 1 69 40.12 -111.52 305 294 160 160 2014 7 2 19 46 6 5 215
5 1 69 40.176 -111.68 307 298 155 160 2014 7 2 19 47 6 5 215
5 1 69 40.232 -111.76 306 306 139 160 2014 7 2 19 48 6 5 197
5 1 69 40.29 -111.84 303 314 124 160 2014 7 2 19 49 6 5 197
5 1 69 40.343 -111.89 304 320 112 160 2014 7 2 19 50 6 5 197
5 1 69 40.448 -111.94 293 331 99 160 2014 7 2 19 51 6 5 197
5 1 69 40.498 -111.95 267 354 96 160 2014 7 2 19 52 16 5 197
5 1 69 40.566 -111.95 229 353 90 160 2014 7 2 19 53 6 5 197
5 1 69 40.629 -111.96 228 355 75 160 2014 7 2 19 54 6 5 197
5 1 69 40.69 -111.96 224 355 58 160 2014 7 2 19 55 6 5 197
5 1 69 40.741 -111.97 187 353 49 160 2014 7 2 19 56 6 5 197
6 1 69 35.049 -106.52 191 83 76 360 2014 7 3 2 23 15 2 80
6 1 69 35.109 -106.52 246 62 90 360 2014 7 3 2 24 6 2 80
6 1 69 35.167 -106.58 277 1 110 360 2014 7 3 2 25 16 2 80
6 1 69 35.234 -106.63 277 330 110 360 2014 7 3 2 26 6 2 80
6 1 69 35.229 -106.65 295 329 134 360 2014 7 3 2 27 6 2 80
6 1 69 35.394 -106.76 318 331 179 360 2014 7 3 2 28 6 2 80
6 1 69 35.46 -106.79 323 336 193 360 2014 7 3 2 29 16 2 69
6 1 69 35.549 -106.84 353 329 208 360 2014 7 3 2 30 16 2 69
6 1 69 35.656 -106.94 384 326 226 360 2014 7 3 2 31 6 2 69
6 1 69 35.755 -107.03 402 324 243 360 2014 7 3 2 32 16 2 69
6 1 69 35.836 -107.12 403 319 257 360 2014 7 3 2 33 15 2 69
6 1 69 35.914 -107.2 409 319 271 360 2014 7 3 2 34 6 2 69
6 1 69 36.017 -107.31 409 319 289 360 2014 7 3 2 35 16 2 69
6 1 69 36.017 -107.31 409 319 289 360 2014 7 3 2 36 6 2 69
6 1 69 36.102 -107.4 412 318 303 360 2014 7 3 2 37 6 2 99
6 1 69 36.286 -107.6 423 319 325 360 2014 7 3 2 38 15 6 260
6 1 69 36.371 -107.69 424 318 335 360 2014 7 3 2 39 15 6 260
6 1 69 36.458 -107.78 428 318 345 360 2014 7 3 2 40 6 6 260
6 1 69 36.472 -107.8 429 318 346 360 2014 7 3 2 41 6 6 260
6 1 69 36.559 -107.89 430 319 356 360 2014 7 3 2 42 6 6 260
6 1 69 36.646 -107.98 430 319 360 360 2014 7 3 2 43 16 6 259
6 1 69 36.734 -108.08 438 318 360 360 2014 7 3 2 44 16 6 259
6 1 69 36.852 -108.18 447 319 360 360 2014 7 3 2 45 16 6 259
6 1 69 36.954 -108.26 452 323 360 360 2014 7 3 2 46 15 6 259
6 1 69 37.073 -108.35 453 327 360 360 2014 7 3 2 47 6 6 259
6 1 69 37.171 -108.43 445 327 360 360 2014 7 3 2 48 15 6 259
6 1 69 37.284 -108.52 437 327 360 360 2014 7 3 2 49 15 6 259
6 1 69 37.383 -108.59 431 327 360 360 2014 7 3 2 50 6 6 259
6 1 69 37.506 -108.66 431 329 360 360 2014 7 3 2 51 6 6 254
6 1 69 37.613 -108.72 433 333 360 360 2014 7 3 2 52 6 6 254
6 1 69 37.773 -108.8 443 336 360 360 2014 7 3 2 53 15 6 254
6 1 69 37.885 -108.86 443 335 360 360 2014 7 3 2 54 6 6 254
6 1 69 37.998 -108.93 442 337 360 360 2014 7 3 2 55 6 6 254
6 1 69 38.129 -109 442 336 360 360 2014 7 3 2 56 15 6 254
6 1 69 38.188 -109.03 442 335 360 360 2014 7 3 2 57 6 6 278
6 1 69 38.356 -109.13 446 335 360 360 2014 7 3 2 58 16 6 278
6 1 69 38.469 -109.19 446 335 360 360 2014 7 3 2 59 7 6 278
6 1 69 38.582 -109.26 446 336 360 360 2014 7 3 3 0 16 6 278
6 1 69 38.696 -109.33 446 335 360 360 2014 7 3 3 1 6 6 278
6 1 69 38.808 -109.39 446 335 360 360 2014 7 3 3 2 6 6 278
6 1 69 38.894 -109.44 445 335 360 360 2014 7 3 3 3 6 6 278
6 1 69 39.008 -109.51 451 335 360 320 2014 7 3 3 4 6 6 278
6 1 69 39.11 -109.57 450 336 359 320 2014 7 3 3 5 6 6 279
6 1 69 39.236 -109.64 445 335 343 320 2014 7 3 3 6 6 6 279
6 1 69 39.347 -109.7 449 335 329 320 2014 7 3 3 7 6 6 279
6 1 69 39.486 -109.86 441 323 320 320 2014 7 3 3 8 16 6 279
6 1 69 39.516 -109.94 439 311 320 320 2014 7 3 3 9 16 6 279
6 1 69 39.57 -110.08 442 297 320 320 2014 7 3 3 10 16 6 279
6 1 69 39.635 -110.24 453 296 320 320 2014 7 3 3 11 6 5 215
6 1 69 39.688 -110.38 452 297 317 190 2014 7 3 3 12 16 5 215
6 1 69 39.751 -110.54 453 296 300 190 2014 7 3 3 13 15 5 215
6 1 69 39.806 -110.69 457 296 282 190 2014 7 3 3 14 16 5 215
6 1 69 39.822 -110.73 454 297 276 190 2014 7 3 3 15 6 5 215
6 1 69 39.887 -110.9 446 296 255 190 2014 7 3 3 16 6 5 215
6 1 69 39.943 -111.04 445 306 237 190 2014 7 3 3 17 15 5 215
6 1 69 39.997 -111.19 444 296 220 190 2014 7 3 3 18 15 5 215
6 1 69 40.048 -111.33 426 296 205 190 2014 7 3 3 19 6 5 215
6 1 69 40.1 -111.48 417 296 190 190 2014 7 3 3 20 6 5 215
6 1 69 40.17 -111.67 414 299 190 190 2014 7 3 3 21 6 5 215
6 1 69 40.283 -111.78 419 307 167 190 2014 7 3 3 22 16 5 215
6 1 69 40.314 -111.8 410 322 161 190 2014 7 3 3 23 6 5 215
6 1 69 40.451 -111.92 333 326 160 190 2014 7 3 3 24 15 5 197
6 1 69 40.479 -111.94 343 327 160 190 2014 7 3 3 25 16 5 197
6 1 69 40.594 -112.05 306 326 145 190 2014 7 3 3 26 16 5 197
6 1 69 40.67 -112.08 294 329 127 190 2014 7 3 3 27 6 5 197
6 1 69 40.752 -112.09 295 355 110 190 2014 7 3 3 28 6 5 197
6 1 69 40.829 -112.1 269 354 108 190 2014 7 3 3 29 6 5 197
6 1 69 40.896 -112.11 232 356 93 190 2014 7 3 3 30 6 5 197
6 1 69 40.935 -112.08 233 28 81 190 2014 7 3 3 31 6 5 197
6 1 69 40.924 -112.01 228 26 63 190 2014 7 3 3 32 6 5 197
6 1 69 40.866 -112.01 214 119 53 190 2014 7 3 3 33 6 5 197
6 1 69 40.823 -112 159 176 46 190 2014 7 3 3 34 16 5 197
7 1 69 35.043 -106.56 192 0 60 360 2014 7 3 23 42 6 2 80
7 1 69 35.05 -106.52 219 86 69 360 2014 7 3 23 43 6 2 80
7 1 69 35.104 -106.53 240 52 85 360 2014 7 3 23 44 6 2 80
7 1 69 35.133 -106.61 269 349 104 360 2014 7 3 23 45 6 2 80
7 1 69 35.204 -106.69 277 346 130 360 2014 7 3 23 46 6 2 80
7 1 69 35.27 -106.75 296 308 145 360 2014 7 3 23 47 6 2 80
7 1 69 35.344 -106.81 332 323 163 360 2014 7 3 23 48 6 2 80
7 1 69 35.412 -106.89 338 322 183 360 2014 7 3 23 49 6 2 80
7 1 69 35.501 -106.97 338 319 209 360 2014 7 3 23 50 6 2 69
7 1 69 35.577 -107.03 332 327 228 360 2014 7 3 23 51 6 2 69
7 1 69 35.647 -107.1 338 327 233 360 2014 7 3 23 52 6 2 69
7 1 69 35.726 -107.2 358 317 250 360 2014 7 3 23 53 6 2 68
7 1 69 35.784 -107.29 363 311 267 360 2014 7 3 23 54 6 2 68
7 1 69 35.821 -107.35 361 306 275 360 2014 7 3 23 55 6 2 68
7 1 69 35.882 -107.46 370 305 282 360 2014 7 3 23 56 7 2 68
7 1 69 35.965 -107.57 400 305 290 360 2014 7 3 23 57 6 2 88
7 1 69 36.109 -107.67 414 329 310 360 2014 7 3 23 58 6 2 88
7 1 69 36.158 -107.7 416 332 317 360 2014 7 3 23 59 6 6 260
7 1 69 36.263 -107.79 408 330 327 360 2014 7 4 0 0 6 6 260
7 1 69 36.411 -107.88 413 333 335 360 2014 7 4 0 1 9 6 260
7 1 69 36.479 -107.92 422 334 341 360 2014 7 4 0 2 6 6 260
7 1 69 36.581 -107.99 429 332 351 360 2014 7 4 0 3 6 6 260
7 1 69 36.696 -108.06 424 332 360 360 2014 7 4 0 4 6 6 259
7 1 69 36.803 -108.11 431 337 360 360 2014 7 4 0 5 6 6 259
7 1 69 36.936 -108.15 436 335 360 360 2014 7 4 0 6 6 6 259
7 1 69 37.05 -108.19 439 344 360 360 2014 7 4 0 7 6 6 259
7 1 69 37.184 -108.23 440 346 360 360 2014 7 4 0 8 6 6 259
7 1 69 37.298 -108.26 440 346 360 360 2014 7 4 0 9 6 6 259
7 1 69 37.416 -108.29 440 346 360 360 2014 7 4 0 10 6 6 259
7 1 69 37.431 -108.3 440 346 360 360 2014 7 4 0 11 6 6 259
7 1 69 37.545 -108.33 440 346 360 360 2014 7 4 0 12 6 6 259
7 1 69 37.788 -108.41 433 346 360 360 2014 7 4 0 13 6 6 254
7 1 69 37.904 -108.44 433 346 360 360 2014 7 4 0 14 8 6 254
7 1 69 37.918 -108.45 433 346 360 360 2014 7 4 0 15 7 6 254
7 1 69 38.029 -108.48 431 346 360 360 2014 7 4 0 16 6 6 254
7 1 69 38.142 -108.51 430 339 360 360 2014 7 4 0 17 6 6 254
7 1 69 38.274 -108.64 428 336 360 360 2014 7 4 0 18 6 6 254
7 1 69 38.316 -108.77 415 296 360 360 2014 7 4 0 19 6 6 278
7 1 69 38.375 -108.93 422 292 360 360 2014 7 4 0 20 6 6 278
7 1 69 38.464 -109.03 424 309 360 360 2014 7 4 0 21 6 6 278
7 1 69 38.569 -109.11 428 328 360 360 2014 7 4 0 22 6 6 278
7 1 69 38.676 -109.19 436 330 360 320 2014 7 4 0 23 6 6 278
7 1 69 38.784 -109.27 446 330 353 320 2014 7 4 0 24 6 6 278
7 1 69 38.895 -109.35 456 330 344 320 2014 7 4 0 25 6 6 278
7 1 69 39.023 -109.44 455 329 340 320 2014 7 4 0 26 6 6 278
7 1 69 39.124 -109.52 443 330 340 320 2014 7 4 0 27 6 6 279
7 1 69 39.238 -109.6 429 330 340 320 2014 7 4 0 28 6 6 279
7 1 69 39.327 -109.67 423 330 334 320 2014 7 4 0 29 6 6 279
7 1 69 39.402 -109.73 431 329 326 320 2014 7 4 0 30 6 6 279
7 1 69 39.487 -109.87 438 324 320 320 2014 7 4 0 31 6 6 279
7 1 69 39.563 -110.06 442 297 320 320 2014 7 4 0 32 6 6 279
7 1 69 39.603 -110.16 438 297 320 320 2014 7 4 0 33 6 6 279
7 1 69 39.655 -110.29 436 296 320 320 2014 7 4 0 34 6 5 215
7 1 69 39.715 -110.45 435 297 320 320 2014 7 4 0 35 6 5 215
7 1 69 39.767 -110.58 435 296 320 170 2014 7 4 0 36 6 5 215
7 1 69 39.828 -110.74 435 296 308 170 2014 7 4 0 37 6 5 215
7 1 69 39.844 -110.78 436 296 300 170 2014 7 4 0 38 6 5 215
7 1 69 39.895 -110.92 429 305 275 170 2014 7 4 0 39 6 5 215
7 1 69 39.946 -111.05 412 296 249 170 2014 7 4 0 40 6 5 215
7 1 69 39.994 -111.18 393 296 224 170 2014 7 4 0 41 7 5 215
7 1 69 40.041 -111.31 388 305 200 160 2014 7 4 0 42 6 5 215
7 1 69 40.104 -111.49 356 296 171 160 2014 7 4 0 43 6 5 215
7 1 69 40.145 -111.6 343 296 160 160 2014 7 4 0 44 6 5 215
7 1 69 40.184 -111.69 312 295 155 160 2014 7 4 0 45 6 5 215
7 1 69 40.236 -111.76 345 298 142 160 2014 7 4 0 46 6 5 215
7 1 69 40.319 -111.87 291 315 129 160 2014 7 4 0 47 6 5 197
7 1 69 40.381 -111.93 278 322 120 160 2014 7 4 0 48 6 5 197
7 1 69 40.45 -111.94 248 339 109 160 2014 7 4 0 49 6 5 197
7 1 69 40.497 -111.94 255 351 98 160 2014 7 4 0 50 6 5 197
7 1 69 40.604 -111.95 258 355 77 160 2014 7 4 0 51 6 5 197
7 1 69 40.665 -111.96 214 354 68 160 2014 7 4 0 52 6 5 197
7 1 69 40.703 -111.96 199 354 57 160 2014 7 4 0 53 6 5 197
7 1 69 40.753 -111.97 146 353 47 160 2014 7 4 0 54 6 5 197
7 1 69 40.788 -111.97 156 356 43 160 2014 7 4 0 55 6 5 197
8 1 69 35.042 -106.57 179 0 62 360 2014 7 3 12 41 15 2 80
8 1 69 35.038 -106.56 181 88 65 360 2014 7 3 12 42 16 2 80
8 1 69 34.999 -106.59 229 199 82 360 2014 7 3 12 43 16 2 80
8 1 69 35.048 -106.65 254 316 99 360 2014 7 3 12 44 6 2 80
8 1 69 35.126 -106.67 291 316 117 360 2014 7 3 12 45 6 2 80
8 1 69 35.212 -106.7 323 336 129 360 2014 7 3 12 46 6 2 80
8 1 69 35.398 -106.79 364 338 165 360 2014 7 3 12 47 16 2 80
8 1 69 35.398 -106.79 364 338 165 360 2014 7 3 12 48 6 2 80
8 1 69 35.601 -106.9 376 337 197 360 2014 7 3 12 49 15 2 69
8 1 69 35.692 -106.94 391 336 209 360 2014 7 3 12 50 16 2 69
8 1 69 35.795 -106.99 398 337 227 360 2014 7 3 12 51 6 2 69
8 1 69 35.813 -107 405 337 230 360 2014 7 3 12 52 6 2 69
8 1 69 35.911 -107.05 404 336 248 360 2014 7 3 12 53 6 2 69
8 1 69 36.007 -107.11 399 337 261 360 2014 7 3 12 54 6 2 69
8 1 69 36.122 -107.17 399 336 273 360 2014 7 3 12 55 15 2 69
8 1 69 36.222 -107.22 406 336 282 360 2014 7 3 12 56 6 2 69
8 1 69 36.327 -107.28 417 336 292 340 2014 7 3 12 57 6 6 260
8 1 69 36.448 -107.34 422 336 303 340 2014 7 3 12 58 16 6 260
8 1 69 36.535 -107.39 423 336 311 340 2014 7 3 12 59 6 6 260
8 1 69 36.658 -107.45 427 337 322 340 2014 7 3 13 0 6 6 260
8 1 69 36.762 -107.51 427 336 332 340 2014 7 3 13 1 6 6 260
8 1 69 36.884 -107.58 427 336 340 340 2014 7 3 13 2 6 6 260
8 1 69 36.989 -107.63 427 336 340 340 2014 7 3 13 3 6 6 260
8 1 69 37.099 -107.69 441 336 340 340 2014 7 3 13 4 6 6 260
8 1 69 37.228 -107.76 449 336 340 340 2014 7 3 13 5 6 6 260
8 1 69 37.337 -107.82 450 336 340 340 2014 7 3 13 6 6 6 260
8 1 69 37.446 -107.88 448 336 340 340 2014 7 3 13 7 9 6 260
8 1 69 37.571 -107.95 445 336 340 340 2014 7 3 13 8 6 6 260
8 1 69 37.679 -108.01 445 336 340 340 2014 7 3 13 9 6 6 260
8 1 69 37.806 -108.08 445 336 340 340 2014 7 3 13 10 6 6 260
8 1 69 37.914 -108.15 445 336 340 340 2014 7 3 13 11 6 6 260
8 1 69 38.023 -108.2 445 335 340 340 2014 7 3 13 12 6 6 260
8 1 69 38.149 -108.28 445 336 340 340 2014 7 3 13 13 6 6 260
8 1 69 38.258 -108.34 445 336 340 340 2014 7 3 13 14 6 6 260
8 1 69 38.383 -108.41 446 336 340 340 2014 7 3 13 15 6 6 260
8 1 69 38.492 -108.47 436 336 340 340 2014 7 3 13 16 6 6 278
8 1 69 38.601 -108.53 431 336 340 340 2014 7 3 13 17 6 6 278
8 1 69 38.709 -108.59 426 337 340 340 2014 7 3 13 18 6 6 278
8 1 69 38.821 -108.66 434 336 340 340 2014 7 3 13 19 6 6 278
8 1 69 38.938 -108.72 431 334 340 320 2014 7 3 13 20 6 6 278
8 1 69 39.024 -108.83 434 332 340 320 2014 7 3 13 21 6 6 278
8 1 69 39.081 -108.96 423 307 340 320 2014 7 3 13 22 6 6 278
8 1 69 39.139 -109.09 426 299 340 320 2014 7 3 13 23 6 6 279
8 1 69 39.196 -109.23 427 299 340 320 2014 7 3 13 24 6 6 279
8 1 69 39.254 -109.36 430 299 340 320 2014 7 3 13 25 6 6 279
8 1 69 39.31 -109.49 430 299 340 320 2014 7 3 13 26 6 6 279
8 1 69 39.376 -109.65 436 299 336 320 2014 7 3 13 27 6 6 279
8 1 69 39.432 -109.78 435 298 326 320 2014 7 3 13 28 16 6 279
8 1 69 39.486 -109.91 429 298 320 320 2014 7 3 13 29 6 6 279
8 1 69 39.55 -110.06 427 298 320 320 2014 7 3 13 30 6 6 279
8 1 69 39.574 -110.12 430 298 320 320 2014 7 3 13 31 8 6 279
8 1 69 39.67 -110.35 433 298 320 190 2014 7 3 13 32 6 5 215
8 1 69 39.689 -110.39 433 298 320 190 2014 7 3 13 33 6 5 215
8 1 69 39.757 -110.56 433 298 320 190 2014 7 3 13 34 6 5 215
8 1 69 39.837 -110.77 433 296 320 190 2014 7 3 13 35 6 5 215
8 1 69 39.863 -110.83 433 296 312 190 2014 7 3 13 36 6 5 215
8 1 69 39.916 -110.97 425 296 287 190 2014 7 3 13 37 6 5 215
8 1 69 39.966 -111.11 419 296 263 190 2014 7 3 13 38 6 5 215
8 1 69 40.017 -111.24 418 296 240 190 2014 7 3 13 39 6 5 215
8 1 69 40.067 -111.37 409 294 218 190 2014 7 3 13 40 6 5 215
8 1 69 40.127 -111.55 386 299 191 190 2014 7 3 13 41 6 5 215
8 1 69 40.165 -111.66 375 295 188 190 2014 7 3 13 42 16 5 215
8 1 69 40.22 -111.8 362 295 178 190 2014 7 3 13 43 6 5 215
8 1 69 40.265 -111.92 360 296 172 190 2014 7 3 13 44 6 5 215
8 1 69 40.353 -112 365 312 161 190 2014 7 3 13 45 6 5 215
8 1 69 40.443 -112.06 360 331 147 190 2014 7 3 13 46 6 5 197
8 1 69 40.514 -112.06 357 351 133 190 2014 7 3 13 47 6 5 197
8 1 69 40.61 -112.08 350 356 113 190 2014 7 3 13 48 6 5 197
8 1 69 40.702 -112.09 326 353 110 190 2014 7 3 13 49 6 5 197
8 1 69 40.793 -112.1 253 354 110 190 2014 7 3 13 50 6 5 197
8 1 69 40.851 -112.1 266 356 110 190 2014 7 3 13 51 6 5 197
8 1 69 40.936 -112.11 265 354 96 190 2014 7 3 13 52 15 5 197
8 1 69 40.971 -112.06 254 39 82 190 2014 7 3 13 53 6 5 197
8 1 69 40.924 -111.99 225 131 65 190 2014 7 3 13 54 6 5 197
8 1 69 40.874 -111.99 180 174 56 190 2014 7 3 13 55 6 5 197
8 1 69 40.839 -111.98 132 173 49 190 2014 7 3 13 56 6 5 197
8 1 69 40.805 -111.98 128 174 43 190 2014 7 3 13 57 6 5 197
10 1 69 35.047 -106.57 209 82 64 400 2014 7 4 1 35 6 2 80
10 1 69 35.122 -106.58 278 77 93 400 2014 7 4 1 36 6 2 80
10 1 69 35.179 -106.64 270 357 123 400 2014 7 4 1 37 6 2 80
10 1 69 35.241 -106.61 260 305 144 400 2014 7 4 1 38 6 2 80
10 1 69 35.298 -106.54 286 314 171 400 2014 7 4 1 39 15 2 80
10 1 69 35.365 -106.48 275 40 193 400 2014 7 4 1 40 6 2 69
10 1 69 35.416 -106.46 273 20 207 400 2014 7 4 1 41 6 2 69
10 1 69 35.509 -106.5 272 333 228 400 2014 7 4 1 42 16 2 69
10 1 69 35.584 -106.54 286 334 243 400 2014 7 4 1 43 6 2 69
10 1 69 35.664 -106.59 321 334 249 400 2014 7 4 1 44 6 2 69
10 1 69 35.733 -106.63 336 330 256 400 2014 7 4 1 45 6 2 69
10 1 69 35.843 -106.7 350 335 267 400 2014 7 4 1 46 6 2 69
10 1 69 35.927 -106.75 352 333 275 400 2014 7 4 1 47 6 2 69
10 1 69 36.014 -106.8 351 333 284 400 2014 7 4 1 48 15 2 69
10 1 69 36.106 -106.86 344 332 300 400 2014 7 4 1 49 6 2 99
10 1 69 36.183 -106.91 328 333 313 400 2014 7 4 1 50 6 2 99
10 1 69 36.271 -106.97 325 332 327 400 2014 7 4 1 51 6 2 99
10 1 69 36.345 -107.01 317 333 337 400 2014 7 4 1 52 6 2 99
10 1 69 36.421 -107.06 317 333 346 400 2014 7 4 1 53 6 6 260
10 1 69 36.502 -107.11 329 332 355 400 2014 7 4 1 54 10 6 260
10 1 69 36.594 -107.17 332 332 364 400 2014 7 4 1 55 15 6 259
10 1 69 36.688 -107.23 334 332 373 400 2014 7 4 1 56 6 6 259
10 1 69 36.767 -107.28 335 332 382 400 2014 7 4 1 57 6 6 259
10 1 69 36.846 -107.33 334 333 390 400 2014 7 4 1 58 16 6 259
10 1 69 36.928 -107.38 334 332 390 400 2014 7 4 1 59 6 6 259
10 1 69 36.936 -107.39 329 333 399 400 2014 7 4 2 0 6 6 259
10 1 69 37.014 -107.44 328 332 400 400 2014 7 4 2 1 6 6 259
10 1 69 37.11 -107.5 344 332 400 400 2014 7 4 2 2 6 6 259
10 1 69 37.246 -107.66 354 326 400 400 2014 7 4 2 3 6 6 259
10 1 69 37.328 -107.76 367 315 400 400 2014 7 4 2 4 6 6 259
10 1 69 37.399 -107.85 367 314 400 400 2014 7 4 2 5 6 6 259
10 1 69 37.396 -107.85 369 314 400 400 2014 7 4 2 6 6 6 259
10 1 69 37.478 -107.96 369 315 400 400 2014 7 4 2 7 16 6 259
10 1 69 37.547 -108.05 370 314 400 400 2014 7 4 2 8 8 6 259
10 1 69 37.629 -108.15 374 314 400 400 2014 7 4 2 9 6 6 254
10 1 69 37.7 -108.24 374 314 400 400 2014 7 4 2 10 6 6 254
10 1 69 37.782 -108.35 376 314 400 400 2014 7 4 2 11 6 6 254
10 1 69 37.852 -108.44 376 314 400 400 2014 7 4 2 12 6 6 254
10 1 69 37.923 -108.53 377 314 400 400 2014 7 4 2 13 6 6 254
10 1 69 38.004 -108.64 377 314 400 400 2014 7 4 2 14 15 6 254
10 1 69 38.093 -108.75 366 314 400 400 2014 7 4 2 15 6 6 254
10 1 69 38.161 -108.84 369 313 400 400 2014 7 4 2 16 6 6 254
10 1 69 38.233 -108.94 373 314 400 400 2014 7 4 2 17 16 6 278
10 1 69 38.308 -109.03 377 314 400 400 2014 7 4 2 18 15 6 278
10 1 69 38.378 -109.13 374 312 400 400 2014 7 4 2 19 6 6 278
10 1 69 38.467 -109.25 379 315 400 400 2014 7 4 2 20 16 6 278
10 1 69 38.537 -109.34 378 313 400 400 2014 7 4 2 21 6 6 278
10 1 69 38.61 -109.44 378 313 400 400 2014 7 4 2 22 16 6 278
10 1 69 38.681 -109.53 380 314 400 400 2014 7 4 2 23 16 6 278
10 1 69 38.756 -109.64 380 313 400 400 2014 7 4 2 24 16 6 278
10 1 69 38.829 -109.73 379 313 400 320 2014 7 4 2 25 16 6 278
10 1 69 38.902 -109.83 380 313 399 320 2014 7 4 2 26 6 6 278
10 1 69 38.975 -109.93 384 313 395 320 2014 7 4 2 27 6 6 279
10 1 69 39.058 -110.04 394 314 389 320 2014 7 4 2 28 6 5 203
10 1 69 39.138 -110.16 399 314 384 320 2014 7 4 2 29 6 5 203
10 1 69 39.21 -110.25 399 312 370 320 2014 7 4 2 30 6 5 203
10 1 69 39.296 -110.37 400 313 346 320 2014 7 4 2 31 6 5 202
10 1 69 39.372 -110.48 400 313 346 320 2014 7 4 2 32 6 5 202
10 1 69 39.453 -110.59 396 314 320 320 2014 7 4 2 33 6 5 202
10 1 69 39.528 -110.69 396 312 320 320 2014 7 4 2 34 6 5 215
10 1 69 39.604 -110.8 405 311 320 190 2014 7 4 2 35 16 5 215
10 1 69 39.6 -110.79 406 313 320 190 2014 7 4 2 36 6 5 215
10 1 69 39.756 -111.02 406 312 296 190 2014 7 4 2 37 16 5 215
10 1 69 39.756 -111.02 406 312 296 190 2014 7 4 2 38 7 5 215
10 1 69 39.925 -111.26 408 313 248 190 2014 7 4 2 39 15 5 215
10 1 69 39.925 -111.26 408 313 248 190 2014 7 4 2 40 6 5 215
10 1 69 39.999 -111.36 391 312 226 190 2014 7 4 2 41 6 5 215
10 1 69 40.069 -111.46 380 311 204 190 2014 7 4 2 42 6 5 215
10 1 69 40.154 -111.53 365 331 190 190 2014 7 4 2 43 6 5 215
10 1 69 40.243 -111.59 354 333 186 190 2014 7 4 2 44 6 5 215
10 1 69 40.33 -111.65 360 331 171 190 2014 7 4 2 45 6 5 215
10 1 69 40.412 -111.71 330 332 155 190 2014 7 4 2 46 6 5 197
10 1 69 40.485 -111.76 300 332 141 190 2014 7 4 2 47 15 5 197
10 1 69 40.564 -111.82 270 330 140 190 2014 7 4 2 48 16 5 197
10 1 69 40.641 -111.84 287 348 129 190 2014 7 4 2 49 6 5 197
10 1 69 40.711 -111.88 272 339 112 190 2014 7 4 2 50 6 5 197
10 1 69 40.778 -111.89 232 354 110 190 2014 7 4 2 51 6 5 197
10 1 69 40.834 -111.89 199 357 110 190 2014 7 4 2 52 6 5 197
10 1 69 40.886 -111.9 188 351 95 190 2014 7 4 2 53 6 5 197
10 1 69 40.89 -111.95 187 274 66 190 2014 7 4 2 54 6 5 197
10 1 69 40.848 -111.96 155 194 52 190 2014 7 4 2 55 6 5 197
10 1 69 40.816 -111.96 123 183 46 190 2014 7 4 2 56 6 5 197
