1 55 33 33.433 -111.98 166 0 18 160 2 79
1 55 33 33.45 -111.92 185 93 38 160 2 79
1 55 33 33.517 -111.9 192 16 56 160 2 79
1 55 33 33.55 -111.92 190 332 70 160 2 79
1 55 33 33.567 -111.97 186 286 82 160 2 79
1 55 33 33.6 -112.03 190 112 98 160 2 79
1 55 33 33.622 -112.08 186 308 108 160 2 79
1 55 33 33.67 -112.13 209 317 121 160 2 79
1 55 33 33.716 -112.16 201 331 132 160 2 79
1 55 33 33.767 -112.2 208 330 140 160 2 79
1 55 33 33.828 -112.24 234 329 145 160 2 79
1 55 33 33.884 -112.28 232 331 153 160 2 79
1 55 33 33.939 -112.31 232 331 158 160 2 79
1 55 33 34.015 -112.36 246 333 159 160 2 79
1 55 33 34.073 -112.41 260 326 160 160 2 62
1 55 33 34.137 -112.45 262 329 160 160 2 62
1 55 33 34.21 -112.5 266 328 163 160 2 62
1 55 33 34.268 -112.54 274 328 163 160 2 62
1 55 33 34.337 -112.6 268 330 163 160 2 62
1 55 33 34.401 -112.64 269 328 163 160 2 62
1 55 33 34.463 -112.69 268 328 162 160 2 62
1 55 33 34.541 -112.75 270 327 160 160 2 62
1 55 33 34.528 -112.74 272 328 160 160 2 62
1 55 33 34.604 -112.8 271 328 161 160 2 62
1 55 33 34.732 -112.89 269 329 160 160 2 62
1 55 33 34.731 -112.89 268 328 160 160 2 62
1 55 33 34.859 -112.98 265 329 161 160 2 62
1 55 33 34.859 -112.98 266 329 161 160 2 62
1 55 33 34.934 -113.04 267 327 161 160 2 62
1 55 33 34.999 -113.08 267 329 161 160 2 62
1 55 33 35.065 -113.13 267 331 162 160 2 62
1 55 33 35.129 -113.17 267 329 162 160 2 62
1 55 33 35.194 -113.22 268 328 162 160 1 29
1 55 33 35.259 -113.27 267 330 162 160 1 29
1 55 33 35.321 -113.32 268 326 162 160 1 29
1 55 33 35.385 -113.37 268 327 162 160 1 29
1 55 33 35.462 -113.42 268 330 159 160 1 29
1 55 33 35.528 -113.47 268 330 162 160 1 29
1 55 33 35.59 -113.52 268 330 159 160 1 29
1 55 33 35.646 -113.57 267 326 159 160 1 29
1 55 33 35.682 -113.65 267 316 159 160 1 29
1 55 33 35.723 -113.73 266 309 159 160 1 29
1 55 33 35.774 -113.82 265 303 159 100 1 29
1 55 33 35.819 -113.89 266 305 155 100 1 29
1 55 33 35.86 -113.98 279 305 148 100 1 29
1 55 33 35.903 -114.06 285 303 142 100 1 29
1 55 33 35.947 -114.14 285 302 131 100 1 29
1 55 33 35.994 -114.22 289 303 119 100 1 29
1 55 33 36.055 -114.32 298 307 103 100 1 30
1 55 33 36.079 -114.37 303 307 98 100 1 30
1 55 33 36.121 -114.45 284 305 88 100 1 3
1 55 33 36.139 -114.58 251 274 81 100 1 3
1 55 33 36.139 -114.62 236 283 81 100 1 3
1 55 33 36.145 -114.74 241 272 71 100 1 3
1 55 33 36.144 -114.79 236 271 71 100 1 3
1 55 33 36.15 -114.85 176 274 66 100 1 3
1 55 33 36.152 -114.91 181 273 61 100 1 3
1 55 33 36.153 -114.97 189 271 53 100 1 3
1 55 33 36.152 -115.04 187 269 44 100 1 3
1 55 33 36.147 -115.1 184 263 37 100 1 3
1 55 33 36.122 -115.14 140 243 28 100 1 3
1 55 33 36.1 -115.16 138 235 23 100 1 3
2 55 33 33.433 -112.03 172.06 108.25 21.688 280 2 79
2 55 33 33.438 -112.07 191.66 237.34 33.875 280 2 79
2 55 33 33.453 -112.1 238.94 243.88 52.812 280 2 79
2 55 33 33.516 -112.13 276.12 282.66 78.781 280 2 79
2 55 33 33.595 -112.14 292.66 215.41 102.75 280 2 79
2 55 33 33.675 -112.18 321.59 327.62 120.38 280 2 79
2 55 33 33.769 -112.21 349.38 339.84 142.66 280 2 79
2 55 33 33.864 -112.25 368.28 339.75 165.53 280 2 79
2 55 33 33.963 -112.3 382.56 338.66 187.19 280 2 79
2 55 33 34.054 -112.36 395.12 329.03 205.34 280 2 62
2 55 33 34.156 -112.44 404.81 326.62 222.19 280 2 62
2 55 33 34.249 -112.51 410.53 324.83 235.3 280 2 62
2 55 33 34.34 -112.6 416.08 324.14 247.52 280 2 108
2 55 33 34.427 -112.68 422.02 321.84 256.56 280 2 108
2 55 33 34.512 -112.77 426.77 319.77 264.84 280 2 108
2 55 33 34.595 -112.86 429.92 317.02 269.98 280 2 108
2 55 33 34.674 -112.96 431.69 312.6 272.67 280 2 108
2 55 33 34.743 -113.07 431.7 308.5 274.02 280 2 108
2 55 33 34.803 -113.17 430.78 307.07 274.32 280 2 108
2 55 33 34.869 -113.27 429.36 306.66 274.64 280 2 108
2 55 33 34.936 -113.38 427.88 306.36 274.45 280 2 108
2 55 33 35.004 -113.49 425.25 306.25 272 280 1 40
2 55 33 35.072 -113.61 422.34 305.61 266.73 240 1 40
2 55 33 35.136 -113.71 418.01 306.16 258.02 100 1 40
2 55 33 35.199 -113.81 413.64 307 246.81 100 1 40
2 55 33 35.277 -113.91 408.73 309.7 229.52 100 1 29
2 55 33 35.348 -113.99 402.2 313.3 212.12 100 1 29
2 55 33 35.438 -114.08 391.67 316.45 188.55 100 1 29
2 55 33 35.518 -114.16 382 318.28 168.75 100 1 29
2 55 33 35.6 -114.24 371.17 320.73 149.67 100 1 29
2 55 33 35.686 -114.32 353.52 323.92 130.09 100 1 29
2 55 33 35.766 -114.37 334.77 328.41 117.31 100 1 29
2 55 33 35.848 -114.42 318.53 333.5 107.69 100 1 3
2 55 33 35.926 -114.46 304.52 331.58 99.344 100 1 3
2 55 33 36 -114.5 295.39 324.3 92.75 100 1 3
2 55 33 36.058 -114.56 285.32 315.37 86.203 100 1 3
2 55 33 36.107 -114.62 270.42 311.27 80.031 100 1 3
2 55 33 36.129 -114.7 255.16 290.68 75.781 100 1 3
2 55 33 36.131 -114.79 237.42 272.03 69.719 100 1 3
2 55 33 36.125 -114.86 227.78 265.97 64.219 100 1 3
2 55 33 36.119 -114.94 203.66 264.97 57.312 100 1 3
2 55 33 36.115 -115 192.19 264.81 48.312 100 1 3
2 55 33 36.117 -115.06 176.75 270.12 37.312 100 1 3
2 55 33 36.111 -115.11 157.84 266.38 29.062 100 1 3
2 55 33 36.095 -115.14 147.78 249.09 22.875 100 1 3
