1 55 57 33.427 -112.05 176 136.25 23.75 260 2 79
1 55 57 33.407 -112.11 211.25 223.12 39.5 260 2 79
1 55 57 33.392 -112.19 249.38 237.5 57.375 260 2 79
1 55 57 33.395 -112.29 277.38 264.62 81.875 260 2 79
1 55 57 33.403 -112.35 283.75 273.25 94.375 260 2 79
1 55 57 33.419 -112.49 312.5 278.62 114 260 2 79
1 55 57 33.429 -112.59 334.25 276.5 126.5 260 2 79
1 55 57 33.441 -112.71 352 276.62 140.12 260 2 79
1 55 57 33.454 -112.82 366.62 277 155.5 260 2 63
1 55 57 33.476 -112.94 372.62 280.75 169.5 260 2 63
1 55 57 33.504 -113.09 377.88 282.62 185.25 260 2 63
1 55 57 33.527 -113.21 386 260.12 198.62 260 2 63
1 55 57 33.554 -113.35 391.25 282.62 207.38 260 2 63
1 55 57 33.577 -113.47 395.38 282.25 219.88 260 2 63
1 55 57 33.602 -113.6 399.25 282.12 227.75 260 2 63
1 55 57 33.621 -113.71 401.81 281.62 236.88 260 2 63
1 55 57 33.643 -113.85 401.25 280.12 244 260 2 63
1 55 57 33.666 -113.98 407.62 280.25 250.25 260 1 39
1 55 57 33.692 -114.14 413 281.12 254 260 1 39
1 55 57 33.716 -114.3 417.12 279.69 257.62 260 1 39
1 55 57 33.737 -114.44 419.56 280.31 259.06 260 1 39
1 55 57 33.758 -114.58 425.38 279.38 256.38 110 1 39
1 55 57 33.775 -114.71 430.88 279.31 251.12 110 1 39
1 55 57 33.789 -114.85 438.44 278.12 239.62 110 1 39
1 55 57 33.801 -114.98 433.69 277.31 227.62 110 1 27
1 55 57 33.815 -115.12 424.12 276.56 215.25 110 1 27
1 55 57 33.826 -115.25 416.31 275.88 199.12 110 1 27
1 55 57 33.841 -115.4 408.88 275.62 179.62 110 1 27
1 55 57 33.857 -115.53 400.88 276 161.12 110 1 27
1 55 57 33.881 -115.68 387.25 277.38 140.88 110 1 27
1 55 57 33.899 -115.81 376.75 277.62 123 110 1 27
1 55 57 33.902 -115.91 361.75 273.5 110.75 110 1 27
1 55 57 33.892 -116.04 318.12 264.62 97.375 110 1 4
1 55 57 33.89 -116.11 303.5 265.25 87.25 110 1 4
1 55 57 33.876 -116.21 282.38 260.62 71.75 110 1 4
1 55 57 33.868 -116.28 274.62 260.75 62.875 110 1 4
1 55 57 33.861 -116.35 236.62 263.62 48.875 110 1 4
1 55 57 33.865 -116.43 204.62 263.88 38.125 110 1 4
1 55 57 33.865 -116.48 178.38 268 26.5 110 1 4
1 55 57 33.852 -116.52 158.5 273 13.375 110 1 4
2 55 57 33.433 -111.98 168.33 0 20.333 280 2 79
2 55 57 33.433 -111.94 181.67 97 30.333 280 2 79
2 55 57 33.433 -111.87 240.67 95 47.333 280 2 79
2 55 57 33.38 -111.84 276.33 224.67 72 280 2 79
2 55 57 33.332 -111.9 283 227 95.667 280 2 79
2 55 57 33.34 -112 303 285 112.33 280 2 79
2 55 57 33.355 -112.11 328.67 275 133 280 2 79
2 55 57 33.369 -112.22 337.33 277.67 152.33 280 2 79
2 55 57 33.383 -112.34 349 277 175 280 2 79
2 55 57 33.399 -112.47 358.33 278 194.67 280 2 79
2 55 57 33.413 -112.59 368.33 278 218.5 190 2 63
2 55 57 33.442 -112.75 375.33 282.67 232.33 280 2 63
2 55 57 33.465 -112.89 385 280.33 245.67 280 2 90
2 55 57 33.491 -113.01 403 282.67 251.67 280 2 90
2 55 57 33.515 -113.14 408.5 282.67 257.5 260 2 90
2 55 57 33.537 -113.26 415 282.17 262.33 280 2 90
2 55 57 33.559 -113.38 417.17 282.5 265 280 2 90
2 55 57 33.584 -113.51 419.58 281.75 266.67 280 2 90
2 55 57 33.606 -113.63 421.17 282.67 269.33 280 2 90
2 55 57 33.629 -113.74 420.33 282.67 272.33 280 2 90
2 55 57 33.658 -113.9 420.33 282.33 273.33 280 2 90
2 55 57 33.684 -114.06 424 281.33 273.33 280 2 90
2 55 57 33.71 -114.2 430 281.67 273.33 280 1 39
2 55 57 33.728 -114.29 437.33 281.67 270.33 280 1 39
2 55 57 33.748 -114.43 445.83 280.83 261.33 240 1 39
2 55 57 33.769 -114.6 443.67 279 253.33 280 1 39
2 55 57 33.782 -114.75 441.33 277.33 249.33 280 1 39
2 55 57 33.796 -114.9 440 275.33 236.33 280 1 39
2 55 57 33.807 -115.05 434 276 224.67 280 1 27
2 55 57 33.819 -115.2 428.67 275 205 280 1 27
2 55 57 33.834 -115.34 424 275 188.33 280 1 27
2 55 57 33.85 -115.43 416.33 277.33 168.67 280 1 27
2 55 57 33.881 -115.57 393.33 280.67 151 280 1 27
2 55 57 33.894 -115.72 367.67 278.33 135 280 1 27
2 55 57 33.893 -115.83 345 270.33 124.33 280 1 27
2 55 57 33.9 -115.98 319.33 269.67 104.67 280 1 4
2 55 57 33.903 -116.08 311 274.67 90 280 1 4
2 55 57 33.9 -116.16 289.33 269.33 79 280 1 4
2 55 57 33.885 -116.25 273 260 67 280 1 4
2 55 57 33.872 -116.34 251.67 258 52 280 1 4
2 55 57 33.856 -116.41 241.33 260 36.333 280 1 4
2 55 57 33.844 -116.48 208.33 258 23 280 1 4
2 55 57 33.828 -116.51 159 258.67 12.333 280 1 4
