1 55 67 33.422 -112.07 187.25 255.75 31.25 360 2 79
1 55 67 33.406 -112.12 204.5 251.5 46 360 2 79
1 55 67 33.401 -112.22 255.75 266.25 70.5 360 2 79
1 55 67 33.407 -112.29 278.25 272 92.75 360 2 79
1 55 67 33.416 -112.39 303.25 275.75 117.5 360 2 79
1 55 67 33.43 -112.54 344.25 275.5 149 360 2 79
1 55 67 33.44 -112.67 365 275.25 176.25 360 2 79
1 55 67 33.452 -112.79 378 275.5 197.5 360 2 63
1 55 67 33.466 -112.89 393.75 278.75 214.25 360 2 63
1 55 67 33.495 -113.04 409.25 281.75 237.5 360 2 63
1 55 67 33.523 -113.19 418.75 282 254.25 360 2 63
1 55 67 33.55 -113.33 430 282.75 275.75 360 2 90
1 55 67 33.584 -113.51 441.25 282.25 299.5 360 2 90
1 55 67 33.613 -113.66 448.5 282.75 318 360 2 90
1 55 67 33.631 -113.73 444.75 283.25 328 360 2 90
1 55 67 33.665 -113.91 439.75 283.25 350.5 360 2 102
1 55 67 33.693 -114.05 436 283.25 365.75 360 1 39
1 55 67 33.721 -114.16 434.5 285.25 374 360 1 39
1 55 67 33.77 -114.31 432.25 288 379.5 360 1 39
1 55 67 33.817 -114.47 427.5 291.5 387.5 360 1 39
1 55 67 33.864 -114.62 427.5 291 387.5 360 1 42
1 55 67 33.874 -114.65 425.75 290.5 389.5 360 1 42
1 55 67 33.917 -114.78 426 291 392 360 1 42
1 55 67 33.963 -114.91 424.75 291 392.5 360 1 42
1 55 67 34.011 -115.04 425 291.75 392.5 360 1 42
1 55 67 34.059 -115.19 428.25 292.25 392.5 360 1 42
1 55 67 34.105 -115.31 428.25 292.25 392.5 360 1 42
1 55 67 34.152 -115.45 426.75 292.25 392.5 360 1 42
1 55 67 34.2 -115.59 426.25 292.25 392.5 360 1 42
1 55 67 34.244 -115.72 427.75 292 392.5 360 1 42
1 55 67 34.29 -115.86 426.75 292 392.5 360 1 42
1 55 67 34.337 -116 426.25 292.25 392.5 360 1 42
1 55 67 34.383 -116.13 426.5 291.75 392.5 360 1 44
1 55 67 34.427 -116.27 427.25 291.75 392.5 360 1 44
1 55 67 34.472 -116.4 427 292.25 392.5 360 1 44
1 55 67 34.517 -116.53 426.5 292 392.5 360 1 44
1 55 67 34.563 -116.67 425.75 291.75 392.75 360 1 44
1 55 67 34.61 -116.81 424.75 291.5 392.5 360 1 44
1 55 67 34.655 -116.95 424.75 291.25 392.5 360 1 43
1 55 67 34.698 -117.08 423.75 291.25 392.5 360 1 43
1 55 67 34.743 -117.22 423 291 392.5 360 1 43
1 55 67 34.785 -117.36 423 291.25 392.5 360 1 43
1 55 67 34.832 -117.49 422 291 392.5 360 1 43
1 55 67 34.877 -117.64 424.25 290.75 392.5 360 1 34
1 55 67 34.919 -117.77 426.25 290.75 392.5 360 1 34
1 55 67 34.964 -117.91 425.25 291.5 392.5 360 1 34
1 55 67 35.003 -118.03 427.5 291 392.5 360 1 34
1 55 67 35.055 -118.19 423.25 290.75 392.5 360 1 34
1 55 67 35.084 -118.28 422.75 290.25 392.5 360 1 34
1 55 67 35.135 -118.45 428.75 290.25 392.5 360 1 34
1 55 67 35.178 -118.58 419 291.25 392.5 360 1 53
1 55 67 35.224 -118.73 423 291 392.5 360 1 53
1 55 67 35.251 -118.81 421.75 290 392.5 360 1 53
1 55 67 35.287 -118.93 420.25 290.25 392.5 360 1 53
1 55 67 35.329 -119.07 427.75 287.5 392.5 360 1 53
1 55 67 35.357 -119.16 423.62 291 392.5 360 1 53
1 55 67 35.405 -119.32 423.25 290 392.5 360 1 53
1 55 67 35.456 -119.49 423.75 290 392.5 360 1 54
1 55 67 35.487 -119.59 422 289.75 392.5 360 1 54
1 55 67 35.528 -119.73 423 289.75 392.5 360 1 54
1 55 67 35.569 -119.86 418.5 289.5 392.5 360 1 54
1 55 67 35.598 -119.97 420 289.75 392.5 360 1 54
1 55 67 35.65 -120.14 420.25 289.75 390.5 360 1 54
1 55 67 35.676 -120.23 420.25 289.5 388.5 360 1 54
1 55 67 35.72 -120.36 422.5 290.75 383.5 200 4 188
1 55 67 35.781 -120.48 422.5 301 375.25 200 4 188
1 55 67 35.861 -120.62 420.5 306.75 358.75 200 4 188
1 55 67 35.937 -120.73 426 307.25 346.25 200 4 188
1 55 67 36.013 -120.84 424.25 307.5 327 200 4 188
1 55 67 36.096 -120.95 427.5 309.5 304 200 4 188
1 55 67 36.181 -121.06 420.5 312 279.5 200 4 188
1 55 67 36.264 -121.16 416.25 315.75 262 200 4 188
1 55 67 36.315 -121.23 409.75 315 240 200 4 188
1 55 67 36.403 -121.34 399.75 314.25 214 200 4 188
1 55 67 36.497 -121.44 387.75 316.5 181.25 200 4 174
1 55 67 36.601 -121.49 399.75 333.5 150.25 200 4 174
1 55 67 36.73 -121.53 384.5 344.5 118.75 200 4 154
1 55 67 36.812 -121.56 358.75 343.5 102.75 200 4 154
1 55 67 36.904 -121.6 330.75 342.25 89.25 200 4 154
1 55 67 36.981 -121.64 303.25 334.75 80.25 200 4 154
1 55 67 37.045 -121.66 295 339.25 64 200 4 154
1 55 67 37.109 -121.69 288.5 340.5 54.75 200 4 154
1 55 67 37.181 -121.73 262.5 338.5 46.25 200 4 154
1 55 67 37.224 -121.78 235.75 326 36.75 200 4 154
1 55 67 37.264 -121.82 215.25 322.5 25.25 200 4 154
1 55 67 37.302 -121.87 174.75 313.25 16.25 200 4 154
1 55 67 37.334 -121.9 153.75 318.75 6.75 200 4 154
1 55 67 37.362 -121.93 147.25 319.5 352.5 200 4 189
2 55 67 33.43 -112.03 173.6 102.7 22.7 340 2 79
2 55 67 33.416 -112.07 213.4 259.5 37.5 340 2 79
2 55 67 33.397 -112.12 253.8 239.9 62.2 340 2 79
2 55 67 33.398 -112.19 271 245.2 83.8 340 2 79
2 55 67 33.404 -112.3 297.9 262.8 104.3 340 2 79
2 55 67 33.412 -112.39 337.3 276 122 340 2 79
2 55 67 33.425 -112.54 367.2 276.2 148.4 340 2 79
2 55 67 33.436 -112.65 379.3 276 169.5 340 2 79
2 55 67 33.454 -112.79 394.9 276.8 193 340 2 63
2 55 67 33.478 -112.93 406.5 281.1 215.9 340 2 63
2 55 67 33.5 -113.06 411.2 281.5 233.5 340 2 63
2 55 67 33.527 -113.2 418.9 282 249.8 340 2 63
2 55 67 33.55 -113.33 426.1 282.1 264.6 340 2 63
2 55 67 33.579 -113.46 433.3 283 278 340 2 90
2 55 67 33.611 -113.62 442.2 282.1 292.1 340 2 90
2 55 67 33.639 -113.77 443.3 283.6 303.5 340 2 90
2 55 67 33.671 -113.91 446.3 283.4 315.4 340 2 90
2 55 67 33.704 -114.05 445.3 287.2 326.8 340 1 39
2 55 67 33.739 -114.2 444.5 286.2 337.2 340 1 39
2 55 67 33.77 -114.35 442.7 282.9 342.5 340 1 39
2 55 67 33.801 -114.49 441.2 284 346.4 340 1 39
2 55 67 33.829 -114.61 439.2 284 350.6 340 1 39
2 55 67 33.858 -114.77 437.8 281.8 353.5 400 1 39
2 55 67 33.896 -114.91 436.7 285.3 358.3 340 1 42
2 55 67 33.929 -115.04 436.3 287.6 360.3 340 1 42
2 55 67 33.948 -115.19 434.9 282.2 360.6 340 1 42
2 55 67 33.982 -115.32 434.3 281.3 361.2 400 1 42
2 55 67 34.017 -115.46 432.55 284.3 361.7 400 1 42
2 55 67 34.045 -115.58 432.75 285.5 362.6 400 1 42
2 55 67 34.074 -115.72 430.75 284.95 363.5 400 1 42
2 55 67 34.1 -115.85 430.05 283.95 363.8 400 1 42
2 55 67 34.134 -116.01 431.1 283.4 363.9 400 1 42
2 55 67 34.165 -116.16 430.7 283.4 363.9 340 1 42
2 55 67 34.19 -116.28 429.8 283.4 363.9 340 1 42
2 55 67 34.215 -116.41 429.4 283.2 363.9 340 1 42
2 55 67 34.243 -116.55 429.6 283.2 364 340 1 42
2 55 67 34.271 -116.7 429 283.2 364 340 1 44
2 55 67 34.3 -116.84 428.5 282.7 364 340 1 44
2 55 67 34.329 -116.98 428.5 283.1 364 340 1 44
2 55 67 34.357 -117.13 428.5 282.9 364 340 1 44
2 55 67 34.384 -117.27 428.2 282.8 364 340 1 43
2 55 67 34.411 -117.4 429.6 282.7 364 340 1 43
2 55 67 34.445 -117.54 430.1 282.9 364 340 1 43
2 55 67 34.48 -117.69 431 284.8 364 340 1 43
2 55 67 34.511 -117.81 431.8 286.7 364 340 1 43
2 55 67 34.555 -117.95 435.6 286.1 364 340 1 43
2 55 67 34.614 -118.08 437.05 291.65 364 340 1 53
2 55 67 34.676 -118.2 436.65 298.6 364 340 1 53
2 55 67 34.739 -118.33 435.7 300.57 363.88 400 1 53
2 55 67 34.809 -118.46 434.6 302.02 363.82 400 1 53
2 55 67 34.879 -118.59 434.35 302.2 363.9 400 1 53
2 55 67 34.938 -118.71 434.85 301.65 363.8 340 1 53
2 55 67 34.985 -118.81 432.9 299.3 363.65 340 1 53
2 55 67 35.052 -118.95 433.7 299 363.6 340 1 53
2 55 67 35.105 -119.06 432.3 300 363.7 340 1 53
2 55 67 35.172 -119.2 432.6 299.8 363.9 340 1 53
2 55 67 35.23 -119.32 432.7 299.5 363.7 340 1 53
2 55 67 35.285 -119.44 432 299.3 363.8 340 1 54
2 55 67 35.346 -119.58 430.75 298.9 363.9 340 1 54
2 55 67 35.397 -119.68 432.1 299.05 363.3 340 1 54
2 55 67 35.455 -119.81 431.2 298.75 362.4 340 1 54
2 55 67 35.516 -119.95 430.4 298.8 361.8 340 1 54
2 55 67 35.575 -120.08 430.1 298.7 361.7 340 1 54
2 55 67 35.633 -120.2 431.1 298.25 361.3 340 1 54
2 55 67 35.693 -120.33 428.8 299 358.8 400 1 54
2 55 67 35.757 -120.45 430 300 351.7 400 4 188
2 55 67 35.821 -120.56 430.6 304 346.4 400 4 188
2 55 67 35.89 -120.68 433.2 305.8 338 400 4 188
2 55 67 35.959 -120.78 432.5 307.7 324 400 4 188
2 55 67 36.039 -120.89 433.7 310.2 303.7 400 4 188
2 55 67 36.127 -121.01 425.4 311.9 280.7 400 4 188
2 55 67 36.204 -121.1 423.7 313.1 263.5 400 4 188
2 55 67 36.291 -121.2 418.5 316.6 241.4 400 4 188
2 55 67 36.392 -121.31 406.3 317.3 215 400 4 188
2 55 67 36.465 -121.38 401.8 319.7 195.4 400 4 188
2 55 67 36.552 -121.44 397.1 323.1 173.5 400 4 174
2 55 67 36.657 -121.51 381.9 332.9 147.5 400 4 174
2 55 67 36.748 -121.54 368.3 306.2 125.5 400 4 154
2 55 67 36.844 -121.58 338.9 304.9 106.1 400 4 154
2 55 67 36.922 -121.62 328 303.5 91.2 400 4 154
2 55 67 37 -121.66 307.2 335.9 78.5 400 4 154
2 55 67 37.081 -121.7 289.3 338.6 65.9 400 4 154
2 55 67 37.145 -121.74 264.5 335.5 55.3 400 4 154
2 55 67 37.197 -121.78 247.8 331.3 45.8 400 4 154
2 55 67 37.243 -121.82 233.9 324.7 36.3 400 4 154
2 55 67 37.288 -121.86 210.7 321.3 25.5 400 4 154
2 55 67 37.322 -121.89 179.4 256.8 17.3 400 4 154
2 55 67 37.335 -121.9 162.3 284.6 8.8 400 4 154
2 55 67 37.355 -121.92 153.3 284.6 72.6 400 4 154
