1 55 71 33.43 -112.03 163.6 89.95 22.7 300 2 79
1 55 71 33.42 -112.06 200.3 223.75 38.1 300 2 79
1 55 71 33.4 -112.1 236.5 231.65 58.95 300 2 79
1 55 71 33.393 -112.16 268 241.8 80.55 300 2 79
1 55 71 33.389 -112.27 301.4 254.45 109.35 300 2 79
1 55 71 33.402 -112.37 335.6 276.45 130.65 300 2 79
1 55 71 33.415 -112.49 360.25 277 157.85 300 2 79
1 55 71 33.429 -112.62 377.4 276.95 184.2 300 2 79
1 55 71 33.445 -112.75 389.7 277.15 211.05 300 2 63
1 55 71 33.468 -112.88 404.7 280.9 232.95 300 2 63
1 55 71 33.493 -113.02 413.8 281.75 255.6 300 2 63
1 55 71 33.516 -113.16 419.4 281.25 275.8 300 2 90
1 55 71 33.54 -113.3 422.18 281.4 287.98 300 2 90
1 55 71 33.563 -113.44 423.77 280.52 293.73 300 2 90
1 55 71 33.584 -113.57 430.57 280.62 298.52 300 2 90
1 55 71 33.607 -113.72 431.85 279.88 302.25 300 2 90
1 55 71 33.628 -113.86 430.23 279.62 305.12 300 2 90
1 55 71 33.649 -114 428.75 279.7 306.7 300 1 39
1 55 71 33.667 -114.13 428.25 278.82 307.73 300 1 39
1 55 71 33.686 -114.28 428.3 278.23 307.95 300 1 39
1 55 71 33.701 -114.41 428.39 278.1 307.95 300 1 39
1 55 71 33.72 -114.57 428.68 277.7 307.95 300 1 39
1 55 71 33.734 -114.72 427.6 276.75 308 300 1 39
1 55 71 33.747 -114.87 427.5 275.95 307.95 300 1 39
1 55 71 33.759 -115.02 428.1 275.55 307.75 300 1 39
1 55 71 33.771 -115.15 427.9 275.6 306.8 300 1 41
1 55 71 33.782 -115.29 427 275.5 304.35 300 1 41
1 55 71 33.795 -115.44 426.2 275.3 302.15 300 1 41
1 55 71 33.807 -115.59 426.4 275.05 300.95 300 1 41
1 55 71 33.818 -115.73 427.43 275.1 296.15 240 1 41
1 55 71 33.83 -115.87 425.43 275.23 287.43 240 1 41
1 55 71 33.84 -116 422.98 274.6 276.57 240 1 41
1 55 71 33.849 -116.11 415.8 275.05 261.05 240 1 41
1 55 71 33.862 -116.27 403.88 275.27 240.68 140 1 41
1 55 71 33.873 -116.42 398.95 275.1 218.8 140 1 20
1 55 71 33.879 -116.55 390.7 273.55 195.35 140 1 20
1 55 71 33.884 -116.69 377.6 271.9 171.5 140 1 20
1 55 71 33.881 -116.81 366.1 269.9 151.75 140 1 20
1 55 71 33.869 -116.92 355 264.1 137.55 140 1 20
1 55 71 33.853 -117.04 344.2 261.6 124.7 140 1 6
1 55 71 33.838 -117.15 332.2 259.15 112.55 140 1 6
1 55 71 33.822 -117.25 311.85 258.8 101.4 140 1 6
1 55 71 33.806 -117.34 295 257.6 92.2 140 1 6
1 55 71 33.792 -117.44 280.3 259.1 83.75 140 1 6
1 55 71 33.786 -117.52 263.3 262.1 78.15 140 1 6
1 55 71 33.795 -117.6 245.3 273.15 70.05 140 1 2
1 55 71 33.813 -117.66 229.9 287.35 61.7 140 1 2
1 55 71 33.82 -117.72 211.45 284.8 49.2 140 1 2
1 55 71 33.794 -117.77 195.4 248.4 35.75 140 1 2
1 55 71 33.764 -117.81 173.75 230.1 24.5 140 1 2
1 55 71 33.727 -117.83 152.55 213.15 12.6 140 1 2
1 55 71 33.699 -117.85 141.4 207 5 140 1 2
1 55 71 33.672 -117.87 141.25 210.3 37.5 140 1 2
