1 65 49 47.497 -122.31 174 5 24 390 2014 7 1 22 14 16 3 114
1 65 49 47.551 -122.31 237 1 47 390 2014 7 1 22 15 16 3 114
1 65 49 47.613 -122.27 276 1 72 390 2014 7 1 22 16 6 3 114
1 65 49 47.617 -122.2 278 20 87 390 2014 7 1 22 17 6 3 114
1 65 49 47.582 -122.09 286 71 90 390 2014 7 1 22 18 6 3 114
1 65 49 47.536 -122 285 104 103 390 2014 7 1 22 19 6 3 114
1 65 49 47.461 -121.95 333 140 115 390 2014 7 1 22 20 6 3 114
1 65 49 47.367 -122 367 140 136 390 2014 7 1 22 21 6 3 114
1 65 49 47.275 -122.07 372 179 159 390 2014 7 1 22 22 15 3 137
1 65 49 47.19 -122.14 375 204 180 390 2014 7 1 22 23 6 3 137
1 65 49 47.089 -122.19 394 207 203 390 2014 7 1 22 24 16 3 137
1 65 49 46.959 -122.14 403 203 227 390 2014 7 1 22 25 6 3 137
1 65 49 46.847 -122.11 409 181 245 390 2014 7 1 22 26 6 3 137
1 65 49 46.736 -122.07 409 166 245 390 2014 7 1 22 27 6 3 137
1 65 49 46.732 -122.07 424 167 259 390 2014 7 1 22 28 6 3 137
1 65 49 46.495 -121.99 437 166 287 390 2014 7 1 22 29 6 3 137
1 65 49 46.377 -121.95 437 166 287 390 2014 7 1 22 30 6 3 137
1 65 49 46.374 -121.95 443 166 301 390 2014 7 1 22 31 6 3 137
1 65 49 46.123 -121.86 446 166 332 390 2014 7 1 22 32 15 3 137
1 65 49 46.005 -121.82 441 166 347 390 2014 7 1 22 33 16 3 139
1 65 49 45.889 -121.78 433 166 360 390 2014 7 1 22 34 16 3 139
1 65 49 45.773 -121.74 433 167 360 390 2014 7 1 22 35 17 3 139
1 65 49 45.772 -121.74 432 166 369 390 2014 7 1 22 36 13 3 139
1 65 49 45.539 -121.67 433 167 385 390 2014 7 1 22 37 16 3 139
1 65 49 45.539 -121.67 433 167 385 390 2014 7 1 22 38 6 3 139
1 65 49 45.303 -121.59 436 167 390 390 2014 7 1 22 39 6 3 139
1 65 49 45.158 -121.54 446 167 390 390 2014 7 1 22 40 16 3 139
1 65 49 45.158 -121.54 446 167 390 390 2014 7 1 22 41 6 3 139
1 65 49 45.041 -121.51 436 167 390 390 2014 7 1 22 42 6 3 139
1 65 49 44.926 -121.47 428 167 390 390 2014 7 1 22 43 6 3 139
1 65 49 44.802 -121.43 428 167 390 390 2014 7 1 22 44 6 3 135
1 65 49 44.685 -121.39 429 167 390 390 2014 7 1 22 45 6 3 135
1 65 49 44.568 -121.36 431 167 390 390 2014 7 1 22 46 6 3 139
1 65 49 44.341 -121.29 438 167 390 390 2014 7 1 22 47 16 3 139
1 65 49 44.341 -121.29 438 167 390 390 2014 7 1 22 48 6 3 139
1 65 49 44.197 -121.24 443 167 390 390 2014 7 1 22 49 6 3 139
1 65 49 44.076 -121.2 446 167 390 390 2014 7 1 22 50 6 3 142
1 65 49 43.957 -121.17 443 167 390 390 2014 7 1 22 51 6 3 142
1 65 49 43.835 -121.13 444 167 390 390 2014 7 1 22 52 6 3 142
1 65 49 43.715 -121.09 445 167 390 390 2014 7 1 22 53 6 3 142
1 65 49 43.595 -121.05 445 167 390 390 2014 7 1 22 54 16 3 142
1 65 49 43.46 -121.01 444 167 390 390 2014 7 1 22 55 16 3 142
1 65 49 43.34 -120.98 443 167 390 390 2014 7 1 22 56 6 3 142
1 65 49 43.221 -120.94 440 167 390 390 2014 7 1 22 57 6 3 142
1 65 49 43.101 -120.91 440 167 390 390 2014 7 1 22 58 16 3 142
1 65 49 42.979 -120.88 440 168 390 390 2014 7 1 22 59 16 3 142
1 65 49 42.858 -120.85 440 170 390 390 2014 7 1 23 0 6 3 142
1 65 49 42.737 -120.82 440 170 390 390 2014 7 1 23 1 6 3 142
1 65 49 42.614 -120.79 444 168 390 390 2014 7 1 23 2 6 3 142
1 65 49 42.492 -120.75 451 163 390 390 2014 7 1 23 3 6 3 142
1 65 49 42.374 -120.7 450 163 390 390 2014 7 1 23 4 15 3 142
1 65 49 42.25 -120.65 458 164 390 390 2014 7 1 23 5 6 3 142
1 65 49 42.123 -120.61 458 163 390 390 2014 7 1 23 6 6 3 142
1 65 49 42 -120.56 458 163 390 390 2014 7 1 23 7 6 3 142
1 65 49 41.875 -120.51 461 164 390 390 2014 7 1 23 8 15 3 142
1 65 49 41.753 -120.47 458 164 390 390 2014 7 1 23 9 6 3 142
1 65 49 41.609 -120.41 446 163 390 390 2014 7 1 23 10 15 3 142
1 65 49 41.489 -120.37 454 164 390 390 2014 7 1 23 11 6 3 142
1 65 49 41.369 -120.31 457 162 390 390 2014 7 1 23 12 6 3 142
1 65 49 41.259 -120.23 452 151 390 390 2014 7 1 23 13 6 3 142
1 65 49 41.147 -120.15 456 151 390 390 2014 7 1 23 14 16 3 142
1 65 49 41.032 -120.07 456 150 390 390 2014 7 1 23 15 6 3 142
1 65 49 40.919 -119.99 458 152 390 390 2014 7 1 23 16 7 4 181
1 65 49 40.805 -119.91 460 151 390 390 2014 7 1 23 17 6 4 181
1 65 49 40.693 -119.83 462 152 390 390 2014 7 1 23 18 6 4 181
1 65 49 40.58 -119.75 465 151 390 390 2014 7 1 23 19 6 4 181
1 65 49 40.459 -119.66 467 151 390 390 2014 7 1 23 20 15 4 181
1 65 49 40.343 -119.58 468 151 390 390 2014 7 1 23 21 6 4 181
1 65 49 40.225 -119.51 464 157 390 390 2014 7 1 23 22 16 4 181
1 65 49 40.1 -119.48 464 167 390 390 2014 7 1 23 23 6 4 181
1 65 49 39.954 -119.39 469 160 390 390 2014 7 1 23 24 6 4 181
1 65 49 39.826 -119.37 469 172 390 390 2014 7 1 23 25 6 4 181
1 65 49 39.833 -119.33 468 164 390 390 2014 7 1 23 26 6 4 181
1 65 49 39.713 -119.28 465 160 390 390 2014 7 1 23 27 6 4 181
1 65 49 39.472 -119.17 463 160 390 390 2014 7 1 23 28 6 4 181
1 65 49 39.353 -119.11 463 160 390 390 2014 7 1 23 29 6 4 181
1 65 49 39.21 -119.04 463 160 390 390 2014 7 1 23 30 15 4 181
1 65 49 39.091 -118.99 463 160 390 390 2014 7 1 23 31 7 4 181
1 65 49 39.041 -118.97 465 160 390 390 2014 7 1 23 32 6 4 181
1 65 49 38.924 -118.92 465 160 390 390 2014 7 1 23 33 6 4 181
1 65 49 38.8 -118.85 465 159 390 390 2014 7 1 23 34 6 4 180
1 65 49 38.678 -118.82 470 163 390 390 2014 7 1 23 35 6 4 180
1 65 49 38.551 -118.8 462 172 390 390 2014 7 1 23 36 6 4 180
1 65 49 38.331 -118.83 444 184 390 390 2014 7 1 23 37 16 4 180
1 65 49 38.278 -118.83 454 184 390 390 2014 7 1 23 38 6 4 180
1 65 49 38.155 -118.82 450 178 390 390 2014 7 1 23 39 6 4 180
1 65 49 38.029 -118.82 450 177 390 390 2014 7 1 23 40 6 4 180
1 65 49 37.907 -118.81 446 179 390 390 2014 7 1 23 41 8 4 180
1 65 49 37.783 -118.81 444 178 390 390 2014 7 1 23 42 6 4 180
1 65 49 37.634 -118.81 445 179 390 390 2014 7 1 23 43 15 4 180
1 65 49 37.51 -118.8 445 179 390 390 2014 7 1 23 44 16 4 180
1 65 49 37.386 -118.8 445 178 390 390 2014 7 1 23 45 16 4 180
1 65 49 37.261 -118.8 445 178 390 390 2014 7 1 23 46 11 4 187
1 65 49 37.135 -118.8 449 179 390 390 2014 7 1 23 47 6 4 187
1 65 49 37.082 -118.8 452 178 390 390 2014 7 1 23 48 6 4 187
1 65 49 36.855 -118.79 457 178 390 390 2014 7 1 23 49 15 4 187
1 65 49 36.802 -118.79 457 178 390 390 2014 7 1 23 50 6 4 187
1 65 49 36.673 -118.79 459 178 390 390 2014 7 1 23 51 6 4 187
1 65 49 36.543 -118.78 460 179 390 390 2014 7 1 23 52 6 4 187
1 65 49 36.414 -118.78 461 179 390 390 2014 7 1 23 53 6 4 187
1 65 49 36.286 -118.78 461 179 390 390 2014 7 1 23 54 6 4 187
1 65 49 36.155 -118.78 462 179 390 390 2014 7 1 23 55 16 4 187
1 65 49 36.025 -118.77 465 178 390 390 2014 7 1 23 56 6 1 53
1 65 49 35.896 -118.77 464 179 387 390 2014 7 1 23 57 15 1 53
1 65 49 35.767 -118.77 464 179 377 390 2014 7 1 23 58 6 1 53
1 65 49 35.64 -118.76 457 177 367 390 2014 7 1 23 59 6 1 53
1 65 49 35.54 -118.73 455 175 359 390 2014 7 2 0 0 15 1 53
1 65 49 35.367 -118.69 452 170 346 390 2014 7 2 0 1 6 1 53
1 65 49 35.242 -118.67 452 169 336 390 2014 7 2 0 2 6 1 53
1 65 49 35.12 -118.64 452 169 330 390 2014 7 2 0 3 6 1 53
1 65 49 35.021 -118.61 456 163 325 390 2014 7 2 0 4 16 1 53
1 65 49 34.928 -118.49 482 166 294 390 2014 7 2 0 5 15 1 53
1 65 49 34.849 -118.38 475 133 271 390 2014 7 2 0 6 6 1 53
1 65 49 34.769 -118.26 455 132 247 390 2014 7 2 0 7 16 1 53
1 65 49 34.678 -118.13 428 129 240 390 2014 7 2 0 8 15 1 53
1 65 49 34.609 -118.02 426 129 221 390 2014 7 2 0 9 6 1 22
1 65 49 34.555 -117.9 417 128 198 390 2014 7 2 0 10 6 1 22
1 65 49 34.502 -117.78 395 122 175 390 2014 7 2 0 11 6 1 22
1 65 49 34.452 -117.67 378 118 153 390 2014 7 2 0 12 6 1 21
1 65 49 34.4 -117.55 342 119 139 390 2014 7 2 0 13 15 1 21
1 65 49 34.35 -117.47 305 119 130 390 2014 7 2 0 14 6 1 21
1 65 49 34.317 -117.38 293 118 115 390 2014 7 2 0 15 6 1 6
1 65 49 34.278 -117.3 292 115 105 390 2014 7 2 0 16 6 1 6
1 65 49 34.228 -117.24 252 139 100 390 2014 7 2 0 17 16 1 6
1 65 49 34.167 -117.2 214 152 87 390 2014 7 2 0 18 16 1 6
1 65 49 34.11 -117.19 206 163 75 390 2014 7 2 0 19 6 1 6
1 65 49 34.082 -117.24 210 231 63 390 2014 7 2 0 20 16 1 6
1 65 49 34.067 -117.3 187 237 56 390 2014 7 2 0 21 6 1 6
1 65 49 34.055 -117.36 190 248 43 390 2014 7 2 0 22 16 1 6
1 65 49 34.05 -117.42 185 277 34 390 2014 7 2 0 23 16 1 6
1 65 49 34.05 -117.48 169 268 25 390 2014 7 2 0 24 15 1 6
1 65 49 34.056 -117.49 183 270 23 390 2014 7 2 0 25 6 1 6
1 65 49 34.05 -117.57 134 271 11 390 2014 7 2 0 26 6 1 6
1 65 49 34.055 -117.58 147 270 14 390 2014 7 2 0 27 6 1 6
2 65 49 47.497 -122.31 169 359 28 330 2014 7 1 4 26 6 3 114
2 65 49 47.558 -122.31 219 1 48 330 2014 7 1 4 27 7 3 114
2 65 49 47.617 -122.26 276 1 78 330 2014 7 1 4 28 16 3 114
2 65 49 47.587 -122.15 297 16 103 330 2014 7 1 4 29 6 3 114
2 65 49 47.493 -122.13 348 74 122 330 2014 7 1 4 30 15 3 114
2 65 49 47.387 -122.11 383 145 146 330 2014 7 1 4 31 6 3 114
2 65 49 47.277 -122.1 393 172 168 330 2014 7 1 4 32 15 3 137
2 65 49 47.169 -122.07 416 173 183 330 2014 7 1 4 33 6 3 137
2 65 49 47.052 -122.02 442 173 205 330 2014 7 1 4 34 15 3 137
2 65 49 46.932 -121.97 444 166 226 330 2014 7 1 4 35 6 3 137
2 65 49 46.809 -121.91 458 162 242 330 2014 7 1 4 36 6 3 137
2 65 49 46.686 -121.86 464 163 260 330 2014 7 1 4 37 15 3 137
2 65 49 46.56 -121.81 469 163 280 330 2014 7 1 4 38 15 3 137
2 65 49 46.437 -121.75 467 163 297 330 2014 7 1 4 39 6 3 137
2 65 49 46.312 -121.72 464 163 312 330 2014 7 1 4 40 6 3 137
2 65 49 46.178 -121.68 457 165 328 330 2014 7 1 4 41 6 3 137
2 65 49 46.055 -121.65 449 169 330 330 2014 7 1 4 42 6 3 139
2 65 49 45.933 -121.61 448 169 330 330 2014 7 1 4 43 15 3 139
2 65 49 45.81 -121.58 448 169 330 330 2014 7 1 4 44 16 3 139
2 65 49 45.687 -121.55 449 169 330 330 2014 7 1 4 45 16 3 139
2 65 49 45.566 -121.52 449 169 330 330 2014 7 1 4 46 6 3 139
2 65 49 45.418 -121.48 449 169 330 330 2014 7 1 4 47 6 3 139
2 65 49 45.296 -121.45 449 169 330 330 2014 7 1 4 48 16 3 139
2 65 49 45.175 -121.42 448 169 330 330 2014 7 1 4 49 15 3 139
2 65 49 45.053 -121.39 448 169 330 330 2014 7 1 4 50 16 3 139
2 65 49 44.93 -121.36 448 169 330 330 2014 7 1 4 51 6 3 139
2 65 49 44.932 -121.36 447 169 330 330 2014 7 1 4 52 6 3 139
2 65 49 44.676 -121.3 447 169 330 330 2014 7 1 4 53 6 3 139
2 65 49 44.554 -121.26 447 170 330 330 2014 7 1 4 54 16 3 139
2 65 49 44.431 -121.23 447 169 330 330 2014 7 1 4 55 15 3 139
2 65 49 44.321 -121.21 447 169 330 330 2014 7 1 4 56 6 3 139
2 65 49 44.198 -121.18 453 170 330 330 2014 7 1 4 57 16 3 139
2 65 49 44.074 -121.15 455 169 330 330 2014 7 1 4 58 6 3 142
2 65 49 43.951 -121.11 453 169 330 330 2014 7 1 4 59 6 3 142
2 65 49 43.827 -121.08 453 170 330 330 2014 7 1 5 0 6 3 142
2 65 49 43.803 -121.08 452 169 330 330 2014 7 1 5 1 15 3 142
2 65 49 43.559 -121.01 447 169 330 330 2014 7 1 5 2 15 3 142
2 65 49 43.449 -120.98 447 169 330 330 2014 7 1 5 3 16 3 142
2 65 49 43.328 -120.94 447 168 330 330 2014 7 1 5 4 15 3 142
2 65 49 43.207 -120.9 447 167 330 330 2014 7 1 5 5 15 3 142
2 65 49 43.087 -120.87 446 166 330 330 2014 7 1 5 6 6 3 142
2 65 49 42.966 -120.83 445 167 330 330 2014 7 1 5 7 6 3 142
2 65 49 42.844 -120.79 445 166 330 330 2014 7 1 5 8 6 3 142
2 65 49 42.797 -120.78 446 167 330 330 2014 7 1 5 9 15 3 142
2 65 49 42.676 -120.74 446 166 330 330 2014 7 1 5 10 15 3 142
2 65 49 42.554 -120.7 446 167 330 330 2014 7 1 5 11 6 3 142
2 65 49 42.434 -120.66 446 166 330 330 2014 7 1 5 12 6 3 142
2 65 49 42.314 -120.63 446 167 330 330 2014 7 1 5 13 6 3 142
2 65 49 42.101 -120.56 440 167 330 330 2014 7 1 5 14 15 3 142
2 65 49 41.982 -120.53 440 167 330 330 2014 7 1 5 15 15 3 142
2 65 49 41.908 -120.51 439 167 330 330 2014 7 1 5 16 6 3 142
2 65 49 41.813 -120.48 440 167 330 330 2014 7 1 5 17 6 3 142
2 65 49 41.696 -120.44 438 167 330 330 2014 7 1 5 18 15 3 142
2 65 49 41.577 -120.4 436 166 330 330 2014 7 1 5 19 15 3 142
2 65 49 41.456 -120.37 441 167 330 330 2014 7 1 5 20 6 3 142
2 65 49 41.335 -120.33 442 168 330 330 2014 7 1 5 21 7 3 142
2 65 49 41.211 -120.3 448 167 330 330 2014 7 1 5 22 6 3 142
2 65 49 41.09 -120.26 448 166 330 330 2014 7 1 5 23 16 3 142
2 65 49 40.969 -120.22 447 167 330 330 2014 7 1 5 24 6 4 181
2 65 49 40.85 -120.19 445 167 330 330 2014 7 1 5 25 15 4 181
2 65 49 40.729 -120.15 445 167 330 330 2014 7 1 5 26 6 4 181
2 65 49 40.609 -120.12 445 167 330 330 2014 7 1 5 27 6 4 181
2 65 49 40.478 -120.08 437 167 330 330 2014 7 1 5 28 6 4 181
2 65 49 40.361 -120.05 433 167 330 330 2014 7 1 5 29 15 4 181
2 65 49 40.243 -120.01 433 166 330 330 2014 7 1 5 30 6 4 181
2 65 49 40.123 -119.98 436 167 330 330 2014 7 1 5 31 15 4 181
2 65 49 40.004 -119.94 438 167 330 330 2014 7 1 5 32 7 4 181
2 65 49 39.885 -119.91 439 167 330 330 2014 7 1 5 33 15 4 181
2 65 49 39.765 -119.88 441 167 330 330 2014 7 1 5 34 6 4 181
2 65 49 39.646 -119.84 441 167 330 350 2014 7 1 5 35 15 4 181
2 65 49 39.508 -119.8 434 167 350 350 2014 7 1 5 36 6 4 181
2 65 49 39.397 -119.77 416 167 350 350 2014 7 1 5 37 15 4 181
2 65 49 39.285 -119.74 414 167 350 350 2014 7 1 5 38 15 4 181
2 65 49 39.171 -119.71 415 167 350 350 2014 7 1 5 39 15 4 181
2 65 49 39.058 -119.68 416 167 350 350 2014 7 1 5 40 15 4 181
2 65 49 38.945 -119.65 416 168 350 350 2014 7 1 5 41 15 4 181
2 65 49 38.831 -119.62 417 166 350 350 2014 7 1 5 42 6 4 181
2 65 49 38.719 -119.58 419 168 350 350 2014 7 1 5 43 16 4 185
2 65 49 38.606 -119.55 419 167 350 350 2014 7 1 5 44 15 4 185
2 65 49 38.492 -119.52 418 168 350 350 2014 7 1 5 45 16 4 185
2 65 49 38.377 -119.49 419 167 350 350 2014 7 1 5 46 6 4 185
2 65 49 38.242 -119.45 419 168 350 350 2014 7 1 5 47 16 4 185
2 65 49 38.127 -119.42 419 168 350 350 2014 7 1 5 48 6 4 184
2 65 49 38.013 -119.39 419 168 350 350 2014 7 1 5 49 6 4 184
2 65 49 37.908 -119.36 418 168 350 350 2014 7 1 5 50 15 4 184
2 65 49 37.908 -119.36 418 168 350 350 2014 7 1 5 51 6 4 184
2 65 49 37.679 -119.3 419 167 350 350 2014 7 1 5 52 15 4 184
2 65 49 37.557 -119.27 419 167 350 350 2014 7 1 5 53 15 4 184
2 65 49 37.444 -119.24 418 168 350 350 2014 7 1 5 54 15 4 187
2 65 49 37.333 -119.21 415 168 350 350 2014 7 1 5 55 6 4 187
2 65 49 37.219 -119.18 416 167 350 350 2014 7 1 5 56 6 4 187
2 65 49 37.105 -119.15 416 168 350 350 2014 7 1 5 57 15 4 187
2 65 49 36.991 -119.12 417 169 350 350 2014 7 1 5 58 16 4 187
2 65 49 36.992 -119.12 416 169 350 350 2014 7 1 5 59 6 4 187
2 65 49 36.878 -119.09 417 168 350 350 2014 7 1 6 0 8 4 187
2 65 49 36.764 -119.06 415 168 350 350 2014 7 1 6 1 6 4 187
2 65 49 36.539 -119 415 168 350 350 2014 7 1 6 2 15 4 187
2 65 49 36.515 -119 416 168 350 350 2014 7 1 6 3 6 4 187
2 65 49 36.312 -118.95 415 168 350 350 2014 7 1 6 4 15 4 187
2 65 49 36.289 -118.94 414 168 350 240 2014 7 1 6 5 6 4 187
2 65 49 36.179 -118.9 414 166 350 240 2014 7 1 6 6 6 4 187
2 65 49 36.094 -118.85 416 154 350 240 2014 7 1 6 7 16 1 53
2 65 49 35.962 -118.78 421 156 350 240 2014 7 1 6 8 6 1 53
2 65 49 35.854 -118.72 422 155 350 240 2014 7 1 6 9 6 1 53
2 65 49 35.746 -118.66 422 156 350 240 2014 7 1 6 10 15 1 53
2 65 49 35.636 -118.6 425 156 350 240 2014 7 1 6 11 6 1 53
2 65 49 35.526 -118.54 426 156 350 240 2014 7 1 6 12 16 1 34
2 65 49 35.415 -118.48 431 156 350 240 2014 7 1 6 13 6 1 34
2 65 49 35.195 -118.36 432 156 350 240 2014 7 1 6 14 16 1 34
2 65 49 35.196 -118.36 431 156 350 240 2014 7 1 6 15 6 1 34
2 65 49 35.083 -118.31 433 156 350 240 2014 7 1 6 16 6 1 34
2 65 49 34.976 -118.25 433 156 323 240 2014 7 1 6 17 6 1 34
2 65 49 34.842 -118.18 441 157 287 240 2014 7 1 6 18 16 1 34
2 65 49 34.74 -118.11 433 156 265 240 2014 7 1 6 19 16 1 53
2 65 49 34.671 -118 417 153 241 240 2014 7 1 6 20 6 1 53
2 65 49 34.607 -117.89 402 139 217 240 2014 7 1 6 21 6 1 22
2 65 49 34.544 -117.79 383 126 194 240 2014 7 1 6 22 6 1 22
2 65 49 34.483 -117.69 370 126 173 240 2014 7 1 6 23 6 1 22
2 65 49 34.417 -117.58 360 126 152 240 2014 7 1 6 24 16 1 21
2 65 49 34.367 -117.47 345 123 133 240 2014 7 1 6 25 6 1 21
2 65 49 34.322 -117.39 322 120 122 240 2014 7 1 6 26 6 1 21
2 65 49 34.25 -117.33 291 141 101 240 2014 7 1 6 27 15 1 6
2 65 49 34.183 -117.3 281 164 82 240 2014 7 1 6 28 15 1 6
2 65 49 34.1 -117.28 242 164 74 240 2014 7 1 6 29 15 1 6
2 65 49 34.067 -117.33 234 210 59 240 2014 7 1 6 30 16 1 6
2 65 49 34.05 -117.4 218 251 42 240 2014 7 1 6 31 15 1 6
2 65 49 34.05 -117.48 200 275 26 240 2014 7 1 6 32 15 1 6
2 65 49 34.05 -117.53 160 270 17 240 2014 7 1 6 33 15 1 6
2 65 49 34.054 -117.57 167 270 14 240 2014 7 1 6 34 6 1 6
3 65 49 47.464 -122.31 168 3 14 330 2014 7 1 14 36 6 3 114
3 65 49 47.527 -122.31 219 0 33 330 2014 7 1 14 37 6 3 114
3 65 49 47.468 -122.29 219 166 33 330 2014 7 1 14 38 6 3 114
3 65 49 47.586 -122.45 253 346 88 330 2014 7 1 14 39 18 3 114
3 65 49 47.509 -122.43 285 302 106 330 2014 7 1 14 40 15 3 114
3 65 49 47.425 -122.39 328 211 117 330 2014 7 1 14 41 10 3 114
3 65 49 47.328 -122.34 373 166 133 330 2014 7 1 14 42 6 3 114
3 65 49 47.216 -122.28 395 160 159 330 2014 7 1 14 43 6 3 137
3 65 49 47.109 -122.23 402 161 182 330 2014 7 1 14 44 6 3 137
3 65 49 47.003 -122.18 402 161 182 330 2014 7 1 14 45 6 3 137
3 65 49 47 -122.18 411 161 204 330 2014 7 1 14 46 6 3 137
3 65 49 46.888 -122.12 423 161 223 330 2014 7 1 14 47 6 3 137
3 65 49 46.77 -122.08 434 163 241 330 2014 7 1 14 48 6 3 137
3 65 49 46.649 -122.04 444 163 257 330 2014 7 1 14 49 6 3 137
3 65 49 46.407 -121.96 442 166 300 330 2014 7 1 14 50 15 3 137
3 65 49 46.407 -121.96 442 166 300 330 2014 7 1 14 51 7 3 137
3 65 49 46.169 -121.88 424 166 331 330 2014 7 1 14 52 15 3 137
3 65 49 46.055 -121.84 424 166 331 330 2014 7 1 14 53 16 3 139
3 65 49 46.055 -121.84 423 166 331 330 2014 7 1 14 54 6 3 139
3 65 49 45.939 -121.8 424 166 331 330 2014 7 1 14 55 6 3 139
3 65 49 45.826 -121.76 424 166 330 330 2014 7 1 14 56 9 3 139
3 65 49 45.714 -121.73 422 166 331 330 2014 7 1 14 57 15 3 139
3 65 49 45.602 -121.69 420 166 331 330 2014 7 1 14 58 6 3 139
3 65 49 45.488 -121.65 419 166 330 330 2014 7 1 14 59 6 3 139
3 65 49 45.354 -121.61 418 167 330 330 2014 7 1 15 0 6 3 139
3 65 49 45.243 -121.57 417 167 330 330 2014 7 1 15 1 6 3 139
3 65 49 45.131 -121.54 417 167 330 330 2014 7 1 15 2 16 3 139
3 65 49 45.019 -121.5 417 167 330 330 2014 7 1 15 3 6 3 139
3 65 49 44.907 -121.46 417 167 331 330 2014 7 1 15 4 15 3 139
3 65 49 44.803 -121.43 416 167 330 330 2014 7 1 15 5 6 3 135
3 65 49 44.667 -121.39 417 167 330 330 2014 7 1 15 6 6 3 135
3 65 49 44.553 -121.35 417 167 330 330 2014 7 1 15 7 6 3 139
3 65 49 44.439 -121.32 419 167 330 330 2014 7 1 15 8 6 3 139
3 65 49 44.339 -121.29 421 167 331 330 2014 7 1 15 9 6 3 139
3 65 49 44.201 -121.24 423 167 330 330 2014 7 1 15 10 6 3 139
3 65 49 44.087 -121.21 425 167 330 330 2014 7 1 15 11 6 3 142
3 65 49 43.974 -121.17 423 167 330 330 2014 7 1 15 12 6 3 142
3 65 49 43.86 -121.13 423 167 330 330 2014 7 1 15 13 15 3 142
3 65 49 43.744 -121.1 424 167 331 330 2014 7 1 15 14 6 3 142
3 65 49 43.629 -121.06 424 167 331 330 2014 7 1 15 15 16 3 142
3 65 49 43.503 -121.03 424 167 331 330 2014 7 1 15 16 6 3 142
3 65 49 43.339 -120.98 422 167 330 330 2014 7 1 15 17 6 3 142
3 65 49 43.223 -120.95 423 167 330 330 2014 7 1 15 18 16 3 142
3 65 49 43.107 -120.91 423 168 331 330 2014 7 1 15 19 6 3 142
3 65 49 43.038 -120.9 425 168 330 330 2014 7 1 15 20 16 3 142
3 65 49 42.921 -120.87 425 169 331 330 2014 7 1 15 21 15 3 142
3 65 49 42.76 -120.83 423 170 330 330 2014 7 1 15 22 16 3 142
3 65 49 42.645 -120.8 423 169 330 330 2014 7 1 15 23 16 3 142
3 65 49 42.577 -120.79 418 170 330 330 2014 7 1 15 24 6 3 142
3 65 49 42.414 -120.75 423 169 330 330 2014 7 1 15 25 16 3 142
3 65 49 42.346 -120.73 421 169 330 330 2014 7 1 15 26 6 3 142
3 65 49 42.23 -120.7 422 170 330 330 2014 7 1 15 27 15 3 142
3 65 49 42.091 -120.67 424 170 330 330 2014 7 1 15 28 6 3 142
3 65 49 41.974 -120.64 426 169 330 330 2014 7 1 15 29 6 3 142
3 65 49 41.856 -120.62 428 169 330 330 2014 7 1 15 30 6 3 142
3 65 49 41.738 -120.59 428 170 330 330 2014 7 1 15 31 6 3 142
3 65 49 41.572 -120.55 431 169 330 330 2014 7 1 15 32 16 3 142
3 65 49 41.454 -120.52 431 170 331 330 2014 7 1 15 33 16 3 142
3 65 49 41.383 -120.5 431 169 331 330 2014 7 1 15 34 15 3 142
3 65 49 41.264 -120.47 433 169 330 330 2014 7 1 15 35 16 3 142
3 65 49 41.217 -120.46 431 170 330 330 2014 7 1 15 36 6 3 142
3 65 49 41.025 -120.42 435 170 331 330 2014 7 1 15 37 6 3 142
3 65 49 40.908 -120.39 434 169 330 330 2014 7 1 15 38 16 4 181
3 65 49 40.79 -120.35 435 166 331 330 2014 7 1 15 39 6 4 181
3 65 49 40.745 -120.34 433 167 331 330 2014 7 1 15 40 6 4 181
3 65 49 40.604 -120.29 433 165 330 330 2014 7 1 15 41 6 4 181
3 65 49 40.419 -120.23 429 166 331 330 2014 7 1 15 42 15 4 181
3 65 49 40.384 -120.22 427 166 331 330 2014 7 1 15 43 6 4 181
3 65 49 40.268 -120.19 427 167 331 330 2014 7 1 15 44 6 4 181
3 65 49 40.083 -120.13 429 167 331 330 2014 7 1 15 45 6 4 181
3 65 49 40.013 -120.11 428 166 331 330 2014 7 1 15 46 6 4 181
3 65 49 39.898 -120.08 428 166 331 330 2014 7 1 15 47 15 4 181
3 65 49 39.782 -120.04 428 167 331 330 2014 7 1 15 48 15 4 181
3 65 49 39.666 -120.01 428 166 331 330 2014 7 1 15 49 6 4 181
3 65 49 39.553 -119.97 423 167 331 330 2014 7 1 15 50 15 4 181
3 65 49 39.439 -119.94 424 167 330 330 2014 7 1 15 51 6 4 181
3 65 49 39.325 -119.91 424 166 331 330 2014 7 1 15 52 16 4 181
3 65 49 39.212 -119.87 423 167 331 330 2014 7 1 15 53 16 4 181
3 65 49 39.057 -119.83 416 166 330 330 2014 7 1 15 54 6 4 181
3 65 49 38.943 -119.8 416 167 330 330 2014 7 1 15 55 6 4 181
3 65 49 38.849 -119.77 423 168 331 330 2014 7 1 15 56 6 4 181
3 65 49 38.706 -119.72 422 167 331 330 2014 7 1 15 57 6 4 185
3 65 49 38.576 -119.69 421 166 330 330 2014 7 1 15 58 16 4 185
3 65 49 38.508 -119.67 421 167 331 330 2014 7 1 15 59 6 4 185
3 65 49 38.351 -119.62 419 167 330 330 2014 7 1 16 0 16 4 185
3 65 49 38.279 -119.6 416 166 330 330 2014 7 1 16 1 7 4 185
3 65 49 38.121 -119.55 410 167 331 330 2014 7 1 16 2 16 4 184
3 65 49 38.056 -119.54 411 166 330 330 2014 7 1 16 3 15 4 184
3 65 49 38.012 -119.52 401 167 330 330 2014 7 1 16 4 6 4 184
3 65 49 37.818 -119.47 398 167 330 330 2014 7 1 16 5 16 4 184
3 65 49 37.795 -119.46 399 167 331 330 2014 7 1 16 6 13 4 184
3 65 49 37.604 -119.41 403 167 330 330 2014 7 1 16 7 15 4 184
3 65 49 37.496 -119.38 402 167 330 330 2014 7 1 16 8 6 4 184
3 65 49 37.383 -119.35 410 167 330 330 2014 7 1 16 9 6 4 187
3 65 49 37.272 -119.32 409 168 330 330 2014 7 1 16 10 6 4 187
3 65 49 37.203 -119.3 417 167 330 330 2014 7 1 16 11 6 4 187
3 65 49 37.091 -119.27 411 167 330 330 2014 7 1 16 12 6 4 187
3 65 49 36.911 -119.22 417 167 330 330 2014 7 1 16 13 16 4 187
3 65 49 36.864 -119.21 417 167 330 330 2014 7 1 16 14 6 4 187
3 65 49 36.68 -119.16 422 167 330 330 2014 7 1 16 15 16 4 187
3 65 49 36.633 -119.14 421 167 330 330 2014 7 1 16 16 6 4 187
3 65 49 36.493 -119.11 422 168 330 330 2014 7 1 16 17 6 4 187
3 65 49 36.374 -119.07 428 167 328 330 2014 7 1 16 18 16 4 187
3 65 49 36.254 -119.04 436 168 319 330 2014 7 1 16 19 6 4 187
3 65 49 36.135 -119.01 437 167 309 330 2014 7 1 16 20 16 4 187
3 65 49 36.018 -118.97 435 166 300 330 2014 7 1 16 21 11 1 53
3 65 49 35.902 -118.93 435 163 291 330 2014 7 1 16 22 16 1 53
3 65 49 35.765 -118.88 434 164 290 330 2014 7 1 16 23 16 1 53
3 65 49 35.648 -118.84 434 163 290 330 2014 7 1 16 24 6 1 53
3 65 49 35.601 -118.82 434 164 290 330 2014 7 1 16 25 6 1 53
3 65 49 35.483 -118.78 434 163 290 330 2014 7 1 16 26 7 1 53
3 65 49 35.294 -118.71 436 163 290 330 2014 7 1 16 27 6 1 53
3 65 49 35.248 -118.7 434 164 290 330 2014 7 1 16 28 6 1 53
3 65 49 35.13 -118.66 435 164 291 330 2014 7 1 16 29 6 1 53
3 65 49 34.992 -118.58 448 163 290 330 2014 7 1 16 30 6 1 53
3 65 49 34.942 -118.51 457 157 290 330 2014 7 1 16 31 6 1 53
3 65 49 34.865 -118.4 456 136 278 330 2014 7 1 16 32 6 1 53
3 65 49 34.79 -118.29 431 130 254 330 2014 7 1 16 33 6 1 53
3 65 49 34.703 -118.17 409 129 241 330 2014 7 1 16 34 16 1 53
3 65 49 34.633 -118.06 403 130 230 330 2014 7 1 16 35 6 1 22
3 65 49 34.58 -117.95 388 129 214 330 2014 7 1 16 36 6 1 22
3 65 49 34.53 -117.84 379 124 193 330 2014 7 1 16 37 6 1 22
3 65 49 34.481 -117.74 365 119 172 330 2014 7 1 16 38 6 1 22
3 65 49 34.425 -117.61 354 119 147 330 2014 7 1 16 39 16 1 21
3 65 49 34.383 -117.52 286 119 135 330 2014 7 1 16 40 16 1 21
3 65 49 34.333 -117.42 308 118 117 330 2014 7 1 16 41 6 1 6
3 65 49 34.3 -117.33 285 120 106 330 2014 7 1 16 42 6 1 6
3 65 49 34.252 -117.27 245 127 98 330 2014 7 1 16 43 6 1 6
3 65 49 34.199 -117.26 226 164 90 330 2014 7 1 16 44 6 1 6
3 65 49 34.149 -117.29 209 219 79 330 2014 7 1 16 45 16 1 6
3 65 49 34.101 -117.33 210 208 60 330 2014 7 1 16 46 6 1 6
3 65 49 34.054 -117.37 210 208 42 330 2014 7 1 16 47 6 1 6
3 65 49 34.05 -117.43 182 277 33 330 2014 7 1 16 48 16 1 6
3 65 49 34.056 -117.51 184 262 22 330 2014 7 1 16 49 6 1 6
3 65 49 34.056 -117.56 167 270 14 330 2014 7 1 16 50 16 1 6
4 65 49 47.438 -122.31 168 0 4 310 2014 7 2 22 14 6 3 114
4 65 49 47.348 -122.31 237 179 46 310 2014 7 2 22 15 6 3 114
4 65 49 47.275 -122.31 263 180 75 310 2014 7 2 22 16 6 3 114
4 65 49 47.201 -122.29 283 169 104 310 2014 7 2 22 17 6 3 114
4 65 49 47.04 -122.15 369 145 137 310 2014 7 2 22 18 16 3 114
4 65 49 46.932 -122.11 374 150 164 310 2014 7 2 22 19 16 3 137
4 65 49 46.932 -122.11 374 150 164 310 2014 7 2 22 20 6 3 137
4 65 49 46.837 -122.07 385 159 184 310 2014 7 2 22 21 6 3 137
4 65 49 46.73 -122.03 393 138 204 310 2014 7 2 22 22 6 3 137
4 65 49 46.615 -122 415 164 222 310 2014 7 2 22 23 6 3 137
4 65 49 46.5 -121.96 420 166 241 310 2014 7 2 22 24 16 3 137
4 65 49 46.384 -121.92 427 167 256 310 2014 7 2 22 25 6 3 137
4 65 49 46.243 -121.87 430 167 283 310 2014 7 2 22 26 6 3 137
4 65 49 46.145 -121.84 417 167 301 310 2014 7 2 22 27 6 3 137
4 65 49 46.039 -121.81 402 167 310 310 2014 7 2 22 28 6 3 139
4 65 49 45.929 -121.77 403 167 310 310 2014 7 2 22 29 6 3 139
4 65 49 45.797 -121.73 404 167 310 310 2014 7 2 22 30 6 3 139
4 65 49 45.686 -121.74 398 168 310 310 2014 7 2 22 31 6 3 139
4 65 49 45.574 -121.76 401 175 310 310 2014 7 2 22 32 16 3 139
4 65 49 45.463 -121.77 400 183 310 310 2014 7 2 22 33 6 3 139
4 65 49 45.352 -121.78 401 183 310 310 2014 7 2 22 34 6 3 139
4 65 49 45.241 -121.79 401 183 310 310 2014 7 2 22 35 16 3 135
4 65 49 45.13 -121.8 401 183 310 310 2014 7 2 22 36 6 3 135
4 65 49 45.019 -121.81 401 183 310 310 2014 7 2 22 37 6 3 135
4 65 49 44.885 -121.82 401 183 310 310 2014 7 2 22 38 6 3 135
4 65 49 44.784 -121.83 402 183 310 310 2014 7 2 22 39 16 3 135
4 65 49 44.674 -121.84 401 183 310 310 2014 7 2 22 40 6 3 135
4 65 49 44.564 -121.85 401 183 310 310 2014 7 2 22 41 6 3 135
4 65 49 44.431 -121.86 401 183 310 310 2014 7 2 22 42 6 3 135
4 65 49 44.334 -121.89 401 183 310 310 2014 7 2 22 43 6 3 135
4 65 49 44.216 -121.94 398 186 310 310 2014 7 2 22 44 16 3 135
4 65 49 44.11 -121.98 398 193 310 310 2014 7 2 22 45 6 3 135
4 65 49 43.997 -121.99 404 192 310 310 2014 7 2 22 46 6 3 135
4 65 49 43.884 -122 409 190 310 310 2014 7 2 22 47 6 3 135
4 65 49 43.767 -122.01 414 183 310 310 2014 7 2 22 48 6 3 141
4 65 49 43.652 -122.02 416 183 310 310 2014 7 2 22 49 6 3 141
4 65 49 43.536 -122.03 416 183 310 310 2014 7 2 22 50 16 3 141
4 65 49 43.419 -122.03 416 182 310 310 2014 7 2 22 51 18 3 141
4 65 49 43.302 -122.04 418 182 310 310 2014 7 2 22 52 6 3 141
4 65 49 43.171 -122.05 419 183 310 310 2014 7 2 22 53 6 3 141
4 65 49 43.056 -122.06 419 182 310 310 2014 7 2 22 54 16 3 141
4 65 49 42.938 -122.06 419 182 310 310 2014 7 2 22 55 6 3 141
4 65 49 42.822 -122.03 424 178 310 310 2014 7 2 22 56 6 3 141
4 65 49 42.706 -122.01 423 169 310 310 2014 7 2 22 57 6 3 141
4 65 49 42.589 -121.98 423 171 310 310 2014 7 2 22 58 16 3 141
4 65 49 42.473 -121.96 423 171 310 310 2014 7 2 22 59 6 3 141
4 65 49 42.354 -121.95 423 175 310 310 2014 7 2 23 0 6 3 141
4 65 49 42.237 -121.95 422 177 310 310 2014 7 2 23 1 15 3 141
4 65 49 42.099 -121.96 420 180 310 310 2014 7 2 23 2 6 3 141
4 65 49 41.995 -121.98 417 186 310 310 2014 7 2 23 3 6 3 141
4 65 49 41.88 -121.99 418 186 310 310 2014 7 2 23 4 15 3 141
4 65 49 41.813 -122 417 186 310 310 2014 7 2 23 5 8 3 141
4 65 49 41.698 -122.02 416 185 310 310 2014 7 2 23 6 6 3 141
4 65 49 41.583 -122.03 416 186 310 310 2014 7 2 23 7 6 3 141
4 65 49 41.468 -122.05 416 186 310 310 2014 7 2 23 8 6 3 141
4 65 49 41.342 -122.06 416 185 310 310 2014 7 2 23 9 6 3 141
4 65 49 41.232 -122 432 168 310 310 2014 7 2 23 10 6 3 141
4 65 49 41.123 -121.93 431 155 310 310 2014 7 2 23 11 6 4 186
4 65 49 40.992 -121.85 431 155 310 310 2014 7 2 23 12 6 4 186
4 65 49 40.884 -121.79 430 155 310 310 2014 7 2 23 13 6 4 186
4 65 49 40.775 -121.72 429 155 310 310 2014 7 2 23 14 16 4 186
4 65 49 40.666 -121.66 428 155 310 310 2014 7 2 23 15 6 4 186
4 65 49 40.557 -121.6 428 155 310 310 2014 7 2 23 16 6 4 186
4 65 49 40.405 -121.51 428 156 310 310 2014 7 2 23 17 16 4 186
4 65 49 40.338 -121.47 429 156 310 310 2014 7 2 23 18 6 4 186
4 65 49 40.227 -121.4 429 155 310 310 2014 7 2 23 19 6 4 186
4 65 49 40.184 -121.38 430 156 310 310 2014 7 2 23 20 6 4 186
4 65 49 40.075 -121.31 430 155 310 310 2014 7 2 23 21 6 4 186
4 65 49 40.006 -121.28 430 155 310 310 2014 7 2 23 22 6 4 186
4 65 49 39.768 -121.14 435 156 310 310 2014 7 2 23 23 6 4 186
4 65 49 39.658 -121.08 435 156 310 310 2014 7 2 23 24 16 4 186
4 65 49 39.544 -121.01 438 156 310 310 2014 7 2 23 25 16 4 186
4 65 49 39.432 -120.95 439 156 310 310 2014 7 2 23 26 10 4 186
4 65 49 39.32 -120.89 439 156 310 310 2014 7 2 23 27 6 4 186
4 65 49 39.32 -120.89 438 156 310 310 2014 7 2 23 28 6 4 186
4 65 49 39.186 -120.81 437 156 310 310 2014 7 2 23 29 20 4 186
4 65 49 39.073 -120.75 437 156 310 310 2014 7 2 23 30 8 4 186
4 65 49 38.961 -120.69 437 156 310 310 2014 7 2 23 31 6 4 185
4 65 49 38.861 -120.64 435 156 310 310 2014 7 2 23 32 6 4 185
4 65 49 38.749 -120.58 435 156 310 310 2014 7 2 23 33 6 4 185
4 65 49 38.625 -120.5 436 157 310 310 2014 7 2 23 34 6 4 185
4 65 49 38.513 -120.44 438 159 310 310 2014 7 2 23 35 6 4 185
4 65 49 38.399 -120.38 437 156 310 310 2014 7 2 23 36 6 4 185
4 65 49 38.277 -120.31 451 156 310 310 2014 7 2 23 37 16 4 185
4 65 49 38.162 -120.25 446 157 310 310 2014 7 2 23 38 6 4 185
4 65 49 38.049 -120.19 446 156 310 310 2014 7 2 23 39 6 4 185
4 65 49 37.919 -120.12 446 155 310 310 2014 7 2 23 40 6 4 184
4 65 49 37.796 -120.05 447 158 310 310 2014 7 2 23 41 6 4 184
4 65 49 37.689 -120 447 158 310 310 2014 7 2 23 42 6 4 184
4 65 49 37.573 -119.93 450 156 310 310 2014 7 2 23 43 6 4 184
4 65 49 37.451 -119.87 445 155 309 310 2014 7 2 23 44 6 4 184
4 65 49 37.336 -119.81 447 156 310 310 2014 7 2 23 45 6 4 187
4 65 49 37.196 -119.74 450 157 310 310 2014 7 2 23 46 6 4 187
4 65 49 37.08 -119.68 450 156 310 310 2014 7 2 23 47 6 4 187
4 65 49 36.962 -119.61 455 157 310 310 2014 7 2 23 48 6 4 187
4 65 49 36.87 -119.56 454 156 310 310 2014 7 2 23 49 16 4 187
4 65 49 36.73 -119.49 453 158 310 310 2014 7 2 23 50 6 4 187
4 65 49 36.613 -119.43 454 156 310 310 2014 7 2 23 51 6 4 187
4 65 49 36.471 -119.36 454 157 310 310 2014 7 2 23 52 6 4 187
4 65 49 36.353 -119.29 457 157 310 310 2014 7 2 23 53 15 4 187
4 65 49 36.261 -119.25 456 157 310 310 2014 7 2 23 54 16 4 187
4 65 49 36.119 -119.17 455 157 310 310 2014 7 2 23 55 16 1 53
4 65 49 36.002 -119.11 455 157 310 310 2014 7 2 23 56 6 1 53
4 65 49 35.91 -119.07 453 157 310 310 2014 7 2 23 57 6 1 53
4 65 49 35.792 -119.01 455 157 310 310 2014 7 2 23 58 15 1 53
4 65 49 35.673 -118.95 456 157 310 310 2014 7 2 23 59 6 1 53
4 65 49 35.623 -118.92 457 157 310 280 2014 7 3 0 0 6 1 53
4 65 49 35.506 -118.86 457 157 305 280 2014 7 3 0 1 6 1 53
4 65 49 35.291 -118.76 461 157 282 280 2014 7 3 0 2 6 1 53
4 65 49 35.171 -118.7 461 157 280 280 2014 7 3 0 3 16 1 53
4 65 49 35.148 -118.68 462 157 280 280 2014 7 3 0 4 16 1 53
4 65 49 35.007 -118.6 465 157 280 280 2014 7 3 0 5 6 1 53
4 65 49 34.923 -118.48 466 143 275 280 2014 7 3 0 6 6 1 53
4 65 49 34.847 -118.38 466 136 259 280 2014 7 3 0 7 6 1 53
4 65 49 34.754 -118.24 439 130 239 280 2014 7 3 0 8 6 1 22
4 65 49 34.681 -118.14 413 130 217 280 2014 7 3 0 9 6 1 22
4 65 49 34.616 -118.03 394 129 204 280 2014 7 3 0 10 6 1 22
4 65 49 34.565 -117.92 389 125 197 280 2014 7 3 0 11 6 1 22
4 65 49 34.513 -117.81 389 118 197 280 2014 7 3 0 12 6 1 22
4 65 49 34.457 -117.68 364 118 156 280 2014 7 3 0 13 6 1 21
4 65 49 34.413 -117.59 332 119 143 280 2014 7 3 0 14 6 1 21
4 65 49 34.376 -117.51 299 115 134 280 2014 7 3 0 15 6 1 21
4 65 49 34.328 -117.4 296 125 112 280 2014 7 3 0 16 7 1 6
4 65 49 34.278 -117.33 284 121 98 280 2014 7 3 0 17 6 1 6
4 65 49 34.198 -117.31 287 168 85 280 2014 7 3 0 18 6 1 6
4 65 49 34.129 -117.3 268 168 65 280 2014 7 3 0 19 6 1 6
4 65 49 34.082 -117.35 232 202 46 280 2014 7 3 0 20 16 1 6
4 65 49 34.067 -117.4 220 217 38 280 2014 7 3 0 21 6 1 6
4 65 49 34.055 -117.49 199 253 23 280 2014 7 3 0 22 6 1 6
4 65 49 34.056 -117.54 172 270 16 280 2014 7 3 0 23 15 1 6
4 65 49 34.05 -117.57 142 270 12 280 2014 7 3 0 24 6 1 6
4 65 49 34.056 -117.59 158 270 10 280 2014 7 3 0 25 16 1 6
5 65 49 47.475 -122.31 154 358 13 370 2014 7 2 4 8 15 3 114
5 65 49 47.53 -122.31 201 0 28 370 2014 7 2 4 9 16 3 114
5 65 49 47.596 -122.3 252 1 48 370 2014 7 2 4 10 15 3 114
5 65 49 47.609 -122.2 270 3 71 370 2014 7 2 4 11 6 3 114
5 65 49 47.538 -122.17 274 43 95 370 2014 7 2 4 12 15 3 114
5 65 49 47.458 -122.15 293 123 117 370 2014 7 2 4 13 15 3 114
5 65 49 47.368 -122.14 323 167 140 370 2014 7 2 4 14 15 3 114
5 65 49 47.271 -122.11 349 172 159 370 2014 7 2 4 15 15 3 137
5 65 49 47.176 -122.1 375 172 179 370 2014 7 2 4 16 6 3 137
5 65 49 47.069 -122.08 388 144 203 370 2014 7 2 4 17 15 3 137
5 65 49 46.935 -122.05 404 172 230 370 2014 7 2 4 18 15 3 137
5 65 49 46.821 -122.03 412 172 249 370 2014 7 2 4 19 15 3 137
5 65 49 46.703 -122.01 424 172 263 370 2014 7 2 4 20 15 3 137
5 65 49 46.583 -122.01 432 172 277 370 2014 7 2 4 21 6 3 137
5 65 49 46.469 -122.07 439 176 295 370 2014 7 2 4 22 16 3 137
5 65 49 46.354 -122.12 435 191 314 370 2014 7 2 4 23 15 3 137
5 65 49 46.233 -122.11 433 199 325 370 2014 7 2 4 24 15 3 137
5 65 49 46.115 -122.1 438 183 336 370 2014 7 2 4 25 15 3 137
5 65 49 45.994 -122.09 439 175 350 370 2014 7 2 4 26 6 3 135
5 65 49 45.873 -122.07 438 175 362 370 2014 7 2 4 27 6 3 135
5 65 49 45.754 -122.06 434 175 370 370 2014 7 2 4 28 6 3 135
5 65 49 45.633 -122.05 433 175 370 370 2014 7 2 4 29 15 3 135
5 65 49 45.513 -122.04 433 175 370 370 2014 7 2 4 30 15 3 135
5 65 49 45.392 -122.03 433 176 370 370 2014 7 2 4 31 6 3 135
5 65 49 45.273 -122.02 433 176 370 370 2014 7 2 4 32 15 3 135
5 65 49 45.152 -122 433 175 370 370 2014 7 2 4 33 15 3 135
5 65 49 45.009 -121.99 433 175 370 370 2014 7 2 4 34 15 3 135
5 65 49 44.89 -121.98 431 176 370 370 2014 7 2 4 35 15 3 135
5 65 49 44.781 -121.97 421 176 370 370 2014 7 2 4 36 15 3 135
5 65 49 44.661 -121.96 425 176 370 370 2014 7 2 4 37 15 3 135
5 65 49 44.53 -121.94 431 176 370 370 2014 7 2 4 38 15 3 135
5 65 49 44.408 -121.93 432 175 370 370 2014 7 2 4 39 15 3 135
5 65 49 44.288 -121.92 434 175 370 370 2014 7 2 4 40 15 3 135
5 65 49 44.164 -121.91 437 176 370 370 2014 7 2 4 41 15 3 135
5 65 49 44.041 -121.9 439 176 370 370 2014 7 2 4 42 15 3 135
5 65 49 43.919 -121.89 439 176 370 370 2014 7 2 4 43 15 3 135
5 65 49 43.8 -121.87 439 176 370 370 2014 7 2 4 44 15 3 141
5 65 49 43.676 -121.86 443 176 370 370 2014 7 2 4 45 15 3 141
5 65 49 43.555 -121.85 442 176 370 370 2014 7 2 4 46 7 3 141
5 65 49 43.433 -121.84 442 176 370 370 2014 7 2 4 47 16 3 141
5 65 49 43.311 -121.83 441 176 370 370 2014 7 2 4 48 15 3 141
5 65 49 43.189 -121.82 441 176 370 370 2014 7 2 4 49 15 3 141
5 65 49 43.067 -121.81 441 175 370 370 2014 7 2 4 50 15 3 141
5 65 49 42.945 -121.8 441 176 370 370 2014 7 2 4 51 15 3 141
5 65 49 42.822 -121.79 441 176 370 370 2014 7 2 4 52 15 3 141
5 65 49 42.699 -121.78 441 176 370 370 2014 7 2 4 53 15 3 141
5 65 49 42.553 -121.8 442 182 370 370 2014 7 2 4 54 15 3 141
5 65 49 42.505 -121.81 441 186 370 370 2014 7 2 4 55 7 3 141
5 65 49 42.309 -121.84 441 186 370 370 2014 7 2 4 56 15 3 141
5 65 49 42.186 -121.86 442 186 370 370 2014 7 2 4 57 15 3 141
5 65 49 42.081 -121.87 440 185 370 370 2014 7 2 4 58 15 3 141
5 65 49 41.956 -121.89 450 186 370 370 2014 7 2 4 59 16 3 141
5 65 49 41.884 -121.9 452 187 370 370 2014 7 2 5 0 15 3 141
5 65 49 41.763 -121.86 452 178 370 370 2014 7 2 5 1 15 3 141
5 65 49 41.642 -121.82 449 165 370 370 2014 7 2 5 2 15 3 141
5 65 49 41.521 -121.78 449 166 370 370 2014 7 2 5 3 6 3 141
5 65 49 41.327 -121.72 447 165 370 370 2014 7 2 5 4 15 3 141
5 65 49 41.205 -121.68 448 166 370 370 2014 7 2 5 5 15 3 141
5 65 49 41.157 -121.66 449 165 370 370 2014 7 2 5 6 6 3 141
5 65 49 40.962 -121.6 448 165 370 370 2014 7 2 5 7 15 4 186
5 65 49 40.84 -121.55 452 165 370 370 2014 7 2 5 8 15 4 186
5 65 49 40.716 -121.51 452 165 370 370 2014 7 2 5 9 15 4 186
5 65 49 40.644 -121.49 451 165 370 370 2014 7 2 5 10 15 4 186
5 65 49 40.516 -121.45 460 166 370 370 2014 7 2 5 11 15 4 186
5 65 49 40.392 -121.41 460 166 370 370 2014 7 2 5 12 15 4 186
5 65 49 40.268 -121.37 459 165 370 370 2014 7 2 5 13 15 4 186
5 65 49 40.145 -121.33 458 166 370 370 2014 7 2 5 14 15 4 186
5 65 49 40.023 -121.29 453 166 370 370 2014 7 2 5 15 15 4 186
5 65 49 39.898 -121.25 454 165 370 370 2014 7 2 5 16 15 4 186
5 65 49 39.775 -121.21 455 166 370 370 2014 7 2 5 17 15 4 186
5 65 49 39.652 -121.17 455 166 370 370 2014 7 2 5 18 15 4 186
5 65 49 39.519 -121.13 455 166 370 370 2014 7 2 5 19 15 4 186
5 65 49 39.395 -121.09 457 166 370 370 2014 7 2 5 20 15 4 186
5 65 49 39.395 -121.09 457 166 370 370 2014 7 2 5 21 6 4 186
5 65 49 39.144 -121.01 462 168 370 370 2014 7 2 5 22 15 4 186
5 65 49 39.02 -120.97 460 164 370 370 2014 7 2 5 23 15 4 186
5 65 49 38.895 -120.94 460 166 370 370 2014 7 2 5 24 6 4 185
5 65 49 38.77 -120.9 459 166 370 370 2014 7 2 5 25 15 4 185
5 65 49 38.644 -120.86 459 165 370 370 2014 7 2 5 26 15 4 185
5 65 49 38.522 -120.8 461 166 370 370 2014 7 2 5 27 15 4 185
5 65 49 38.462 -120.77 470 159 370 370 2014 7 2 5 28 15 4 185
5 65 49 38.29 -120.65 464 151 370 370 2014 7 2 5 29 15 4 185
5 65 49 38.175 -120.58 464 151 370 370 2014 7 2 5 30 15 4 185
5 65 49 38.061 -120.5 463 152 370 370 2014 7 2 5 31 15 4 185
5 65 49 37.946 -120.43 462 154 370 370 2014 7 2 5 32 15 4 184
5 65 49 37.832 -120.35 462 154 370 370 2014 7 2 5 33 16 4 184
5 65 49 37.693 -120.27 464 152 370 370 2014 7 2 5 34 15 4 184
5 65 49 37.577 -120.19 464 152 370 370 2014 7 2 5 35 15 4 184
5 65 49 37.521 -120.16 462 153 370 370 2014 7 2 5 36 15 4 184
5 65 49 37.406 -120.08 469 153 370 370 2014 7 2 5 37 15 4 184
5 65 49 37.289 -120.01 469 152 370 370 2014 7 2 5 38 15 4 187
5 65 49 37.173 -119.93 469 153 370 370 2014 7 2 5 39 15 4 187
5 65 49 37.026 -119.8 472 140 370 370 2014 7 2 5 40 15 4 187
5 65 49 36.909 -119.73 467 152 370 370 2014 7 2 5 41 16 4 187
5 65 49 36.791 -119.66 468 155 370 370 2014 7 2 5 42 15 4 187
5 65 49 36.697 -119.6 464 155 370 370 2014 7 2 5 43 6 4 187
5 65 49 36.53 -119.5 470 154 370 370 2014 7 2 5 44 15 4 187
5 65 49 36.46 -119.46 467 154 370 370 2014 7 2 5 45 15 4 187
5 65 49 36.341 -119.39 469 154 370 370 2014 7 2 5 46 6 4 187
5 65 49 36.223 -119.32 469 155 370 370 2014 7 2 5 47 6 4 187
5 65 49 36.104 -119.25 470 154 370 370 2014 7 2 5 48 15 4 187
5 65 49 35.985 -119.18 469 154 370 370 2014 7 2 5 49 15 1 53
5 65 49 35.865 -119.11 477 154 370 370 2014 7 2 5 50 15 1 53
5 65 49 35.744 -119.04 477 154 370 370 2014 7 2 5 51 15 1 53
5 65 49 35.623 -118.97 477 154 370 370 2014 7 2 5 52 15 1 53
5 65 49 35.503 -118.9 477 154 370 370 2014 7 2 5 53 15 1 53
5 65 49 35.382 -118.83 477 155 370 370 2014 7 2 5 54 15 1 53
5 65 49 35.263 -118.76 477 154 370 370 2014 7 2 5 55 15 1 53
5 65 49 35.143 -118.69 477 155 366 370 2014 7 2 5 56 15 1 53
5 65 49 35.095 -118.66 476 155 362 370 2014 7 2 5 57 15 1 53
5 65 49 34.986 -118.58 476 154 339 370 2014 7 2 5 58 15 1 53
5 65 49 34.901 -118.45 476 129 339 370 2014 7 2 5 59 15 1 53
5 65 49 34.837 -118.36 477 141 297 370 2014 7 2 6 0 6 1 53
5 65 49 34.759 -118.25 457 136 275 370 2014 7 2 6 1 6 1 53
5 65 49 34.613 -118.03 419 129 239 370 2014 7 2 6 2 16 1 22
5 65 49 34.613 -118.03 419 129 239 370 2014 7 2 6 3 6 1 22
5 65 49 34.509 -117.8 388 122 198 370 2014 7 2 6 4 15 1 22
5 65 49 34.448 -117.66 380 118 174 370 2014 7 2 6 5 15 1 21
5 65 49 34.448 -117.66 380 118 174 370 2014 7 2 6 6 6 1 21
5 65 49 34.399 -117.56 367 119 154 370 2014 7 2 6 7 15 1 21
5 65 49 34.354 -117.46 353 117 138 370 2014 7 2 6 8 15 1 21
5 65 49 34.267 -117.27 311 119 100 370 2014 7 2 6 9 15 1 6
5 65 49 34.2 -117.22 269 121 94 370 2014 7 2 6 10 15 1 6
5 65 49 34.133 -117.2 253 147 87 370 2014 7 2 6 11 15 1 6
5 65 49 34.067 -117.2 243 157 74 370 2014 7 2 6 12 15 1 6
5 65 49 34.033 -117.25 207 180 65 370 2014 7 2 6 13 15 1 6
5 65 49 34.05 -117.3 182 238 53 370 2014 7 2 6 14 15 1 6
5 65 49 34.054 -117.31 191 291 52 370 2014 7 2 6 15 15 1 6
5 65 49 34.057 -117.36 169 270 43 370 2014 7 2 6 16 15 1 6
5 65 49 34.055 -117.42 166 270 35 370 2014 7 2 6 17 15 1 6
5 65 49 34.054 -117.47 166 270 27 370 2014 7 2 6 18 15 1 6
5 65 49 34.056 -117.52 159 270 18 370 2014 7 2 6 19 15 1 6
5 65 49 34.056 -117.57 152 270 11 370 2014 7 2 6 20 15 1 6
6 65 49 47.432 -122.31 163 0 13 370 2014 7 2 14 40 6 3 114
6 65 49 47.409 -122.31 157 177 19 370 2014 7 2 14 41 6 3 114
6 65 49 47.35 -122.31 209 180 40 370 2014 7 2 14 42 6 3 114
6 65 49 47.279 -122.31 256 171 60 370 2014 7 2 14 43 6 3 114
6 65 49 47.206 -122.29 272 180 86 370 2014 7 2 14 44 6 3 114
6 65 49 47.132 -122.25 276 174 106 370 2014 7 2 14 45 6 3 114
6 65 49 47.035 -122.2 349 165 117 370 2014 7 2 14 46 11 3 114
6 65 49 46.933 -122.15 388 160 142 370 2014 7 2 14 47 6 3 114
6 65 49 46.832 -122.1 384 160 174 370 2014 7 2 14 48 6 3 137
6 65 49 46.727 -122.07 385 161 196 370 2014 7 2 14 49 6 3 137
6 65 49 46.617 -122.03 404 165 216 370 2014 7 2 14 50 6 3 137
6 65 49 46.504 -122 411 167 234 370 2014 7 2 14 51 6 3 137
6 65 49 46.39 -121.96 421 166 252 370 2014 7 2 14 52 16 3 137
6 65 49 46.273 -121.92 429 166 265 370 2014 7 2 14 53 6 3 137
6 65 49 46.144 -121.87 437 166 285 370 2014 7 2 14 54 7 3 137
6 65 49 46.029 -121.83 431 166 309 370 2014 7 2 14 55 16 3 139
6 65 49 45.918 -121.8 418 166 322 370 2014 7 2 14 56 6 3 139
6 65 49 45.804 -121.76 417 166 335 370 2014 7 2 14 57 16 3 139
6 65 49 45.691 -121.72 417 166 348 370 2014 7 2 14 58 6 3 139
6 65 49 45.578 -121.69 421 167 361 370 2014 7 2 14 59 6 3 139
6 65 49 45.466 -121.65 418 167 370 370 2014 7 2 15 0 6 3 139
6 65 49 45.355 -121.61 417 167 370 370 2014 7 2 15 1 6 3 139
6 65 49 45.221 -121.57 415 166 370 370 2014 7 2 15 2 6 3 139
6 65 49 45.111 -121.53 410 167 370 370 2014 7 2 15 3 16 3 139
6 65 49 44.999 -121.49 411 166 370 370 2014 7 2 15 4 6 3 139
6 65 49 44.886 -121.46 413 166 370 370 2014 7 2 15 5 6 3 139
6 65 49 44.763 -121.42 413 167 370 370 2014 7 2 15 6 6 3 135
6 65 49 44.651 -121.39 414 167 370 370 2014 7 2 15 7 6 3 135
6 65 49 44.539 -121.35 414 167 370 370 2014 7 2 15 8 16 3 139
6 65 49 44.425 -121.31 416 167 370 370 2014 7 2 15 9 6 3 139
6 65 49 44.324 -121.28 418 167 370 370 2014 7 2 15 10 6 3 139
6 65 49 44.187 -121.24 425 167 370 370 2014 7 2 15 11 6 3 139
6 65 49 44.072 -121.2 425 167 370 370 2014 7 2 15 12 6 3 142
6 65 49 43.958 -121.17 425 167 370 370 2014 7 2 15 13 6 3 142
6 65 49 43.844 -121.13 424 167 370 370 2014 7 2 15 14 6 3 142
6 65 49 43.728 -121.09 425 166 370 370 2014 7 2 15 15 6 3 142
6 65 49 43.614 -121.05 425 166 370 370 2014 7 2 15 16 6 3 142
6 65 49 43.497 -121.02 425 166 370 370 2014 7 2 15 17 6 3 142
6 65 49 43.382 -120.98 425 167 370 370 2014 7 2 15 18 17 3 142
6 65 49 43.268 -120.94 422 168 370 370 2014 7 2 15 19 15 3 142
6 65 49 43.152 -120.91 423 166 370 370 2014 7 2 15 20 16 3 142
6 65 49 43.152 -120.91 423 166 370 370 2014 7 2 15 21 6 3 142
6 65 49 43.037 -120.87 424 165 370 370 2014 7 2 15 22 6 3 142
6 65 49 42.81 -120.8 424 167 370 370 2014 7 2 15 23 6 3 142
6 65 49 42.693 -120.77 425 167 370 370 2014 7 2 15 24 16 3 142
6 65 49 42.578 -120.73 424 167 370 370 2014 7 2 15 25 6 3 142
6 65 49 42.463 -120.69 425 166 370 370 2014 7 2 15 26 6 3 142
6 65 49 42.435 -120.68 427 166 370 370 2014 7 2 15 27 6 3 142
6 65 49 42.319 -120.65 427 166 370 370 2014 7 2 15 28 6 3 142
6 65 49 42.204 -120.61 432 167 370 370 2014 7 2 15 29 6 3 142
6 65 49 42.086 -120.58 428 166 370 370 2014 7 2 15 30 6 3 142
6 65 49 41.968 -120.54 429 166 370 370 2014 7 2 15 31 6 3 142
6 65 49 41.853 -120.5 430 168 370 370 2014 7 2 15 32 6 3 142
6 65 49 41.666 -120.44 431 167 370 370 2014 7 2 15 33 6 3 142
6 65 49 41.617 -120.43 430 167 370 370 2014 7 2 15 34 6 3 142
6 65 49 41.499 -120.39 434 167 370 370 2014 7 2 15 35 6 3 142
6 65 49 41.356 -120.35 434 167 370 370 2014 7 2 15 36 6 3 142
6 65 49 41.234 -120.32 443 166 370 370 2014 7 2 15 37 6 3 142
6 65 49 41.115 -120.28 442 167 370 370 2014 7 2 15 38 15 3 142
6 65 49 40.994 -120.25 442 167 370 370 2014 7 2 15 39 16 4 181
6 65 49 40.876 -120.21 443 167 370 370 2014 7 2 15 40 6 4 181
6 65 49 40.755 -120.18 442 166 370 370 2014 7 2 15 41 6 4 181
6 65 49 40.635 -120.14 442 167 370 370 2014 7 2 15 42 6 4 181
6 65 49 40.517 -120.1 442 167 370 370 2014 7 2 15 43 6 4 181
6 65 49 40.396 -120.07 444 167 370 370 2014 7 2 15 44 8 4 181
6 65 49 40.252 -120.03 444 168 370 370 2014 7 2 15 45 6 4 181
6 65 49 40.132 -119.99 443 167 370 370 2014 7 2 15 46 6 4 181
6 65 49 40.011 -119.96 444 167 370 370 2014 7 2 15 47 6 4 181
6 65 49 39.891 -119.92 446 167 370 370 2014 7 2 15 48 6 4 181
6 65 49 39.77 -119.89 445 167 370 370 2014 7 2 15 49 6 4 181
6 65 49 39.65 -119.86 447 167 370 370 2014 7 2 15 50 15 4 181
6 65 49 39.529 -119.82 447 167 370 370 2014 7 2 15 51 6 4 181
6 65 49 39.408 -119.79 447 167 370 370 2014 7 2 15 52 6 4 181
6 65 49 39.234 -119.74 456 167 370 370 2014 7 2 15 53 6 4 181
6 65 49 39.104 -119.71 451 167 370 370 2014 7 2 15 54 6 4 181
6 65 49 39.015 -119.68 453 168 370 370 2014 7 2 15 55 6 4 181
6 65 49 38.892 -119.64 453 167 370 370 2014 7 2 15 56 6 4 181
6 65 49 38.77 -119.61 453 166 370 370 2014 7 2 15 57 6 4 185
6 65 49 38.646 -119.57 453 167 370 370 2014 7 2 15 58 6 4 185
6 65 49 38.521 -119.54 456 167 370 370 2014 7 2 15 59 6 4 185
6 65 49 38.389 -119.5 456 167 370 370 2014 7 2 16 0 6 4 185
6 65 49 38.263 -119.47 456 167 370 370 2014 7 2 16 1 6 4 185
6 65 49 38.197 -119.45 460 167 370 370 2014 7 2 16 2 6 4 184
6 65 49 38.014 -119.4 458 167 370 370 2014 7 2 16 3 6 4 184
6 65 49 37.89 -119.37 457 168 370 370 2014 7 2 16 4 16 4 184
6 65 49 37.766 -119.33 457 167 370 370 2014 7 2 16 5 6 4 184
6 65 49 37.618 -119.29 454 168 370 370 2014 7 2 16 6 6 4 184
6 65 49 37.503 -119.26 448 168 370 370 2014 7 2 16 7 6 4 184
6 65 49 37.435 -119.24 450 167 370 370 2014 7 2 16 8 6 4 187
6 65 49 37.289 -119.2 450 168 370 370 2014 7 2 16 9 6 4 187
6 65 49 37.167 -119.17 450 167 370 370 2014 7 2 16 10 6 4 187
6 65 49 37.044 -119.14 450 167 370 370 2014 7 2 16 11 6 4 187
6 65 49 36.913 -119.1 452 168 370 370 2014 7 2 16 12 6 4 187
6 65 49 36.789 -119.07 452 168 370 370 2014 7 2 16 13 6 4 187
6 65 49 36.736 -119.06 461 168 370 370 2014 7 2 16 14 19 4 187
6 65 49 36.537 -119.01 457 168 370 370 2014 7 2 16 15 16 4 187
6 65 49 36.384 -118.97 465 167 370 370 2014 7 2 16 16 6 4 187
6 65 49 36.258 -118.93 464 168 370 370 2014 7 2 16 17 6 4 187
6 65 49 36.133 -118.9 461 168 370 370 2014 7 2 16 18 6 1 53
6 65 49 36.109 -118.9 458 168 370 370 2014 7 2 16 19 6 1 53
6 65 49 35.984 -118.86 458 168 370 370 2014 7 2 16 20 9 1 53
6 65 49 35.758 -118.81 458 168 370 370 2014 7 2 16 21 6 1 53
6 65 49 35.633 -118.77 458 167 370 370 2014 7 2 16 22 16 1 53
6 65 49 35.583 -118.76 458 168 370 370 2014 7 2 16 23 16 1 53
6 65 49 35.457 -118.73 459 168 370 370 2014 7 2 16 24 6 1 53
6 65 49 35.33 -118.7 460 168 370 370 2014 7 2 16 25 16 1 53
6 65 49 35.204 -118.67 462 168 359 370 2014 7 2 16 26 6 1 53
6 65 49 35.079 -118.63 461 168 329 370 2014 7 2 16 27 6 1 53
6 65 49 34.987 -118.58 469 168 310 370 2014 7 2 16 28 6 1 53
6 65 49 34.896 -118.45 461 156 283 370 2014 7 2 16 29 6 1 53
6 65 49 34.818 -118.33 448 139 261 370 2014 7 2 16 30 6 1 53
6 65 49 34.742 -118.22 427 129 241 370 2014 7 2 16 31 6 1 53
6 65 49 34.666 -118.11 427 130 241 370 2014 7 2 16 32 6 1 53
6 65 49 34.671 -118.12 405 128 239 370 2014 7 2 16 33 6 1 22
6 65 49 34.548 -117.88 384 130 195 370 2014 7 2 16 34 6 1 22
6 65 49 34.499 -117.78 364 118 175 370 2014 7 2 16 35 16 1 22
6 65 49 34.453 -117.67 356 121 156 370 2014 7 2 16 36 6 1 21
6 65 49 34.397 -117.55 346 118 141 370 2014 7 2 16 37 6 1 21
6 65 49 34.36 -117.47 308 115 138 370 2014 7 2 16 38 6 1 21
6 65 49 34.312 -117.39 295 125 117 370 2014 7 2 16 39 6 1 6
6 65 49 34.2 -117.3 284 143 83 370 2014 7 2 16 40 16 1 6
6 65 49 34.173 -117.26 283 148 80 370 2014 7 2 16 41 6 1 6
6 65 49 34.12 -117.22 249 132 73 370 2014 7 2 16 42 6 1 6
6 65 49 34.065 -117.25 235 168 60 370 2014 7 2 16 43 6 1 6
6 65 49 34.054 -117.32 229 238 51 370 2014 7 2 16 44 6 1 6
6 65 49 34.055 -117.39 214 270 39 370 2014 7 2 16 45 6 1 6
6 65 49 34.05 -117.42 193 270 35 370 2014 7 2 16 46 6 1 6
6 65 49 34.056 -117.52 181 270 20 370 2014 7 2 16 47 6 1 6
6 65 49 34.058 -117.57 165 270 14 370 2014 7 2 16 48 16 1 6
7 65 49 47.417 -122.31 171 162 19 310 2014 7 3 22 29 6 3 114
7 65 49 47.352 -122.31 233 180 42 310 2014 7 3 22 30 6 3 114
7 65 49 47.274 -122.31 259 181 77 310 2014 7 3 22 31 6 3 114
7 65 49 47.198 -122.29 286 180 105 310 2014 7 3 22 32 6 3 114
7 65 49 47.12 -122.21 347 167 119 310 2014 7 3 22 33 6 3 114
7 65 49 47.018 -122.14 373 157 149 310 2014 7 3 22 34 6 3 114
7 65 49 46.918 -122.11 375 150 170 310 2014 7 3 22 35 6 3 137
7 65 49 46.823 -122.07 399 160 184 310 2014 7 3 22 36 6 3 137
7 65 49 46.712 -122.03 407 165 207 310 2014 7 3 22 37 6 3 137
7 65 49 46.583 -121.94 429 135 228 310 2014 7 3 22 38 6 3 137
7 65 49 46.486 -121.82 451 159 242 310 2014 7 3 22 39 6 3 137
7 65 49 46.374 -121.73 464 148 254 310 2014 7 3 22 40 6 3 137
7 65 49 46.249 -121.7 460 144 274 310 2014 7 3 22 41 6 3 137
7 65 49 46.142 -121.67 445 160 288 310 2014 7 3 22 42 6 3 139
7 65 49 45.994 -121.63 448 170 305 310 2014 7 3 22 43 6 3 139
7 65 49 45.872 -121.6 448 169 310 310 2014 7 3 22 44 6 3 139
7 65 49 45.75 -121.57 448 169 310 310 2014 7 3 22 45 6 3 139
7 65 49 45.748 -121.57 451 169 310 310 2014 7 3 22 46 6 3 139
7 65 49 45.624 -121.54 454 169 310 310 2014 7 3 22 47 6 3 139
7 65 49 45.502 -121.5 452 169 310 310 2014 7 3 22 48 6 3 139
7 65 49 45.256 -121.44 451 169 310 310 2014 7 3 22 49 6 3 139
7 65 49 45.134 -121.41 451 169 310 310 2014 7 3 22 50 6 3 139
7 65 49 45.009 -121.38 453 169 310 310 2014 7 3 22 51 8 3 139
7 65 49 45.009 -121.38 453 169 310 310 2014 7 3 22 52 6 3 139
7 65 49 44.873 -121.34 453 169 310 310 2014 7 3 22 53 6 3 139
7 65 49 44.749 -121.31 452 170 310 310 2014 7 3 22 54 6 3 139
7 65 49 44.626 -121.28 452 169 310 310 2014 7 3 22 55 6 3 139
7 65 49 44.503 -121.25 451 169 310 310 2014 7 3 22 56 6 3 139
7 65 49 44.354 -121.22 452 170 310 310 2014 7 3 22 57 6 3 139
7 65 49 44.244 -121.19 458 170 310 310 2014 7 3 22 58 6 3 139
7 65 49 44.119 -121.16 459 169 310 310 2014 7 3 22 59 6 3 142
7 65 49 43.991 -121.13 462 169 310 310 2014 7 3 23 1 6 3 142
7 65 49 43.991 -121.13 462 169 310 310 2014 7 3 23 1 6 3 142
7 65 49 43.711 -121.06 464 170 310 310 2014 7 3 23 2 6 3 142
7 65 49 43.584 -121.02 464 170 310 310 2014 7 3 23 3 6 3 142
7 65 49 43.447 -120.99 465 169 310 310 2014 7 3 23 4 6 3 142
7 65 49 43.319 -120.96 465 170 310 310 2014 7 3 23 5 6 3 142
7 65 49 43.191 -120.93 465 170 310 310 2014 7 3 23 6 6 3 142
7 65 49 43.064 -120.9 466 170 310 310 2014 7 3 23 7 6 3 142
7 65 49 42.935 -120.87 467 169 310 310 2014 7 3 23 8 6 3 142
7 65 49 42.806 -120.84 467 170 310 310 2014 7 3 23 9 6 3 142
7 65 49 42.682 -120.81 466 168 310 310 2014 7 3 23 10 6 3 142
7 65 49 42.553 -120.78 468 170 310 310 2014 7 3 23 11 6 3 142
7 65 49 42.421 -120.75 467 170 310 310 2014 7 3 23 12 6 3 142
7 65 49 42.267 -120.71 472 169 310 310 2014 7 3 23 13 6 3 142
7 65 49 42.166 -120.69 467 170 310 310 2014 7 3 23 14 6 3 142
7 65 49 42.038 -120.66 465 170 310 310 2014 7 3 23 15 6 3 142
7 65 49 41.883 -120.62 468 169 310 310 2014 7 3 23 16 6 3 142
7 65 49 41.755 -120.59 468 170 310 310 2014 7 3 23 17 6 3 142
7 65 49 41.627 -120.56 467 169 310 310 2014 7 3 23 18 6 3 142
7 65 49 41.5 -120.53 467 170 310 310 2014 7 3 23 19 6 3 142
7 65 49 41.374 -120.5 462 169 310 310 2014 7 3 23 20 6 3 142
7 65 49 41.22 -120.46 464 170 310 310 2014 7 3 23 21 6 3 142
7 65 49 41.09 -120.44 465 170 310 310 2014 7 3 23 22 6 3 142
7 65 49 40.965 -120.4 464 169 310 310 2014 7 3 23 23 6 4 181
7 65 49 40.839 -120.36 465 167 310 310 2014 7 3 23 24 6 4 181
7 65 49 40.712 -120.33 465 166 310 310 2014 7 3 23 25 6 4 181
7 65 49 40.585 -120.29 466 167 310 310 2014 7 3 23 26 6 4 181
7 65 49 40.445 -120.25 465 166 310 310 2014 7 3 23 27 6 4 181
7 65 49 40.344 -120.21 470 166 310 310 2014 7 3 23 28 6 4 181
7 65 49 40.217 -120.17 470 166 310 310 2014 7 3 23 29 6 4 181
7 65 49 40.192 -120.17 468 166 310 310 2014 7 3 23 30 6 4 181
7 65 49 40.064 -120.13 468 167 310 310 2014 7 3 23 31 6 4 181
7 65 49 39.938 -120.09 468 167 310 310 2014 7 3 23 32 6 4 181
7 65 49 39.666 -120.01 460 166 310 310 2014 7 3 23 33 6 4 181
7 65 49 39.544 -119.97 459 166 310 310 2014 7 3 23 34 6 4 181
7 65 49 39.42 -119.94 459 167 310 310 2014 7 3 23 35 7 4 181
7 65 49 39.422 -119.94 455 167 310 310 2014 7 3 23 36 17 4 181
7 65 49 39.301 -119.9 454 167 310 310 2014 7 3 23 37 6 4 181
7 65 49 39.179 -119.86 454 166 310 310 2014 7 3 23 38 6 4 181
7 65 49 39.035 -119.82 449 167 310 310 2014 7 3 23 39 6 4 181
7 65 49 38.914 -119.78 449 167 310 310 2014 7 3 23 40 6 4 181
7 65 49 38.793 -119.75 449 166 310 310 2014 7 3 23 41 6 4 185
7 65 49 38.672 -119.72 448 167 310 310 2014 7 3 23 42 6 4 185
7 65 49 38.551 -119.68 448 167 310 310 2014 7 3 23 43 6 4 185
7 65 49 38.43 -119.64 448 166 310 310 2014 7 3 23 44 6 4 185
7 65 49 38.298 -119.61 446 167 310 310 2014 7 3 23 45 6 4 185
7 65 49 38.172 -119.57 445 168 310 310 2014 7 3 23 46 6 4 184
7 65 49 38.053 -119.54 445 167 310 310 2014 7 3 23 47 6 4 184
7 65 49 37.933 -119.5 444 167 310 310 2014 7 3 23 48 6 4 184
7 65 49 37.817 -119.47 444 166 310 310 2014 7 3 23 49 6 4 184
7 65 49 37.667 -119.43 443 168 310 310 2014 7 3 23 50 6 4 184
7 65 49 37.546 -119.39 444 167 310 310 2014 7 3 23 51 6 4 184
7 65 49 37.427 -119.36 444 167 310 310 2014 7 3 23 52 6 4 187
7 65 49 37.306 -119.33 444 167 310 310 2014 7 3 23 53 6 4 187
7 65 49 37.191 -119.3 444 167 310 310 2014 7 3 23 54 6 4 187
7 65 49 37.071 -119.26 442 167 310 310 2014 7 3 23 55 6 4 187
7 65 49 36.925 -119.22 443 168 310 310 2014 7 3 23 56 7 4 187
7 65 49 36.803 -119.19 446 167 310 310 2014 7 3 23 57 6 4 187
7 65 49 36.682 -119.16 446 167 310 310 2014 7 3 23 58 6 4 187
7 65 49 36.561 -119.12 446 167 310 310 2014 7 3 23 59 6 4 187
7 65 49 36.439 -119.09 446 168 310 310 2014 7 4 0 0 6 4 187
7 65 49 36.293 -119.05 446 167 310 310 2014 7 4 0 1 9 4 187
7 65 49 36.171 -119.02 447 168 310 310 2014 7 4 0 2 6 4 187
7 65 49 36.076 -118.99 445 167 310 310 2014 7 4 0 3 6 1 53
7 65 49 35.956 -118.95 445 165 310 310 2014 7 4 0 4 6 1 53
7 65 49 35.836 -118.9 446 163 310 310 2014 7 4 0 5 6 1 53
7 65 49 35.716 -118.86 446 164 310 310 2014 7 4 0 6 6 1 53
7 65 49 35.597 -118.82 446 164 310 310 2014 7 4 0 7 6 1 53
7 65 49 35.549 -118.8 442 164 310 310 2014 7 4 0 8 6 1 53
7 65 49 35.43 -118.76 442 164 310 310 2014 7 4 0 9 6 1 53
7 65 49 35.213 -118.69 446 164 310 310 2014 7 4 0 10 6 1 53
7 65 49 35.19 -118.68 444 163 310 310 2014 7 4 0 11 6 1 53
7 65 49 34.983 -118.57 457 164 310 310 2014 7 4 0 12 6 1 53
7 65 49 34.968 -118.55 453 152 310 310 2014 7 4 0 13 6 1 53
7 65 49 34.881 -118.43 456 137 300 310 2014 7 4 0 14 8 1 53
7 65 49 34.799 -118.31 458 129 263 310 2014 7 4 0 15 7 1 53
7 65 49 34.699 -118.16 464 130 240 310 2014 7 4 0 16 6 1 53
7 65 49 34.619 -118.04 467 130 224 310 2014 7 4 0 17 6 1 22
7 65 49 34.561 -117.91 445 126 198 310 2014 7 4 0 18 6 1 22
7 65 49 34.502 -117.78 438 123 167 310 2014 7 4 0 19 6 1 22
7 65 49 34.447 -117.66 413 118 146 310 2014 7 4 0 20 6 1 21
7 65 49 34.389 -117.54 354 121 138 310 2014 7 4 0 21 6 1 21
7 65 49 34.352 -117.46 307 109 130 310 2014 7 4 0 22 6 1 21
7 65 49 34.292 -117.38 313 140 110 310 2014 7 4 0 23 6 1 6
7 65 49 34.21 -117.33 275 140 77 310 2014 7 4 0 24 6 1 6
7 65 49 34.136 -117.33 266 180 41 310 2014 7 4 0 25 6 1 6
7 65 49 34.075 -117.38 263 202 25 310 2014 7 4 0 26 6 1 6
7 65 49 34.05 -117.42 225 214 24 310 2014 7 4 0 27 6 1 6
7 65 49 34.056 -117.51 223 270 21 310 2014 7 4 0 28 6 1 6
7 65 49 34.056 -117.57 192 270 12 310 2014 7 4 0 29 6 1 6
8 65 49 47.435 -122.31 155 0 12 390 2014 7 3 4 11 6 3 114
8 65 49 47.371 -122.31 206 237 38 390 2014 7 3 4 12 6 3 114
8 65 49 47.316 -122.36 255 192 59 390 2014 7 3 4 13 15 3 114
8 65 49 47.307 -122.46 266 207 70 390 2014 7 3 4 14 16 3 114
8 65 49 47.311 -122.58 270 262 96 390 2014 7 3 4 15 6 3 114
8 65 49 47.314 -122.7 292 267 121 390 2014 7 3 4 16 6 3 114
8 65 49 47.299 -122.83 331 260 154 390 2014 7 3 4 17 16 3 147
8 65 49 47.266 -122.95 330 266 187 390 2014 7 3 4 18 16 3 147
8 65 49 47.217 -123.07 347 255 216 390 2014 7 3 4 19 6 3 147
8 65 49 47.136 -123.16 359 243 241 390 2014 7 3 4 20 16 3 147
8 65 49 47.054 -123.25 370 223 267 390 2014 7 3 4 21 6 3 147
8 65 49 46.974 -123.34 370 216 297 390 2014 7 3 4 22 16 3 147
8 65 49 46.889 -123.42 371 218 313 390 2014 7 3 4 23 16 3 147
8 65 49 46.776 -123.42 414 214 318 390 2014 7 3 4 24 16 3 147
8 65 49 46.657 -123.41 427 188 331 390 2014 7 3 4 25 16 3 147
8 65 49 46.535 -123.4 437 178 346 390 2014 7 3 4 26 6 3 147
8 65 49 46.389 -123.38 451 175 365 390 2014 7 3 4 27 6 3 147
8 65 49 46.266 -123.36 449 174 383 390 2014 7 3 4 28 6 3 147
8 65 49 46.149 -123.34 433 173 390 390 2014 7 3 4 29 6 3 147
8 65 49 46.032 -123.33 426 174 390 390 2014 7 3 4 30 15 3 147
8 65 49 45.914 -123.31 426 175 390 390 2014 7 3 4 31 15 3 136
8 65 49 45.797 -123.3 425 175 390 390 2014 7 3 4 32 6 3 136
8 65 49 45.679 -123.29 425 175 390 390 2014 7 3 4 33 15 3 136
8 65 49 45.561 -123.27 425 175 390 390 2014 7 3 4 34 15 3 136
8 65 49 45.44 -123.26 426 174 390 390 2014 7 3 4 35 15 3 136
8 65 49 45.322 -123.24 428 175 390 390 2014 7 3 4 36 15 3 136
8 65 49 45.201 -123.23 430 175 390 390 2014 7 3 4 37 15 3 136
8 65 49 45.08 -123.21 432 174 390 390 2014 7 3 4 38 15 3 136
8 65 49 44.958 -123.2 432 174 390 390 2014 7 3 4 39 15 3 136
8 65 49 44.836 -123.18 432 175 390 390 2014 7 3 4 40 15 3 136
8 65 49 44.714 -123.17 433 175 390 390 2014 7 3 4 41 6 3 136
8 65 49 44.593 -123.15 434 174 390 390 2014 7 3 4 42 6 3 136
8 65 49 44.473 -123.14 433 175 390 390 2014 7 3 4 43 16 3 136
8 65 49 44.353 -123.12 433 175 390 390 2014 7 3 4 44 15 3 136
8 65 49 44.23 -123.11 437 175 390 390 2014 7 3 4 45 15 3 136
8 65 49 44.111 -123.1 437 174 390 390 2014 7 3 4 46 15 3 136
8 65 49 43.986 -123.08 437 175 390 390 2014 7 3 4 47 15 3 136
8 65 49 43.864 -123.07 437 175 390 390 2014 7 3 4 48 6 3 136
8 65 49 43.742 -123.05 438 175 390 390 2014 7 3 4 49 15 3 136
8 65 49 43.595 -123.04 439 175 390 390 2014 7 3 4 50 15 3 136
8 65 49 43.474 -123.02 439 175 390 390 2014 7 3 4 51 6 3 140
8 65 49 43.472 -123.02 439 175 390 390 2014 7 3 4 52 15 3 140
8 65 49 43.349 -123.01 439 175 390 390 2014 7 3 4 53 15 3 140
8 65 49 43.134 -122.98 440 175 390 390 2014 7 3 4 54 15 3 140
8 65 49 42.989 -122.92 441 163 390 390 2014 7 3 4 55 15 3 140
8 65 49 42.873 -122.87 442 160 390 390 2014 7 3 4 56 15 3 140
8 65 49 42.755 -122.82 443 161 390 390 2014 7 3 4 57 16 3 140
8 65 49 42.64 -122.77 444 162 390 390 2014 7 3 4 58 15 3 140
8 65 49 42.64 -122.77 444 162 390 390 2014 7 3 4 59 6 3 140
8 65 49 42.406 -122.67 444 160 390 390 2014 7 3 5 0 16 3 140
8 65 49 42.316 -122.62 442 162 390 390 2014 7 3 5 1 16 3 140
8 65 49 42.2 -122.57 442 161 390 390 2014 7 3 5 2 15 3 140
8 65 49 42.083 -122.52 443 164 390 390 2014 7 3 5 3 16 3 140
8 65 49 41.943 -122.46 443 162 390 390 2014 7 3 5 4 15 3 140
8 65 49 41.941 -122.46 444 162 390 390 2014 7 3 5 5 16 3 140
8 65 49 41.825 -122.41 443 162 390 390 2014 7 3 5 6 15 3 141
8 65 49 41.683 -122.35 446 162 390 390 2014 7 3 5 7 6 3 141
8 65 49 41.449 -122.25 446 162 390 390 2014 7 3 5 8 15 3 141
8 65 49 41.449 -122.25 446 162 390 390 2014 7 3 5 9 6 3 141
8 65 49 41.233 -122.16 438 162 390 390 2014 7 3 5 10 15 4 186
8 65 49 41.119 -122.11 433 162 390 390 2014 7 3 5 11 15 4 186
8 65 49 41.004 -122.06 432 162 390 390 2014 7 3 5 12 15 4 186
8 65 49 40.983 -122.05 430 162 390 390 2014 7 3 5 13 6 4 186
8 65 49 40.867 -122.01 430 162 390 390 2014 7 3 5 14 15 4 186
8 65 49 40.752 -121.96 432 161 390 390 2014 7 3 5 15 16 4 186
8 65 49 40.658 -121.92 434 162 390 390 2014 7 3 5 16 6 4 186
8 65 49 40.521 -121.86 434 161 390 390 2014 7 3 5 17 16 4 186
8 65 49 40.289 -121.76 434 162 390 390 2014 7 3 5 18 15 4 186
8 65 49 40.311 -121.77 433 162 390 390 2014 7 3 5 19 16 4 186
8 65 49 40.081 -121.68 430 162 390 390 2014 7 3 5 20 16 4 186
8 65 49 39.968 -121.63 430 162 390 390 2014 7 3 5 21 16 4 186
8 65 49 39.967 -121.63 430 162 390 390 2014 7 3 5 22 16 4 186
8 65 49 39.854 -121.58 426 162 390 390 2014 7 3 5 23 15 4 186
8 65 49 39.741 -121.54 426 162 390 390 2014 7 3 5 24 6 4 186
8 65 49 39.606 -121.48 425 162 390 390 2014 7 3 5 25 6 4 186
8 65 49 39.492 -121.44 425 162 390 390 2014 7 3 5 26 6 4 186
8 65 49 39.381 -121.4 423 162 390 390 2014 7 3 5 27 15 4 186
8 65 49 39.268 -121.35 423 163 390 390 2014 7 3 5 28 16 4 186
8 65 49 39.152 -121.3 430 163 390 390 2014 7 3 5 29 15 4 186
8 65 49 39.038 -121.26 430 162 390 390 2014 7 3 5 30 15 4 186
8 65 49 38.922 -121.21 430 162 390 390 2014 7 3 5 31 6 4 186
8 65 49 38.806 -121.17 434 162 390 390 2014 7 3 5 32 16 4 185
8 65 49 38.682 -121.12 434 162 390 390 2014 7 3 5 33 15 4 185
8 65 49 38.565 -121.07 434 163 390 390 2014 7 3 5 34 16 4 185
8 65 49 38.447 -121.04 435 163 390 390 2014 7 3 5 35 16 4 185
8 65 49 38.331 -120.99 436 163 390 390 2014 7 3 5 36 15 4 185
8 65 49 38.215 -120.95 436 163 390 390 2014 7 3 5 37 15 4 185
8 65 49 38.099 -120.9 436 163 390 390 2014 7 3 5 38 15 4 185
8 65 49 37.96 -120.85 436 163 390 390 2014 7 3 5 39 15 4 185
8 65 49 37.844 -120.8 436 162 390 390 2014 7 3 5 40 6 4 184
8 65 49 37.749 -120.76 435 162 390 390 2014 7 3 5 41 16 4 184
8 65 49 37.612 -120.7 438 164 390 390 2014 7 3 5 42 16 4 184
8 65 49 37.493 -120.66 441 162 390 390 2014 7 3 5 43 15 4 184
8 65 49 37.374 -120.62 440 163 390 390 2014 7 3 5 44 15 4 184
8 65 49 37.255 -120.58 441 163 390 390 2014 7 3 5 45 15 4 189
8 65 49 37.136 -120.52 448 163 390 390 2014 7 3 5 46 6 4 189
8 65 49 37.03 -120.44 463 148 390 390 2014 7 3 5 47 16 4 189
8 65 49 36.925 -120.34 464 143 390 390 2014 7 3 5 48 15 4 189
8 65 49 36.822 -120.24 465 142 390 390 2014 7 3 5 49 6 4 187
8 65 49 36.718 -120.15 467 142 390 390 2014 7 3 5 50 15 4 187
8 65 49 36.614 -120.05 465 143 390 390 2014 7 3 5 51 16 4 187
8 65 49 36.489 -119.94 464 143 390 390 2014 7 3 5 52 15 4 187
8 65 49 36.386 -119.84 461 143 390 390 2014 7 3 5 53 15 4 187
8 65 49 36.283 -119.75 461 143 390 390 2014 7 3 5 54 16 4 187
8 65 49 36.181 -119.66 458 143 390 390 2014 7 3 5 55 16 4 187
8 65 49 36.077 -119.56 459 143 390 390 2014 7 3 5 56 15 4 187
8 65 49 35.972 -119.47 459 143 390 390 2014 7 3 5 57 16 1 53
8 65 49 35.869 -119.37 460 143 390 390 2014 7 3 5 58 15 1 53
8 65 49 35.762 -119.28 465 144 389 390 2014 7 3 5 59 6 1 53
8 65 49 35.658 -119.19 465 144 380 390 2014 7 3 6 0 6 1 53
8 65 49 35.573 -119.11 466 143 372 390 2014 7 3 6 1 15 1 53
8 65 49 35.446 -119 467 144 361 390 2014 7 3 6 2 15 1 53
8 65 49 35.344 -118.91 460 144 351 390 2014 7 3 6 3 15 1 53
8 65 49 35.238 -118.81 461 143 342 390 2014 7 3 6 4 15 1 53
8 65 49 35.238 -118.81 461 143 342 390 2014 7 3 6 5 6 1 53
8 65 49 35.025 -118.62 472 144 323 390 2014 7 3 6 6 6 1 53
8 65 49 34.936 -118.5 477 144 300 390 2014 7 3 6 7 6 1 53
8 65 49 34.846 -118.38 464 132 272 390 2014 7 3 6 8 15 1 53
8 65 49 34.764 -118.26 464 129 272 390 2014 7 3 6 9 15 1 53
8 65 49 34.768 -118.26 445 130 247 390 2014 7 3 6 10 16 1 53
8 65 49 34.692 -118.15 431 130 224 390 2014 7 3 6 11 16 1 22
8 65 49 34.622 -118.05 412 129 202 390 2014 7 3 6 12 15 1 22
8 65 49 34.569 -117.93 395 129 179 390 2014 7 3 6 13 6 1 22
8 65 49 34.468 -117.71 335 118 153 390 2014 7 3 6 14 15 1 22
8 65 49 34.468 -117.71 335 118 153 390 2014 7 3 6 15 6 1 22
8 65 49 34.384 -117.52 311 119 140 390 2014 7 3 6 16 15 1 21
8 65 49 34.35 -117.45 308 119 132 390 2014 7 3 6 17 16 1 21
8 65 49 34.344 -117.44 308 118 131 390 2014 7 3 6 18 6 1 21
8 65 49 34.305 -117.36 291 121 121 390 2014 7 3 6 19 15 1 21
8 65 49 34.183 -117.3 233 155 93 390 2014 7 3 6 20 15 1 6
8 65 49 34.133 -117.28 240 156 75 390 2014 7 3 6 21 15 1 6
8 65 49 34.1 -117.35 228 170 55 390 2014 7 3 6 22 15 1 6
8 65 49 34.094 -117.36 226 238 52 390 2014 7 3 6 23 16 1 6
8 65 49 34.083 -117.42 208 245 37 390 2014 7 3 6 24 16 1 6
8 65 49 34.067 -117.48 175 252 28 390 2014 7 3 6 25 16 1 6
8 65 49 34.05 -117.57 142 253 11 390 2014 7 3 6 26 16 1 6
8 65 49 34.056 -117.58 151 270 10 390 2014 7 3 6 27 15 1 6
9 65 49 47.432 -122.31 152 0 13 390 2014 7 3 14 33 6 3 114
9 65 49 47.396 -122.31 167 162 27 390 2014 7 3 14 34 6 3 114
9 65 49 47.322 -122.31 253 180 51 390 2014 7 3 14 35 6 3 114
9 65 49 47.261 -122.31 257 179 71 390 2014 7 3 14 36 6 3 114
9 65 49 47.193 -122.28 257 160 71 390 2014 7 3 14 37 6 3 114
9 65 49 47.106 -122.21 313 171 125 390 2014 7 3 14 38 6 3 114
9 65 49 47.02 -122.15 336 156 152 390 2014 7 3 14 39 6 3 137
9 65 49 46.93 -122.09 358 152 179 390 2014 7 3 14 40 6 3 137
9 65 49 46.842 -122.03 361 154 203 390 2014 7 3 14 41 6 3 137
9 65 49 46.744 -121.96 383 154 225 390 2014 7 3 14 42 6 3 137
9 65 49 46.648 -121.9 383 154 225 390 2014 7 3 14 43 6 3 137
9 65 49 46.641 -121.89 404 155 245 390 2014 7 3 14 44 6 3 137
9 65 49 46.535 -121.82 419 154 265 390 2014 7 3 14 45 6 3 137
9 65 49 46.427 -121.75 429 154 280 390 2014 7 3 14 46 14 3 137
9 65 49 46.169 -121.68 458 162 307 390 2014 7 3 14 47 6 3 139
9 65 49 46.04 -121.64 468 169 324 390 2014 7 3 14 48 6 3 139
9 65 49 45.914 -121.61 465 169 343 390 2014 7 3 14 49 6 3 139
9 65 49 45.79 -121.58 459 169 359 390 2014 7 3 14 50 6 3 139
9 65 49 45.665 -121.55 459 169 359 390 2014 7 3 14 51 6 3 139
9 65 49 45.639 -121.54 458 169 371 390 2014 7 3 14 52 9 3 139
9 65 49 45.511 -121.51 461 169 380 390 2014 7 3 14 53 6 3 139
9 65 49 45.386 -121.47 461 169 390 390 2014 7 3 14 54 6 3 139
9 65 49 45.26 -121.44 462 169 390 390 2014 7 3 14 55 6 3 139
9 65 49 45.134 -121.41 462 169 390 390 2014 7 3 14 56 6 3 139
9 65 49 45.008 -121.38 462 169 390 390 2014 7 3 14 57 6 3 139
9 65 49 44.874 -121.34 464 169 390 390 2014 7 3 14 58 6 3 139
9 65 49 44.748 -121.31 464 169 390 390 2014 7 3 14 59 6 3 139
9 65 49 44.622 -121.28 464 169 390 390 2014 7 3 15 0 6 3 139
9 65 49 44.496 -121.25 462 169 390 390 2014 7 3 15 1 7 3 139
9 65 49 44.353 -121.22 462 169 390 390 2014 7 3 15 2 6 3 139
9 65 49 44.225 -121.18 463 170 390 390 2014 7 3 15 3 6 3 139
9 65 49 44.097 -121.15 469 169 390 390 2014 7 3 15 4 6 3 142
9 65 49 43.97 -121.12 467 169 390 390 2014 7 3 15 5 6 3 142
9 65 49 43.843 -121.09 467 170 390 390 2014 7 3 15 6 9 3 142
9 65 49 43.716 -121.05 467 169 390 390 2014 7 3 15 7 6 3 142
9 65 49 43.59 -121.03 466 169 390 390 2014 7 3 15 8 6 3 142
9 65 49 43.441 -120.99 462 170 390 390 2014 7 3 15 9 6 3 142
9 65 49 43.293 -120.96 452 171 390 390 2014 7 3 15 10 6 3 142
9 65 49 43.169 -120.93 446 170 390 390 2014 7 3 15 11 6 3 142
9 65 49 43.048 -120.9 446 170 390 390 2014 7 3 15 12 6 3 142
9 65 49 42.925 -120.87 446 169 390 390 2014 7 3 15 13 6 3 142
9 65 49 42.803 -120.84 445 169 390 390 2014 7 3 15 14 6 3 142
9 65 49 42.702 -120.82 443 169 390 390 2014 7 3 15 15 6 3 142
9 65 49 42.58 -120.79 441 169 390 390 2014 7 3 15 16 6 3 142
9 65 49 42.436 -120.75 445 169 390 390 2014 7 3 15 17 6 3 142
9 65 49 42.312 -120.72 449 170 390 390 2014 7 3 15 18 6 3 142
9 65 49 42.189 -120.69 451 170 390 390 2014 7 3 15 19 6 3 142
9 65 49 42.039 -120.66 451 169 390 390 2014 7 3 15 20 6 3 142
9 65 49 41.964 -120.64 447 169 390 390 2014 7 3 15 21 6 3 142
9 65 49 41.793 -120.6 449 170 390 390 2014 7 3 15 22 6 3 142
9 65 49 41.692 -120.58 449 169 390 390 2014 7 3 15 23 6 3 142
9 65 49 41.571 -120.55 447 169 390 390 2014 7 3 15 24 6 3 142
9 65 49 41.449 -120.52 447 170 390 390 2014 7 3 15 25 6 3 142
9 65 49 41.303 -120.48 447 170 390 390 2014 7 3 15 26 6 3 142
9 65 49 41.182 -120.45 445 170 390 390 2014 7 3 15 27 6 3 142
9 65 49 41.059 -120.43 445 169 390 390 2014 7 3 15 28 6 3 142
9 65 49 40.937 -120.4 445 169 390 390 2014 7 3 15 29 6 4 181
9 65 49 40.842 -120.37 444 169 390 390 2014 7 3 15 30 6 4 181
9 65 49 40.723 -120.33 441 166 390 390 2014 7 3 15 31 6 4 181
9 65 49 40.606 -120.29 440 165 390 390 2014 7 3 15 32 6 4 181
9 65 49 40.488 -120.26 437 167 390 390 2014 7 3 15 33 6 4 181
9 65 49 40.371 -120.22 436 167 390 390 2014 7 3 15 34 6 4 181
9 65 49 40.231 -120.18 435 166 390 390 2014 7 3 15 35 6 4 181
9 65 49 40.114 -120.14 434 166 390 390 2014 7 3 15 36 6 4 181
9 65 49 40.09 -120.13 434 166 390 390 2014 7 3 15 37 6 4 181
9 65 49 39.972 -120.1 434 166 390 390 2014 7 3 15 38 6 4 181
9 65 49 39.83 -120.06 435 167 390 390 2014 7 3 15 39 8 4 181
9 65 49 39.713 -120.02 435 167 390 390 2014 7 3 15 40 6 4 181
9 65 49 39.595 -119.99 435 167 390 390 2014 7 3 15 41 6 4 181
9 65 49 39.478 -119.95 435 167 390 390 2014 7 3 15 42 6 4 181
9 65 49 39.36 -119.92 435 167 390 390 2014 7 3 15 43 6 4 181
9 65 49 39.244 -119.88 435 167 390 390 2014 7 3 15 44 6 4 181
9 65 49 39.073 -119.83 436 167 390 390 2014 7 3 15 45 6 4 181
9 65 49 38.932 -119.79 436 165 390 390 2014 7 3 15 46 6 4 181
9 65 49 38.868 -119.77 435 167 390 390 2014 7 3 15 47 6 4 181
9 65 49 38.704 -119.72 436 166 390 390 2014 7 3 15 48 6 4 185
9 65 49 38.576 -119.69 436 167 390 390 2014 7 3 15 49 16 4 185
9 65 49 38.513 -119.67 437 167 390 390 2014 7 3 15 50 10 4 185
9 65 49 38.397 -119.64 437 166 390 390 2014 7 3 15 51 6 4 185
9 65 49 38.278 -119.6 436 167 390 390 2014 7 3 15 52 16 4 185
9 65 49 38.16 -119.57 436 167 390 390 2014 7 3 15 53 6 4 184
9 65 49 38.017 -119.53 436 167 390 390 2014 7 3 15 54 6 4 184
9 65 49 37.897 -119.5 437 167 390 390 2014 7 3 15 55 6 4 184
9 65 49 37.781 -119.46 433 167 390 390 2014 7 3 15 56 6 4 184
9 65 49 37.663 -119.43 434 167 390 390 2014 7 3 15 57 6 4 184
9 65 49 37.539 -119.39 430 167 390 390 2014 7 3 15 58 6 4 184
9 65 49 37.421 -119.36 430 167 390 390 2014 7 3 15 59 6 4 187
9 65 49 37.303 -119.33 432 167 390 390 2014 7 3 16 0 6 4 187
9 65 49 37.186 -119.3 432 168 390 390 2014 7 3 16 1 6 4 187
9 65 49 37.067 -119.26 433 167 390 390 2014 7 3 16 2 6 4 187
9 65 49 36.948 -119.23 436 167 390 390 2014 7 3 16 3 6 4 187
9 65 49 36.851 -119.2 436 167 390 390 2014 7 3 16 4 6 4 187
9 65 49 36.708 -119.16 441 167 390 390 2014 7 3 16 5 6 4 187
9 65 49 36.565 -119.12 440 167 390 390 2014 7 3 16 6 6 4 187
9 65 49 36.445 -119.09 440 167 390 390 2014 7 3 16 7 6 4 187
9 65 49 36.326 -119.06 438 168 390 390 2014 7 3 16 8 6 4 187
9 65 49 36.207 -119.03 437 167 390 390 2014 7 3 16 9 6 4 187
9 65 49 36.111 -119 437 167 390 390 2014 7 3 16 10 6 1 53
9 65 49 35.993 -118.96 438 166 390 390 2014 7 3 16 11 7 1 53
9 65 49 35.873 -118.92 441 163 390 390 2014 7 3 16 12 6 1 53
9 65 49 35.755 -118.87 442 164 390 390 2014 7 3 16 13 6 1 53
9 65 49 35.635 -118.83 443 163 390 390 2014 7 3 16 14 6 1 53
9 65 49 35.517 -118.79 442 164 390 390 2014 7 3 16 15 6 1 53
9 65 49 35.375 -118.74 442 163 381 390 2014 7 3 16 16 6 1 53
9 65 49 35.257 -118.7 442 164 366 390 2014 7 3 16 17 6 1 53
9 65 49 35.232 -118.69 442 163 362 390 2014 7 3 16 18 6 1 53
9 65 49 35.112 -118.65 442 164 346 390 2014 7 3 16 19 6 1 53
9 65 49 34.931 -118.5 453 157 299 390 2014 7 3 16 20 6 1 53
9 65 49 34.851 -118.38 453 129 299 390 2014 7 3 16 21 6 1 53
9 65 49 34.774 -118.27 418 130 249 390 2014 7 3 16 22 6 1 53
9 65 49 34.7 -118.16 418 130 249 390 2014 7 3 16 23 6 1 53
9 65 49 34.702 -118.17 408 129 240 390 2014 7 3 16 24 6 1 53
9 65 49 34.618 -118.04 407 130 222 390 2014 7 3 16 25 6 1 22
9 65 49 34.567 -117.92 399 129 201 390 2014 7 3 16 26 7 1 22
9 65 49 34.514 -117.81 398 122 180 390 2014 7 3 16 27 6 1 22
9 65 49 34.463 -117.7 383 118 160 390 2014 7 3 16 28 6 1 22
9 65 49 34.383 -117.53 330 119 139 390 2014 7 3 16 29 6 1 21
9 65 49 34.333 -117.43 313 118 125 390 2014 7 3 16 30 6 1 21
9 65 49 34.3 -117.35 309 118 112 390 2014 7 3 16 31 6 1 6
9 65 49 34.25 -117.3 291 130 93 390 2014 7 3 16 32 6 1 6
9 65 49 34.207 -117.27 282 147 82 390 2014 7 3 16 33 6 1 6
9 65 49 34.126 -117.26 245 191 73 390 2014 7 3 16 34 6 1 6
9 65 49 34.05 -117.3 274 196 49 390 2014 7 3 16 35 6 1 6
9 65 49 34.057 -117.37 251 263 42 390 2014 7 3 16 36 6 1 6
9 65 49 34.05 -117.45 186 278 31 390 2014 7 3 16 37 6 1 6
9 65 49 34.056 -117.5 199 263 23 390 2014 7 3 16 38 6 1 6
10 65 49 47.49 -122.31 181 2 26 330 2014 7 4 22 7 16 3 114
10 65 49 47.558 -122.31 239 359 45 330 2014 7 4 22 8 16 3 114
10 65 49 47.62 -122.25 285 17 74 330 2014 7 4 22 9 15 3 114
10 65 49 47.576 -122.19 280 33 91 330 2014 7 4 22 10 16 3 114
10 65 49 47.495 -122.17 296 147 109 330 2014 7 4 22 11 6 3 114
10 65 49 47.397 -122.15 354 156 128 330 2014 7 4 22 12 16 3 114
10 65 49 47.295 -122.13 367 150 155 330 2014 7 4 22 13 6 3 137
10 65 49 47.195 -122.09 381 170 179 330 2014 7 4 22 14 6 3 137
10 65 49 47.097 -122.06 385 169 199 330 2014 7 4 22 15 6 3 137
10 65 49 46.985 -122.03 409 167 217 330 2014 7 4 22 16 15 3 137
10 65 49 46.847 -121.99 422 168 238 330 2014 7 4 22 17 16 3 137
10 65 49 46.729 -121.95 428 168 255 330 2014 7 4 22 18 16 3 137
10 65 49 46.611 -121.91 435 168 273 330 2014 7 4 22 19 16 3 137
10 65 49 46.492 -121.88 435 167 290 330 2014 7 4 22 20 16 3 137
10 65 49 46.374 -121.84 433 167 305 330 2014 7 4 22 21 15 3 137
10 65 49 46.257 -121.81 433 168 310 330 2014 7 4 22 22 15 3 137
10 65 49 46.129 -121.77 433 168 310 330 2014 7 4 22 23 6 3 139
10 65 49 46.011 -121.73 433 167 310 330 2014 7 4 22 24 6 3 139
10 65 49 45.894 -121.7 433 168 310 330 2014 7 4 22 25 15 3 139
10 65 49 45.776 -121.66 433 168 318 330 2014 7 4 22 26 6 3 139
10 65 49 45.656 -121.63 438 168 327 330 2014 7 4 22 27 15 3 139
10 65 49 45.537 -121.59 438 168 330 330 2014 7 4 22 28 6 3 139
10 65 49 45.419 -121.56 437 168 330 330 2014 7 4 22 29 6 3 139
10 65 49 45.301 -121.52 437 168 330 330 2014 7 4 22 30 16 3 139
10 65 49 45.181 -121.49 438 168 330 330 2014 7 4 22 31 15 3 139
10 65 49 45.06 -121.45 442 168 330 330 2014 7 4 22 32 6 3 139
10 65 49 44.941 -121.42 443 168 330 330 2014 7 4 22 33 6 3 139
10 65 49 44.81 -121.38 442 168 330 330 2014 7 4 22 34 6 3 139
10 65 49 44.689 -121.35 442 168 330 330 2014 7 4 22 35 15 3 139
10 65 49 44.568 -121.31 443 168 330 330 2014 7 4 22 36 6 3 139
10 65 49 44.448 -121.28 443 168 330 330 2014 7 4 22 37 17 3 139
10 65 49 44.316 -121.24 443 168 330 330 2014 7 4 22 38 6 3 139
10 65 49 44.196 -121.21 444 168 330 330 2014 7 4 22 39 15 3 139
10 65 49 44.075 -121.17 445 168 330 330 2014 7 4 22 40 15 3 142
10 65 49 43.954 -121.14 444 168 330 330 2014 7 4 22 41 6 3 142
10 65 49 43.834 -121.11 444 168 330 330 2014 7 4 22 42 15 3 142
10 65 49 43.713 -121.07 444 168 330 330 2014 7 4 22 43 16 3 142
10 65 49 43.591 -121.04 445 168 330 330 2014 7 4 22 44 15 3 142
10 65 49 43.467 -121.01 450 168 330 330 2014 7 4 22 45 6 3 142
10 65 49 43.344 -120.97 450 169 330 330 2014 7 4 22 46 16 3 142
10 65 49 43.221 -120.94 450 168 330 330 2014 7 4 22 47 15 3 142
10 65 49 43.098 -120.91 450 169 330 330 2014 7 4 22 48 15 3 142
10 65 49 43.029 -120.9 443 169 330 330 2014 7 4 22 49 15 3 142
10 65 49 42.907 -120.87 442 169 330 330 2014 7 4 22 50 6 3 142
10 65 49 42.709 -120.82 438 169 330 330 2014 7 4 22 51 6 3 142
10 65 49 42.588 -120.79 437 169 330 330 2014 7 4 22 52 15 3 142
10 65 49 42.467 -120.76 440 169 330 330 2014 7 4 22 53 6 3 142
10 65 49 42.346 -120.73 439 170 330 330 2014 7 4 22 54 6 3 142
10 65 49 42.3 -120.72 442 169 330 330 2014 7 4 22 55 15 3 142
10 65 49 42.102 -120.67 440 169 330 330 2014 7 4 22 56 16 3 142
10 65 49 42.055 -120.66 444 169 330 330 2014 7 4 22 57 6 3 142
10 65 49 41.933 -120.63 444 169 330 330 2014 7 4 22 58 6 3 142
10 65 49 41.735 -120.59 444 169 330 330 2014 7 4 22 59 16 3 142
10 65 49 41.665 -120.57 444 170 330 330 2014 7 4 23 0 16 3 142
10 65 49 41.492 -120.53 445 170 330 330 2014 7 4 23 1 16 3 142
10 65 49 41.42 -120.51 447 170 330 330 2014 7 4 23 2 6 3 142
10 65 49 41.247 -120.47 446 170 330 330 2014 7 4 23 3 15 3 142
10 65 49 41.173 -120.45 448 170 330 330 2014 7 4 23 4 6 3 142
10 65 49 41.048 -120.43 449 170 330 330 2014 7 4 23 5 6 3 142
10 65 49 40.926 -120.39 449 170 330 330 2014 7 4 23 6 6 4 181
10 65 49 40.804 -120.35 449 167 330 330 2014 7 4 23 7 15 4 181
10 65 49 40.684 -120.32 448 166 330 330 2014 7 4 23 8 6 4 181
10 65 49 40.562 -120.28 448 166 330 330 2014 7 4 23 9 6 4 181
10 65 49 40.371 -120.22 448 167 330 330 2014 7 4 23 10 16 4 181
10 65 49 40.298 -120.2 447 166 330 330 2014 7 4 23 11 15 4 181
10 65 49 40.176 -120.16 447 166 330 330 2014 7 4 23 12 16 4 181
10 65 49 40.056 -120.13 447 167 330 330 2014 7 4 23 13 16 4 181
10 65 49 39.934 -120.09 452 166 330 330 2014 7 4 23 14 6 4 181
10 65 49 39.812 -120.05 451 166 330 330 2014 7 4 23 15 15 4 181
10 65 49 39.691 -120.02 451 166 330 330 2014 7 4 23 16 6 4 181
10 65 49 39.569 -119.98 451 167 330 330 2014 7 4 23 17 6 4 181
10 65 49 39.448 -119.94 451 167 330 330 2014 7 4 23 18 6 4 181
10 65 49 39.326 -119.91 451 166 330 330 2014 7 4 23 19 16 4 181
10 65 49 39.204 -119.87 451 166 330 330 2014 7 4 23 20 16 4 181
10 65 49 39.204 -119.87 451 166 330 330 2014 7 4 23 21 6 4 181
10 65 49 38.931 -119.79 453 167 330 330 2014 7 4 23 22 16 4 181
10 65 49 38.811 -119.76 453 167 330 330 2014 7 4 23 23 6 4 181
10 65 49 38.688 -119.72 454 167 330 330 2014 7 4 23 24 16 4 185
10 65 49 38.564 -119.68 455 166 330 330 2014 7 4 23 25 15 4 185
10 65 49 38.441 -119.65 455 167 330 330 2014 7 4 23 26 6 4 185
10 65 49 38.376 -119.63 455 167 330 330 2014 7 4 23 27 16 4 185
10 65 49 38.187 -119.58 455 166 330 330 2014 7 4 23 28 15 4 185
10 65 49 38.064 -119.54 455 168 330 330 2014 7 4 23 29 16 4 184
10 65 49 37.94 -119.5 454 166 330 330 2014 7 4 23 30 16 4 184
10 65 49 37.813 -119.47 458 167 330 330 2014 7 4 23 31 15 4 184
10 65 49 37.688 -119.44 459 167 330 330 2014 7 4 23 32 15 4 184
10 65 49 37.617 -119.41 457 167 330 330 2014 7 4 23 33 6 4 184
10 65 49 37.432 -119.36 457 167 330 330 2014 7 4 23 34 15 4 187
10 65 49 37.37 -119.34 457 167 330 330 2014 7 4 23 35 16 4 187
10 65 49 37.235 -119.31 456 167 330 330 2014 7 4 23 36 16 4 187
10 65 49 37.113 -119.27 451 167 330 330 2014 7 4 23 37 6 4 187
10 65 49 36.991 -119.24 449 167 330 330 2014 7 4 23 38 6 4 187
10 65 49 36.872 -119.21 443 167 330 330 2014 7 4 23 39 15 4 187
10 65 49 36.706 -119.16 440 167 330 330 2014 7 4 23 40 15 4 187
10 65 49 36.635 -119.14 434 167 330 330 2014 7 4 23 41 6 4 187
10 65 49 36.517 -119.11 433 167 330 330 2014 7 4 23 42 6 4 187
10 65 49 36.399 -119.08 432 166 330 330 2014 7 4 23 43 6 4 187
10 65 49 36.281 -119.05 432 168 330 330 2014 7 4 23 44 6 4 187
10 65 49 36.163 -119.02 433 167 330 330 2014 7 4 23 45 16 4 187
10 65 49 36.022 -118.97 433 167 330 330 2014 7 4 23 46 6 1 53
10 65 49 35.976 -118.95 433 164 330 330 2014 7 4 23 47 6 1 53
10 65 49 35.86 -118.91 436 164 330 330 2014 7 4 23 48 6 1 53
10 65 49 35.741 -118.87 437 164 330 330 2014 7 4 23 49 6 1 53
10 65 49 35.625 -118.83 437 164 330 330 2014 7 4 23 50 6 1 53
10 65 49 35.509 -118.79 436 164 330 330 2014 7 4 23 51 6 1 53
10 65 49 35.32 -118.72 435 163 330 330 2014 7 4 23 52 16 1 53
10 65 49 35.205 -118.68 435 164 330 330 2014 7 4 23 53 6 1 53
10 65 49 35.157 -118.67 436 163 330 330 2014 7 4 23 54 6 1 53
10 65 49 35.041 -118.62 435 164 330 330 2014 7 4 23 55 6 1 53
10 65 49 34.982 -118.57 442 164 320 330 2014 7 4 23 56 6 1 53
10 65 49 34.902 -118.46 447 151 291 330 2014 7 4 23 57 16 1 53
10 65 49 34.81 -118.32 435 134 262 330 2014 7 4 23 58 6 1 53
10 65 49 34.735 -118.22 422 129 240 330 2014 7 4 23 59 6 1 53
10 65 49 34.663 -118.11 414 129 225 330 2014 7 5 0 0 6 1 22
10 65 49 34.604 -118.01 378 130 211 330 2014 7 5 0 1 16 1 22
10 65 49 34.554 -117.9 370 124 201 330 2014 7 5 0 2 6 1 22
10 65 49 34.504 -117.79 371 121 180 330 2014 7 5 0 3 6 1 22
10 65 49 34.453 -117.68 363 119 161 330 2014 7 5 0 4 16 1 21
10 65 49 34.401 -117.56 346 118 142 330 2014 7 5 0 5 16 1 21
10 65 49 34.364 -117.48 300 119 140 330 2014 7 5 0 6 6 1 21
10 65 49 34.283 -117.33 320 118 119 330 2014 7 5 0 7 16 1 6
10 65 49 34.2 -117.28 306 138 103 330 2014 7 5 0 8 15 1 6
10 65 49 34.133 -117.27 298 155 89 330 2014 7 5 0 9 16 1 6
10 65 49 34.086 -117.27 290 168 82 330 2014 7 5 0 10 6 1 6
10 65 49 34.054 -117.34 285 189 63 330 2014 7 5 0 11 6 1 6
10 65 49 34.05 -117.47 227 271 37 330 2014 7 5 0 12 16 1 6
10 65 49 34.056 -117.49 235 270 30 330 2014 7 5 0 13 15 1 6
10 65 49 34.05 -117.57 146 270 13 330 2014 7 5 0 14 6 1 6
10 65 49 34.063 -117.58 190 264 14 330 2014 7 5 0 15 6 1 6
11 65 49 47.476 -122.31 150 0 17 390 2014 7 4 4 18 16 3 114
11 65 49 47.526 -122.31 185 0 29 390 2014 7 4 4 19 15 3 114
11 65 49 47.591 -122.31 233 0 50 390 2014 7 4 4 20 15 3 114
11 65 49 47.615 -122.2 278 1 74 390 2014 7 4 4 21 6 3 114
11 65 49 47.584 -122.1 296 39 99 390 2014 7 4 4 22 6 3 114
11 65 49 47.491 -122.08 320 92 119 390 2014 7 4 4 23 6 3 114
11 65 49 47.394 -122.06 348 146 151 390 2014 7 4 4 24 15 3 137
11 65 49 47.304 -122.04 351 172 178 390 2014 7 4 4 25 15 3 137
11 65 49 47.201 -122.01 362 173 202 390 2014 7 4 4 26 15 3 137
11 65 49 47.097 -121.98 379 168 223 390 2014 7 4 4 27 8 3 137
11 65 49 46.987 -121.95 398 168 241 390 2014 7 4 4 28 6 3 137
11 65 49 46.875 -121.91 408 168 258 390 2014 7 4 4 29 6 3 137
11 65 49 46.759 -121.88 415 168 275 390 2014 7 4 4 30 6 3 137
11 65 49 46.643 -121.85 427 168 289 390 2014 7 4 4 31 6 3 137
11 65 49 46.521 -121.81 441 168 302 390 2014 7 4 4 32 6 3 137
11 65 49 46.399 -121.78 445 168 316 390 2014 7 4 4 33 15 3 137
11 65 49 46.276 -121.75 449 169 330 390 2014 7 4 4 34 6 3 137
11 65 49 46.143 -121.71 448 168 343 390 2014 7 4 4 35 6 3 139
11 65 49 46.264 -121.74 448 348 343 390 2014 7 4 4 36 6 3 137
11 65 49 46.02 -121.67 449 169 355 390 2014 7 4 4 37 6 3 139
11 65 49 45.776 -121.61 449 169 380 390 2014 7 4 4 38 16 3 139
11 65 49 45.659 -121.57 437 169 390 390 2014 7 4 4 39 16 3 139
11 65 49 45.539 -121.54 436 168 390 390 2014 7 4 4 40 15 3 139
11 65 49 45.42 -121.51 440 169 390 390 2014 7 4 4 41 6 3 139
11 65 49 45.301 -121.48 440 169 390 390 2014 7 4 4 42 15 3 139
11 65 49 45.18 -121.45 440 169 390 390 2014 7 4 4 43 15 3 139
11 65 49 45.058 -121.41 441 169 390 390 2014 7 4 4 44 16 3 139
11 65 49 44.938 -121.38 441 169 390 390 2014 7 4 4 45 15 3 139
11 65 49 44.938 -121.38 441 169 390 390 2014 7 4 4 46 6 3 139
11 65 49 44.667 -121.31 446 169 390 390 2014 7 4 4 47 16 3 139
11 65 49 44.546 -121.28 446 169 390 390 2014 7 4 4 48 15 3 139
11 65 49 44.425 -121.25 445 169 390 390 2014 7 4 4 49 16 3 139
11 65 49 44.307 -121.22 449 169 390 390 2014 7 4 4 50 16 3 139
11 65 49 44.183 -121.18 456 169 390 390 2014 7 4 4 51 6 3 139
11 65 49 44.061 -121.15 452 169 390 390 2014 7 4 4 52 15 3 142
11 65 49 43.94 -121.12 450 169 390 390 2014 7 4 4 53 15 3 142
11 65 49 43.818 -121.09 450 169 390 390 2014 7 4 4 54 6 3 142
11 65 49 43.695 -121.06 450 169 390 390 2014 7 4 4 55 16 3 142
11 65 49 43.572 -121.03 449 169 390 390 2014 7 4 4 56 15 3 142
11 65 49 43.572 -121.03 449 169 390 390 2014 7 4 4 57 7 3 142
11 65 49 43.317 -120.96 447 169 390 390 2014 7 4 4 58 15 3 142
11 65 49 43.193 -120.94 448 170 390 390 2014 7 4 4 59 15 3 142
11 65 49 43.068 -120.9 454 170 390 390 2014 7 4 5 0 15 3 142
11 65 49 43.022 -120.9 449 169 390 390 2014 7 4 5 1 6 3 142
11 65 49 42.815 -120.84 459 169 390 390 2014 7 4 5 2 16 3 142
11 65 49 42.744 -120.83 462 170 390 390 2014 7 4 5 3 16 3 142
11 65 49 42.616 -120.8 464 170 390 390 2014 7 4 5 4 15 3 142
11 65 49 42.489 -120.76 465 169 390 390 2014 7 4 5 5 6 3 142
11 65 49 42.361 -120.73 465 170 390 390 2014 7 4 5 6 6 3 142
11 65 49 42.237 -120.71 458 170 390 390 2014 7 4 5 7 15 3 142
11 65 49 42.06 -120.66 456 169 390 390 2014 7 4 5 8 15 3 142
11 65 49 41.984 -120.64 458 169 390 390 2014 7 4 5 9 6 3 142
11 65 49 41.808 -120.6 456 170 390 390 2014 7 4 5 10 16 3 142
11 65 49 41.685 -120.57 452 170 390 390 2014 7 4 5 11 15 3 142
11 65 49 41.608 -120.56 456 169 390 390 2014 7 4 5 12 15 3 142
11 65 49 41.482 -120.53 456 170 390 390 2014 7 4 5 13 15 3 142
11 65 49 41.356 -120.5 458 170 390 390 2014 7 4 5 14 15 3 142
11 65 49 41.229 -120.47 458 170 390 390 2014 7 4 5 15 16 3 142
11 65 49 41.101 -120.44 461 170 390 390 2014 7 4 5 16 15 3 142
11 65 49 40.974 -120.41 463 169 390 390 2014 7 4 5 17 15 4 181
11 65 49 40.85 -120.37 462 167 390 390 2014 7 4 5 18 15 4 181
11 65 49 40.724 -120.33 462 167 390 390 2014 7 4 5 19 15 4 181
11 65 49 40.599 -120.29 462 166 390 390 2014 7 4 5 20 16 4 181
11 65 49 40.526 -120.27 455 167 390 390 2014 7 4 5 21 6 4 181
11 65 49 40.341 -120.21 455 166 390 390 2014 7 4 5 22 15 4 181
11 65 49 40.216 -120.17 456 167 390 390 2014 7 4 5 23 15 4 181
11 65 49 40.092 -120.14 458 166 390 390 2014 7 4 5 24 15 4 181
11 65 49 39.968 -120.1 459 167 390 390 2014 7 4 5 25 15 4 181
11 65 49 39.844 -120.06 459 166 390 390 2014 7 4 5 26 16 4 181
11 65 49 39.721 -120.02 458 166 390 390 2014 7 4 5 27 6 4 181
11 65 49 39.598 -119.99 458 166 390 390 2014 7 4 5 28 16 4 181
11 65 49 39.452 -119.94 455 167 390 390 2014 7 4 5 29 15 4 181
11 65 49 39.33 -119.91 455 167 390 390 2014 7 4 5 30 15 4 181
11 65 49 39.206 -119.87 455 167 390 390 2014 7 4 5 31 15 4 181
11 65 49 39.206 -119.87 455 167 390 390 2014 7 4 5 32 7 4 181
11 65 49 38.959 -119.8 456 166 390 390 2014 7 4 5 33 15 4 181
11 65 49 38.836 -119.76 456 166 390 390 2014 7 4 5 34 15 4 181
11 65 49 38.713 -119.73 456 166 390 390 2014 7 4 5 35 6 4 185
11 65 49 38.593 -119.69 452 167 390 390 2014 7 4 5 36 16 4 185
11 65 49 38.471 -119.66 451 167 390 390 2014 7 4 5 37 6 4 185
11 65 49 38.434 -119.64 452 167 390 390 2014 7 4 5 38 15 4 185
11 65 49 38.301 -119.61 447 167 390 390 2014 7 4 5 39 15 4 185
11 65 49 38.181 -119.57 444 167 390 390 2014 7 4 5 40 15 4 185
11 65 49 38.063 -119.54 439 167 390 390 2014 7 4 5 41 6 4 184
11 65 49 37.944 -119.51 437 167 390 390 2014 7 4 5 42 6 4 184
11 65 49 37.828 -119.47 431 167 390 390 2014 7 4 5 43 6 4 184
11 65 49 37.621 -119.42 430 167 390 390 2014 7 4 5 44 15 4 184
11 65 49 37.597 -119.41 428 166 390 390 2014 7 4 5 45 6 4 184
11 65 49 37.397 -119.35 429 168 390 390 2014 7 4 5 46 15 4 187
11 65 49 37.338 -119.33 431 167 390 390 2014 7 4 5 47 16 4 187
11 65 49 37.231 -119.31 431 167 390 390 2014 7 4 5 48 15 4 187
11 65 49 37.116 -119.28 429 167 390 390 2014 7 4 5 49 15 4 187
11 65 49 36.999 -119.24 427 167 390 390 2014 7 4 5 50 16 4 187
11 65 49 36.881 -119.21 429 168 390 390 2014 7 4 5 51 6 4 187
11 65 49 36.764 -119.18 429 167 390 390 2014 7 4 5 52 15 4 187
11 65 49 36.623 -119.14 430 167 390 240 2014 7 4 5 53 15 4 187
11 65 49 36.511 -119.08 440 163 390 240 2014 7 4 5 54 6 4 187
11 65 49 36.399 -119.02 439 155 390 240 2014 7 4 5 55 15 4 187
11 65 49 36.288 -118.96 437 156 390 240 2014 7 4 5 56 6 4 187
11 65 49 36.177 -118.89 437 155 390 240 2014 7 4 5 57 6 4 187
11 65 49 36.065 -118.83 437 156 390 240 2014 7 4 5 58 15 1 53
11 65 49 35.955 -118.77 435 155 382 240 2014 7 4 5 59 19 1 53
11 65 49 35.843 -118.71 435 156 373 240 2014 7 4 6 0 6 1 53
11 65 49 35.729 -118.65 441 156 363 240 2014 7 4 6 1 6 1 53
11 65 49 35.615 -118.59 447 156 353 240 2014 7 4 6 2 15 1 53
11 65 49 35.5 -118.53 448 155 344 240 2014 7 4 6 3 6 1 34
11 65 49 35.376 -118.46 449 156 334 240 2014 7 4 6 4 15 1 34
11 65 49 35.26 -118.4 452 156 330 240 2014 7 4 6 5 16 1 34
11 65 49 35.145 -118.34 452 156 330 240 2014 7 4 6 6 6 1 34
11 65 49 35.03 -118.28 452 156 319 240 2014 7 4 6 7 16 1 34
11 65 49 34.917 -118.22 448 156 297 240 2014 7 4 6 8 15 1 34
11 65 49 34.809 -118.16 431 156 275 240 2014 7 4 6 9 15 1 53
11 65 49 34.684 -118.09 414 156 250 240 2014 7 4 6 10 15 1 53
11 65 49 34.684 -118.09 414 156 250 240 2014 7 4 6 11 6 1 53
11 65 49 34.553 -117.89 392 148 198 240 2014 7 4 6 12 16 1 22
11 65 49 34.502 -117.78 377 128 177 240 2014 7 4 6 13 15 1 22
11 65 49 34.454 -117.68 365 118 158 240 2014 7 4 6 14 15 1 21
11 65 49 34.407 -117.58 349 117 143 240 2014 7 4 6 15 15 1 21
11 65 49 34.37 -117.49 300 119 131 240 2014 7 4 6 16 16 1 21
11 65 49 34.317 -117.38 300 117 108 240 2014 7 4 6 17 16 1 6
11 65 49 34.32 -117.39 298 120 107 240 2014 7 4 6 18 6 1 6
11 65 49 34.2 -117.31 232 168 89 240 2014 7 4 6 19 16 1 6
11 65 49 34.146 -117.3 201 164 73 240 2014 7 4 6 20 16 1 6
11 65 49 34.146 -117.3 201 164 73 240 2014 7 4 6 21 6 1 6
11 65 49 34.101 -117.31 190 195 54 240 2014 7 4 6 22 6 1 6
11 65 49 34.053 -117.41 170 253 36 240 2014 7 4 6 23 16 1 6
11 65 49 34.05 -117.47 161 250 27 240 2014 7 4 6 24 6 1 6
11 65 49 34.05 -117.52 154 273 20 240 2014 7 4 6 25 6 1 6
11 65 49 34.05 -117.55 147 270 14 240 2014 7 4 6 26 6 1 6
11 65 49 34.056 -117.57 155 270 12 240 2014 7 4 6 27 6 1 6
11 65 49 34.056 -117.61 153 270 9 240 2014 7 4 6 28 6 1 6
12 65 49 47.47 -122.31 156 2 17 330 2014 7 4 14 33 6 3 114
12 65 49 47.529 -122.31 213 0 43 330 2014 7 4 14 34 15 3 114
12 65 49 47.599 -122.29 261 9 74 330 2014 7 4 14 35 6 3 114
12 65 49 47.602 -122.18 306 8 103 330 2014 7 4 14 36 6 3 114
12 65 49 47.52 -122.14 320 90 129 330 2014 7 4 14 37 15 3 114
12 65 49 47.427 -122.13 334 128 154 330 2014 7 4 14 38 6 3 137
12 65 49 47.323 -122.11 348 168 182 330 2014 7 4 14 39 6 3 137
12 65 49 47.227 -122.09 348 173 182 330 2014 7 4 14 40 6 3 137
12 65 49 47.119 -122.06 375 173 227 330 2014 7 4 14 41 16 3 137
12 65 49 47.014 -122.03 383 171 247 330 2014 7 4 14 42 6 3 137
12 65 49 46.904 -122 398 168 263 330 2014 7 4 14 43 16 3 137
12 65 49 46.791 -121.96 410 168 281 330 2014 7 4 14 44 15 3 137
12 65 49 46.676 -121.93 421 167 292 330 2014 7 4 14 45 15 3 137
12 65 49 46.556 -121.89 434 168 307 330 2014 7 4 14 46 6 3 137
12 65 49 46.436 -121.86 437 168 320 330 2014 7 4 14 47 16 3 137
12 65 49 46.316 -121.82 439 168 330 330 2014 7 4 14 48 15 3 137
12 65 49 46.197 -121.78 439 168 330 330 2014 7 4 14 49 6 3 137
12 65 49 46.069 -121.75 438 168 330 330 2014 7 4 14 50 16 3 139
12 65 49 45.952 -121.71 431 168 330 330 2014 7 4 14 51 6 3 139
12 65 49 45.835 -121.68 431 168 330 330 2014 7 4 14 52 6 3 139
12 65 49 45.719 -121.64 431 168 330 330 2014 7 4 14 53 6 3 139
12 65 49 45.602 -121.61 431 168 330 330 2014 7 4 14 54 15 3 139
12 65 49 45.487 -121.57 430 168 330 330 2014 7 4 14 55 15 3 139
12 65 49 45.374 -121.54 426 168 330 330 2014 7 4 14 56 6 3 139
12 65 49 45.258 -121.51 426 168 330 330 2014 7 4 14 57 6 3 139
12 65 49 45.144 -121.47 425 168 330 330 2014 7 4 14 58 16 3 139
12 65 49 45.144 -121.47 425 168 330 330 2014 7 4 14 59 6 3 139
12 65 49 44.894 -121.4 423 168 330 330 2014 7 4 15 0 15 3 139
12 65 49 44.894 -121.4 423 168 330 330 2014 7 4 15 1 6 3 139
12 65 49 44.796 -121.38 423 168 330 330 2014 7 4 15 2 15 3 139
12 65 49 44.546 -121.31 418 168 330 330 2014 7 4 15 3 6 3 139
12 65 49 44.434 -121.27 418 168 330 330 2014 7 4 15 4 15 3 139
12 65 49 44.326 -121.24 418 168 330 330 2014 7 4 15 5 6 3 139
12 65 49 44.213 -121.21 418 168 330 330 2014 7 4 15 6 6 3 139
12 65 49 44.211 -121.21 421 168 330 330 2014 7 4 15 7 16 3 139
12 65 49 44.096 -121.18 422 168 330 330 2014 7 4 15 8 6 3 142
12 65 49 43.863 -121.11 431 168 330 330 2014 7 4 15 9 15 3 142
12 65 49 43.747 -121.08 431 168 330 330 2014 7 4 15 10 15 3 142
12 65 49 43.631 -121.05 430 168 330 330 2014 7 4 15 11 15 3 142
12 65 49 43.494 -121.02 429 169 330 330 2014 7 4 15 12 18 3 142
12 65 49 43.494 -121.02 429 169 330 330 2014 7 4 15 13 6 3 142
12 65 49 43.376 -120.98 429 169 330 330 2014 7 4 15 14 15 3 142
12 65 49 43.258 -120.95 430 169 330 330 2014 7 4 15 15 6 3 142
12 65 49 43.139 -120.92 431 168 330 330 2014 7 4 15 16 6 3 142
12 65 49 43.02 -120.89 432 168 330 330 2014 7 4 15 17 6 3 142
12 65 49 42.858 -120.85 432 170 330 330 2014 7 4 15 18 6 3 142
12 65 49 42.74 -120.82 432 169 330 330 2014 7 4 15 19 15 3 142
12 65 49 42.621 -120.8 432 170 330 330 2014 7 4 15 20 6 3 142
12 65 49 42.503 -120.77 432 169 330 330 2014 7 4 15 21 15 3 142
12 65 49 42.309 -120.72 431 169 330 330 2014 7 4 15 22 16 3 142
12 65 49 42.262 -120.71 436 170 330 330 2014 7 4 15 23 6 3 142
12 65 49 42.141 -120.68 439 169 330 330 2014 7 4 15 24 6 3 142
12 65 49 42.021 -120.65 439 170 330 330 2014 7 4 15 25 15 3 142
12 65 49 41.875 -120.62 439 169 330 330 2014 7 4 15 26 6 3 142
12 65 49 41.753 -120.59 440 170 330 330 2014 7 4 15 27 15 3 142
12 65 49 41.68 -120.57 440 169 330 330 2014 7 4 15 28 6 3 142
12 65 49 41.511 -120.53 441 171 330 330 2014 7 4 15 29 16 3 142
12 65 49 41.389 -120.5 440 170 330 330 2014 7 4 15 30 6 3 142
12 65 49 41.268 -120.48 441 169 330 330 2014 7 4 15 31 6 3 142
12 65 49 41.196 -120.46 439 170 330 330 2014 7 4 15 32 6 3 142
12 65 49 41.074 -120.43 439 170 330 330 2014 7 4 15 33 6 3 142
12 65 49 40.905 -120.38 443 169 330 330 2014 7 4 15 34 16 4 181
12 65 49 40.785 -120.35 445 166 330 330 2014 7 4 15 35 15 4 181
12 65 49 40.664 -120.31 444 166 330 330 2014 7 4 15 36 6 4 181
12 65 49 40.541 -120.27 445 165 330 330 2014 7 4 15 37 6 4 181
12 65 49 40.397 -120.23 444 167 330 330 2014 7 4 15 38 16 4 181
12 65 49 40.351 -120.21 444 167 330 330 2014 7 4 15 39 6 4 181
12 65 49 40.227 -120.18 448 167 330 330 2014 7 4 15 40 15 4 181
12 65 49 40.106 -120.14 448 166 330 330 2014 7 4 15 41 6 4 181
12 65 49 40.034 -120.12 445 166 330 330 2014 7 4 15 42 6 4 181
12 65 49 39.912 -120.08 447 166 330 330 2014 7 4 15 43 6 4 181
12 65 49 39.672 -120.01 447 167 330 330 2014 7 4 15 44 15 4 181
12 65 49 39.672 -120.01 447 167 330 330 2014 7 4 15 45 6 4 181
12 65 49 39.551 -119.97 445 166 330 330 2014 7 4 15 46 16 4 181
12 65 49 39.432 -119.94 445 166 330 330 2014 7 4 15 47 16 4 181
12 65 49 39.288 -119.9 445 166 330 330 2014 7 4 15 48 6 4 181
12 65 49 39.168 -119.86 445 166 330 330 2014 7 4 15 49 16 4 181
12 65 49 39.048 -119.82 445 167 330 330 2014 7 4 15 50 6 4 181
12 65 49 38.939 -119.79 445 167 330 330 2014 7 4 15 51 6 4 181
12 65 49 38.809 -119.76 444 167 330 330 2014 7 4 15 52 16 4 181
12 65 49 38.655 -119.71 445 167 330 330 2014 7 4 15 53 6 4 185
12 65 49 38.531 -119.67 445 167 330 330 2014 7 4 15 54 15 4 185
12 65 49 38.411 -119.64 442 167 330 330 2014 7 4 15 55 6 4 185
12 65 49 38.269 -119.6 442 167 330 330 2014 7 4 15 56 15 4 185
12 65 49 38.147 -119.56 443 167 330 330 2014 7 4 15 57 6 4 184
12 65 49 38.027 -119.53 443 167 330 330 2014 7 4 15 58 6 4 184
12 65 49 37.907 -119.5 442 167 330 330 2014 7 4 15 59 16 4 184
12 65 49 37.788 -119.46 441 167 330 330 2014 7 4 16 0 6 4 184
12 65 49 37.671 -119.43 437 167 330 330 2014 7 4 16 1 15 4 184
12 65 49 37.527 -119.39 440 167 330 330 2014 7 4 16 2 15 4 184
12 65 49 37.409 -119.35 440 167 330 330 2014 7 4 16 3 6 4 187
12 65 49 37.283 -119.32 439 167 330 330 2014 7 4 16 4 6 4 187
12 65 49 37.169 -119.29 437 167 330 330 2014 7 4 16 5 15 4 187
12 65 49 37.051 -119.26 436 167 330 330 2014 7 4 16 6 6 4 187
12 65 49 36.982 -119.24 432 166 330 330 2014 7 4 16 7 6 4 187
12 65 49 36.864 -119.21 431 167 330 330 2014 7 4 16 8 6 4 187
12 65 49 36.746 -119.17 432 167 330 330 2014 7 4 16 9 6 4 187
12 65 49 36.629 -119.14 432 167 330 330 2014 7 4 16 10 6 4 187
12 65 49 36.512 -119.11 430 167 330 330 2014 7 4 16 11 6 4 187
12 65 49 36.324 -119.05 432 167 330 330 2014 7 4 16 12 15 4 187
12 65 49 36.283 -119.03 426 164 330 240 2014 7 4 16 13 15 4 187
12 65 49 36.171 -118.96 434 153 330 240 2014 7 4 16 14 6 4 187
12 65 49 36.04 -118.88 435 153 330 240 2014 7 4 16 15 16 1 53
12 65 49 35.93 -118.82 435 154 330 240 2014 7 4 16 16 6 1 53
12 65 49 35.82 -118.75 439 154 330 240 2014 7 4 16 17 15 1 53
12 65 49 35.751 -118.71 436 153 330 240 2014 7 4 16 18 6 1 53
12 65 49 35.601 -118.62 434 153 330 240 2014 7 4 16 19 15 1 53
12 65 49 35.492 -118.56 434 154 330 240 2014 7 4 16 20 6 1 34
12 65 49 35.383 -118.5 434 154 330 240 2014 7 4 16 21 6 1 34
12 65 49 35.273 -118.43 436 154 330 240 2014 7 4 16 22 16 1 34
12 65 49 35.161 -118.37 438 154 330 240 2014 7 4 16 23 6 1 34
12 65 49 35.089 -118.33 439 154 314 240 2014 7 4 16 24 15 1 34
12 65 49 34.957 -118.25 440 155 280 240 2014 7 4 16 25 15 1 34
12 65 49 34.85 -118.19 430 154 254 240 2014 7 4 16 26 15 1 34
12 65 49 34.746 -118.13 419 154 240 240 2014 7 4 16 27 6 1 53
12 65 49 34.645 -118.07 409 155 233 240 2014 7 4 16 28 16 1 22
12 65 49 34.584 -117.96 391 154 218 240 2014 7 4 16 29 6 1 22
12 65 49 34.534 -117.85 376 139 197 240 2014 7 4 16 30 16 1 22
12 65 49 34.476 -117.73 367 120 171 240 2014 7 4 16 31 6 1 22
12 65 49 34.427 -117.62 359 118 149 240 2014 7 4 16 32 16 1 21
12 65 49 34.38 -117.52 332 115 138 240 2014 7 4 16 33 6 1 21
12 65 49 34.337 -117.42 306 125 121 240 2014 7 4 16 34 16 1 21
12 65 49 34.291 -117.34 299 115 103 240 2014 7 4 16 35 15 1 6
12 65 49 34.233 -117.32 278 124 93 240 2014 7 4 16 36 6 1 6
12 65 49 34.155 -117.3 238 164 81 240 2014 7 4 16 37 16 1 6
12 65 49 34.117 -117.3 230 166 68 240 2014 7 4 16 38 6 1 6
12 65 49 34.067 -117.35 219 192 49 240 2014 7 4 16 39 6 1 6
12 65 49 34.05 -117.42 213 228 36 240 2014 7 4 16 40 7 1 6
12 65 49 34.056 -117.51 192 270 22 240 2014 7 4 16 41 15 1 6
12 65 49 34.056 -117.56 181 270 17 240 2014 7 4 16 42 16 1 6
12 65 49 34.056 -117.56 181 270 17 240 2014 7 4 16 43 6 1 6
