1 65 65 47.408 -122.31 182 175 19 360 2014 7 3 22 31 6 3 114
1 65 65 47.347 -122.31 216 176 39 360 2014 7 3 22 32 6 3 114
1 65 65 47.312 -122.39 239 181 64 360 2014 7 3 22 33 6 3 114
1 65 65 47.328 -122.5 265 211 88 360 2014 7 3 22 34 6 3 114
1 65 65 47.385 -122.58 285 278 106 360 2014 7 3 22 35 6 3 114
1 65 65 47.455 -122.67 342 300 116 360 2014 7 3 22 36 6 3 114
1 65 65 47.534 -122.77 377 317 137 360 2014 7 3 22 37 6 3 114
1 65 65 47.61 -122.87 391 315 157 360 2014 7 3 22 38 6 3 146
1 65 65 47.68 -123 404 316 179 360 2014 7 3 22 39 6 3 146
1 65 65 47.738 -123.14 394 299 200 360 2014 7 3 22 40 6 3 146
1 65 65 47.812 -123.31 416 303 219 360 2014 7 3 22 41 6 3 146
1 65 65 47.877 -123.46 425 296 237 360 2014 7 3 22 42 6 3 146
1 65 65 47.979 -123.57 445 316 251 360 2014 7 3 22 43 6 3 146
1 65 65 48.091 -123.68 462 322 266 360 2014 7 3 22 44 6 3 146
1 65 65 48.197 -123.79 464 330 281 360 2014 7 3 22 45 6 3 146
1 65 65 48.253 -123.95 435 313 296 360 2014 7 3 22 46 6 3 146
1 65 65 48.362 -124.04 452 309 308 360 2014 7 3 22 47 6 0 0
1 65 65 48.469 -124.14 452 331 320 360 2014 7 3 22 48 6 0 0
1 65 65 48.5 -124.18 450 329 326 360 2014 7 3 22 49 6 0 0
1 65 65 48.6 -124.28 450 330 338 360 2014 7 3 22 50 6 0 0
1 65 65 48.7 -124.35 450 323 348 360 2014 7 3 22 51 8 0 0
1 65 65 48.817 -124.47 440 331 356 360 2014 7 3 22 52 6 0 0
1 65 65 48.933 -124.57 440 330 360 360 2014 7 3 22 53 6 0 0
1 65 65 49.033 -124.67 450 328 360 360 2014 7 3 22 54 6 0 0
1 65 65 49.15 -124.75 450 329 360 360 2014 7 3 22 55 6 0 0
1 65 65 49.25 -124.85 440 331 360 360 2014 7 3 22 56 6 0 0
1 65 65 49.35 -124.95 440 331 360 360 2014 7 3 22 57 6 0 0
1 65 65 49.467 -125.03 440 326 360 360 2014 7 3 22 58 6 0 0
1 65 65 49.567 -125.13 440 331 360 360 2014 7 3 22 59 6 0 0
1 65 65 49.667 -125.25 440 331 360 360 2014 7 3 23 1 6 0 0
1 65 65 49.667 -125.25 440 331 360 360 2014 7 3 23 1 6 0 0
1 65 65 49.917 -125.12 510 326 355 350 2014 7 3 23 2 6 0 0
1 65 65 49.933 -124.92 530 1 350 350 2014 7 3 23 3 6 0 0
1 65 65 49.85 -124.75 500 38 350 350 2014 7 3 23 4 6 0 0
1 65 65 49.733 -124.63 480 105 350 350 2014 7 3 23 5 6 0 0
1 65 65 49.633 -124.52 470 139 350 350 2014 7 3 23 6 6 0 0
1 65 65 49.533 -124.38 470 145 350 350 2014 7 3 23 7 6 0 0
1 65 65 49.388 -124.21 474 144 350 350 2014 7 3 23 8 6 0 0
1 65 65 49.283 -124.09 473 138 350 350 2014 7 3 23 9 6 0 0
1 65 65 49.178 -123.97 473 142 350 350 2014 7 3 23 10 6 0 0
1 65 65 49.071 -123.86 473 150 349 350 2014 7 3 23 11 6 0 0
1 65 65 48.965 -123.74 469 138 332 350 2014 7 3 23 12 6 0 0
1 65 65 48.883 -123.7 460 144 317 350 2014 7 3 23 13 6 0 0
1 65 65 48.783 -123.57 470 144 285 350 2014 7 3 23 14 6 0 0
1 65 65 48.616 -123.39 473 146 238 350 2014 7 3 23 15 6 0 146
1 65 65 48.509 -123.28 467 146 212 350 2014 7 3 23 16 6 0 146
1 65 65 48.467 -123.27 450 147 207 350 2014 7 3 23 17 6 0 146
1 65 65 48.314 -123.1 421 146 170 350 2014 7 3 23 18 6 3 146
1 65 65 48.221 -123.02 371 146 160 350 2014 7 3 23 19 6 3 146
1 65 65 48.149 -122.95 308 151 155 350 2014 7 3 23 20 6 3 146
1 65 65 48.104 -122.91 314 161 146 350 2014 7 3 23 21 6 3 146
1 65 65 48.024 -122.84 339 150 136 350 2014 7 3 23 22 6 3 146
1 65 65 47.945 -122.77 332 154 126 350 2014 7 3 23 23 6 3 114
1 65 65 47.867 -122.7 328 143 117 350 2014 7 3 23 24 6 3 114
1 65 65 47.784 -122.62 326 147 106 350 2014 7 3 23 25 6 3 114
1 65 65 47.667 -122.51 305 147 86 350 2014 7 3 23 26 6 3 114
1 65 65 47.638 -122.49 288 136 77 350 2014 7 3 23 27 6 3 114
1 65 65 47.564 -122.45 273 150 66 350 2014 7 3 23 28 6 3 114
1 65 65 47.489 -122.44 269 175 56 350 2014 7 3 23 29 6 3 114
1 65 65 47.417 -122.44 262 176 45 350 2014 7 3 23 30 6 3 114
1 65 65 47.357 -122.42 231 177 27 350 2014 7 3 23 31 6 3 114
1 65 65 47.36 -122.32 202 111 22 350 2014 7 3 23 32 6 3 114
1 65 65 47.402 -122.31 151 44 10 350 2014 7 3 23 33 6 3 114
1 65 65 47.428 -122.31 159 12 5 350 2014 7 3 23 34 6 3 114
2 65 65 47.364 -122.31 213 176 31 340 2014 7 3 2 11 6 3 114
2 65 65 47.342 -122.31 220 179 41 340 2014 7 3 2 12 6 3 114
2 65 65 47.309 -122.48 281 242 66 340 2014 7 3 2 13 15 3 114
2 65 65 47.31 -122.51 271 265 68 340 2014 7 3 2 14 6 3 114
2 65 65 47.312 -122.63 271 269 89 340 2014 7 3 2 15 16 3 114
2 65 65 47.314 -122.75 283 263 108 340 2014 7 3 2 16 6 3 114
2 65 65 47.286 -122.87 327 271 123 340 2014 7 3 2 17 6 3 114
2 65 65 47.252 -123.01 354 261 139 340 2014 7 3 2 18 15 3 147
2 65 65 47.205 -123.14 373 219 159 340 2014 7 3 2 19 6 3 147
2 65 65 47.146 -123.27 379 246 179 340 2014 7 3 2 20 6 3 147
2 65 65 47.082 -123.42 385 239 196 340 2014 7 3 2 21 6 3 147
2 65 65 47.02 -123.55 398 236 214 340 2014 7 3 2 22 16 3 147
2 65 65 46.958 -123.69 402 236 229 340 2014 7 3 2 23 15 3 147
2 65 65 46.894 -123.83 410 236 241 340 2014 7 3 2 24 6 3 147
2 65 65 46.838 -123.95 420 236 251 340 2014 7 3 2 25 16 3 147
2 65 65 46.759 -124.13 427 236 264 340 2014 7 3 2 26 6 3 147
2 65 65 46.691 -124.27 431 236 273 340 2014 7 3 2 27 6 3 147
2 65 65 46.622 -124.42 435 236 284 340 2014 7 3 2 28 6 3 147
2 65 65 46.554 -124.56 435 235 295 340 2014 7 3 2 29 16 3 147
2 65 65 46.488 -124.71 432 235 307 340 2014 7 3 2 30 16 3 147
2 65 65 46.422 -124.85 428 236 317 340 2014 7 3 2 31 6 3 147
2 65 65 46.352 -125 423 235 327 340 2014 7 3 2 32 16 3 147
2 65 65 46.286 -125.13 420 235 335 340 2014 7 3 2 33 15 3 136
2 65 65 46.221 -125.27 419 235 339 340 2014 7 3 2 34 6 3 136
2 65 65 46.153 -125.41 424 235 340 340 2014 7 3 2 35 16 3 136
2 65 65 46.086 -125.55 424 235 340 340 2014 7 3 2 36 6 3 136
2 65 65 46.018 -125.69 425 235 340 340 2014 7 3 2 37 6 3 136
2 65 65 45.951 -125.83 425 235 340 340 2014 7 3 2 38 15 3 136
2 65 65 45.884 -125.96 421 234 340 340 2014 7 3 2 39 15 3 136
2 65 65 45.816 -126.1 421 234 340 340 2014 7 3 2 40 6 3 136
2 65 65 45.748 -126.24 419 234 340 340 2014 7 3 2 41 6 3 136
2 65 65 45.666 -126.4 420 234 340 340 2014 7 3 2 42 6 3 136
2 65 65 45.599 -126.53 420 234 340 340 2014 7 3 2 43 16 3 136
2 65 65 45.532 -126.67 420 234 340 340 2014 7 3 2 44 16 3 136
2 65 65 45.464 -126.8 420 234 340 340 2014 7 3 2 45 16 0 0
2 65 65 45.397 -126.94 420 234 340 340 2014 7 3 2 46 15 0 0
2 65 65 45.329 -127.07 420 234 340 340 2014 7 3 2 47 6 0 0
2 65 65 45.261 -127.21 420 234 340 340 2014 7 3 2 48 15 0 0
2 65 65 45.193 -127.34 420 234 340 340 2014 7 3 2 49 15 0 0
2 65 65 45.125 -127.47 420 234 340 340 2014 7 3 2 50 6 0 0
2 65 65 45.5 -126.72 420 234 340 340 2014 7 3 2 51 6 0 0
2 65 65 45.432 -126.85 420 234 340 340 2014 7 3 2 52 6 0 0
2 65 65 45.365 -126.99 420 234 340 340 2014 7 3 2 53 15 0 0
2 65 65 45.297 -127.12 420 234 340 340 2014 7 3 2 54 6 0 0
2 65 65 45.229 -127.26 420 234 340 340 2014 7 3 2 55 6 0 0
2 65 65 45.161 -127.39 420 234 340 340 2014 7 3 2 56 15 0 0
2 65 65 45.093 -127.52 420 234 340 340 2014 7 3 2 57 6 0 0
2 65 65 45.025 -127.66 420 233 340 340 2014 7 3 2 58 16 0 0
2 65 65 44.956 -127.79 420 233 340 340 2014 7 3 2 59 7 0 0
2 65 65 44.888 -127.92 420 233 340 340 2014 7 3 3 0 16 0 0
2 65 65 44.819 -128.05 420 233 340 340 2014 7 3 3 1 6 0 0
2 65 65 44.75 -128.19 420 233 340 340 2014 7 3 3 2 6 0 0
2 65 65 44.681 -128.32 420 233 340 340 2014 7 3 3 3 6 0 0
2 65 65 44.611 -128.45 420 233 340 340 2014 7 3 3 4 6 0 0
2 65 65 44.542 -128.58 420 233 340 340 2014 7 3 3 5 6 0 0
2 65 65 44.472 -128.71 420 233 340 340 2014 7 3 3 6 6 0 0
2 65 65 44.403 -128.84 420 233 340 340 2014 7 3 3 7 6 0 0
2 65 65 44.333 -128.97 420 233 340 340 2014 7 3 3 8 16 0 0
2 65 65 44.263 -129.1 420 232 340 340 2014 7 3 3 9 16 0 0
2 65 65 44.193 -129.23 420 232 340 340 2014 7 3 3 10 16 0 0
2 65 65 44.122 -129.36 420 232 340 340 2014 7 3 3 11 6 0 0
2 65 65 44.052 -129.49 420 232 340 340 2014 7 3 3 12 16 0 0
2 65 65 43.981 -129.62 420 232 340 340 2014 7 3 3 13 15 0 0
2 65 65 43.91 -129.74 420 232 340 340 2014 7 3 3 14 16 0 0
2 65 65 43.839 -129.87 420 232 340 340 2014 7 3 3 15 6 0 0
2 65 65 43.768 -130 420 232 340 340 2014 7 3 3 16 6 0 0
2 65 65 43.697 -130.13 420 232 340 340 2014 7 3 3 17 15 0 0
2 65 65 43.767 -130 420 52 340 340 2014 7 3 3 18 15 0 0
2 65 65 43.837 -129.87 420 52 340 340 2014 7 3 3 19 6 0 0
2 65 65 43.907 -129.74 420 53 340 340 2014 7 3 3 20 6 0 0
2 65 65 43.977 -129.61 420 53 340 340 2014 7 3 3 21 6 0 0
2 65 65 44.046 -129.48 420 53 340 340 2014 7 3 3 22 16 0 0
2 65 65 44.116 -129.35 420 53 340 240 2014 7 3 3 23 6 0 0
2 65 65 44.185 -129.22 420 53 340 240 2014 7 3 3 24 15 0 0
2 65 65 44.254 -129.09 420 53 340 240 2014 7 3 3 25 16 0 0
2 65 65 44.323 -128.96 420 53 340 240 2014 7 3 3 26 16 0 0
2 65 65 44.392 -128.83 420 53 340 240 2014 7 3 3 27 6 0 0
2 65 65 45.5 -126.72 420 53 240 240 2014 7 3 3 28 6 0 0
2 65 65 45.565 -126.58 420 55 240 240 2014 7 3 3 29 6 3 136
2 65 65 45.631 -126.44 420 55 240 240 2014 7 3 3 30 6 3 136
2 65 65 45.695 -126.3 420 56 240 240 2014 7 3 3 31 6 3 136
2 65 65 45.76 -126.17 420 56 240 240 2014 7 3 3 32 6 3 136
2 65 65 45.825 -126.03 420 56 240 240 2014 7 3 3 33 6 3 136
2 65 65 45.889 -125.89 420 56 240 240 2014 7 3 3 34 16 3 136
2 65 65 45.954 -125.75 420 56 240 240 2014 7 3 3 35 16 3 136
2 65 65 46.017 -125.61 420 56 240 240 2014 7 3 3 36 6 3 136
2 65 65 46.082 -125.47 420 56 240 240 2014 7 3 3 37 15 3 136
2 65 65 46.145 -125.33 420 56 240 240 2014 7 3 3 38 15 3 136
2 65 65 46.209 -125.19 420 56 240 240 2014 7 3 3 39 15 3 136
2 65 65 46.272 -125.05 420 56 240 240 2014 7 3 3 40 15 3 136
2 65 65 46.336 -124.91 420 57 240 240 2014 7 3 3 41 6 3 147
2 65 65 46.399 -124.76 420 57 240 240 2014 7 3 3 42 16 3 147
2 65 65 46.461 -124.62 420 57 240 240 2014 7 3 3 43 15 3 147
2 65 65 46.524 -124.48 420 57 240 240 2014 7 3 3 44 16 3 147
2 65 65 46.586 -124.34 420 57 240 240 2014 7 3 3 45 6 3 147
2 65 65 46.649 -124.19 420 57 240 240 2014 7 3 3 46 16 3 147
2 65 65 46.711 -124.05 420 57 240 240 2014 7 3 3 47 16 3 147
2 65 65 46.773 -123.91 420 57 240 240 2014 7 3 3 48 15 3 147
2 65 65 46.834 -123.76 420 57 240 240 2014 7 3 3 49 15 3 147
2 65 65 44.965 -127.53 501 56 240 240 2014 7 3 3 50 15 0 0
2 65 65 45.056 -127.39 501 227 240 240 2014 7 3 3 51 15 0 0
2 65 65 45.147 -127.24 501 222 240 240 2014 7 3 3 52 16 0 0
2 65 65 45.253 -127.06 499 50 240 240 2014 7 3 3 53 15 0 0
2 65 65 45.253 -127.06 499 50 240 240 2014 7 3 3 54 6 0 0
2 65 65 45.433 -126.76 499 49 240 240 2014 7 3 3 55 15 0 0
2 65 65 45.522 -126.61 499 49 240 240 2014 7 3 3 56 6 3 136
2 65 65 45.612 -126.45 500 49 240 240 2014 7 3 3 57 15 3 136
2 65 65 45.701 -126.3 500 49 240 240 2014 7 3 3 58 15 3 136
2 65 65 45.79 -126.15 500 49 240 240 2014 7 3 3 59 15 3 136
2 65 65 45.879 -126 499 49 240 240 2014 7 3 4 0 16 3 136
2 65 65 45.954 -125.83 499 57 240 240 2014 7 3 4 1 16 3 136
2 65 65 45.969 -125.84 504 52 240 240 2014 7 3 4 2 6 3 136
2 65 65 46.149 -125.53 507 49 240 240 2014 7 3 4 3 15 3 136
2 65 65 46.223 -125.36 507 58 240 240 2014 7 3 4 4 16 3 136
2 65 65 46.329 -125.21 507 50 240 240 2014 7 3 4 5 16 3 136
2 65 65 46.329 -125.21 507 50 240 240 2014 7 3 4 6 6 3 136
2 65 65 46.416 -125.02 504 50 240 240 2014 7 3 4 7 6 3 147
2 65 65 46.487 -124.63 503 65 240 240 2014 7 3 4 8 15 3 147
2 65 65 46.522 -124.44 500 74 240 240 2014 7 3 4 9 15 3 147
2 65 65 46.597 -124.27 500 56 240 240 2014 7 3 4 10 16 3 147
2 65 65 46.556 -124.24 502 69 240 240 2014 7 3 4 11 6 3 147
2 65 65 46.59 -124.05 501 75 240 240 2014 7 3 4 12 6 3 147
2 65 65 46.629 -123.82 503 68 240 240 2014 7 3 4 13 15 3 147
2 65 65 46.661 -123.62 504 75 240 240 2014 7 3 4 14 16 3 147
2 65 65 46.69 -123.43 503 76 239 240 2014 7 3 4 15 6 3 147
2 65 65 46.715 -123.24 482 77 230 240 2014 7 3 4 16 6 3 147
2 65 65 46.761 -122.9 433 77 192 240 2014 7 3 4 17 16 3 147
2 65 65 46.765 -122.88 423 78 190 240 2014 7 3 4 18 16 3 147
2 65 65 46.798 -122.72 423 71 173 240 2014 7 3 4 19 6 3 147
2 65 65 46.885 -122.63 394 39 157 240 2014 7 3 4 20 16 3 147
2 65 65 46.99 -122.59 358 13 143 240 2014 7 3 4 21 6 3 114
2 65 65 47.08 -122.57 352 9 128 240 2014 7 3 4 22 16 3 114
2 65 65 47.195 -122.54 335 10 114 240 2014 7 3 4 23 16 3 114
2 65 65 47.277 -122.52 312 9 102 240 2014 7 3 4 24 16 3 114
2 65 65 47.356 -122.5 307 10 99 240 2014 7 3 4 25 16 3 114
2 65 65 47.439 -122.47 308 9 84 240 2014 7 3 4 26 6 3 114
2 65 65 47.534 -122.46 299 10 70 240 2014 7 3 4 27 6 3 114
2 65 65 47.601 -122.45 287 357 59 240 2014 7 3 4 28 6 3 114
2 65 65 47.682 -122.43 243 8 51 240 2014 7 3 4 29 6 3 114
2 65 65 47.685 -122.34 197 76 40 240 2014 7 3 4 30 15 3 114
2 65 65 47.645 -122.31 175 134 31 240 2014 7 3 4 31 15 3 114
2 65 65 47.588 -122.31 178 178 28 240 2014 7 3 4 32 6 3 114
2 65 65 47.537 -122.31 178 180 19 240 2014 7 3 4 33 15 3 114
2 65 65 47.497 -122.31 159 180 12 240 2014 7 3 4 34 15 3 114
2 65 65 47.461 -122.31 156 181 5 240 2014 7 3 4 35 15 3 114
3 65 65 47.476 -122.31 179 0 16 350 2014 7 4 19 4 15 3 114
3 65 65 47.534 -122.31 214 3 33 350 2014 7 4 19 5 16 3 114
3 65 65 47.599 -122.29 258 0 54 350 2014 7 4 19 6 6 3 114
3 65 65 47.599 -122.19 277 4 78 350 2014 7 4 19 7 16 3 114
3 65 65 47.56 -122.08 292 79 101 350 2014 7 4 19 8 16 3 114
3 65 65 47.513 -121.95 343 105 113 350 2014 7 4 19 9 15 3 114
3 65 65 47.483 -121.79 397 118 127 350 2014 7 4 19 10 6 3 114
3 65 65 47.454 -121.63 418 111 149 350 2014 7 4 19 11 6 3 114
3 65 65 47.423 -121.46 428 105 171 350 2014 7 4 19 12 6 3 138
3 65 65 47.388 -121.27 434 104 187 350 2014 7 4 19 13 6 3 138
3 65 65 47.356 -121.11 424 105 190 350 2014 7 4 19 14 6 3 138
3 65 65 47.33 -120.97 359 105 190 350 2014 7 4 19 15 16 3 138
3 65 65 47.306 -120.84 334 105 190 350 2014 7 4 19 16 15 3 138
3 65 65 47.264 -120.75 315 105 190 350 2014 7 4 19 17 16 3 138
3 65 65 47.194 -120.79 297 113 190 350 2014 7 4 19 18 6 3 148
3 65 65 47.183 -120.93 291 125 178 350 2014 7 4 19 19 16 3 148
3 65 65 47.17 -121.05 294 236 171 350 2014 7 4 19 20 16 3 148
3 65 65 47.155 -121.17 299 262 158 350 2014 7 4 19 21 15 3 148
3 65 65 47.139 -121.3 301 259 143 350 2014 7 4 19 22 6 3 148
3 65 65 47.135 -121.42 293 259 128 350 2014 7 4 19 23 6 3 148
3 65 65 47.136 -121.52 287 269 118 350 2014 7 4 19 24 6 3 148
3 65 65 47.138 -121.66 280 270 101 350 2014 7 4 19 25 15 3 148
3 65 65 47.137 -121.77 278 268 86 350 2014 7 4 19 26 6 3 114
3 65 65 47.137 -121.88 273 269 74 350 2014 7 4 19 27 16 3 114
3 65 65 47.149 -121.98 255 271 70 350 2014 7 4 19 28 16 3 114
3 65 65 47.161 -122.08 239 279 70 350 2014 7 4 19 29 6 3 114
3 65 65 47.171 -122.18 239 279 64 350 2014 7 4 19 30 6 3 114
3 65 65 47.18 -122.27 238 278 60 350 2014 7 4 19 31 6 3 114
3 65 65 47.185 -122.36 242 275 60 350 2014 7 4 19 32 16 3 114
3 65 65 47.171 -122.46 239 274 60 350 2014 7 4 19 33 15 3 114
3 65 65 47.12 -122.51 240 224 60 350 2014 7 4 19 34 6 3 114
3 65 65 47.073 -122.46 252 155 60 350 2014 7 4 19 35 16 3 114
3 65 65 47.076 -122.37 240 88 59 350 2014 7 4 19 36 16 3 114
3 65 65 47.117 -122.31 194 49 51 350 2014 7 4 19 37 6 3 114
3 65 65 47.172 -122.31 195 7 47 350 2014 7 4 19 38 6 3 114
3 65 65 47.226 -122.31 196 358 41 350 2014 7 4 19 39 15 3 114
3 65 65 47.271 -122.31 194 359 32 350 2014 7 4 19 40 15 3 114
3 65 65 47.315 -122.31 176 0 26 350 2014 7 4 19 41 6 3 114
3 65 65 47.361 -122.31 165 0 16 350 2014 7 4 19 42 6 3 114
3 65 65 47.422 -122.31 169 0 5 350 2014 7 4 19 43 16 3 114
3 65 65 47.469 -122.31 169 0 3 350 2014 7 4 19 44 16 3 114
3 65 65 47.476 -122.24 169 81 3 350 2014 7 4 19 45 16 3 114
3 65 65 47.476 -122.24 169 81 3 350 2014 7 4 19 46 6 3 114
