0 26.453 27.279 23.379 75.624 20.865 19.424 14.899 24.842 176.3 26.329 23.299 18.391 14.198 18.034 19.556 18.588 19.993 150.47 10.602 20.861 30.719 55.204 48.648 15.733 25.27 19.879 31.739
0 0 28.092 16.921 68.707 14.414 26.762 27.483 38.51 176.53 29.663 29.97 24.923 27.813 31.754 28.31 25.431 17.8 150.29 27.07 27.689 15.633 48.048 48.883 28.207 29.557 29.351 31.161
0 0 0 28.535 65.922 28.174 37.997 27.733 38.905 184.72 30.03 30.163 24.972 27.863 33.528 28.598 27.995 28.273 157.76 27.844 27.938 20.065 46.002 73.074 28.488 29.725 29.505 14.999
0 0 0 0 66.819 16.934 23.702 24.456 35.223 176.29 27.091 27.348 21.769 24.68 28.36 25.321 22.304 18.996 150.45 24.025 24.672 21.593 45.007 48.2 25.212 26.503 26.288 32.983
0 0 0 0 0 69.709 69.152 68.374 81.806 139.15 75.486 74.576 71.374 69.5 77.662 66.794 66.127 69.216 127.61 75.341 66.93 69.598 38.672 91.384 70.468 69.216 68.597 65.953
0 0 0 0 0 0 22.551 21.97 38.388 176.24 26.215 28.248 22.088 24.097 32.958 22.855 23.722 18.239 150.25 21.528 23.464 15.799 49.358 52.247 22.744 24.69 23.737 30.936
0 0 0 0 0 0 0 17.339 34.898 167.98 37.574 33.685 27.485 14.661 25.996 23.596 16.876 22.627 148.42 21.251 22.565 31.044 48.694 50.77 19.56 35.745 22.843 42.757
0 0 0 0 0 0 0 0 23.615 176.4 26.514 25.006 18.328 16.201 15.831 17.963 15.815 20.767 150.81 16.816 15.457 31.805 49.233 49.908 15.276 25.324 16.846 31.477
0 0 0 0 0 0 0 0 0 176.41 17.039 22.611 16.899 24.046 15.384 21.717 25.681 37.998 150.59 25.922 16.835 37.738 58.419 68.365 23.615 16.573 21.102 32.858
0 0 0 0 0 0 0 0 0 0 176.63 176.48 176.76 176.83 176.63 178.2 176.12 176.31 140.82 176.24 176.55 176.56 152.42 175.26 176.34 176.79 179.18 176.49
0 0 0 0 0 0 0 0 0 0 0 26.763 13.65 26.674 17.667 23.852 28.257 27.536 150.35 28.662 20.113 34.091 55.354 71.934 27.389 12.057 18.784 24.788
0 0 0 0 0 0 0 0 0 0 0 0 22.563 23.517 19.376 25.559 24.756 28.068 150.73 24.689 20.529 34.274 54.199 68.041 24.401 18.026 25.882 26.18
0 0 0 0 0 0 0 0 0 0 0 0 0 19.787 11.918 16.37 21.23 21.589 150.36 19.692 17.275 29.094 51.829 61.064 17.452 16.11 16.89 25.27
0 0 0 0 0 0 0 0 0 0 0 0 0 0 15.808 15.774 16.277 24.048 150.44 16.706 17.502 32 49.056 49.277 12.427 24.952 17.087 31.277
0 0 0 0 0 0 0 0 0 0 0 0 0 0 0 18.587 20.03 32.919 150.26 19.914 15.276 32.574 51.29 57.944 19.421 15.46 15.359 28.146
0 0 0 0 0 0 0 0 0 0 0 0 0 0 0 0 21.563 21.646 151.52 18.89 24.287 32.675 45.176 51.915 14.147 21.333 24.442 30.837
0 0 0 0 0 0 0 0 0 0 0 0 0 0 0 0 0 23.235 150.45 18.724 18.217 29.635 44.562 48.693 21.681 27.71 17.603 32.913
0 0 0 0 0 0 0 0 0 0 0 0 0 0 0 0 0 0 159.84 21.212 23.039 18.885 49.012 49.048 21.911 24.797 22.562 31.155
0 0 0 0 0 0 0 0 0 0 0 0 0 0 0 0 0 0 0 150.34 150.41 150.86 131.09 151.3 150.41 150.46 152.82 150.92
0 0 0 0 0 0 0 0 0 0 0 0 0 0 0 0 0 0 0 0 20.53 31.37 55 48.169 16.73 26.428 19.642 31.839
0 0 0 0 0 0 0 0 0 0 0 0 0 0 0 0 0 0 0 0 0 32.022 48.145 56.765 22.64 17.476 14.895 24.062
0 0 0 0 0 0 0 0 0 0 0 0 0 0 0 0 0 0 0 0 0 0 49.248 56.755 32.566 33.84 33.623 24.635
0 0 0 0 0 0 0 0 0 0 0 0 0 0 0 0 0 0 0 0 0 0 0 69.055 50.161 48.917 48.39 44.562
0 0 0 0 0 0 0 0 0 0 0 0 0 0 0 0 0 0 0 0 0 0 0 0 47.927 70.185 56.876 78.051
0 0 0 0 0 0 0 0 0 0 0 0 0 0 0 0 0 0 0 0 0 0 0 0 0 25.324 22.059 31.803
0 0 0 0 0 0 0 0 0 0 0 0 0 0 0 0 0 0 0 0 0 0 0 0 0 0 16.991 24.684
0 0 0 0 0 0 0 0 0 0 0 0 0 0 0 0 0 0 0 0 0 0 0 0 0 0 0 24.478
0 0 0 0 0 0 0 0 0 0 0 0 0 0 0 0 0 0 0 0 0 0 0 0 0 0 0 0
