0 26.622 21.177 27.332 21.753 17.616 22.933 24.343 26.332 21.612 16.682 22.302 22.758 27.789 20.339 26.716 21.859 26.277 13.877 14.486 17.511 20.453 19.403 24.194 23.536 23.112 24.083 18.659 18.979 27.063 40.645 17.105
0 0 16.523 28.136 24.278 27.608 25.472 22.408 29.194 18.203 18.203 19.869 23.729 8.3776 20.14 21.972 24.248 24.89 18.927 16.48 19.333 20.495 26.888 23.043 20.727 9.3241 23.402 15.642 20.336 27.949 17.843 21.83
0 0 0 32.13 26.411 23.342 28.848 22.387 30.401 9.8184 12.757 13.33 25.877 17.242 20.452 26.288 26.522 25.516 15.525 14.378 17.821 20.481 22.312 23.865 13.611 20.011 26.556 18.704 19.015 29.067 22.655 17.101
0 0 0 0 15.701 28.554 15.732 27.261 20.893 31.517 26.065 24.645 28.243 27.886 14.379 18.125 20.24 14.62 27.644 28.064 27.754 28.174 27.945 16.325 25.105 28.738 16.045 28.064 27.987 28.413 28.184 27.914
0 0 0 0 0 23.999 14.164 22.464 16.235 26.411 21.926 18.9 24.063 24.534 14.136 17.456 14.871 14.027 23.764 23.917 23.865 24.02 24.083 15.507 21.702 25.098 16.388 23.917 23.827 27.568 29.11 24.18
0 0 0 0 0 0 25.967 28.113 28.725 23.76 19.392 23.223 21.43 29.849 20.416 28.18 23.721 27.067 15.895 14.875 19.028 14.631 14.555 26.365 24.491 24.846 23.5 18.723 15.022 23.865 41.72 13.3
0 0 0 0 0 0 0 25.537 16.031 28.516 22.136 21.282 24.751 25.599 12.936 13.993 14.606 13.411 25.211 25.507 25.317 25.615 25.264 12.406 21.409 25.576 14.959 25.507 25.669 26.16 25.516 25.368
0 0 0 0 0 0 0 0 22.721 22.51 21.774 22.089 36.884 21.142 22.113 22.075 24.581 23.823 23.013 22.224 24.182 22.838 25.632 24.783 21.374 22.51 23.377 23.783 23.971 42.802 26.816 24.73
0 0 0 0 0 0 0 0 0 30.068 22.859 23.262 27.616 29.08 27.834 22.373 27.445 27.985 28.646 28.768 28.746 28.87 29.001 14.359 22.505 29.957 26.354 28.768 28.603 30.688 28.618 29.098
0 0 0 0 0 0 0 0 0 0 12.605 11.547 23.321 18.944 20.119 26.223 26.519 25.19 15.944 14.152 18.163 22.226 22.473 23.534 12.402 21.72 26.445 20.363 20.727 27.278 21.938 18.9
0 0 0 0 0 0 0 0 0 0 0 10.942 25.334 18.944 12.96 22.452 22.031 17.867 15.48 15.066 17.068 22.226 21.15 17.136 15.086 21.72 24.055 20.363 20.727 28.344 26.887 18.9
0 0 0 0 0 0 0 0 0 0 0 0 25.094 20.631 13.563 18.814 19.011 18.282 17.215 15.366 17.851 23.955 22.894 16.867 9.9657 23.411 19.375 22.007 22.423 29.791 22.335 20.702
0 0 0 0 0 0 0 0 0 0 0 0 0 25.094 22.918 25.516 24.174 21.296 25.642 25.513 20.447 24.495 23.087 23.374 25.982 25.18 25.075 20.306 20.404 21.526 23.601 21.083
0 0 0 0 0 0 0 0 0 0 0 0 0 0 20.44 22.157 24.136 24.743 21.612 18.592 22.789 21.318 28.682 22.713 21.496 13.101 23.298 14.499 21.263 29.791 16.248 22.755
0 0 0 0 0 0 0 0 0 0 0 0 0 0 0 15.479 14.976 15.275 19.896 20.158 20.173 23.077 22.011 16.681 14.193 22.547 14.506 21.162 21.557 26.304 26.49 20.104
0 0 0 0 0 0 0 0 0 0 0 0 0 0 0 0 19.179 12.416 22.061 22.242 22.172 23.077 27.633 14.537 22.655 22.547 15.949 22.242 21.953 29.557 22.179 21.883
0 0 0 0 0 0 0 0 0 0 0 0 0 0 0 0 0 17.641 23.657 23.764 23.756 24.835 24.058 16.636 21.799 25.175 12.891 23.764 23.592 24.982 33.094 24.153
0 0 0 0 0 0 0 0 0 0 0 0 0 0 0 0 0 0 24.433 25.416 24.859 24.752 26.87 17.285 16.867 25.081 14.39 25.34 24.916 24.89 25.102 24.64
0 0 0 0 0 0 0 0 0 0 0 0 0 0 0 0 0 0 0 14.623 12.995 14.811 10.526 22.392 18.109 16.823 22.991 9.7719 14.701 30.062 33.778 12.425
0 0 0 0 0 0 0 0 0 0 0 0 0 0 0 0 0 0 0 0 11.594 13.205 14.362 22.924 16.262 12.812 23.917 12.713 13.035 28.337 30.844 13.748
0 0 0 0 0 0 0 0 0 0 0 0 0 0 0 0 0 0 0 0 0 16.056 19.319 23.024 18.715 21.332 23.371 13.439 12.14 23.557 33.688 12.623
0 0 0 0 0 0 0 0 0 0 0 0 0 0 0 0 0 0 0 0 0 0 13.515 22.994 24.835 18.032 23.262 14.149 16.296 27.931 34.684 10.81
0 0 0 0 0 0 0 0 0 0 0 0 0 0 0 0 0 0 0 0 0 0 0 25.127 23.78 23.796 23.401 18.122 12.186 26.512 41.096 10.959
0 0 0 0 0 0 0 0 0 0 0 0 0 0 0 0 0 0 0 0 0 0 0 0 16.299 23.423 14.372 22.924 22.556 27.551 22.672 22.695
0 0 0 0 0 0 0 0 0 0 0 0 0 0 0 0 0 0 0 0 0 0 0 0 0 24.278 24.43 22.855 23.292 29.442 21.464 21.602
0 0 0 0 0 0 0 0 0 0 0 0 0 0 0 0 0 0 0 0 0 0 0 0 0 0 23.654 15.492 17.399 29.556 20.624 18.591
0 0 0 0 0 0 0 0 0 0 0 0 0 0 0 0 0 0 0 0 0 0 0 0 0 0 0 23.808 23.585 27.473 29.161 23.173
0 0 0 0 0 0 0 0 0 0 0 0 0 0 0 0 0 0 0 0 0 0 0 0 0 0 0 0 12.718 24.38 27.393 14.989
0 0 0 0 0 0 0 0 0 0 0 0 0 0 0 0 0 0 0 0 0 0 0 0 0 0 0 0 0 25.325 33.947 11.57
0 0 0 0 0 0 0 0 0 0 0 0 0 0 0 0 0 0 0 0 0 0 0 0 0 0 0 0 0 0 23.841 24.109
0 0 0 0 0 0 0 0 0 0 0 0 0 0 0 0 0 0 0 0 0 0 0 0 0 0 0 0 0 0 0 36.119
0 0 0 0 0 0 0 0 0 0 0 0 0 0 0 0 0 0 0 0 0 0 0 0 0 0 0 0 0 0 0 0
