0 35.485 10.148 18.779 11.803 14.321 37.197 23.483 13.867 11.39 63.328 18.676 23.643 28.276 36.883 13.237 11.197 12.072 16.927 12.611 12.084 64.985 64.595 15.632 14.288 36.327 13.15 13.467 21.182 17.692 14.944 14.344 25.984 12.796 36.61 36.068
0 0 34.697 31.955 28.091 27.806 14.81 16.081 31.071 39.527 82.375 26.706 16.063 13.082 15.031 30.955 37.422 28.416 33.243 26.701 31.445 83.355 82.63 26.497 26.926 9.3806 27.44 35.794 36.061 30.155 25.783 25.962 18.108 29.447 11.45 37.103
0 0 0 19.68 14.175 14.235 36.37 23.142 16.06 11.287 65.926 21.946 23.367 27.094 35.918 13.527 11.904 12.123 20.269 13.639 13.135 68.121 65.819 12.931 15.991 35.644 11.565 10.416 24.187 21.059 18.944 12.309 25.334 8.9131 35.493 33.91
0 0 0 0 19.421 20.115 33.462 19.663 18.841 17.511 66.061 22.803 19.56 23.203 32.744 16.937 18.025 18.807 21.621 19.762 18.83 67.532 66.051 19.218 20.585 33.419 18.857 17.264 25.024 22.355 20.055 18.83 22.251 19.809 31.656 33.674
0 0 0 0 0 13.221 29.602 15.428 11.177 16.391 65.986 22.277 15.211 19.356 28.881 11.184 13.761 14.475 21.014 10.353 10.194 67.736 66.117 14.064 13.122 29.564 10.093 12.227 25.173 21.786 18.342 13.852 18.629 12.62 28.407 34.334
0 0 0 0 0 0 28.948 19.223 13.368 17.298 66 23.187 19.668 19.587 28.254 12.263 14.418 12.495 22.042 13.937 13.15 67.227 65.844 12.804 12.219 28.656 13.296 13.804 24.802 22.564 18.179 12.138 18.5 11.936 27.964 33.493
0 0 0 0 0 0 0 17.404 32.646 41.215 83.782 28.127 17.467 14.693 14.818 32.33 39.11 29.96 34.991 28.171 33.154 84.891 84.16 28.013 28.48 13.221 29.019 37.323 37.594 31.639 27.51 27.553 22.376 31.038 13.274 37.712
0 0 0 0 0 0 0 0 18.875 29.065 66.55 23.568 14.17 9.9078 16.776 18.67 26.482 14.966 21.684 13.734 19.622 68.035 67.492 14.904 20.602 18.041 15.477 23.608 24.637 22.249 18.145 15.914 18.486 16.708 18.257 33.435
0 0 0 0 0 0 0 0 0 16.079 65.561 21.78 18.905 22.256 31.919 13.439 15.074 14.076 20.096 13.915 15.193 67.669 65.429 11.984 18.83 32.359 13.868 14.593 24.053 21.517 18.816 14.386 21.495 14.464 31.407 33.493
0 0 0 0 0 0 0 0 0 0 65.468 23.136 28.665 31.546 40.799 14.329 14.532 16.835 22.119 17.525 13.465 66.956 65.162 19.38 18.85 40.401 16.121 16.248 26.653 23.108 19.751 18.513 30.08 16.504 40.3 33.812
0 0 0 0 0 0 0 0 0 0 0 58.419 66.616 71.136 83.119 65.675 62.465 65.947 56.986 66.106 63.625 13.866 12.797 68.229 66.703 83.986 65.769 65.901 53.485 57.163 60.77 65.986 70.312 66.3 82.454 66.033
0 0 0 0 0 0 0 0 0 0 0 0 21.769 23.187 27.453 22.232 17.162 22.983 13.159 23.396 19.323 60.453 59.146 30.583 23.623 28.391 23.509 22.489 14.227 14.057 12.306 24.762 15.457 22.676 27.034 42.746
0 0 0 0 0 0 0 0 0 0 0 0 0 8.9138 16.798 18.778 26.121 14.694 20.582 13.332 19.711 68.756 67.514 15 14.226 17.878 14.903 23.367 24.507 21.162 19.426 13.58 19.637 16.37 17.501 33.582
0 0 0 0 0 0 0 0 0 0 0 0 0 0 15.947 21.715 29.393 19.17 23.683 17.065 22.077 73.051 71.629 15.831 18.744 13.59 19.134 26.988 27.191 22.564 18.179 16.948 18.5 19.8 17.516 36.161
0 0 0 0 0 0 0 0 0 0 0 0 0 0 0 31.68 38.697 29.222 34.141 27.471 32.567 84.159 83.432 27.389 27.736 12.314 28.317 36.606 36.863 30.933 27.146 26.89 20.327 30.358 14.276 37.001
0 0 0 0 0 0 0 0 0 0 0 0 0 0 0 0 12.558 12.034 20.512 12.773 11.892 67.489 65.469 14.094 8.7266 32.714 9.4944 13.914 24.303 21.273 18.92 13.375 20.528 12.494 30.777 33.893
0 0 0 0 0 0 0 0 0 0 0 0 0 0 0 0 0 14.697 15.472 14.353 10.23 64.074 63.614 16.142 16.371 38.304 13.084 11.553 19.171 16.427 16.112 15.674 27.84 11.564 37.935 35.96
0 0 0 0 0 0 0 0 0 0 0 0 0 0 0 0 0 0 21.152 15.184 13.27 66.835 65.732 12.945 14.224 29.806 15.312 12.451 24.478 21.803 18.312 13.054 18.687 13.053 28.39 33.534
0 0 0 0 0 0 0 0 0 0 0 0 0 0 0 0 0 0 0 22.156 17.501 58.584 57.46 29.432 22.463 33.851 21.623 20.683 8.9413 8.3152 11.566 22.836 22.39 21.425 32.693 42.372
0 0 0 0 0 0 0 0 0 0 0 0 0 0 0 0 0 0 0 0 13.533 67.355 65.987 12.27 13.147 28.282 13.655 11.847 24.946 22.684 18.339 12.466 18.663 12.642 26.885 33.793
0 0 0 0 0 0 0 0 0 0 0 0 0 0 0 0 0 0 0 0 0 64.95 64.366 16.41 12.242 32.258 13.27 13.179 20.508 18.269 16.56 12.48 20.612 12.406 31.772 35.801
0 0 0 0 0 0 0 0 0 0 0 0 0 0 0 0 0 0 0 0 0 0 11.776 69.218 68.035 84.659 66.876 67.595 54.743 58.72 62.363 67.736 70.698 67.979 84.006 67.935
0 0 0 0 0 0 0 0 0 0 0 0 0 0 0 0 0 0 0 0 0 0 0 68.829 66.613 83.951 65.586 65.757 54.065 57.762 61.472 66.117 70.001 66.415 83.075 65.851
0 0 0 0 0 0 0 0 0 0 0 0 0 0 0 0 0 0 0 0 0 0 0 0 14.163 26.714 12.945 14.443 32.804 30.143 27.672 14.541 27.299 11.966 25.507 29.64
0 0 0 0 0 0 0 0 0 0 0 0 0 0 0 0 0 0 0 0 0 0 0 0 0 28.296 13.243 18.956 25.573 23.187 18.899 13.015 19.211 18.948 27.159 33.754
0 0 0 0 0 0 0 0 0 0 0 0 0 0 0 0 0 0 0 0 0 0 0 0 0 0 28.736 36.32 36.948 31.684 26.545 27.233 19.903 30.698 13.183 36.931
0 0 0 0 0 0 0 0 0 0 0 0 0 0 0 0 0 0 0 0 0 0 0 0 0 0 0 10.101 24.561 22.185 18.087 9.8235 18.4 12.915 27.72 33.674
0 0 0 0 0 0 0 0 0 0 0 0 0 0 0 0 0 0 0 0 0 0 0 0 0 0 0 0 24.14 21.365 18.206 12.693 25.824 11.349 35.454 33.854
0 0 0 0 0 0 0 0 0 0 0 0 0 0 0 0 0 0 0 0 0 0 0 0 0 0 0 0 0 7.8073 15.045 25.174 26.232 25.427 35.861 43.576
0 0 0 0 0 0 0 0 0 0 0 0 0 0 0 0 0 0 0 0 0 0 0 0 0 0 0 0 0 0 11.967 23.264 20.347 22.192 29.747 42.491
0 0 0 0 0 0 0 0 0 0 0 0 0 0 0 0 0 0 0 0 0 0 0 0 0 0 0 0 0 0 0 21.597 13.715 18.619 26.296 40.989
0 0 0 0 0 0 0 0 0 0 0 0 0 0 0 0 0 0 0 0 0 0 0 0 0 0 0 0 0 0 0 0 20.231 12.927 26.29 34.043
0 0 0 0 0 0 0 0 0 0 0 0 0 0 0 0 0 0 0 0 0 0 0 0 0 0 0 0 0 0 0 0 0 18.901 19.124 41.289
0 0 0 0 0 0 0 0 0 0 0 0 0 0 0 0 0 0 0 0 0 0 0 0 0 0 0 0 0 0 0 0 0 0 29.708 33.885
0 0 0 0 0 0 0 0 0 0 0 0 0 0 0 0 0 0 0 0 0 0 0 0 0 0 0 0 0 0 0 0 0 0 0 35.785
0 0 0 0 0 0 0 0 0 0 0 0 0 0 0 0 0 0 0 0 0 0 0 0 0 0 0 0 0 0 0 0 0 0 0 0
