1 36 46 33.833 -118.18 166 0 21 300 2014 7 1 22 32 15 1 2
1 36 46 33.85 -118.25 226 300 48 300 2014 7 1 22 33 16 1 15
1 36 46 33.867 -118.33 262 288 60 300 2014 7 1 22 34 16 1 15
1 36 46 33.883 -118.43 303 283 60 300 2014 7 1 22 35 17 1 15
1 36 46 33.917 -118.52 296 283 84 300 2014 7 1 22 36 13 1 15
1 36 46 33.933 -118.62 294 283 90 300 2014 7 1 22 37 16 1 15
1 36 46 33.983 -118.68 308 293 90 300 2014 7 1 22 38 6 1 15
1 36 46 34.034 -118.67 297 312 90 300 2014 7 1 22 39 6 1 15
1 36 46 34.107 -118.65 297 13 90 300 2014 7 1 22 40 16 1 8
1 36 46 34.204 -118.63 299 16 90 300 2014 7 1 22 41 6 1 8
1 36 46 34.286 -118.64 296 10 98 300 2014 7 1 22 42 6 1 8
1 36 46 34.371 -118.66 309 14 127 300 2014 7 1 22 43 6 1 8
1 36 46 34.457 -118.69 321 352 143 300 2014 7 1 22 44 6 1 32
1 36 46 34.541 -118.73 330 334 157 300 2014 7 1 22 45 6 1 32
1 36 46 34.629 -118.78 339 337 172 300 2014 7 1 22 46 6 1 32
1 36 46 34.738 -118.83 348 338 194 300 2014 7 1 22 47 16 1 32
1 36 46 34.827 -118.88 355 337 215 300 2014 7 1 22 48 6 1 32
1 36 46 34.904 -118.96 359 324 234 300 2014 7 1 22 49 6 1 33
1 36 46 34.983 -119.04 360 320 258 300 2014 7 1 22 50 6 1 53
1 36 46 35.061 -119.11 361 321 283 300 2014 7 1 22 51 6 1 53
1 36 46 35.141 -119.19 364 321 291 300 2014 7 1 22 52 6 1 53
1 36 46 35.19 -119.24 363 321 289 300 2014 7 1 22 53 6 1 53
1 36 46 35.339 -119.38 431 321 300 300 2014 7 1 22 54 16 1 54
1 36 46 35.432 -119.47 433 321 300 300 2014 7 1 22 55 16 1 54
1 36 46 35.525 -119.57 434 321 300 300 2014 7 1 22 56 6 1 54
1 36 46 35.578 -119.62 429 320 300 300 2014 7 1 22 57 6 1 54
1 36 46 35.668 -119.71 427 320 299 300 2014 7 1 22 58 16 1 54
1 36 46 35.759 -119.8 426 320 299 300 2014 7 1 22 59 16 1 54
1 36 46 35.849 -119.89 424 321 300 300 2014 7 1 23 0 6 4 189
1 36 46 35.903 -119.95 420 321 300 300 2014 7 1 23 1 6 4 189
1 36 46 36.045 -120.09 420 320 300 300 2014 7 1 23 2 6 4 189
1 36 46 36.135 -120.18 420 320 300 300 2014 7 1 23 3 6 4 189
1 36 46 36.226 -120.28 422 320 300 300 2014 7 1 23 4 15 4 189
1 36 46 36.316 -120.37 422 320 300 300 2014 7 1 23 5 6 4 189
1 36 46 36.407 -120.46 421 320 299 280 2014 7 1 23 6 6 4 189
1 36 46 36.492 -120.55 407 320 290 280 2014 7 1 23 7 6 4 189
1 36 46 36.577 -120.64 396 320 274 200 2014 7 1 23 8 15 4 168
1 36 46 36.66 -120.72 390 320 254 200 2014 7 1 23 9 6 4 168
1 36 46 36.759 -120.83 388 320 230 200 2014 7 1 23 10 15 4 168
1 36 46 36.834 -120.92 392 320 212 200 2014 7 1 23 11 6 4 168
1 36 46 36.913 -121.01 385 318 194 200 2014 7 1 23 12 6 4 174
1 36 46 36.983 -121.08 375 316 177 200 2014 7 1 23 13 6 4 174
1 36 46 37.062 -121.18 360 321 158 200 2014 7 1 23 14 16 4 174
1 36 46 37.134 -121.26 356 309 142 200 2014 7 1 23 15 6 4 174
1 36 46 37.204 -121.34 353 321 125 200 2014 7 1 23 16 7 4 154
1 36 46 37.274 -121.42 344 315 109 200 2014 7 1 23 17 6 4 178
1 36 46 37.346 -121.49 337 321 97 200 2014 7 1 23 18 6 4 152
1 36 46 37.45 -121.51 317 350 79 200 2014 7 1 23 19 6 4 152
1 36 46 37.5 -121.52 300 353 70 200 2014 7 1 23 20 15 4 152
1 36 46 37.567 -121.53 300 354 69 200 2014 7 1 23 21 6 4 152
1 36 46 37.617 -121.65 268 313 69 200 2014 7 1 23 22 16 4 152
1 36 46 37.617 -121.68 240 290 70 200 2014 7 1 23 23 6 4 156
1 36 46 37.605 -121.73 244 270 66 200 2014 7 1 23 24 6 4 156
1 36 46 37.609 -121.82 243 259 59 200 2014 7 1 23 25 6 4 156
1 36 46 37.614 -121.89 215 265 56 200 2014 7 1 23 26 6 4 156
1 36 46 37.614 -121.95 188 273 50 200 2014 7 1 23 27 6 4 156
1 36 46 37.617 -122.01 167 280 41 200 2014 7 1 23 28 6 4 156
1 36 46 37.62 -122.07 164 272 30 200 2014 7 1 23 29 6 4 156
1 36 46 37.635 -122.12 161 285 19 200 2014 7 1 23 30 15 4 152
1 36 46 37.662 -122.16 154 281 13 200 2014 7 1 23 31 7 4 152
1 36 46 37.686 -122.19 140 302 8 200 2014 7 1 23 32 6 4 152
1 36 46 37.704 -122.22 124 311 200 200 2014 7 1 23 33 6 4 152
2 36 46 33.85 -118.2 191 0 24 300 2014 7 1 0 42 6 1 2
2 36 46 33.867 -118.27 217 308 50 300 2014 7 1 0 43 6 1 15
2 36 46 33.883 -118.37 280 279 60 300 2014 7 1 0 44 6 1 15
2 36 46 33.9 -118.45 320 284 73 300 2014 7 1 0 45 6 1 15
2 36 46 33.917 -118.53 296 284 88 300 2014 7 1 0 46 6 1 15
2 36 46 33.924 -118.59 294 283 91 300 2014 7 1 0 47 6 1 15
2 36 46 34.004 -118.62 310 283 119 300 2014 7 1 0 48 6 1 15
2 36 46 34.092 -118.6 320 340 137 300 2014 7 1 0 49 6 1 32
2 36 46 34.196 -118.57 366 355 146 300 2014 7 1 0 50 6 1 32
2 36 46 34.302 -118.61 398 12 169 300 2014 7 1 0 51 6 1 32
2 36 46 34.407 -118.66 407 357 189 300 2014 7 1 0 52 6 1 32
2 36 46 34.517 -118.72 423 338 208 300 2014 7 1 0 53 16 1 32
2 36 46 34.628 -118.77 434 337 228 300 2014 7 1 0 54 6 1 32
2 36 46 34.735 -118.83 429 337 241 300 2014 7 1 0 55 6 1 53
2 36 46 34.867 -118.93 454 331 260 300 2014 7 1 0 56 6 1 53
2 36 46 34.962 -119.02 454 321 274 300 2014 7 1 0 57 6 1 53
2 36 46 35.061 -119.11 453 321 294 300 2014 7 1 0 58 6 1 53
2 36 46 35.159 -119.21 453 320 299 300 2014 7 1 0 59 6 1 53
2 36 46 35.236 -119.28 449 321 299 300 2014 7 1 1 0 6 1 53
2 36 46 35.371 -119.42 452 321 299 300 2014 7 1 1 1 6 1 54
2 36 46 35.448 -119.49 449 320 299 300 2014 7 1 1 2 6 1 54
2 36 46 35.563 -119.61 451 320 299 300 2014 7 1 1 3 6 1 54
2 36 46 35.66 -119.71 451 320 299 300 2014 7 1 1 4 6 1 54
2 36 46 35.754 -119.8 445 320 299 300 2014 7 1 1 5 6 1 54
2 36 46 35.868 -119.92 445 321 299 300 2014 7 1 1 6 6 4 189
2 36 46 35.964 -120.01 445 320 299 280 2014 7 1 1 7 6 4 189
2 36 46 36.059 -120.11 445 320 299 200 2014 7 1 1 8 6 4 189
2 36 46 36.155 -120.21 445 320 299 200 2014 7 1 1 9 6 4 189
2 36 46 36.231 -120.28 447 320 299 200 2014 7 1 1 10 6 4 189
2 36 46 36.328 -120.38 447 320 299 200 2014 7 1 1 11 6 4 189
2 36 46 36.423 -120.48 448 321 297 200 2014 7 1 1 12 6 4 189
2 36 46 36.514 -120.58 437 320 286 200 2014 7 1 1 13 6 4 189
2 36 46 36.608 -120.67 432 322 266 200 2014 7 1 1 14 6 4 168
2 36 46 36.697 -120.76 426 316 245 200 2014 7 1 1 15 6 4 168
2 36 46 36.785 -120.86 423 321 225 200 2014 7 1 1 16 6 4 168
2 36 46 36.869 -120.96 411 316 204 200 2014 7 1 1 17 6 4 168
2 36 46 36.965 -121.07 395 315 174 200 2014 7 1 1 18 6 4 174
2 36 46 37.038 -121.15 376 316 152 200 2014 7 1 1 19 16 4 174
2 36 46 37.083 -121.2 365 317 145 200 2014 7 1 1 20 6 4 174
2 36 46 37.15 -121.27 345 318 131 200 2014 7 1 1 21 6 4 154
2 36 46 37.249 -121.39 325 315 111 200 2014 7 1 1 22 6 4 178
2 36 46 37.313 -121.47 315 315 99 200 2014 7 1 1 23 6 4 178
2 36 46 37.385 -121.55 310 321 86 200 2014 7 1 1 24 6 4 152
2 36 46 37.446 -121.62 304 307 76 200 2014 7 1 1 25 6 4 152
2 36 46 37.505 -121.69 301 321 68 200 2014 7 1 1 26 6 4 156
2 36 46 37.517 -121.72 288 317 65 200 2014 7 1 1 27 6 4 156
2 36 46 37.533 -121.82 250 285 58 200 2014 7 1 1 28 6 4 156
2 36 46 37.533 -121.9 223 277 51 200 2014 7 1 1 29 6 4 156
2 36 46 37.55 -121.97 223 277 41 200 2014 7 1 1 30 6 4 156
2 36 46 37.583 -122.03 216 291 37 200 2014 7 1 1 31 6 4 156
2 36 46 37.617 -122.08 217 311 26 200 2014 7 1 1 32 6 4 156
2 36 46 37.65 -122.13 183 309 17 200 2014 7 1 1 33 6 4 152
2 36 46 37.683 -122.18 129 310 10 200 2014 7 1 1 34 16 4 152
2 36 46 37.7 -122.22 117 310 3 200 2014 7 1 1 35 6 4 152
2 36 46 37.714 -122.23 108 302 200 200 2014 7 1 1 36 6 4 155
3 36 46 33.85 -118.2 206 0 24 300 2014 7 1 14 10 16 1 2
3 36 46 33.85 -118.2 206 0 24 300 2014 7 1 14 11 14 1 2
3 36 46 33.861 -118.28 219 297 57 300 2014 7 1 14 12 6 1 15
3 36 46 33.875 -118.35 219 270 84 300 2014 7 1 14 13 6 1 15
3 36 46 33.897 -118.45 283 283 98 300 2014 7 1 14 14 6 1 15
3 36 46 33.954 -118.52 307 332 126 300 2014 7 1 14 15 16 1 15
3 36 46 34.042 -118.55 349 299 143 300 2014 7 1 14 16 6 1 21
3 36 46 34.145 -118.59 395 330 157 300 2014 7 1 14 17 16 1 32
3 36 46 34.254 -118.64 407 352 181 300 2014 7 1 14 18 6 1 32
3 36 46 34.363 -118.68 421 341 201 300 2014 7 1 14 19 15 1 32
3 36 46 34.478 -118.73 434 341 221 300 2014 7 1 14 20 6 1 32
3 36 46 34.618 -118.78 444 341 246 300 2014 7 1 14 21 6 1 53
3 36 46 34.737 -118.83 450 341 261 300 2014 7 1 14 22 6 1 53
3 36 46 34.849 -118.91 458 336 278 300 2014 7 1 14 23 6 1 53
3 36 46 34.946 -119 454 324 297 300 2014 7 1 14 24 6 1 53
3 36 46 35.042 -119.09 442 321 300 300 2014 7 1 14 25 6 1 53
3 36 46 35.138 -119.19 442 321 300 300 2014 7 1 14 26 6 1 53
3 36 46 35.252 -119.3 443 321 300 300 2014 7 1 14 27 6 1 53
3 36 46 35.348 -119.39 443 321 300 300 2014 7 1 14 28 6 1 54
3 36 46 35.444 -119.49 444 321 300 300 2014 7 1 14 29 6 1 54
3 36 46 35.539 -119.58 443 321 300 300 2014 7 1 14 30 16 1 54
3 36 46 35.634 -119.68 443 320 299 300 2014 7 1 14 31 6 1 54
3 36 46 35.748 -119.79 444 320 300 300 2014 7 1 14 32 16 1 54
3 36 46 35.844 -119.89 444 320 300 300 2014 7 1 14 33 15 4 0
3 36 46 35.939 -119.98 445 320 300 300 2014 7 1 14 34 6 4 189
3 36 46 35.977 -120.02 445 320 300 300 2014 7 1 14 35 6 4 189
3 36 46 36.131 -120.18 447 320 300 300 2014 7 1 14 36 6 4 189
3 36 46 36.188 -120.24 447 320 300 280 2014 7 1 14 37 6 4 189
3 36 46 36.283 -120.33 443 320 295 280 2014 7 1 14 38 6 4 189
3 36 46 36.378 -120.43 442 320 285 200 2014 7 1 14 39 18 4 189
3 36 46 36.472 -120.53 443 320 275 200 2014 7 1 14 40 15 4 168
3 36 46 36.566 -120.62 440 320 265 200 2014 7 1 14 41 10 4 168
3 36 46 36.7 -120.75 428 320 252 200 2014 7 1 14 42 6 4 168
3 36 46 36.783 -120.85 416 319 232 200 2014 7 1 14 43 6 4 168
3 36 46 36.846 -120.93 417 317 216 200 2014 7 1 14 44 6 4 168
3 36 46 36.929 -121.02 403 315 194 200 2014 7 1 14 45 6 4 174
3 36 46 37.008 -121.11 385 321 169 200 2014 7 1 14 46 6 4 174
3 36 46 37.086 -121.21 385 309 145 200 2014 7 1 14 47 6 4 174
3 36 46 37.161 -121.29 376 321 128 200 2014 7 1 14 48 6 4 154
3 36 46 37.234 -121.38 366 316 111 200 2014 7 1 14 49 6 4 152
3 36 46 37.301 -121.45 344 321 100 200 2014 7 1 14 50 15 4 178
3 36 46 37.363 -121.53 317 321 86 200 2014 7 1 14 51 7 4 152
3 36 46 37.434 -121.61 300 313 72 200 2014 7 1 14 52 15 4 152
3 36 46 37.488 -121.68 290 313 62 200 2014 7 1 14 53 16 4 156
3 36 46 37.503 -121.77 269 292 57 200 2014 7 1 14 54 6 4 156
3 36 46 37.517 -121.82 222 281 53 200 2014 7 1 14 55 6 4 156
3 36 46 37.534 -121.92 221 284 40 200 2014 7 1 14 56 9 4 156
3 36 46 37.549 -121.99 207 287 40 200 2014 7 1 14 57 15 4 156
3 36 46 37.567 -122.02 201 285 39 200 2014 7 1 14 58 6 4 156
3 36 46 37.617 -122.08 199 312 28 200 2014 7 1 14 59 6 4 156
3 36 46 37.65 -122.13 188 310 19 200 2014 7 1 15 0 6 4 152
3 36 46 37.683 -122.19 149 302 7 200 2014 7 1 15 1 6 4 152
3 36 46 37.706 -122.22 133 321 200 200 2014 7 1 15 2 16 4 152
4 36 46 33.818 -118.15 153 0 0 300 2014 7 1 18 30 6 1 2
4 36 46 33.833 -118.18 162 0 18 300 2014 7 1 18 31 6 1 2
4 36 46 33.85 -118.25 240 300 32 300 2014 7 1 18 32 6 1 2
4 36 46 33.867 -118.33 253 287 58 300 2014 7 1 18 33 6 1 15
4 36 46 33.883 -118.42 245 283 64 300 2014 7 1 18 34 16 1 15
4 36 46 33.902 -118.48 241 283 84 300 2014 7 1 18 35 16 1 15
4 36 46 33.922 -118.58 285 283 90 300 2014 7 1 18 36 6 1 15
4 36 46 33.955 -118.67 296 285 90 300 2014 7 1 18 37 6 1 15
4 36 46 34.023 -118.72 301 314 90 300 2014 7 1 18 38 16 1 15
4 36 46 34.102 -118.67 303 312 91 300 2014 7 1 18 39 15 1 8
4 36 46 34.177 -118.62 301 0 118 300 2014 7 1 18 40 6 1 8
4 36 46 34.26 -118.59 326 27 141 300 2014 7 1 18 41 6 1 32
4 36 46 34.429 -118.68 361 355 164 300 2014 7 1 18 42 6 1 32
4 36 46 34.453 -118.69 400 337 167 300 2014 7 1 18 43 15 1 32
4 36 46 34.583 -118.75 418 337 192 300 2014 7 1 18 44 6 1 32
4 36 46 34.689 -118.8 411 338 226 300 2014 7 1 18 45 7 1 32
4 36 46 34.789 -118.86 399 338 244 300 2014 7 1 18 46 6 1 53
4 36 46 34.882 -118.94 407 329 261 300 2014 7 1 18 47 16 1 53
4 36 46 34.982 -119.01 417 325 279 300 2014 7 1 18 48 16 1 53
4 36 46 35.105 -119.09 424 332 292 300 2014 7 1 18 49 15 1 53
4 36 46 35.198 -119.19 442 324 299 300 2014 7 1 18 50 16 1 53
4 36 46 35.294 -119.29 445 319 299 300 2014 7 1 18 51 6 1 53
4 36 46 35.391 -119.39 448 320 299 300 2014 7 1 18 52 6 1 53
4 36 46 35.486 -119.48 449 319 299 300 2014 7 1 18 53 6 1 54
4 36 46 35.597 -119.6 445 320 299 300 2014 7 1 18 54 6 1 54
4 36 46 35.691 -119.7 442 319 299 300 2014 7 1 18 55 6 1 54
4 36 46 35.786 -119.8 443 320 300 300 2014 7 1 18 56 6 1 54
4 36 46 35.88 -119.89 445 319 299 300 2014 7 1 18 57 16 4 189
4 36 46 35.936 -119.95 447 319 300 300 2014 7 1 18 58 6 4 189
4 36 46 36.087 -120.11 446 319 297 280 2014 7 1 18 59 15 4 189
4 36 46 36.123 -120.15 446 319 294 280 2014 7 1 19 0 6 4 189
4 36 46 36.213 -120.24 430 319 285 280 2014 7 1 19 1 6 4 189
4 36 46 36.303 -120.34 429 319 271 280 2014 7 1 19 2 6 4 168
4 36 46 36.408 -120.45 425 319 246 280 2014 7 1 19 3 16 4 168
4 36 46 36.494 -120.54 411 319 239 200 2014 7 1 19 4 16 4 168
4 36 46 36.58 -120.64 410 319 236 200 2014 7 1 19 5 6 4 168
4 36 46 36.664 -120.72 403 319 215 200 2014 7 1 19 6 6 4 168
4 36 46 36.746 -120.81 395 319 199 200 2014 7 1 19 7 6 4 168
4 36 46 36.822 -120.9 388 316 189 200 2014 7 1 19 8 6 4 174
4 36 46 36.899 -120.99 381 321 179 200 2014 7 1 19 9 6 4 174
4 36 46 36.985 -121.09 360 315 163 200 2014 7 1 19 10 6 4 174
4 36 46 37.054 -121.17 343 315 150 200 2014 7 1 19 11 6 4 174
4 36 46 37.15 -121.28 312 316 130 200 2014 7 1 19 12 16 4 154
4 36 46 37.183 -121.32 321 315 125 200 2014 7 1 19 13 6 4 154
4 36 46 37.245 -121.39 308 321 112 200 2014 7 1 19 14 15 4 152
4 36 46 37.307 -121.46 307 321 96 200 2014 7 1 19 15 16 4 178
4 36 46 37.333 -121.5 311 317 88 200 2014 7 1 19 16 6 4 178
4 36 46 37.4 -121.57 300 317 73 200 2014 7 1 19 17 6 4 152
4 36 46 37.45 -121.65 294 317 60 200 2014 7 1 19 18 6 4 152
4 36 46 37.511 -121.81 297 292 59 200 2014 7 1 19 19 16 4 156
4 36 46 37.546 -121.89 292 296 49 200 2014 7 1 19 20 15 4 156
4 36 46 37.55 -121.93 278 295 43 200 2014 7 1 19 21 6 4 156
4 36 46 37.604 -122.06 261 296 25 200 2014 7 1 19 22 6 4 156
4 36 46 37.617 -122.08 230 290 25 200 2014 7 1 19 23 6 4 156
4 36 46 37.64 -122.12 233 310 19 200 2014 7 1 19 24 6 4 152
4 36 46 37.683 -122.18 140 305 7 200 2014 7 1 19 25 15 4 152
4 36 46 37.696 -122.21 159 313 3 200 2014 7 1 19 26 6 4 152
5 36 46 33.833 -118.17 170 0 18 300 2014 7 2 22 20 6 1 2
5 36 46 33.85 -118.23 211 321 46 300 2014 7 2 22 21 6 1 15
5 36 46 33.867 -118.32 276 296 73 300 2014 7 2 22 22 6 1 15
5 36 46 33.917 -118.38 305 284 112 300 2014 7 2 22 23 6 1 15
5 36 46 33.935 -118.4 298 312 122 300 2014 7 2 22 24 16 1 15
5 36 46 34.023 -118.44 315 321 130 300 2014 7 2 22 25 6 1 15
5 36 46 34.104 -118.49 323 334 142 300 2014 7 2 22 26 6 1 32
5 36 46 34.187 -118.53 367 334 156 300 2014 7 2 22 27 6 1 32
5 36 46 34.309 -118.6 403 333 181 300 2014 7 2 22 28 6 1 32
5 36 46 34.414 -118.65 411 336 209 300 2014 7 2 22 29 6 1 32
5 36 46 34.524 -118.71 423 326 228 300 2014 7 2 22 30 6 1 32
5 36 46 34.631 -118.77 433 336 242 300 2014 7 2 22 31 6 1 53
5 36 46 34.743 -118.83 442 336 261 300 2014 7 2 22 32 16 1 53
5 36 46 34.868 -118.92 443 336 287 300 2014 7 2 22 33 6 1 53
5 36 46 34.967 -119.02 429 328 300 300 2014 7 2 22 34 6 1 53
5 36 46 35.058 -119.11 428 321 299 300 2014 7 2 22 35 16 1 53
5 36 46 35.151 -119.2 430 321 299 300 2014 7 2 22 36 6 1 53
5 36 46 35.244 -119.29 429 321 299 300 2014 7 2 22 37 6 1 53
5 36 46 35.337 -119.38 430 321 299 300 2014 7 2 22 38 6 1 54
5 36 46 35.43 -119.48 431 321 300 300 2014 7 2 22 39 16 1 54
5 36 46 35.541 -119.59 431 321 299 300 2014 7 2 22 40 6 1 54
5 36 46 35.634 -119.68 430 321 299 300 2014 7 2 22 41 6 1 54
5 36 46 35.726 -119.77 431 321 299 300 2014 7 2 22 42 6 1 54
5 36 46 35.818 -119.86 431 320 299 300 2014 7 2 22 43 6 1 54
5 36 46 35.911 -119.96 432 320 299 300 2014 7 2 22 44 16 4 189
5 36 46 36.023 -120.07 433 320 300 300 2014 7 2 22 45 6 4 189
5 36 46 36.115 -120.16 433 320 300 300 2014 7 2 22 46 6 4 189
5 36 46 36.208 -120.26 433 320 299 300 2014 7 2 22 47 6 4 189
5 36 46 36.3 -120.35 433 320 299 280 2014 7 2 22 48 6 4 189
5 36 46 36.393 -120.45 433 320 299 280 2014 7 2 22 49 6 4 189
5 36 46 36.449 -120.5 433 320 293 280 2014 7 2 22 50 16 4 189
5 36 46 36.542 -120.6 433 320 293 280 2014 7 2 22 51 18 4 189
5 36 46 36.633 -120.68 423 320 257 280 2014 7 2 22 52 6 4 168
5 36 46 36.733 -120.78 404 321 238 280 2014 7 2 22 53 6 4 168
5 36 46 36.8 -120.88 393 321 220 280 2014 7 2 22 54 16 4 168
5 36 46 36.883 -120.98 389 314 200 280 2014 7 2 22 55 6 4 168
5 36 46 36.967 -121.07 390 313 184 280 2014 7 2 22 56 6 4 174
5 36 46 37.033 -121.15 386 318 159 280 2014 7 2 22 57 6 4 174
5 36 46 37.117 -121.23 369 318 139 280 2014 7 2 22 58 16 4 174
5 36 46 37.183 -121.32 355 314 119 280 2014 7 2 22 59 6 4 154
5 36 46 37.28 -121.43 345 315 102 280 2014 7 2 23 0 6 4 178
5 36 46 37.317 -121.48 300 316 93 280 2014 7 2 23 1 15 4 178
5 36 46 37.383 -121.55 287 313 77 280 2014 7 2 23 2 6 4 152
5 36 46 37.433 -121.62 287 317 69 280 2014 7 2 23 3 6 4 152
5 36 46 37.5 -121.65 248 317 65 280 2014 7 2 23 4 15 4 156
5 36 46 37.587 -121.7 235 338 60 280 2014 7 2 23 5 8 4 156
5 36 46 37.617 -121.72 222 334 59 280 2014 7 2 23 6 6 4 156
5 36 46 37.683 -121.75 226 335 59 280 2014 7 2 23 7 6 4 152
5 36 46 37.683 -121.82 217 324 54 280 2014 7 2 23 8 6 4 152
5 36 46 37.633 -121.88 212 241 48 280 2014 7 2 23 9 6 4 156
5 36 46 37.6 -121.93 215 233 38 280 2014 7 2 23 10 6 4 156
5 36 46 37.589 -122.04 191 252 30 280 2014 7 2 23 11 6 4 156
5 36 46 37.6 -122.07 182 274 30 280 2014 7 2 23 12 6 4 156
5 36 46 37.633 -122.12 177 306 22 280 2014 7 2 23 13 6 4 152
5 36 46 37.667 -122.15 147 308 15 280 2014 7 2 23 14 16 4 152
5 36 46 37.683 -122.18 118 310 8 280 2014 7 2 23 15 6 4 152
5 36 46 37.693 -122.2 128 302 4 280 2014 7 2 23 16 6 4 152
5 36 46 37.713 -122.23 116 311 280 280 2014 7 2 23 17 16 4 185
7 36 46 33.833 -118.18 164 0 18 300 2014 7 2 14 9 6 1 2
7 36 46 33.863 -118.26 215 291 57 300 2014 7 2 14 10 16 1 15
7 36 46 33.863 -118.26 215 291 57 300 2014 7 2 14 11 7 1 15
7 36 46 33.919 -118.29 221 294 93 300 2014 7 2 14 12 6 1 15
7 36 46 33.979 -118.33 240 325 123 300 2014 7 2 14 13 6 1 15
7 36 46 34.061 -118.38 283 317 147 300 2014 7 2 14 14 16 1 21
7 36 46 34.148 -118.44 350 331 158 300 2014 7 2 14 15 15 1 32
7 36 46 34.246 -118.5 394 331 180 300 2014 7 2 14 16 16 1 32
7 36 46 34.347 -118.57 412 332 204 300 2014 7 2 14 17 16 1 32
7 36 46 34.452 -118.63 421 325 224 300 2014 7 2 14 18 16 1 32
7 36 46 34.559 -118.7 435 332 242 300 2014 7 2 14 19 7 1 53
7 36 46 34.693 -118.79 451 331 262 300 2014 7 2 14 20 16 1 53
7 36 46 34.803 -118.87 456 332 283 300 2014 7 2 14 21 6 1 53
7 36 46 34.904 -118.96 450 325 300 300 2014 7 2 14 22 16 1 53
7 36 46 34.981 -119.03 445 320 300 300 2014 7 2 14 23 15 1 53
7 36 46 35.096 -119.15 445 321 300 300 2014 7 2 14 24 15 1 53
7 36 46 35.193 -119.24 446 321 300 300 2014 7 2 14 25 16 1 53
7 36 46 35.31 -119.36 449 321 300 300 2014 7 2 14 26 6 1 53
7 36 46 35.407 -119.45 449 320 300 300 2014 7 2 14 27 6 1 54
7 36 46 35.503 -119.55 449 321 300 300 2014 7 2 14 28 6 1 54
7 36 46 35.598 -119.64 448 320 300 300 2014 7 2 14 29 6 1 54
7 36 46 35.693 -119.74 448 320 300 300 2014 7 2 14 30 16 1 54
7 36 46 35.807 -119.85 447 321 300 300 2014 7 2 14 31 6 1 54
7 36 46 35.903 -119.95 447 320 300 300 2014 7 2 14 32 16 4 189
7 36 46 35.997 -120.05 446 320 300 300 2014 7 2 14 33 16 4 189
7 36 46 36.091 -120.14 443 320 300 280 2014 7 2 14 34 16 4 189
7 36 46 36.148 -120.2 443 320 300 280 2014 7 2 14 35 6 4 189
7 36 46 36.241 -120.29 443 320 300 280 2014 7 2 14 36 6 4 189
7 36 46 36.354 -120.41 441 320 300 200 2014 7 2 14 37 16 4 189
7 36 46 36.449 -120.51 443 320 290 200 2014 7 2 14 38 6 4 189
7 36 46 36.543 -120.6 443 320 266 200 2014 7 2 14 39 6 4 168
7 36 46 36.633 -120.69 419 319 254 200 2014 7 2 14 40 6 4 168
7 36 46 36.716 -120.78 391 320 240 200 2014 7 2 14 41 6 4 168
7 36 46 36.795 -120.87 390 320 221 200 2014 7 2 14 42 6 4 168
7 36 46 36.882 -120.97 379 316 201 200 2014 7 2 14 43 6 4 168
7 36 46 36.959 -121.06 378 317 183 200 2014 7 2 14 44 6 4 174
7 36 46 37.035 -121.15 364 317 160 200 2014 7 2 14 45 6 4 174
7 36 46 37.106 -121.23 360 317 143 200 2014 7 2 14 46 11 4 174
7 36 46 37.176 -121.31 352 314 127 200 2014 7 2 14 47 6 4 154
7 36 46 37.244 -121.39 334 317 110 200 2014 7 2 14 48 6 4 152
7 36 46 37.309 -121.47 326 313 100 200 2014 7 2 14 49 6 4 178
7 36 46 37.36 -121.56 326 304 100 200 2014 7 2 14 50 6 4 152
7 36 46 37.37 -121.53 303 313 85 200 2014 7 2 14 51 6 4 152
7 36 46 37.482 -121.7 282 317 60 200 2014 7 2 14 52 16 4 156
7 36 46 37.482 -121.7 282 317 60 200 2014 7 2 14 53 6 4 156
7 36 46 37.502 -121.8 287 310 60 200 2014 7 2 14 54 7 4 156
7 36 46 37.541 -121.97 262 285 44 200 2014 7 2 14 55 16 4 156
7 36 46 37.541 -121.97 262 285 44 200 2014 7 2 14 56 6 4 156
7 36 46 37.574 -122.03 229 294 38 200 2014 7 2 14 57 16 4 156
7 36 46 37.612 -122.08 206 294 28 200 2014 7 2 14 58 6 4 156
7 36 46 37.646 -122.13 202 309 18 200 2014 7 2 14 59 6 4 152
7 36 46 37.672 -122.17 165 311 11 200 2014 7 2 15 0 6 4 152
7 36 46 37.701 -122.21 142 310 2 200 2014 7 2 15 1 6 4 152
8 36 46 33.833 -118.18 178 0 16 300 2014 7 2 18 18 6 1 2
8 36 46 33.85 -118.23 223 300 36 300 2014 7 2 18 19 6 1 2
8 36 46 33.867 -118.32 258 296 62 300 2014 7 2 18 20 6 1 15
8 36 46 33.874 -118.33 234 286 63 300 2014 7 2 18 21 6 1 15
8 36 46 33.917 -118.5 293 284 90 300 2014 7 2 18 22 6 1 15
8 36 46 33.913 -118.52 288 295 90 300 2014 7 2 18 23 6 1 15
8 36 46 33.934 -118.63 291 281 90 300 2014 7 2 18 24 6 1 15
8 36 46 33.994 -118.7 300 295 90 300 2014 7 2 18 25 6 1 15
8 36 46 34.074 -118.67 302 0 90 300 2014 7 2 18 26 6 1 15
8 36 46 34.152 -118.66 300 13 101 300 2014 7 2 18 27 6 1 8
8 36 46 34.24 -118.67 312 12 126 300 2014 7 2 18 28 6 1 8
8 36 46 34.333 -118.69 334 11 149 300 2014 7 2 18 29 6 1 32
8 36 46 34.452 -118.71 384 351 159 300 2014 7 2 18 30 6 1 32
8 36 46 34.563 -118.74 411 350 176 300 2014 7 2 18 31 6 1 32
8 36 46 34.671 -118.79 417 339 197 300 2014 7 2 18 32 6 1 32
8 36 46 34.78 -118.85 428 338 217 300 2014 7 2 18 33 6 1 32
8 36 46 34.896 -118.95 449 336 230 300 2014 7 2 18 34 6 1 33
8 36 46 34.985 -119.04 467 324 238 300 2014 7 2 18 35 16 1 33
8 36 46 35.103 -119.15 458 321 263 300 2014 7 2 18 36 6 1 53
8 36 46 35.203 -119.25 458 321 279 300 2014 7 2 18 37 6 1 53
8 36 46 35.3 -119.35 454 321 297 300 2014 7 2 18 38 6 1 53
8 36 46 35.398 -119.44 461 321 300 300 2014 7 2 18 39 6 1 54
8 36 46 35.499 -119.54 466 321 300 300 2014 7 2 18 40 16 1 54
8 36 46 35.62 -119.66 468 321 300 300 2014 7 2 18 41 10 1 54
8 36 46 35.721 -119.77 469 320 300 300 2014 7 2 18 42 6 1 54
8 36 46 35.822 -119.87 470 320 300 300 2014 7 2 18 43 16 1 54
8 36 46 35.922 -119.97 470 320 299 300 2014 7 2 18 44 16 4 189
8 36 46 35.983 -120.03 470 320 299 300 2014 7 2 18 45 6 4 189
8 36 46 36.083 -120.13 471 320 300 300 2014 7 2 18 46 6 4 189
8 36 46 36.184 -120.23 471 320 300 280 2014 7 2 18 47 6 4 189
8 36 46 36.285 -120.34 471 320 300 280 2014 7 2 18 48 6 4 189
8 36 46 36.385 -120.44 467 320 297 280 2014 7 2 18 49 6 4 189
8 36 46 36.503 -120.56 462 320 281 280 2014 7 2 18 50 6 4 189
8 36 46 36.617 -120.68 467 320 261 280 2014 7 2 18 51 6 4 168
8 36 46 36.717 -120.78 449 320 238 280 2014 7 2 18 52 6 4 168
8 36 46 36.792 -120.86 447 320 220 280 2014 7 2 18 53 6 4 168
8 36 46 36.879 -120.97 437 316 200 280 2014 7 2 18 54 15 4 168
8 36 46 36.983 -121.08 430 315 170 280 2014 7 2 18 55 6 4 174
8 36 46 37.069 -121.19 422 321 144 280 2014 7 2 18 56 16 4 174
8 36 46 37.167 -121.28 386 311 133 280 2014 7 2 18 57 6 4 154
8 36 46 37.232 -121.38 397 315 115 280 2014 7 2 18 58 6 4 152
8 36 46 37.303 -121.46 374 321 105 280 2014 7 2 18 59 6 4 178
8 36 46 37.367 -121.53 291 317 86 280 2014 7 2 19 0 6 4 152
8 36 46 37.417 -121.58 295 319 70 280 2014 7 2 19 1 6 4 152
8 36 46 37.483 -121.65 278 316 60 280 2014 7 2 19 2 6 4 156
8 36 46 37.533 -121.72 276 316 60 280 2014 7 2 19 3 6 4 156
8 36 46 37.604 -121.8 274 313 60 280 2014 7 2 19 4 6 4 156
8 36 46 37.612 -121.89 260 296 60 280 2014 7 2 19 5 16 4 156
8 36 46 37.617 -121.95 208 277 56 280 2014 7 2 19 6 6 4 156
8 36 46 37.617 -122.02 205 273 44 280 2014 7 2 19 7 6 4 156
8 36 46 37.617 -122.08 200 274 31 280 2014 7 2 19 8 6 4 156
8 36 46 37.65 -122.13 167 275 19 280 2014 7 2 19 9 6 4 152
8 36 46 37.683 -122.18 141 311 10 280 2014 7 2 19 10 6 4 152
8 36 46 37.7 -122.22 131 310 3 280 2014 7 2 19 11 6 4 152
8 36 46 37.711 -122.23 142 302 280 280 2014 7 2 19 12 6 4 185
10 36 46 33.833 -118.18 155 0 18 300 2014 7 3 0 37 6 1 2
10 36 46 33.85 -118.25 213 300 38 300 2014 7 3 0 38 16 1 2
10 36 46 33.867 -118.32 220 294 59 300 2014 7 3 0 39 6 1 15
10 36 46 33.883 -118.4 284 286 68 300 2014 7 3 0 40 6 1 15
10 36 46 33.9 -118.5 303 284 90 300 2014 7 3 0 41 6 1 15
10 36 46 33.933 -118.6 295 284 94 300 2014 7 3 0 42 6 1 15
10 36 46 33.951 -118.62 303 291 105 300 2014 7 3 0 43 15 1 15
10 36 46 34.035 -118.64 304 298 130 300 2014 7 3 0 44 16 1 15
10 36 46 34.126 -118.64 315 356 144 300 2014 7 3 0 45 6 1 32
10 36 46 34.227 -118.63 362 354 154 300 2014 7 3 0 46 16 1 32
10 36 46 34.34 -118.63 401 2 175 300 2014 7 3 0 47 6 1 32
10 36 46 34.447 -118.68 416 353 200 300 2014 7 3 0 48 6 1 32
10 36 46 34.559 -118.74 415 337 221 300 2014 7 3 0 49 6 1 32
10 36 46 34.693 -118.81 423 336 241 300 2014 7 3 0 50 6 1 53
10 36 46 34.796 -118.87 434 337 256 300 2014 7 3 0 51 6 1 53
10 36 46 34.901 -118.95 441 322 274 300 2014 7 3 0 52 6 1 53
10 36 46 34.997 -119.05 441 321 291 300 2014 7 3 0 53 6 1 53
10 36 46 35.091 -119.14 441 321 300 300 2014 7 3 0 54 15 1 53
10 36 46 35.186 -119.24 441 321 300 300 2014 7 3 0 55 16 1 53
10 36 46 35.282 -119.33 441 321 300 300 2014 7 3 0 56 6 1 53
10 36 46 35.394 -119.44 439 321 299 300 2014 7 3 0 57 6 1 54
10 36 46 35.487 -119.53 438 320 299 300 2014 7 3 0 58 16 1 54
10 36 46 35.579 -119.62 436 320 300 300 2014 7 3 0 59 16 1 54
10 36 46 35.674 -119.72 435 321 300 300 2014 7 3 1 0 6 1 54
10 36 46 35.766 -119.81 435 321 300 300 2014 7 3 1 1 16 1 54
10 36 46 35.859 -119.9 436 321 299 300 2014 7 3 1 2 6 4 189
10 36 46 35.971 -120.02 437 320 300 300 2014 7 3 1 3 6 4 189
10 36 46 36.066 -120.11 437 320 300 300 2014 7 3 1 4 15 4 189
10 36 46 36.159 -120.21 437 320 300 280 2014 7 3 1 5 6 4 189
10 36 46 36.157 -120.21 437 321 300 280 2014 7 3 1 6 6 4 189
10 36 46 36.344 -120.4 437 320 300 200 2014 7 3 1 7 6 4 189
10 36 46 36.437 -120.49 436 321 296 200 2014 7 3 1 8 6 4 189
10 36 46 36.526 -120.59 422 321 284 200 2014 7 3 1 9 6 4 189
10 36 46 36.614 -120.67 413 316 264 200 2014 7 3 1 10 6 4 168
10 36 46 36.699 -120.76 404 321 243 200 2014 7 3 1 11 16 4 168
10 36 46 36.783 -120.85 396 320 224 200 2014 7 3 1 12 6 4 168
10 36 46 36.85 -120.95 382 318 206 200 2014 7 3 1 13 6 4 168
10 36 46 36.933 -121.03 379 315 188 200 2014 7 3 1 14 6 4 174
10 36 46 37.03 -121.14 372 321 166 200 2014 7 3 1 15 16 4 174
10 36 46 37.104 -121.23 365 315 148 200 2014 7 3 1 16 15 4 174
10 36 46 37.167 -121.3 353 317 135 200 2014 7 3 1 17 6 4 154
10 36 46 37.233 -121.37 341 317 120 200 2014 7 3 1 18 6 4 154
10 36 46 37.3 -121.45 329 317 104 200 2014 7 3 1 19 15 4 178
10 36 46 37.313 -121.47 334 315 99 200 2014 7 3 1 20 6 4 178
10 36 46 37.417 -121.58 289 317 73 200 2014 7 3 1 21 15 4 152
10 36 46 37.467 -121.67 280 317 62 200 2014 7 3 1 22 6 4 156
10 36 46 37.483 -121.75 267 295 60 200 2014 7 3 1 23 6 4 156
10 36 46 37.5 -121.83 239 288 52 200 2014 7 3 1 24 16 4 156
10 36 46 37.533 -121.92 237 288 50 200 2014 7 3 1 25 6 4 156
10 36 46 37.55 -121.98 230 288 41 200 2014 7 3 1 26 6 4 156
10 36 46 37.583 -122.05 218 298 35 200 2014 7 3 1 27 6 4 156
10 36 46 37.633 -122.1 207 310 24 200 2014 7 3 1 28 15 4 152
10 36 46 37.65 -122.15 156 309 15 200 2014 7 3 1 29 16 4 152
10 36 46 37.683 -122.18 121 310 8 200 2014 7 3 1 30 16 4 152
10 36 46 37.693 -122.2 139 321 4 200 2014 7 3 1 31 6 4 152
10 36 46 37.714 -122.23 128 310 200 200 2014 7 3 1 32 17 4 155
11 36 46 33.848 -118.2 204 320 21 300 2014 7 3 14 12 6 1 2
11 36 46 33.862 -118.27 220 286 51 300 2014 7 3 14 13 6 1 15
11 36 46 33.913 -118.32 244 301 71 300 2014 7 3 14 14 6 1 15
11 36 46 33.981 -118.37 266 328 110 300 2014 7 3 14 15 6 1 15
11 36 46 34.07 -118.42 302 332 134 300 2014 7 3 14 16 6 1 21
11 36 46 34.158 -118.47 369 337 148 300 2014 7 3 14 17 6 1 32
11 36 46 34.255 -118.53 391 333 170 300 2014 7 3 14 18 6 1 32
11 36 46 34.225 -118.66 391 253 170 300 2014 7 3 14 19 6 1 32
11 36 46 34.457 -118.65 407 333 213 300 2014 7 3 14 20 6 1 32
11 36 46 34.544 -118.74 407 320 213 300 2014 7 3 14 21 6 1 32
11 36 46 34.629 -118.76 418 333 241 300 2014 7 3 14 22 6 1 53
11 36 46 34.761 -118.83 433 333 258 300 2014 7 3 14 23 6 1 53
11 36 46 34.866 -118.92 451 332 272 300 2014 7 3 14 24 6 1 53
11 36 46 34.964 -119.02 451 322 291 300 2014 7 3 14 25 6 1 53
11 36 46 35.061 -119.11 448 321 300 300 2014 7 3 14 26 6 1 53
11 36 46 35.157 -119.21 446 321 299 300 2014 7 3 14 27 7 1 53
11 36 46 35.253 -119.3 446 321 299 300 2014 7 3 14 28 6 1 53
11 36 46 35.35 -119.4 446 321 300 300 2014 7 3 14 29 6 1 54
11 36 46 35.406 -119.45 445 321 299 300 2014 7 3 14 30 6 1 54
11 36 46 35.502 -119.55 445 321 299 300 2014 7 3 14 31 6 1 54
11 36 46 35.597 -119.64 445 321 299 300 2014 7 3 14 32 6 1 54
11 36 46 35.751 -119.8 444 321 299 300 2014 7 3 14 33 6 1 54
11 36 46 35.787 -119.83 444 320 299 300 2014 7 3 14 34 6 1 54
11 36 46 35.938 -119.98 442 320 299 300 2014 7 3 14 35 6 4 189
11 36 46 36.033 -120.08 442 320 299 300 2014 7 3 14 36 6 4 189
11 36 46 36.089 -120.14 442 320 299 300 2014 7 3 14 37 6 4 189
11 36 46 36.183 -120.23 441 320 299 300 2014 7 3 14 38 6 4 189
11 36 46 36.24 -120.29 440 320 299 300 2014 7 3 14 39 6 4 189
11 36 46 36.333 -120.39 439 320 300 300 2014 7 3 14 40 6 4 189
11 36 46 36.428 -120.48 438 320 299 280 2014 7 3 14 41 6 4 189
11 36 46 36.52 -120.58 437 320 299 200 2014 7 3 14 42 6 4 189
11 36 46 36.683 -120.75 441 320 264 200 2014 7 3 14 43 6 4 168
11 36 46 36.767 -120.83 433 320 229 200 2014 7 3 14 44 6 4 168
11 36 46 36.85 -120.93 414 317 205 200 2014 7 3 14 45 6 4 168
11 36 46 36.933 -121.03 366 317 185 200 2014 7 3 14 46 14 4 174
11 36 46 37 -121.1 362 316 166 200 2014 7 3 14 47 6 4 174
11 36 46 37.067 -121.18 350 317 149 200 2014 7 3 14 48 6 4 174
11 36 46 37.15 -121.27 337 317 132 200 2014 7 3 14 49 6 4 154
11 36 46 37.2 -121.33 325 317 118 200 2014 7 3 14 50 6 4 154
11 36 46 37.267 -121.42 304 317 103 200 2014 7 3 14 51 6 4 178
11 36 46 37.333 -121.5 297 316 88 200 2014 7 3 14 52 9 4 178
11 36 46 37.371 -121.54 300 317 80 200 2014 7 3 14 53 6 4 152
11 36 46 37.428 -121.6 287 313 65 200 2014 7 3 14 54 6 4 152
11 36 46 37.484 -121.69 287 307 59 200 2014 7 3 14 55 6 4 156
11 36 46 37.504 -121.79 280 284 57 200 2014 7 3 14 56 6 4 156
11 36 46 37.522 -121.87 261 284 51 200 2014 7 3 14 57 6 4 156
11 36 46 37.536 -121.94 229 284 44 200 2014 7 3 14 58 6 4 156
11 36 46 37.561 -122.01 203 310 37 200 2014 7 3 14 59 6 4 156
11 36 46 37.594 -122.06 191 310 29 200 2014 7 3 15 0 6 4 156
11 36 46 37.627 -122.1 190 292 24 200 2014 7 3 15 1 7 4 152
11 36 46 37.653 -122.14 167 321 16 200 2014 7 3 15 2 6 4 152
11 36 46 37.676 -122.18 146 310 8 200 2014 7 3 15 3 6 4 152
11 36 46 37.704 -122.22 134 321 200 200 2014 7 3 15 4 6 4 152
15 36 46 33.818 -118.15 153 0 0 300 2014 7 4 22 24 6 1 2
15 36 46 33.85 -118.23 215 321 27 300 2014 7 4 22 25 15 1 2
15 36 46 33.85 -118.23 215 321 27 300 2014 7 4 22 26 6 1 2
15 36 46 33.91 -118.38 258 292 89 300 2014 7 4 22 27 15 1 15
15 36 46 33.91 -118.38 258 292 89 300 2014 7 4 22 28 6 1 15
15 36 46 33.963 -118.45 307 303 111 300 2014 7 4 22 29 6 1 15
15 36 46 34.056 -118.49 311 306 137 300 2014 7 4 22 30 16 1 21
15 36 46 34.142 -118.53 317 330 149 300 2014 7 4 22 31 15 1 32
15 36 46 34.239 -118.58 372 338 158 300 2014 7 4 22 32 6 1 32
15 36 46 34.343 -118.63 402 337 183 300 2014 7 4 22 33 6 1 32
15 36 46 34.449 -118.68 410 338 202 300 2014 7 4 22 34 6 1 32
15 36 46 34.559 -118.74 425 338 221 300 2014 7 4 22 35 15 1 32
15 36 46 34.669 -118.79 429 338 236 300 2014 7 4 22 36 6 1 32
15 36 46 34.857 -118.91 450 336 262 300 2014 7 4 22 37 17 1 53
15 36 46 34.898 -118.95 454 329 268 300 2014 7 4 22 38 6 1 53
15 36 46 35.056 -119.11 455 320 296 300 2014 7 4 22 39 15 1 53
15 36 46 35.173 -119.22 456 321 299 300 2014 7 4 22 40 15 1 53
15 36 46 35.194 -119.24 456 320 300 300 2014 7 4 22 41 6 1 53
15 36 46 35.292 -119.34 455 321 300 300 2014 7 4 22 42 15 1 53
15 36 46 35.389 -119.43 451 321 299 300 2014 7 4 22 43 16 1 54
15 36 46 35.501 -119.55 442 320 299 300 2014 7 4 22 44 15 1 54
15 36 46 35.596 -119.64 442 321 299 300 2014 7 4 22 45 6 1 54
15 36 46 35.691 -119.74 442 320 300 300 2014 7 4 22 46 16 1 54
15 36 46 35.787 -119.83 443 320 300 300 2014 7 4 22 47 15 1 54
15 36 46 35.883 -119.93 445 320 300 300 2014 7 4 22 48 15 4 189
15 36 46 36.034 -120.08 446 320 300 280 2014 7 4 22 49 15 4 189
15 36 46 36.072 -120.12 445 321 300 280 2014 7 4 22 50 6 4 189
15 36 46 36.187 -120.24 446 320 300 280 2014 7 4 22 51 6 4 189
15 36 46 36.245 -120.29 448 320 300 280 2014 7 4 22 52 15 4 189
15 36 46 36.341 -120.39 448 321 293 280 2014 7 4 22 53 6 4 189
15 36 46 36.437 -120.49 448 321 275 280 2014 7 4 22 54 6 4 168
15 36 46 36.534 -120.59 455 320 255 280 2014 7 4 22 55 15 4 168
15 36 46 36.667 -120.73 444 320 228 280 2014 7 4 22 56 16 4 168
15 36 46 36.75 -120.82 435 320 209 280 2014 7 4 22 57 6 4 168
15 36 46 36.833 -120.92 422 318 192 280 2014 7 4 22 58 6 4 174
15 36 46 36.917 -121.02 404 316 171 280 2014 7 4 22 59 16 4 174
15 36 46 37 -121.1 395 317 151 280 2014 7 4 23 0 16 4 174
15 36 46 37.083 -121.2 387 317 133 280 2014 7 4 23 1 16 4 154
15 36 46 37.167 -121.3 374 317 115 280 2014 7 4 23 2 6 4 154
15 36 46 37.233 -121.38 352 317 101 280 2014 7 4 23 3 15 4 152
15 36 46 37.3 -121.45 309 316 99 280 2014 7 4 23 4 6 4 178
15 36 46 37.367 -121.53 303 318 90 280 2014 7 4 23 5 6 4 152
15 36 46 37.417 -121.6 296 316 77 280 2014 7 4 23 6 6 4 152
15 36 46 37.45 -121.68 279 296 66 280 2014 7 4 23 7 15 4 152
15 36 46 37.483 -121.77 244 297 57 280 2014 7 4 23 8 6 4 156
15 36 46 37.517 -121.83 230 298 50 280 2014 7 4 23 9 6 4 156
15 36 46 37.533 -121.9 224 298 42 280 2014 7 4 23 10 16 4 156
15 36 46 37.567 -121.98 204 294 36 280 2014 7 4 23 11 15 4 156
15 36 46 37.583 -122.03 191 289 31 280 2014 7 4 23 12 16 4 156
15 36 46 37.617 -122.08 189 303 25 280 2014 7 4 23 13 16 4 156
15 36 46 37.65 -122.13 160 311 18 280 2014 7 4 23 14 6 4 152
15 36 46 37.667 -122.17 131 310 12 280 2014 7 4 23 15 15 4 152
15 36 46 37.693 -122.2 130 321 4 280 2014 7 4 23 16 6 4 152
15 36 46 37.714 -122.23 122 312 280 280 2014 7 4 23 17 6 4 185
16 36 46 33.818 -118.15 153 0 0 300 2014 7 4 0 41 7 1 2
16 36 46 33.867 -118.27 226 308 42 300 2014 7 4 0 42 6 1 15
16 36 46 33.883 -118.33 233 281 66 300 2014 7 4 0 43 6 1 15
16 36 46 33.879 -118.35 231 286 73 300 2014 7 4 0 44 6 1 15
16 36 46 33.896 -118.43 245 283 91 300 2014 7 4 0 45 6 1 15
16 36 46 33.924 -118.55 299 281 91 300 2014 7 4 0 46 6 1 15
16 36 46 33.947 -118.64 299 334 91 300 2014 7 4 0 47 6 1 15
16 36 46 34.026 -118.69 304 286 91 300 2014 7 4 0 48 6 1 15
16 36 46 34.105 -118.67 305 309 91 300 2014 7 4 0 49 6 1 8
16 36 46 34.187 -118.65 302 350 98 300 2014 7 4 0 50 6 1 8
16 36 46 34.272 -118.62 308 12 126 300 2014 7 4 0 51 6 1 8
16 36 46 34.377 -118.65 331 12 148 300 2014 7 4 0 52 6 1 32
16 36 46 34.463 -118.69 338 0 168 300 2014 7 4 0 53 6 1 32
16 36 46 34.559 -118.74 369 343 184 300 2014 7 4 0 54 6 1 32
16 36 46 34.661 -118.79 400 337 200 300 2014 7 4 0 55 6 1 32
16 36 46 34.776 -118.85 409 336 215 300 2014 7 4 0 56 6 1 32
16 36 46 34.876 -118.93 431 326 230 300 2014 7 4 0 57 6 1 32
16 36 46 34.989 -119.04 437 321 250 300 2014 7 4 0 58 15 1 53
16 36 46 35.086 -119.14 439 321 263 300 2014 7 4 0 59 6 1 53
16 36 46 35.184 -119.23 448 321 275 300 2014 7 4 1 0 6 1 53
16 36 46 35.282 -119.33 450 321 294 300 2014 7 4 1 1 7 1 53
16 36 46 35.38 -119.42 450 321 300 300 2014 7 4 1 2 16 1 54
16 36 46 35.476 -119.52 450 320 300 300 2014 7 4 1 3 6 1 54
16 36 46 35.591 -119.64 448 321 299 300 2014 7 4 1 4 6 1 54
16 36 46 35.669 -119.71 447 320 299 300 2014 7 4 1 5 6 1 54
16 36 46 35.782 -119.83 446 320 300 300 2014 7 4 1 6 6 1 54
16 36 46 35.877 -119.92 446 320 300 300 2014 7 4 1 7 6 4 189
16 36 46 35.974 -120.02 445 320 300 300 2014 7 4 1 8 6 4 189
16 36 46 36.069 -120.12 446 320 300 300 2014 7 4 1 9 6 4 189
16 36 46 36.069 -120.12 447 320 300 300 2014 7 4 1 10 13 4 189
16 36 46 36.185 -120.24 448 320 300 300 2014 7 4 1 11 6 4 189
16 36 46 36.28 -120.33 447 320 300 300 2014 7 4 1 12 6 4 189
16 36 46 36.375 -120.43 446 320 300 300 2014 7 4 1 13 6 4 189
16 36 46 36.469 -120.53 446 321 292 300 2014 7 4 1 14 6 4 189
16 36 46 36.559 -120.62 428 320 274 300 2014 7 4 1 15 6 4 168
16 36 46 36.646 -120.71 407 320 255 300 2014 7 4 1 16 6 4 168
16 36 46 36.732 -120.8 403 320 235 300 2014 7 4 1 17 6 4 168
16 36 46 36.826 -120.9 396 321 213 300 2014 7 4 1 18 6 4 168
16 36 46 36.903 -121 387 318 200 300 2014 7 4 1 19 16 4 168
16 36 46 37 -121.12 378 317 200 300 2014 7 4 1 20 6 4 168
16 36 46 37.083 -121.22 390 316 154 300 2014 7 4 1 21 6 4 174
16 36 46 37.167 -121.3 397 318 119 300 2014 7 4 1 22 6 4 154
16 36 46 37.233 -121.38 358 317 100 300 2014 7 4 1 23 6 4 152
16 36 46 37.3 -121.47 301 314 100 300 2014 7 4 1 24 6 4 178
16 36 46 37.367 -121.53 299 319 87 300 2014 7 4 1 25 6 4 152
16 36 46 37.433 -121.6 296 316 72 300 2014 7 4 1 26 6 4 152
16 36 46 37.483 -121.67 293 316 60 300 2014 7 4 1 27 6 4 156
16 36 46 37.526 -121.74 293 308 57 300 2014 7 4 1 28 6 4 156
16 36 46 37.552 -121.83 277 281 50 300 2014 7 4 1 29 6 4 156
16 36 46 37.577 -121.92 276 296 44 300 2014 7 4 1 30 6 4 156
16 36 46 37.6 -122.02 234 284 37 300 2014 7 4 1 31 7 4 156
16 36 46 37.617 -122.08 220 286 29 300 2014 7 4 1 32 6 4 156
16 36 46 37.65 -122.13 170 304 18 300 2014 7 4 1 33 6 4 152
16 36 46 37.676 -122.18 163 310 10 300 2014 7 4 1 34 7 4 152
17 36 46 33.9 -118.55 285 281 90 300 2014 7 4 16 14 6 1 15
17 36 46 33.9 -118.63 291 265 90 300 2014 7 4 16 15 16 1 15
17 36 46 33.901 -118.66 291 270 90 300 2014 7 4 16 16 6 1 15
17 36 46 33.976 -118.73 308 345 90 300 2014 7 4 16 17 15 1 15
17 36 46 34.055 -118.75 315 312 91 300 2014 7 4 16 18 6 1 15
17 36 46 34.12 -118.7 303 336 90 300 2014 7 4 16 19 15 1 8
17 36 46 34.195 -118.64 311 10 117 300 2014 7 4 16 20 6 1 8
17 36 46 34.292 -118.63 323 31 150 300 2014 7 4 16 21 6 1 32
17 36 46 34.378 -118.67 326 355 175 300 2014 7 4 16 22 16 1 32
17 36 46 34.468 -118.71 344 339 196 300 2014 7 4 16 23 6 1 32
17 36 46 34.562 -118.75 357 338 218 300 2014 7 4 16 24 15 1 32
17 36 46 34.656 -118.79 365 339 239 300 2014 7 4 16 25 15 1 32
17 36 46 34.754 -118.84 375 339 248 300 2014 7 4 16 26 15 1 53
17 36 46 34.876 -118.93 437 333 255 300 2014 7 4 16 27 6 1 53
17 36 46 34.964 -119.02 444 320 268 300 2014 7 4 16 28 16 1 53
17 36 46 35.065 -119.12 458 321 283 300 2014 7 4 16 29 6 1 53
17 36 46 35.183 -119.23 451 321 300 300 2014 7 4 16 30 16 1 53
17 36 46 35.28 -119.33 450 321 299 300 2014 7 4 16 31 6 1 53
17 36 46 35.378 -119.42 450 321 300 300 2014 7 4 16 32 16 1 54
17 36 46 35.475 -119.52 451 320 300 300 2014 7 4 16 33 6 1 54
17 36 46 35.571 -119.62 451 321 300 300 2014 7 4 16 34 16 1 54
17 36 46 35.688 -119.73 451 321 300 300 2014 7 4 16 35 15 1 54
17 36 46 35.743 -119.79 449 321 300 300 2014 7 4 16 36 6 1 54
17 36 46 35.839 -119.88 448 320 299 300 2014 7 4 16 37 16 1 54
17 36 46 35.934 -119.98 448 320 300 300 2014 7 4 16 38 6 4 189
17 36 46 36.029 -120.08 448 320 300 280 2014 7 4 16 39 6 4 189
17 36 46 36.125 -120.17 446 320 300 200 2014 7 4 16 40 7 4 189
17 36 46 36.22 -120.27 446 320 300 200 2014 7 4 16 41 15 4 189
17 36 46 36.334 -120.39 444 320 300 200 2014 7 4 16 42 16 4 189
17 36 46 36.428 -120.48 444 321 294 200 2014 7 4 16 43 6 4 189
17 36 46 36.518 -120.58 432 320 284 200 2014 7 4 16 44 16 4 189
17 36 46 36.65 -120.7 423 320 256 200 2014 7 4 16 45 6 4 168
17 36 46 36.733 -120.8 415 319 236 200 2014 7 4 16 46 15 4 168
17 36 46 36.8 -120.88 399 319 215 200 2014 7 4 16 47 6 4 168
17 36 46 36.883 -120.97 379 316 195 200 2014 7 4 16 48 6 4 174
17 36 46 36.95 -121.05 366 316 179 200 2014 7 4 16 49 15 4 174
17 36 46 37.033 -121.13 357 315 162 200 2014 7 4 16 50 6 4 174
17 36 46 37.1 -121.22 344 317 145 200 2014 7 4 16 51 6 4 174
17 36 46 37.159 -121.29 344 317 131 200 2014 7 4 16 52 6 4 154
17 36 46 37.233 -121.38 326 316 113 200 2014 7 4 16 53 15 4 152
17 36 46 37.3 -121.45 312 315 99 200 2014 7 4 16 54 16 4 178
17 36 46 37.354 -121.52 320 318 86 200 2014 7 4 16 55 6 4 152
17 36 46 37.415 -121.59 309 317 70 200 2014 7 4 16 56 6 4 152
17 36 46 37.457 -121.67 293 305 59 200 2014 7 4 16 57 16 4 156
17 36 46 37.491 -121.77 291 292 59 200 2014 7 4 16 58 16 4 156
17 36 46 37.533 -121.87 283 294 51 200 2014 7 4 16 59 15 4 156
17 36 46 37.567 -121.97 279 295 41 200 2014 7 4 17 0 6 4 156
17 36 46 37.583 -122.05 278 293 36 200 2014 7 4 17 1 6 4 156
17 36 46 37.633 -122.12 247 290 20 200 2014 7 4 17 2 6 4 152
17 36 46 37.667 -122.17 196 313 14 200 2014 7 4 17 3 6 4 152
17 36 46 37.7 -122.2 138 310 4 200 2014 7 4 17 4 6 4 152
17 36 46 37.7 -122.21 173 321 2 200 2014 7 4 17 5 15 4 152
