1 36 57 33.833 -118.17 167 0 9 310 2014 7 4 2 41 6 1 2
1 36 57 33.85 -118.22 216 315 28 310 2014 7 4 2 42 6 1 2
1 36 57 33.828 -118.24 227 291 30 310 2014 7 4 2 43 6 1 2
1 36 57 33.767 -118.26 224 243 56 310 2014 7 4 2 44 6 1 2
1 36 57 33.716 -118.23 241 161 82 310 2014 7 4 2 45 6 1 2
1 36 57 33.712 -118.15 259 177 95 310 2014 7 4 2 46 6 1 2
1 36 57 33.705 -118.05 300 121 112 310 2014 7 4 2 47 15 1 2
1 36 57 33.691 -117.93 334 94 133 310 2014 7 4 2 48 16 1 18
1 36 57 33.688 -117.79 362 96 154 310 2014 7 4 2 49 6 1 18
1 36 57 33.684 -117.66 386 94 177 310 2014 7 4 2 50 6 1 18
1 36 57 33.679 -117.53 387 91 195 310 2014 7 4 2 51 6 1 18
1 36 57 33.675 -117.4 393 92 213 310 2014 7 4 2 52 6 1 18
1 36 57 33.671 -117.27 402 92 227 310 2014 7 4 2 53 6 1 18
1 36 57 33.666 -117.12 418 92 243 310 2014 7 4 2 54 6 1 51
1 36 57 33.661 -116.98 430 92 254 310 2014 7 4 2 55 6 1 51
1 36 57 33.655 -116.82 449 92 268 310 2014 7 4 2 56 6 1 41
1 36 57 33.649 -116.67 450 92 280 310 2014 7 4 2 57 6 1 41
1 36 57 33.644 -116.51 457 92 292 310 2014 7 4 2 58 16 1 41
1 36 57 33.636 -116.36 462 92 301 310 2014 7 4 2 59 6 1 41
1 36 57 33.628 -116.16 477 92 308 310 2014 7 4 3 0 6 1 41
1 36 57 33.615 -116 490 93 310 310 2014 7 4 3 1 16 1 41
1 36 57 33.604 -115.84 489 93 310 310 2014 7 4 3 2 6 1 41
1 36 57 33.596 -115.67 489 80 310 310 2014 7 4 3 3 6 1 41
1 36 57 33.595 -115.51 489 94 310 310 2014 7 4 3 4 16 1 41
1 36 57 33.597 -115.35 487 91 310 310 2014 7 4 3 5 16 1 41
1 36 57 33.596 -115.19 487 89 304 310 2014 7 4 3 6 6 1 39
1 36 57 33.595 -115.03 486 89 297 310 2014 7 4 3 7 6 1 39
1 36 57 33.6 -114.9 487 90 291 310 2014 7 4 3 8 6 1 39
1 36 57 33.595 -114.7 412 90 280 310 2014 7 4 3 9 16 1 39
1 36 57 33.649 -114.65 403 87 280 310 2014 7 4 3 10 6 1 39
1 36 57 33.756 -114.67 406 28 280 310 2014 7 4 3 11 6 1 39
1 36 57 33.803 -114.85 407 289 280 270 2014 7 4 3 12 16 1 39
1 36 57 33.826 -114.99 407 280 271 250 2014 7 4 3 13 16 1 39
1 36 57 33.824 -115.09 391 281 258 250 2014 7 4 3 14 6 1 41
1 36 57 33.738 -115.15 375 261 250 250 2014 7 4 3 15 6 1 41
1 36 57 33.641 -115.03 395 146 250 250 2014 7 4 3 16 15 1 39
1 36 57 33.634 -114.96 384 122 250 250 2014 7 4 3 17 6 1 39
1 36 57 33.609 -114.83 385 103 250 250 2014 7 4 3 18 6 1 39
1 36 57 33.568 -114.65 396 102 250 250 2014 7 4 3 19 16 1 39
1 36 57 33.559 -114.57 403 102 250 250 2014 7 4 3 20 6 1 39
1 36 57 33.534 -114.44 410 101 250 250 2014 7 4 3 21 6 1 39
1 36 57 33.507 -114.3 411 102 250 250 2014 7 4 3 22 15 1 39
1 36 57 33.481 -114.17 414 103 250 250 2014 7 4 3 23 15 1 39
1 36 57 33.449 -114 417 103 250 250 2014 7 4 3 24 16 1 39
1 36 57 33.421 -113.87 423 102 250 250 2014 7 4 3 25 15 2 64
1 36 57 33.4 -113.73 422 103 250 75 2014 7 4 3 26 6 2 64
1 36 57 33.407 -113.6 399 92 236 75 2014 7 4 3 27 6 2 64
1 36 57 33.411 -113.48 373 87 222 75 2014 7 4 3 28 6 2 64
1 36 57 33.415 -113.37 344 87 208 75 2014 7 4 3 29 16 2 64
1 36 57 33.417 -113.26 331 88 194 75 2014 7 4 3 30 7 2 64
1 36 57 33.42 -113.15 329 88 180 75 2014 7 4 3 31 6 2 64
1 36 57 33.422 -113.08 327 87 170 75 2014 7 4 3 32 6 2 64
1 36 57 33.424 -113.04 329 87 166 75 2014 7 4 3 33 6 2 63
1 36 57 33.427 -112.93 332 87 152 75 2014 7 4 3 34 6 2 63
1 36 57 33.451 -112.83 313 87 150 75 2014 7 4 3 35 6 2 63
1 36 57 33.559 -112.82 334 46 148 250 2014 7 4 3 36 6 2 74
1 36 57 33.591 -113.01 350 283 162 220 2014 7 4 3 37 16 2 63
1 36 57 33.603 -113.12 358 276 186 220 2014 7 4 3 38 15 2 63
1 36 57 33.611 -113.2 366 277 197 220 2014 7 4 3 39 16 2 63
1 36 57 33.623 -113.32 367 276 211 220 2014 7 4 3 40 16 2 63
1 36 57 33.636 -113.44 370 277 219 220 2014 7 4 3 41 6 2 63
1 36 57 33.649 -113.58 406 276 220 220 2014 7 4 3 42 6 2 63
1 36 57 33.664 -113.72 438 277 220 220 2014 7 4 3 43 6 2 63
1 36 57 33.682 -113.9 440 276 220 220 2014 7 4 3 44 16 2 63
1 36 57 33.696 -114.04 428 277 220 220 2014 7 4 3 45 15 1 27
1 36 57 33.709 -114.17 417 276 220 220 2014 7 4 3 46 6 1 27
1 36 57 33.723 -114.32 421 276 220 220 2014 7 4 3 47 16 1 27
1 36 57 33.736 -114.45 422 277 220 220 2014 7 4 3 48 15 1 27
1 36 57 33.75 -114.59 422 276 220 110 2014 7 4 3 49 16 1 27
1 36 57 33.766 -114.73 427 276 210 110 2014 7 4 3 50 17 1 27
1 36 57 33.78 -114.88 427 276 210 110 2014 7 4 3 51 6 1 27
1 36 57 33.804 -115.05 430 277 186 110 2014 7 4 3 52 16 1 27
1 36 57 33.82 -115.19 427 278 173 110 2014 7 4 3 53 16 1 27
1 36 57 33.829 -115.33 427 274 173 110 2014 7 4 3 54 16 1 27
1 36 57 33.838 -115.47 427 274 173 110 2014 7 4 3 55 24 1 27
1 36 57 33.849 -115.46 413 278 148 110 2014 7 4 3 56 6 1 27
1 36 57 33.866 -115.59 407 277 135 110 2014 7 4 3 57 6 1 27
1 36 57 33.895 -115.87 391 276 109 110 2014 7 4 3 58 15 1 27
1 36 57 33.9 -115.92 387 277 111 110 2014 7 4 3 59 6 1 27
1 36 57 33.916 -116.04 387 278 111 110 2014 7 4 4 0 6 1 4
1 36 57 33.883 -116.13 307 269 95 110 2014 7 4 4 1 6 1 4
1 36 57 33.883 -116.23 282 266 79 110 2014 7 4 4 2 6 1 4
1 36 57 33.883 -116.32 247 265 61 110 2014 7 4 4 3 16 1 4
1 36 57 33.883 -116.4 232 266 39 110 2014 7 4 4 4 6 1 4
1 36 57 33.883 -116.47 203 270 25 110 2014 7 4 4 5 16 1 4
1 36 57 33.883 -116.52 170 275 17 110 2014 7 4 4 6 6 1 4
1 36 57 33.833 -116.52 144 270 8 110 2014 7 4 4 7 6 1 4
