1 36 69 33.85 -118.18 180 0 18 370 2014 7 1 21 58 16 1 2
1 36 69 33.848 -118.2 253 320 20 370 2014 7 1 21 59 6 1 2
1 36 69 33.796 -118.24 218 306 45 370 2014 7 1 22 0 6 1 2
1 36 69 33.73 -118.25 234 219 70 370 2014 7 1 22 1 10 1 2
1 36 69 33.665 -118.24 258 200 94 370 2014 7 1 22 2 6 1 2
1 36 69 33.68 -118.15 280 182 121 370 2014 7 1 22 3 6 1 2
1 36 69 33.751 -118.08 316 87 131 370 2014 7 1 22 4 6 1 18
1 36 69 33.832 -118.01 362 52 150 370 2014 7 1 22 5 6 1 18
1 36 69 33.915 -117.94 371 36 170 370 2014 7 1 22 6 6 1 18
1 36 69 34.002 -117.86 384 36 185 370 2014 7 1 22 7 6 1 18
1 36 69 34.109 -117.75 411 36 207 370 2014 7 1 22 8 15 1 21
1 36 69 34.188 -117.64 428 38 221 370 2014 7 1 22 9 6 1 21
1 36 69 34.269 -117.53 432 43 239 370 2014 7 1 22 10 6 1 21
1 36 69 34.351 -117.42 445 48 253 370 2014 7 1 22 11 6 1 43
1 36 69 34.438 -117.3 453 48 264 370 2014 7 1 22 12 16 1 43
1 36 69 34.523 -117.18 469 48 277 370 2014 7 1 22 13 16 1 43
1 36 69 34.61 -117.06 472 48 290 370 2014 7 1 22 14 16 1 43
1 36 69 34.697 -116.94 475 48 302 370 2014 7 1 22 15 16 1 43
1 36 69 34.802 -116.8 477 48 316 370 2014 7 1 22 16 6 1 43
1 36 69 34.89 -116.67 483 48 327 370 2014 7 1 22 17 6 1 43
1 36 69 34.979 -116.55 484 48 341 370 2014 7 1 22 18 6 1 43
1 36 69 35.073 -116.44 484 48 350 370 2014 7 1 22 19 6 1 43
1 36 69 35.164 -116.32 476 46 360 370 2014 7 1 22 20 6 1 43
1 36 69 35.257 -116.21 476 44 367 370 2014 7 1 22 21 6 1 43
1 36 69 35.365 -116.07 474 45 370 370 2014 7 1 22 22 15 1 43
1 36 69 35.456 -115.95 473 45 370 370 2014 7 1 22 23 6 1 43
1 36 69 35.541 -115.85 478 45 370 370 2014 7 1 22 24 16 1 43
1 36 69 35.649 -115.71 471 46 370 370 2014 7 1 22 25 6 1 47
1 36 69 35.74 -115.59 470 46 370 370 2014 7 1 22 26 6 1 47
1 36 69 35.83 -115.48 470 45 370 370 2014 7 1 22 27 6 1 47
1 36 69 35.92 -115.36 470 45 370 370 2014 7 1 22 28 6 1 47
1 36 69 36.009 -115.25 469 47 370 370 2014 7 1 22 29 6 1 47
1 36 69 36.061 -115.18 472 46 370 370 2014 7 1 22 30 6 1 47
1 36 69 36.153 -115.07 472 46 370 370 2014 7 1 22 31 6 1 47
1 36 69 36.297 -114.88 467 45 370 370 2014 7 1 22 32 15 1 47
1 36 69 36.388 -114.77 467 45 370 370 2014 7 1 22 33 16 1 47
1 36 69 36.477 -114.65 467 45 370 370 2014 7 1 22 34 16 1 49
1 36 69 36.566 -114.53 468 46 370 370 2014 7 1 22 35 17 1 49
1 36 69 36.623 -114.46 471 47 370 370 2014 7 1 22 36 13 1 49
1 36 69 36.729 -114.37 462 41 370 370 2014 7 1 22 37 16 1 49
1 36 69 36.838 -114.28 464 33 370 370 2014 7 1 22 38 6 1 49
1 36 69 36.954 -114.19 464 32 368 330 2014 7 1 22 39 6 1 49
1 36 69 37.062 -114.1 464 32 359 330 2014 7 1 22 40 16 1 49
1 36 69 37.17 -114.01 465 33 349 330 2014 7 1 22 41 6 1 49
1 36 69 37.279 -113.92 465 32 339 330 2014 7 1 22 42 6 1 48
1 36 69 37.408 -113.82 465 33 330 330 2014 7 1 22 43 6 1 48
1 36 69 37.451 -113.78 464 33 330 330 2014 7 1 22 44 6 1 48
1 36 69 37.62 -113.64 455 33 330 330 2014 7 1 22 45 6 1 48
1 36 69 37.663 -113.6 457 33 330 330 2014 7 1 22 46 6 1 48
1 36 69 37.833 -113.46 456 33 330 330 2014 7 1 22 47 16 5 205
1 36 69 37.94 -113.37 457 33 330 330 2014 7 1 22 48 6 5 205
1 36 69 38.049 -113.28 462 33 330 330 2014 7 1 22 49 6 5 205
1 36 69 38.116 -113.22 477 33 330 330 2014 7 1 22 50 6 5 205
1 36 69 38.229 -113.13 481 34 330 330 2014 7 1 22 51 6 5 205
1 36 69 38.295 -113.07 480 33 330 330 2014 7 1 22 52 6 5 205
1 36 69 38.411 -112.98 481 33 330 310 2014 7 1 22 53 6 5 205
1 36 69 38.658 -112.86 480 25 317 310 2014 7 1 22 54 16 5 205
1 36 69 38.784 -112.8 480 17 317 310 2014 7 1 22 55 16 5 205
1 36 69 38.782 -112.79 480 20 310 150 2014 7 1 22 56 6 5 205
1 36 69 38.906 -112.72 482 22 310 150 2014 7 1 22 57 6 5 205
1 36 69 39.029 -112.65 482 23 310 150 2014 7 1 22 58 16 5 205
1 36 69 39.178 -112.58 478 23 307 150 2014 7 1 22 59 16 5 215
1 36 69 39.285 -112.51 478 22 290 150 2014 7 1 23 0 6 5 215
1 36 69 39.407 -112.45 479 22 265 150 2014 7 1 23 1 6 5 215
1 36 69 39.552 -112.36 474 20 236 150 2014 7 1 23 2 6 5 215
1 36 69 39.667 -112.3 458 23 211 150 2014 7 1 23 3 6 5 215
1 36 69 39.836 -112.21 431 24 175 150 2014 7 1 23 4 15 5 215
1 36 69 39.934 -112.15 416 23 153 150 2014 7 1 23 5 6 5 215
1 36 69 40.038 -112.09 411 24 135 150 2014 7 1 23 6 6 5 215
1 36 69 40.148 -112.02 403 24 114 150 2014 7 1 23 7 6 5 197
1 36 69 40.222 -111.98 340 25 110 150 2014 7 1 23 8 15 5 197
1 36 69 40.288 -111.94 309 19 110 150 2014 7 1 23 9 6 5 197
1 36 69 40.397 -111.93 299 4 110 150 2014 7 1 23 10 15 5 197
1 36 69 40.476 -111.94 272 357 102 150 2014 7 1 23 11 6 5 197
1 36 69 40.524 -111.94 264 356 90 150 2014 7 1 23 12 6 5 197
1 36 69 40.609 -111.96 238 354 71 150 2014 7 1 23 13 6 5 197
1 36 69 40.649 -111.96 200 352 65 150 2014 7 1 23 14 16 5 197
1 36 69 40.708 -111.97 139 359 54 150 2014 7 1 23 15 6 5 197
1 36 69 40.74 -111.97 147 353 49 150 2014 7 1 23 16 7 5 197
1 36 69 40.78 -111.97 146 356 42 150 2014 7 1 23 17 6 5 197
2 36 69 33.833 -118.17 174 0 8 370 2014 7 1 2 57 6 1 2
2 36 69 33.85 -118.22 240 311 26 370 2014 7 1 2 58 6 1 2
2 36 69 33.8 -118.25 231 226 53 370 2014 7 1 2 59 6 1 15
2 36 69 33.745 -118.26 237 208 71 370 2014 7 1 3 0 6 1 2
2 36 69 33.688 -118.23 267 192 87 370 2014 7 1 3 1 6 1 2
2 36 69 33.725 -118.14 313 171 105 370 2014 7 1 3 2 6 1 2
2 36 69 33.796 -118.07 336 101 123 370 2014 7 1 3 3 16 1 2
2 36 69 33.886 -117.97 369 51 147 370 2014 7 1 3 4 6 1 18
2 36 69 33.966 -117.89 372 42 167 370 2014 7 1 3 5 6 1 18
2 36 69 34.051 -117.81 389 42 183 370 2014 7 1 3 6 6 1 21
2 36 69 34.133 -117.72 405 38 199 370 2014 7 1 3 7 6 1 21
2 36 69 34.209 -117.61 420 40 213 370 2014 7 1 3 8 6 1 21
2 36 69 34.289 -117.51 427 45 230 370 2014 7 1 3 9 15 1 21
2 36 69 34.384 -117.38 436 48 245 370 2014 7 1 3 10 6 1 43
2 36 69 34.456 -117.29 440 48 257 370 2014 7 1 3 11 6 1 43
2 36 69 34.559 -117.15 451 47 270 370 2014 7 1 3 12 6 1 43
2 36 69 34.647 -117.04 459 46 280 370 2014 7 1 3 13 16 1 43
2 36 69 34.739 -116.93 465 46 291 370 2014 7 1 3 14 6 1 43
2 36 69 34.826 -116.81 471 48 301 370 2014 7 1 3 15 6 1 43
2 36 69 34.916 -116.7 472 46 314 370 2014 7 1 3 16 6 1 43
2 36 69 35.005 -116.58 471 46 326 370 2014 7 1 3 17 6 1 43
2 36 69 35.112 -116.44 470 46 339 370 2014 7 1 3 18 6 1 43
2 36 69 35.201 -116.33 470 46 346 370 2014 7 1 3 19 6 1 43
2 36 69 35.29 -116.21 471 46 355 370 2014 7 1 3 20 6 1 43
2 36 69 35.379 -116.09 472 47 364 370 2014 7 1 3 21 6 1 43
2 36 69 35.469 -115.98 471 46 370 370 2014 7 1 3 22 6 1 43
2 36 69 35.572 -115.84 471 47 370 370 2014 7 1 3 23 6 1 43
2 36 69 35.641 -115.75 471 47 370 370 2014 7 1 3 24 6 1 47
2 36 69 35.729 -115.63 472 47 370 370 2014 7 1 3 25 6 1 47
2 36 69 35.839 -115.48 472 48 370 370 2014 7 1 3 26 6 1 47
2 36 69 35.906 -115.39 472 46 370 370 2014 7 1 3 27 6 1 47
2 36 69 35.995 -115.27 472 47 370 370 2014 7 1 3 28 6 1 47
2 36 69 36.083 -115.15 472 47 370 370 2014 7 1 3 29 6 1 47
2 36 69 36.121 -115.11 472 47 370 370 2014 7 1 3 30 6 1 47
2 36 69 36.282 -114.9 471 45 370 370 2014 7 1 3 31 6 1 47
2 36 69 36.373 -114.79 471 45 370 370 2014 7 1 3 32 6 1 47
2 36 69 36.463 -114.67 471 45 370 370 2014 7 1 3 33 6 1 49
2 36 69 36.553 -114.55 471 46 370 370 2014 7 1 3 34 6 1 49
2 36 69 36.645 -114.43 472 46 370 370 2014 7 1 3 35 6 1 49
2 36 69 36.777 -114.27 474 46 368 350 2014 7 1 3 36 16 1 49
2 36 69 36.777 -114.27 474 46 368 350 2014 7 1 3 37 6 1 49
2 36 69 36.885 -114.18 464 36 354 350 2014 7 1 3 38 6 1 49
2 36 69 37.075 -114.04 464 31 350 350 2014 7 1 3 39 15 1 49
2 36 69 37.105 -114.01 464 31 350 350 2014 7 1 3 40 6 1 49
2 36 69 37.214 -113.93 463 32 350 350 2014 7 1 3 41 6 1 49
2 36 69 37.338 -113.83 461 31 350 350 2014 7 1 3 42 6 1 49
2 36 69 37.509 -113.7 460 32 350 350 2014 7 1 3 43 6 1 49
2 36 69 37.555 -113.66 460 32 350 350 2014 7 1 3 44 6 1 49
2 36 69 37.665 -113.57 461 31 350 350 2014 7 1 3 45 6 5 205
2 36 69 37.775 -113.49 463 32 350 350 2014 7 1 3 46 6 5 205
2 36 69 37.885 -113.4 463 31 350 350 2014 7 1 3 47 6 5 205
2 36 69 37.994 -113.31 463 32 350 350 2014 7 1 3 48 16 5 205
2 36 69 38.124 -113.21 458 32 350 310 2014 7 1 3 49 6 5 205
2 36 69 38.23 -113.12 453 32 344 310 2014 7 1 3 50 6 5 205
2 36 69 38.291 -113.07 450 32 336 310 2014 7 1 3 51 6 5 205
2 36 69 38.4 -112.99 450 25 320 310 2014 7 1 3 52 6 5 205
2 36 69 38.519 -112.93 455 30 310 150 2014 7 1 3 53 6 5 205
2 36 69 38.638 -112.87 456 26 295 150 2014 7 1 3 54 6 5 205
2 36 69 38.752 -112.81 448 22 283 150 2014 7 1 3 55 15 5 205
2 36 69 38.863 -112.75 436 22 270 150 2014 7 1 3 56 6 5 205
2 36 69 38.995 -112.68 431 22 257 150 2014 7 1 3 57 6 5 205
2 36 69 39.101 -112.62 419 22 245 150 2014 7 1 3 58 6 5 205
2 36 69 39.206 -112.56 412 20 233 150 2014 7 1 3 59 6 5 215
2 36 69 39.304 -112.5 401 22 222 150 2014 7 1 4 0 6 5 215
2 36 69 39.405 -112.45 397 23 210 150 2014 7 1 4 1 6 5 215
2 36 69 39.504 -112.39 394 24 199 150 2014 7 1 4 2 16 5 215
2 36 69 39.601 -112.33 380 23 187 150 2014 7 1 4 3 6 5 215
2 36 69 39.696 -112.28 379 23 176 150 2014 7 1 4 4 6 5 215
2 36 69 39.79 -112.22 372 24 165 150 2014 7 1 4 5 6 5 215
2 36 69 39.902 -112.16 370 20 151 150 2014 7 1 4 6 6 5 215
2 36 69 39.993 -112.11 361 24 146 150 2014 7 1 4 7 15 5 215
2 36 69 40.081 -112.05 346 24 132 150 2014 7 1 4 8 16 5 215
2 36 69 40.167 -112 344 25 119 150 2014 7 1 4 9 6 5 197
2 36 69 40.253 -111.95 341 26 109 150 2014 7 1 4 10 6 5 197
2 36 69 40.329 -111.94 290 13 110 150 2014 7 1 4 11 6 5 197
2 36 69 40.416 -111.93 288 359 102 150 2014 7 1 4 12 6 5 197
2 36 69 40.49 -111.95 236 356 96 150 2014 7 1 4 13 6 5 197
2 36 69 40.547 -111.95 217 352 83 150 2014 7 1 4 14 6 5 197
2 36 69 40.601 -111.95 196 356 74 150 2014 7 1 4 15 6 5 197
2 36 69 40.659 -111.96 184 357 64 150 2014 7 1 4 16 6 5 197
2 36 69 40.705 -111.97 140 355 55 150 2014 7 1 4 17 6 5 197
2 36 69 40.745 -111.97 143 354 48 150 2014 7 1 4 18 6 5 197
2 36 69 40.781 -111.97 143 356 41 150 2014 7 1 4 19 6 5 197
3 36 69 33.849 -118.19 169 0 19 350 2014 7 1 14 13 6 1 2
3 36 69 33.806 -118.23 211 313 42 350 2014 7 1 14 14 6 1 15
3 36 69 33.745 -118.24 215 323 66 350 2014 7 1 14 15 16 1 2
3 36 69 33.745 -118.24 215 323 66 350 2014 7 1 14 16 6 1 2
3 36 69 33.675 -118.24 265 202 77 350 2014 7 1 14 17 16 1 2
3 36 69 33.655 -118.13 290 184 100 350 2014 7 1 14 18 6 1 2
3 36 69 33.797 -118.01 318 72 139 350 2014 7 1 14 19 15 1 18
3 36 69 33.797 -118.01 318 72 139 350 2014 7 1 14 20 6 1 18
3 36 69 33.882 -117.96 346 34 154 350 2014 7 1 14 21 6 1 18
3 36 69 33.966 -117.89 360 35 177 350 2014 7 1 14 22 6 1 18
3 36 69 34.059 -117.81 355 31 203 350 2014 7 1 14 23 6 1 21
3 36 69 34.132 -117.72 366 38 211 350 2014 7 1 14 24 6 1 21
3 36 69 34.208 -117.62 399 40 219 350 2014 7 1 14 25 6 1 21
3 36 69 34.289 -117.5 429 46 220 350 2014 7 1 14 26 6 1 21
3 36 69 34.371 -117.39 441 48 225 350 2014 7 1 14 27 6 1 21
3 36 69 34.457 -117.27 448 48 230 350 2014 7 1 14 28 6 1 21
3 36 69 34.541 -117.16 454 48 240 350 2014 7 1 14 29 6 1 43
3 36 69 34.623 -117.05 454 48 250 350 2014 7 1 14 30 16 1 43
3 36 69 34.724 -116.91 459 48 267 350 2014 7 1 14 31 6 1 43
3 36 69 34.807 -116.79 459 48 272 350 2014 7 1 14 32 16 1 43
3 36 69 34.894 -116.67 470 48 282 350 2014 7 1 14 33 15 1 43
3 36 69 34.984 -116.55 477 49 290 350 2014 7 1 14 34 6 1 43
3 36 69 35.079 -116.43 480 47 301 350 2014 7 1 14 35 6 1 43
3 36 69 35.191 -116.29 481 46 320 350 2014 7 1 14 36 6 1 43
3 36 69 35.278 -116.18 462 45 330 350 2014 7 1 14 37 6 1 43
3 36 69 35.37 -116.06 473 44 330 350 2014 7 1 14 38 6 1 43
3 36 69 35.463 -115.94 476 46 330 350 2014 7 1 14 39 18 1 43
3 36 69 35.573 -115.81 476 45 330 350 2014 7 1 14 40 15 1 43
3 36 69 35.68 -115.71 476 38 330 350 2014 7 1 14 41 10 1 47
3 36 69 35.766 -115.64 477 34 330 350 2014 7 1 14 42 6 1 47
3 36 69 35.898 -115.53 476 33 330 350 2014 7 1 14 43 6 1 47
3 36 69 36.006 -115.44 473 34 332 350 2014 7 1 14 44 6 1 47
3 36 69 36.115 -115.35 476 34 340 350 2014 7 1 14 45 6 1 47
3 36 69 36.224 -115.26 479 34 348 350 2014 7 1 14 46 6 1 47
3 36 69 36.354 -115.14 480 34 350 350 2014 7 1 14 47 6 1 47
3 36 69 36.442 -115.07 479 35 350 350 2014 7 1 14 48 6 1 38
3 36 69 36.548 -114.98 472 34 350 350 2014 7 1 14 49 6 1 38
3 36 69 36.675 -114.87 461 34 350 350 2014 7 1 14 50 15 1 38
3 36 69 36.777 -114.78 456 34 350 350 2014 7 1 14 51 7 1 38
3 36 69 36.902 -114.68 455 33 350 330 2014 7 1 14 52 15 1 38
3 36 69 36.988 -114.6 457 34 348 330 2014 7 1 14 53 16 1 38
3 36 69 37.093 -114.51 463 35 341 330 2014 7 1 14 54 6 1 38
3 36 69 37.119 -114.49 469 34 339 330 2014 7 1 14 55 6 1 38
3 36 69 37.227 -114.39 472 34 332 330 2014 7 1 14 56 9 1 38
3 36 69 37.438 -114.2 471 35 330 330 2014 7 1 14 57 15 1 38
3 36 69 37.46 -114.19 470 34 330 330 2014 7 1 14 58 6 1 38
3 36 69 37.652 -114.02 470 34 330 330 2014 7 1 14 59 6 1 38
3 36 69 37.674 -114 469 35 330 330 2014 7 1 15 0 6 1 38
3 36 69 37.778 -113.9 459 34 330 330 2014 7 1 15 1 6 1 38
3 36 69 37.862 -113.83 458 35 330 330 2014 7 1 15 2 16 1 38
3 36 69 37.988 -113.72 458 36 330 330 2014 7 1 15 3 6 5 205
3 36 69 38.118 -113.6 466 35 330 310 2014 7 1 15 4 15 5 205
3 36 69 38.227 -113.5 472 35 328 310 2014 7 1 15 5 6 5 205
3 36 69 38.315 -113.42 474 35 319 300 2014 7 1 15 6 6 5 205
3 36 69 38.422 -113.32 474 35 308 300 2014 7 1 15 7 6 5 205
3 36 69 38.532 -113.22 476 35 300 300 2014 7 1 15 8 6 5 205
3 36 69 38.641 -113.12 480 35 300 300 2014 7 1 15 9 6 5 205
3 36 69 38.749 -113.03 480 35 300 300 2014 7 1 15 10 6 5 205
3 36 69 38.88 -112.9 487 35 300 150 2014 7 1 15 11 6 5 205
3 36 69 38.991 -112.81 476 35 300 150 2014 7 1 15 12 6 5 205
3 36 69 39.107 -112.73 474 34 300 150 2014 7 1 15 13 15 5 205
3 36 69 39.222 -112.65 472 34 300 150 2014 7 1 15 14 6 5 215
3 36 69 39.331 -112.57 472 28 292 150 2014 7 1 15 15 16 5 215
3 36 69 39.469 -112.48 472 28 255 150 2014 7 1 15 16 6 5 215
3 36 69 39.581 -112.4 461 24 225 150 2014 7 1 15 17 6 5 215
3 36 69 39.688 -112.32 440 28 195 150 2014 7 1 15 18 16 5 215
3 36 69 39.791 -112.25 421 28 173 150 2014 7 1 15 19 6 5 215
3 36 69 39.89 -112.18 411 26 156 150 2014 7 1 15 20 16 5 215
3 36 69 40.006 -112.1 391 28 149 150 2014 7 1 15 21 15 5 215
3 36 69 40.101 -112.04 378 25 131 150 2014 7 1 15 22 16 5 215
3 36 69 40.192 -111.99 365 24 114 150 2014 7 1 15 23 16 5 197
3 36 69 40.281 -111.94 344 23 110 150 2014 7 1 15 24 6 5 197
3 36 69 40.372 -111.93 326 8 110 150 2014 7 1 15 25 16 5 197
3 36 69 40.437 -111.94 284 4 109 150 2014 7 1 15 26 6 5 197
3 36 69 40.546 -111.95 285 356 84 150 2014 7 1 15 27 15 5 197
3 36 69 40.589 -111.95 260 355 77 150 2014 7 1 15 28 6 5 197
3 36 69 40.653 -111.96 200 355 65 150 2014 7 1 15 29 6 5 197
3 36 69 40.708 -111.97 185 355 56 150 2014 7 1 15 30 6 5 197
3 36 69 40.749 -111.97 150 354 48 150 2014 7 1 15 31 6 5 197
3 36 69 40.763 -111.97 158 354 45 150 2014 7 1 15 32 16 5 197
4 36 69 33.818 -118.15 144 0 0 350 2014 7 1 17 20 6 1 2
4 36 69 33.85 -118.2 196 314 24 350 2014 7 1 17 21 13 1 2
4 36 69 33.827 -118.23 207 308 33 350 2014 7 1 17 22 6 1 2
4 36 69 33.768 -118.24 210 256 52 350 2014 7 1 17 23 17 1 2
4 36 69 33.845 -118.13 210 48 52 350 2014 7 1 17 24 16 1 15
4 36 69 33.845 -118.13 210 48 52 350 2014 7 1 17 25 6 1 15
4 36 69 33.662 -118.09 292 94 112 350 2014 7 1 17 26 6 1 2
4 36 69 33.734 -118.03 314 122 134 350 2014 7 1 17 27 6 1 18
4 36 69 33.817 -117.99 330 101 148 350 2014 7 1 17 28 6 1 18
4 36 69 33.911 -117.93 371 34 159 350 2014 7 1 17 29 6 1 18
4 36 69 34.019 -117.84 396 25 176 350 2014 7 1 17 30 6 1 18
4 36 69 34.108 -117.76 403 31 190 350 2014 7 1 17 31 6 1 21
4 36 69 34.184 -117.65 418 40 204 350 2014 7 1 17 32 6 1 21
4 36 69 34.264 -117.54 425 43 218 350 2014 7 1 17 33 6 1 21
4 36 69 34.344 -117.43 431 48 233 350 2014 7 1 17 34 6 1 21
4 36 69 34.429 -117.31 443 48 246 350 2014 7 1 17 35 16 1 43
4 36 69 34.513 -117.2 448 48 258 350 2014 7 1 17 36 6 1 43
4 36 69 34.613 -117.06 457 48 270 350 2014 7 1 17 37 6 1 43
4 36 69 34.699 -116.94 465 48 280 350 2014 7 1 17 38 6 1 43
4 36 69 34.784 -116.82 468 48 290 350 2014 7 1 17 39 6 1 43
4 36 69 34.871 -116.7 474 48 300 350 2014 7 1 17 40 6 1 43
4 36 69 34.959 -116.58 480 47 310 350 2014 7 1 17 41 6 1 43
4 36 69 35.071 -116.44 481 48 322 350 2014 7 1 17 42 6 1 43
4 36 69 35.171 -116.33 481 41 322 350 2014 7 1 17 43 6 1 43
4 36 69 35.259 -116.2 482 45 330 350 2014 7 1 17 44 15 1 43
4 36 69 35.354 -116.08 494 45 330 330 2014 7 1 17 45 6 1 43
4 36 69 35.449 -115.96 494 45 330 330 2014 7 1 17 46 6 1 43
4 36 69 35.457 -115.96 492 45 330 330 2014 7 1 17 47 6 1 43
4 36 69 35.663 -115.7 492 47 330 330 2014 7 1 17 48 16 1 47
4 36 69 35.757 -115.57 485 45 330 330 2014 7 1 17 49 16 1 47
4 36 69 35.757 -115.57 485 45 330 330 2014 7 1 17 50 6 1 47
4 36 69 35.85 -115.46 486 46 330 330 2014 7 1 17 51 18 1 47
4 36 69 36.033 -115.22 486 46 330 330 2014 7 1 17 52 6 1 47
4 36 69 36.033 -115.22 476 45 330 330 2014 7 1 17 53 6 1 47
4 36 69 36.144 -115.08 483 46 330 330 2014 7 1 17 54 6 1 47
4 36 69 36.329 -114.84 482 46 330 330 2014 7 1 17 55 16 1 47
4 36 69 36.328 -114.84 478 45 330 330 2014 7 1 17 56 8 1 47
4 36 69 36.421 -114.73 481 46 330 330 2014 7 1 17 57 6 1 48
4 36 69 36.509 -114.61 478 45 330 330 2014 7 1 17 58 6 1 48
4 36 69 36.618 -114.46 477 46 330 330 2014 7 1 17 59 6 1 48
4 36 69 36.711 -114.35 477 48 330 330 2014 7 1 18 0 6 1 48
4 36 69 36.808 -114.24 476 38 330 330 2014 7 1 18 1 6 1 48
4 36 69 36.921 -114.15 470 31 330 330 2014 7 1 18 2 15 1 48
4 36 69 37.03 -114.07 470 32 330 330 2014 7 1 18 3 6 1 48
4 36 69 37.164 -113.97 471 31 330 330 2014 7 1 18 4 6 1 48
4 36 69 37.278 -113.88 470 30 330 330 2014 7 1 18 5 6 1 48
4 36 69 37.386 -113.79 470 31 330 330 2014 7 1 18 6 9 1 48
4 36 69 37.497 -113.71 469 31 330 330 2014 7 1 18 7 16 1 48
4 36 69 37.608 -113.62 469 32 330 330 2014 7 1 18 8 6 1 48
4 36 69 37.719 -113.53 468 31 330 330 2014 7 1 18 9 6 5 205
4 36 69 37.852 -113.43 468 32 330 330 2014 7 1 18 10 6 5 205
4 36 69 37.963 -113.34 468 32 330 330 2014 7 1 18 11 6 5 205
4 36 69 38.074 -113.25 468 32 330 330 2014 7 1 18 12 16 5 205
4 36 69 38.185 -113.16 470 32 330 330 2014 7 1 18 13 16 5 205
4 36 69 38.294 -113.07 468 32 330 330 2014 7 1 18 14 6 5 205
4 36 69 38.408 -112.99 468 32 330 330 2014 7 1 18 15 6 5 205
4 36 69 38.527 -112.93 466 30 330 330 2014 7 1 18 16 6 5 205
4 36 69 38.646 -112.86 465 25 330 330 2014 7 1 18 17 6 5 205
4 36 69 38.769 -112.81 465 17 330 320 2014 7 1 18 18 6 5 205
4 36 69 38.79 -112.79 466 20 330 320 2014 7 1 18 19 6 5 205
4 36 69 38.909 -112.72 465 22 325 260 2014 7 1 18 20 6 5 205
4 36 69 39.148 -112.59 467 22 288 260 2014 7 1 18 21 12 5 205
4 36 69 39.271 -112.52 462 22 266 150 2014 7 1 18 22 6 5 215
4 36 69 39.395 -112.48 462 15 266 150 2014 7 1 18 23 6 5 215
4 36 69 39.387 -112.46 455 20 246 150 2014 7 1 18 24 16 5 215
4 36 69 39.637 -112.31 447 23 195 150 2014 7 1 18 25 16 5 215
4 36 69 39.637 -112.31 447 23 195 150 2014 7 1 18 26 6 5 215
4 36 69 39.742 -112.25 414 20 174 150 2014 7 1 18 27 6 5 215
4 36 69 39.842 -112.2 397 24 164 150 2014 7 1 18 28 6 5 215
4 36 69 39.94 -112.14 387 21 151 150 2014 7 1 18 29 6 5 215
4 36 69 40.071 -112.07 303 29 141 150 2014 7 1 18 30 6 5 215
4 36 69 40.133 -112.03 312 24 130 150 2014 7 1 18 31 6 5 197
4 36 69 40.228 -111.97 309 24 115 150 2014 7 1 18 32 6 5 197
4 36 69 40.304 -111.94 290 22 110 150 2014 7 1 18 33 6 5 197
4 36 69 40.393 -111.94 293 5 108 150 2014 7 1 18 34 16 5 197
4 36 69 40.475 -111.94 294 358 95 150 2014 7 1 18 35 16 5 197
4 36 69 40.545 -111.95 278 354 83 150 2014 7 1 18 36 6 5 197
4 36 69 40.613 -111.96 203 356 76 150 2014 7 1 18 37 6 5 197
4 36 69 40.655 -111.96 175 353 66 150 2014 7 1 18 38 16 5 197
4 36 69 40.708 -111.97 185 355 55 150 2014 7 1 18 39 15 5 197
4 36 69 40.744 -111.97 154 352 49 150 2014 7 1 18 40 6 5 197
4 36 69 40.784 -111.97 144 357 43 150 2014 7 1 18 41 6 5 197
5 36 69 33.843 -118.19 168 320 18 370 2014 7 1 15 39 6 1 2
5 36 69 33.799 -118.24 236 219 36 370 2014 7 1 15 40 6 1 2
5 36 69 33.733 -118.26 241 224 68 370 2014 7 1 15 41 6 1 2
5 36 69 33.666 -118.27 241 196 75 370 2014 7 1 15 42 15 1 2
5 36 69 33.733 -118.25 238 192 67 370 2014 7 1 15 43 6 1 2
5 36 69 33.618 -118.23 264 89 89 370 2014 7 1 15 44 6 1 2
5 36 69 33.663 -118.15 304 140 111 370 2014 7 1 15 45 6 1 2
5 36 69 33.751 -118.07 324 93 140 370 2014 7 1 15 46 6 1 18
5 36 69 33.826 -118.01 337 43 160 370 2014 7 1 15 47 15 1 18
5 36 69 33.904 -117.94 340 35 184 370 2014 7 1 15 48 15 1 18
5 36 69 33.982 -117.87 348 35 205 370 2014 7 1 15 49 6 1 18
5 36 69 34.065 -117.8 389 35 214 370 2014 7 1 15 50 15 1 21
5 36 69 34.162 -117.68 422 36 227 370 2014 7 1 15 51 6 1 21
5 36 69 34.242 -117.57 441 41 239 370 2014 7 1 15 52 16 1 21
5 36 69 34.326 -117.46 455 46 251 370 2014 7 1 15 53 16 1 43
5 36 69 34.415 -117.33 464 48 264 370 2014 7 1 15 54 6 1 43
5 36 69 34.502 -117.22 476 48 275 370 2014 7 1 15 55 6 1 43
5 36 69 34.589 -117.1 470 48 296 370 2014 7 1 15 56 6 1 43
5 36 69 34.675 -116.98 471 48 308 370 2014 7 1 15 57 6 1 43
5 36 69 34.777 -116.83 470 48 326 370 2014 7 1 15 58 16 1 43
5 36 69 34.862 -116.72 468 48 338 370 2014 7 1 15 59 6 1 43
5 36 69 34.947 -116.6 467 48 350 370 2014 7 1 16 0 16 1 43
5 36 69 35.034 -116.49 456 48 361 370 2014 7 1 16 1 7 1 43
5 36 69 35.149 -116.35 458 45 370 370 2014 7 1 16 2 16 1 43
5 36 69 35.24 -116.23 460 45 370 370 2014 7 1 16 3 15 1 43
5 36 69 35.323 -116.13 470 45 370 370 2014 7 1 16 4 6 1 43
5 36 69 35.441 -115.98 470 45 370 370 2014 7 1 16 5 16 1 43
5 36 69 35.517 -115.88 473 45 370 370 2014 7 1 16 6 13 1 43
5 36 69 35.625 -115.74 473 45 370 370 2014 7 1 16 7 15 1 43
5 36 69 35.7 -115.65 475 46 370 370 2014 7 1 16 8 6 1 47
5 36 69 35.791 -115.53 475 47 370 370 2014 7 1 16 9 6 1 47
5 36 69 35.9 -115.39 475 46 370 370 2014 7 1 16 10 6 1 47
5 36 69 35.915 -115.37 474 46 370 370 2014 7 1 16 11 6 1 47
5 36 69 36.008 -115.25 475 46 370 370 2014 7 1 16 12 6 1 47
5 36 69 36.097 -115.14 475 45 370 370 2014 7 1 16 13 16 1 47
5 36 69 36.188 -115.02 474 45 370 370 2014 7 1 16 14 6 1 47
5 36 69 36.37 -114.79 468 45 370 370 2014 7 1 16 15 16 1 47
5 36 69 36.386 -114.77 469 45 370 370 2014 7 1 16 16 6 1 47
5 36 69 36.459 -114.67 468 46 370 370 2014 7 1 16 17 6 1 49
5 36 69 36.565 -114.54 469 46 370 330 2014 7 1 16 18 16 1 49
5 36 69 36.654 -114.42 468 46 366 330 2014 7 1 16 19 6 1 49
5 36 69 36.743 -114.3 468 46 357 330 2014 7 1 16 20 16 1 49
5 36 69 36.849 -114.2 460 37 347 330 2014 7 1 16 21 11 1 49
5 36 69 36.961 -114.12 458 30 337 330 2014 7 1 16 22 16 1 48
5 36 69 37.094 -114.02 462 31 330 330 2014 7 1 16 23 16 1 48
5 36 69 37.202 -113.94 462 31 330 330 2014 7 1 16 24 6 1 48
5 36 69 37.309 -113.85 458 31 330 330 2014 7 1 16 25 6 1 48
5 36 69 37.397 -113.78 454 32 330 330 2014 7 1 16 26 7 1 48
5 36 69 37.523 -113.69 453 31 330 330 2014 7 1 16 27 6 1 48
5 36 69 37.631 -113.6 453 32 330 330 2014 7 1 16 28 6 1 48
5 36 69 37.737 -113.52 453 32 330 330 2014 7 1 16 29 6 5 205
5 36 69 37.866 -113.41 454 32 330 330 2014 7 1 16 30 6 5 205
5 36 69 37.974 -113.33 454 32 330 330 2014 7 1 16 31 6 5 205
5 36 69 38.081 -113.24 454 32 330 330 2014 7 1 16 32 6 5 205
5 36 69 38.169 -113.17 454 32 330 330 2014 7 1 16 33 6 5 205
5 36 69 38.295 -113.07 454 32 330 330 2014 7 1 16 34 16 5 205
5 36 69 38.295 -113.07 454 32 330 330 2014 7 1 16 35 6 5 205
5 36 69 38.52 -112.93 452 31 330 330 2014 7 1 16 36 6 5 205
5 36 69 38.639 -112.88 452 17 330 320 2014 7 1 16 37 6 5 205
5 36 69 38.659 -112.86 452 22 330 320 2014 7 1 16 38 6 5 205
5 36 69 38.774 -112.79 452 21 322 320 2014 7 1 16 39 16 5 205
5 36 69 38.892 -112.73 457 22 320 150 2014 7 1 16 40 16 5 205
5 36 69 39.01 -112.67 457 22 316 150 2014 7 1 16 41 6 5 205
5 36 69 39.125 -112.6 454 22 307 150 2014 7 1 16 42 6 5 205
5 36 69 39.25 -112.53 444 22 293 150 2014 7 1 16 43 6 5 215
5 36 69 39.361 -112.47 439 22 272 150 2014 7 1 16 44 6 5 215
5 36 69 39.469 -112.41 429 23 251 150 2014 7 1 16 45 16 5 215
5 36 69 39.575 -112.35 422 23 230 150 2014 7 1 16 46 6 5 215
5 36 69 39.7 -112.27 412 23 205 150 2014 7 1 16 47 6 5 215
5 36 69 39.802 -112.22 403 24 185 150 2014 7 1 16 48 16 5 215
5 36 69 39.913 -112.16 381 23 163 150 2014 7 1 16 49 6 5 215
5 36 69 39.993 -112.11 364 17 158 150 2014 7 1 16 50 16 5 215
5 36 69 40.083 -112.05 358 24 139 150 2014 7 1 16 51 6 5 215
5 36 69 40.178 -112.03 345 13 121 150 2014 7 1 16 52 6 5 197
5 36 69 40.339 -112 327 10 109 150 2014 7 1 16 53 15 5 197
5 36 69 40.374 -111.98 323 12 106 150 2014 7 1 16 54 6 5 197
5 36 69 40.454 -111.96 295 11 90 150 2014 7 1 16 55 6 5 197
5 36 69 40.53 -111.94 278 11 87 150 2014 7 1 16 56 6 5 197
5 36 69 40.601 -111.95 242 0 78 150 2014 7 1 16 57 16 5 197
5 36 69 40.692 -111.97 210 355 58 150 2014 7 1 16 58 16 5 197
5 36 69 40.729 -111.97 210 354 53 150 2014 7 1 16 59 15 5 197
5 36 69 40.772 -111.97 162 355 43 150 2014 7 1 17 0 6 5 197
6 36 69 33.845 -118.19 178 0 18 370 2014 7 2 21 26 6 1 2
6 36 69 33.806 -118.23 235 300 41 370 2014 7 2 21 27 15 1 15
6 36 69 33.737 -118.25 249 224 62 370 2014 7 2 21 28 6 1 2
6 36 69 33.664 -118.24 278 194 89 370 2014 7 2 21 29 6 1 2
6 36 69 33.675 -118.14 307 148 109 370 2014 7 2 21 30 6 1 2
6 36 69 33.769 -118.06 346 124 134 370 2014 7 2 21 31 6 1 18
6 36 69 33.856 -117.99 375 50 151 370 2014 7 2 21 32 6 1 18
6 36 69 33.941 -117.91 385 35 170 370 2014 7 2 21 33 6 1 18
6 36 69 34.031 -117.83 403 36 189 370 2014 7 2 21 34 6 1 18
6 36 69 34.121 -117.74 421 36 205 370 2014 7 2 21 35 6 1 21
6 36 69 34.214 -117.61 425 41 228 370 2014 7 2 21 36 6 1 21
6 36 69 34.297 -117.5 437 45 238 370 2014 7 2 21 37 6 1 21
6 36 69 34.382 -117.38 453 48 251 370 2014 7 2 21 38 16 1 43
6 36 69 34.47 -117.26 463 47 270 370 2014 7 2 21 39 15 1 43
6 36 69 34.47 -117.26 463 47 270 370 2014 7 2 21 40 6 1 43
6 36 69 34.641 -117.02 474 48 290 370 2014 7 2 21 41 6 1 43
6 36 69 34.728 -116.9 474 48 290 370 2014 7 2 21 42 6 1 43
6 36 69 34.729 -116.9 479 48 301 370 2014 7 2 21 43 6 1 43
6 36 69 34.884 -116.69 482 48 320 370 2014 7 2 21 44 6 1 43
6 36 69 34.972 -116.57 482 48 334 370 2014 7 2 21 45 6 1 43
6 36 69 35.016 -116.51 489 48 338 370 2014 7 2 21 46 6 1 43
6 36 69 35.174 -116.31 482 45 355 370 2014 7 2 21 47 6 1 43
6 36 69 35.268 -116.2 483 45 363 370 2014 7 2 21 48 6 1 43
6 36 69 35.361 -116.08 483 46 370 370 2014 7 2 21 49 16 1 43
6 36 69 35.454 -115.96 482 45 370 370 2014 7 2 21 50 6 1 43
6 36 69 35.546 -115.84 482 44 370 370 2014 7 2 21 51 6 1 43
6 36 69 35.657 -115.7 481 46 370 370 2014 7 2 21 52 6 1 47
6 36 69 35.749 -115.59 479 45 370 370 2014 7 2 21 53 17 1 47
6 36 69 35.786 -115.54 479 46 370 370 2014 7 2 21 54 6 1 47
6 36 69 35.877 -115.42 477 46 370 370 2014 7 2 21 55 6 1 47
6 36 69 35.991 -115.28 478 45 370 370 2014 7 2 21 56 6 1 47
6 36 69 36.097 -115.19 477 39 370 370 2014 7 2 21 57 6 1 47
6 36 69 36.201 -115.09 476 36 370 370 2014 7 2 21 58 6 1 47
6 36 69 36.307 -114.99 476 36 370 370 2014 7 2 21 59 16 1 47
6 36 69 36.412 -114.9 476 36 370 370 2014 7 2 22 0 6 1 47
6 36 69 36.538 -114.78 475 36 370 370 2014 7 2 22 1 6 1 49
6 36 69 36.644 -114.68 475 37 370 370 2014 7 2 22 2 6 1 38
6 36 69 36.748 -114.58 475 37 370 370 2014 7 2 22 3 6 1 38
6 36 69 36.854 -114.48 476 37 370 350 2014 7 2 22 4 6 1 49
6 36 69 36.96 -114.38 476 36 365 350 2014 7 2 22 5 6 1 49
6 36 69 37.085 -114.26 475 37 353 350 2014 7 2 22 6 6 1 49
6 36 69 37.124 -114.22 476 37 351 350 2014 7 2 22 7 6 1 49
6 36 69 37.296 -114.06 475 37 350 350 2014 7 2 22 8 6 1 49
6 36 69 37.396 -113.96 475 37 350 350 2014 7 2 22 9 6 1 49
6 36 69 37.459 -113.9 474 37 350 350 2014 7 2 22 10 6 1 49
6 36 69 37.562 -113.8 473 37 350 350 2014 7 2 22 11 6 1 49
6 36 69 37.665 -113.7 467 37 350 350 2014 7 2 22 12 6 1 49
6 36 69 37.766 -113.6 465 38 350 350 2014 7 2 22 13 6 5 205
6 36 69 37.869 -113.5 463 37 350 350 2014 7 2 22 14 6 5 205
6 36 69 37.97 -113.4 461 37 349 350 2014 7 2 22 15 6 5 205
6 36 69 38.073 -113.3 463 37 350 350 2014 7 2 22 16 6 5 205
6 36 69 38.203 -113.17 478 37 351 350 2014 7 2 22 17 6 5 205
6 36 69 38.307 -113.07 479 38 350 350 2014 7 2 22 18 16 5 205
6 36 69 38.422 -112.98 480 38 351 350 2014 7 2 22 19 16 5 205
6 36 69 38.548 -112.93 480 17 351 350 2014 7 2 22 20 6 5 205
6 36 69 38.544 -112.92 477 27 351 350 2014 7 2 22 21 6 5 205
6 36 69 38.664 -112.85 474 25 350 350 2014 7 2 22 22 6 5 205
6 36 69 38.783 -112.79 464 22 350 320 2014 7 2 22 23 6 5 205
6 36 69 39.048 -112.65 473 22 321 150 2014 7 2 22 24 16 5 205
6 36 69 39.048 -112.65 473 22 321 150 2014 7 2 22 25 6 5 205
6 36 69 39.288 -112.51 461 22 283 150 2014 7 2 22 26 6 5 215
6 36 69 39.411 -112.47 461 15 283 150 2014 7 2 22 27 6 5 215
6 36 69 39.4 -112.45 450 20 262 150 2014 7 2 22 28 6 5 215
6 36 69 39.512 -112.38 444 23 241 150 2014 7 2 22 29 6 5 215
6 36 69 39.624 -112.32 440 20 220 150 2014 7 2 22 30 6 5 215
6 36 69 39.731 -112.26 425 23 199 150 2014 7 2 22 31 6 5 215
6 36 69 39.834 -112.2 407 19 178 150 2014 7 2 22 32 16 5 215
6 36 69 39.951 -112.13 380 21 155 150 2014 7 2 22 33 6 5 215
6 36 69 40.086 -112.06 358 29 141 150 2014 7 2 22 34 6 5 215
6 36 69 40.173 -112.01 342 24 123 150 2014 7 2 22 35 16 5 197
6 36 69 40.27 -111.98 329 17 111 150 2014 7 2 22 36 6 5 197
6 36 69 40.363 -111.95 315 13 111 150 2014 7 2 22 37 6 5 197
6 36 69 40.44 -111.93 273 13 110 150 2014 7 2 22 38 6 5 197
6 36 69 40.506 -111.94 247 1 97 150 2014 7 2 22 39 16 5 197
6 36 69 40.576 -111.94 252 354 83 150 2014 7 2 22 40 6 5 197
6 36 69 40.648 -111.95 245 355 70 150 2014 7 2 22 41 6 5 197
6 36 69 40.705 -111.96 180 355 56 150 2014 7 2 22 42 6 5 197
6 36 69 40.754 -111.96 168 355 47 150 2014 7 2 22 43 6 5 197
6 36 69 40.776 -111.96 158 354 43 150 2014 7 2 22 44 16 5 197
7 36 69 33.85 -118.2 199 314 22 350 2014 7 2 2 48 6 1 2
7 36 69 33.84 -118.22 199 308 25 350 2014 7 2 2 49 15 1 2
7 36 69 33.778 -118.24 241 280 51 350 2014 7 2 2 50 6 1 2
7 36 69 33.742 -118.18 237 203 75 350 2014 7 2 2 51 16 1 2
7 36 69 33.737 -118.07 277 162 95 350 2014 7 2 2 52 16 1 2
7 36 69 33.751 -117.97 308 106 111 350 2014 7 2 2 53 15 1 2
7 36 69 33.819 -117.89 347 86 133 350 2014 7 2 2 54 6 1 18
7 36 69 33.92 -117.91 368 54 153 350 2014 7 2 2 55 15 1 18
7 36 69 34.01 -117.85 394 14 167 350 2014 7 2 2 56 16 1 18
7 36 69 34.099 -117.76 408 10 186 350 2014 7 2 2 57 16 1 21
7 36 69 34.192 -117.64 424 34 205 350 2014 7 2 2 58 15 1 21
7 36 69 34.272 -117.53 439 43 220 350 2014 7 2 2 59 16 1 21
7 36 69 34.354 -117.42 443 48 236 350 2014 7 2 3 0 6 1 21
7 36 69 34.441 -117.3 454 48 249 350 2014 7 2 3 1 15 1 43
7 36 69 34.526 -117.18 469 48 261 350 2014 7 2 3 2 15 1 43
7 36 69 34.614 -117.06 477 48 273 350 2014 7 2 3 3 6 1 43
7 36 69 34.701 -116.94 481 48 288 350 2014 7 2 3 4 15 1 43
7 36 69 34.79 -116.82 489 48 296 350 2014 7 2 3 5 16 1 43
7 36 69 34.898 -116.67 490 48 313 350 2014 7 2 3 6 6 1 43
7 36 69 34.987 -116.55 489 48 327 350 2014 7 2 3 7 16 1 43
7 36 69 35.08 -116.43 478 47 339 350 2014 7 2 3 8 15 1 43
7 36 69 35.173 -116.32 478 46 350 350 2014 7 2 3 9 16 1 43
7 36 69 35.28 -116.18 480 45 350 350 2014 7 2 3 10 15 1 43
7 36 69 35.372 -116.07 479 45 350 350 2014 7 2 3 11 6 1 43
7 36 69 35.464 -115.95 479 45 350 350 2014 7 2 3 12 6 1 43
7 36 69 35.556 -115.83 478 45 350 350 2014 7 2 3 13 6 1 43
7 36 69 35.648 -115.72 477 45 350 350 2014 7 2 3 14 15 1 47
7 36 69 35.739 -115.6 477 46 350 350 2014 7 2 3 15 16 1 47
7 36 69 35.829 -115.48 477 46 350 350 2014 7 2 3 16 16 1 47
7 36 69 35.939 -115.34 477 46 350 350 2014 7 2 3 17 15 1 47
7 36 69 36.029 -115.22 477 45 350 350 2014 7 2 3 18 15 1 47
7 36 69 36.12 -115.11 477 46 350 350 2014 7 2 3 19 15 1 47
7 36 69 36.121 -115.11 475 46 350 350 2014 7 2 3 20 6 1 47
7 36 69 36.304 -114.88 473 45 350 350 2014 7 2 3 21 15 1 47
7 36 69 36.395 -114.76 472 45 350 350 2014 7 2 3 22 15 1 47
7 36 69 36.394 -114.76 472 45 350 350 2014 7 2 3 23 6 1 47
7 36 69 36.484 -114.64 471 46 350 350 2014 7 2 3 24 6 1 49
7 36 69 36.594 -114.5 473 46 350 370 2014 7 2 3 25 6 1 49
7 36 69 36.778 -114.27 474 46 364 370 2014 7 2 3 26 15 1 49
7 36 69 36.781 -114.27 475 43 364 370 2014 7 2 3 27 6 1 49
7 36 69 36.886 -114.18 468 32 370 370 2014 7 2 3 28 15 1 49
7 36 69 36.998 -114.1 465 31 370 370 2014 7 2 3 29 15 1 49
7 36 69 37.109 -114.01 464 31 370 370 2014 7 2 3 30 16 1 49
7 36 69 37.241 -113.91 464 32 370 370 2014 7 2 3 31 16 1 49
7 36 69 37.351 -113.82 465 32 370 370 2014 7 2 3 32 15 1 49
7 36 69 37.461 -113.73 465 31 370 370 2014 7 2 3 33 6 1 49
7 36 69 37.568 -113.65 464 32 370 370 2014 7 2 3 34 16 1 49
7 36 69 37.68 -113.56 464 31 370 370 2014 7 2 3 35 6 5 206
7 36 69 37.788 -113.48 464 32 370 370 2014 7 2 3 36 6 5 206
7 36 69 37.898 -113.39 464 32 370 370 2014 7 2 3 37 15 5 206
7 36 69 38.009 -113.3 465 32 370 370 2014 7 2 3 38 16 5 206
7 36 69 38.121 -113.21 466 31 370 310 2014 7 2 3 39 15 5 206
7 36 69 38.232 -113.12 467 32 370 310 2014 7 2 3 40 15 5 206
7 36 69 38.338 -113.03 467 32 363 310 2014 7 2 3 41 15 5 206
7 36 69 38.455 -112.96 466 33 354 310 2014 7 2 3 42 6 5 205
7 36 69 38.601 -112.89 466 29 343 310 2014 7 2 3 43 16 5 205
7 36 69 38.723 -112.82 473 22 335 150 2014 7 2 3 44 15 5 205
7 36 69 38.843 -112.75 470 22 325 150 2014 7 2 3 45 15 5 205
7 36 69 38.962 -112.69 468 23 316 150 2014 7 2 3 46 15 5 205
7 36 69 39.083 -112.62 468 20 305 150 2014 7 2 3 47 16 5 205
7 36 69 39.198 -112.56 454 22 289 150 2014 7 2 3 48 15 5 215
7 36 69 39.31 -112.5 397 22 266 150 2014 7 2 3 49 6 5 215
7 36 69 39.408 -112.45 382 22 247 150 2014 7 2 3 50 15 5 215
7 36 69 39.501 -112.39 371 23 230 150 2014 7 2 3 51 6 5 215
7 36 69 39.593 -112.34 362 23 213 150 2014 7 2 3 52 6 5 215
7 36 69 39.681 -112.29 349 24 195 150 2014 7 2 3 53 15 5 215
7 36 69 39.768 -112.24 344 20 179 150 2014 7 2 3 54 15 5 215
7 36 69 39.851 -112.19 331 23 163 150 2014 7 2 3 55 15 5 215
7 36 69 39.932 -112.14 321 21 153 150 2014 7 2 3 56 15 5 215
7 36 69 40.028 -112.09 317 24 143 150 2014 7 2 3 57 15 5 215
7 36 69 40.106 -112.04 313 25 131 150 2014 7 2 3 58 15 5 215
7 36 69 40.185 -111.99 312 24 121 150 2014 7 2 3 59 16 5 197
7 36 69 40.262 -111.94 309 25 111 150 2014 7 2 4 0 6 5 197
7 36 69 40.345 -111.93 297 15 111 150 2014 7 2 4 1 6 5 197
7 36 69 40.413 -111.94 284 5 107 150 2014 7 2 4 2 16 5 197
7 36 69 40.49 -111.95 276 0 94 150 2014 7 2 4 3 15 5 197
7 36 69 40.565 -111.95 238 355 81 150 2014 7 2 4 4 15 5 197
7 36 69 40.621 -111.96 207 355 70 150 2014 7 2 4 5 15 5 197
7 36 69 40.671 -111.96 187 356 61 150 2014 7 2 4 6 16 5 197
7 36 69 40.671 -111.96 187 356 61 150 2014 7 2 4 7 6 5 197
7 36 69 40.764 -111.97 146 354 45 150 2014 7 2 4 8 15 5 197
8 36 69 33.839 -118.18 192 320 13 350 2014 7 2 14 20 16 1 2
8 36 69 33.823 -118.24 227 17 36 350 2014 7 2 14 21 6 1 2
8 36 69 33.763 -118.25 219 239 64 350 2014 7 2 14 22 16 1 2
8 36 69 33.699 -118.26 220 218 89 350 2014 7 2 14 23 15 1 2
8 36 69 33.646 -118.23 265 164 100 350 2014 7 2 14 24 15 1 2
8 36 69 33.663 -118.14 295 170 126 350 2014 7 2 14 25 16 1 2
8 36 69 33.733 -118.07 315 108 149 350 2014 7 2 14 26 6 1 18
8 36 69 33.825 -118 327 51 175 350 2014 7 2 14 27 6 1 18
8 36 69 33.905 -117.94 338 33 196 350 2014 7 2 14 28 6 1 18
8 36 69 33.986 -117.87 357 32 211 350 2014 7 2 14 29 6 1 18
8 36 69 34.071 -117.79 380 38 229 350 2014 7 2 14 30 16 1 21
8 36 69 34.141 -117.7 380 47 229 350 2014 7 2 14 31 6 1 21
8 36 69 34.223 -117.59 412 41 259 350 2014 7 2 14 32 16 1 43
8 36 69 34.318 -117.47 423 47 279 350 2014 7 2 14 33 16 1 43
8 36 69 34.402 -117.35 429 48 293 350 2014 7 2 14 34 16 1 43
8 36 69 34.481 -117.25 429 48 293 350 2014 7 2 14 35 6 1 43
8 36 69 34.563 -117.13 445 48 315 350 2014 7 2 14 36 6 1 43
8 36 69 34.645 -117.02 445 48 315 350 2014 7 2 14 37 16 1 43
8 36 69 34.648 -117.01 458 48 328 350 2014 7 2 14 38 6 1 43
8 36 69 34.73 -116.9 457 48 341 350 2014 7 2 14 39 6 1 43
8 36 69 34.829 -116.76 454 48 350 350 2014 7 2 14 40 6 1 43
8 36 69 34.92 -116.64 478 48 350 350 2014 7 2 14 41 6 1 43
8 36 69 35.005 -116.52 476 46 350 350 2014 7 2 14 42 6 1 43
8 36 69 35.096 -116.41 474 44 350 350 2014 7 2 14 43 6 1 43
8 36 69 35.202 -116.28 461 47 350 350 2014 7 2 14 44 6 1 43
8 36 69 35.291 -116.17 458 45 350 350 2014 7 2 14 45 6 1 43
8 36 69 35.379 -116.06 458 45 350 350 2014 7 2 14 46 11 1 43
8 36 69 35.485 -115.92 458 45 350 350 2014 7 2 14 47 6 1 43
8 36 69 35.572 -115.81 453 44 350 350 2014 7 2 14 48 6 1 43
8 36 69 35.641 -115.73 440 45 350 350 2014 7 2 14 49 6 1 47
8 36 69 35.746 -115.59 452 45 350 350 2014 7 2 14 50 6 1 47
8 36 69 35.834 -115.48 457 45 350 350 2014 7 2 14 51 6 1 47
8 36 69 35.943 -115.34 470 46 350 350 2014 7 2 14 52 16 1 47
8 36 69 36.016 -115.25 473 45 350 350 2014 7 2 14 53 6 1 47
8 36 69 36.125 -115.11 475 46 350 350 2014 7 2 14 54 7 1 47
8 36 69 36.215 -114.99 475 46 350 350 2014 7 2 14 55 16 1 47
8 36 69 36.304 -114.88 473 46 350 350 2014 7 2 14 56 6 1 47
8 36 69 36.421 -114.75 473 42 350 350 2014 7 2 14 57 16 1 49
8 36 69 36.529 -114.66 470 34 350 350 2014 7 2 14 58 6 1 49
8 36 69 36.637 -114.56 472 34 350 350 2014 7 2 14 59 6 1 49
8 36 69 36.724 -114.49 477 35 350 350 2014 7 2 15 0 6 1 49
8 36 69 36.746 -114.47 474 35 350 330 2014 7 2 15 1 6 1 49
8 36 69 36.964 -114.28 481 35 341 330 2014 7 2 15 2 6 1 49
8 36 69 37.072 -114.18 479 35 333 330 2014 7 2 15 3 16 1 48
8 36 69 37.181 -114.08 479 35 330 330 2014 7 2 15 4 6 1 48
8 36 69 37.204 -114.06 478 34 330 330 2014 7 2 15 5 6 1 48
8 36 69 37.398 -113.89 476 34 330 330 2014 7 2 15 6 6 1 48
8 36 69 37.419 -113.87 475 35 330 330 2014 7 2 15 7 6 1 48
8 36 69 37.63 -113.68 465 35 330 330 2014 7 2 15 8 16 1 48
8 36 69 37.63 -113.68 465 35 330 320 2014 7 2 15 9 6 1 48
8 36 69 37.732 -113.59 456 35 330 320 2014 7 2 15 10 6 5 205
8 36 69 37.871 -113.51 452 24 320 320 2014 7 2 15 11 6 5 205
8 36 69 37.987 -113.45 456 23 320 320 2014 7 2 15 12 6 5 205
8 36 69 38.1 -113.38 447 24 320 320 2014 7 2 15 13 6 5 205
8 36 69 38.212 -113.32 442 24 320 320 2014 7 2 15 14 6 5 205
8 36 69 38.323 -113.26 440 23 320 320 2014 7 2 15 15 6 5 205
8 36 69 38.436 -113.19 439 23 320 320 2014 7 2 15 16 6 5 205
8 36 69 38.549 -113.13 440 23 320 320 2014 7 2 15 17 6 5 205
8 36 69 38.688 -113.05 448 23 320 320 2014 7 2 15 18 17 5 205
8 36 69 38.804 -112.98 453 23 320 170 2014 7 2 15 19 15 5 205
8 36 69 38.922 -112.92 462 23 320 170 2014 7 2 15 20 16 5 205
8 36 69 39.04 -112.85 462 24 320 170 2014 7 2 15 21 6 5 205
8 36 69 39.159 -112.78 466 24 320 170 2014 7 2 15 22 6 5 215
8 36 69 39.281 -112.71 475 24 296 170 2014 7 2 15 23 6 5 215
8 36 69 39.406 -112.64 475 23 273 170 2014 7 2 15 24 16 5 215
8 36 69 39.54 -112.56 444 24 249 170 2014 7 2 15 25 6 5 215
8 36 69 39.648 -112.49 427 24 229 170 2014 7 2 15 26 6 5 215
8 36 69 39.751 -112.43 411 24 211 170 2014 7 2 15 27 6 5 215
8 36 69 39.855 -112.37 411 24 211 170 2014 7 2 15 28 6 5 215
8 36 69 39.949 -112.33 382 24 175 170 2014 7 2 15 29 6 5 215
8 36 69 40.041 -112.26 370 24 170 170 2014 7 2 15 30 6 5 215
8 36 69 40.158 -112.22 365 18 170 170 2014 7 2 15 31 6 5 215
8 36 69 40.162 -112.23 361 15 170 170 2014 7 2 15 32 6 5 215
8 36 69 40.267 -112.19 363 15 154 170 2014 7 2 15 33 6 5 197
8 36 69 40.35 -112.16 348 11 136 170 2014 7 2 15 34 6 5 197
8 36 69 40.439 -112.12 335 15 130 170 2014 7 2 15 35 6 5 197
8 36 69 40.529 -112.09 333 14 125 170 2014 7 2 15 36 6 5 197
8 36 69 40.619 -112.08 330 6 113 170 2014 7 2 15 37 6 5 197
8 36 69 40.718 -112.09 276 355 110 170 2014 7 2 15 38 15 5 197
8 36 69 40.786 -112.1 243 357 110 170 2014 7 2 15 39 16 5 197
8 36 69 40.854 -112.1 245 354 102 170 2014 7 2 15 40 6 5 197
8 36 69 40.923 -112.11 246 355 83 170 2014 7 2 15 41 6 5 197
8 36 69 40.947 -112.04 222 55 68 170 2014 7 2 15 42 6 5 197
8 36 69 40.902 -112.01 185 147 60 170 2014 7 2 15 43 6 5 197
8 36 69 40.852 -112 152 175 50 170 2014 7 2 15 44 8 5 197
8 36 69 40.812 -112 149 174 43 170 2014 7 2 15 45 6 5 197
11 36 69 33.85 -118.22 203 313 26 350 2014 7 2 19 45 6 1 2
11 36 69 33.846 -118.26 235 300 45 350 2014 7 2 19 46 6 1 15
11 36 69 33.795 -118.28 223 342 68 350 2014 7 2 19 47 6 1 15
11 36 69 33.73 -118.28 220 224 73 350 2014 7 2 19 48 6 1 2
11 36 69 33.671 -118.25 239 188 96 350 2014 7 2 19 49 6 1 2
11 36 69 33.659 -118.16 263 169 116 350 2014 7 2 19 50 6 1 2
11 36 69 33.68 -118.07 306 97 130 350 2014 7 2 19 51 6 1 2
11 36 69 33.784 -118.01 352 86 153 350 2014 7 2 19 52 16 1 18
11 36 69 33.877 -117.95 373 45 168 350 2014 7 2 19 53 6 1 18
11 36 69 33.97 -117.89 396 26 187 350 2014 7 2 19 54 6 1 18
11 36 69 34.059 -117.81 397 35 206 350 2014 7 2 19 55 6 1 21
11 36 69 34.141 -117.71 417 34 224 350 2014 7 2 19 56 6 1 21
11 36 69 34.236 -117.58 425 40 238 350 2014 7 2 19 57 15 1 21
11 36 69 34.315 -117.47 425 48 238 350 2014 7 2 19 58 6 1 21
11 36 69 34.319 -117.47 440 46 251 350 2014 7 2 19 59 16 1 43
11 36 69 34.407 -117.35 455 48 273 350 2014 7 2 20 0 6 1 43
11 36 69 34.488 -117.23 455 48 288 350 2014 7 2 20 1 7 1 43
11 36 69 34.57 -117.12 454 48 299 350 2014 7 2 20 2 16 1 43
11 36 69 34.655 -117 463 48 309 350 2014 7 2 20 3 6 1 43
11 36 69 34.742 -116.88 472 48 319 350 2014 7 2 20 4 6 1 43
11 36 69 34.847 -116.73 480 48 331 350 2014 7 2 20 5 6 1 43
11 36 69 34.947 -116.6 482 48 343 350 2014 7 2 20 6 6 1 43
11 36 69 35.037 -116.47 483 46 350 350 2014 7 2 20 7 6 1 43
11 36 69 35.153 -116.33 487 45 350 350 2014 7 2 20 8 16 1 43
11 36 69 35.248 -116.22 487 46 350 350 2014 7 2 20 9 6 1 43
11 36 69 35.342 -116.1 487 45 350 350 2014 7 2 20 10 6 1 43
11 36 69 35.421 -116 480 45 350 350 2014 7 2 20 11 6 1 43
11 36 69 35.513 -115.88 480 45 350 350 2014 7 2 20 12 6 1 43
11 36 69 35.527 -115.87 479 47 350 350 2014 7 2 20 13 6 1 43
11 36 69 35.71 -115.63 472 45 350 350 2014 7 2 20 14 6 1 47
11 36 69 35.728 -115.61 476 45 350 350 2014 7 2 20 15 6 1 47
11 36 69 35.818 -115.5 476 45 350 350 2014 7 2 20 16 6 1 47
11 36 69 35.909 -115.38 476 46 350 350 2014 7 2 20 17 6 1 47
11 36 69 35.98 -115.29 472 46 350 350 2014 7 2 20 18 6 1 47
11 36 69 36.086 -115.15 463 46 350 350 2014 7 2 20 19 6 1 47
11 36 69 36.178 -115.03 472 45 350 350 2014 7 2 20 20 16 1 47
11 36 69 36.286 -114.9 470 45 350 350 2014 7 2 20 21 6 1 47
11 36 69 36.376 -114.78 467 45 350 350 2014 7 2 20 22 6 1 47
11 36 69 36.445 -114.69 466 45 350 350 2014 7 2 20 23 6 1 49
11 36 69 36.643 -114.44 466 46 350 350 2014 7 2 20 24 16 1 49
11 36 69 36.731 -114.32 465 46 350 350 2014 7 2 20 25 16 1 49
11 36 69 36.832 -114.22 464 47 350 330 2014 7 2 20 26 6 1 49
11 36 69 36.949 -114.13 461 35 350 330 2014 7 2 20 27 6 1 49
11 36 69 37.056 -114.05 473 32 348 330 2014 7 2 20 28 6 1 49
11 36 69 37.198 -113.94 479 31 338 330 2014 7 2 20 29 16 1 48
11 36 69 37.192 -113.94 480 31 338 330 2014 7 2 20 30 6 1 48
11 36 69 37.302 -113.86 450 32 330 330 2014 7 2 20 31 12 1 48
11 36 69 37.407 -113.78 446 31 330 330 2014 7 2 20 32 6 1 48
11 36 69 37.514 -113.69 448 32 330 330 2014 7 2 20 33 6 1 48
11 36 69 37.739 -113.51 471 31 330 330 2014 7 2 20 34 15 5 205
11 36 69 37.739 -113.51 470 32 330 330 2014 7 2 20 35 6 5 205
11 36 69 37.851 -113.43 472 31 330 330 2014 7 2 20 36 6 5 205
11 36 69 37.981 -113.32 462 32 330 330 2014 7 2 20 37 6 5 205
11 36 69 38.091 -113.23 462 32 330 330 2014 7 2 20 38 15 5 205
11 36 69 38.2 -113.15 462 32 330 330 2014 7 2 20 39 6 5 205
11 36 69 38.309 -113.06 462 32 330 330 2014 7 2 20 40 6 5 205
11 36 69 38.422 -112.98 462 32 330 310 2014 7 2 20 41 6 5 205
11 36 69 38.543 -112.92 462 30 321 310 2014 7 2 20 42 6 5 205
11 36 69 38.666 -112.85 473 22 310 310 2014 7 2 20 43 6 5 205
11 36 69 38.809 -112.77 470 21 310 310 2014 7 2 20 44 6 5 205
11 36 69 38.925 -112.71 452 23 310 150 2014 7 2 20 45 6 5 205
11 36 69 39.042 -112.65 453 23 306 150 2014 7 2 20 46 6 5 205
11 36 69 39.162 -112.58 465 22 285 150 2014 7 2 20 47 6 5 205
11 36 69 39.286 -112.51 453 20 263 150 2014 7 2 20 48 6 5 215
11 36 69 39.398 -112.45 440 22 243 150 2014 7 2 20 49 6 5 215
11 36 69 39.513 -112.38 455 23 223 150 2014 7 2 20 50 6 5 215
11 36 69 39.626 -112.32 441 23 204 150 2014 7 2 20 51 6 5 215
11 36 69 39.728 -112.26 409 24 186 150 2014 7 2 20 52 9 5 215
11 36 69 39.839 -112.23 409 11 186 150 2014 7 2 20 53 6 5 215
11 36 69 39.967 -112.13 400 29 150 150 2014 7 2 20 54 16 5 215
11 36 69 40.045 -112.08 364 21 144 150 2014 7 2 20 55 6 5 215
11 36 69 40.151 -112.02 340 24 135 150 2014 7 2 20 56 6 5 197
11 36 69 40.24 -111.97 348 24 111 150 2014 7 2 20 57 6 5 197
11 36 69 40.314 -111.94 344 25 100 150 2014 7 2 20 58 6 5 197
11 36 69 40.401 -111.93 311 10 100 150 2014 7 2 20 59 6 5 197
11 36 69 40.417 -111.94 294 3 100 150 2014 7 2 21 0 6 5 197
11 36 69 40.565 -111.95 271 356 84 150 2014 7 2 21 1 6 5 197
11 36 69 40.571 -111.95 261 352 83 150 2014 7 2 21 2 6 5 197
11 36 69 40.635 -111.96 230 355 69 150 2014 7 2 21 3 6 5 197
11 36 69 40.693 -111.96 212 354 57 150 2014 7 2 21 4 6 5 197
11 36 69 40.741 -111.97 176 356 49 150 2014 7 2 21 5 6 5 197
12 36 69 33.833 -118.18 177 0 17 370 2014 7 3 21 22 6 1 2
12 36 69 33.833 -118.23 234 300 28 370 2014 7 3 21 23 6 1 2
12 36 69 33.767 -118.2 235 194 30 370 2014 7 3 21 24 6 1 2
12 36 69 33.705 -118.21 240 189 57 370 2014 7 3 21 25 8 1 2
12 36 69 33.635 -118.18 260 112 85 370 2014 7 3 21 26 6 1 2
12 36 69 33.599 -118.1 287 99 106 370 2014 7 3 21 27 6 1 2
12 36 69 33.652 -118.03 318 138 135 370 2014 7 3 21 28 6 1 18
12 36 69 33.747 -117.99 355 66 146 370 2014 7 3 21 29 6 1 18
12 36 69 33.851 -117.95 386 31 166 370 2014 7 3 21 30 6 1 18
12 36 69 33.972 -117.88 413 17 187 370 2014 7 3 21 31 6 1 18
12 36 69 34.063 -117.8 411 21 207 370 2014 7 3 21 32 6 1 21
12 36 69 34.145 -117.7 417 30 221 370 2014 7 3 21 33 6 1 21
12 36 69 34.224 -117.59 426 43 234 370 2014 7 3 21 34 6 1 21
12 36 69 34.306 -117.48 434 46 248 370 2014 7 3 21 35 6 1 43
12 36 69 34.393 -117.36 447 48 263 370 2014 7 3 21 36 6 1 43
12 36 69 34.476 -117.25 455 48 274 370 2014 7 3 21 37 6 1 43
12 36 69 34.578 -117.11 464 48 289 370 2014 7 3 21 38 6 1 43
12 36 69 34.665 -116.99 471 48 298 370 2014 7 3 21 39 6 1 43
12 36 69 34.753 -116.87 479 48 312 370 2014 7 3 21 40 6 1 43
12 36 69 34.839 -116.75 478 48 323 370 2014 7 3 21 41 6 1 43
12 36 69 34.928 -116.63 478 47 323 370 2014 7 3 21 42 6 1 43
12 36 69 34.943 -116.6 476 48 336 370 2014 7 3 21 43 6 1 43
12 36 69 35.033 -116.48 476 48 344 370 2014 7 3 21 44 6 1 43
12 36 69 35.132 -116.37 478 45 351 370 2014 7 3 21 45 6 1 43
12 36 69 35.226 -116.25 482 45 359 370 2014 7 3 21 46 6 1 43
12 36 69 35.339 -116.11 488 46 368 370 2014 7 3 21 47 6 1 43
12 36 69 35.41 -116.01 486 44 370 370 2014 7 3 21 48 6 1 43
12 36 69 35.527 -115.87 488 47 370 370 2014 7 3 21 49 6 1 43
12 36 69 35.621 -115.75 488 43 370 370 2014 7 3 21 50 6 1 43
12 36 69 35.714 -115.63 483 46 370 370 2014 7 3 21 51 6 1 47
12 36 69 35.829 -115.48 491 46 370 370 2014 7 3 21 52 6 1 47
12 36 69 35.921 -115.36 491 46 370 370 2014 7 3 21 53 6 1 47
12 36 69 36.014 -115.24 489 46 370 370 2014 7 3 21 54 6 1 47
12 36 69 36.108 -115.12 491 47 370 370 2014 7 3 21 55 6 1 47
12 36 69 36.202 -115 491 44 370 370 2014 7 3 21 56 6 1 47
12 36 69 36.296 -114.88 489 45 370 370 2014 7 3 21 57 6 1 47
12 36 69 36.409 -114.74 490 46 370 370 2014 7 3 21 58 6 1 47
12 36 69 36.513 -114.63 490 40 370 370 2014 7 3 21 59 6 1 49
12 36 69 36.628 -114.54 490 33 370 370 2014 7 3 22 0 6 1 49
12 36 69 36.736 -114.44 489 34 370 370 2014 7 3 22 1 6 1 49
12 36 69 36.846 -114.35 487 34 370 370 2014 7 3 22 2 6 1 49
12 36 69 36.977 -114.24 485 35 370 370 2014 7 3 22 3 6 1 49
12 36 69 37.087 -114.14 484 34 370 370 2014 7 3 22 4 6 1 49
12 36 69 37.197 -114.05 483 35 370 350 2014 7 3 22 5 6 1 49
12 36 69 37.308 -113.95 482 34 364 350 2014 7 3 22 6 7 1 49
12 36 69 37.416 -113.85 481 35 354 350 2014 7 3 22 7 6 1 49
12 36 69 37.544 -113.74 467 35 350 350 2014 7 3 22 8 6 1 49
12 36 69 37.653 -113.65 472 34 350 350 2014 7 3 22 9 6 1 49
12 36 69 37.765 -113.56 471 34 350 350 2014 7 3 22 10 6 5 205
12 36 69 37.886 -113.49 472 22 350 350 2014 7 3 22 11 6 5 205
12 36 69 38.006 -113.43 470 22 350 350 2014 7 3 22 12 6 5 205
12 36 69 38.129 -113.36 471 23 350 350 2014 7 3 22 13 6 5 205
12 36 69 38.25 -113.29 472 23 350 350 2014 7 3 22 14 6 5 205
12 36 69 38.25 -113.29 472 24 350 320 2014 7 3 22 15 6 5 205
12 36 69 38.396 -113.21 474 23 350 320 2014 7 3 22 16 6 5 205
12 36 69 38.517 -113.14 473 23 342 320 2014 7 3 22 17 6 5 205
12 36 69 38.637 -113.08 473 23 332 320 2014 7 3 22 18 6 5 205
12 36 69 38.757 -113.01 473 23 322 180 2014 7 3 22 19 6 5 205
12 36 69 38.878 -112.94 473 23 312 180 2014 7 3 22 20 8 5 205
12 36 69 38.997 -112.87 471 24 298 180 2014 7 3 22 21 9 5 205
12 36 69 39.113 -112.8 460 24 283 180 2014 7 3 22 22 6 5 205
12 36 69 39.25 -112.72 449 24 266 180 2014 7 3 22 23 6 5 215
12 36 69 39.361 -112.66 443 23 251 180 2014 7 3 22 24 7 5 215
12 36 69 39.477 -112.59 428 23 236 180 2014 7 3 22 25 6 5 215
12 36 69 39.583 -112.53 418 24 218 180 2014 7 3 22 26 6 5 215
12 36 69 39.688 -112.47 415 24 200 180 2014 7 3 22 27 6 5 215
12 36 69 39.781 -112.4 385 23 185 180 2014 7 3 22 28 6 5 215
12 36 69 39.857 -112.31 376 26 180 180 2014 7 3 22 29 6 5 215
12 36 69 39.94 -112.25 374 39 180 180 2014 7 3 22 30 6 5 215
12 36 69 40.038 -112.17 378 19 180 180 2014 7 3 22 31 6 5 215
12 36 69 40.163 -112.16 373 7 180 180 2014 7 3 22 32 6 5 215
12 36 69 40.268 -112.14 383 7 161 180 2014 7 3 22 33 6 5 197
12 36 69 40.377 -112.13 393 7 136 180 2014 7 3 22 34 6 5 197
12 36 69 40.481 -112.11 367 7 130 180 2014 7 3 22 35 6 5 197
12 36 69 40.575 -112.08 352 11 119 180 2014 7 3 22 36 6 5 197
12 36 69 40.671 -112.08 340 4 109 180 2014 7 3 22 37 6 5 197
12 36 69 40.769 -112.09 280 356 110 180 2014 7 3 22 38 6 5 197
12 36 69 40.845 -112.1 276 355 101 180 2014 7 3 22 39 6 5 197
12 36 69 40.919 -112.11 270 354 81 180 2014 7 3 22 40 6 5 197
12 36 69 40.951 -112.05 221 12 71 180 2014 7 3 22 41 6 5 197
12 36 69 40.949 -112.01 192 56 69 180 2014 7 3 22 42 6 5 197
12 36 69 40.903 -111.99 172 118 61 180 2014 7 3 22 43 6 5 197
12 36 69 40.842 -111.98 150 175 49 180 2014 7 3 22 44 6 5 197
12 36 69 40.82 -111.98 136 174 45 180 2014 7 3 22 45 6 5 197
12 36 69 40.797 -111.98 140 176 42 180 2014 7 3 22 46 6 5 197
13 36 69 33.84 -118.18 163 300 14 350 2014 7 3 1 41 15 1 2
13 36 69 33.816 -118.23 253 316 39 350 2014 7 3 1 42 6 1 2
13 36 69 33.766 -118.27 220 245 62 350 2014 7 3 1 43 6 1 2
13 36 69 33.702 -118.28 225 220 81 350 2014 7 3 1 44 6 1 2
13 36 69 33.634 -118.27 251 200 98 350 2014 7 3 1 45 6 1 2
13 36 69 33.645 -118.18 289 180 115 350 2014 7 3 1 46 6 1 2
13 36 69 33.714 -118.12 302 123 134 350 2014 7 3 1 47 6 1 18
13 36 69 33.785 -118.06 322 56 148 350 2014 7 3 1 48 6 1 18
13 36 69 33.881 -117.97 360 36 166 350 2014 7 3 1 49 15 1 18
13 36 69 33.964 -117.89 370 40 179 350 2014 7 3 1 50 16 1 18
13 36 69 34.051 -117.81 386 37 201 350 2014 7 3 1 51 6 1 21
13 36 69 34.13 -117.72 395 36 214 350 2014 7 3 1 52 6 1 21
13 36 69 34.205 -117.62 404 40 227 350 2014 7 3 1 53 6 1 21
13 36 69 34.284 -117.52 416 45 242 350 2014 7 3 1 54 6 1 43
13 36 69 34.376 -117.39 416 48 256 350 2014 7 3 1 55 6 1 43
13 36 69 34.452 -117.28 416 48 256 350 2014 7 3 1 56 6 1 43
13 36 69 34.443 -117.3 431 48 263 350 2014 7 3 1 57 6 1 43
13 36 69 34.634 -117.05 457 47 283 350 2014 7 3 1 58 16 1 43
13 36 69 34.721 -116.94 458 46 293 350 2014 7 3 1 59 7 1 43
13 36 69 34.809 -116.83 458 46 303 350 2014 7 3 2 0 6 1 43
13 36 69 34.897 -116.71 461 46 313 350 2014 7 3 2 1 6 1 43
13 36 69 34.914 -116.7 459 46 315 350 2014 7 3 2 2 6 1 43
13 36 69 35.003 -116.58 463 45 324 350 2014 7 3 2 3 16 1 43
13 36 69 35.094 -116.47 460 48 329 350 2014 7 3 2 4 15 1 43
13 36 69 35.268 -116.23 467 46 346 350 2014 7 3 2 5 16 1 43
13 36 69 35.291 -116.21 469 47 348 350 2014 7 3 2 6 6 1 43
13 36 69 35.358 -116.11 469 44 350 350 2014 7 3 2 7 16 1 43
13 36 69 35.449 -115.99 482 47 350 350 2014 7 3 2 8 6 1 43
13 36 69 35.543 -115.87 485 47 351 350 2014 7 3 2 9 6 1 43
13 36 69 35.653 -115.73 470 47 350 350 2014 7 3 2 10 6 1 47
13 36 69 35.743 -115.61 480 47 350 350 2014 7 3 2 11 6 1 47
13 36 69 35.832 -115.49 478 47 350 350 2014 7 3 2 12 6 1 47
13 36 69 35.922 -115.37 478 47 350 350 2014 7 3 2 13 15 1 47
13 36 69 36.01 -115.25 478 48 350 350 2014 7 3 2 14 6 1 47
13 36 69 36.12 -115.11 482 46 350 350 2014 7 3 2 15 16 1 47
13 36 69 36.215 -114.99 486 45 350 350 2014 7 3 2 16 6 1 47
13 36 69 36.309 -114.87 487 45 350 350 2014 7 3 2 17 6 1 47
13 36 69 36.405 -114.75 488 45 350 350 2014 7 3 2 18 15 1 47
13 36 69 36.498 -114.63 488 46 350 350 2014 7 3 2 19 6 1 49
13 36 69 36.59 -114.5 487 46 350 350 2014 7 3 2 20 6 1 49
13 36 69 36.703 -114.35 488 46 350 350 2014 7 3 2 21 6 1 49
13 36 69 36.807 -114.24 494 41 350 350 2014 7 3 2 22 16 1 49
13 36 69 36.925 -114.15 497 30 350 350 2014 7 3 2 23 15 1 49
13 36 69 37.033 -114.07 494 31 350 350 2014 7 3 2 24 6 1 49
13 36 69 37.144 -113.98 481 31 350 350 2014 7 3 2 25 16 1 49
13 36 69 37.28 -113.88 479 32 350 350 2014 7 3 2 26 6 1 49
13 36 69 37.395 -113.79 480 32 350 350 2014 7 3 2 27 6 1 49
13 36 69 37.508 -113.7 479 32 350 350 2014 7 3 2 28 6 1 49
13 36 69 37.618 -113.61 468 31 350 350 2014 7 3 2 29 16 1 49
13 36 69 37.729 -113.52 467 32 350 350 2014 7 3 2 30 16 5 205
13 36 69 37.84 -113.44 467 32 350 320 2014 7 3 2 31 6 5 205
13 36 69 37.953 -113.35 472 32 342 320 2014 7 3 2 32 16 5 205
13 36 69 38.064 -113.25 474 32 332 320 2014 7 3 2 33 15 5 205
13 36 69 38.177 -113.16 473 31 322 300 2014 7 3 2 34 6 5 205
13 36 69 38.292 -113.07 483 31 314 300 2014 7 3 2 35 16 5 205
13 36 69 38.412 -112.99 490 32 303 300 2014 7 3 2 36 6 5 205
13 36 69 38.541 -112.93 490 17 303 300 2014 7 3 2 37 6 5 205
13 36 69 38.559 -112.91 480 26 300 150 2014 7 3 2 38 15 5 205
13 36 69 38.682 -112.85 480 25 300 150 2014 7 3 2 39 15 5 205
13 36 69 38.804 -112.78 480 22 300 150 2014 7 3 2 40 6 5 205
13 36 69 38.926 -112.71 479 22 300 150 2014 7 3 2 41 6 5 205
13 36 69 39.049 -112.65 476 23 300 150 2014 7 3 2 42 6 5 205
13 36 69 39.308 -112.5 477 22 291 150 2014 7 3 2 43 16 5 215
13 36 69 39.436 -112.46 477 15 291 150 2014 7 3 2 44 16 5 215
13 36 69 39.425 -112.44 461 20 261 150 2014 7 3 2 45 16 5 215
13 36 69 39.536 -112.37 440 23 230 150 2014 7 3 2 46 15 5 215
13 36 69 39.642 -112.31 422 23 203 150 2014 7 3 2 47 6 5 215
13 36 69 39.744 -112.25 397 24 177 150 2014 7 3 2 48 15 5 215
13 36 69 39.888 -112.18 369 23 150 150 2014 7 3 2 49 15 5 215
13 36 69 39.983 -112.12 366 24 150 150 2014 7 3 2 50 6 5 215
13 36 69 40.076 -112.07 373 24 138 150 2014 7 3 2 51 6 5 215
13 36 69 40.167 -112.01 363 24 124 150 2014 7 3 2 52 6 5 197
13 36 69 40.259 -112 356 10 112 150 2014 7 3 2 53 15 5 197
13 36 69 40.371 -111.98 353 7 101 150 2014 7 3 2 54 6 5 197
13 36 69 40.459 -111.96 307 7 100 150 2014 7 3 2 55 6 5 197
13 36 69 40.535 -111.96 265 6 86 150 2014 7 3 2 56 15 5 197
13 36 69 40.609 -111.96 265 359 73 150 2014 7 3 2 57 6 5 197
13 36 69 40.67 -111.96 232 355 63 150 2014 7 3 2 58 16 5 197
13 36 69 40.721 -111.97 162 355 53 150 2014 7 3 2 59 7 5 197
13 36 69 40.767 -111.97 129 355 44 150 2014 7 3 3 0 16 5 197
13 36 69 40.792 -111.97 140 356 42 150 2014 7 3 3 1 6 5 197
15 36 69 33.818 -118.15 153 0 0 350 2014 7 3 14 18 6 1 2
15 36 69 33.83 -118.23 197 0 30 350 2014 7 3 14 19 6 1 2
15 36 69 33.773 -118.24 204 337 35 350 2014 7 3 14 20 6 1 2
15 36 69 33.715 -118.26 207 238 62 350 2014 7 3 14 21 6 1 2
15 36 69 33.651 -118.27 235 193 82 350 2014 7 3 14 22 6 1 2
15 36 69 33.638 -118.19 262 162 101 350 2014 7 3 14 23 6 1 2
15 36 69 33.699 -118.12 301 141 118 350 2014 7 3 14 24 6 1 2
15 36 69 33.79 -118.04 328 68 147 350 2014 7 3 14 25 6 1 18
15 36 69 33.866 -117.98 335 37 168 350 2014 7 3 14 26 6 1 18
15 36 69 33.946 -117.91 350 38 189 350 2014 7 3 14 27 7 1 18
15 36 69 33.946 -117.91 350 38 189 350 2014 7 3 14 28 6 1 18
15 36 69 34.106 -117.76 369 39 226 350 2014 7 3 14 29 6 1 21
15 36 69 34.193 -117.64 390 37 245 350 2014 7 3 14 30 6 1 43
15 36 69 34.267 -117.54 399 42 259 350 2014 7 3 14 31 6 1 43
15 36 69 34.344 -117.43 410 48 273 350 2014 7 3 14 32 6 1 43
15 36 69 34.424 -117.32 419 48 289 350 2014 7 3 14 33 6 1 43
15 36 69 34.503 -117.21 425 48 301 350 2014 7 3 14 34 6 1 43
15 36 69 34.583 -117.1 434 48 312 350 2014 7 3 14 35 6 1 43
15 36 69 34.665 -116.99 445 48 323 350 2014 7 3 14 36 6 1 43
15 36 69 34.764 -116.85 452 48 330 350 2014 7 3 14 37 6 1 43
15 36 69 34.851 -116.73 471 48 330 350 2014 7 3 14 38 6 1 43
15 36 69 34.96 -116.58 469 48 330 350 2014 7 3 14 39 6 1 43
15 36 69 35.026 -116.5 472 47 330 350 2014 7 3 14 40 6 1 43
15 36 69 35.115 -116.38 467 46 330 350 2014 7 3 14 41 6 1 43
15 36 69 35.146 -116.35 465 45 330 330 2014 7 3 14 42 6 1 43
15 36 69 35.222 -116.25 461 44 330 330 2014 7 3 14 43 6 1 43
15 36 69 35.323 -116.13 460 47 330 330 2014 7 3 14 44 6 1 43
15 36 69 35.428 -116 457 45 330 330 2014 7 3 14 45 6 1 43
15 36 69 35.585 -115.79 452 45 330 330 2014 7 3 14 46 14 1 43
15 36 69 35.672 -115.68 450 46 330 330 2014 7 3 14 47 6 1 47
15 36 69 35.69 -115.66 454 45 330 330 2014 7 3 14 48 6 1 47
15 36 69 35.778 -115.55 454 45 330 330 2014 7 3 14 49 6 1 47
15 36 69 35.884 -115.41 457 46 330 330 2014 7 3 14 50 6 1 47
15 36 69 35.972 -115.3 458 46 330 330 2014 7 3 14 51 6 1 47
15 36 69 36.042 -115.21 457 45 330 330 2014 7 3 14 52 9 1 47
15 36 69 36.151 -115.07 464 46 330 330 2014 7 3 14 53 6 1 47
15 36 69 36.241 -114.96 464 45 330 330 2014 7 3 14 54 6 1 47
15 36 69 36.347 -114.82 464 45 330 330 2014 7 3 14 55 6 1 47
15 36 69 36.434 -114.71 461 45 330 330 2014 7 3 14 56 6 1 48
15 36 69 36.515 -114.63 459 46 330 330 2014 7 3 14 57 6 1 48
15 36 69 36.64 -114.53 455 33 330 330 2014 7 3 14 58 6 1 48
15 36 69 36.742 -114.44 455 35 330 330 2014 7 3 14 59 6 1 48
15 36 69 36.846 -114.35 454 34 330 330 2014 7 3 15 0 6 1 48
15 36 69 36.974 -114.24 462 34 330 330 2014 7 3 15 1 7 1 48
15 36 69 37.061 -114.16 467 34 330 330 2014 7 3 15 2 6 1 48
15 36 69 37.197 -114.05 474 34 330 330 2014 7 3 15 3 6 1 48
15 36 69 37.304 -113.95 472 34 330 330 2014 7 3 15 4 6 1 48
15 36 69 37.389 -113.88 465 34 330 330 2014 7 3 15 5 6 1 48
15 36 69 37.493 -113.79 462 34 330 330 2014 7 3 15 6 9 1 48
15 36 69 37.596 -113.7 456 34 330 330 2014 7 3 15 7 6 1 48
15 36 69 37.7 -113.61 454 34 330 330 2014 7 3 15 8 6 5 205
15 36 69 37.813 -113.54 449 34 330 330 2014 7 3 15 9 6 5 205
15 36 69 37.929 -113.47 451 24 330 330 2014 7 3 15 10 6 5 205
15 36 69 37.976 -113.45 451 23 330 330 2014 7 3 15 11 6 5 205
15 36 69 38.186 -113.33 452 23 330 330 2014 7 3 15 12 6 5 205
15 36 69 38.209 -113.32 453 23 330 310 2014 7 3 15 13 6 5 205
15 36 69 38.325 -113.25 453 24 326 310 2014 7 3 15 14 6 5 205
15 36 69 38.444 -113.19 461 23 316 310 2014 7 3 15 15 6 5 205
15 36 69 38.562 -113.12 462 23 310 310 2014 7 3 15 16 6 5 205
15 36 69 38.702 -113.04 460 23 310 310 2014 7 3 15 17 6 5 205
15 36 69 38.818 -112.97 460 23 310 170 2014 7 3 15 18 6 5 205
15 36 69 38.936 -112.91 461 24 310 170 2014 7 3 15 19 6 5 205
15 36 69 39.056 -112.84 470 24 310 170 2014 7 3 15 20 6 5 205
15 36 69 39.176 -112.77 470 23 310 170 2014 7 3 15 21 6 5 215
15 36 69 39.293 -112.7 465 24 310 170 2014 7 3 15 22 6 5 215
15 36 69 39.419 -112.63 465 23 310 170 2014 7 3 15 23 6 5 215
15 36 69 39.537 -112.56 465 24 285 170 2014 7 3 15 24 6 5 215
15 36 69 39.676 -112.48 455 24 249 170 2014 7 3 15 25 6 5 215
15 36 69 39.785 -112.41 436 24 219 170 2014 7 3 15 26 6 5 215
15 36 69 39.893 -112.35 429 24 189 170 2014 7 3 15 27 6 5 215
15 36 69 40.021 -112.29 389 24 170 170 2014 7 3 15 28 6 5 215
15 36 69 40.09 -112.24 365 23 168 170 2014 7 3 15 29 6 5 215
15 36 69 40.19 -112.21 369 17 154 170 2014 7 3 15 30 6 5 197
15 36 69 40.307 -112.17 365 15 140 170 2014 7 3 15 31 6 5 197
15 36 69 40.403 -112.14 359 15 134 170 2014 7 3 15 32 6 5 197
15 36 69 40.5 -112.1 359 15 130 170 2014 7 3 15 33 6 5 197
15 36 69 40.535 -112.1 356 14 125 170 2014 7 3 15 34 6 5 197
15 36 69 40.638 -112.08 342 9 110 170 2014 7 3 15 35 6 5 197
15 36 69 40.725 -112.09 297 358 110 170 2014 7 3 15 36 6 5 197
15 36 69 40.796 -112.1 254 355 110 170 2014 7 3 15 37 6 5 197
15 36 69 40.863 -112.1 259 354 99 170 2014 7 3 15 38 6 5 197
15 36 69 40.927 -112.11 259 1 83 170 2014 7 3 15 39 8 5 197
15 36 69 40.932 -112.04 203 95 68 170 2014 7 3 15 40 6 5 197
15 36 69 40.892 -112.01 171 155 59 170 2014 7 3 15 41 6 5 197
15 36 69 40.844 -112 123 174 49 170 2014 7 3 15 42 6 5 197
15 36 69 40.818 -112 132 174 45 170 2014 7 3 15 43 6 5 197
17 36 69 33.85 -118.18 175 0 18 370 2014 7 3 15 44 6 1 2
17 36 69 33.833 -118.23 245 298 33 370 2014 7 3 15 45 6 1 2
17 36 69 33.789 -118.25 242 248 52 370 2014 7 3 15 46 6 1 2
17 36 69 33.722 -118.26 242 201 76 370 2014 7 3 15 47 6 1 2
17 36 69 33.651 -118.28 257 158 101 370 2014 7 3 15 48 6 1 2
17 36 69 33.629 -118.18 324 190 114 370 2014 7 3 15 49 16 1 2
17 36 69 33.711 -118.11 364 142 130 370 2014 7 3 15 50 10 1 2
17 36 69 33.797 -118.04 378 57 151 370 2014 7 3 15 51 6 1 18
17 36 69 33.887 -117.96 389 34 170 370 2014 7 3 15 52 16 1 18
17 36 69 33.995 -117.86 403 35 194 370 2014 7 3 15 53 6 1 18
17 36 69 34.085 -117.78 411 39 212 370 2014 7 3 15 54 6 1 21
17 36 69 34.161 -117.68 411 48 212 370 2014 7 3 15 55 6 1 21
17 36 69 34.244 -117.57 426 42 240 370 2014 7 3 15 56 6 1 43
17 36 69 34.322 -117.46 426 48 240 370 2014 7 3 15 57 6 1 43
17 36 69 34.325 -117.46 435 47 252 370 2014 7 3 15 58 6 1 43
17 36 69 34.497 -117.22 459 48 277 370 2014 7 3 15 59 6 1 43
17 36 69 34.599 -117.08 463 48 290 370 2014 7 3 16 0 6 1 43
17 36 69 34.684 -116.96 463 48 290 370 2014 7 3 16 1 6 1 43
17 36 69 34.686 -116.96 470 48 300 370 2014 7 3 16 2 6 1 43
17 36 69 34.772 -116.84 475 48 312 370 2014 7 3 16 3 6 1 43
17 36 69 34.859 -116.72 475 48 323 370 2014 7 3 16 4 6 1 43
17 36 69 34.946 -116.6 475 48 333 370 2014 7 3 16 5 6 1 43
17 36 69 35.056 -116.46 478 46 346 370 2014 7 3 16 6 6 1 43
17 36 69 35.147 -116.34 477 44 353 370 2014 7 3 16 7 6 1 43
17 36 69 35.232 -116.24 477 46 358 370 2014 7 3 16 8 6 1 43
17 36 69 35.333 -116.11 479 44 365 370 2014 7 3 16 9 6 1 43
17 36 69 35.428 -115.99 483 45 370 370 2014 7 3 16 10 6 1 43
17 36 69 35.533 -115.86 485 45 370 370 2014 7 3 16 11 7 1 43
17 36 69 35.626 -115.74 487 46 370 370 2014 7 3 16 12 6 1 43
17 36 69 35.739 -115.6 487 45 370 370 2014 7 3 16 13 6 1 47
17 36 69 35.831 -115.48 487 47 370 370 2014 7 3 16 14 6 1 47
17 36 69 35.904 -115.38 487 46 370 370 2014 7 3 16 15 6 1 47
17 36 69 36.016 -115.24 484 45 370 370 2014 7 3 16 16 6 1 47
17 36 69 36.106 -115.12 480 46 370 370 2014 7 3 16 17 6 1 47
17 36 69 36.218 -114.98 481 45 370 370 2014 7 3 16 18 6 1 47
17 36 69 36.312 -114.86 481 45 370 370 2014 7 3 16 19 6 1 47
17 36 69 36.403 -114.75 479 46 370 370 2014 7 3 16 20 6 1 47
17 36 69 36.495 -114.63 478 46 370 370 2014 7 3 16 21 6 1 49
17 36 69 36.587 -114.51 483 46 370 370 2014 7 3 16 22 6 1 49
17 36 69 36.699 -114.36 485 46 371 330 2014 7 3 16 23 6 1 49
17 36 69 36.797 -114.25 478 45 365 330 2014 7 3 16 24 6 1 49
17 36 69 36.907 -114.16 463 33 356 330 2014 7 3 16 25 6 1 49
17 36 69 37.017 -114.08 463 30 346 330 2014 7 3 16 26 7 1 49
17 36 69 37.127 -114 463 32 337 330 2014 7 3 16 27 6 1 48
17 36 69 37.237 -113.91 464 31 330 330 2014 7 3 16 28 6 1 48
17 36 69 37.34 -113.83 464 32 330 330 2014 7 3 16 29 6 1 48
17 36 69 37.45 -113.74 465 31 330 330 2014 7 3 16 30 6 1 48
17 36 69 37.561 -113.66 466 32 330 330 2014 7 3 16 31 6 1 48
17 36 69 37.672 -113.57 466 32 330 330 2014 7 3 16 32 6 5 205
17 36 69 37.84 -113.48 466 23 330 330 2014 7 3 16 33 6 5 205
17 36 69 37.913 -113.44 467 22 330 330 2014 7 3 16 34 6 5 205
17 36 69 37.962 -113.41 466 22 330 330 2014 7 3 16 35 6 5 205
17 36 69 38.155 -113.31 468 22 330 330 2014 7 3 16 36 6 5 205
17 36 69 38.301 -113.23 470 23 330 330 2014 7 3 16 37 6 5 205
17 36 69 38.421 -113.16 470 23 330 330 2014 7 3 16 38 6 5 205
17 36 69 38.422 -113.16 471 23 330 330 2014 7 3 16 39 6 5 205
17 36 69 38.543 -113.1 471 23 330 330 2014 7 3 16 40 6 5 205
17 36 69 38.664 -113.03 471 22 330 320 2014 7 3 16 41 6 5 205
17 36 69 38.786 -112.96 472 22 325 320 2014 7 3 16 42 6 5 205
17 36 69 38.907 -112.9 473 23 320 170 2014 7 3 16 43 6 5 205
17 36 69 39.029 -112.83 478 23 320 170 2014 7 3 16 44 6 5 205
17 36 69 39.175 -112.75 475 23 320 170 2014 7 3 16 45 6 5 215
17 36 69 39.298 -112.68 477 23 296 170 2014 7 3 16 46 6 5 215
17 36 69 39.426 -112.61 477 23 273 170 2014 7 3 16 47 6 5 215
17 36 69 39.539 -112.54 450 23 252 170 2014 7 3 16 48 6 5 215
17 36 69 39.649 -112.48 431 23 232 170 2014 7 3 16 49 6 5 215
17 36 69 39.755 -112.42 419 23 213 170 2014 7 3 16 50 6 5 215
17 36 69 39.857 -112.36 406 23 193 170 2014 7 3 16 51 10 5 215
17 36 69 39.978 -112.3 391 23 174 170 2014 7 3 16 52 6 5 215
17 36 69 40.106 -112.25 373 21 169 170 2014 7 3 16 53 6 5 215
17 36 69 40.204 -112.21 362 13 153 170 2014 7 3 16 54 6 5 197
17 36 69 40.297 -112.18 343 14 140 170 2014 7 3 16 55 6 5 197
17 36 69 40.358 -112.15 334 15 140 170 2014 7 3 16 56 6 5 197
17 36 69 40.446 -112.12 329 16 140 170 2014 7 3 16 57 6 5 197
17 36 69 40.54 -112.09 276 13 137 170 2014 7 3 16 58 6 5 197
17 36 69 40.629 -112.08 268 5 122 170 2014 7 3 16 59 6 5 197
17 36 69 40.708 -112.09 262 357 110 170 2014 7 3 17 0 6 5 197
17 36 69 40.761 -112.09 260 354 110 170 2014 7 3 17 1 6 5 197
17 36 69 40.834 -112.1 260 354 102 170 2014 7 3 17 2 6 5 197
17 36 69 40.906 -112.11 260 358 90 170 2014 7 3 17 3 6 5 197
17 36 69 40.947 -112.04 249 65 76 170 2014 7 3 17 4 6 5 197
17 36 69 40.901 -111.99 196 141 64 170 2014 7 3 17 5 6 5 197
17 36 69 40.847 -111.98 196 172 64 170 2014 7 3 17 6 14 5 197
17 36 69 40.813 -111.98 146 174 44 170 2014 7 3 17 7 6 5 197
19 36 69 33.849 -118.19 183 0 23 370 2014 7 4 21 56 15 1 2
19 36 69 33.817 -118.25 229 308 41 370 2014 7 4 21 57 16 1 15
19 36 69 33.831 -118.24 251 238 37 370 2014 7 4 21 58 15 1 2
19 36 69 33.767 -118.26 238 241 62 370 2014 7 4 21 59 16 1 2
19 36 69 33.707 -118.31 248 191 85 370 2014 7 4 22 0 6 1 2
19 36 69 33.655 -118.21 323 196 117 370 2014 7 4 22 1 15 1 2
19 36 69 33.655 -118.21 323 196 117 370 2014 7 4 22 2 6 1 2
19 36 69 33.728 -118.13 359 123 137 370 2014 7 4 22 3 6 1 18
19 36 69 33.809 -118.05 372 58 160 370 2014 7 4 22 4 16 1 18
19 36 69 33.885 -117.97 381 43 180 370 2014 7 4 22 5 16 1 18
19 36 69 33.986 -117.87 391 41 202 370 2014 7 4 22 6 6 1 18
19 36 69 34.076 -117.79 401 40 219 370 2014 7 4 22 7 16 1 21
19 36 69 34.156 -117.68 414 38 232 370 2014 7 4 22 8 16 1 21
19 36 69 34.234 -117.58 427 42 245 370 2014 7 4 22 9 15 1 43
19 36 69 34.323 -117.48 438 47 259 370 2014 7 4 22 10 16 1 43
19 36 69 34.451 -117.44 451 45 270 370 2014 7 4 22 11 6 1 43
19 36 69 34.576 -117.42 453 36 272 370 2014 7 4 22 12 16 1 43
19 36 69 34.703 -117.4 456 10 283 370 2014 7 4 22 13 6 1 43
19 36 69 34.9 -117.36 490 8 297 370 2014 7 4 22 14 6 1 34
19 36 69 35.022 -117.31 484 9 310 370 2014 7 4 22 15 6 1 34
19 36 69 35.115 -117.15 484 40 322 370 2014 7 4 22 16 15 1 34
19 36 69 35.147 -117.08 482 52 323 370 2014 7 4 22 17 16 1 34
19 36 69 35.22 -116.94 490 58 332 370 2014 7 4 22 18 16 1 34
19 36 69 35.33 -116.73 485 58 350 370 2014 7 4 22 19 16 1 34
19 36 69 35.392 -116.6 485 59 359 370 2014 7 4 22 20 16 1 34
19 36 69 35.475 -116.43 485 59 370 370 2014 7 4 22 21 15 1 34
19 36 69 35.542 -116.29 482 58 370 370 2014 7 4 22 22 15 1 43
19 36 69 35.566 -116.24 481 59 370 370 2014 7 4 22 23 6 1 43
19 36 69 35.648 -116.07 484 59 370 370 2014 7 4 22 24 6 1 47
19 36 69 35.716 -115.93 481 59 370 370 2014 7 4 22 25 15 1 47
19 36 69 35.787 -115.78 481 59 370 370 2014 7 4 22 26 6 1 47
19 36 69 35.854 -115.63 482 59 370 370 2014 7 4 22 27 15 1 47
19 36 69 35.933 -115.51 487 59 370 370 2014 7 4 22 28 6 1 47
19 36 69 36.043 -115.42 469 42 370 350 2014 7 4 22 29 6 1 47
19 36 69 36.152 -115.32 476 34 370 350 2014 7 4 22 30 16 1 47
19 36 69 36.261 -115.23 479 34 370 350 2014 7 4 22 31 15 1 47
19 36 69 36.326 -115.18 481 34 370 350 2014 7 4 22 32 6 1 47
19 36 69 36.499 -115.03 479 34 370 350 2014 7 4 22 33 6 1 38
19 36 69 36.608 -114.93 478 34 370 350 2014 7 4 22 34 6 1 38
19 36 69 36.717 -114.84 478 34 370 350 2014 7 4 22 35 15 1 38
19 36 69 36.821 -114.75 477 35 370 350 2014 7 4 22 36 6 1 38
19 36 69 36.929 -114.66 478 34 370 350 2014 7 4 22 37 17 1 38
19 36 69 37.06 -114.54 477 35 370 350 2014 7 4 22 38 6 1 38
19 36 69 37.104 -114.5 477 34 370 350 2014 7 4 22 39 15 1 38
19 36 69 37.285 -114.34 478 34 352 350 2014 7 4 22 40 15 1 38
19 36 69 37.319 -114.3 479 34 350 350 2014 7 4 22 41 6 1 38
19 36 69 37.453 -114.08 492 54 350 350 2014 7 4 22 42 15 1 38
19 36 69 37.55 -113.96 488 49 350 350 2014 7 4 22 43 16 1 38
19 36 69 37.597 -113.93 493 43 350 350 2014 7 4 22 44 15 1 38
19 36 69 37.736 -113.81 492 31 350 350 2014 7 4 22 45 6 1 38
19 36 69 37.851 -113.72 492 32 350 350 2014 7 4 22 46 16 1 38
19 36 69 37.966 -113.63 490 32 350 350 2014 7 4 22 47 15 5 205
19 36 69 38.08 -113.53 489 32 350 310 2014 7 4 22 48 15 5 205
19 36 69 38.194 -113.44 488 33 344 310 2014 7 4 22 49 15 5 205
19 36 69 38.309 -113.34 486 32 337 310 2014 7 4 22 50 6 5 205
19 36 69 38.424 -113.25 487 32 330 310 2014 7 4 22 51 6 5 205
19 36 69 38.538 -113.15 487 32 324 310 2014 7 4 22 52 15 5 205
19 36 69 38.653 -113.06 488 33 317 310 2014 7 4 22 53 6 5 205
19 36 69 38.77 -112.96 499 33 310 310 2014 7 4 22 54 6 5 205
19 36 69 38.884 -112.86 492 33 310 150 2014 7 4 22 55 15 5 205
19 36 69 38.998 -112.77 493 33 310 150 2014 7 4 22 56 16 5 205
19 36 69 39.135 -112.65 491 33 306 150 2014 7 4 22 57 6 5 205
19 36 69 39.234 -112.57 484 33 289 150 2014 7 4 22 58 6 5 215
19 36 69 39.339 -112.48 446 33 271 150 2014 7 4 22 59 16 5 215
19 36 69 39.448 -112.42 425 26 245 150 2014 7 4 23 0 16 5 215
19 36 69 39.562 -112.38 425 14 245 150 2014 7 4 23 1 16 5 215
19 36 69 39.575 -112.35 415 23 223 150 2014 7 4 23 2 6 5 215
19 36 69 39.771 -112.24 379 23 177 150 2014 7 4 23 3 15 5 215
19 36 69 39.866 -112.18 371 24 154 150 2014 7 4 23 4 6 5 215
19 36 69 39.953 -112.13 341 19 150 150 2014 7 4 23 5 6 5 215
19 36 69 40.026 -112.1 325 31 147 150 2014 7 4 23 6 6 5 215
19 36 69 40.117 -112.04 327 24 132 150 2014 7 4 23 7 15 5 215
19 36 69 40.197 -111.99 325 24 116 150 2014 7 4 23 8 6 5 197
19 36 69 40.2 -111.98 329 25 116 150 2014 7 4 23 9 6 5 197
19 36 69 40.388 -111.93 317 4 109 150 2014 7 4 23 10 16 5 197
19 36 69 40.437 -111.94 288 3 106 150 2014 7 4 23 11 15 5 197
19 36 69 40.538 -111.95 265 354 84 150 2014 7 4 23 12 16 5 197
19 36 69 40.612 -111.95 265 356 84 150 2014 7 4 23 13 16 5 197
19 36 69 40.605 -111.95 239 356 73 150 2014 7 4 23 14 6 5 197
19 36 69 40.708 -111.97 206 357 55 150 2014 7 4 23 15 15 5 197
19 36 69 40.72 -111.97 200 354 53 150 2014 7 4 23 16 6 5 197
19 36 69 40.766 -111.97 173 355 45 150 2014 7 4 23 17 6 5 197
20 36 69 33.841 -118.18 176 321 11 350 2014 7 4 1 36 6 1 2
20 36 69 33.818 -118.23 195 15 29 350 2014 7 4 1 37 6 1 2
20 36 69 33.757 -118.25 215 252 44 350 2014 7 4 1 38 6 1 2
20 36 69 33.694 -118.26 222 193 69 350 2014 7 4 1 39 15 1 2
20 36 69 33.627 -118.28 232 194 86 350 2014 7 4 1 40 6 1 2
20 36 69 33.579 -118.21 271 192 102 350 2014 7 4 1 41 6 1 2
20 36 69 33.601 -118.1 313 159 129 350 2014 7 4 1 42 16 1 2
20 36 69 33.601 -118.1 313 159 129 350 2014 7 4 1 43 6 1 2
20 36 69 33.774 -118 366 50 157 350 2014 7 4 1 44 6 1 18
20 36 69 33.868 -117.93 387 27 174 350 2014 7 4 1 45 6 1 18
20 36 69 33.767 -117.97 387 199 174 350 2014 7 4 1 46 6 1 18
20 36 69 33.962 -117.87 390 40 192 350 2014 7 4 1 47 6 1 18
20 36 69 34.078 -117.79 398 29 210 350 2014 7 4 1 48 15 1 21
20 36 69 34.156 -117.69 405 29 225 350 2014 7 4 1 49 6 1 21
20 36 69 34.233 -117.58 410 37 238 350 2014 7 4 1 50 6 1 21
20 36 69 34.311 -117.48 422 47 249 350 2014 7 4 1 51 6 1 43
20 36 69 34.408 -117.37 455 48 250 350 2014 7 4 1 52 6 1 43
20 36 69 34.526 -117.31 466 46 260 350 2014 7 4 1 53 6 1 43
20 36 69 34.641 -117.24 474 32 267 350 2014 7 4 1 54 10 1 43
20 36 69 34.742 -117.1 468 33 285 350 2014 7 4 1 55 15 1 43
20 36 69 34.825 -116.98 462 39 295 350 2014 7 4 1 56 6 1 43
20 36 69 34.927 -116.84 483 49 307 350 2014 7 4 1 57 6 1 43
20 36 69 35.012 -116.72 473 49 317 350 2014 7 4 1 58 16 1 43
20 36 69 35.076 -116.62 466 48 326 350 2014 7 4 1 59 6 1 43
20 36 69 35.179 -116.48 471 50 339 350 2014 7 4 2 0 6 1 43
20 36 69 35.256 -116.37 465 50 348 350 2014 7 4 2 1 6 1 43
20 36 69 35.342 -116.24 467 47 350 350 2014 7 4 2 2 6 1 43
20 36 69 35.445 -116.09 480 51 350 350 2014 7 4 2 3 6 1 43
20 36 69 35.535 -115.96 500 48 350 350 2014 7 4 2 4 6 1 43
20 36 69 35.624 -115.83 496 49 350 350 2014 7 4 2 5 6 1 43
20 36 69 35.713 -115.7 501 50 350 350 2014 7 4 2 6 6 1 47
20 36 69 35.802 -115.57 500 50 350 350 2014 7 4 2 7 16 1 47
20 36 69 35.889 -115.44 500 50 350 350 2014 7 4 2 8 8 1 47
20 36 69 35.977 -115.31 499 50 350 350 2014 7 4 2 9 6 1 47
20 36 69 36.081 -115.16 488 50 350 350 2014 7 4 2 10 6 1 47
20 36 69 36.175 -115.03 492 45 350 350 2014 7 4 2 11 6 1 47
20 36 69 36.271 -114.92 492 45 350 350 2014 7 4 2 12 6 1 47
20 36 69 36.367 -114.79 493 45 350 350 2014 7 4 2 13 6 1 47
20 36 69 36.461 -114.67 493 46 350 350 2014 7 4 2 14 15 1 49
20 36 69 36.573 -114.52 493 46 350 350 2014 7 4 2 15 6 1 49
20 36 69 36.556 -114.55 492 46 350 350 2014 7 4 2 16 6 1 49
20 36 69 36.763 -114.28 492 45 350 350 2014 7 4 2 17 16 1 49
20 36 69 36.879 -114.19 489 32 350 350 2014 7 4 2 18 15 1 49
20 36 69 36.993 -114.1 492 31 350 350 2014 7 4 2 19 6 1 49
20 36 69 36.996 -114.1 490 31 350 350 2014 7 4 2 20 16 1 49
20 36 69 37.113 -114.01 493 31 350 350 2014 7 4 2 21 6 1 49
20 36 69 37.345 -113.83 493 32 350 350 2014 7 4 2 22 16 1 49
20 36 69 37.464 -113.73 496 31 350 350 2014 7 4 2 23 16 1 49
20 36 69 37.604 -113.62 496 31 350 350 2014 7 4 2 24 16 1 49
20 36 69 37.722 -113.53 496 32 350 350 2014 7 4 2 25 16 5 205
20 36 69 37.722 -113.53 496 31 350 350 2014 7 4 2 26 6 5 205
20 36 69 37.851 -113.46 499 23 350 350 2014 7 4 2 27 6 5 205
20 36 69 37.981 -113.39 502 22 350 350 2014 7 4 2 28 6 5 205
20 36 69 38.108 -113.32 496 22 350 350 2014 7 4 2 29 6 5 205
20 36 69 38.259 -113.24 492 22 350 350 2014 7 4 2 30 6 5 205
20 36 69 38.358 -113.19 486 22 350 310 2014 7 4 2 31 6 5 205
20 36 69 38.484 -113.12 486 23 347 310 2014 7 4 2 32 6 5 205
20 36 69 38.613 -113.05 495 22 337 310 2014 7 4 2 33 6 5 205
20 36 69 38.744 -112.98 503 22 327 310 2014 7 4 2 34 6 5 205
20 36 69 38.9 -112.89 509 22 315 170 2014 7 4 2 35 16 5 205
20 36 69 39.029 -112.82 506 23 304 170 2014 7 4 2 36 6 5 205
20 36 69 39.156 -112.75 496 23 284 170 2014 7 4 2 37 16 5 215
20 36 69 39.28 -112.69 485 22 264 170 2014 7 4 2 38 7 5 215
20 36 69 39.393 -112.62 480 22 246 170 2014 7 4 2 39 15 5 215
20 36 69 39.511 -112.56 464 23 231 170 2014 7 4 2 40 6 5 215
20 36 69 39.647 -112.48 439 23 213 170 2014 7 4 2 41 6 5 215
20 36 69 39.751 -112.42 405 23 200 170 2014 7 4 2 42 6 5 215
20 36 69 39.894 -112.35 405 23 185 170 2014 7 4 2 43 6 5 215
20 36 69 39.959 -112.31 407 20 177 170 2014 7 4 2 44 6 5 215
20 36 69 40.056 -112.25 370 17 170 170 2014 7 4 2 45 6 5 215
20 36 69 40.182 -112.22 360 19 156 170 2014 7 4 2 46 6 5 215
20 36 69 40.251 -112.19 357 12 143 170 2014 7 4 2 47 15 5 197
20 36 69 40.367 -112.16 356 16 136 170 2014 7 4 2 48 16 5 197
20 36 69 40.462 -112.12 356 12 131 170 2014 7 4 2 49 6 5 197
20 36 69 40.542 -112.09 354 15 121 170 2014 7 4 2 50 6 5 197
20 36 69 40.651 -112.08 342 2 111 170 2014 7 4 2 51 6 5 197
20 36 69 40.736 -112.09 294 356 110 170 2014 7 4 2 52 6 5 197
20 36 69 40.811 -112.1 251 353 110 170 2014 7 4 2 53 6 5 197
20 36 69 40.881 -112.11 259 355 96 170 2014 7 4 2 54 6 5 197
20 36 69 40.938 -112.08 229 20 84 170 2014 7 4 2 55 6 5 197
20 36 69 40.916 -112.02 184 115 65 170 2014 7 4 2 56 6 5 197
20 36 69 40.862 -112.01 164 170 53 170 2014 7 4 2 57 6 5 197
20 36 69 40.825 -112 142 173 47 170 2014 7 4 2 58 16 5 197
21 36 69 33.85 -118.18 175 0 20 370 2014 7 4 2 55 6 1 2
21 36 69 33.8 -118.23 227 300 26 370 2014 7 4 2 56 6 1 2
21 36 69 33.788 -118.24 240 219 31 370 2014 7 4 2 57 6 1 2
21 36 69 33.658 -118.27 234 191 77 370 2014 7 4 2 58 16 1 2
21 36 69 33.703 -118.21 234 46 77 370 2014 7 4 2 59 6 1 2
21 36 69 33.668 -118.14 298 162 112 370 2014 7 4 3 0 6 1 2
21 36 69 33.727 -118.07 298 44 112 370 2014 7 4 3 1 16 1 2
21 36 69 33.747 -118.07 344 67 131 370 2014 7 4 3 2 6 1 18
21 36 69 33.847 -117.99 364 42 156 370 2014 7 4 3 3 6 1 18
21 36 69 33.933 -117.92 375 34 172 370 2014 7 4 3 4 16 1 18
21 36 69 34.113 -117.75 408 35 209 370 2014 7 4 3 5 16 1 21
21 36 69 34.113 -117.75 408 35 209 370 2014 7 4 3 6 6 1 21
21 36 69 34.188 -117.64 420 37 226 370 2014 7 4 3 7 6 1 21
21 36 69 34.266 -117.54 420 45 241 370 2014 7 4 3 8 6 1 43
21 36 69 34.346 -117.43 433 49 251 370 2014 7 4 3 9 16 1 43
21 36 69 34.433 -117.31 444 48 266 370 2014 7 4 3 10 6 1 43
21 36 69 34.516 -117.19 456 48 277 370 2014 7 4 3 11 6 1 43
21 36 69 34.618 -117.05 466 48 289 370 2014 7 4 3 12 16 1 43
21 36 69 34.705 -116.93 475 48 299 370 2014 7 4 3 13 16 1 43
21 36 69 34.792 -116.81 478 48 312 370 2014 7 4 3 14 6 1 43
21 36 69 34.879 -116.69 477 48 322 370 2014 7 4 3 15 6 1 43
21 36 69 34.969 -116.57 486 48 329 370 2014 7 4 3 16 15 1 43
21 36 69 35.089 -116.42 484 47 343 370 2014 7 4 3 17 6 1 43
21 36 69 35.204 -116.28 486 45 353 370 2014 7 4 3 18 6 1 43
21 36 69 35.3 -116.16 491 45 362 370 2014 7 4 3 19 16 1 43
21 36 69 35.368 -116.06 491 44 369 370 2014 7 4 3 20 6 1 43
21 36 69 35.489 -115.92 491 46 370 370 2014 7 4 3 21 6 1 43
21 36 69 35.583 -115.8 490 46 370 370 2014 7 4 3 22 15 1 43
21 36 69 35.677 -115.68 491 45 370 370 2014 7 4 3 23 15 1 47
21 36 69 35.772 -115.56 491 45 370 370 2014 7 4 3 24 16 1 47
21 36 69 35.867 -115.43 493 45 370 370 2014 7 4 3 25 15 1 47
21 36 69 35.961 -115.31 493 46 370 370 2014 7 4 3 26 6 1 47
21 36 69 36.072 -115.17 492 47 370 370 2014 7 4 3 27 6 1 47
21 36 69 36.147 -115.07 489 45 370 370 2014 7 4 3 28 6 1 47
21 36 69 36.262 -114.93 492 45 370 370 2014 7 4 3 29 16 1 47
21 36 69 36.337 -114.83 491 45 370 370 2014 7 4 3 30 7 1 47
21 36 69 36.451 -114.68 492 45 370 370 2014 7 4 3 31 6 1 49
21 36 69 36.452 -114.68 493 46 370 370 2014 7 4 3 32 6 1 49
21 36 69 36.545 -114.56 492 45 370 370 2014 7 4 3 33 6 1 49
21 36 69 36.651 -114.45 493 37 370 350 2014 7 4 3 34 6 1 49
21 36 69 36.79 -114.34 492 33 370 350 2014 7 4 3 35 6 1 49
21 36 69 36.903 -114.25 492 33 370 350 2014 7 4 3 36 6 1 49
21 36 69 37.13 -114.06 490 33 370 350 2014 7 4 3 37 16 1 49
21 36 69 37.258 -113.95 490 33 370 350 2014 7 4 3 38 15 1 49
21 36 69 37.244 -113.96 490 33 370 350 2014 7 4 3 39 16 1 49
21 36 69 37.349 -113.87 490 33 370 350 2014 7 4 3 40 16 1 49
21 36 69 37.462 -113.78 489 33 361 350 2014 7 4 3 41 6 1 49
21 36 69 37.575 -113.69 487 33 350 350 2014 7 4 3 42 6 1 49
21 36 69 37.711 -113.57 485 33 350 350 2014 7 4 3 43 6 5 205
21 36 69 37.939 -113.38 488 33 350 350 2014 7 4 3 44 16 5 205
21 36 69 37.939 -113.38 487 33 350 350 2014 7 4 3 45 15 5 205
21 36 69 38.054 -113.28 488 33 350 350 2014 7 4 3 46 6 5 205
21 36 69 38.182 -113.22 484 20 350 350 2014 7 4 3 47 16 5 205
21 36 69 38.309 -113.15 488 20 350 350 2014 7 4 3 48 15 5 205
21 36 69 38.436 -113.09 488 22 350 350 2014 7 4 3 49 16 5 205
21 36 69 38.563 -113.03 488 21 350 320 2014 7 4 3 50 17 5 205
21 36 69 38.714 -112.95 488 21 344 320 2014 7 4 3 51 6 5 205
21 36 69 38.837 -112.89 481 21 335 320 2014 7 4 3 52 16 5 205
21 36 69 38.963 -112.82 483 21 325 170 2014 7 4 3 53 16 5 205
21 36 69 39.088 -112.76 486 21 316 170 2014 7 4 3 54 16 5 205
21 36 69 39.213 -112.69 486 21 316 170 2014 7 4 3 55 24 5 215
21 36 69 39.348 -112.62 482 21 296 170 2014 7 4 3 56 6 5 215
21 36 69 39.471 -112.56 478 21 277 170 2014 7 4 3 57 6 5 215
21 36 69 39.591 -112.5 467 21 255 170 2014 7 4 3 58 15 5 215
21 36 69 39.708 -112.43 458 21 233 170 2014 7 4 3 59 6 5 215
21 36 69 39.826 -112.37 458 21 233 170 2014 7 4 4 0 6 5 215
21 36 69 39.93 -112.32 423 20 192 170 2014 7 4 4 1 6 5 215
21 36 69 40.036 -112.26 410 22 172 170 2014 7 4 4 2 6 5 215
21 36 69 40.141 -112.22 390 17 159 170 2014 7 4 4 3 16 5 215
21 36 69 40.24 -112.19 370 15 148 170 2014 7 4 4 4 6 5 197
21 36 69 40.359 -112.15 369 15 137 170 2014 7 4 4 5 16 5 197
21 36 69 40.457 -112.12 367 15 131 170 2014 7 4 4 6 6 5 197
21 36 69 40.555 -112.08 364 14 120 170 2014 7 4 4 7 6 5 197
21 36 69 40.653 -112.08 354 10 110 170 2014 7 4 4 8 6 5 197
21 36 69 40.739 -112.09 305 359 110 170 2014 7 4 4 9 6 5 197
21 36 69 40.816 -112.1 267 354 110 170 2014 7 4 4 10 6 5 197
21 36 69 40.85 -112.1 252 355 101 170 2014 7 4 4 11 6 5 197
21 36 69 40.96 -112.09 268 355 83 170 2014 7 4 4 12 15 5 197
21 36 69 40.958 -112.01 224 58 71 170 2014 7 4 4 13 6 5 197
21 36 69 40.906 -111.99 200 142 60 170 2014 7 4 4 14 6 5 197
21 36 69 40.847 -111.98 176 174 50 170 2014 7 4 4 15 6 5 197
21 36 69 40.808 -111.98 147 173 43 170 2014 7 4 4 16 6 5 197
22 36 69 33.842 -118.18 183 0 13 350 2014 7 4 14 23 6 1 2
22 36 69 33.828 -118.24 230 300 40 350 2014 7 4 14 24 6 1 2
22 36 69 33.768 -118.26 221 208 66 350 2014 7 4 14 25 15 1 2
22 36 69 33.704 -118.26 249 194 88 350 2014 7 4 14 26 15 1 2
22 36 69 33.711 -118.18 283 184 104 350 2014 7 4 14 27 15 1 2
22 36 69 33.778 -118.1 329 130 121 350 2014 7 4 14 28 6 1 2
22 36 69 33.846 -118.02 343 60 151 350 2014 7 4 14 29 16 1 18
22 36 69 33.911 -117.94 335 44 172 350 2014 7 4 14 30 6 1 18
22 36 69 33.985 -117.87 341 44 194 350 2014 7 4 14 31 16 1 18
22 36 69 34.077 -117.79 345 41 214 350 2014 7 4 14 32 6 1 21
22 36 69 34.148 -117.7 362 37 231 350 2014 7 4 14 33 6 1 21
22 36 69 34.216 -117.61 370 41 248 350 2014 7 4 14 34 15 1 43
22 36 69 34.287 -117.51 381 47 264 350 2014 7 4 14 35 6 1 43
22 36 69 34.357 -117.41 381 48 264 350 2014 7 4 14 36 6 1 43
22 36 69 34.436 -117.31 398 47 291 350 2014 7 4 14 37 15 1 43
22 36 69 34.436 -117.31 398 47 291 350 2014 7 4 14 38 6 1 43
22 36 69 34.512 -117.2 410 48 300 350 2014 7 4 14 39 6 1 43
22 36 69 34.591 -117.09 429 48 311 350 2014 7 4 14 40 6 1 43
22 36 69 34.753 -116.87 446 48 328 350 2014 7 4 14 41 16 1 43
22 36 69 34.852 -116.73 455 48 339 350 2014 7 4 14 42 6 1 43
22 36 69 34.936 -116.61 455 48 339 350 2014 7 4 14 43 16 1 43
22 36 69 34.936 -116.61 458 48 347 350 2014 7 4 14 44 15 1 43
22 36 69 35.108 -116.4 465 46 350 350 2014 7 4 14 45 15 1 43
22 36 69 35.116 -116.38 468 44 350 350 2014 7 4 14 46 6 1 43
22 36 69 35.301 -116.16 453 45 350 350 2014 7 4 14 47 16 1 43
22 36 69 35.29 -116.16 449 45 350 350 2014 7 4 14 48 15 1 43
22 36 69 35.387 -116.05 449 47 350 350 2014 7 4 14 49 6 1 43
22 36 69 35.483 -115.92 450 44 350 350 2014 7 4 14 50 16 1 43
22 36 69 35.563 -115.82 452 45 350 350 2014 7 4 14 51 6 1 43
22 36 69 35.651 -115.71 455 45 350 350 2014 7 4 14 52 6 1 47
22 36 69 35.736 -115.6 448 46 350 350 2014 7 4 14 53 6 1 47
22 36 69 35.841 -115.47 450 45 350 350 2014 7 4 14 54 15 1 47
22 36 69 35.926 -115.36 454 46 350 350 2014 7 4 14 55 15 1 47
22 36 69 36.013 -115.25 453 45 350 350 2014 7 4 14 56 6 1 47
22 36 69 36.099 -115.13 450 45 350 350 2014 7 4 14 57 6 1 47
22 36 69 36.189 -115.02 458 45 350 350 2014 7 4 14 58 16 1 47
22 36 69 36.279 -114.91 462 45 350 350 2014 7 4 14 59 6 1 47
22 36 69 36.386 -114.77 462 45 350 350 2014 7 4 15 0 15 1 47
22 36 69 36.476 -114.65 464 46 350 350 2014 7 4 15 1 6 1 49
22 36 69 36.563 -114.54 457 46 350 330 2014 7 4 15 2 15 1 49
22 36 69 36.667 -114.45 460 35 345 330 2014 7 4 15 3 6 1 49
22 36 69 36.768 -114.36 454 32 339 310 2014 7 4 15 4 15 1 48
22 36 69 36.874 -114.28 448 34 335 310 2014 7 4 15 5 6 1 48
22 36 69 36.987 -114.18 450 33 329 310 2014 7 4 15 6 6 1 48
22 36 69 37.09 -114.1 449 33 324 310 2014 7 4 15 7 16 1 48
22 36 69 37.193 -114.01 443 33 319 310 2014 7 4 15 8 6 1 48
22 36 69 37.293 -113.93 436 33 314 310 2014 7 4 15 9 15 1 48
22 36 69 37.394 -113.84 437 33 310 310 2014 7 4 15 10 15 1 48
22 36 69 37.498 -113.75 444 33 310 310 2014 7 4 15 11 15 1 48
22 36 69 37.601 -113.67 444 34 310 310 2014 7 4 15 12 18 1 48
22 36 69 37.722 -113.57 434 33 310 310 2014 7 4 15 13 6 5 205
22 36 69 37.823 -113.48 435 33 310 310 2014 7 4 15 14 15 5 205
22 36 69 37.931 -113.39 456 34 310 310 2014 7 4 15 15 6 5 205
22 36 69 38.044 -113.29 478 34 310 310 2014 7 4 15 16 6 5 205
22 36 69 38.154 -113.19 478 33 310 310 2014 7 4 15 17 6 5 205
22 36 69 38.154 -113.19 478 34 310 310 2014 7 4 15 18 6 5 205
22 36 69 38.263 -113.1 477 34 310 310 2014 7 4 15 19 15 5 205
22 36 69 38.398 -112.99 476 34 310 310 2014 7 4 15 20 6 5 205
22 36 69 38.521 -112.93 476 32 310 310 2014 7 4 15 21 15 5 205
22 36 69 38.642 -112.87 475 27 310 300 2014 7 4 15 22 16 5 205
22 36 69 38.763 -112.8 473 21 306 300 2014 7 4 15 23 6 5 205
22 36 69 38.884 -112.73 473 22 301 170 2014 7 4 15 24 6 5 205
22 36 69 39.007 -112.68 466 21 300 170 2014 7 4 15 25 15 5 205
22 36 69 39.154 -112.63 460 20 300 170 2014 7 4 15 26 6 5 205
22 36 69 39.26 -112.58 459 17 300 170 2014 7 4 15 27 15 5 215
22 36 69 39.408 -112.52 463 17 292 170 2014 7 4 15 28 6 5 215
22 36 69 39.528 -112.47 453 17 266 170 2014 7 4 15 29 16 5 215
22 36 69 39.642 -112.43 427 17 241 170 2014 7 4 15 30 6 5 215
22 36 69 39.752 -112.38 422 17 221 170 2014 7 4 15 31 6 5 215
22 36 69 39.864 -112.34 421 18 201 170 2014 7 4 15 32 6 5 215
22 36 69 39.969 -112.29 398 15 181 170 2014 7 4 15 33 6 5 215
22 36 69 40.086 -112.26 359 21 170 170 2014 7 4 15 34 16 5 215
22 36 69 40.187 -112.21 373 10 170 170 2014 7 4 15 35 15 5 197
22 36 69 40.281 -112.19 382 17 146 170 2014 7 4 15 36 6 5 197
22 36 69 40.397 -112.14 395 12 130 170 2014 7 4 15 37 6 5 197
22 36 69 40.501 -112.1 386 15 129 170 2014 7 4 15 38 16 5 197
22 36 69 40.604 -112.08 370 12 115 170 2014 7 4 15 39 6 5 197
22 36 69 40.724 -112.09 360 359 110 170 2014 7 4 15 40 15 5 197
22 36 69 40.8 -112.1 270 354 109 170 2014 7 4 15 41 6 5 197
22 36 69 40.87 -112.11 254 355 96 170 2014 7 4 15 42 6 5 197
22 36 69 40.939 -112.11 250 354 81 170 2014 7 4 15 43 6 5 197
22 36 69 40.97 -112.04 234 34 73 170 2014 7 4 15 44 15 5 197
22 36 69 40.93 -112.01 174 127 66 170 2014 7 4 15 45 6 5 197
22 36 69 40.877 -112.01 162 178 56 170 2014 7 4 15 46 16 5 197
22 36 69 40.841 -112 132 173 49 170 2014 7 4 15 47 16 5 197
22 36 69 40.822 -112 129 173 46 170 2014 7 4 15 48 6 5 197
22 36 69 40.805 -112 131 177 43 170 2014 7 4 15 49 16 5 197
23 36 69 33.818 -118.15 153 0 0 370 2014 7 4 15 42 6 1 2
23 36 69 33.797 -118.25 217 301 53 370 2014 7 4 15 43 6 1 2
23 36 69 33.735 -118.26 223 181 79 370 2014 7 4 15 44 15 1 2
23 36 69 33.735 -118.26 223 181 79 370 2014 7 4 15 45 6 1 2
23 36 69 33.778 -118.12 297 85 115 370 2014 7 4 15 46 16 1 2
23 36 69 33.843 -118.03 334 70 141 370 2014 7 4 15 47 16 1 18
23 36 69 33.843 -118.03 334 70 141 370 2014 7 4 15 48 6 1 18
23 36 69 34.004 -117.86 366 47 189 370 2014 7 4 15 49 16 1 18
23 36 69 34.073 -117.77 366 47 189 370 2014 7 4 15 50 6 1 21
23 36 69 34.088 -117.78 374 43 207 370 2014 7 4 15 51 6 1 21
23 36 69 34.161 -117.68 392 37 223 370 2014 7 4 15 52 16 1 21
23 36 69 34.237 -117.58 406 42 239 370 2014 7 4 15 53 6 1 21
23 36 69 34.312 -117.47 409 48 256 370 2014 7 4 15 54 15 1 43
23 36 69 34.395 -117.36 424 48 270 370 2014 7 4 15 55 6 1 43
23 36 69 34.476 -117.25 440 48 283 370 2014 7 4 15 56 15 1 43
23 36 69 34.558 -117.14 447 48 294 370 2014 7 4 15 57 6 1 43
23 36 69 34.659 -117 459 48 309 370 2014 7 4 15 58 6 1 43
23 36 69 34.744 -116.88 467 48 319 370 2014 7 4 15 59 16 1 43
23 36 69 34.83 -116.76 471 48 330 370 2014 7 4 16 0 6 1 43
23 36 69 34.916 -116.64 472 48 343 370 2014 7 4 16 1 15 1 43
23 36 69 35.004 -116.52 472 48 355 370 2014 7 4 16 2 15 1 43
23 36 69 35.112 -116.39 472 48 367 370 2014 7 4 16 3 6 1 43
23 36 69 35.204 -116.27 469 46 370 370 2014 7 4 16 4 6 1 43
23 36 69 35.293 -116.16 469 44 370 370 2014 7 4 16 5 15 1 43
23 36 69 35.385 -116.04 472 45 370 370 2014 7 4 16 6 6 1 43
23 36 69 35.465 -115.95 471 46 370 370 2014 7 4 16 7 6 1 43
23 36 69 35.587 -115.82 483 40 370 370 2014 7 4 16 8 6 1 43
23 36 69 35.696 -115.73 479 33 370 370 2014 7 4 16 9 6 1 47
23 36 69 35.828 -115.62 479 34 370 370 2014 7 4 16 10 6 1 47
23 36 69 35.938 -115.52 479 34 370 370 2014 7 4 16 11 6 1 47
23 36 69 36.045 -115.43 475 34 370 370 2014 7 4 16 12 15 1 47
23 36 69 36.153 -115.34 476 34 370 370 2014 7 4 16 13 15 1 47
23 36 69 36.261 -115.25 476 34 370 370 2014 7 4 16 14 6 1 47
23 36 69 36.391 -115.14 477 34 370 370 2014 7 4 16 15 16 1 47
23 36 69 36.5 -115.04 477 34 370 370 2014 7 4 16 16 6 1 38
23 36 69 36.609 -114.95 478 34 370 370 2014 7 4 16 17 15 1 38
23 36 69 36.698 -114.87 479 35 370 370 2014 7 4 16 18 6 1 38
23 36 69 36.808 -114.78 480 34 370 370 2014 7 4 16 19 15 1 38
23 36 69 36.918 -114.68 481 34 370 370 2014 7 4 16 20 6 1 38
23 36 69 37.073 -114.55 485 34 369 350 2014 7 4 16 21 6 1 38
23 36 69 37.137 -114.49 484 35 364 350 2014 7 4 16 22 16 1 38
23 36 69 37.267 -114.38 482 35 355 350 2014 7 4 16 23 6 1 38
23 36 69 37.375 -114.28 479 35 350 350 2014 7 4 16 24 15 1 38
23 36 69 37.504 -114.16 474 35 350 350 2014 7 4 16 25 15 1 38
23 36 69 37.588 -114.09 470 34 350 350 2014 7 4 16 26 15 1 38
23 36 69 37.693 -114 464 35 350 350 2014 7 4 16 27 6 1 38
23 36 69 37.796 -113.9 461 35 350 350 2014 7 4 16 28 16 1 38
23 36 69 37.838 -113.86 458 36 350 350 2014 7 4 16 29 6 1 38
23 36 69 38.009 -113.71 465 35 347 310 2014 7 4 16 30 16 5 205
23 36 69 38.052 -113.67 466 35 345 310 2014 7 4 16 31 6 5 205
23 36 69 38.244 -113.5 468 35 330 310 2014 7 4 16 32 16 5 205
23 36 69 38.266 -113.48 468 35 329 310 2014 7 4 16 33 6 5 205
23 36 69 38.35 -113.4 468 35 322 300 2014 7 4 16 34 16 5 205
23 36 69 38.455 -113.3 468 35 315 300 2014 7 4 16 35 15 5 205
23 36 69 38.561 -113.2 468 35 307 300 2014 7 4 16 36 6 5 205
23 36 69 38.665 -113.11 467 35 300 300 2014 7 4 16 37 16 5 205
23 36 69 38.772 -113.02 466 36 300 300 2014 7 4 16 38 6 5 205
23 36 69 38.89 -112.95 462 34 300 300 2014 7 4 16 39 6 5 205
23 36 69 39.006 -112.88 461 28 300 300 2014 7 4 16 40 7 5 205
23 36 69 39.145 -112.8 460 24 300 170 2014 7 4 16 41 15 5 215
23 36 69 39.261 -112.73 459 24 300 170 2014 7 4 16 42 16 5 215
23 36 69 39.376 -112.66 458 24 283 170 2014 7 4 16 43 6 5 215
23 36 69 39.49 -112.59 435 24 264 170 2014 7 4 16 44 16 5 215
23 36 69 39.596 -112.53 421 24 246 170 2014 7 4 16 45 6 5 215
23 36 69 39.7 -112.47 412 25 227 170 2014 7 4 16 46 15 5 215
23 36 69 39.801 -112.41 404 24 208 170 2014 7 4 16 47 6 5 215
23 36 69 39.901 -112.35 396 24 191 170 2014 7 4 16 48 6 5 215
23 36 69 39.994 -112.29 378 20 177 170 2014 7 4 16 49 15 5 215
23 36 69 40.11 -112.24 367 21 163 170 2014 7 4 16 50 6 5 215
23 36 69 40.207 -112.2 362 14 153 170 2014 7 4 16 51 6 5 197
23 36 69 40.307 -112.18 355 18 140 170 2014 7 4 16 52 6 5 197
23 36 69 40.396 -112.14 349 11 135 170 2014 7 4 16 53 15 5 197
23 36 69 40.489 -112.11 349 15 130 170 2014 7 4 16 54 16 5 197
23 36 69 40.582 -112.08 337 12 117 170 2014 7 4 16 55 6 5 197
23 36 69 40.674 -112.08 327 2 110 170 2014 7 4 16 56 6 5 197
23 36 69 40.749 -112.09 262 359 111 170 2014 7 4 16 57 16 5 197
23 36 69 40.833 -112.1 253 354 102 170 2014 7 4 16 58 16 5 197
23 36 69 40.897 -112.11 230 353 87 170 2014 7 4 16 59 15 5 197
23 36 69 40.937 -112.1 214 354 71 170 2014 7 4 17 0 6 5 197
23 36 69 40.929 -112.01 187 91 63 170 2014 7 4 17 1 6 5 197
23 36 69 40.903 -111.99 164 106 61 170 2014 7 4 17 2 6 5 197
23 36 69 40.861 -111.98 146 156 54 170 2014 7 4 17 3 6 5 197
23 36 69 40.809 -111.98 145 176 44 170 2014 7 4 17 4 6 5 197
