1 36 67 33.818 -118.15 149 0 0 320 2014 7 4 18 12 16 1 2
1 36 67 33.838 -118.2 235 300 320 320 2014 7 4 18 13 6 1 51
1 36 67 33.85 -118.33 241 280 98 320 2014 7 4 18 14 16 1 15
1 36 67 33.847 -118.37 235 270 73 320 2014 7 4 18 15 16 1 15
1 36 67 33.839 -118.46 269 265 106 320 2014 7 4 18 16 16 1 15
1 36 67 33.831 -118.55 287 278 133 320 2014 7 4 18 17 6 1 21
1 36 67 33.821 -118.65 310 264 157 320 2014 7 4 18 18 6 1 24
1 36 67 33.845 -118.79 357 263 180 320 2014 7 4 18 19 16 1 24
1 36 67 33.9 -118.89 381 285 201 320 2014 7 4 18 20 15 1 24
1 36 67 33.971 -118.99 394 291 221 320 2014 7 4 18 21 6 1 24
1 36 67 34.042 -119.1 398 305 251 320 2014 7 4 18 22 6 1 55
1 36 67 34.115 -119.2 402 310 276 320 2014 7 4 18 23 6 1 55
1 36 67 34.193 -119.31 429 309 302 320 2014 7 4 18 24 15 1 55
1 36 67 34.292 -119.46 454 310 319 320 2014 7 4 18 25 15 1 55
1 36 67 34.339 -119.53 469 310 320 320 2014 7 4 18 26 6 1 55
1 36 67 34.464 -119.71 483 311 320 320 2014 7 4 18 27 16 1 55
1 36 67 34.563 -119.82 485 310 320 320 2014 7 4 18 28 6 1 55
1 36 67 34.65 -119.89 490 316 320 320 2014 7 4 18 29 6 1 55
1 36 67 34.811 -120.02 494 325 320 320 2014 7 4 18 30 6 1 55
1 36 67 34.878 -120.08 496 325 320 320 2014 7 4 18 31 15 1 55
1 36 67 34.992 -120.17 495 325 320 320 2014 7 4 18 32 6 1 55
1 36 67 35.105 -120.27 494 325 320 320 2014 7 4 18 33 6 1 55
1 36 67 35.217 -120.36 490 325 320 320 2014 7 4 18 34 6 1 55
1 36 67 35.389 -120.51 549 325 320 320 2014 7 4 18 35 16 1 55
1 36 67 35.499 -120.6 490 324 320 320 2014 7 4 18 36 16 1 55
1 36 67 35.558 -120.65 490 325 320 320 2014 7 4 18 37 16 1 55
1 36 67 35.668 -120.74 483 325 314 320 2014 7 4 18 38 6 4 188
1 36 67 35.778 -120.83 479 325 297 320 2014 7 4 18 39 16 4 188
1 36 67 35.904 -120.94 465 325 276 320 2014 7 4 18 40 15 4 188
1 36 67 36.006 -121.03 450 323 255 320 2014 7 4 18 41 6 4 188
1 36 67 36.106 -121.12 438 326 240 320 2014 7 4 18 42 16 4 188
1 36 67 36.203 -121.2 426 326 226 320 2014 7 4 18 43 15 4 188
1 36 67 36.25 -121.25 423 324 219 320 2014 7 4 18 44 6 4 188
1 36 67 36.35 -121.33 414 325 206 320 2014 7 4 18 45 6 4 188
1 36 67 36.433 -121.4 406 326 191 320 2014 7 4 18 46 6 4 188
1 36 67 36.587 -121.48 387 335 162 320 2014 7 4 18 47 16 4 174
1 36 67 36.633 -121.48 395 342 153 320 2014 7 4 18 48 6 4 174
1 36 67 36.75 -121.52 387 353 119 320 2014 7 4 18 49 6 4 154
1 36 67 36.833 -121.53 338 350 104 320 2014 7 4 18 50 6 4 154
1 36 67 36.933 -121.55 301 350 81 320 2014 7 4 18 51 16 4 154
1 36 67 37 -121.57 284 350 70 320 2014 7 4 18 52 16 4 154
1 36 67 37.067 -121.6 262 347 61 320 2014 7 4 18 53 16 4 154
1 36 67 37.117 -121.67 249 308 60 320 2014 7 4 18 54 6 4 154
1 36 67 37.167 -121.72 254 319 50 320 2014 7 4 18 55 15 4 154
1 36 67 37.217 -121.77 239 319 37 320 2014 7 4 18 56 15 4 154
1 36 67 37.267 -121.82 234 319 25 320 2014 7 4 18 57 6 4 154
1 36 67 37.306 -121.87 226 316 13 320 2014 7 4 18 58 6 4 154
1 36 67 37.336 -121.9 171 321 5 320 2014 7 4 18 59 6 4 154
1 36 67 37.362 -121.93 141 319 320 320 2014 7 4 19 0 6 4 189
