1 36 71 33.817 -118.18 149 0 25 30 2014 7 2 14 22 16 1 2
1 36 71 33.763 -118.2 183 135 40 30 2014 7 2 14 23 15 1 2
1 36 71 33.767 -118.15 231 213 41 30 2014 7 2 14 24 15 1 2
1 36 71 33.767 -118.07 229 94 40 30 2014 7 2 14 25 16 1 2
1 36 71 33.774 -118.05 234 89 40 30 2014 7 2 14 26 6 1 2
1 36 71 33.8 -117.93 213 70 39 30 2014 7 2 14 27 6 1 2
1 36 71 33.833 -117.87 202 72 30 30 2014 7 2 14 28 6 1 2
1 36 71 33.867 -117.83 185 49 30 30 2014 7 2 14 29 6 1 2
1 36 71 33.85 -117.77 186 65 30 30 2014 7 2 14 30 16 1 2
1 36 71 33.817 -117.78 151 148 30 30 2014 7 2 14 31 6 1 2
1 36 71 33.797 -117.79 155 202 27 30 2014 7 2 14 32 16 1 2
1 36 71 33.765 -117.81 147 197 19 30 2014 7 2 14 33 16 1 2
1 36 71 33.75 -117.82 134 212 16 30 2014 7 2 14 34 16 1 2
1 36 71 33.689 -117.86 140 34 4 30 2014 7 2 14 35 6 1 2
2 36 71 33.818 -118.15 127 0 0 30 2014 7 2 22 2 6 1 2
2 36 71 33.833 -118.2 203 0 29 30 2014 7 2 22 3 6 1 2
2 36 71 33.783 -118.22 206 291 50 30 2014 7 2 22 4 6 1 2
2 36 71 33.732 -118.19 217 180 50 30 2014 7 2 22 5 6 1 2
2 36 71 33.693 -118.14 215 128 50 30 2014 7 2 22 6 6 1 2
2 36 71 33.689 -118.05 216 103 50 30 2014 7 2 22 7 6 1 2
2 36 71 33.75 -117.95 230 65 50 30 2014 7 2 22 8 6 1 2
2 36 71 33.761 -117.93 227 39 50 30 2014 7 2 22 9 6 1 2
2 36 71 33.833 -117.85 218 40 30 30 2014 7 2 22 10 6 1 2
2 36 71 33.831 -117.83 243 51 30 30 2014 7 2 22 11 6 1 2
2 36 71 33.767 -117.82 178 149 21 30 2014 7 2 22 12 6 1 2
2 36 71 33.744 -117.82 171 202 15 30 2014 7 2 22 13 6 1 2
2 36 71 33.712 -117.84 150 202 9 30 2014 7 2 22 14 6 1 2
2 36 71 33.682 -117.86 135 202 4 30 2014 7 2 22 15 6 1 2
4 36 71 33.833 -118.18 199 0 23 30 2014 7 4 3 36 6 1 2
4 36 71 33.8 -118.22 228 300 30 30 2014 7 4 3 37 16 1 2
4 36 71 33.767 -118.17 224 185 29 30 2014 7 4 3 38 15 1 2
4 36 71 33.767 -118.08 225 103 30 30 2014 7 4 3 39 16 1 2
4 36 71 33.767 -118.02 223 91 30 30 2014 7 4 3 40 16 1 2
4 36 71 33.767 -117.93 224 84 30 30 2014 7 4 3 41 6 1 2
4 36 71 33.783 -117.87 223 72 22 30 2014 7 4 3 42 6 1 2
4 36 71 33.767 -117.82 192 105 15 30 2014 7 4 3 43 6 1 2
4 36 71 33.727 -117.83 189 196 11 30 2014 7 4 3 44 16 1 2
4 36 71 33.691 -117.86 165 202 2 30 2014 7 4 3 45 15 1 2
