1 34 10 33.933 -118.47 218 0 31 50 2014 7 2 1 43 6 1 15
1 34 10 34.022 -118.53 260 294 50 50 2014 7 2 1 44 16 1 15
1 34 10 34.05 -118.53 278 330 50 50 2014 7 2 1 45 6 1 15
1 34 10 34.133 -118.53 263 355 36 50 2014 7 2 1 46 8 1 8
1 34 10 34.183 -118.52 212 8 33 50 2014 7 2 1 47 16 1 8
1 34 10 34.2 -118.45 178 40 22 50 2014 7 2 1 48 16 1 8
1 34 10 34.2 -118.4 148 92 13 50 2014 7 2 1 49 15 1 8
1 34 10 34.199 -118.38 169 89 9 50 2014 7 2 1 50 15 1 8
2 34 10 33.943 -118.41 157 0 1 50 2014 7 3 14 34 6 1 15
2 34 10 33.95 -118.48 237 9 35 50 2014 7 3 14 36 6 1 15
2 34 10 34.044 -118.57 243 306 50 50 2014 7 3 14 37 6 1 15
2 34 10 34.117 -118.62 233 335 50 50 2014 7 3 14 38 6 1 8
2 34 10 34.155 -118.63 244 344 43 50 2014 7 3 14 39 6 1 8
2 34 10 34.2 -118.58 184 37 40 50 2014 7 3 14 40 6 1 8
2 34 10 34.2 -118.52 174 88 31 50 2014 7 3 14 41 6 1 8
2 34 10 34.2 -118.48 124 91 25 50 2014 7 3 14 42 6 1 8
2 34 10 34.199 -118.44 121 89 19 50 2014 7 3 14 43 6 1 8
2 34 10 34.2 -118.4 122 91 12 50 2014 7 3 14 44 6 1 8
2 34 10 34.198 -118.36 121 88 10 50 2014 7 3 14 45 6 1 8
