1 46 10 37.729 -122.25 159.88 106.16 13.56 410 4 155
1 46 10 37.755 -122.31 202.6 270.08 37.92 410 4 155
1 46 10 37.753 -122.37 229.16 276.32 63.2 410 4 155
1 46 10 37.71 -122.41 259.24 242.36 90.04 410 4 155
1 46 10 37.654 -122.45 290 223.2 113 410 4 155
1 46 10 37.556 -122.43 327.2 187.2 147.6 410 4 155
1 46 10 37.485 -122.38 350.04 162.88 174.24 410 4 155
1 46 10 37.405 -122.3 373.32 144.04 203.16 410 4 168
1 46 10 37.318 -122.2 391.4 138.76 228.04 410 4 168
1 46 10 37.221 -122.1 408.88 138.32 254.44 410 4 168
1 46 10 37.14 -122.01 426.04 138.84 276.84 410 4 168
1 46 10 37.037 -121.9 439.76 138.16 296.84 410 4 189
1 46 10 36.947 -121.8 451 138.12 315.92 410 4 189
1 46 10 36.856 -121.7 456.64 138.3 333.04 410 4 189
1 46 10 36.753 -121.59 457.38 138.64 351.86 410 4 189
1 46 10 36.668 -121.5 457.24 138.72 363.56 410 4 189
1 46 10 36.576 -121.4 457.06 138.76 374.44 410 4 189
1 46 10 36.474 -121.29 456.2 139.24 382.36 410 4 188
1 46 10 36.373 -121.19 456.12 138.76 388 410 4 188
1 46 10 36.282 -121.09 454.6 139.28 392 410 4 188
1 46 10 36.195 -121 453.84 139.3 394.06 410 4 188
1 46 10 36.09 -120.89 453.08 139.34 394.68 410 4 188
1 46 10 35.993 -120.79 453.2 139.26 394.72 410 4 188
1 46 10 35.896 -120.69 453.72 139.44 394.72 410 4 188
1 46 10 35.806 -120.59 452.64 139.36 394.72 410 4 188
1 46 10 35.707 -120.49 452.54 139.46 393.88 410 4 188
1 46 10 35.614 -120.4 452.32 139.44 388.86 410 1 54
1 46 10 35.517 -120.3 453.66 139.8 377.36 410 1 54
1 46 10 35.424 -120.2 455.32 139.66 362.2 410 1 54
1 46 10 35.325 -120.1 456.46 139.72 341.22 410 1 54
1 46 10 35.229 -120 456.7 139.76 317.9 410 1 54
1 46 10 35.129 -119.9 454.08 139.32 291.64 410 1 54
1 46 10 35.039 -119.79 443.2 135.88 269.28 410 1 54
1 46 10 34.948 -119.67 434.6 132.68 252.4 410 1 54
1 46 10 34.872 -119.57 422.68 131.2 234.8 410 1 25
1 46 10 34.794 -119.46 407.8 131.84 213 410 1 25
1 46 10 34.724 -119.37 394.68 131.72 191.72 410 1 25
1 46 10 34.662 -119.28 381.04 130.96 171.6 410 1 25
1 46 10 34.601 -119.19 365.36 129.04 149.16 410 1 25
1 46 10 34.545 -119.1 348.28 126.08 130.72 410 1 25
1 46 10 34.485 -119.01 332.76 127.88 112.64 410 1 25
1 46 10 34.421 -118.94 309.48 138.16 99.28 410 1 8
1 46 10 34.359 -118.87 293.84 140.6 86.28 410 1 8
1 46 10 34.311 -118.8 279.88 127.96 72 410 1 8
1 46 10 34.271 -118.72 269.8 124.68 58.68 410 1 8
1 46 10 34.239 -118.65 251.84 117.96 49.16 410 1 8
1 46 10 34.214 -118.58 233.24 116.48 40 410 1 8
1 46 10 34.204 -118.52 205.68 103.12 31.08 410 1 8
1 46 10 34.2 -118.46 176 95.52 23.4 410 1 8
1 46 10 34.2 -118.41 149.56 90.48 14.92 410 1 8
1 46 10 34.199 -118.37 144.6 89.52 10.28 410 1 8
