1 46 36 37.73 -122.25 164.75 0 11.5 370 4 155
1 46 36 37.76 -122.31 212.25 283.25 32 370 4 155
1 46 36 37.757 -122.38 233.75 299.25 55.75 370 4 155
1 46 36 37.715 -122.39 244.5 220.75 68 370 4 155
1 46 36 37.69 -122.47 259.5 236.5 96 370 4 155
1 46 36 37.604 -122.5 293.25 198.25 111 370 4 155
1 46 36 37.472 -122.55 356 194.75 145.5 370 4 176
1 46 36 37.369 -122.58 368.5 195 167.75 370 4 176
1 46 36 37.261 -122.59 381.25 184.75 189.25 370 4 176
1 46 36 37.178 -122.59 395 179 203.25 370 4 176
1 46 36 37.061 -122.58 404.75 178.75 221.5 370 4 188
1 46 36 36.941 -122.56 422.75 174.25 239 370 4 188
1 46 36 36.822 -122.54 430 171 257.12 370 4 188
1 46 36 36.671 -122.48 437.25 166.75 274 370 4 188
1 46 36 36.575 -122.43 446.25 156.75 285.25 370 4 188
1 46 36 36.455 -122.32 456.25 144.5 300.75 370 4 188
1 46 36 36.382 -122.25 461.5 139 312 370 4 188
1 46 36 36.282 -122.11 463.25 135.75 323.75 370 4 188
1 46 36 36.19 -122 463 132.25 334.25 370 4 188
1 46 36 36.103 -121.88 462.5 133.5 343.75 370 4 188
1 46 36 36.004 -121.75 465 132.25 350 370 4 188
1 46 36 35.917 -121.64 465.5 132.75 357.75 370 4 188
1 46 36 35.828 -121.53 464.5 133 363.25 370 4 188
1 46 36 35.736 -121.41 464 133 365 370 4 188
1 46 36 35.649 -121.3 464.75 133 364.75 370 4 188
1 46 36 35.576 -121.2 465.5 133.75 364.75 370 4 188
1 46 36 35.475 -121.09 464.12 137.38 364.62 370 1 55
1 46 36 35.336 -120.98 461.5 145.75 364.5 370 1 55
1 46 36 35.225 -120.88 460 146.25 364.5 370 1 55
1 46 36 35.12 -120.8 461.25 144 364.75 370 1 55
1 46 36 35.023 -120.71 460.88 144.25 364.75 370 1 55
1 46 36 34.879 -120.6 459.75 146.5 364.75 370 1 55
1 46 36 34.767 -120.5 460.5 144.75 364.5 370 1 55
1 46 36 34.657 -120.41 461.5 144.25 364.5 370 1 55
1 46 36 34.556 -120.31 463.25 144.62 364.5 370 1 55
1 46 36 34.425 -120.2 461.75 144 358.75 370 1 55
1 46 36 34.318 -120.08 463 144.5 346.25 370 1 55
1 46 36 34.227 -119.97 465.5 140.5 331.75 370 1 55
1 46 36 34.147 -119.85 470.75 136 307 370 1 55
1 46 36 34.074 -119.72 463.75 131.5 285 370 1 55
1 46 36 34.003 -119.6 447.75 125 269 370 1 55
1 46 36 33.946 -119.51 434.25 125.25 242 370 1 24
1 46 36 33.871 -119.38 422 124.5 216 370 1 24
1 46 36 33.812 -119.27 404 128.75 190.25 370 1 24
1 46 36 33.77 -119.18 390.25 125.25 173.5 370 1 24
1 46 36 33.72 -119.07 387.25 118 151 370 1 24
1 46 36 33.674 -118.96 366 115.5 138 370 1 24
1 46 36 33.63 -118.84 352 114.25 114.75 370 1 24
1 46 36 33.589 -118.74 338.25 112.5 100 370 1 2
1 46 36 33.566 -118.65 317.25 107 91.25 370 1 2
1 46 36 33.564 -118.53 295.5 91.75 75 370 1 2
1 46 36 33.569 -118.44 288.75 91.5 59 370 1 2
1 46 36 33.574 -118.36 276.25 85.5 45 370 1 2
1 46 36 33.582 -118.29 262 81 38.75 370 1 2
1 46 36 33.613 -118.2 228 70.25 34.25 370 1 2
1 46 36 33.645 -118.16 214.25 55.75 32.25 370 1 2
1 46 36 33.669 -118.13 208.25 121.25 27.75 370 1 2
1 46 36 33.716 -118.09 196.5 104.75 21.5 370 1 2
1 46 36 33.749 -118.08 184.5 106 14.25 370 1 2
1 46 36 33.782 -118.12 155.25 327 8 370 1 2
1 46 36 33.806 -118.13 155.75 311.75 95.5 370 1 2
2 46 36 37.722 -122.25 150 0 70.833 370 4 155
2 46 36 37.751 -122.29 187.33 276 27.667 370 4 155
2 46 36 37.764 -122.37 229 296.83 52.5 370 4 155
2 46 36 37.739 -122.42 258.17 290 75.167 370 4 155
2 46 36 37.675 -122.45 279 225.33 97.667 370 4 155
2 46 36 37.616 -122.48 296.67 193.17 114 370 4 155
2 46 36 37.516 -122.51 341.67 203 135.33 370 4 155
2 46 36 37.432 -122.53 365.67 186.17 155 370 4 176
2 46 36 37.32 -122.54 377.33 184.67 178.5 370 4 176
2 46 36 37.184 -122.55 394.5 181.5 204.17 370 4 188
2 46 36 37.076 -122.52 414 172.33 221.17 370 4 188
2 46 36 36.958 -122.42 429.33 151 240 370 4 188
2 46 36 36.859 -122.34 442.67 144 254.33 370 4 188
2 46 36 36.769 -122.25 454.17 143.67 266.17 370 4 188
2 46 36 36.662 -122.15 463.17 143 279.83 370 4 188
2 46 36 36.569 -122.07 472.17 142.67 291 370 4 188
2 46 36 36.47 -121.98 472.75 142.67 304.5 350 4 188
2 46 36 36.36 -121.88 474 143.08 318.25 350 4 188
2 46 36 36.27 -121.8 473.08 143.42 329 370 4 188
2 46 36 36.163 -121.7 471.17 143.08 338.92 370 4 188
2 46 36 36.061 -121.61 470.58 143.42 349.75 370 4 188
2 46 36 35.955 -121.51 467.67 143.5 358.17 370 4 188
2 46 36 35.843 -121.41 465.83 143.33 365 370 4 188
2 46 36 35.752 -121.33 465.83 143.33 365.83 370 4 188
2 46 36 35.643 -121.23 466.17 143.5 366.67 370 4 188
2 46 36 35.538 -121.14 466.33 144.17 366.5 370 4 188
2 46 36 35.43 -121.05 465.83 145.5 366.33 370 1 55
2 46 36 35.316 -120.96 464.83 145.83 366.17 370 1 55
2 46 36 35.219 -120.88 464.83 147 366.5 370 1 55
2 46 36 35.118 -120.8 464.83 146.83 366.5 370 1 55
2 46 36 34.983 -120.69 465.5 145.17 366.17 370 1 55
2 46 36 34.894 -120.62 465.5 145.17 364.5 370 1 55
2 46 36 34.792 -120.53 464.83 145 362.83 370 1 55
2 46 36 34.69 -120.45 467.17 145 361.17 370 1 55
2 46 36 34.575 -120.35 468 145.5 359.5 370 1 55
2 46 36 34.451 -120.25 465.83 145.5 356.67 370 1 55
2 46 36 34.375 -120.18 465.83 145.5 351.67 370 1 55
2 46 36 34.278 -120.07 467.83 141.67 336.17 370 1 55
2 46 36 34.193 -119.94 474 139.17 316.33 370 1 55
2 46 36 34.119 -119.82 473.33 131.5 297.17 370 1 55
2 46 36 34.042 -119.68 469 126.17 270.67 370 1 55
2 46 36 33.968 -119.55 463.67 123.67 246 370 1 55
2 46 36 33.904 -119.46 454 129.17 230 370 1 24
2 46 36 33.855 -119.34 439.67 125.17 204 370 1 24
2 46 36 33.774 -119.19 419.17 123.67 171.5 370 1 24
2 46 36 33.703 -119.05 401.5 122.67 142 370 1 24
2 46 36 33.643 -118.94 385.33 121.17 130 370 1 24
2 46 36 33.604 -118.86 365.5 120.67 113 370 1 24
2 46 36 33.552 -118.73 339.67 117 102.83 370 1 2
2 46 36 33.527 -118.63 312.83 109.67 88.667 370 1 2
2 46 36 33.515 -118.56 307.17 106.33 74.5 370 1 2
2 46 36 33.52 -118.44 294.67 89.5 58.5 370 1 2
2 46 36 33.53 -118.36 287.33 79.167 48.167 370 1 2
2 46 36 33.558 -118.26 270.17 74.333 40 370 1 2
2 46 36 33.579 -118.19 256.67 71 33.833 370 1 2
2 46 36 33.609 -118.13 236.33 69.167 27.667 370 1 2
2 46 36 33.663 -118.08 216 44.833 22.167 370 1 2
2 46 36 33.697 -118.05 206.83 34.667 18.167 370 1 2
2 46 36 33.736 -118.06 188.83 69.667 16 370 1 2
2 46 36 33.773 -118.1 168.83 327.33 10.833 370 1 2
2 46 36 33.799 -118.13 152.33 316 69.333 370 1 2
2 46 36 33.821 -118.15 147.5 314.5 247.17 370 1 51
