1 46 49 37.728 -122.25 174.07 80.357 43.143 390 4 155
1 46 49 37.753 -122.3 205.71 262.5 37 390 4 155
1 46 49 37.746 -122.36 235.57 264.57 59.286 390 4 155
1 46 49 37.7 -122.39 261.14 261.07 88 390 4 155
1 46 49 37.622 -122.39 305.29 209.43 115.07 390 4 155
1 46 49 37.562 -122.35 334.86 173.57 138.93 390 4 155
1 46 49 37.486 -122.25 364.14 142.57 169.36 390 4 176
1 46 49 37.417 -122.14 381.21 130 194.29 390 4 168
1 46 49 37.359 -122.06 392.07 128.5 214.36 390 4 168
1 46 49 37.283 -121.94 408.86 129.29 239.14 390 4 168
1 46 49 37.205 -121.83 424.07 129 260.43 390 4 168
1 46 49 37.12 -121.7 438.93 128.93 280.64 390 4 189
1 46 49 37.044 -121.58 450.93 128.29 299.43 390 4 189
1 46 49 36.962 -121.46 457.43 128.89 318.32 370 4 189
1 46 49 36.878 -121.32 461.71 128.82 336.18 370 4 189
1 46 49 36.802 -121.21 462.54 128.79 352.07 370 4 189
1 46 49 36.725 -121.09 462.07 129.14 363.16 370 4 189
1 46 49 36.644 -120.97 463.11 129.07 373.29 370 4 189
1 46 49 36.561 -120.85 464.39 129 378.89 370 4 189
1 46 49 36.479 -120.72 465.39 128.79 381.14 370 4 189
1 46 49 36.395 -120.59 465.18 128.93 383.29 370 4 189
1 46 49 36.32 -120.48 464.43 129.43 384.18 390 4 189
1 46 49 36.231 -120.35 464.57 129.36 384.29 370 4 189
1 46 49 36.145 -120.22 463.93 129.5 384.29 370 4 189
1 46 49 36.057 -120.09 464.36 129.43 384.29 370 4 189
1 46 49 35.977 -119.98 463.43 129.43 384.29 370 4 189
1 46 49 35.899 -119.86 463.43 129.57 384.29 370 4 189
1 46 49 35.814 -119.74 463.71 129.71 383.93 370 1 54
1 46 49 35.721 -119.61 463.07 129.64 383.07 370 1 54
1 46 49 35.646 -119.49 462.11 129.82 381.36 370 1 53
1 46 49 35.562 -119.37 462.07 130.07 378.79 370 1 53
1 46 49 35.485 -119.26 462.39 129.93 376.07 370 1 53
1 46 49 35.406 -119.15 462.38 130.04 372.07 370 1 53
1 46 49 35.331 -119.04 462.57 129.96 368 370 1 53
1 46 49 35.262 -118.95 461.89 130.29 362.5 370 1 53
1 46 49 35.189 -118.84 461.5 130.36 354.54 370 1 53
1 46 49 35.1 -118.72 461.46 130.57 341.32 410 1 53
1 46 49 35.027 -118.61 460.05 130.57 330.8 370 1 53
1 46 49 34.949 -118.5 458.88 129.79 312.7 370 1 53
1 46 49 34.873 -118.39 454.93 130.14 288.21 370 1 53
1 46 49 34.787 -118.27 448.93 130.21 269.79 370 1 53
1 46 49 34.707 -118.16 438.5 130 245.21 370 1 53
1 46 49 34.645 -118.06 429.32 130.14 226.07 370 1 22
1 46 49 34.568 -117.92 409.07 128.57 202.14 370 1 22
1 46 49 34.521 -117.82 398.43 125.07 183.71 370 1 22
1 46 49 34.463 -117.7 376.93 120.14 160.21 370 1 22
1 46 49 34.408 -117.58 356.29 119.07 144.21 370 1 21
1 46 49 34.368 -117.49 326.93 119.07 135 370 1 21
1 46 49 34.318 -117.41 299.79 123.21 120 370 1 21
1 46 49 34.261 -117.35 291 137.5 102.14 370 1 6
1 46 49 34.188 -117.33 269.64 154.43 80.429 370 1 6
1 46 49 34.138 -117.33 254.29 171.79 66.786 370 1 6
1 46 49 34.087 -117.38 232.79 209.86 47.214 370 1 6
1 46 49 34.059 -117.45 205.43 238.14 30.929 370 1 6
1 46 49 34.055 -117.49 179.14 255.29 24.286 370 1 6
1 46 49 34.054 -117.54 151.86 262.71 15.643 370 1 6
1 46 49 34.054 -117.58 147.21 267.29 37.857 370 1 6
