1 46 53 37.728 -122.25 160.64 55.286 66 400 4 155
1 46 53 37.758 -122.3 197.43 273.93 29.214 400 4 155
1 46 53 37.809 -122.33 230.29 316.21 47.857 400 4 155
1 46 53 37.879 -122.36 270.93 322.57 77.429 400 4 155
1 46 53 37.952 -122.36 293.93 301.79 101.93 400 4 155
1 46 53 38.052 -122.36 325.5 273.93 124.57 400 4 164
1 46 53 38.142 -122.36 339.21 232.07 144.57 400 4 164
1 46 53 38.246 -122.36 358.57 256.36 173.14 400 4 164
1 46 53 38.354 -122.37 375.14 256.57 193.14 400 4 164
1 46 53 38.456 -122.38 384.71 276.39 212.18 400 4 164
1 46 53 38.577 -122.38 395.96 305.71 233.71 400 4 186
1 46 53 38.674 -122.39 404.25 344.25 248.07 400 4 186
1 46 53 38.81 -122.39 413.54 356.71 264.79 400 4 186
1 46 53 38.929 -122.4 422.07 356.71 284.11 400 4 186
1 46 53 39.06 -122.41 424.36 356.71 300.79 400 4 186
1 46 53 39.186 -122.42 423.54 356.82 315.25 400 4 186
1 46 53 39.306 -122.43 423.39 356.57 327.71 400 4 186
1 46 53 39.439 -122.43 420.64 356.64 338.43 400 4 186
1 46 53 39.563 -122.44 422.02 356.68 346.82 400 4 186
1 46 53 39.693 -122.45 421.43 356.75 351.5 400 4 186
1 46 53 39.817 -122.46 422.93 356.5 354.36 400 4 186
1 46 53 39.955 -122.47 423.14 356.5 357.36 400 4 186
1 46 53 40.059 -122.48 422.57 356 359.21 400 4 186
1 46 53 40.189 -122.49 423.68 355.71 360 400 4 186
1 46 53 40.308 -122.5 423.82 356.21 360 400 4 186
1 46 53 40.429 -122.51 425.64 356.07 360 400 4 186
1 46 53 40.545 -122.51 424.93 356.04 360 400 4 186
1 46 53 40.678 -122.53 423.79 355.93 360 400 4 186
1 46 53 40.794 -122.54 423.57 355.93 360 400 4 186
1 46 53 40.9 -122.55 423.04 355.68 360 400 4 186
1 46 53 41.018 -122.56 423.36 355.32 360 400 4 186
1 46 53 41.12 -122.57 422.54 355.79 360 400 4 186
1 46 53 41.243 -122.58 422.86 355.75 360 400 4 186
1 46 53 41.371 -122.59 422.54 356.04 359.93 400 3 140
1 46 53 41.49 -122.6 424.39 356.25 359.93 400 3 140
1 46 53 41.609 -122.6 424.36 330.86 359.93 400 3 140
1 46 53 41.716 -122.61 425.29 331 360.36 400 3 140
1 46 53 41.837 -122.62 424.61 305.71 361.36 400 3 140
1 46 53 41.952 -122.62 425.57 331.46 361.36 400 3 140
1 46 53 42.059 -122.63 425.07 331.61 361.36 400 3 140
1 46 53 42.18 -122.64 424 331.43 361.36 400 3 140
1 46 53 42.297 -122.64 423.79 331.5 361.36 400 3 140
1 46 53 42.398 -122.65 424.5 331.32 361.36 400 3 140
1 46 53 42.54 -122.66 425.61 305.93 361.36 400 3 140
1 46 53 42.668 -122.66 425.14 331.5 361.36 400 3 140
1 46 53 42.791 -122.67 425.18 280.43 361.36 400 3 140
1 46 53 42.877 -122.68 426.25 331.36 361.36 400 3 140
1 46 53 42.986 -122.68 425.57 331.43 361.36 400 3 140
1 46 53 43.1 -122.69 426.29 331.43 361.36 400 3 140
1 46 53 43.219 -122.7 427.54 331.43 359.93 400 3 140
1 46 53 43.336 -122.7 427.57 331.54 358.64 400 3 140
1 46 53 43.458 -122.71 427.21 331.36 354.07 400 3 136
1 46 53 43.581 -122.72 427.79 331.5 343.14 400 3 136
1 46 53 43.717 -122.73 429.57 305.96 332.79 400 3 136
1 46 53 43.817 -122.73 429.71 306.29 321.14 400 3 136
1 46 53 43.931 -122.74 430.5 306.71 301.57 400 3 136
1 46 53 44.059 -122.74 427.86 306 281.21 400 3 136
1 46 53 44.181 -122.74 424.79 255.07 259.64 400 3 136
1 46 53 44.301 -122.73 419.93 204.79 239.36 400 3 136
1 46 53 44.415 -122.73 414.66 78.286 221.16 400 3 130
1 46 53 44.54 -122.71 402.32 2.5714 199.54 400 3 130
1 46 53 44.659 -122.7 388.43 3.3571 179.21 400 3 130
1 46 53 44.779 -122.69 375.64 3.2143 160.14 400 3 130
1 46 53 44.88 -122.68 360.79 3.8571 141.43 400 3 130
1 46 53 44.974 -122.67 346.93 3.5714 125.14 400 3 130
1 46 53 45.062 -122.66 326.21 3.8571 110.79 400 3 112
1 46 53 45.142 -122.65 313.43 4.6429 97.786 400 3 112
1 46 53 45.231 -122.63 293.36 58.5 83.929 400 3 112
1 46 53 45.304 -122.61 281.64 86.643 71.5 400 3 112
1 46 53 45.361 -122.58 271.36 92.143 60.429 400 3 112
1 46 53 45.419 -122.54 251.43 102.57 48.714 400 3 112
1 46 53 45.474 -122.51 236.64 99 38.286 400 3 112
1 46 53 45.527 -122.51 199.79 136.86 29.143 400 3 112
1 46 53 45.557 -122.52 175.14 224 20.357 400 3 112
1 46 53 45.571 -122.55 148.71 262 11.929 400 3 112
1 46 53 45.579 -122.57 133.43 260.14 4.3571 400 3 112
1 46 53 45.588 -122.59 132.93 258.93 294.5 400 3 135
