1 46 55 37.737 -122.26 174.89 93.889 15.889 410 4 155
1 46 55 37.74 -122.3 200.78 214.78 30.667 410 4 155
1 46 55 37.757 -122.37 229 281.11 59.444 410 4 155
1 46 55 37.709 -122.42 251.78 247.89 87.444 410 4 155
1 46 55 37.643 -122.43 287.78 211 106.56 410 4 155
1 46 55 37.565 -122.4 324.44 178.78 132.11 410 4 155
1 46 55 37.5 -122.34 349.44 154.56 154.11 410 4 155
1 46 55 37.418 -122.25 369.89 141.78 183.22 410 4 176
1 46 55 37.34 -122.14 383.44 130.33 208.22 410 4 168
1 46 55 37.285 -122.05 399.67 130.11 227.44 410 4 168
1 46 55 37.191 -121.91 419.67 129.33 248.22 410 4 168
1 46 55 37.114 -121.81 432.44 133.67 262.44 410 4 168
1 46 55 37.042 -121.69 447 130.22 279 410 4 168
1 46 55 36.944 -121.55 459.89 129 299.67 410 4 189
1 46 55 36.861 -121.42 463.44 129.89 315.56 410 4 189
1 46 55 36.793 -121.32 463.11 129.78 330.33 410 4 189
1 46 55 36.709 -121.2 466.44 130 344.06 370 4 189
1 46 55 36.624 -121.08 469.83 130.11 357.22 410 4 189
1 46 55 36.538 -120.95 473.56 130.11 368.11 410 4 189
1 46 55 36.448 -120.82 475.44 129.44 376.89 410 4 189
1 46 55 36.372 -120.71 475.56 130.33 384 410 4 189
1 46 55 36.286 -120.59 472.44 129.89 387.89 410 4 189
1 46 55 36.2 -120.47 473.33 130.67 389.33 410 4 189
1 46 55 36.109 -120.33 474.67 130.5 390.11 410 4 189
1 46 55 36.021 -120.21 475.39 130.5 390 410 4 189
1 46 55 35.936 -120.09 475.33 131 390.11 410 4 189
1 46 55 35.849 -119.97 474.78 130.67 390.11 410 4 189
1 46 55 35.769 -119.86 474 130.78 390.11 410 1 54
1 46 55 35.673 -119.72 474.06 130.83 390.11 410 1 54
1 46 55 35.588 -119.6 474.39 130.56 390 410 1 54
1 46 55 35.497 -119.47 474.78 130.33 390.11 410 1 54
1 46 55 35.426 -119.37 475 130.11 390.11 410 1 53
1 46 55 35.333 -119.23 475.44 129.22 390.11 410 1 53
1 46 55 35.246 -119.1 475.78 129 390.11 410 1 53
1 46 55 35.173 -118.99 475.56 129.22 390.11 410 1 53
1 46 55 35.08 -118.86 475.78 129.22 390.11 410 1 53
1 46 55 35.007 -118.75 476 129.22 390.11 410 1 53
1 46 55 34.941 -118.66 475.67 129.56 390.11 410 1 53
1 46 55 34.853 -118.53 476.22 129.78 390.11 410 1 53
1 46 55 34.777 -118.41 479.33 128.67 390.11 410 1 53
1 46 55 34.686 -118.27 478 128.44 390.11 410 1 53
1 46 55 34.631 -118.16 480 127.11 390.11 410 1 53
1 46 55 34.558 -118 484.44 122.78 390.11 410 1 53
1 46 55 34.497 -117.84 484.78 120.56 390.11 410 1 43
1 46 55 34.46 -117.71 483.89 116.56 390.11 410 1 43
1 46 55 34.417 -117.55 483.44 110.89 390.11 410 1 43
1 46 55 34.373 -117.4 482.22 108.22 390.11 410 1 43
1 46 55 34.327 -117.24 480.5 108.33 390.11 410 1 43
1 46 55 34.284 -117.09 478.89 108.11 390.11 410 1 44
1 46 55 34.24 -116.93 477.44 108.44 390.11 410 1 44
1 46 55 34.197 -116.78 478.33 108.44 390.11 410 1 44
1 46 55 34.157 -116.64 477.22 108.33 390.11 410 1 42
1 46 55 34.111 -116.48 477.22 108.33 390.11 410 1 42
1 46 55 34.066 -116.32 479.67 108.44 390.11 410 1 42
1 46 55 34.018 -116.16 478.22 108.56 390.11 410 1 42
1 46 55 33.973 -116.01 479.89 108.89 390.11 410 1 42
1 46 55 33.929 -115.86 481.56 108.44 390.11 410 1 42
1 46 55 33.885 -115.71 481.11 108.89 390.11 410 1 41
1 46 55 33.838 -115.55 483.56 109 390.11 410 1 41
1 46 55 33.789 -115.39 484 109 390.11 410 1 41
1 46 55 33.751 -115.26 482 108.89 390.11 410 1 41
1 46 55 33.711 -115.12 480.11 108.78 388.11 250 1 39
1 46 55 33.666 -114.96 480.78 109 379.56 250 1 39
1 46 55 33.625 -114.82 479.78 107.89 369.33 250 1 39
1 46 55 33.592 -114.68 477.11 106.56 349.11 250 1 39
1 46 55 33.553 -114.51 474.67 105.33 320.44 250 1 39
1 46 55 33.527 -114.38 470 104.89 297.33 250 1 39
1 46 55 33.495 -114.23 455.78 102.78 274.44 250 1 39
1 46 55 33.466 -114.08 442.33 103 258.11 250 1 39
1 46 55 33.435 -113.91 430.78 102.56 245.78 250 2 64
1 46 55 33.415 -113.81 429 101.56 238.89 250 2 64
1 46 55 33.391 -113.67 422 100.78 232.11 250 2 64
1 46 55 33.371 -113.56 416.67 101.11 225.56 250 2 64
1 46 55 33.347 -113.42 408.67 101.22 216 250 2 64
1 46 55 33.322 -113.27 400.89 101.11 201.67 250 2 64
1 46 55 33.305 -113.14 379.67 99.111 188.67 250 2 64
1 46 55 33.295 -113.02 362.78 95.667 174.56 250 2 64
1 46 55 33.285 -112.9 345.33 94.778 161.78 250 2 64
1 46 55 33.281 -112.79 330.33 91.444 156.11 250 2 64
1 46 55 33.283 -112.7 320 89 149.89 250 2 79
1 46 55 33.285 -112.58 316.56 87.222 137 250 2 79
1 46 55 33.287 -112.49 306.89 86.556 125.67 250 2 79
1 46 55 33.291 -112.38 306.78 88.778 113.22 250 2 79
1 46 55 33.3 -112.28 303 82.556 102.78 250 2 79
1 46 55 33.305 -112.19 280 85.889 94.444 250 2 79
1 46 55 33.315 -112.1 262 80.111 87.889 250 2 79
1 46 55 33.331 -112.01 250.33 81.556 78.222 250 2 79
1 46 55 33.341 -111.95 244.56 75.667 70.667 250 2 79
1 46 55 33.351 -111.87 239.78 84.111 59.111 250 2 79
1 46 55 33.378 -111.83 225.44 92.889 48.556 250 2 79
1 46 55 33.415 -111.85 207.22 137.78 37.444 250 2 79
1 46 55 33.429 -111.89 191.22 235.89 28.889 250 2 79
1 46 55 33.433 -111.94 157.89 276.22 20.111 250 2 79
1 46 55 33.435 -111.98 146.78 272 14.667 250 2 79
2 46 55 37.733 -122.27 169.71 81.714 17.857 370 4 155
2 46 55 37.748 -122.3 199.14 274.43 32 370 4 155
2 46 55 37.751 -122.36 229.86 284 55.714 370 4 155
2 46 55 37.698 -122.4 255 261.29 84.857 370 4 155
2 46 55 37.634 -122.39 270.14 206.43 107.86 370 4 155
2 46 55 37.565 -122.37 301.86 194.86 133.14 370 4 155
2 46 55 37.485 -122.29 341.71 151.86 159 370 4 176
2 46 55 37.404 -122.17 361.86 139.14 187.71 370 4 168
2 46 55 37.345 -122.09 378.57 131.71 206.86 370 4 168
2 46 55 37.272 -121.98 393.29 130.14 229.29 370 4 168
2 46 55 37.201 -121.87 404.29 129.86 248.29 370 4 168
2 46 55 37.118 -121.74 419.71 128.71 269 370 4 168
2 46 55 37.049 -121.64 428.29 129 284.14 370 4 189
2 46 55 36.971 -121.52 436.57 129.14 301.14 370 4 189
2 46 55 36.904 -121.41 443.57 128.43 313.86 370 4 189
2 46 55 36.824 -121.28 448.29 126.57 329.29 370 4 189
2 46 55 36.747 -121.16 451 127.29 342.43 370 4 189
2 46 55 36.679 -121.04 453.57 126.71 353.71 370 4 189
2 46 55 36.573 -120.88 457 127.43 366.14 370 4 189
2 46 55 36.499 -120.75 460.14 127.14 373.14 370 4 189
2 46 55 36.442 -120.66 457.43 125.43 377.71 370 4 189
2 46 55 36.358 -120.51 458.86 125.86 380.86 370 4 189
2 46 55 36.277 -120.38 458.86 125.86 382.29 370 4 189
2 46 55 36.209 -120.26 460.14 126.29 383.43 370 4 189
2 46 55 36.127 -120.12 460.29 126.14 384.14 370 4 189
2 46 55 36.057 -120.01 459.86 126 384.14 370 4 189
2 46 55 35.97 -119.87 459.86 126.14 384.29 370 4 189
2 46 55 35.904 -119.76 460.71 125.86 384.14 370 1 54
2 46 55 35.828 -119.61 463 122.14 384.14 370 1 54
2 46 55 35.763 -119.48 462 122 384.29 370 1 54
2 46 55 35.7 -119.35 463.14 121.14 384.29 370 1 53
2 46 55 35.638 -119.22 463 119.86 384.29 370 1 53
2 46 55 35.566 -119.06 464.86 118 384.29 370 1 53
2 46 55 35.513 -118.93 463.86 117.14 384.29 370 1 53
2 46 55 35.454 -118.8 463.71 117.57 384.14 370 1 53
2 46 55 35.387 -118.64 462.29 117.57 384.29 370 1 53
2 46 55 35.33 -118.51 462.71 118 384.29 370 1 34
2 46 55 35.269 -118.37 463.86 117.57 384.29 370 1 34
2 46 55 35.204 -118.23 463.57 117.57 384.29 370 1 34
2 46 55 35.149 -118.11 463 117.57 384.29 370 1 34
2 46 55 35.086 -117.96 462.29 117.86 384.29 370 1 34
2 46 55 35.025 -117.83 462.14 118.71 384.29 370 1 34
2 46 55 34.955 -117.68 464.86 118 384.14 370 1 34
2 46 55 34.896 -117.54 466.14 118.29 384.14 370 1 34
2 46 55 34.852 -117.44 465.71 118.14 384.29 370 1 43
2 46 55 34.779 -117.28 462.43 118.14 384.29 370 1 43
2 46 55 34.72 -117.15 463.43 118.29 384.29 370 1 43
2 46 55 34.66 -117.02 462.36 118.14 384.29 370 1 43
2 46 55 34.607 -116.9 464 118.29 384.29 370 1 43
2 46 55 34.545 -116.77 462.29 118.5 384.29 370 1 44
2 46 55 34.477 -116.62 461.86 118.43 384.29 370 1 44
2 46 55 34.421 -116.5 461.57 118.71 384.29 370 1 44
2 46 55 34.356 -116.36 464.57 118.71 384.29 370 1 44
2 46 55 34.292 -116.22 467.43 118.57 384.29 370 1 42
2 46 55 34.233 -116.1 465.14 118.43 384.29 370 1 42
2 46 55 34.158 -115.94 462.57 118.86 384.14 370 1 42
2 46 55 34.103 -115.82 460.86 121.14 384.14 370 1 42
2 46 55 34.037 -115.68 463.57 121.14 384.14 370 1 42
2 46 55 33.962 -115.51 462.71 118.57 384.29 370 1 42
2 46 55 33.898 -115.38 461.29 118.43 384.14 370 1 42
2 46 55 33.848 -115.27 461 118.43 384.29 370 1 41
2 46 55 33.783 -115.13 459.43 118.71 382.43 250 1 41
2 46 55 33.719 -114.99 456.43 119 378 250 1 39
2 46 55 33.652 -114.84 456.14 117 369.43 250 1 39
2 46 55 33.61 -114.72 460 116.71 356.29 250 1 39
2 46 55 33.573 -114.57 463.86 109.57 337.57 250 1 39
2 46 55 33.541 -114.43 459.71 104.14 309.57 250 1 39
2 46 55 33.508 -114.27 453.71 104.43 282.14 250 1 39
2 46 55 33.476 -114.13 440 104.5 258.07 250 1 39
2 46 55 33.445 -113.98 431.14 104 247.57 250 2 64
2 46 55 33.423 -113.85 423.14 101.57 245 250 2 64
2 46 55 33.4 -113.72 418.29 101.14 241.71 250 2 64
2 46 55 33.376 -113.58 414.57 101.29 235.86 250 2 64
2 46 55 33.353 -113.45 410.57 101.86 228 250 2 64
2 46 55 33.329 -113.32 405.14 101.43 211.86 250 2 64
2 46 55 33.307 -113.18 402.71 101.57 192 250 2 64
2 46 55 33.299 -113.07 382.43 97.429 178.57 250 2 64
2 46 55 33.285 -112.95 360.57 97.429 165.14 250 2 64
2 46 55 33.274 -112.84 331.57 95.429 158.14 250 2 79
2 46 55 33.274 -112.73 319.86 94.571 148.86 250 2 79
2 46 55 33.279 -112.63 310.29 85.143 131.86 250 2 79
2 46 55 33.29 -112.54 298.86 80.5 117.64 250 2 79
2 46 55 33.307 -112.43 285.14 79.5 102.36 250 2 79
2 46 55 33.324 -112.33 278.14 78.429 97.143 250 2 79
2 46 55 33.337 -112.24 259 79 88.143 250 2 79
2 46 55 33.354 -112.15 246.14 78 77.714 250 2 79
2 46 55 33.368 -112.07 242.29 80 68.286 250 2 79
2 46 55 33.372 -112 238 81.429 57.714 250 2 79
2 46 55 33.394 -111.94 224.86 72.429 49.286 250 2 79
2 46 55 33.424 -111.94 204.29 141.14 37.714 250 2 79
2 46 55 33.433 -111.97 175.14 238 29.143 250 2 79
2 46 55 33.433 -111.99 153.71 222.86 19.571 250 2 79
2 46 55 33.433 -111.99 145.14 218.29 14 250 2 79
