1 46 69 37.73 -122.26 167.83 48 13.5 390 4 155
1 46 69 37.765 -122.29 198.17 288 25.167 390 4 155
1 46 69 37.81 -122.3 240.33 319.5 48.333 390 4 155
1 46 69 37.87 -122.26 264.5 171.5 75 390 4 155
1 46 69 37.931 -122.19 287.83 75.833 98.333 390 4 155
1 46 69 37.983 -122.13 306.5 40.833 118.83 390 4 155
1 46 69 38.054 -122.04 346.5 43 150.5 390 4 155
1 46 69 38.134 -121.94 361.17 43.333 179 390 4 155
1 46 69 38.212 -121.84 376.83 43.667 205 390 4 171
1 46 69 38.292 -121.74 390 44 226.33 390 4 171
1 46 69 38.375 -121.64 406 44 249.83 390 4 185
1 46 69 38.469 -121.51 417.5 43.833 264.5 390 4 185
1 46 69 38.539 -121.39 426.5 45.5 275.33 390 4 185
1 46 69 38.598 -121.29 434.83 49.833 290.17 390 4 185
1 46 69 38.682 -121.14 455.67 52.667 306.33 390 4 185
1 46 69 38.767 -120.99 463.17 53 320.83 390 4 185
1 46 69 38.848 -120.85 466 52.833 333.5 390 4 185
1 46 69 38.926 -120.72 466.83 53 347.17 390 4 185
1 46 69 39.009 -120.57 467.5 53 357.33 390 4 185
1 46 69 39.081 -120.45 472.33 53 362.5 390 4 185
1 46 69 39.15 -120.33 473.33 53 364.92 390 4 185
1 46 69 39.215 -120.19 475.08 55.667 369.67 390 4 181
1 46 69 39.29 -120.05 476.67 56.5 374.67 390 4 181
1 46 69 39.355 -119.92 477.5 55.667 377.33 390 4 181
1 46 69 39.428 -119.77 476.08 56.167 380.83 390 4 181
1 46 69 39.499 -119.61 474.75 59.333 382.67 390 4 181
1 46 69 39.561 -119.47 474 59.833 383.67 390 4 181
1 46 69 39.624 -119.32 475.33 61.333 384.67 390 4 181
1 46 69 39.685 -119.17 472.5 60.833 385.5 390 4 181
1 46 69 39.75 -119 473.67 62.167 386.67 390 4 181
1 46 69 39.804 -118.87 472.83 63.167 386.67 390 4 181
1 46 69 39.861 -118.72 473 63.333 386.67 390 4 181
1 46 69 39.923 -118.56 472.67 63.333 386.67 390 4 181
1 46 69 39.979 -118.39 472.17 65.667 386.67 390 4 181
1 46 69 40.028 -118.23 470.67 66.333 386.67 390 4 181
1 46 69 40.067 -118.1 469 68.5 386.67 390 4 181
1 46 69 40.117 -117.92 467.17 69 386.67 390 4 181
1 46 69 40.153 -117.8 466.67 69 386.67 390 5 208
1 46 69 40.195 -117.63 466.42 71 386.67 390 5 208
1 46 69 40.236 -117.46 467.08 72.333 387.25 390 5 208
1 46 69 40.275 -117.29 467.67 72.167 387.83 390 5 208
1 46 69 40.315 -117.12 467.5 72.333 389.5 390 5 208
1 46 69 40.339 -117 467.67 74.167 390 390 5 208
1 46 69 40.367 -116.82 471.33 76 390 390 5 208
1 46 69 40.387 -116.66 469 80.333 390 390 5 208
1 46 69 40.407 -116.48 464.83 80.833 390 390 5 208
1 46 69 40.425 -116.33 462.83 80.667 390 390 5 208
1 46 69 40.442 -116.2 462 81 390 390 5 208
1 46 69 40.464 -116.02 461.5 80.833 390 390 5 208
1 46 69 40.486 -115.85 461.17 80.5 390 390 5 208
1 46 69 40.51 -115.68 461 76.833 390 390 5 208
1 46 69 40.532 -115.51 460.17 76.333 390 390 5 208
1 46 69 40.555 -115.34 460 79.5 390 390 5 208
1 46 69 40.576 -115.18 461 79.5 390 390 5 208
1 46 69 40.594 -115.01 461.67 79.667 390 390 5 208
1 46 69 40.61 -114.83 463.17 80.5 390 390 5 208
1 46 69 40.627 -114.64 464.33 82.167 389.33 170 5 208
1 46 69 40.639 -114.46 464 83.167 383.67 170 5 208
1 46 69 40.645 -114.35 464.17 83.667 383.67 170 5 216
1 46 69 40.66 -114.17 464.83 83.5 367 170 5 216
1 46 69 40.671 -114.03 467.67 83.5 348.5 170 5 216
1 46 69 40.683 -113.83 469.17 83.75 314.33 170 5 216
1 46 69 40.692 -113.66 462.83 84 283.42 170 5 216
1 46 69 40.698 -113.53 451 84.333 261.67 170 5 216
1 46 69 40.705 -113.35 445.33 85.333 243.83 170 5 216
1 46 69 40.711 -113.21 438.33 85.5 218.17 170 5 216
1 46 69 40.72 -113.03 411 86.667 186 170 5 216
1 46 69 40.721 -112.9 395.17 86.333 174.5 170 5 216
1 46 69 40.721 -112.75 380.83 88.667 168.5 170 5 216
1 46 69 40.721 -112.61 370.5 89.667 160 170 5 216
1 46 69 40.726 -112.48 338.25 87.75 141.33 170 5 197
1 46 69 40.737 -112.35 326.67 83.833 130.17 170 5 197
1 46 69 40.753 -112.23 311 81.5 119.67 170 5 197
1 46 69 40.754 -112.15 284.83 80.167 110.67 170 5 197
1 46 69 40.743 -112.1 261.5 143.17 101.83 170 5 197
1 46 69 40.727 -112.07 238.67 109.17 91 170 5 197
1 46 69 40.726 -112.03 205.17 159.83 76.167 170 5 197
1 46 69 40.74 -112 184.67 71.5 65.833 170 5 197
1 46 69 40.762 -111.99 160.17 45.833 55.833 170 5 197
1 46 69 40.774 -111.98 148.33 235 48.833 170 5 197
1 46 69 40.784 -111.99 140.83 237.5 43.5 170 5 197
2 46 69 37.727 -122.25 163 66 15.5 410 4 155
2 46 69 37.741 -122.31 205.25 280 32.75 410 4 155
2 46 69 37.799 -122.34 240 294 58 410 4 155
2 46 69 37.867 -122.28 283.5 171.5 76.5 410 4 155
2 46 69 37.9 -122.24 302.75 100.5 95 410 4 155
2 46 69 37.961 -122.16 326.75 36.25 123.25 410 4 155
2 46 69 38.03 -122.08 348.75 44.5 149.75 410 4 155
2 46 69 38.106 -121.98 383.25 44.5 172.25 410 4 155
2 46 69 38.168 -121.87 396.25 56 193 410 4 171
2 46 69 38.243 -121.79 412.75 48.25 215.75 410 4 171
2 46 69 38.307 -121.67 425.25 46.75 238.75 410 4 171
2 46 69 38.366 -121.53 434.5 52.25 261.75 410 4 185
2 46 69 38.444 -121.3 443 65 285.25 410 4 185
2 46 69 38.497 -121.15 457.25 62.5 304.25 410 4 185
2 46 69 38.546 -121.01 464.5 64 314.5 410 4 185
2 46 69 38.595 -120.86 471.75 65.5 327 410 4 185
2 46 69 38.653 -120.69 475.5 65.75 339.25 410 4 185
2 46 69 38.706 -120.54 476.75 66 348.75 410 4 185
2 46 69 38.757 -120.38 479.75 66.25 357.25 410 4 185
2 46 69 38.802 -120.25 481.5 66.25 362.75 410 4 185
2 46 69 38.854 -120.09 481.25 66 368.75 410 4 185
2 46 69 38.909 -119.93 479.38 66.25 374 410 4 181
2 46 69 38.952 -119.8 480 66.5 378.25 410 4 181
2 46 69 38.999 -119.65 479.38 66.25 381.62 350 4 181
2 46 69 39.053 -119.49 478.62 66.875 384 410 4 181
2 46 69 39.101 -119.34 477.62 67.25 385 410 4 181
2 46 69 39.159 -119.16 477.5 66.75 385 410 4 181
2 46 69 39.194 -119.05 477.25 67 385 410 4 181
2 46 69 39.252 -118.87 476.75 67 385 410 4 181
2 46 69 39.292 -118.74 478 67.5 385 410 4 181
2 46 69 39.343 -118.58 481.25 67.5 385 410 4 181
2 46 69 39.385 -118.45 481 67.25 385 410 4 181
2 46 69 39.45 -118.23 478.5 67 385 410 4 181
2 46 69 39.489 -118.11 478 67 385 410 4 181
2 46 69 39.538 -117.95 477.5 67.75 385 410 4 181
2 46 69 39.604 -117.72 478.25 68.25 385 410 4 181
2 46 69 39.643 -117.59 478.25 69 385 410 4 181
2 46 69 39.678 -117.46 477.25 69.125 385 410 4 181
2 46 69 39.708 -117.35 477.88 69.75 385 410 4 181
2 46 69 39.749 -117.19 477.88 70.625 385 410 5 208
2 46 69 39.805 -116.98 478 71 385 370 5 208
2 46 69 39.832 -116.87 477.25 70.75 385 410 5 208
2 46 69 39.876 -116.7 475.25 71 385 410 5 208
2 46 69 39.931 -116.49 475.25 71.25 385 410 5 208
2 46 69 39.965 -116.35 475.25 71.25 385 410 5 208
2 46 69 40.009 -116.18 475.25 71 385 410 5 208
2 46 69 40.051 -116.05 477 71 385 410 5 208
2 46 69 40.116 -115.88 473.5 69 385 350 5 208
2 46 69 40.158 -115.72 475.25 64 383 350 5 208
2 46 69 40.198 -115.55 473.5 65.75 380.75 350 5 208
2 46 69 40.234 -115.38 472.75 65 380 350 5 208
2 46 69 40.268 -115.22 471 72.75 380 350 5 208
2 46 69 40.302 -115.05 471 74.5 380 170 5 208
2 46 69 40.335 -114.88 472 74.75 380 170 5 208
2 46 69 40.367 -114.72 471.5 74.75 379.75 170 5 208
2 46 69 40.401 -114.55 470.75 74.75 370.75 170 5 208
2 46 69 40.433 -114.39 468 74.75 358.75 170 5 200
2 46 69 40.465 -114.22 466.75 74.75 346 170 5 200
2 46 69 40.498 -114.05 464 74.75 327.75 170 5 200
2 46 69 40.528 -113.89 452 75.25 309.5 170 5 200
2 46 69 40.56 -113.73 443.5 75.25 289.75 170 5 200
2 46 69 40.588 -113.58 433.5 75.25 266.75 170 5 200
2 46 69 40.616 -113.43 418.75 75.5 252 170 5 200
2 46 69 40.641 -113.29 407 75.75 225 170 5 200
2 46 69 40.675 -113.12 388.75 74 201.25 170 5 216
2 46 69 40.699 -112.98 378.25 78.5 187.25 170 5 216
2 46 69 40.713 -112.89 361.25 76.75 173 170 5 216
2 46 69 40.724 -112.73 347 80.75 161.5 170 5 216
2 46 69 40.722 -112.61 344.5 87.75 149 170 5 216
2 46 69 40.72 -112.52 341.5 90.75 139.75 170 5 197
2 46 69 40.723 -112.39 317.75 90.5 126.25 170 5 197
2 46 69 40.727 -112.25 301 88.25 120.25 170 5 197
2 46 69 40.744 -112.14 286.5 85.5 111 170 5 197
2 46 69 40.767 -112.1 261.75 66.25 105.25 170 5 197
2 46 69 40.812 -112.1 251.75 222.25 95 170 5 197
2 46 69 40.837 -112.08 237.5 221.75 84.75 170 5 197
2 46 69 40.861 -112.04 231.25 137.25 74.5 170 5 197
2 46 69 40.85 -112 191.75 88.25 63.5 170 5 197
2 46 69 40.826 -111.99 156 211.25 54.25 170 5 197
2 46 69 40.808 -111.99 134 218.75 47.25 170 5 197
2 46 69 40.797 -111.98 138.75 220.5 42.25 170 5 197
