1 70 18 38.684 -121.59 167.2 0 5.8 350 4 153
1 70 18 38.643 -121.56 212.2 73.4 21.6 350 4 153
1 70 18 38.632 -121.47 250.4 129.4 50.2 350 4 153
1 70 18 38.631 -121.39 267.4 96.4 71.4 350 4 153
1 70 18 38.636 -121.28 302 86.8 97 350 4 153
1 70 18 38.64 -121.14 331 85.2 124.2 350 4 175
1 70 18 38.64 -121.01 359.8 89.4 143 350 4 175
1 70 18 38.638 -120.9 371 90.6 166.4 350 4 175
1 70 18 38.636 -120.76 380.8 90.2 185.2 350 4 175
1 70 18 38.634 -120.61 391.8 90.8 204.2 350 4 175
1 70 18 38.632 -120.47 402 84.8 224.2 350 4 162
1 70 18 38.635 -120.32 419.2 90.6 239.6 350 4 185
1 70 18 38.64 -120.15 428.6 87.2 261.2 350 4 185
1 70 18 38.646 -120 436 87.2 274 350 4 185
1 70 18 38.652 -119.84 448.2 87.2 287.6 350 4 185
1 70 18 38.658 -119.68 461.6 87 300.4 350 4 185
1 70 18 38.672 -119.5 469.4 84.8 314.2 350 4 185
1 70 18 38.687 -119.35 477.4 83 325.6 350 4 185
1 70 18 38.701 -119.17 478.2 83 338.2 350 4 180
1 70 18 38.719 -118.99 479.8 82.2 351 350 4 180
1 70 18 38.734 -118.86 474.8 82.6 359.4 350 4 180
1 70 18 38.75 -118.7 477 82.8 365.2 350 4 180
1 70 18 38.769 -118.5 477.2 82.4 366 350 4 180
1 70 18 38.781 -118.35 477.4 82.6 366 350 4 180
1 70 18 38.8 -118.16 476.6 82.8 366 350 4 180
1 70 18 38.814 -118 476.4 83.4 366 350 4 180
1 70 18 38.833 -117.84 476.1 80.2 366 350 4 180
1 70 18 38.855 -117.66 475.4 80.4 366 350 4 180
1 70 18 38.875 -117.49 474.8 80.4 366 350 4 180
1 70 18 38.897 -117.33 474 80.6 366 350 5 180
1 70 18 38.912 -117.19 474 80.6 366 350 5 208
1 70 18 38.939 -116.97 475 80.8 366 350 5 208
1 70 18 38.959 -116.78 474.8 81 366 350 5 208
1 70 18 38.979 -116.62 472.8 81 366 350 5 208
1 70 18 38.998 -116.44 472.6 81.2 366 350 5 208
1 70 18 39.017 -116.27 471.6 81.2 366 350 5 204
1 70 18 39.033 -116.12 470.6 81.2 366 350 5 204
1 70 18 39.05 -115.96 470.2 81.6 366 350 5 204
1 70 18 39.066 -115.82 470.4 81.4 366.8 350 5 204
1 70 18 39.083 -115.66 471.2 81.2 368.2 350 5 204
1 70 18 39.1 -115.49 471.2 81.4 369.2 350 5 204
1 70 18 39.12 -115.31 473.4 81.6 370 350 5 204
1 70 18 39.137 -115.14 473.8 81.4 370 350 5 204
1 70 18 39.153 -114.97 472.8 81.6 370 350 5 204
1 70 18 39.171 -114.8 471 82.2 370 350 5 204
1 70 18 39.192 -114.64 469.8 81.6 370 350 5 204
1 70 18 39.211 -114.49 469.8 80.6 370 350 5 204
1 70 18 39.232 -114.29 471.6 80.4 370 350 5 204
1 70 18 39.246 -114.12 472.4 81 370.4 350 5 204
1 70 18 39.262 -113.95 472.7 82.4 370.2 350 5 204
1 70 18 39.279 -113.78 472.4 82.6 370 350 5 204
1 70 18 39.303 -113.58 471.2 82.2 370 350 5 204
1 70 18 39.322 -113.4 471.4 81.2 370 350 5 204
1 70 18 39.34 -113.27 470.4 80.8 370.2 350 5 209
1 70 18 39.36 -113.09 470.8 81 370 350 5 209
1 70 18 39.378 -112.93 470.8 81 370 350 5 209
1 70 18 39.396 -112.75 470 81.4 370 350 5 209
1 70 18 39.414 -112.59 470.8 81.6 370 350 5 209
1 70 18 39.44 -112.43 471.8 81.4 370 350 5 209
1 70 18 39.468 -112.25 472 79.6 370 350 5 209
1 70 18 39.489 -112.12 471.2 77.8 370 350 5 209
1 70 18 39.517 -111.94 471.5 77.7 370 350 5 209
1 70 18 39.547 -111.75 470.4 77.8 370 350 5 209
1 70 18 39.572 -111.59 467.7 78.2 370 350 5 209
1 70 18 39.603 -111.38 467.2 78.4 370 350 5 209
1 70 18 39.623 -111.25 467.2 78.2 370 350 5 209
1 70 18 39.651 -111.05 465.4 78.6 370 350 5 209
1 70 18 39.671 -110.93 463.2 78.4 370 350 5 209
1 70 18 39.698 -110.74 461.6 78.8 370 350 5 209
1 70 18 39.721 -110.59 461.6 78.8 370 350 5 209
1 70 18 39.745 -110.41 461.6 79 370 350 5 209
1 70 18 39.763 -110.28 461.4 79 370 350 5 209
1 70 18 39.785 -110.11 462.1 79 370 350 5 209
1 70 18 39.806 -109.98 462.5 79 370 350 5 209
1 70 18 39.832 -109.8 463.2 78.7 370 350 5 209
1 70 18 39.857 -109.63 464 79 370 350 5 209
1 70 18 39.883 -109.45 465.8 78.8 370 350 6 279
1 70 18 39.902 -109.31 466.2 79.2 370 350 6 279
1 70 18 39.925 -109.15 468.2 79 370 350 6 279
1 70 18 39.948 -108.99 469.4 79.2 370 350 6 279
1 70 18 39.971 -108.81 468.8 79.2 370 350 6 279
1 70 18 39.994 -108.65 469.8 79.4 370 350 6 279
1 70 18 40.015 -108.49 469.4 79.2 370 350 6 279
1 70 18 40.042 -108.29 468.8 79.6 370 350 6 279
1 70 18 40.065 -108.11 468 79.8 369.4 350 6 279
1 70 18 40.082 -107.97 466.2 80 366 350 6 279
1 70 18 40.109 -107.8 465.4 81.4 366 350 6 279
1 70 18 40.136 -107.65 466.8 78.6 366 350 6 279
1 70 18 40.164 -107.48 466.2 78.6 366 350 6 279
1 70 18 40.193 -107.31 466 79.2 365.4 350 6 274
1 70 18 40.223 -107.13 467.6 76.8 362 350 6 274
1 70 18 40.258 -106.94 468.6 75.4 355 270 6 274
1 70 18 40.266 -106.76 468.6 85 352 270 6 274
1 70 18 40.297 -106.62 468.4 81.6 344.4 270 6 274
1 70 18 40.295 -106.45 469.4 90 335.2 270 6 274
1 70 18 40.333 -106.31 468.2 82.8 309 270 6 274
1 70 18 40.355 -106.11 465.6 80.2 280.6 270 6 274
1 70 18 40.354 -105.95 459 91.6 260.8 270 6 245
1 70 18 40.359 -105.79 434.4 91.4 244 270 6 245
1 70 18 40.377 -105.64 425.4 84.6 217.8 270 6 245
1 70 18 40.348 -105.49 395.6 95.9 198.5 270 6 245
1 70 18 40.309 -105.38 385.2 110.6 187.8 270 6 245
1 70 18 40.268 -105.27 366.2 117.8 176.8 270 6 233
1 70 18 40.215 -105.16 356.8 117.8 163.8 270 6 233
1 70 18 40.175 -105.05 344.8 117 149.6 270 6 233
1 70 18 40.125 -104.91 314.4 117.4 135.8 270 6 233
1 70 18 40.079 -104.86 300.2 122 127.4 270 6 233
1 70 18 40.027 -104.79 277.8 137 114.2 270 6 233
1 70 18 39.976 -104.78 260 157.8 107.8 270 6 233
1 70 18 39.909 -104.77 254.6 174.2 98.8 270 6 233
1 70 18 39.864 -104.73 233.8 143 88.6 270 6 233
1 70 18 39.848 -104.7 217.4 129.4 81.2 270 6 233
1 70 18 39.846 -104.69 186.2 93.8 71.2 270 6 233
1 70 18 39.861 -104.69 165.8 76 61.4 270 6 233
1 70 18 39.857 -104.69 156.4 144.2 55.6 270 6 233
2 70 18 38.662 -121.57 173 0 13 330 4 153
2 70 18 38.642 -121.53 225.5 163.5 26 330 4 153
2 70 18 38.642 -121.44 257.5 120.5 45 330 4 153
2 70 18 38.638 -121.34 279 88.5 66 330 4 153
2 70 18 38.635 -121.26 276.5 89.5 71.5 330 4 153
2 70 18 38.635 -121.21 285 90 94.5 330 4 153
2 70 18 38.634 -121.09 303.5 94 109 330 4 175
2 70 18 38.632 -120.97 339 89.5 120.5 330 4 175
2 70 18 38.631 -120.84 348.5 90 135 330 4 175
2 70 18 38.629 -120.71 358.5 90 148.5 330 4 175
2 70 18 38.627 -120.58 367 90.5 161 330 4 175
2 70 18 38.624 -120.44 375.5 90.5 173 330 4 162
2 70 18 38.62 -120.26 381 91 186.5 330 4 162
2 70 18 38.618 -120.09 386 90.5 197.5 330 4 162
2 70 18 38.617 -119.99 390.5 90.5 204.5 330 4 162
2 70 18 38.614 -119.84 394.5 91 212 330 4 162
2 70 18 38.612 -119.7 402 90.5 218.5 330 4 162
2 70 18 38.608 -119.54 410 90.5 226 330 4 162
2 70 18 38.605 -119.4 412.5 91 233 330 4 162
2 70 18 38.602 -119.25 415.5 91.5 238.5 330 4 162
2 70 18 38.597 -119.08 422 91 245.5 330 4 180
2 70 18 38.593 -118.93 426 91.5 251 330 4 180
2 70 18 38.589 -118.78 427.5 91.5 257 330 4 180
2 70 18 38.587 -118.7 427.5 91 259.5 330 4 180
2 70 18 38.581 -118.49 431.5 92 265 330 4 180
2 70 18 38.574 -118.31 434 92 270 330 4 180
2 70 18 38.569 -118.14 437 92 275.5 330 4 180
2 70 18 38.564 -118.02 437 92 280 330 4 180
2 70 18 38.556 -117.83 437 93 286 330 4 180
2 70 18 38.551 -117.7 437.5 92.5 290 330 4 180
2 70 18 38.549 -117.53 436.5 92 296 330 4 180
2 70 18 38.548 -117.38 436.5 90 300 330 4 180
2 70 18 38.544 -117.18 436.5 90.5 305.5 330 5 201
2 70 18 38.544 -117.09 437 90.5 308 330 5 201
2 70 18 38.549 -116.89 438.5 88 313.5 330 5 201
2 70 18 38.553 -116.78 438.5 87.5 317.5 330 5 201
2 70 18 38.556 -116.62 438 87.5 320.5 330 5 201
2 70 18 38.56 -116.45 437.5 88 323.5 330 5 201
2 70 18 38.564 -116.3 439.5 87.5 326.5 330 5 201
2 70 18 38.568 -116.13 442 87.5 328.5 330 5 201
2 70 18 38.572 -115.97 446.5 87.5 330 330 5 201
2 70 18 38.587 -115.86 449 83 330 330 5 201
2 70 18 38.578 -115.69 454.5 87.5 330 330 5 201
2 70 18 38.593 -115.52 457.5 80.5 330 330 5 201
2 70 18 38.584 -115.33 463.5 88 330 330 5 201
2 70 18 38.599 -115.17 463.5 82.5 330 330 5 201
2 70 18 38.589 -115 470.5 88.5 330 330 5 201
2 70 18 38.605 -114.84 470.5 82.5 330 330 5 201
2 70 18 38.593 -114.75 470 86.5 330 330 5 201
2 70 18 38.593 -114.58 470 85 330 330 5 201
2 70 18 38.609 -114.42 469 82.5 330 330 5 201
2 70 18 38.596 -114.34 470 89 330 330 5 201
2 70 18 38.597 -114.05 469.5 86 330 330 5 201
2 70 18 38.597 -113.88 470 89.5 330 330 5 201
2 70 18 38.599 -113.71 470 87.5 330 330 5 201
2 70 18 38.599 -113.55 469.5 89 330.5 330 5 205
2 70 18 38.599 -113.39 469 87 333 330 5 205
2 70 18 38.599 -113.22 465 89.5 335.5 330 5 205
2 70 18 38.591 -113.04 459 87 338.5 330 5 205
2 70 18 38.57 -112.88 453.5 91.5 340 330 5 205
2 70 18 38.545 -112.73 452.5 94 340 330 5 205
2 70 18 38.514 -112.56 452 100.5 340 330 5 205
2 70 18 38.528 -112.41 452 82 340 330 5 205
2 70 18 38.478 -112.25 456.5 94.5 340 330 5 205
2 70 18 38.444 -112.09 457.5 102 340 330 5 205
2 70 18 38.445 -111.91 464.5 99.5 340 330 5 202
2 70 18 38.447 -111.74 469.5 93 340 330 5 202
2 70 18 38.449 -111.58 468 88.5 340 330 5 202
2 70 18 38.452 -111.41 469.5 89 340 330 5 202
2 70 18 38.454 -111.27 468.5 88.5 340 330 5 202
2 70 18 38.454 -111.09 469 88.5 340 330 5 202
2 70 18 38.457 -110.91 469 88.5 340 330 5 202
2 70 18 38.48 -110.75 469 79 340 330 5 202
2 70 18 38.459 -110.58 468.5 89 340 330 5 202
2 70 18 38.461 -110.41 468 89 340 330 5 202
2 70 18 38.464 -110.34 467.5 88.5 340 330 5 202
2 70 18 38.463 -110.17 468 89.5 340 330 5 202
2 70 18 38.465 -109.97 468 89 340 330 5 202
2 70 18 38.465 -109.81 468 89.5 340 330 5 202
2 70 18 38.464 -109.64 467.5 89.5 340 330 6 278
2 70 18 38.463 -109.47 467.5 89.5 340 330 6 278
2 70 18 38.463 -109.3 468.5 89.5 340 330 6 278
2 70 18 38.463 -109.14 468 89.5 340 330 6 278
2 70 18 38.459 -109.02 468 90.5 340 330 6 278
2 70 18 38.458 -108.84 468.5 90 340 330 6 278
2 70 18 38.473 -108.61 469 90 340 330 6 278
2 70 18 38.487 -108.45 469.5 86.5 340 330 6 268
2 70 18 38.537 -108.3 470.5 67.5 340 330 6 268
2 70 18 38.54 -108.21 466 80.5 340 330 6 268
2 70 18 38.603 -107.97 465 74 340 330 6 268
2 70 18 38.659 -107.81 465.5 65 340 270 6 268
2 70 18 38.675 -107.73 466 67.5 335 270 6 268
2 70 18 38.719 -107.59 468.5 69 328 270 6 268
2 70 18 38.762 -107.43 464 68.5 320.5 270 6 268
2 70 18 38.809 -107.27 453 69.5 311 270 6 268
2 70 18 38.852 -107.11 447 69.5 301 270 6 268
2 70 18 38.896 -106.97 447.5 69.5 300 270 6 268
2 70 18 38.949 -106.81 449.5 69 300 270 6 268
2 70 18 38.998 -106.66 452.5 66 293 270 6 268
2 70 18 39.052 -106.52 451 65 280.5 270 6 268
2 70 18 39.116 -106.38 442.5 65 267.5 270 6 240
2 70 18 39.174 -106.22 443 61 252 270 6 240
2 70 18 39.211 -106.08 439 62 247 270 6 240
2 70 18 39.24 -105.95 406.5 69 224.5 270 6 240
2 70 18 39.275 -105.8 396 67 210 270 6 240
2 70 18 39.29 -105.7 379.5 65.5 203 270 6 240
2 70 18 39.302 -105.56 376.5 75 194.5 270 6 233
2 70 18 39.297 -105.39 360.5 93 182 270 6 233
2 70 18 39.309 -105.31 337 90.5 178 270 6 233
2 70 18 39.316 -105.22 319.5 84.5 169.5 270 6 233
2 70 18 39.35 -105.12 314.5 76.5 160 270 6 233
2 70 18 39.378 -105.05 307.5 62.5 154.5 270 6 233
2 70 18 39.415 -104.95 291.5 74 137.5 270 6 233
2 70 18 39.451 -104.88 282 50.5 124.5 270 6 233
2 70 18 39.507 -104.81 272.5 47 111.5 270 6 233
2 70 18 39.557 -104.75 263.5 39.5 105.5 270 6 233
2 70 18 39.612 -104.7 240.5 34 92.5 270 6 233
2 70 18 39.677 -104.68 229.5 11 81 270 6 233
2 70 18 39.731 -104.66 210 10.5 72.5 270 6 233
2 70 18 39.782 -104.66 180 9 63.5 270 6 233
2 70 18 39.828 -104.66 154 175.5 55 270 6 233
