1 70 33 38.682 -121.59 159.2 0 8 330 4 153
1 70 33 38.642 -121.55 207.2 100 33.2 330 4 153
1 70 33 38.621 -121.47 238 129 57 330 4 153
1 70 33 38.602 -121.37 290.6 108.2 89.6 330 4 153
1 70 33 38.584 -121.26 298.6 99.4 114.4 330 4 175
1 70 33 38.565 -121.13 333.6 100.8 142.2 330 4 175
1 70 33 38.554 -121.07 356.6 99.8 161.4 330 4 175
1 70 33 38.528 -120.89 378.2 101.2 198 330 4 175
1 70 33 38.516 -120.81 385.6 100.4 210.8 330 4 175
1 70 33 38.492 -120.66 405.8 100.4 231 330 4 172
1 70 33 38.457 -120.44 424.8 100.8 259.8 330 4 185
1 70 33 38.436 -120.31 427.2 100.8 272.8 330 4 185
1 70 33 38.416 -120.18 436.9 100.9 282.4 330 4 185
1 70 33 38.394 -120.04 437.1 100.9 292.2 330 4 185
1 70 33 38.357 -119.87 443.1 103.5 305.8 330 4 185
1 70 33 38.327 -119.7 445.2 103.2 317 330 4 185
1 70 33 38.305 -119.59 445.8 103.6 319.8 330 4 185
1 70 33 38.28 -119.45 449.2 101.2 324 330 4 185
1 70 33 38.27 -119.31 457.2 97.6 326 330 4 180
1 70 33 38.247 -119.13 462.7 97.8 326 330 4 180
1 70 33 38.23 -118.98 462.2 97.6 326 330 4 180
1 70 33 38.211 -118.83 455.8 98.2 326 330 4 180
1 70 33 38.183 -118.69 451.4 103.8 326 330 4 180
1 70 33 38.149 -118.55 449.8 105.4 326 330 4 180
1 70 33 38.117 -118.41 449.2 107.6 326 330 4 180
1 70 33 38.069 -118.29 446.1 114.1 326 330 4 180
1 70 33 38.002 -118.14 443 119.2 326 330 4 180
1 70 33 37.93 -118.01 444.4 124.4 326 330 4 180
1 70 33 37.857 -117.89 444.2 126.8 326 330 4 180
1 70 33 37.769 -117.78 443.6 134.2 326 330 4 180
1 70 33 37.68 -117.67 442.8 134.8 326 330 4 180
1 70 33 37.589 -117.56 443 134.8 326 330 4 180
1 70 33 37.508 -117.45 443 134.4 326 330 4 180
1 70 33 37.42 -117.34 444.4 135 326 330 4 180
1 70 33 37.339 -117.24 448 136 326 330 4 180
1 70 33 37.244 -117.15 449.8 139.4 325.8 330 1 56
1 70 33 37.146 -117.05 449.4 142 324 330 1 56
1 70 33 37.026 -116.93 447.2 142 317.6 210 1 56
1 70 33 36.942 -116.85 446 142 315.2 210 1 56
1 70 33 36.845 -116.76 444.6 142.4 308 210 1 56
1 70 33 36.764 -116.67 441.8 139 300.4 210 1 56
1 70 33 36.684 -116.57 437.9 134.7 287.7 210 1 56
1 70 33 36.611 -116.47 431.3 131.8 269.4 210 1 56
1 70 33 36.533 -116.35 420.4 129.9 249.2 160 1 56
1 70 33 36.454 -116.24 409.2 128 232.2 160 1 56
1 70 33 36.392 -116.17 396.4 129.6 211.6 160 1 56
1 70 33 36.311 -116.05 382.8 131.4 187.4 160 1 56
1 70 33 36.242 -115.94 363.8 129.2 171.4 160 1 56
1 70 33 36.184 -115.83 331.8 124.2 159.6 160 1 3
1 70 33 36.144 -115.75 316.4 118.6 149 160 1 3
1 70 33 36.096 -115.65 321.4 121 132.4 160 1 3
1 70 33 36.059 -115.57 316.4 121.4 119.4 160 1 3
1 70 33 36.019 -115.48 302 120.6 109 160 1 3
1 70 33 36.005 -115.38 276 104.8 101.2 160 1 3
1 70 33 35.993 -115.31 271 101.8 94.2 160 1 3
1 70 33 35.992 -115.23 265.4 94.2 85.8 160 1 3
1 70 33 36.008 -115.15 260.8 82.2 72.2 160 1 3
1 70 33 36.038 -115.08 231.6 70.8 63.2 160 1 3
1 70 33 36.071 -115.08 206.2 106.8 51.2 160 1 3
1 70 33 36.092 -115.08 183.6 204 41.2 160 1 3
1 70 33 36.088 -115.11 162.6 208.6 33 160 1 3
1 70 33 36.081 -115.12 158.6 220 26 160 1 3
1 70 33 36.076 -115.15 159.2 220.2 20.6 160 1 3
2 70 33 38.656 -121.57 182.17 29 18.333 330 4 153
2 70 33 38.626 -121.5 230.5 131.33 39 330 4 153
2 70 33 38.617 -121.44 261.33 114.33 60.333 330 4 153
2 70 33 38.604 -121.36 278.83 103.33 85.333 330 4 153
2 70 33 38.587 -121.25 296.67 93.333 114 330 4 175
2 70 33 38.571 -121.15 325.67 101.17 134.5 330 4 175
2 70 33 38.55 -121.01 358.17 100.5 166 330 4 175
2 70 33 38.529 -120.88 372 100.67 190.33 330 4 175
2 70 33 38.507 -120.74 386 100.67 206.83 330 4 175
2 70 33 38.487 -120.61 395.5 100.83 228.17 330 4 172
2 70 33 38.457 -120.45 409.17 100.83 248.17 330 4 185
2 70 33 38.421 -120.29 423.33 103.33 266.33 330 4 185
2 70 33 38.385 -120.17 429.67 107.58 275.33 330 4 185
2 70 33 38.346 -120.03 430.33 110.83 286.5 330 4 185
2 70 33 38.306 -119.9 434.75 110.42 297.92 330 4 185
2 70 33 38.257 -119.74 433.33 110.67 303.67 330 4 185
2 70 33 38.213 -119.6 436 111.33 315.5 330 4 185
2 70 33 38.175 -119.47 436.67 111.17 319.83 330 4 184
2 70 33 38.128 -119.33 436.25 111.17 322.42 330 4 184
2 70 33 38.082 -119.2 434.5 113.83 323.33 330 4 180
2 70 33 38.028 -119.06 438.75 115.75 326 330 4 180
2 70 33 37.968 -118.91 448.67 115.67 330 330 4 180
2 70 33 37.919 -118.78 454 115.83 330 330 4 180
2 70 33 37.872 -118.66 452.17 115.83 330 330 4 180
2 70 33 37.814 -118.52 452.83 115.83 330 330 4 180
2 70 33 37.755 -118.36 454.5 115.67 330 330 4 180
2 70 33 37.7 -118.22 456.25 116.42 330 330 4 180
2 70 33 37.64 -118.07 458.42 116 330 330 4 180
2 70 33 37.586 -117.94 458.83 116.75 330 330 4 180
2 70 33 37.514 -117.78 457.83 119.67 330 330 4 180
2 70 33 37.455 -117.66 457.5 119.83 330 330 4 180
2 70 33 37.389 -117.54 456.33 122.83 330 330 4 180
2 70 33 37.316 -117.41 455.67 125.5 330 330 4 180
2 70 33 37.235 -117.29 453.83 128.67 330 330 1 56
2 70 33 37.159 -117.19 450 133.67 330 330 1 56
2 70 33 37.086 -117.09 451.5 136.33 328.83 330 1 56
2 70 33 37 -116.99 451.25 135.58 327.33 330 1 56
2 70 33 36.897 -116.87 449.67 136.67 323.42 330 1 56
2 70 33 36.824 -116.78 445.33 135.67 315.17 160 1 56
2 70 33 36.735 -116.68 445.5 135.17 304.33 160 1 56
2 70 33 36.661 -116.57 433.33 131.67 283.5 160 1 56
2 70 33 36.609 -116.49 430 129.33 274.67 160 1 56
2 70 33 36.512 -116.36 415 129.83 247.67 160 1 56
2 70 33 36.42 -116.23 406.33 130.83 219.5 160 1 56
2 70 33 36.349 -116.12 381.5 127.75 198.92 160 1 56
2 70 33 36.273 -115.99 364.83 124.17 180.83 160 1 56
2 70 33 36.217 -115.91 338 125.67 169 160 1 56
2 70 33 36.162 -115.82 325.67 128.67 155.67 160 1 3
2 70 33 36.104 -115.73 323.5 130.67 140.17 160 1 3
2 70 33 36.037 -115.65 310 131 127.5 160 1 3
2 70 33 35.995 -115.59 295.5 131.67 117 160 1 3
2 70 33 35.951 -115.52 286.83 125.67 105.33 160 1 3
2 70 33 35.915 -115.44 280.33 122.83 96.5 160 1 3
2 70 33 35.91 -115.37 263.17 108.33 90.167 160 1 3
2 70 33 35.945 -115.29 244.17 67.167 81 160 1 3
2 70 33 35.984 -115.25 231.83 103.5 71.667 160 1 3
2 70 33 36.035 -115.25 220.83 193.33 58.667 160 1 3
2 70 33 36.076 -115.23 199 126.83 47.833 160 1 3
2 70 33 36.085 -115.19 174.17 94.667 36.5 160 1 3
2 70 33 36.079 -115.17 155.83 124.67 28.5 160 1 3
2 70 33 36.077 -115.14 150.67 138.5 22 160 1 3
