1 70 53 38.679 -121.57 180.9 30.4 14.6 240 4 153
1 70 53 38.724 -121.56 214.8 165.3 32.1 240 4 153
1 70 53 38.776 -121.56 249.8 125.4 47 240 4 153
1 70 53 38.846 -121.59 270.1 307.9 65.6 240 4 153
1 70 53 38.898 -121.62 282.5 305.7 80.2 240 4 153
1 70 53 38.982 -121.66 307.5 340.2 104.2 240 4 175
1 70 53 39.07 -121.71 323.9 327.5 127.6 240 4 175
1 70 53 39.158 -121.74 330.8 339 146.6 240 4 175
1 70 53 39.262 -121.77 340.2 341.5 169.8 240 4 175
1 70 53 39.349 -121.81 345.35 343.05 188.1 240 4 175
1 70 53 39.48 -121.84 353.6 309.9 208.3 240 4 175
1 70 53 39.563 -121.86 359.7 331.85 225.45 400 4 163
1 70 53 39.682 -121.88 363.55 349.95 238.4 240 4 163
1 70 53 39.783 -121.91 367.25 350 254.35 240 4 163
1 70 53 39.912 -121.94 370.32 349.05 272.65 240 4 163
1 70 53 40.015 -121.96 372.74 349.12 284.65 400 4 186
1 70 53 40.138 -121.99 376.05 349.3 293.65 240 4 186
1 70 53 40.262 -122.01 382.15 350.35 303 240 4 186
1 70 53 40.392 -122.04 385.25 351.68 309.1 240 4 186
1 70 53 40.505 -122.06 390.45 351.65 311.5 240 4 186
1 70 53 40.634 -122.08 393 351.3 312.5 240 4 186
1 70 53 40.733 -122.1 395.5 351.7 313.2 240 4 186
1 70 53 40.85 -122.12 395.68 351.5 314 240 4 186
1 70 53 40.956 -122.14 396.55 351.55 314 240 4 186
1 70 53 41.063 -122.16 396.7 351.6 314 240 4 186
1 70 53 41.164 -122.18 397.65 351.6 314 240 4 186
1 70 53 41.281 -122.2 398.12 351.3 314 240 3 141
1 70 53 41.386 -122.22 397.88 351.85 314 240 3 141
1 70 53 41.487 -122.24 398.8 351.55 314 240 3 141
1 70 53 41.608 -122.26 398.25 351.8 314 240 3 141
1 70 53 41.719 -122.28 398.55 351.45 314 240 3 141
1 70 53 41.84 -122.31 399.1 351.3 314 240 3 141
1 70 53 41.948 -122.33 400.95 351.4 314 240 3 141
1 70 53 42.057 -122.35 401 351.3 314 240 3 141
1 70 53 42.178 -122.37 400.32 351.57 314 240 3 141
1 70 53 42.311 -122.39 400.55 351.8 314 240 3 141
1 70 53 42.435 -122.42 400.5 351.8 313.8 240 3 141
1 70 53 42.556 -122.44 400.6 351.7 312.8 240 3 141
1 70 53 42.66 -122.46 399.6 351.65 312 240 3 141
1 70 53 42.776 -122.48 399.2 351.7 312 240 3 141
1 70 53 42.91 -122.51 399.8 351.3 312 240 3 141
1 70 53 43.019 -122.53 399.1 351 312 240 3 140
1 70 53 43.134 -122.56 399.9 351.2 312 240 3 140
1 70 53 43.247 -122.58 400.62 350.7 312 240 3 140
1 70 53 43.366 -122.6 400.55 351 312 240 3 140
1 70 53 43.479 -122.62 401.05 351.6 310.9 240 3 136
1 70 53 43.594 -122.64 401.2 351.8 305.9 240 3 136
1 70 53 43.717 -122.67 400.7 351.9 294.2 240 3 136
1 70 53 43.824 -122.68 401.5 318.2 280.4 240 3 136
1 70 53 43.948 -122.7 401.2 352.6 267.8 240 3 136
1 70 53 44.045 -122.71 399.8 352.7 260.7 240 3 136
1 70 53 44.157 -122.72 397.7 353.5 246.7 240 3 136
1 70 53 44.276 -122.72 397.2 283.6 232.1 240 3 136
1 70 53 44.384 -122.72 392 214.6 218.5 240 3 130
1 70 53 44.49 -122.71 388.1 144.6 205.4 240 3 130
1 70 53 44.602 -122.7 380.1 73.8 190.1 240 3 130
1 70 53 44.719 -122.69 375.6 75.1 171.7 240 3 130
1 70 53 44.829 -122.68 371.3 74.3 153.8 240 3 130
1 70 53 44.939 -122.67 350.1 38.7 137.3 240 3 130
1 70 53 45.014 -122.66 341 39 123.8 240 3 112
1 70 53 45.105 -122.66 326.7 38.8 107.7 240 3 112
1 70 53 45.191 -122.65 305.9 6.4 92.3 240 3 112
1 70 53 45.271 -122.63 291.1 118.4 78.1 240 3 112
1 70 53 45.339 -122.6 278.8 117.7 67.4 240 3 112
1 70 53 45.395 -122.56 265.3 134.4 53.4 240 3 112
1 70 53 45.453 -122.54 245.5 124.3 42.6 240 3 112
1 70 53 45.505 -122.54 229.7 186.7 34.4 240 3 112
1 70 53 45.542 -122.55 197.8 212.8 26.1 240 3 112
1 70 53 45.563 -122.56 172.8 209.6 18.1 240 3 112
1 70 53 45.578 -122.58 143.3 242.6 49.1 240 3 112
1 70 53 45.581 -122.59 131.4 243.3 43.8 240 3 112
1 70 53 45.587 -122.6 130.2 243.8 312 240 3 135
