1 70 71 38.681 -121.58 158.5 0 9.5 250 4 153
1 70 71 38.631 -121.53 202 145 47.5 250 4 153
1 70 71 38.614 -121.48 219.5 141 62 250 4 153
1 70 71 38.57 -121.39 264.5 127 98.5 250 4 175
1 70 71 38.523 -121.29 311.5 120 129 250 4 172
1 70 71 38.471 -121.19 347.5 121 167 250 4 172
1 70 71 38.42 -121.08 354 122.5 199.5 250 4 172
1 70 71 38.364 -120.96 374 120.5 224 250 4 172
1 70 71 38.306 -120.84 385.5 121 244.5 250 4 153
1 70 71 38.234 -120.69 400.5 121 250 250 4 185
1 70 71 38.146 -120.6 415.5 121.5 259 250 4 185
1 70 71 38.052 -120.5 420 135.5 263 250 4 185
1 70 71 37.959 -120.42 421.5 142 268.5 250 4 184
1 70 71 37.864 -120.32 425 143 271.5 250 4 184
1 70 71 37.77 -120.23 425.5 142.5 276.5 250 4 184
1 70 71 37.674 -120.15 427.5 142 280 250 4 184
1 70 71 37.579 -120.05 428 142 280 250 4 184
1 70 71 37.464 -119.94 431.5 141.5 295.5 250 4 184
1 70 71 37.406 -119.88 434 142 297 250 4 187
1 70 71 37.309 -119.81 440 143 300 250 4 187
1 70 71 37.133 -119.78 425 167.5 316.5 250 4 187
1 70 71 37.017 -119.76 418.5 174.5 324 250 4 187
1 70 71 36.903 -119.75 416.5 175 330 250 4 187
1 70 71 36.787 -119.73 416 175 330 250 4 187
1 70 71 36.707 -119.73 416.5 174.5 330 250 4 187
1 70 71 36.593 -119.72 416 175 330 250 4 187
1 70 71 36.466 -119.71 415 174.5 330 250 4 187
1 70 71 36.34 -119.69 414.5 174.5 330 250 4 187
1 70 71 36.225 -119.68 414.5 175 330 250 4 187
1 70 71 36.109 -119.67 414 175 330 250 4 187
1 70 71 35.958 -119.66 414.5 175 330 250 1 54
1 70 71 35.878 -119.65 414 174.5 330 250 1 53
1 70 71 35.749 -119.64 415 177 330 250 1 53
1 70 71 35.645 -119.62 416 175.5 330 250 1 53
1 70 71 35.574 -119.62 416 173 330 250 1 53
1 70 71 35.401 -119.59 419 172.5 330 250 1 53
1 70 71 35.334 -119.56 424.5 171.5 330 250 1 53
1 70 71 35.184 -119.47 432.5 158 326.5 250 1 53
1 70 71 35.123 -119.43 428 151.5 314.5 250 1 53
1 70 71 35.022 -119.35 428.5 148.5 299 250 1 53
1 70 71 34.961 -119.31 428.25 148.25 294.5 250 1 53
1 70 71 34.87 -119.23 427 149 283.5 250 1 54
1 70 71 34.756 -119.14 412 147.75 267 250 1 54
1 70 71 34.621 -119.04 402 146.5 255.5 250 1 54
1 70 71 34.575 -119 404.5 143.5 255.5 250 1 54
1 70 71 34.529 -118.96 406.5 143.5 246 250 1 54
1 70 71 34.389 -118.88 394 147 227 250 1 25
1 70 71 34.286 -118.84 393 153 227 250 1 25
1 70 71 34.218 -118.81 388 155.5 218 250 1 25
1 70 71 34.106 -118.78 371 163.5 192.5 250 1 25
1 70 71 34.001 -118.75 364 164.5 169.5 250 1 24
1 70 71 33.915 -118.71 355.5 164.5 156 250 1 24
1 70 71 33.8 -118.69 343.5 164 139.5 250 1 2
1 70 71 33.722 -118.65 340 159.5 134 250 1 2
1 70 71 33.642 -118.58 337 147.5 118.5 250 1 2
1 70 71 33.581 -118.53 337.5 136.5 109 250 1 2
1 70 71 33.519 -118.44 296 133 95 250 1 2
1 70 71 33.495 -118.36 289.5 114.5 83.5 250 1 2
1 70 71 33.477 -118.28 286 102 66.5 250 1 2
1 70 71 33.49 -118.2 284.5 93.5 52.5 250 1 2
1 70 71 33.538 -118.15 284.5 48.5 50 250 1 2
1 70 71 33.59 -118.09 253 45 50 250 1 2
1 70 71 33.633 -118.05 235 33 50 250 1 2
1 70 71 33.686 -117.98 232.5 44.5 49.5 250 1 2
1 70 71 33.725 -117.95 230 40.5 45.5 250 1 2
1 70 71 33.781 -117.89 224.5 38.5 35.5 250 1 2
1 70 71 33.823 -117.86 204.75 32 30.5 30 1 2
1 70 71 33.858 -117.8 186.5 35 30 250 1 2
1 70 71 33.802 -117.79 182.5 131 27 250 1 2
1 70 71 33.775 -117.81 165 189 20.5 250 1 2
1 70 71 33.742 -117.83 142.5 207.5 13 250 1 2
1 70 71 33.718 -117.84 139 213 8 250 1 2
1 70 71 33.685 -117.86 133 207 127.5 250 1 2
2 70 71 38.661 -121.57 176.5 0 18 390 4 153
2 70 71 38.649 -121.54 206.17 137.33 30.667 390 4 153
2 70 71 38.603 -121.46 256.5 134.83 59 390 4 153
2 70 71 38.57 -121.39 273.17 121 83.833 390 4 153
2 70 71 38.528 -121.3 296.67 121.33 113.17 390 4 172
2 70 71 38.479 -121.2 341.83 122.17 143.5 390 4 172
2 70 71 38.43 -121.08 358.17 120.33 177 390 4 172
2 70 71 38.373 -120.97 374.83 121.83 203 390 4 172
2 70 71 38.313 -120.85 390.17 120.33 229.17 390 4 172
2 70 71 38.248 -120.72 409.83 124.17 252.17 390 4 185
2 70 71 38.163 -120.61 431.17 123.33 267.17 390 4 185
2 70 71 38.064 -120.52 436.33 131.5 281.5 390 4 185
2 70 71 37.948 -120.41 439.33 142 299.17 390 4 184
2 70 71 37.855 -120.33 444.5 147.17 314.83 390 4 184
2 70 71 37.747 -120.26 445.5 149.33 331.17 390 4 184
2 70 71 37.63 -120.21 446.5 158.17 343.67 390 4 184
2 70 71 37.507 -120.16 448.17 160.5 358.67 390 4 184
2 70 71 37.39 -120.12 443 162.67 374.17 390 4 184
2 70 71 37.272 -120.08 434.83 164.5 382.83 390 4 187
2 70 71 37.151 -120.04 432.67 165.33 389 390 4 187
2 70 71 37.035 -120.01 432.17 165.17 389.67 390 4 187
2 70 71 36.919 -119.97 432.33 165.17 389.83 390 4 187
2 70 71 36.811 -119.94 432.17 165.33 389.83 390 4 187
2 70 71 36.698 -119.9 431.92 165 389.83 390 4 187
2 70 71 36.585 -119.86 431.25 165.5 389.83 390 4 187
2 70 71 36.472 -119.83 431 165.5 389.75 390 4 187
2 70 71 36.342 -119.79 430.5 165.33 389.67 390 4 187
2 70 71 36.246 -119.76 430 165.83 390 390 4 187
2 70 71 36.129 -119.72 429.33 165.67 390.5 390 4 187
2 70 71 36.016 -119.69 430 165.67 392.33 390 4 0
2 70 71 35.906 -119.68 425.83 173.5 394.67 390 1 54
2 70 71 35.803 -119.67 424.5 175.5 396.5 390 1 54
2 70 71 35.642 -119.65 426 175 396 390 1 54
2 70 71 35.527 -119.63 427.83 171.33 394.67 390 1 54
2 70 71 35.441 -119.61 434.33 168.5 393 390 1 54
2 70 71 35.308 -119.56 441.33 165.5 389.83 390 1 54
2 70 71 35.223 -119.5 447.83 160.17 387.83 390 1 54
2 70 71 35.135 -119.44 450.5 150.33 386.33 390 1 54
2 70 71 35.006 -119.35 451.17 150 378.5 390 1 54
2 70 71 34.893 -119.27 448.83 150.33 368.33 390 1 54
2 70 71 34.779 -119.2 446 149.83 348 390 1 54
2 70 71 34.668 -119.12 446 150.17 320.83 390 1 54
2 70 71 34.562 -119.05 446.83 150.17 298 390 1 54
2 70 71 34.492 -119.01 439.67 150.67 276.83 390 1 54
2 70 71 34.381 -118.94 425.83 150.83 251.5 390 1 54
2 70 71 34.27 -118.88 409.17 149 224.67 390 1 25
2 70 71 34.163 -118.83 399.17 155.5 197.83 390 1 25
2 70 71 34.041 -118.77 382.17 158.5 170 390 1 25
2 70 71 33.948 -118.74 368.67 158.83 148.5 390 1 24
2 70 71 33.861 -118.7 350.83 161.5 140.33 390 1 24
2 70 71 33.765 -118.67 343.5 162.33 137.17 390 1 24
2 70 71 33.668 -118.63 335.67 163.33 121.67 390 1 2
2 70 71 33.59 -118.59 323.5 157.5 106.33 390 1 2
2 70 71 33.538 -118.52 312.33 133 91 390 1 2
2 70 71 33.509 -118.42 301.5 112.33 74 390 1 2
2 70 71 33.511 -118.34 288 94.5 63.5 390 1 2
2 70 71 33.525 -118.25 282.5 81.5 56.667 390 1 2
2 70 71 33.556 -118.18 261.83 69.833 52.167 390 1 2
2 70 71 33.589 -118.11 254.5 54.5 50.5 390 1 2
2 70 71 33.631 -118.05 245.17 59.833 49.167 390 1 2
2 70 71 33.676 -118 227.83 46.833 48.5 390 1 2
2 70 71 33.726 -117.95 221.5 42 47.667 390 1 2
2 70 71 33.771 -117.91 218 39.167 42.167 390 1 2
2 70 71 33.801 -117.86 215 37.167 34.167 390 1 2
2 70 71 33.797 -117.82 190.5 67.5 25.5 390 1 2
2 70 71 33.768 -117.81 171 153.17 19 390 1 2
2 70 71 33.731 -117.84 146.83 192.83 11 390 1 2
2 70 71 33.7 -117.86 140.33 205.33 4.6667 390 1 2
2 70 71 33.672 -117.87 143.5 204.83 134.5 390 1 2
