0 33.028 30.526 30.582 31.617 33.199 19.213 27.868 34.865 22.062 24.645 38.896 41.962 28.426 27.835 38.846 21.654 28.723 32.01 28.951 32.485 28.313 30.375 31.123 31.31
0 0 25.748 25.617 23.849 25.605 30.287 40.867 35.84 27.68 33.074 48.039 50.423 30.315 36.394 48.44 25.564 37.339 43.22 40.619 35.222 24.882 22.284 24.409 20.463
0 0 0 25.196 25.259 27.323 30.389 38.827 35.467 27.783 33.174 46.419 49.208 25.487 26.346 46.66 25.662 27.2 41.542 39.275 35.194 25.622 26.328 39.253 40.151
0 0 0 0 20.631 30.172 31.107 33.906 26.457 30.563 33.877 33.584 33.906 21.128 29.997 27.599 27.302 24.416 36.104 33.487 26.679 20.34 22.187 29.862 21.772
0 0 0 0 0 29.902 32.093 37.57 31.817 31.44 32.474 36.45 37.662 19.679 29.268 28.231 31.156 27.911 34.682 37.105 31.531 12.127 20.727 29.769 20.431
0 0 0 0 0 0 34.091 47.126 38.47 32.827 33.491 53.339 55.068 23.724 28.595 55.282 33.76 30.292 49.688 47.542 36.816 27.689 23.042 15.165 25.132
0 0 0 0 0 0 0 26.523 28.225 31.004 19.568 26.956 26.769 29.016 31.486 31.21 20.536 29.267 25.33 26.651 23.506 28.86 30.902 31.945 31.828
0 0 0 0 0 0 0 0 28.241 48.029 33.18 19.534 23.416 32.8 47.829 28.23 29.665 30.748 23.506 20.514 33.96 30.199 36.393 47.022 45.131
0 0 0 0 0 0 0 0 0 39 24.453 26.659 26.128 33.224 37.758 30.727 35.114 27.289 20.116 26.233 14.659 32.807 36.4 38.327 28.159
0 0 0 0 0 0 0 0 0 0 25.896 53.941 56.203 26.353 26.882 56.13 20.541 30.456 50.126 48.424 37.209 28.69 28.302 29.056 29.238
0 0 0 0 0 0 0 0 0 0 0 34.028 34.72 31.919 31.003 34.7 23.386 32.076 32.397 32.425 24.46 31.68 33.675 34.336 34.583
0 0 0 0 0 0 0 0 0 0 0 0 15.86 42.097 53.788 27.268 39.621 30.66 22.629 20.097 34.707 31.531 44.54 53.29 46.541
0 0 0 0 0 0 0 0 0 0 0 0 0 44.534 54.87 26.821 42.992 30.279 18.941 21.177 34.129 31.43 47.795 54.908 46.538
0 0 0 0 0 0 0 0 0 0 0 0 0 0 18.355 42.33 24.7 20.184 36.425 33.372 30.587 20.511 20.458 22.15 20.892
0 0 0 0 0 0 0 0 0 0 0 0 0 0 0 55.258 27.681 29.534 49.822 48.138 36.141 28.069 25.569 24.978 26.574
0 0 0 0 0 0 0 0 0 0 0 0 0 0 0 0 40.331 29.836 36.206 26.306 34.845 29.311 45.676 55.181 46.247
0 0 0 0 0 0 0 0 0 0 0 0 0 0 0 0 0 28.696 33.391 31.178 32.752 24.197 26.157 26.787 27.052
0 0 0 0 0 0 0 0 0 0 0 0 0 0 0 0 0 0 34.278 31.036 21.174 27.766 28.591 29.826 29.013
0 0 0 0 0 0 0 0 0 0 0 0 0 0 0 0 0 0 0 16.222 26.612 33.875 38.791 49.354 41.53
0 0 0 0 0 0 0 0 0 0 0 0 0 0 0 0 0 0 0 0 34.427 30.648 36.18 47.038 45.993
0 0 0 0 0 0 0 0 0 0 0 0 0 0 0 0 0 0 0 0 0 25.395 32.562 36.612 24.008
0 0 0 0 0 0 0 0 0 0 0 0 0 0 0 0 0 0 0 0 0 0 19.455 27.415 21.255
0 0 0 0 0 0 0 0 0 0 0 0 0 0 0 0 0 0 0 0 0 0 0 20.605 19.059
0 0 0 0 0 0 0 0 0 0 0 0 0 0 0 0 0 0 0 0 0 0 0 0 24.413
0 0 0 0 0 0 0 0 0 0 0 0 0 0 0 0 0 0 0 0 0 0 0 0 0
