0 10.564 11.243 15.403 11.662 11.011 11.725 11.807 14.301 12.774 14.38 11.348 14.69 10.374 14.641 17.549 12.598 10.44 14.026 11.506 10.772
0 0 9.2347 11.842 7.5247 10.933 8.8065 10.413 11.991 11.633 11.936 12.168 17.7 12.725 9.8426 16.749 11.947 10.612 11.298 11.429 10.65
0 0 0 13.488 9.7228 11.564 8.4566 11.526 14.138 10.134 13.581 12.357 17.518 12.691 10.541 16.962 11.232 11.466 9.483 13.772 9.545
0 0 0 0 13.598 14.239 9.7531 13.538 12.913 13.636 13.182 11.334 20.075 13.753 13.582 16.466 13.254 14.834 13.57 12.666 12.358
0 0 0 0 0 11.662 11.082 11.631 11.93 10.824 13.693 12.468 14.316 12.281 10.648 16.768 11.435 10.957 11.665 13.138 10.982
0 0 0 0 0 0 13.032 11.091 12.798 12.167 14.629 13.672 17.106 9.006 11.146 23.529 13.427 13.388 12.165 14.882 13.047
0 0 0 0 0 0 0 13.604 12.964 14.279 11.976 9.3119 18.891 10.775 10.166 14.617 12.386 12.562 10.616 12.864 12.565
0 0 0 0 0 0 0 0 13.928 13.28 11.041 10.503 15.515 11.044 11.26 20.571 9.8646 13.153 11.29 10.464 10.341
0 0 0 0 0 0 0 0 0 12.357 12.13 12.733 11.368 12.023 14.812 16.071 15.685 13.598 12.032 14.361 12.716
0 0 0 0 0 0 0 0 0 0 10.266 13.248 17.664 10.828 12.982 15.647 13.359 11.327 11.835 14.182 12.357
0 0 0 0 0 0 0 0 0 0 0 15.713 15.001 14.382 14.229 14.361 15.205 14.701 12.056 11.321 12.433
0 0 0 0 0 0 0 0 0 0 0 0 17.71 12.507 12.392 16.141 15.274 13.488 13.963 13.056 12.217
0 0 0 0 0 0 0 0 0 0 0 0 0 16.687 19.123 18.398 20.954 13.159 17.017 17.925 17.149
0 0 0 0 0 0 0 0 0 0 0 0 0 0 10.798 24.519 12.849 12.125 11.486 12.904 10.27
0 0 0 0 0 0 0 0 0 0 0 0 0 0 0 24.682 14.292 9.7499 14.729 13.28 10.146
0 0 0 0 0 0 0 0 0 0 0 0 0 0 0 0 21.878 21.646 14.155 16.925 17.583
0 0 0 0 0 0 0 0 0 0 0 0 0 0 0 0 0 11.611 14.94 13.113 11.69
0 0 0 0 0 0 0 0 0 0 0 0 0 0 0 0 0 0 10.189 12.799 10.041
0 0 0 0 0 0 0 0 0 0 0 0 0 0 0 0 0 0 0 10.585 11.066
0 0 0 0 0 0 0 0 0 0 0 0 0 0 0 0 0 0 0 0 12.267
0 0 0 0 0 0 0 0 0 0 0 0 0 0 0 0 0 0 0 0 0
