0 18.919 7.1323 11.3 18.96 7.4918 11.509 12.073 11.254 19.163 21.58 19.485 9.4369 10.329 20.702 10.484 8.6888 14.895 9.309 13.953 10.217 9.2712 22.567 21.726 10.841 10.284 9.3088 8.6553 18.097 20.331 18.96 16.342 12.064 9.3526
0 0 22.518 22.26 13.325 18.194 23.655 23.347 23.767 12.546 12.554 14.048 24.207 21.545 12.479 22.216 20.379 15.644 17.197 19.68 20.855 19.79 9.2891 10.365 23.767 18.923 19.922 21.879 10.877 12.739 10.842 19.779 17.197 18.902
0 0 0 11.526 22.534 9.2822 11.385 9.3625 10.76 21.17 25.296 22.819 9.5738 12.111 24.375 10.28 10.6 12.947 13.143 12.143 8.7976 11.181 26.261 25.356 12.602 9.8614 8.5527 9.0476 21.615 23.673 22.534 14.049 12.987 8.3697
0 0 0 0 22.304 12.044 9.6035 9.1266 10.209 21.223 24.886 22.869 7.8054 12.978 24.02 7.4301 9.2768 16.947 12.493 16.009 9.9418 11.153 25.873 25.048 11.855 10.025 10.903 10.843 21.455 23.704 22.304 14.838 11.053 11.074
0 0 0 0 0 18.249 23.676 23.359 23.791 12.451 13.647 9.3432 24.239 21.58 10.387 22.26 20.424 18.042 17.242 19.729 20.877 19.828 11.653 11.041 23.791 18.945 19.945 21.903 12.546 11.301 8.631 19.829 17.242 18.954
0 0 0 0 0 0 9.6499 11.515 12.406 20.127 20.751 18.952 12.976 9.335 19.88 11.679 8.9472 15.155 8.9107 10.226 12.081 11.125 21.724 20.91 12.602 10.095 8.7905 7.4451 17.45 19.733 18.249 16.867 12.996 12.095
0 0 0 0 0 0 0 10.223 12.065 22.172 26.417 23.968 7.639 10.844 25.503 8.5197 9.6105 18.33 10.353 11.767 10.211 13.929 27.391 26.497 15.233 12.075 9.645 9.9078 22.765 24.87 23.676 14.192 9.4315 10.173
0 0 0 0 0 0 0 0 9.2824 21.838 26.132 23.535 8.3455 12.127 25.207 9.5834 11.13 16.947 10.032 14.585 11.684 9.2749 27.089 26.177 10.351 7.4868 10.918 12.596 22.435 24.452 23.359 14.855 10.203 10.431
0 0 0 0 0 0 0 0 0 22.327 26.52 24.112 11.139 13.062 25.609 10.51 13.189 18.537 14.184 16.12 9.8058 13.935 27.496 26.609 12.37 14.122 10.208 11.293 22.884 25.008 23.791 13.598 10.638 12.997
0 0 0 0 0 0 0 0 0 0 15.974 12.054 22.907 20.331 11.859 21.17 19.387 18.684 19.069 19.163 19.4 18.799 12.653 12.276 22.327 20.024 18.614 20.452 10.792 10.292 6.7739 18.89 18.959 18.959
0 0 0 0 0 0 0 0 0 0 0 11.525 26.923 24.239 12.336 24.846 22.991 18.444 19.828 22.26 23.614 22.463 12.888 11.462 26.52 21.686 22.68 24.631 11.865 14.701 11.505 22.349 19.828 21.538
0 0 0 0 0 0 0 0 0 0 0 0 24.651 22.043 9.3276 22.819 21.012 17.583 17.818 20.359 21.187 20.331 14.549 9.8518 24.112 19.247 20.261 22.232 11.35 13.285 10.523 20.47 17.818 19.616
0 0 0 0 0 0 0 0 0 0 0 0 0 13.105 26.026 9.5288 8.6577 17.606 14.171 16.176 10.287 13.908 27.907 27.04 14.331 9.5079 11.508 11.678 23.349 25.529 24.239 12.058 10.208 12.585
0 0 0 0 0 0 0 0 0 0 0 0 0 0 23.349 12.898 8.6999 16.266 13.257 9.5336 11.133 10.58 25.224 24.369 10.809 12.681 12.199 8.123 20.702 22.907 21.58 13.102 12.067 10.315
0 0 0 0 0 0 0 0 0 0 0 0 0 0 0 23.979 22.13 18.351 18.96 21.409 22.7 21.58 10.365 9.3582 25.609 20.771 21.766 23.721 8.9474 13.039 11.662 21.502 18.96 20.616
0 0 0 0 0 0 0 0 0 0 0 0 0 0 0 0 9.559 18.883 11.443 15.9 10.487 12.979 25.833 25.007 13.433 9.6827 11.428 11.294 21.409 23.656 22.26 13.919 11.139 11.172
0 0 0 0 0 0 0 0 0 0 0 0 0 0 0 0 0 19.335 10.602 12.382 9.4882 13.919 23.978 23.158 14.841 10.597 10.677 10.538 19.582 21.838 20.424 13.974 10.455 11.15
0 0 0 0 0 0 0 0 0 0 0 0 0 0 0 0 0 0 16.819 14.257 16.954 17.116 19.059 18.304 14.986 17.813 17.391 15.403 16.58 18.816 18.714 19.317 17.813 12.993
0 0 0 0 0 0 0 0 0 0 0 0 0 0 0 0 0 0 0 12.707 11.309 11.125 20.815 19.987 13.433 15.025 11.185 11.003 16.394 18.647 17.242 11.994 12.991 10.388
0 0 0 0 0 0 0 0 0 0 0 0 0 0 0 0 0 0 0 0 12.067 12.979 23.245 22.439 15.233 12.787 12.253 10.316 18.902 21.17 19.729 15.892 14.246 12.134
0 0 0 0 0 0 0 0 0 0 0 0 0 0 0 0 0 0 0 0 0 11.13 24.588 23.697 12.602 10.343 11.164 8.3527 19.968 22.085 20.877 12.975 12.991 12.083
0 0 0 0 0 0 0 0 0 0 0 0 0 0 0 0 0 0 0 0 0 0 23.45 22.603 14.022 12.072 12.054 9.2732 18.96 21.184 19.828 16.27 7.4476 12.104
0 0 0 0 0 0 0 0 0 0 0 0 0 0 0 0 0 0 0 0 0 0 0 10.059 27.496 22.659 23.654 25.608 11.008 15.588 10.759 23.334 20.815 22.502
0 0 0 0 0 0 0 0 0 0 0 0 0 0 0 0 0 0 0 0 0 0 0 0 26.609 21.766 22.764 24.721 9.6527 15.033 8.8317 22.532 19.987 21.643
0 0 0 0 0 0 0 0 0 0 0 0 0 0 0 0 0 0 0 0 0 0 0 0 0 13.911 13.462 10.804 22.884 25.008 23.791 15.233 11.684 14.97
0 0 0 0 0 0 0 0 0 0 0 0 0 0 0 0 0 0 0 0 0 0 0 0 0 0 10.614 10.776 18.034 20.146 18.945 12.985 9.9078 10.6
0 0 0 0 0 0 0 0 0 0 0 0 0 0 0 0 0 0 0 0 0 0 0 0 0 0 0 9.9275 19.036 21.158 19.945 16.327 12.06 13.029
0 0 0 0 0 0 0 0 0 0 0 0 0 0 0 0 0 0 0 0 0 0 0 0 0 0 0 0 20.998 23.127 21.903 15.203 12.07 13.031
0 0 0 0 0 0 0 0 0 0 0 0 0 0 0 0 0 0 0 0 0 0 0 0 0 0 0 0 0 10.599 9.4703 19.006 16.394 18.138
0 0 0 0 0 0 0 0 0 0 0 0 0 0 0 0 0 0 0 0 0 0 0 0 0 0 0 0 0 0 12.643 21.277 18.647 20.414
0 0 0 0 0 0 0 0 0 0 0 0 0 0 0 0 0 0 0 0 0 0 0 0 0 0 0 0 0 0 0 19.829 17.242 18.954
0 0 0 0 0 0 0 0 0 0 0 0 0 0 0 0 0 0 0 0 0 0 0 0 0 0 0 0 0 0 0 0 13.762 13.576
0 0 0 0 0 0 0 0 0 0 0 0 0 0 0 0 0 0 0 0 0 0 0 0 0 0 0 0 0 0 0 0 0 12.061
0 0 0 0 0 0 0 0 0 0 0 0 0 0 0 0 0 0 0 0 0 0 0 0 0 0 0 0 0 0 0 0 0 0
