0 39.885 11.745 10.267 13.389 22.05 25.948 7.05 32.453 22.835 20.117 29.502 20.1 19.822 49.45 38.743
0 0 39.367 40.611 40.156 53.23 28.505 40.11 62.759 31.977 39.454 39.988 40.063 38.871 28.097 22.835
0 0 0 14.139 11.237 24.043 25.848 14.239 32.35 23.239 19.722 29.812 20.28 19.277 48.791 38.932
0 0 0 0 11.374 22.869 27.769 12.788 32.732 24.939 21.45 31.568 21.957 20.624 49.805 39.237
0 0 0 0 0 22.698 27.985 11.085 32.502 25.145 22.685 31.777 22.172 20.813 49.679 38.884
0 0 0 0 0 0 27.968 22.005 32.23 25.684 24.834 29.179 22.892 22.179 59.84 53.994
0 0 0 0 0 0 0 24.435 36.724 18.453 15.217 15.166 21.294 14.258 39.525 27.269
0 0 0 0 0 0 0 0 32.186 21.771 22.75 28.355 18.656 19.839 49.63 38.829
0 0 0 0 0 0 0 0 0 33.386 32.271 32.35 31.96 32.102 73.768 62.972
0 0 0 0 0 0 0 0 0 0 17.89 15.801 10.327 16.127 41.695 30.577
0 0 0 0 0 0 0 0 0 0 0 13.933 22.978 15.321 49.069 38.799
0 0 0 0 0 0 0 0 0 0 0 0 20.435 12.134 48.731 38.435
0 0 0 0 0 0 0 0 0 0 0 0 0 20.442 49.58 38.785
0 0 0 0 0 0 0 0 0 0 0 0 0 0 48.419 38.59
0 0 0 0 0 0 0 0 0 0 0 0 0 0 0 20.285
0 0 0 0 0 0 0 0 0 0 0 0 0 0 0 0
