0 26.3 22.664 22.796 32.387 27.476 33.033 36.235 20.753 21.341 36.463 35.403
0 0 28.447 13.386 32.387 18.039 14.188 18.173 27.243 13.085 17.549 17.108
0 0 0 24.448 31.197 30.939 33.466 38.626 24.218 23.757 38.886 36.296
0 0 0 0 30.009 15.713 18.489 21.945 23.081 13.936 23.573 20.77
0 0 0 0 0 14.426 35.971 30.313 34.403 32.062 32.461 31.493
0 0 0 0 0 0 21.58 16.083 29.423 17.72 18.168 17.225
0 0 0 0 0 0 0 14.066 33.343 17.492 12.646 13.157
0 0 0 0 0 0 0 0 37.058 20.659 14.93 12.917
0 0 0 0 0 0 0 0 0 21.565 37.74 36.796
0 0 0 0 0 0 0 0 0 0 20.718 20.256
0 0 0 0 0 0 0 0 0 0 0 13.515
0 0 0 0 0 0 0 0 0 0 0 0
