1 66 18 37.642 -122.39 173.92 77.583 44.417 350 4 155
1 66 18 37.674 -122.35 220.5 150 33.25 350 4 155
1 66 18 37.707 -122.28 243 45 53.333 350 4 155
1 66 18 37.749 -122.21 277 55.167 79.833 350 4 155
1 66 18 37.779 -122.12 292.92 53.333 101.33 350 4 152
1 66 18 37.812 -122.01 332.5 62.75 116.75 350 4 152
1 66 18 37.853 -121.89 364.42 66.917 140.5 350 4 152
1 66 18 37.894 -121.75 381.08 67.333 164.92 350 4 152
1 66 18 37.937 -121.6 395.83 69.25 185.92 350 4 171
1 66 18 37.971 -121.49 407.08 70.667 203.92 350 4 171
1 66 18 38.017 -121.34 423.17 69.083 224.5 370 4 171
1 66 18 38.055 -121.21 433.58 69.167 240.17 370 4 185
1 66 18 38.095 -121.05 447.54 68.875 258.46 370 4 185
1 66 18 38.122 -120.92 458.08 68.542 271.21 370 4 185
1 66 18 38.156 -120.75 467.08 73.958 286.04 370 4 185
1 66 18 38.194 -120.56 474.5 75.25 301.75 370 4 185
1 66 18 38.23 -120.39 477.92 75.333 317.17 370 4 185
1 66 18 38.261 -120.23 479.17 75.333 328.5 370 4 185
1 66 18 38.296 -120.04 482.75 75.583 339.83 370 4 185
1 66 18 38.324 -119.9 486 75.75 347.25 370 4 185
1 66 18 38.357 -119.72 487.67 76.417 355 370 4 185
1 66 18 38.389 -119.56 487.33 75.833 361.75 370 4 185
1 66 18 38.419 -119.39 486.17 76 363.92 370 4 185
1 66 18 38.446 -119.23 485.75 76.583 365.33 370 4 180
1 66 18 38.477 -119.04 483.75 77.75 366.67 370 4 180
1 66 18 38.502 -118.87 483.25 78.25 366.67 370 4 180
1 66 18 38.525 -118.71 482.17 78.917 367.17 370 4 180
1 66 18 38.546 -118.56 481 79 367.83 370 4 180
1 66 18 38.571 -118.38 480.5 79.333 368.5 370 4 180
1 66 18 38.592 -118.23 481.08 79.167 369.17 370 4 180
1 66 18 38.616 -118.06 481.17 79.583 369.92 370 4 180
1 66 18 38.641 -117.87 481.83 79.542 370.08 370 4 180
1 66 18 38.661 -117.73 482 79.792 370 370 4 180
1 66 18 38.683 -117.56 482.29 79.625 370 370 4 180
1 66 18 38.708 -117.38 482.08 79.833 370 370 4 180
1 66 18 38.731 -117.22 482.75 78.75 370 370 5 204
1 66 18 38.756 -117.05 482 79 370.08 370 5 204
1 66 18 38.778 -116.9 481.17 78.75 370 370 5 204
1 66 18 38.802 -116.73 481.08 78.75 370 370 5 204
1 66 18 38.828 -116.55 481.83 78.75 370 370 5 204
1 66 18 38.85 -116.4 481.25 79.083 370 370 5 204
1 66 18 38.874 -116.24 481.33 78.917 370 370 5 204
1 66 18 38.899 -116.06 481.33 79.083 371.25 370 5 204
1 66 18 38.921 -115.9 481.5 78.917 371.25 370 5 204
1 66 18 38.946 -115.72 482.25 79.25 371.75 370 5 204
1 66 18 38.97 -115.55 482.83 79.083 371.67 370 5 204
1 66 18 38.994 -115.37 483.5 79.417 371.67 370 5 204
1 66 18 39.019 -115.21 483.92 79.167 371.67 370 5 204
1 66 18 39.04 -115.07 483.33 78.583 371.67 370 5 204
1 66 18 39.069 -114.88 482.67 78.333 371.67 370 5 204
1 66 18 39.095 -114.69 480.75 78.75 371.67 370 5 204
1 66 18 39.116 -114.55 480.83 78.917 371.67 370 5 204
1 66 18 39.142 -114.36 480.25 79 371.67 370 5 204
1 66 18 39.163 -114.2 480.67 79.5 371.67 370 5 204
1 66 18 39.188 -114.03 481.58 79.25 371.67 370 5 204
1 66 18 39.208 -113.88 481.42 79.333 371.67 370 5 204
1 66 18 39.233 -113.69 480.5 79.25 371.67 370 5 204
1 66 18 39.255 -113.53 480.25 79.583 371.67 370 5 204
1 66 18 39.273 -113.38 480.04 80.625 371.67 370 5 204
1 66 18 39.297 -113.2 479.08 79.917 371.75 370 5 209
1 66 18 39.322 -113.01 478.92 80.042 371.67 370 5 209
1 66 18 39.346 -112.83 478.58 83.292 371.67 370 5 209
1 66 18 39.365 -112.68 477.71 83.417 371.67 370 5 209
1 66 18 39.389 -112.51 477.92 79.917 371.67 370 5 209
1 66 18 39.413 -112.35 476.42 79.167 371.67 370 5 209
1 66 18 39.441 -112.18 475.83 78.417 371.67 370 5 209
1 66 18 39.466 -112.03 475.5 77.875 371.67 370 5 209
1 66 18 39.493 -111.86 476 77.375 372.17 370 5 209
1 66 18 39.524 -111.67 475.58 77.167 372.67 370 5 209
1 66 18 39.554 -111.49 475.58 77.75 373.33 370 5 209
1 66 18 39.583 -111.31 475.5 77.917 373.33 370 5 209
1 66 18 39.606 -111.15 476.42 77.667 373.33 370 5 209
1 66 18 39.626 -111.01 475.67 78.583 373.42 370 5 209
1 66 18 39.654 -110.82 475.5 78.333 374 370 5 209
1 66 18 39.681 -110.65 474.62 78.708 375 370 5 209
1 66 18 39.704 -110.49 474.54 78.333 375 370 5 209
1 66 18 39.727 -110.34 475.12 78.417 375 370 5 209
1 66 18 39.752 -110.18 475.67 78.167 375 370 5 209
1 66 18 39.773 -110.03 475.83 78.333 375 370 5 209
1 66 18 39.803 -109.83 475.83 78.667 375 370 5 209
1 66 18 39.828 -109.66 475.83 78.417 375 370 5 209
1 66 18 39.848 -109.52 475.33 78.708 375 370 5 209
1 66 18 39.873 -109.34 475.5 78.792 375 370 6 279
1 66 18 39.895 -109.19 475.21 78.958 375 370 6 279
1 66 18 39.92 -109.01 474.58 79.083 375.08 370 6 279
1 66 18 39.941 -108.85 474.04 79.167 375 370 6 279
1 66 18 39.963 -108.69 474.12 79.417 375 370 6 279
1 66 18 39.988 -108.51 474 79.417 375.08 370 6 279
1 66 18 40.012 -108.34 474.25 79.417 375 370 6 279
1 66 18 40.032 -108.19 474.17 79.833 375 370 6 279
1 66 18 40.046 -108.03 472.58 84.583 375 370 6 279
1 66 18 40.081 -107.85 472.75 79.417 375 370 6 279
1 66 18 40.106 -107.69 472.58 79.583 374.67 370 6 279
1 66 18 40.133 -107.5 473.17 78.667 373.17 370 6 279
1 66 18 40.159 -107.36 473.67 79.583 369.25 370 6 279
1 66 18 40.178 -107.18 473.75 83.333 364.67 370 6 279
1 66 18 40.209 -107.02 472.5 79.667 361 370 6 274
1 66 18 40.226 -106.85 471.75 83.167 355.92 370 6 274
1 66 18 40.26 -106.68 470.04 79.625 343.5 370 6 274
1 66 18 40.277 -106.53 472.12 82.375 329.04 370 6 274
1 66 18 40.3 -106.37 467.08 83.333 310 370 6 274
1 66 18 40.326 -106.18 459.08 83.75 287.42 370 6 274
1 66 18 40.332 -106.03 451.17 91.25 272.42 370 6 245
1 66 18 40.354 -105.88 441.67 86.5 248.17 370 6 245
1 66 18 40.353 -105.73 427.17 88.583 228.67 370 6 245
1 66 18 40.346 -105.61 410.08 93 212.58 370 6 245
1 66 18 40.328 -105.49 393 98.583 197.42 370 6 245
1 66 18 40.294 -105.33 371.04 104.83 178.46 370 6 233
1 66 18 40.257 -105.2 359.25 106.5 163.75 370 6 233
1 66 18 40.226 -105.09 342.33 111.92 149.67 370 6 233
1 66 18 40.187 -105 324.04 117.62 135.29 370 6 233
1 66 18 40.143 -104.91 303.83 122.83 125.92 370 6 233
1 66 18 40.1 -104.86 282.25 134.12 115.54 370 6 233
1 66 18 40.033 -104.81 263 149.5 105.17 370 6 233
1 66 18 39.989 -104.76 246 150.83 95.083 370 6 233
1 66 18 39.956 -104.72 228.42 134.75 85.917 370 6 233
1 66 18 39.934 -104.7 208.67 121 77.583 370 6 233
1 66 18 39.914 -104.69 183.67 113.92 66.833 370 6 233
1 66 18 39.894 -104.69 168.58 149.17 59.083 370 6 233
1 66 18 39.883 -104.7 154.17 120 53.833 370 6 233
