1 66 34 37.632 -122.4 157.4 59.4 78.8 290 4 155
1 66 34 37.651 -122.45 182.6 299.4 30.2 290 4 155
1 66 34 37.638 -122.49 231.8 259.2 48.8 290 4 155
1 66 34 37.601 -122.52 276.2 242.8 77.4 290 4 155
1 66 34 37.527 -122.48 300.2 204.2 102.6 290 4 155
1 66 34 37.46 -122.41 315.4 169.2 122.6 290 4 155
1 66 34 37.378 -122.3 364 138 146.6 290 4 176
1 66 34 37.297 -122.19 380.4 134.8 170.6 290 4 176
1 66 34 37.224 -122.09 391.2 132.2 191.6 290 4 176
1 66 34 37.148 -121.98 398.8 131.8 206.6 290 4 168
1 66 34 37.084 -121.9 409.6 131.2 224 290 4 168
1 66 34 37.006 -121.79 419.8 132.4 239.4 290 4 168
1 66 34 36.885 -121.63 436.2 132.2 262.2 290 4 168
1 66 34 36.818 -121.54 439 131.8 270.2 290 4 168
1 66 34 36.748 -121.44 444.8 132.4 288 310 4 168
1 66 34 36.66 -121.32 449.6 131.6 301.4 310 4 189
1 66 34 36.589 -121.23 448.8 131.6 311 310 4 189
1 66 34 36.506 -121.1 453.4 129.2 316.8 310 4 189
1 66 34 36.447 -120.96 460.4 118.4 317.8 310 4 189
1 66 34 36.414 -120.82 460.6 109.4 317.4 310 4 189
1 66 34 36.399 -120.66 457.4 96 317.6 310 4 189
1 66 34 36.38 -120.51 455 90.8 317.6 310 4 189
1 66 34 36.338 -120.42 449.2 114 317.8 310 4 189
1 66 34 36.237 -120.33 442.9 140.8 317.6 310 4 189
1 66 34 36.128 -120.27 439.2 152.2 317.8 310 4 189
1 66 34 36.023 -120.2 441.7 153.6 317.7 310 4 189
1 66 34 35.919 -120.14 441.8 154.4 317.6 310 4 189
1 66 34 35.801 -120.06 442.2 154.4 317.6 310 4 189
1 66 34 35.722 -120.01 444 151.8 317.8 310 1 54
1 66 34 35.626 -119.94 447.4 149.4 317.2 290 1 54
1 66 34 35.531 -119.86 450.5 146.7 315.2 290 1 54
1 66 34 35.44 -119.79 450.9 146.1 313.2 290 1 54
1 66 34 35.349 -119.71 448.65 145.4 311.4 290 1 54
1 66 34 35.245 -119.63 446.8 145.8 309.4 290 1 54
1 66 34 35.166 -119.56 447.5 145.3 306.9 290 1 54
1 66 34 35.052 -119.47 447.4 144.4 299.6 310 1 54
1 66 34 34.946 -119.38 446.8 144.8 285.6 310 1 54
1 66 34 34.845 -119.29 443 144.6 267.2 310 1 54
1 66 34 34.737 -119.2 428.8 145 247 310 1 54
1 66 34 34.639 -119.12 417.4 145.2 229.4 310 1 54
1 66 34 34.561 -119.05 407 145 207.2 310 1 25
1 66 34 34.457 -118.98 386.8 147.6 182.8 310 1 25
1 66 34 34.368 -118.92 363 151 162.8 310 1 25
1 66 34 34.278 -118.87 350.2 157.8 141.4 310 1 25
1 66 34 34.185 -118.83 341.4 156.4 125.4 310 1 15
1 66 34 34.117 -118.78 332 148.6 114.2 310 1 15
1 66 34 34.08 -118.72 320.2 143 105.6 310 1 15
1 66 34 34.043 -118.63 299.6 118.8 95 310 1 15
1 66 34 34.029 -118.54 284.4 103 84 310 1 15
1 66 34 34.021 -118.44 287.2 96.8 72.8 310 1 15
1 66 34 34.026 -118.35 273 89.4 57 310 1 15
1 66 34 34.031 -118.26 253.6 85.2 45 310 1 15
1 66 34 34.018 -118.21 220.4 98.4 39.6 310 1 15
1 66 34 33.981 -118.22 199 157.2 30.2 310 1 15
1 66 34 33.967 -118.27 179 238 22.6 310 1 15
1 66 34 33.961 -118.33 161 262 12.8 310 1 15
1 66 34 33.954 -118.37 144 256.4 6.2 310 1 15
1 66 34 33.952 -118.41 144.4 258.4 1.4 310 1 15
2 66 34 37.632 -122.4 159.54 79.615 68.231 370 4 155
2 66 34 37.654 -122.46 200.62 266 35.231 370 4 155
2 66 34 37.657 -122.53 243.28 286.22 51.969 370 4 155
2 66 34 37.597 -122.54 274.18 249.25 79.262 370 4 155
2 66 34 37.533 -122.5 290.92 200.28 101.4 370 4 155
2 66 34 37.464 -122.43 323.38 157.58 121.63 370 4 155
2 66 34 37.394 -122.34 345.2 138.77 144.57 370 4 176
2 66 34 37.328 -122.25 361.97 134.35 164.6 370 4 176
2 66 34 37.258 -122.15 375.54 132.68 185.11 370 4 176
2 66 34 37.188 -122.05 387.7 134.6 204.89 370 4 168
2 66 34 37.108 -121.94 401.42 131.98 224.33 370 4 168
2 66 34 37.025 -121.83 412.18 131.6 239.97 370 4 168
2 66 34 36.943 -121.72 422.44 131.95 255.67 370 4 168
2 66 34 36.859 -121.61 430.85 132.13 269.23 370 4 168
2 66 34 36.768 -121.48 439.01 131.88 284.17 370 4 189
2 66 34 36.687 -121.37 445.03 131.5 295.32 370 4 189
2 66 34 36.607 -121.26 448.96 130.98 305 370 4 189
2 66 34 36.524 -121.14 452.2 130.96 312.82 370 4 189
2 66 34 36.438 -121.02 453.68 130.8 320.3 370 4 189
2 66 34 36.352 -120.9 454.73 131.22 324.95 370 4 189
2 66 34 36.263 -120.78 453.45 132.13 328.28 370 4 189
2 66 34 36.178 -120.67 453.82 132.95 330.92 370 4 189
2 66 34 36.086 -120.55 453.41 133.21 332.34 370 4 189
2 66 34 35.999 -120.44 454.89 132.84 333.26 370 4 189
2 66 34 35.91 -120.32 455.11 132.99 333.66 370 4 189
2 66 34 35.821 -120.21 454.91 133.02 333.74 370 4 189
2 66 34 35.733 -120.1 454.3 134.92 333.61 370 1 54
2 66 34 35.641 -120 451.68 137.41 333.51 370 1 54
2 66 34 35.543 -119.9 451.13 140.18 332.62 370 1 54
2 66 34 35.449 -119.82 450.45 142.45 331.72 370 1 54
2 66 34 35.35 -119.73 449.95 143.25 329.94 370 1 54
2 66 34 35.243 -119.64 449.05 143.91 326.43 370 1 54
2 66 34 35.141 -119.55 448.98 144.26 317.01 370 1 54
2 66 34 35.037 -119.46 447.8 144.48 302.94 370 1 54
2 66 34 34.928 -119.37 445.51 144.32 286.32 370 1 54
2 66 34 34.832 -119.28 440.75 144.6 267.72 370 1 54
2 66 34 34.739 -119.2 431.65 144.51 248.39 370 1 54
2 66 34 34.637 -119.12 418.54 144.4 226.29 370 1 25
2 66 34 34.55 -119.05 404.85 144.77 206.62 370 1 25
2 66 34 34.455 -118.97 386.12 147.17 183.33 370 1 25
2 66 34 34.359 -118.91 367.91 149.47 161.02 370 1 25
2 66 34 34.268 -118.86 353.03 153.48 142.42 370 1 25
2 66 34 34.19 -118.81 335.39 154.91 127.41 370 1 15
2 66 34 34.118 -118.76 321.32 146.94 113.42 370 1 15
2 66 34 34.069 -118.69 309.65 136.37 102.98 370 1 15
2 66 34 34.038 -118.62 294.95 120.43 93.538 370 1 15
2 66 34 34.024 -118.52 282.65 100.92 81.969 370 1 15
2 66 34 34.022 -118.44 271.98 92.185 69.754 370 1 15
2 66 34 34.023 -118.36 262.97 88.554 58.538 370 1 15
2 66 34 34.023 -118.28 246.18 90.154 46.415 370 1 15
2 66 34 34.015 -118.23 227.49 108.02 37.969 370 1 15
2 66 34 33.995 -118.22 209.15 153.25 30.015 370 1 15
2 66 34 33.971 -118.26 196.57 212.51 23.523 370 1 15
2 66 34 33.96 -118.31 176.45 253.4 16.092 370 1 15
2 66 34 33.954 -118.36 155.35 256.6 7.8 370 1 15
2 66 34 33.951 -118.4 146.35 258.78 13.785 370 1 15
