1 66 49 37.63 -122.4 159.14 44 56.143 330 4 155
1 66 49 37.652 -122.45 198.14 214.86 32.143 330 4 155
1 66 49 37.653 -122.53 244.86 286.86 56.571 330 4 155
1 66 49 37.607 -122.52 269.57 230 73.143 330 4 155
1 66 49 37.547 -122.47 276.14 163.43 95.857 330 4 155
1 66 49 37.488 -122.39 294.71 138.71 114.71 330 4 155
1 66 49 37.435 -122.31 311.43 129 132.14 330 4 176
1 66 49 37.377 -122.22 321.43 127.14 147 330 4 176
1 66 49 37.32 -122.12 335.43 127.57 162.71 330 4 176
1 66 49 37.259 -122.02 346.43 125.14 177.14 330 4 176
1 66 49 37.197 -121.92 354.43 128.71 189 330 4 176
1 66 49 37.128 -121.81 363.57 127.57 201.14 330 4 168
1 66 49 37.053 -121.7 372.71 128 213.43 330 4 168
1 66 49 36.99 -121.6 377.71 129 225.14 330 4 168
1 66 49 36.916 -121.49 382.57 127.86 234.86 330 4 168
1 66 49 36.848 -121.37 389.43 127.43 244.57 330 4 168
1 66 49 36.776 -121.26 394.71 127.86 252.57 330 4 168
1 66 49 36.706 -121.15 400.14 128.57 259.57 330 4 168
1 66 49 36.637 -121.04 404.86 127.71 266 330 4 168
1 66 49 36.562 -120.93 410.86 128.14 271.57 330 4 168
1 66 49 36.496 -120.83 415.29 128 278.14 330 4 168
1 66 49 36.423 -120.71 419.14 128.14 284.29 330 4 189
1 66 49 36.344 -120.59 421.43 128.29 290.29 330 4 189
1 66 49 36.265 -120.47 425 128.29 296.71 330 4 189
1 66 49 36.195 -120.36 427.57 128.14 301.43 330 4 189
1 66 49 36.115 -120.24 432.57 128.14 306.43 330 4 189
1 66 49 36.034 -120.11 433.43 128.57 310.57 330 4 189
1 66 49 35.972 -120.02 433.43 128.29 313.57 330 4 189
1 66 49 35.887 -119.88 437.29 128.71 314.71 330 4 189
1 66 49 35.8 -119.75 440.29 128.57 315.71 330 1 54
1 66 49 35.71 -119.62 446.71 128.71 316.57 330 1 54
1 66 49 35.634 -119.5 447.86 128.86 317.29 330 1 54
1 66 49 35.547 -119.37 447.14 128.86 318.43 330 1 53
1 66 49 35.473 -119.26 447.14 129 318.43 330 1 53
1 66 49 35.406 -119.16 447 129 318.43 330 1 53
1 66 49 35.313 -119.02 447.29 129 318.14 330 1 53
1 66 49 35.239 -118.92 446.86 129 316.71 330 1 53
1 66 49 35.168 -118.81 447 129.29 314.57 330 1 53
1 66 49 35.08 -118.68 447.71 129.43 309.71 330 1 53
1 66 49 35.006 -118.57 451.29 129.36 302.07 310 1 53
1 66 49 34.954 -118.5 457 129.71 292.07 310 1 53
1 66 49 34.867 -118.37 459.64 138.93 265.14 310 1 53
1 66 49 34.786 -118.26 457.71 129.5 244.71 310 1 53
1 66 49 34.713 -118.15 449 129.71 233.57 330 1 22
1 66 49 34.647 -118.04 435.29 129.71 216.57 330 1 22
1 66 49 34.573 -117.9 418.57 127 193.57 330 1 22
1 66 49 34.524 -117.8 407.29 122.86 177.43 330 1 22
1 66 49 34.473 -117.69 383.29 121.29 161 330 1 22
1 66 49 34.421 -117.58 338.29 120 148.14 330 1 21
1 66 49 34.363 -117.48 308.86 119.71 134.43 330 1 21
1 66 49 34.31 -117.4 297.14 130.43 115.71 330 1 6
1 66 49 34.257 -117.35 287.57 137.43 102.86 330 1 6
1 66 49 34.193 -117.32 270.71 155.43 88.429 330 1 6
1 66 49 34.127 -117.34 253.57 177 71.714 330 1 6
1 66 49 34.085 -117.38 229.57 210.43 53.429 330 1 6
1 66 49 34.047 -117.41 218.29 213.57 40.571 330 1 6
1 66 49 34.053 -117.48 174.43 253 28.571 330 1 6
1 66 49 34.052 -117.53 153.86 259.86 19 330 1 6
1 66 49 34.055 -117.56 151.71 268.71 14.429 330 1 6
