1 66 57 37.634 -122.4 169.71 128.43 62.286 290 4 155
1 66 57 37.656 -122.47 212.71 296.86 114.43 290 4 155
1 66 57 37.65 -122.53 243.14 289.57 55.286 290 4 155
1 66 57 37.598 -122.54 266.86 208.57 76.286 290 4 155
1 66 57 37.546 -122.53 282.29 193.86 88.286 290 4 155
1 66 57 37.478 -122.46 317.43 159.14 111.57 290 4 155
1 66 57 37.422 -122.38 335.86 134.43 129.43 290 4 176
1 66 57 37.348 -122.26 363 125.57 148.71 290 4 176
1 66 57 37.281 -122.15 379.64 127.36 167.57 330 4 176
1 66 57 37.212 -122.04 393.07 126.79 184.07 330 4 176
1 66 57 37.138 -121.92 403.29 127.43 198 270 4 176
1 66 57 37.065 -121.81 412 126.29 209.86 270 4 168
1 66 57 36.979 -121.67 424.36 129.5 226.29 330 4 168
1 66 57 36.892 -121.55 430.43 129.57 239.71 270 4 168
1 66 57 36.819 -121.43 435.29 126.29 252.86 270 4 168
1 66 57 36.745 -121.31 437.29 126.86 264.29 270 4 168
1 66 57 36.666 -121.18 437.71 127.29 274.71 270 4 189
1 66 57 36.594 -121.07 440.57 127.29 278.86 270 4 189
1 66 57 36.514 -120.94 446.14 127.14 282.71 270 4 189
1 66 57 36.439 -120.82 447.71 127.71 286.14 270 4 189
1 66 57 36.36 -120.69 449 127.29 288.64 270 4 189
1 66 57 36.277 -120.56 452.86 127.71 291 270 4 189
1 66 57 36.203 -120.44 456.07 127.79 293.14 270 4 189
1 66 57 36.114 -120.3 456.29 127.29 295.43 270 4 189
1 66 57 36.027 -120.17 455.5 127.64 297.86 270 4 168
1 66 57 35.945 -120.04 452.29 128.14 301 270 4 168
1 66 57 35.878 -119.94 450.43 128 302.29 270 4 54
1 66 57 35.802 -119.82 451.79 128.36 302.93 270 1 54
1 66 57 35.731 -119.71 453.29 128.14 304.5 270 1 53
1 66 57 35.641 -119.57 452.71 128.14 306.64 270 1 53
1 66 57 35.556 -119.45 453.14 128.29 306.14 270 1 53
1 66 57 35.474 -119.32 454.43 128.71 304.86 270 1 53
1 66 57 35.404 -119.21 453.57 128.29 303.43 270 1 53
1 66 57 35.322 -119.09 453.57 128.57 302 270 1 53
1 66 57 35.239 -118.96 454 128.43 301.29 270 1 53
1 66 57 35.171 -118.86 455.29 128.71 301.14 270 1 53
1 66 57 35.079 -118.72 455.43 128.64 296.07 270 1 53
1 66 57 35.026 -118.65 456.21 128.71 286.5 270 1 53
1 66 57 34.944 -118.53 456 128.86 274.93 270 1 53
1 66 57 34.842 -118.38 456.57 128.71 261.29 270 1 53
1 66 57 34.794 -118.3 445.43 129 254.57 270 1 53
1 66 57 34.705 -118.16 440.86 128.86 237.29 270 1 22
1 66 57 34.636 -118.05 436.57 127.86 225.14 270 1 22
1 66 57 34.583 -117.94 428.71 125.57 210.14 270 1 22
1 66 57 34.522 -117.81 415.29 122.29 201.71 270 1 22
1 66 57 34.468 -117.7 401.43 121 186.79 270 1 22
1 66 57 34.409 -117.56 390.79 118.71 176.29 270 1 21
1 66 57 34.347 -117.43 390.29 118.29 171.14 270 1 21
1 66 57 34.288 -117.3 384 118.57 164.71 270 1 21
1 66 57 34.233 -117.19 377.29 118.86 156.57 140 1 19
1 66 57 34.178 -117.08 365 119 150.57 140 1 19
1 66 57 34.132 -117 348 121.14 143.14 140 1 19
1 66 57 34.075 -116.88 322.57 120.14 138.14 140 1 19
1 66 57 34.03 -116.78 282.43 119 131 140 1 20
1 66 57 33.997 -116.71 241 119.57 121.57 140 1 4
1 66 57 33.975 -116.65 221.71 113.71 105.43 140 1 4
1 66 57 33.944 -116.59 218.57 116.71 83 140 1 4
1 66 57 33.907 -116.52 203.71 117.14 58.286 140 1 4
1 66 57 33.873 -116.49 195.43 129.71 43.857 140 1 4
1 66 57 33.85 -116.48 182.43 132.29 32.714 140 1 4
1 66 57 33.831 -116.48 169.57 153.14 21.286 140 1 4
1 66 57 33.826 -116.5 155.86 188 10.571 140 1 4
