1 66 53 37.633 -122.38 165 0 253.33 320 4 188
1 66 53 37.668 -122.36 217 217.67 28.333 320 4 155
1 66 53 37.742 -122.29 278.33 20.333 62.333 320 4 155
1 66 53 37.822 -122.29 290 18 83.333 320 4 155
1 66 53 37.902 -122.27 304.67 20.333 112 320 4 155
1 66 53 38.001 -122.28 334 237.33 128.67 320 4 155
1 66 53 38.073 -122.28 356.33 122.67 151.33 320 4 164
1 66 53 38.175 -122.29 367.33 118.67 174 320 4 164
1 66 53 38.278 -122.29 370 237.33 183.67 320 4 164
1 66 53 38.433 -122.29 383.33 238.33 217.33 320 4 164
1 66 53 38.494 -122.3 394.5 238.5 230.33 197 4 164
1 66 53 38.655 -122.3 402 238.33 250 320 4 186
1 66 53 38.769 -122.32 410.33 237 264 320 4 186
1 66 53 38.888 -122.32 415.33 235 272.67 320 4 186
1 66 53 38.966 -122.34 424.33 235 285.33 320 4 186
1 66 53 39.075 -122.35 428.33 235.33 296 320 4 186
1 66 53 39.188 -122.35 435.33 235.33 309.33 320 4 186
1 66 53 39.302 -122.36 439.67 236.17 319.67 320 4 186
1 66 53 39.451 -122.37 442 236 327.33 320 4 186
1 66 53 39.61 -122.39 444 236 338 320 4 186
1 66 53 39.741 -122.4 444.67 235.67 344 320 4 186
1 66 53 39.865 -122.4 446 235.33 349 320 4 186
1 66 53 39.954 -122.41 442 236 354.67 320 4 186
1 66 53 40.066 -122.43 440.67 235.67 355.33 320 4 186
1 66 53 40.19 -122.45 442 353 357.33 320 4 186
1 66 53 40.33 -122.47 442.67 351.33 359 320 4 186
1 66 53 40.465 -122.51 439 349.33 360 320 4 186
1 66 53 40.569 -122.54 441 348 360 320 4 186
1 66 53 40.716 -122.58 447.33 347.67 360 320 4 186
1 66 53 40.815 -122.6 452.33 347.33 360 320 4 186
1 66 53 40.928 -122.64 448.33 347.33 360 320 4 186
1 66 53 41.057 -122.69 454 344.33 360 320 4 182
1 66 53 41.121 -122.72 456 342.33 360 320 4 182
1 66 53 41.272 -122.78 454.67 340.67 360 320 4 182
1 66 53 41.363 -122.82 454 341.33 360 320 3 140
1 66 53 41.513 -122.87 453 225.17 360 320 3 140
1 66 53 41.627 -122.89 458.17 345.83 360 320 3 140
1 66 53 41.7 -122.9 457.67 291.17 360 320 3 140
1 66 53 41.874 -122.91 456 237.67 360 320 3 140
1 66 53 41.951 -122.9 460 121.33 360 320 3 140
1 66 53 42.078 -122.89 456 2.3333 360 320 3 140
1 66 53 42.207 -122.88 459.33 2.3333 360 320 3 140
1 66 53 42.293 -122.88 460 2.3333 360.33 320 3 140
1 66 53 42.413 -122.87 460 3 360 320 3 140
1 66 53 42.54 -122.86 457.33 2.3333 359.67 320 3 140
1 66 53 42.672 -122.85 459.67 2.3333 360 320 3 140
1 66 53 42.807 -122.84 463 2.3333 360 320 3 140
1 66 53 42.981 -122.83 462.33 2.3333 360 320 3 140
1 66 53 43.094 -122.82 460.17 2.3333 359.17 320 3 140
1 66 53 43.235 -122.81 459.33 2.6667 358.33 320 3 140
1 66 53 43.363 -122.8 460 2.3333 355.33 320 3 140
1 66 53 43.491 -122.8 461.67 2.3333 348.67 320 3 140
1 66 53 43.618 -122.78 461.33 2.3333 339.33 320 3 136
1 66 53 43.746 -122.78 462 2.3333 327.67 320 3 136
1 66 53 43.872 -122.77 458.33 2 312.33 320 3 136
1 66 53 44.005 -122.76 456.67 2.6667 294.33 320 3 136
1 66 53 44.137 -122.75 448.33 2.3333 272.33 320 3 136
1 66 53 44.257 -122.74 441 2.3333 251.33 320 3 136
1 66 53 44.379 -122.73 426.33 2.6667 227.67 320 3 136
1 66 53 44.498 -122.72 414 3.3333 203.67 320 3 130
1 66 53 44.604 -122.71 400.33 3.3333 183.33 320 3 130
1 66 53 44.744 -122.7 373.67 3 155.67 320 3 130
1 66 53 44.828 -122.69 369.67 3.6667 140 320 3 130
1 66 53 44.92 -122.67 354.67 4.3333 125.67 320 3 130
1 66 53 45.01 -122.67 340 3.6667 112.33 320 3 130
1 66 53 45.106 -122.66 319 3.6667 97 320 3 112
1 66 53 45.192 -122.64 303 7.6667 82.333 320 3 112
1 66 53 45.255 -122.6 296 21.667 69.333 320 3 112
1 66 53 45.321 -122.54 279.67 34 55.333 320 3 112
1 66 53 45.38 -122.47 270.67 40.667 45 320 3 112
1 66 53 45.436 -122.42 255 30.333 36.333 320 3 112
1 66 53 45.488 -122.41 229 132 30 320 3 112
1 66 53 45.528 -122.44 189.33 327.33 25 320 3 112
1 66 53 45.553 -122.5 153.33 308 13.333 320 3 112
1 66 53 45.571 -122.54 146.33 299 5 320 3 112
1 66 53 45.589 -122.59 141.33 299.33 240.33 320 3 135
2 66 53 37.631 -122.38 162.41 97.955 87.591 360 4 155
2 66 53 37.666 -122.37 205.5 248.41 25.091 360 4 155
2 66 53 37.716 -122.34 243.64 95.227 47.182 360 4 155
2 66 53 37.784 -122.33 271.95 55.5 69.364 360 4 155
2 66 53 37.865 -122.32 292.41 99.864 96.364 360 4 155
2 66 53 37.957 -122.32 322.32 121.27 115.41 360 4 155
2 66 53 38.045 -122.32 350.14 210.18 132.05 360 4 155
2 66 53 38.149 -122.32 370.59 245.18 159.05 360 4 164
2 66 53 38.263 -122.33 382.14 260.59 182.55 360 4 164
2 66 53 38.375 -122.33 393.82 259 204.86 360 4 164
2 66 53 38.491 -122.34 404.5 259.73 225.32 360 4 164
2 66 53 38.614 -122.34 413.36 292.36 244.41 360 4 186
2 66 53 38.739 -122.34 424.41 262.59 260.82 360 4 186
2 66 53 38.856 -122.35 433.59 293.64 275.36 360 4 186
2 66 53 38.982 -122.36 440.3 308.45 291.02 360 4 186
2 66 53 39.121 -122.37 444.64 324.18 306.14 360 4 186
2 66 53 39.24 -122.38 445.89 340.25 318.3 360 4 186
2 66 53 39.373 -122.38 446.43 356.36 330.14 360 4 186
2 66 53 39.499 -122.39 446.07 356.36 339.89 360 4 186
2 66 53 39.625 -122.4 445.16 338.91 347.66 360 4 186
2 66 53 39.75 -122.41 444.57 339.98 352.3 360 4 186
2 66 53 39.867 -122.42 444.32 324.5 355.05 360 4 186
2 66 53 39.994 -122.43 443.84 339.89 357.3 360 4 186
2 66 53 40.122 -122.44 446.32 355.77 358.14 360 4 186
2 66 53 40.24 -122.44 448.02 356.59 358.23 360 4 186
2 66 53 40.381 -122.45 446.27 356.59 359.18 360 4 186
2 66 53 40.514 -122.46 444.23 340.09 359.59 360 4 186
2 66 53 40.634 -122.47 443 356.23 359.82 360 4 186
2 66 53 40.759 -122.48 442.55 340.05 360 360 4 186
2 66 53 40.883 -122.49 441.95 356.39 360 360 4 186
2 66 53 41.015 -122.5 442.41 339.82 360 360 4 186
2 66 53 41.145 -122.51 442.91 355.95 360 360 4 186
2 66 53 41.253 -122.52 443.23 356.02 360 360 4 186
2 66 53 41.386 -122.53 443.23 356.36 360 360 3 140
2 66 53 41.509 -122.54 444.23 340.14 360 360 3 140
2 66 53 41.633 -122.55 444.59 356.45 360 360 3 140
2 66 53 41.762 -122.56 444.95 356.2 360 360 3 140
2 66 53 41.899 -122.57 445.2 356.16 360.05 360 3 140
2 66 53 42.019 -122.58 445.05 356.16 359.95 360 3 140
2 66 53 42.151 -122.59 445.95 356.02 359.95 360 3 140
2 66 53 42.265 -122.6 445.48 356.09 360 360 3 140
2 66 53 42.389 -122.61 446.27 356.27 359.95 360 3 140
2 66 53 42.498 -122.61 446.39 356.39 359.95 360 3 140
2 66 53 42.628 -122.62 446.86 356.48 360 360 3 140
2 66 53 42.762 -122.64 446.91 356.32 360 360 3 140
2 66 53 42.892 -122.65 447.14 356.14 360 360 3 140
2 66 53 43.022 -122.66 447.05 356.05 360 360 3 140
2 66 53 43.145 -122.67 447.61 356.11 359.68 360 3 140
2 66 53 43.284 -122.68 447.57 356.09 358.45 360 3 140
2 66 53 43.391 -122.69 447.93 356 356.55 360 3 140
2 66 53 43.523 -122.7 448.66 356.14 348.77 360 3 136
2 66 53 43.656 -122.71 449.05 340 340.23 360 3 136
2 66 53 43.775 -122.72 448.95 340.68 329.32 360 3 136
2 66 53 43.898 -122.73 445.14 340.14 313.32 360 3 136
2 66 53 44.019 -122.73 443.14 324.09 291.59 360 3 136
2 66 53 44.152 -122.73 440.5 275.45 267.82 360 3 136
2 66 53 44.264 -122.73 432.68 243.68 247.95 360 3 136
2 66 53 44.373 -122.73 422.82 195.86 227.23 360 3 130
2 66 53 44.508 -122.72 405.09 83.045 202.82 360 3 130
2 66 53 44.61 -122.71 394.64 35.318 185.27 360 3 130
2 66 53 44.725 -122.69 375.05 3.1818 164.36 360 3 130
2 66 53 44.827 -122.68 359.09 3.1818 146.59 360 3 130
2 66 53 44.919 -122.67 349.98 3.8864 130.2 360 3 130
2 66 53 45.019 -122.66 333.27 20.273 114 360 3 130
2 66 53 45.099 -122.65 318.64 37.5 101.59 360 3 112
2 66 53 45.196 -122.64 298.45 38.5 85.864 360 3 112
2 66 53 45.271 -122.62 288.73 72.045 72 360 3 112
2 66 53 45.335 -122.6 276.55 78.364 60.318 360 3 112
2 66 53 45.389 -122.55 262.09 89.591 50.864 360 3 112
2 66 53 45.445 -122.52 237.18 110.64 39.909 360 3 112
2 66 53 45.486 -122.49 218.91 92.818 31.545 360 3 112
2 66 53 45.529 -122.48 196.55 112.59 24.136 360 3 112
2 66 53 45.558 -122.51 169.09 249.09 17.409 360 3 112
2 66 53 45.571 -122.54 150.09 269.64 25.182 360 3 112
2 66 53 45.582 -122.57 138.82 265.95 85.591 360 3 112
2 66 53 45.594 -122.6 138.18 266.09 343.68 360 3 135
