1 66 67 37.626 -122.39 154.5 0 6.5 50 4 155
1 66 67 37.659 -122.47 232.5 296 42.5 50 4 155
1 66 67 37.675 -122.53 253.5 295.5 50 50 4 155
1 66 67 37.617 -122.56 256 224 50 50 4 155
1 66 67 37.558 -122.5 257 150.5 50 50 4 155
1 66 67 37.49 -122.41 263 130 50 50 4 155
1 66 67 37.464 -122.38 273 134 50 50 4 155
1 66 67 37.423 -122.32 273.25 133 50 50 4 155
1 66 67 37.385 -122.27 273.25 130 49.5 50 4 156
1 66 67 37.354 -122.21 239.75 124.25 50 50 4 156
1 66 67 37.306 -122.13 222.5 123 49.5 50 4 154
1 66 67 37.258 -122.03 220 123.5 50 50 4 154
1 66 67 37.238 -121.99 219 124 50 50 4 154
1 66 67 37.22 -121.91 216 121.5 45.5 50 4 154
1 66 67 37.209 -121.87 228 89.5 43.5 50 4 154
1 66 67 37.235 -121.82 209 55 31 50 4 154
1 66 67 37.274 -121.84 186.5 156 22 50 4 154
1 66 67 37.308 -121.88 147.5 322.5 13 50 4 154
1 66 67 37.338 -121.91 148 328 5.5 50 4 154
