1 66 71 37.627 -122.39 151 0 350 350 4 188
1 66 71 37.633 -122.42 185 300 21 350 4 155
1 66 71 37.667 -122.48 254 302 44 350 4 155
1 66 71 37.669 -122.53 248 302 56 350 4 155
1 66 71 37.603 -122.59 286 281 87 350 4 155
1 66 71 37.528 -122.62 284 232 117 350 4 155
1 66 71 37.456 -122.67 302 203 142 350 4 155
1 66 71 37.364 -122.72 326 195 166 350 4 176
1 66 71 37.157 -122.64 362 170 201 350 4 188
1 66 71 37.158 -122.64 369 166 202 350 4 188
1 66 71 37.048 -122.6 401 165 220 350 4 188
1 66 71 36.938 -122.56 408 166 238 350 4 188
1 66 71 36.823 -122.54 415 168 253 350 4 188
1 66 71 36.706 -122.51 423 168 267 350 4 188
1 66 71 36.588 -122.47 432 168 280 350 4 188
1 66 71 36.443 -122.44 441 167 301 350 4 188
1 66 71 36.351 -122.34 446 135 315 350 4 188
1 66 71 36.271 -122.21 453 132 330 350 4 188
1 66 71 36.188 -122.1 454 128 344 350 4 188
1 66 71 36.108 -121.98 454 130 350 350 4 188
1 66 71 36.003 -121.83 471 130 350 350 4 188
1 66 71 35.919 -121.71 472 130 350 350 4 188
1 66 71 35.834 -121.59 466 131 350 350 4 188
1 66 71 35.751 -121.47 464 130 350 350 4 188
1 66 71 35.667 -121.35 463 131 350 350 4 188
1 66 71 35.578 -121.22 463 131 350 350 4 188
1 66 71 35.493 -121.11 462 131 350 350 4 188
1 66 71 35.39 -121.02 453 144 350 350 1 55
1 66 71 35.262 -120.92 452 147 350 350 1 55
1 66 71 35.157 -120.84 452 147 350 350 1 55
1 66 71 35.05 -120.75 452 147 350 350 1 55
1 66 71 34.944 -120.67 452 147 350 350 1 55
1 66 71 34.826 -120.58 454 147 350 350 1 55
1 66 71 34.748 -120.52 457 147 350 350 1 55
1 66 71 34.633 -120.43 462 147 350 350 1 55
1 66 71 34.523 -120.34 465 146 350 350 1 55
1 66 71 34.371 -120.23 461 148 350 350 1 55
1 66 71 34.333 -120.09 461 107 350 350 1 55
1 66 71 34.259 -120.14 466 127 350 350 1 55
1 66 71 34.186 -120.01 472 145 326 350 1 55
1 66 71 34.121 -119.88 461 134 300 350 1 55
1 66 71 34.056 -119.75 444 115 274 350 1 55
1 66 71 33.991 -119.62 446 121 248 350 1 55
1 66 71 33.924 -119.49 456 113 223 350 1 24
1 66 71 33.847 -119.33 454 121 194 350 1 24
1 66 71 33.786 -119.21 425 112 170 350 1 24
1 66 71 33.727 -119.1 407 121 147 350 1 24
1 66 71 33.67 -118.99 393 109 122 350 1 24
1 66 71 33.615 -118.88 376 121 110 350 1 24
1 66 71 33.552 -118.76 368 120 110 350 1 2
1 66 71 33.5 -118.6 299 122 97 350 1 2
1 66 71 33.5 -118.57 304 103 93 350 1 2
1 66 71 33.502 -118.47 293 89 73 350 1 2
1 66 71 33.508 -118.36 288 89 51 350 1 2
1 66 71 33.517 -118.33 270 72 50 350 1 2
1 66 71 33.567 -118.2 221 66 50 350 1 2
1 66 71 33.583 -118.15 228 60 50 350 1 2
1 66 71 33.617 -118.07 223 78 50 350 1 2
1 66 71 33.667 -118.02 221 64 50 350 1 2
1 66 71 33.709 -117.98 225 29 50 350 1 2
1 66 71 33.755 -117.93 225 51 50 350 1 2
1 66 71 33.812 -117.9 225 43 45 350 1 2
1 66 71 33.867 -117.87 176 20 40 350 1 2
1 66 71 33.883 -117.82 193 28 40 350 1 2
1 66 71 33.864 -117.76 191 11 35 350 1 2
1 66 71 33.817 -117.78 167 194 30 350 1 2
1 66 71 33.783 -117.8 141 199 24 350 1 2
1 66 71 33.75 -117.82 131 202 15 350 1 2
1 66 71 33.717 -117.85 127 210 8 350 1 2
1 66 71 33.719 -117.84 133 219 9 350 1 2
1 66 71 33.681 -117.86 132 204 1 350 1 2
2 66 71 37.63 -122.4 155.47 106.65 115.88 390 4 155
2 66 71 37.655 -122.46 197.88 273.24 35.529 390 4 155
2 66 71 37.652 -122.52 240.47 284.65 60.118 390 4 155
2 66 71 37.6 -122.55 261.65 258.12 84 390 4 155
2 66 71 37.526 -122.56 285.82 218.24 107.82 390 4 155
2 66 71 37.436 -122.57 318.88 189.12 135.82 390 4 176
2 66 71 37.332 -122.57 349.88 182.88 163.53 390 4 176
2 66 71 37.219 -122.57 367 180.29 190.71 390 4 176
2 66 71 37.121 -122.56 379.76 174.12 211.53 390 4 188
2 66 71 37.015 -122.51 405.41 163.53 234.41 390 4 188
2 66 71 36.913 -122.43 416.29 148.53 254.47 390 4 188
2 66 71 36.816 -122.35 429.65 147.12 274.41 390 4 188
2 66 71 36.727 -122.26 438.71 144.12 289.18 390 4 188
2 66 71 36.628 -122.17 448.79 141.94 305.09 390 4 188
2 66 71 36.532 -122.08 454.26 142.38 320.65 390 4 188
2 66 71 36.432 -121.98 455.35 142.12 335.76 390 4 188
2 66 71 36.334 -121.89 456 141.16 347.4 390 4 188
2 66 71 36.235 -121.79 456.12 142.71 357.53 390 4 188
2 66 71 36.147 -121.71 455.47 141.85 361.68 390 4 188
2 66 71 36.034 -121.6 455.18 142.06 366.47 390 4 188
2 66 71 35.94 -121.52 453.76 142.29 369.24 390 4 188
2 66 71 35.84 -121.42 453.82 141.47 371.21 390 4 188
2 66 71 35.744 -121.33 452.29 142.12 372.85 390 4 188
2 66 71 35.662 -121.26 452.69 142.21 372.96 390 4 188
2 66 71 35.554 -121.16 453.82 142.72 373.15 390 4 188
2 66 71 35.464 -121.08 453.24 143.85 373.24 390 1 55
2 66 71 35.357 -120.99 452 145.94 373.35 390 1 55
2 66 71 35.256 -120.91 451.53 145.82 373.41 390 1 55
2 66 71 35.143 -120.83 451.53 146.82 373.29 390 1 55
2 66 71 35.05 -120.75 451.35 146.32 373.18 390 1 55
2 66 71 34.95 -120.67 452 145.68 373.29 390 1 55
2 66 71 34.84 -120.58 452 145.12 373.24 390 1 55
2 66 71 34.745 -120.5 454.18 144.88 372.71 390 1 55
2 66 71 34.64 -120.4 454.71 144.18 371.12 390 1 55
2 66 71 34.535 -120.32 453.47 144.44 368.79 390 1 55
2 66 71 34.43 -120.23 451.82 144.24 366.18 390 1 55
2 66 71 34.327 -120.13 452.88 141.18 358.24 390 1 55
2 66 71 34.238 -120.03 456 141.53 338.47 390 1 55
2 66 71 34.168 -119.91 458.47 134.82 320.24 390 1 55
2 66 71 34.09 -119.78 459 130.41 295.12 390 1 55
2 66 71 34.035 -119.68 456.94 126.12 271.82 390 1 55
2 66 71 33.975 -119.56 447.41 123.12 247.88 390 1 55
2 66 71 33.903 -119.42 428.59 121.85 220.18 390 1 24
2 66 71 33.85 -119.32 413.53 121.18 197.88 390 1 24
2 66 71 33.784 -119.19 393.88 121.35 172.82 390 1 24
2 66 71 33.722 -119.08 381.94 120.65 152.71 390 1 24
2 66 71 33.663 -118.98 370.06 121.76 132.71 390 1 24
2 66 71 33.615 -118.87 356.53 119.59 117.06 390 1 24
2 66 71 33.578 -118.76 339.82 114.35 103.71 390 1 24
2 66 71 33.557 -118.65 316.71 105.12 93.706 390 1 2
2 66 71 33.551 -118.56 301.21 98.676 81.735 390 1 2
2 66 71 33.55 -118.47 283.88 88.912 70.765 390 1 2
2 66 71 33.559 -118.37 277.82 82.294 61.588 390 1 2
2 66 71 33.573 -118.28 270.88 81.559 56.412 390 1 2
2 66 71 33.595 -118.2 264.59 71.853 51.882 390 1 2
2 66 71 33.627 -118.11 254.5 68.471 50.353 390 1 2
2 66 71 33.664 -118.04 238.71 60.588 49.647 390 1 2
2 66 71 33.708 -117.99 232.94 50.412 46.176 390 1 2
2 66 71 33.748 -117.94 226.94 44.176 39.471 390 1 2
2 66 71 33.79 -117.88 218.59 42.765 32.941 390 1 2
2 66 71 33.787 -117.84 195.29 69.471 26.824 390 1 2
2 66 71 33.762 -117.83 173.29 131.53 19.706 390 1 2
2 66 71 33.73 -117.84 141.65 174.35 10.941 390 1 2
2 66 71 33.702 -117.85 141.71 197.24 5.1765 390 1 2
2 66 71 33.673 -117.87 140.24 205.82 161.12 390 1 2
