1 49 10 34.05 -117.62 146 0 21.5 80 1 6
1 49 10 34.11 -117.96 204 285 79.5 80 1 6
1 49 10 34.071 -117.75 180 269 55.5 80 1 6
1 49 10 34.142 -118.07 232.5 286 62 80 1 8
1 49 10 34.195 -118.35 184 296 9.5 80 1 8
2 49 18 34.056 -117.64 168 0 22 390 1 6
2 49 18 34.25 -117.85 290 55 117 390 1 6
2 49 18 34.611 -117.73 418 29 237 390 1 22
2 49 18 34.844 -116.97 478 69 329 390 1 43
2 49 18 35.299 -116.31 473 50 391 390 1 43
2 49 18 35.727 -115.68 462 49 391 390 1 47
2 49 18 36.14 -115.08 460 50 391 390 1 47
2 49 18 36.603 -114.49 460 46 391 390 1 49
2 49 18 36.872 -113.96 464 63 391 390 1 49
2 49 18 37.25 -113.14 475 60 391 390 1 49
2 49 18 37.475 -112.31 473 73 391 390 1 49
2 49 18 37.641 -111.58 473 73 391 390 5 203
2 49 18 37.749 -111.09 478 74 391 390 5 203
2 49 18 37.929 -110.26 474 75 384 370 6 269
2 49 18 38.082 -109.5 477 75 371 370 6 269
2 49 18 38.29 -108.67 470 65 371 370 6 254
2 49 18 38.508 -108.05 458 64 370 370 6 253
2 49 18 38.777 -107.28 467 65 342 270 6 268
2 49 18 39.032 -106.52 467 66 291 270 6 268
2 49 18 39.35 -105.77 433 63 234 270 6 240
2 49 18 39.567 -105.17 344 56 171 270 6 233
2 49 18 39.847 -104.84 258 0 118 270 6 233
2 49 18 40.109 -104.75 243 89 90 270 6 233
2 49 18 39.872 -104.7 150 180 54 270 6 233
3 49 18 34.033 -117.55 189 0 38 330 1 6
3 49 18 34.182 -117.87 342 297 143 330 1 21
3 49 18 34.566 -117.34 467 48 237 330 1 21
3 49 18 34.994 -116.7 471 50 327 330 1 43
3 49 18 35.415 -116.05 490 51 330 330 1 43
3 49 18 35.832 -115.4 486 52 330 330 1 47
3 49 18 36.238 -114.7 500 60 330 330 1 47
3 49 18 36.543 -113.97 491 62 330 330 1 48
3 49 18 36.862 -113.19 495 62 330 330 1 48
3 49 18 37.174 -112.41 500 63 330 330 1 48
3 49 18 37.477 -111.63 500 64 330 330 6 270
3 49 18 37.762 -110.88 498 64 330 330 6 270
3 49 18 38.055 -110.09 500 64 330 330 6 270
3 49 18 38.348 -109.27 503 65 330 330 6 278
3 49 18 38.629 -108.47 485 65 330 330 6 278
3 49 18 38.892 -107.7 481 66 330 330 6 278
3 49 18 39.153 -106.91 480 66 329 330 6 278
3 49 18 39.421 -106.09 475 67 244 330 6 240
3 49 18 39.667 -105.32 427 67 165 330 6 233
3 49 18 39.896 -104.8 299 45 81 330 6 233
3 49 18 39.877 -104.66 151 180 57 330 6 233
4 49 18 34.053 -117.63 173.33 85.667 19 330 1 6
4 49 18 34.229 -117.91 270 234.67 114.33 330 1 6
4 49 18 34.503 -117.57 381.33 61.5 196.83 179 1 22
4 49 18 34.799 -116.95 414.33 60 255.67 330 1 22
4 49 18 35.126 -116.4 437.33 54.333 291 330 1 43
4 49 18 35.542 -115.8 450.67 50 311.67 330 1 43
4 49 18 35.896 -115.15 449.33 57.333 326.67 330 1 47
4 49 18 36.171 -114.5 449.67 61 337.33 330 1 47
4 49 18 36.424 -113.81 456 64.667 343.33 330 1 48
4 49 18 36.706 -113.02 460 65.333 343.33 330 1 48
4 49 18 36.952 -112.29 459.33 67.667 343.33 330 1 48
4 49 18 37.185 -111.57 463.67 67.333 343.33 330 1 48
4 49 18 37.387 -110.96 465.33 66 343.33 330 6 270
4 49 18 37.629 -110.23 463.67 65.667 343.33 330 6 270
4 49 18 37.869 -109.51 461.33 65.583 343.33 330 6 270
4 49 18 38.088 -108.85 457.33 64.667 343.33 330 6 260
4 49 18 38.354 -108.1 456 63 332 330 6 260
4 49 18 38.615 -107.41 426 63.333 296.33 270 6 268
4 49 18 38.889 -106.76 407 61.333 281.67 270 6 268
4 49 18 39.165 -106.1 411 61.333 259.33 270 6 268
4 49 18 39.389 -105.5 357 59.667 199.67 270 6 240
4 49 18 39.441 -104.99 316.67 79 142.33 270 6 233
4 49 18 39.722 -104.72 247 126.33 100 270 6 233
4 49 18 39.863 -104.67 156.67 55 54.333 270 6 233
5 49 33 34.055 -117.63 164.4 54 74.8 290 1 6
5 49 33 34.247 -117.89 326.8 319.4 139.4 290 1 21
5 49 33 34.545 -117.41 407.8 60.6 252 290 1 43
5 49 33 34.842 -116.84 437.4 57 290 290 1 43
5 49 33 35.212 -116.26 410.6 47.2 239.8 130 1 43
5 49 33 34.903 -116.72 438.1 56.7 287.1 290 1 43
5 49 33 35.246 -116.22 406 47.4 235.8 130 1 43
5 49 33 35.64 -115.73 356 45 136.4 130 1 31
5 49 33 36.002 -115.44 308.8 36.4 116.2 130 1 3
5 49 33 36.017 -114.99 233 93.4 63.8 130 1 3
5 49 33 36.073 -115.13 142.8 270.2 21.6 130 1 3
6 49 33 34.053 -117.64 173.4 51.4 77.4 290 1 6
6 49 33 34.282 -117.95 345.2 307.6 141.8 290 1 21
6 49 33 34.552 -117.38 420.9 63.6 233.4 290 1 21
6 49 33 34.904 -116.71 459 57.2 257.2 290 1 43
6 49 33 35.246 -116.22 447 48 232 130 1 43
6 49 33 35.626 -115.72 345.4 50.2 138.2 130 1 31
6 49 33 35.898 -115.36 261.2 42.6 78 130 1 3
6 49 33 36.073 -115.18 157.8 89.6 25.4 130 1 3
7 49 46 34.057 -117.64 156 257 24 400 1 6
7 49 46 34.258 -118.04 363 306 139 400 1 21
7 49 46 34.627 -118.6 422 308 272 320 1 53
7 49 46 35.059 -119.1 415 321 320 320 1 53
7 49 46 35.511 -119.44 421 318 320 320 1 53
7 49 46 35.952 -119.92 429 317 320 320 4 189
7 49 46 36.297 -120.12 432 337 307 280 4 189
7 49 46 36.649 -120.65 396 303 246 200 4 168
7 49 46 37.037 -121.15 372 317 165 200 4 174
7 49 46 37.378 -121.54 300 317 86 200 4 152
7 49 46 37.559 -121.88 274 302 54 200 4 156
7 49 46 37.683 -122.19 164 299 6 200 4 152
8 49 46 34.054 -117.62 161.58 94.417 47.083 360 1 6
8 49 46 34.229 -118 340.58 306 137.08 360 1 21
8 49 46 34.576 -118.51 419.83 309.67 247.67 360 1 53
8 49 46 35.029 -119.04 443.46 319.79 326.33 360 1 53
8 49 46 35.484 -119.49 439.5 320 350.5 360 1 54
8 49 46 35.933 -119.96 436.96 319.58 351.33 280 4 189
8 49 46 36.297 -120.34 436.17 319.17 333.83 280 4 189
8 49 46 36.74 -120.81 416.21 318.29 244.25 200 4 168
8 49 46 37.143 -121.27 362.5 317.33 141.17 200 4 174
8 49 46 37.456 -121.62 286.17 316.17 74.083 200 4 152
8 49 46 37.575 -121.99 223.5 284.92 38.583 200 4 156
8 49 46 37.703 -122.22 142.92 313.5 74.917 200 4 152
9 49 53 34.056 -117.6 158 0 9 320 1 6
9 49 53 34.139 -117.82 316 300 113 320 1 6
9 49 53 34.674 -118.35 469 331 250 320 1 53
9 49 53 35.168 -118.68 470 331 332 340 1 53
9 49 53 35.729 -119.06 466 331 340 340 1 53
9 49 53 36.373 -119.33 473 342 340 340 4 187
9 49 53 37.001 -119.58 476 342 340 340 4 187
9 49 53 37.645 -119.84 479 342 340 340 4 184
9 49 53 38.276 -120.09 477 342 340 340 4 185
9 49 53 38.902 -120.35 475 342 340 340 4 185
9 49 53 39.514 -120.61 480 341 340 340 4 186
9 49 53 40.019 -120.83 475 341 340 340 4 186
9 49 53 40.651 -121.11 474 341 340 340 4 186
9 49 53 41.276 -121.39 473 341 340 340 3 141
9 49 53 41.896 -121.67 475 341 340 340 3 141
9 49 53 42.516 -121.96 477 340 340 340 3 141
9 49 53 43.153 -122.26 483 340 340 340 3 141
9 49 53 43.795 -122.58 494 340 327 340 3 136
9 49 53 44.466 -122.72 491 355 245 340 3 136
9 49 53 45.074 -122.55 416 24 106 340 3 112
9 49 53 45.454 -122.33 252 21 30 340 3 112
9 49 53 45.586 -122.57 128 300 340 340 3 135
10 49 53 34.053 -117.66 189.67 0 145.67 380 1 6
10 49 53 34.217 -117.98 287 306.33 117.67 380 1 6
10 49 53 34.553 -118.42 383.67 313 196.33 380 1 32
10 49 53 35.065 -118.7 428 335.33 258.67 380 1 53
10 49 53 35.622 -118.92 450 341.33 302.67 380 1 53
10 49 53 36.213 -119.16 440.67 341.67 353 380 4 187
10 49 53 36.806 -119.41 445.33 340 375 380 4 187
10 49 53 37.386 -119.68 455 338 380 380 4 184
10 49 53 37.996 -119.93 449 341 380 380 4 184
10 49 53 38.6 -120.18 447 341.67 380 380 4 185
10 49 53 39.205 -120.44 447 340.67 380 380 4 185
10 49 53 39.854 -120.73 445.67 341.33 380 380 4 186
10 49 53 39.325 -120.5 445.33 341 380 380 4 186
10 49 53 39.932 -120.76 446 341 380 380 4 186
10 49 53 40.528 -121.03 442 340.67 380 380 4 186
10 49 53 41.095 -121.29 445 340.67 380 380 3 141
10 49 53 41.684 -121.56 442.33 340.67 380 380 3 141
10 49 53 42.267 -121.83 443.67 340.33 380 380 3 141
10 49 53 42.86 -122.12 443 340 380 380 3 141
10 49 53 43.442 -122.4 444 340.33 380 380 3 141
10 49 53 44.046 -122.7 448.67 340.33 328.33 380 3 136
10 49 53 44.618 -122.71 420.67 2.3333 210.67 380 3 130
10 49 53 45.157 -122.65 312 3.3333 96 380 3 112
10 49 53 45.458 -122.4 225.33 51 34.333 380 3 112
10 49 53 45.587 -122.6 132 299 253.67 380 3 135
11 49 53 34.056 -117.63 156 122 19.5 380 1 6
11 49 53 34.191 -117.95 280 306 110 380 1 6
11 49 53 34.487 -118.38 378.5 309 189.5 380 1 32
11 49 53 34.962 -118.75 428.5 331.5 250 380 1 53
11 49 53 35.574 -119.09 449 336.5 308.5 380 1 53
11 49 53 36.147 -119.32 460.5 342.5 342.5 380 4 187
11 49 53 36.719 -119.54 448 342 379.5 380 4 187
11 49 53 37.337 -119.78 455 342 380 380 4 187
11 49 53 37.947 -120.02 454 342 380 380 4 184
11 49 53 38.545 -120.27 453 342 380 380 4 185
11 49 53 39.203 -120.53 453.5 342 380 380 4 185
11 49 53 39.836 -120.79 456 342 380 380 4 186
11 49 53 39.309 -120.58 454.5 341 380 380 4 186
11 49 53 39.899 -120.82 453.5 341.5 380 380 4 186
11 49 53 40.516 -121.09 444 341 380 380 4 186
11 49 53 41.118 -121.36 454 341.5 380 380 3 141
11 49 53 41.646 -121.59 456.5 341 380 380 3 141
11 49 53 42.221 -121.84 463.5 341.5 380 380 3 141
11 49 53 42.891 -122.16 454.5 341 380 380 3 141
11 49 53 43.426 -122.41 455.5 341 380 380 3 141
11 49 53 44.046 -122.7 453.5 340.5 304.5 380 3 136
11 49 53 44.663 -122.7 422.5 3.5 185.5 380 3 130
11 49 53 45.142 -122.56 305 17 88.5 380 3 112
11 49 53 45.498 -122.43 156 188.5 24 380 3 112
11 49 53 45.59 -122.6 123 298 380 380 3 135
12 49 55 34.05 -117.63 171 0 20 330 1 6
12 49 55 33.817 -117.44 297 146 112 330 1 6
12 49 55 33.686 -116.84 403 95 228 330 1 26
12 49 55 33.63 -116.17 403 96 309 330 1 41
12 49 55 33.701 -115.47 456 78 329 330 1 41
12 49 55 33.549 -114.58 457 102 329 250 1 39
12 49 55 33.646 -115.14 455 101 330 250 1 39
12 49 55 33.511 -114.36 457 101 293 250 1 39
12 49 55 33.391 -113.72 367 103 231 250 2 64
12 49 55 33.245 -113.2 327 93 172 250 2 64
12 49 55 33.294 -112.78 303 68 109 250 2 79
12 49 55 33.429 -112.37 236 81 62 250 2 79
12 49 55 33.429 -112.01 149 89 11 250 2 79
13 49 55 34.043 -117.62 174.25 62.75 19.75 330 1 6
13 49 55 33.773 -117.39 309.75 144.25 108.5 330 1 6
13 49 55 33.687 -116.83 384.75 97.5 208 330 1 26
13 49 55 33.627 -116.11 433 95 271.5 330 1 41
13 49 55 33.592 -115.35 468.38 92.75 308.75 290 1 41
13 49 55 33.548 -114.92 468.38 92.75 308.75 290 1 41
13 49 55 33.456 -114.05 430.75 97.75 249.5 250 1 39
13 49 55 33.32 -113.37 388.75 103.5 190.5 250 2 64
13 49 55 33.287 -112.81 319.75 89 115.25 250 2 64
13 49 55 33.431 -112.37 242 72.25 63.25 250 2 79
13 49 55 33.433 -112.04 148.5 89 13.75 250 2 79
14 49 55 34.05 -117.63 157 265 22 330 1 6
14 49 55 33.731 -117.34 339 145 148 330 1 26
14 49 55 33.69 -116.88 368 95 250 330 1 41
14 49 55 33.632 -116.2 413 95 323 330 1 41
14 49 55 33.61 -115.35 461 91 330 330 1 41
14 49 55 33.659 -114.61 431 101 284 250 1 39
14 49 55 33.457 -114.07 378 114 250 250 1 39
14 49 55 33.323 -113.4 407 103 220 250 2 64
14 49 55 33.279 -112.83 362 89 160 250 2 64
14 49 55 33.295 -112.3 299 78 109 250 2 79
14 49 55 33.346 -111.88 243 76 60 250 2 79
14 49 55 33.43 -111.97 144 270 16 250 2 79
15 49 55 34.056 -117.6 158 0 9 330 1 6
15 49 55 33.758 -117.39 315 146 158 330 1 26
15 49 55 33.821 -116.76 425 78 274 330 1 41
15 49 55 33.752 -116.13 459 99 330 330 1 41
15 49 55 33.644 -115.34 453 99 330 330 1 41
15 49 55 33.538 -114.57 452 100 330 250 1 39
15 49 55 33.473 -114.13 444 99 258 250 1 39
15 49 55 33.342 -113.48 406 104 222 250 2 64
15 49 55 33.28 -112.84 366 89 160 250 2 64
15 49 55 33.297 -112.29 292 78 109 250 2 79
15 49 55 33.345 -111.9 238 76 58 250 2 79
15 49 55 33.428 -112.02 133 270 11 250 2 79
16 49 55 34.046 -117.62 155.4 96.4 21.6 330 1 6
16 49 55 33.734 -117.36 336.2 144.8 120.2 330 1 6
16 49 55 33.652 -116.74 413.4 92.8 213.4 330 1 26
16 49 55 33.624 -116.01 455.2 91.4 287.4 330 1 41
16 49 55 33.596 -115.23 474 92.4 321 330 1 39
16 49 55 33.519 -114.47 466.4 99.6 305.2 250 1 39
16 49 55 33.455 -114.03 432.6 101.4 246.2 250 1 39
16 49 55 33.327 -113.37 401.2 102 202.6 250 2 64
16 49 55 33.287 -112.76 338 87.2 154.2 250 2 79
16 49 55 33.302 -112.27 274.2 85.8 104.2 250 2 79
16 49 55 33.349 -111.88 243.4 80.4 61.2 250 2 79
16 49 55 33.431 -111.98 139.2 270.6 14.6 250 2 79
17 49 55 34.056 -117.6 141 0 9 330 1 6
17 49 55 33.762 -117.4 334 129 111 330 1 6
17 49 55 33.683 -116.79 362 95 234 330 1 26
17 49 55 33.626 -116.09 455 96 286 330 1 41
17 49 55 33.61 -115.28 467 91 330 330 1 41
17 49 55 33.571 -114.61 467 99 323 250 1 39
17 49 55 33.428 -113.9 422 103 236 250 2 64
17 49 55 33.316 -113.25 379 94 184 250 2 64
17 49 55 33.285 -112.64 326 89 144 250 2 79
17 49 55 33.343 -112.07 301 78 100 250 2 79
17 49 55 33.527 -111.85 245 86 50 250 2 79
17 49 55 33.44 -111.99 130 270 13 250 2 79
18 49 65 34.05 -117.63 172 0 17 380 1 6
18 49 65 34.194 -117.95 282 313 104 380 1 6
18 49 65 34.526 -118.45 427 309 202 380 1 32
18 49 65 35.153 -118.74 478 345 295 380 1 53
18 49 65 35.814 -118.94 466 345 340 380 1 53
18 49 65 36.461 -119.15 463 344 380 380 4 187
18 49 65 37.038 -119.34 466 344 380 380 4 187
18 49 65 37.699 -119.55 465 345 380 380 4 184
18 49 65 38.33 -119.76 470 345 380 380 4 185
18 49 65 38.86 -119.95 472 345 380 380 4 185
18 49 65 39.512 -120.17 463 344 380 380 4 181
18 49 65 40.143 -120.39 469 344 380 380 4 181
18 49 65 40.786 -120.63 468 343 380 380 4 186
18 49 65 41.187 -120.77 466 343 380 380 3 142
18 49 65 41.812 -121.01 467 344 380 380 3 142
18 49 65 42.438 -121.24 473 344 380 380 3 142
18 49 65 43.098 -121.5 473 344 380 380 3 142
18 49 65 43.686 -121.88 473 328 380 380 3 141
18 49 65 44.304 -122.24 470 350 380 380 3 135
18 49 65 44.97 -122.4 471 350 380 380 3 135
18 49 65 45.49 -122.53 477 350 380 380 3 135
18 49 65 46.168 -122.69 479 350 281 380 3 147
18 49 65 46.77 -122.73 396 358 177 380 3 147
18 49 65 47.263 -122.47 291 6 94 380 3 114
18 49 65 47.599 -122.45 240 0 49 380 3 114
18 49 65 47.459 -122.31 152 182 5 380 3 114
19 49 65 34.052 -117.64 189 90 19.667 320 1 6
19 49 65 34.239 -118.03 312 309 137.33 320 1 21
19 49 65 34.645 -118.45 406.33 320.67 233.67 320 1 53
19 49 65 35.235 -118.72 455 345.33 304.67 320 1 53
19 49 65 35.817 -118.91 453.33 345 339.67 320 1 53
19 49 65 36.417 -119.1 451.67 344.67 340 320 4 187
19 49 65 37.041 -119.3 452 345 340 320 4 187
19 49 65 37.562 -119.48 451 345 340 320 4 184
19 49 65 38.162 -119.68 448.67 344.67 340 320 4 184
19 49 65 38.783 -119.89 442 344.67 340 320 4 185
19 49 65 39.383 -120.1 441.67 344.67 340 320 4 181
19 49 65 39.993 -120.32 438 344.33 340 320 4 181
19 49 65 40.56 -120.52 436 344 340 320 4 186
19 49 65 41.372 -120.83 430.33 343.67 340 320 3 142
19 49 65 41.956 -121.05 433.67 344 340 320 3 142
19 49 65 42.502 -121.26 434 343.67 340 320 3 142
19 49 65 43.074 -121.48 428 343.33 340 320 3 142
19 49 65 43.664 -121.72 426.33 343 340 320 3 142
19 49 65 44.249 -121.96 427.67 343.33 340 320 3 135
19 49 65 44.839 -122.2 433 343 340 320 3 135
19 49 65 45.415 -122.44 437.33 342.67 334.67 320 3 135
19 49 65 45.98 -122.64 434 347.67 292.33 320 3 135
19 49 65 46.602 -122.67 404 249.33 186.33 320 3 147
19 49 65 47.066 -122.53 319.67 27.667 96.333 320 3 147
19 49 65 47.364 -122.36 218.67 8.3333 44 320 3 114
19 49 65 47.465 -122.32 145.67 180 4.6667 320 3 114
20 49 65 34.055 -117.63 182 128.5 21 320 1 6
20 49 65 34.254 -118.04 352 307 131.5 320 1 6
20 49 65 34.623 -118.52 430.5 309.5 239 340 1 32
20 49 65 35.193 -118.9 457 331 304 340 1 53
20 49 65 35.721 -119.14 441.5 343.5 350 340 1 53
20 49 65 36.303 -119.34 442.5 346 350 340 4 187
20 49 65 36.927 -119.52 443.5 346 350 340 4 187
20 49 65 37.483 -119.69 450 346 350 340 4 184
20 49 65 38.105 -119.88 451.5 345.5 350 340 4 184
20 49 65 38.729 -120.09 450.5 345.5 350 340 4 185
20 49 65 39.373 -120.29 446.5 345.5 350 340 4 181
20 49 65 39.988 -120.5 448 345 350 340 4 186
20 49 65 40.547 -120.68 450.5 345 350 340 4 186
20 49 65 41.158 -120.89 455.5 344.5 350 340 3 142
20 49 65 41.718 -121.08 452 345 350 340 3 142
20 49 65 42.287 -121.28 455 345 350 340 3 142
20 49 65 42.904 -121.5 453.5 344.5 350 340 3 141
20 49 65 43.539 -121.69 462.5 349 350 340 3 141
20 49 65 44.173 -121.93 459.5 343.5 336 340 3 135
20 49 65 44.787 -122.19 454.5 342.5 320 340 3 135
20 49 65 45.404 -122.45 457.5 342.5 320 340 3 135
20 49 65 46.045 -122.66 466.5 347 277 340 3 135
20 49 65 46.644 -122.7 398 355 187 340 3 147
20 49 65 47.09 -122.56 312.5 17 104.5 340 3 114
20 49 65 47.429 -122.4 247.5 14 43.5 340 3 114
20 49 65 47.463 -122.31 149 91 4 340 3 114
21 49 66 34.05 -117.62 157 266 19 260 1 6
21 49 66 34.224 -118 271 309 135 260 1 21
21 49 66 34.527 -118.45 388 309 184 260 1 32
21 49 66 34.922 -118.96 413 317 229 260 1 33
21 49 66 35.243 -119.51 406 299 260 260 1 54
21 49 66 35.516 -120.11 445 299 260 260 1 54
21 49 66 35.896 -120.98 408 297 260 260 4 188
21 49 66 36.158 -121.59 376 298 200 260 4 188
21 49 66 36.633 -121.93 390 341 200 260 4 188
21 49 66 37.127 -122.06 343 350 109 260 4 154
21 49 66 37.483 -122.15 263 349 54 260 4 156
21 49 66 37.619 -122.37 155 292 2 260 4 155
22 49 66 34.056 -117.61 151.33 0 11.667 260 1 6
22 49 66 34.18 -117.93 265 299.67 110 260 1 6
22 49 66 34.449 -118.33 345.33 308.67 178.67 260 1 32
22 49 66 34.822 -118.81 374 313 240 260 1 53
22 49 66 35.13 -119.32 403 303 266 260 1 54
22 49 66 35.439 -119.92 410.67 301 266.67 260 1 54
22 49 66 35.613 -120.27 410.67 301 266.67 260 1 54
22 49 66 35.957 -120.96 387.67 303.33 266.67 260 4 188
22 49 66 36.321 -121.46 390.67 314 241.67 260 4 188
22 49 66 36.706 -121.89 360 315.67 187.67 260 4 188
22 49 66 37.118 -122.11 309.33 335.67 101.33 260 4 154
22 49 66 37.454 -122.15 232.33 236.33 43.333 260 4 156
22 49 66 37.607 -122.35 167.33 296.33 5 260 4 152
23 49 66 34.057 -117.63 161 0 18 240 1 6
23 49 66 34.214 -117.98 271 308 134 240 1 21
23 49 66 34.525 -118.44 364 309 201 240 1 32
23 49 66 34.829 -118.89 375 309 240 240 1 53
23 49 66 35.254 -119.23 345 326 240 240 1 53
23 49 66 35.567 -119.61 328 291 240 240 1 53
23 49 66 35.437 -120.14 345 270 240 240 1 54
23 49 66 35.671 -120.61 339 301 240 240 4 188
23 49 66 35.867 -121.16 339 291 240 240 4 188
23 49 66 36.026 -121.62 335 293 240 240 4 188
23 49 66 36.449 -121.86 333 344 217 240 4 188
23 49 66 36.898 -122 330 350 144 240 4 173
23 49 66 37.266 -122.2 272 0 79 240 4 156
23 49 66 37.546 -122.2 194 321 28 240 4 156
23 49 66 37.625 -122.39 146 297 2 240 4 155
24 49 66 34.052 -117.59 160 0 140 260 1 6
24 49 66 34.188 -117.94 282.5 305.5 120 260 1 6
24 49 66 34.493 -118.4 374.5 309 170.5 200 1 32
24 49 66 34.833 -118.88 400.5 309 209 200 1 32
24 49 66 35.338 -119.3 431.5 325.5 211.5 160 1 33
24 49 66 35.596 -119.85 422 282.5 209.5 160 1 23
24 49 66 35.697 -120.2 422 282.5 209.5 160 1 23
24 49 66 35.897 -120.89 413 295 210 160 4 169
24 49 66 36.146 -121.55 406 296 198 160 4 169
24 49 66 36.633 -121.93 421 340 179.5 160 4 173
24 49 66 37.087 -122.06 327.5 349 106 160 4 154
24 49 66 37.468 -122.16 280 348.5 49 160 4 156
24 49 66 37.62 -122.38 159.5 297.5 3 160 4 155
25 49 66 34.056 -117.62 167 0 18 260 1 6
25 49 66 34.234 -118.01 308 309 127 260 1 6
25 49 66 34.556 -118.49 370 309 200 260 1 32
25 49 66 34.926 -118.96 382 328 257 260 1 53
25 49 66 35.277 -119.56 434 302 260 260 1 54
25 49 66 35.586 -120.15 433 302 260 260 1 54
25 49 66 35.854 -120.84 431 292 260 260 4 188
25 49 66 35.985 -121.39 423 297 260 260 4 188
25 49 66 36.491 -121.89 376 323 216 260 4 188
25 49 66 36.933 -122.02 345 347 151 260 4 173
25 49 66 37.233 -122.33 260 309 90 260 4 156
25 49 66 37.483 -122.18 230 36 49 260 4 156
25 49 66 37.611 -122.35 148 270 2 260 4 152
26 49 66 34.055 -117.63 160 0 18 280 1 6
26 49 66 34.203 -117.97 301 304 112 280 1 6
26 49 66 34.504 -118.41 345 308 190 280 1 32
26 49 66 34.813 -118.87 365 308 240 280 1 53
26 49 66 35.19 -119.2 396 322 260 280 1 53
26 49 66 35.502 -119.92 399 298 280 280 1 54
26 49 66 35.736 -120.53 427 295 280 280 4 188
26 49 66 35.512 -119.94 395 298 280 280 1 54
26 49 66 35.744 -120.64 405 278 280 280 4 188
26 49 66 35.786 -121.28 398 274 280 280 4 188
26 49 66 36.182 -121.64 413 346 259 280 4 188
26 49 66 36.651 -121.93 369 352 193 280 4 173
26 49 66 37.132 -122.06 317 350 97 280 4 154
26 49 66 37.503 -122.17 222 348 40 280 4 156
26 49 66 37.626 -122.39 149 299 1 280 4 155
27 49 67 34.056 -117.63 145 0 24 380 1 6
27 49 67 34.176 -117.93 306 307 117 380 1 6
27 49 67 34.571 -118.51 405 309 259 380 1 53
27 49 67 35.005 -119.02 443 326 358 380 1 53
27 49 67 35.449 -119.51 412 302 380 380 1 54
27 49 67 35.598 -119.91 412 302 380 380 1 54
27 49 67 35.891 -120.7 423 312 364 320 4 188
27 49 67 36.367 -121.12 418 332 225 200 4 168
27 49 67 36.85 -121.43 351 331 120 200 4 154
27 49 67 37.135 -121.68 269 313 61 200 4 154
27 49 67 37.341 -121.91 153 321 5 200 4 154
28 49 67 34.053 -117.62 154.67 85.667 18.167 380 1 6
28 49 67 34.228 -118 333.17 307.67 145.33 380 1 21
28 49 67 34.581 -118.51 410.17 310.17 265.83 380 1 53
28 49 67 34.976 -119.02 437.67 317.25 337.75 380 1 53
28 49 67 35.318 -119.57 418.17 296.17 368.17 380 1 54
28 49 67 35.598 -120.22 418.75 299.42 369.83 380 1 54
28 49 67 35.933 -120.76 415.17 310.33 341.33 380 4 188
28 49 67 36.337 -121.25 395.33 317.83 239.33 380 4 188
28 49 67 36.782 -121.55 355 340.83 117.33 380 4 154
28 49 67 37.176 -121.73 267.5 337.83 48.833 380 4 154
28 49 67 37.352 -121.92 147.17 314.5 99 380 4 154
29 49 69 34.056 -117.6 145 0 9 350 1 6
29 49 69 34.214 -117.94 295 335 112 350 1 6
29 49 69 34.498 -117.64 347 61 213 350 1 22
29 49 69 34.79 -117.08 391 56 267 350 1 43
29 49 69 35.156 -116.55 414 50 301 350 1 43
29 49 69 35.548 -115.97 461 49 332 350 1 43
29 49 69 36.067 -115.44 467 34 350 350 1 47
29 49 69 36.547 -115.02 464 34 350 350 1 38
29 49 69 37.095 -114.54 464 35 349 330 1 38
29 49 69 37.478 -114.2 461 36 330 330 1 38
29 49 69 37.959 -113.77 462 35 330 330 5 205
29 49 69 38.459 -113.3 461 36 310 310 5 205
29 49 69 38.975 -112.82 462 36 310 170 5 205
29 49 69 39.544 -112.48 410 18 246 170 5 215
29 49 69 40.05 -112.26 376 18 170 170 5 215
29 49 69 40.545 -112.09 343 14 122 170 5 197
29 49 69 40.944 -112.09 229 358 71 170 5 197
29 49 69 40.804 -112 138 178 42 170 5 197
30 49 69 34.055 -117.61 163.8 100.2 13.8 370 1 6
30 49 69 34.201 -117.91 303.4 311.4 124 370 1 6
30 49 69 34.498 -117.52 425.6 64.2 216.8 370 1 21
30 49 69 34.898 -116.88 465 49.6 296.4 370 1 43
30 49 69 35.317 -116.27 478.2 49.4 339.6 350 1 43
30 49 69 35.753 -115.64 481.4 49.4 346 350 1 47
30 49 69 36.162 -114.99 483.2 49.8 348.2 350 1 47
30 49 69 36.611 -114.43 476.8 40.4 356.2 350 1 49
30 49 69 36.937 -114.17 476.8 40.4 356.2 350 1 49
30 49 69 37.587 -113.64 471.6 31.8 341.2 330 1 48
30 49 69 38.103 -113.27 468.2 27.2 336 330 5 205
30 49 69 38.693 -112.91 475.6 23.8 330.8 150 5 205
30 49 69 39.3 -112.56 466.4 22.6 283.8 150 5 215
30 49 69 39.837 -112.28 399.6 21.2 188.6 150 5 215
30 49 69 40.324 -112.05 337.4 17.6 124.8 150 5 197
30 49 69 40.677 -112 234.8 231.2 87.2 150 5 197
30 49 69 40.787 -111.98 139.8 282.2 43.4 150 5 197
31 49 70 34.056 -117.64 168 0 22 360 1 6
31 49 70 34.183 -118.06 307 261 123 360 1 8
31 49 70 34.663 -118.36 386 332 253 360 1 53
31 49 70 35.217 -118.72 448 332 300 360 1 53
31 49 70 35.773 -119.08 454 332 300 360 1 53
31 49 70 36.267 -119.44 434 327 360 360 4 187
31 49 70 36.766 -119.83 433 328 360 240 4 187
31 49 70 36.369 -119.52 434 330 360 360 4 187
31 49 70 36.833 -119.88 432 327 356 240 4 187
31 49 70 37.344 -120.29 408 329 260 200 4 187
31 49 70 37.833 -120.77 388 321 196 200 4 177
31 49 70 38.2 -121.18 335 310 140 200 4 172
31 49 70 38.481 -121.58 301 307 79 200 4 153
31 49 70 38.814 -121.71 222 1 29 200 4 153
31 49 70 38.728 -121.6 143 180 5 200 4 153
32 49 70 34.055 -117.62 160.36 0 87.182 360 1 6
32 49 70 34.23 -118 328.36 309.64 138.27 360 1 6
32 49 70 34.61 -118.48 415.09 316.09 258.82 360 1 53
32 49 70 35.135 -118.8 435.86 332 338.55 360 1 53
32 49 70 35.66 -119.13 432.45 335.18 372.73 360 1 53
32 49 70 36.199 -119.46 431.82 331.36 376.27 360 4 187
32 49 70 36.701 -119.8 429.55 333.36 373.27 360 4 187
32 49 70 37.193 -120.18 430.45 328.73 301.91 200 4 187
32 49 70 37.644 -120.57 391.82 319.64 198.73 200 4 152
32 49 70 38.059 -121 374.55 320 146.55 200 4 172
32 49 70 38.393 -121.47 314.18 311.73 92.909 200 4 153
32 49 70 38.712 -121.7 249.55 280.18 36.727 200 4 153
32 49 70 38.714 -121.6 144.36 179.82 3.3636 200 4 153
33 49 77 34.053 -117.61 165.5 0 16.5 65 1 6
33 49 77 34.108 -117.97 269 284 72.25 65 1 6
33 49 77 34.361 -118.34 235 149.5 58 65 1 8
33 49 77 34.242 -118.5 156.5 191 14 65 1 8
