0 22.572 12.336 22.506 26.829 33.391 28.324 28.289 16.832 28.499 29.76 27.141 29.12 46.239 24.053 28.231 27.217 38.745 23.43 27.187 23.193 29.686 27.889 28.857 28.42 27.344 28.757 35.053 25.742 21.791 50.354 27.408 30.731 27.327
0 0 26.098 10.45 26.95 27.456 29.675 28.76 15.838 36.123 29.853 26.194 39.737 38.5 9.0068 27.297 21.366 29.197 13.432 31.254 31.254 26.977 26.295 22.938 24.173 26.95 35.487 32.657 29.423 29.474 48.148 27.45 30.731 29.166
0 0 0 27.203 28.82 36.495 32.592 32.272 17.668 32.501 32.363 25.87 34.751 49.157 28.026 31.457 31.847 39.996 29.149 31.221 28.183 33.398 30.942 32.046 32.255 31.531 28.614 38.413 26.624 17.135 53.801 30.932 31.338 30.568
0 0 0 0 36.386 28.591 39.19 38.252 22.745 39.503 38.564 26.907 39.844 32.885 13.703 27.842 20.146 26.302 11.251 30.14 30.14 27.082 27.041 22.872 24.472 36.386 40.236 42.232 36.903 35.116 47.955 36.903 38.252 38.668
0 0 0 0 0 29.979 23.442 24.038 27.628 41.314 34.21 33.972 42.169 42.088 27.046 33.452 45.97 44.621 28.86 36.122 36.122 34.796 33.544 30.614 32.344 20.982 40.612 36.556 32.153 28.332 47.261 23.953 24.297 24.038
0 0 0 0 0 0 32.759 31.828 41.064 35.026 32.137 40.545 38.499 23.263 29.87 26.491 20.082 23.042 21.317 29.855 30.199 28.738 26.462 17.128 13.19 29.979 34.194 35.785 30.491 51.945 25.933 30.491 31.828 32.241
0 0 0 0 0 0 0 13.371 34.809 33.713 27.548 34.259 35.719 29.819 26.299 30.083 33.938 32.613 31.622 28.55 28.19 29.019 30.501 31.256 25.32 13.225 32.874 29.044 26.575 47.189 35.155 13.78 17.026 13.381
0 0 0 0 0 0 0 0 34.733 41.895 34.533 33.956 43.056 28.947 25.469 32.344 40.957 40.977 30.696 35.755 35.755 32.987 32.714 30.44 28.371 9.7654 41.202 36.402 32.092 46.676 34.214 12.449 10.663 14.454
0 0 0 0 0 0 0 0 0 34.203 35.384 29.704 41.639 52.711 12.499 35.676 29.635 35.64 21.193 32.15 23.3 33.653 34.733 33.688 34.948 32.767 27.235 42.074 24.293 15.793 58.24 35.108 35.63 35.255
0 0 0 0 0 0 0 0 0 0 16.146 33.405 42.9 34.942 32.525 34.477 40.594 39.577 37.428 28.872 26.207 34.172 33.005 31.778 42.491 35.382 19.169 12.057 15.065 45.588 35.469 33.839 40 35.553
0 0 0 0 0 0 0 0 0 0 0 36.951 42.706 29.577 30.013 36.445 48.822 47.466 31.004 29.943 29.356 37.786 36.537 33.571 35.118 28.589 20.073 14.792 16.542 46.917 36.629 28.308 34.861 29.456
0 0 0 0 0 0 0 0 0 0 0 0 29.507 45.731 27.109 34.803 28.843 35.564 26.116 31.447 28.828 23.808 33.956 33.078 33.94 34.39 33.189 41.357 33.079 31.555 57.638 34.643 38.71 34.96
0 0 0 0 0 0 0 0 0 0 0 0 0 43.095 40.214 17.272 35.41 28.221 39.994 42.748 42.816 22.512 18.704 42.604 42.558 41.32 40.3 42.169 43.02 42.612 28.599 41.446 40.762 41.066
0 0 0 0 0 0 0 0 0 0 0 0 0 0 42.704 41.48 26.342 36.316 34.866 30.119 42.681 37.953 28.399 23.301 23.134 27.231 38.82 32.678 34.52 63.795 24.121 27.703 30.576 29.333
0 0 0 0 0 0 0 0 0 0 0 0 0 0 0 27.599 20.262 31.278 12.812 27.255 27.255 27.93 27.346 22.935 23.345 24.266 31.79 31.844 25.446 25.326 47.322 24.293 30.467 25.927
0 0 0 0 0 0 0 0 0 0 0 0 0 0 0 0 29.871 42.173 27.736 30.794 31.494 28.427 19.27 31.055 29.774 33.863 33.734 33.072 32.477 47.804 29.446 33.081 38.567 35.128
0 0 0 0 0 0 0 0 0 0 0 0 0 0 0 0 0 23.764 20.082 29.952 29.952 20.535 22.741 16.407 15.951 43.038 41.499 43.73 40.643 41.715 29.807 42.627 50.157 44.736
0 0 0 0 0 0 0 0 0 0 0 0 0 0 0 0 0 0 27.045 32.451 32.451 25.277 23.695 21.156 21.306 42.402 41.175 41.514 40.833 43.807 35.586 41.828 48.415 44.128
0 0 0 0 0 0 0 0 0 0 0 0 0 0 0 0 0 0 0 33.255 33.255 27.431 26.387 20.977 17.206 28.86 36.697 34.633 30.542 33.212 38.83 29.368 32.602 31.107
0 0 0 0 0 0 0 0 0 0 0 0 0 0 0 0 0 0 0 0 21.594 29.495 28.553 26.876 36.43 30.099 29.624 31.671 26.199 44.498 33.179 29.495 36.056 31.812
0 0 0 0 0 0 0 0 0 0 0 0 0 0 0 0 0 0 0 0 0 29.495 28.515 26.876 36.43 30.099 26.859 32.108 23.937 29.058 48.231 29.495 35.954 31.812
0 0 0 0 0 0 0 0 0 0 0 0 0 0 0 0 0 0 0 0 0 0 24.561 28.829 26.041 33.681 33.396 32.703 32.654 41.427 47.172 33.095 39.706 35.406
0 0 0 0 0 0 0 0 0 0 0 0 0 0 0 0 0 0 0 0 0 0 0 26.215 24.84 34.099 32.703 33.378 32.552 47.111 24.474 33.012 38.62 34.864
0 0 0 0 0 0 0 0 0 0 0 0 0 0 0 0 0 0 0 0 0 0 0 0 13.955 28.843 32.175 34.082 29.281 46.013 25.323 29.281 34.212 30.801
0 0 0 0 0 0 0 0 0 0 0 0 0 0 0 0 0 0 0 0 0 0 0 0 0 29.475 41.829 36.568 32.51 46.257 24.491 29.227 36.04 31.55
0 0 0 0 0 0 0 0 0 0 0 0 0 0 0 0 0 0 0 0 0 0 0 0 0 0 34.708 30.69 28.189 43.973 33.737 13.133 15.849 11.802
0 0 0 0 0 0 0 0 0 0 0 0 0 0 0 0 0 0 0 0 0 0 0 0 0 0 0 27.267 12.801 33.458 43.252 33.133 39.339 34.858
0 0 0 0 0 0 0 0 0 0 0 0 0 0 0 0 0 0 0 0 0 0 0 0 0 0 0 0 23.19 54.064 38.207 29.905 36.905 31.917
0 0 0 0 0 0 0 0 0 0 0 0 0 0 0 0 0 0 0 0 0 0 0 0 0 0 0 0 0 33.584 38.611 27.521 33.407 29.344
0 0 0 0 0 0 0 0 0 0 0 0 0 0 0 0 0 0 0 0 0 0 0 0 0 0 0 0 0 0 68.848 46.839 47.473 46.651
0 0 0 0 0 0 0 0 0 0 0 0 0 0 0 0 0 0 0 0 0 0 0 0 0 0 0 0 0 0 0 32.875 38.761 35.049
0 0 0 0 0 0 0 0 0 0 0 0 0 0 0 0 0 0 0 0 0 0 0 0 0 0 0 0 0 0 0 0 10.854 15.013
0 0 0 0 0 0 0 0 0 0 0 0 0 0 0 0 0 0 0 0 0 0 0 0 0 0 0 0 0 0 0 0 0 9.9221
0 0 0 0 0 0 0 0 0 0 0 0 0 0 0 0 0 0 0 0 0 0 0 0 0 0 0 0 0 0 0 0 0 0
