0 22.572 12.336 22.506 26.829 33.391 46.915 28.324 28.289 16.832 28.499 29.76 27.141 29.12 46.239 24.053 24.277 28.231 27.217 42.334 38.745 62.578 23.43 27.187 23.193 29.686 52.664 27.889 77.366 28.857 39.074 28.42 27.344 28.757 35.053 25.742 74.84 51.367 62.532 21.791 201.78 162.97 50.354 27.408 30.731 27.327 80.658
0 0 26.098 10.45 26.95 27.456 39.038 29.675 28.76 15.838 36.123 29.853 26.194 39.737 38.5 9.0068 39.302 27.297 21.366 38.018 29.197 42.316 13.432 31.254 31.254 26.977 60.289 26.295 77.342 22.938 48.591 24.173 26.95 35.487 32.657 29.423 94.691 59.025 82.818 29.474 215.06 175.67 48.148 27.45 30.731 29.166 60.13
0 0 0 27.203 28.82 36.495 45.704 32.592 32.272 17.668 32.501 32.363 25.87 34.751 49.157 28.026 31.767 31.457 31.847 39.529 39.996 59.972 29.149 31.221 28.183 33.398 49.519 30.942 77.411 32.046 37.05 32.255 31.531 28.614 38.413 26.624 69.464 48.227 62.681 17.135 205.81 168.87 53.801 30.932 31.338 30.568 82.14
0 0 0 0 36.386 28.591 38.171 39.19 38.252 22.745 39.503 38.564 26.907 39.844 32.885 13.703 41.403 27.842 20.146 37.1 26.302 40.898 11.251 30.14 30.14 27.082 66.945 27.041 77.224 22.872 48.981 24.472 36.386 40.236 42.232 36.903 95.981 64.751 83.916 35.116 215.52 176.35 47.955 36.903 38.252 38.668 59.103
0 0 0 0 0 29.979 37.467 23.442 24.038 27.628 41.314 34.21 33.972 42.169 42.088 27.046 40.335 33.452 45.97 35.797 44.621 42.884 28.86 36.122 36.122 34.796 56.448 33.544 65.466 30.614 54.054 32.344 20.982 40.612 36.556 32.153 97.49 55.103 84.586 28.332 219.21 178.73 47.261 23.953 24.297 24.038 58.858
0 0 0 0 0 0 39.291 32.759 31.828 41.064 35.026 32.137 40.545 38.499 23.263 29.87 43.345 26.491 20.082 37.288 23.042 43.352 21.317 29.855 30.199 28.738 83.196 26.462 77.209 17.128 48.418 13.19 29.979 34.194 35.785 30.491 90.782 82.095 81.802 51.945 213.63 175 25.933 30.491 31.828 32.241 61.022
0 0 0 0 0 0 0 42.858 37.836 49.717 39.086 38.148 62.7 75.432 35.919 38.864 64.047 64.03 44.661 21.778 50.92 47.439 37.485 35.956 38.858 61.117 90.829 60.659 78.077 36.003 72.485 39.554 36.402 39.817 41.811 36.49 88.601 89.717 77.455 60.657 234.33 199.66 58.622 37.131 37.836 38.252 65.867
0 0 0 0 0 0 0 0 13.371 34.809 33.713 27.548 34.259 35.719 29.819 26.299 46.609 30.083 33.938 43.168 32.613 45.779 31.622 28.55 28.19 29.019 78.251 30.501 72.56 31.256 48.603 25.32 13.225 32.874 29.044 26.575 100.76 77.155 90.11 47.189 212.1 171.94 35.155 13.78 17.026 13.381 53.283
0 0 0 0 0 0 0 0 0 34.733 41.895 34.533 33.956 43.056 28.947 25.469 46.461 32.344 40.957 35.719 40.977 44.812 30.696 35.755 35.755 32.987 77.92 32.714 64.498 30.44 54.332 28.371 9.7654 41.202 36.402 32.092 101.72 76.646 89.64 46.676 218.89 179.24 34.214 12.449 10.663 14.454 53.79
0 0 0 0 0 0 0 0 0 0 34.203 35.384 29.704 41.639 52.711 12.499 31.794 35.676 29.635 36.06 35.64 49.538 21.193 32.15 23.3 33.653 45.204 34.733 77.655 33.688 46.812 34.948 32.767 27.235 42.074 24.293 87.104 43.676 74.282 15.793 215.47 177.19 58.24 35.108 35.63 35.255 68.907
0 0 0 0 0 0 0 0 0 0 0 16.146 33.405 42.9 34.942 32.525 46.609 34.477 40.594 35.818 39.577 46.101 37.428 28.872 26.207 34.172 77.154 33.005 64.209 31.778 53.994 42.491 35.382 19.169 12.057 15.065 101.16 75.935 89.859 45.588 218.94 179.01 35.469 33.839 40 35.553 53.63
0 0 0 0 0 0 0 0 0 0 0 0 36.951 42.706 29.577 30.013 46.489 36.445 48.822 35.886 47.466 45.134 31.004 29.943 29.356 37.786 78.659 36.537 65.524 33.571 53.885 35.118 28.589 20.073 14.792 16.542 101.68 77.336 90.091 46.917 218.7 179.23 36.629 28.308 34.861 29.456 53.145
0 0 0 0 0 0 0 0 0 0 0 0 0 29.507 45.731 27.109 26.287 34.803 28.843 62.089 35.564 58.444 26.116 31.447 28.828 23.808 56.5 33.956 93.349 33.078 32.172 33.94 34.39 33.189 41.357 33.079 77.332 46.203 66.41 31.555 191.89 152.01 57.638 34.643 38.71 34.96 76.324
0 0 0 0 0 0 0 0 0 0 0 0 0 0 43.095 40.214 34.871 17.272 35.41 70.692 28.221 49.342 39.994 42.748 42.816 22.512 74.006 18.704 101.61 42.604 33.385 42.558 41.32 40.3 42.169 43.02 85.273 72.753 75.729 42.612 177.4 136.56 28.599 41.446 40.762 41.066 67.287
0 0 0 0 0 0 0 0 0 0 0 0 0 0 0 42.704 54.275 41.48 26.342 45.754 36.316 28.111 34.866 30.119 42.681 37.953 95.085 28.399 77.344 23.301 61.635 23.134 27.231 38.82 32.678 34.52 110.68 86.347 97.411 63.795 215.01 173.47 24.121 27.703 30.576 29.333 46.491
0 0 0 0 0 0 0 0 0 0 0 0 0 0 0 0 40.045 27.599 20.262 36.824 31.278 40.555 12.812 27.255 27.255 27.93 56.24 27.346 77.873 22.935 49.194 23.345 24.266 31.79 31.844 25.446 96.516 54.952 84.481 25.326 216.02 176.33 47.322 24.293 30.467 25.927 58.629
0 0 0 0 0 0 0 0 0 0 0 0 0 0 0 0 0 24.835 44.888 57.442 61.161 79.223 42.728 45.799 40.054 44.446 59.092 37.595 92.91 46.594 25.397 46.198 45.885 37.506 48.247 42.659 58.164 66.111 45.085 34.239 186.81 148.17 47.624 45.433 45.64 44.692 98.456
0 0 0 0 0 0 0 0 0 0 0 0 0 0 0 0 0 0 29.871 62.75 42.173 63.203 27.736 30.794 31.494 28.427 79.377 19.27 92.172 31.055 29.914 29.774 33.863 33.734 33.072 32.477 72.717 78.186 61.096 47.804 190.75 151.35 29.446 33.081 38.567 35.128 82.436
0 0 0 0 0 0 0 0 0 0 0 0 0 0 0 0 0 0 0 48.466 23.764 36.337 20.082 29.952 29.952 20.535 73.298 22.741 95.754 16.407 54.502 15.951 43.038 41.499 43.73 40.643 100.84 72.13 88.925 41.715 211.4 169.52 29.807 42.627 50.157 44.736 54.122
0 0 0 0 0 0 0 0 0 0 0 0 0 0 0 0 0 0 0 0 54.016 36.79 36.732 35.974 35.776 61.338 78.406 61.711 61.578 38.75 63.73 40.071 36.274 36.957 35.548 36.093 99.243 77.124 88.13 48.001 232.92 197.62 60.451 36.621 36.241 36.046 72.321
0 0 0 0 0 0 0 0 0 0 0 0 0 0 0 0 0 0 0 0 0 24.617 27.045 32.451 32.451 25.277 67.092 23.695 100.16 21.156 60.07 21.306 42.402 41.175 41.514 40.833 107.77 66.081 100.49 43.807 205.38 163.52 35.586 41.828 48.415 44.128 43.026
0 0 0 0 0 0 0 0 0 0 0 0 0 0 0 0 0 0 0 0 0 0 40.89 35.673 39.68 35.446 73.1 46.067 78.138 35.166 80.134 34.828 42.884 46.855 48.903 43.419 124.49 71.798 117.74 57.73 218.8 178.68 38.915 43.419 44.812 45.242 49.457
0 0 0 0 0 0 0 0 0 0 0 0 0 0 0 0 0 0 0 0 0 0 0 33.255 33.255 27.431 65.252 26.387 77.545 20.977 49.938 17.206 28.86 36.697 34.633 30.542 97.232 64.162 84.304 33.212 215.96 176.48 38.83 29.368 32.602 31.107 59.389
0 0 0 0 0 0 0 0 0 0 0 0 0 0 0 0 0 0 0 0 0 0 0 0 21.594 29.495 75.645 28.553 77.504 26.876 55.266 36.43 30.099 29.624 31.671 26.199 100.22 74.431 88.674 44.498 218.81 179.17 33.179 29.495 36.056 31.812 54.137
0 0 0 0 0 0 0 0 0 0 0 0 0 0 0 0 0 0 0 0 0 0 0 0 0 29.495 55.894 28.515 77.655 26.876 54.517 36.43 30.099 26.859 32.108 23.937 97.573 54.736 84.461 29.058 218.18 178.58 48.231 29.495 35.954 31.812 59.269
0 0 0 0 0 0 0 0 0 0 0 0 0 0 0 0 0 0 0 0 0 0 0 0 0 0 59.041 24.561 92.91 28.829 45.999 26.041 33.681 33.396 32.703 32.654 99.311 57.653 87.811 41.427 192.83 150.82 47.172 33.095 39.706 35.406 55.764
0 0 0 0 0 0 0 0 0 0 0 0 0 0 0 0 0 0 0 0 0 0 0 0 0 0 0 78.625 81.427 77.374 76.081 77.694 75.633 60.175 85.536 64.775 77.25 54.786 65.616 33.514 196.55 159.34 100.41 78.356 79.003 78.275 78.348
0 0 0 0 0 0 0 0 0 0 0 0 0 0 0 0 0 0 0 0 0 0 0 0 0 0 0 0 92.789 26.215 37.357 24.84 34.099 32.703 33.378 32.552 88.047 77.448 78.764 47.111 195.25 154.41 24.474 33.012 38.62 34.864 64.618
0 0 0 0 0 0 0 0 0 0 0 0 0 0 0 0 0 0 0 0 0 0 0 0 0 0 0 0 0 83.314 91.501 84.534 64.692 67.272 65.387 63.388 116.64 80.16 99.764 78.744 257.52 227.39 93.048 64.959 64.776 65.074 99.936
0 0 0 0 0 0 0 0 0 0 0 0 0 0 0 0 0 0 0 0 0 0 0 0 0 0 0 0 0 0 54.26 13.955 28.843 32.175 34.082 29.281 101.22 76.088 89.677 46.013 218.86 178.74 25.323 29.281 34.212 30.801 53.69
0 0 0 0 0 0 0 0 0 0 0 0 0 0 0 0 0 0 0 0 0 0 0 0 0 0 0 0 0 0 0 55.075 50.681 49.696 54.32 54.595 53.654 74.815 43.953 44.951 169.89 146.46 47.503 51.629 51.029 50.436 99.071
0 0 0 0 0 0 0 0 0 0 0 0 0 0 0 0 0 0 0 0 0 0 0 0 0 0 0 0 0 0 0 0 29.475 41.829 36.568 32.51 101.51 76.56 89.245 46.257 217.69 176.49 24.491 29.227 36.04 31.55 53.628
0 0 0 0 0 0 0 0 0 0 0 0 0 0 0 0 0 0 0 0 0 0 0 0 0 0 0 0 0 0 0 0 0 34.708 30.69 28.189 99.966 74.517 88.886 43.973 217.24 177.08 33.737 13.133 15.849 11.802 54.291
0 0 0 0 0 0 0 0 0 0 0 0 0 0 0 0 0 0 0 0 0 0 0 0 0 0 0 0 0 0 0 0 0 0 27.267 12.801 93.057 58.97 80.912 33.458 214.08 176.16 43.252 33.133 39.339 34.858 62.14
0 0 0 0 0 0 0 0 0 0 0 0 0 0 0 0 0 0 0 0 0 0 0 0 0 0 0 0 0 0 0 0 0 0 0 23.19 102.62 84.366 91.439 54.064 218.04 178.73 38.207 29.905 36.905 31.917 51.41
0 0 0 0 0 0 0 0 0 0 0 0 0 0 0 0 0 0 0 0 0 0 0 0 0 0 0 0 0 0 0 0 0 0 0 0 95.071 63.552 84.584 33.584 218.62 179.15 38.611 27.521 33.407 29.344 58.408
0 0 0 0 0 0 0 0 0 0 0 0 0 0 0 0 0 0 0 0 0 0 0 0 0 0 0 0 0 0 0 0 0 0 0 0 0 113.18 31.65 80.313 160.83 124.99 94.812 98.695 98.772 98.804 142.7
0 0 0 0 0 0 0 0 0 0 0 0 0 0 0 0 0 0 0 0 0 0 0 0 0 0 0 0 0 0 0 0 0 0 0 0 0 0 105.14 47.528 220.35 180.13 99.215 77.056 77.789 77.128 77.2
0 0 0 0 0 0 0 0 0 0 0 0 0 0 0 0 0 0 0 0 0 0 0 0 0 0 0 0 0 0 0 0 0 0 0 0 0 0 0 65.039 172.97 138.08 86.932 88.482 87.754 87.723 142.63
0 0 0 0 0 0 0 0 0 0 0 0 0 0 0 0 0 0 0 0 0 0 0 0 0 0 0 0 0 0 0 0 0 0 0 0 0 0 0 0 206.83 164.83 68.848 46.839 47.473 46.651 77.626
0 0 0 0 0 0 0 0 0 0 0 0 0 0 0 0 0 0 0 0 0 0 0 0 0 0 0 0 0 0 0 0 0 0 0 0 0 0 0 0 0 56.749 197.65 217.04 216.17 216.69 186.06
0 0 0 0 0 0 0 0 0 0 0 0 0 0 0 0 0 0 0 0 0 0 0 0 0 0 0 0 0 0 0 0 0 0 0 0 0 0 0 0 0 0 156 177.81 177.21 177.56 160.29
0 0 0 0 0 0 0 0 0 0 0 0 0 0 0 0 0 0 0 0 0 0 0 0 0 0 0 0 0 0 0 0 0 0 0 0 0 0 0 0 0 0 0 32.875 38.761 35.049 56.708
0 0 0 0 0 0 0 0 0 0 0 0 0 0 0 0 0 0 0 0 0 0 0 0 0 0 0 0 0 0 0 0 0 0 0 0 0 0 0 0 0 0 0 0 10.854 15.013 54.823
0 0 0 0 0 0 0 0 0 0 0 0 0 0 0 0 0 0 0 0 0 0 0 0 0 0 0 0 0 0 0 0 0 0 0 0 0 0 0 0 0 0 0 0 0 9.9221 56.129
0 0 0 0 0 0 0 0 0 0 0 0 0 0 0 0 0 0 0 0 0 0 0 0 0 0 0 0 0 0 0 0 0 0 0 0 0 0 0 0 0 0 0 0 0 0 55.504
0 0 0 0 0 0 0 0 0 0 0 0 0 0 0 0 0 0 0 0 0 0 0 0 0 0 0 0 0 0 0 0 0 0 0 0 0 0 0 0 0 0 0 0 0 0 0
