0 67.367 30.493 68.161 25.771 27.886 56.441 24.7 73.035 58.711 54.454 55.735 72.181 72.131 24.214 71.963 26.528 25.029 76.413 25.64 31.999 27.745 48.875 74.116 33.741 28.394 104.22 36.748 105.61 24.479 25.104 28.518
0 0 43.778 25.454 56.414 75.88 20.127 66.327 18.055 17.084 17.994 21.104 18.857 18.555 49.562 23.609 46.237 55.611 12.99 79.336 41.18 55.186 29.582 29.894 41.905 81.609 93.836 37.864 90.314 61.116 64.895 82.969
0 0 0 44.574 15.938 38.781 28.773 26.169 48.121 34.152 28.674 27.878 47.352 47.308 9.0135 46.951 13.788 14.237 52.889 42.833 28.756 25.835 32.749 49.335 13.961 46.632 93.059 15.637 87.679 20.358 25.282 48.715
0 0 0 0 57.469 77.125 18.947 67.185 15.944 24.163 23.323 20.324 19.883 20.116 50.797 14.052 47.122 56.815 20.029 80.311 42.132 56.87 33.052 32.987 41.467 82.985 97.207 37.353 93.391 61.999 65.787 84.392
0 0 0 0 0 25.268 42.088 13.722 61.353 47.397 42.094 41.999 60.711 60.742 9.017 60.518 12.83 10.088 65.441 29.027 29.636 24.731 37.919 62.934 19.458 36.139 96.675 23.249 96.268 11.016 13.037 36.329
0 0 0 0 0 0 64.829 26.937 82.703 68.048 64.274 64.842 82.011 82.016 32.676 81.925 37.296 26.62 85.578 26.867 41.845 26.88 58.503 83.805 42.209 28.835 111.47 46.401 114.99 23.937 27.581 27.296
0 0 0 0 0 0 0 53.054 21.629 17.492 22.343 12.613 20.616 20.618 34.373 20.261 30.849 41.556 26.841 68.535 29.135 42.576 30.502 30.282 25.006 71.42 92.388 20.727 85.116 47.833 51.764 72.73
0 0 0 0 0 0 0 0 71.802 57.474 52.95 52.854 71.078 71.011 20.706 70.593 24.24 13.135 75.447 22.791 29.328 27.692 47.418 72.951 29.788 30.099 103.47 34.375 105.48 10.933 11.463 29.35
0 0 0 0 0 0 0 0 0 17.125 20.755 20.504 19.51 20.094 53.339 15.944 50.089 60.408 12.223 86.11 44.88 59.83 29.348 29.738 44.678 88.643 92.824 39.896 85.765 66.489 70.273 89.995
0 0 0 0 0 0 0 0 0 0 22.562 12.806 18.126 20.714 39.82 22.203 36.726 46.349 19.932 71.519 33.682 46.681 33.129 33.072 31.184 73.813 92.2 26.67 85.878 52.056 56.047 75.294
0 0 0 0 0 0 0 0 0 0 0 13.552 21.505 19.455 34.484 23.675 31.002 41.686 24.778 67.89 26.528 42.323 30.862 30.858 24.93 70.493 92.232 21.773 85.903 47.714 51.824 72.037
0 0 0 0 0 0 0 0 0 0 0 0 20.393 20.676 34.34 20.426 30.557 41.14 26.225 68.617 27.754 40.782 29.453 29.038 24.901 71.559 92.288 22.539 84.97 47.209 51.599 72.715
0 0 0 0 0 0 0 0 0 0 0 0 0 19.458 52.792 18.581 49.506 60.009 20.439 85.208 44.664 59.214 31.614 31.537 43.927 87.795 92.704 39.674 85.169 65.715 69.785 89.179
0 0 0 0 0 0 0 0 0 0 0 0 0 0 52.86 19.2 49.564 60.125 20.888 85.137 44.726 59.255 30.077 29.919 43.923 87.744 92.916 39.864 85.586 65.638 69.788 89.074
0 0 0 0 0 0 0 0 0 0 0 0 0 0 0 52.715 8.2596 9.7316 58.464 36.614 28.591 27.966 31.79 55.147 11.254 42.034 93.66 15.039 90.617 15.415 18.904 43.34
0 0 0 0 0 0 0 0 0 0 0 0 0 0 0 0 49.402 59.735 18.048 85.476 44.762 59.141 30.176 30.087 43.647 87.996 92.162 39.789 85.333 65.203 69.311 89.594
0 0 0 0 0 0 0 0 0 0 0 0 0 0 0 0 0 12.053 54.949 40.823 28.889 27.298 30.953 51.831 11.067 44.254 92.357 11.637 89.804 19.347 22.86 46.08
0 0 0 0 0 0 0 0 0 0 0 0 0 0 0 0 0 0 64.775 29.842 24.783 27.114 37.244 62.044 17.719 38.002 94.835 22.341 94.996 11.974 12.213 37.456
0 0 0 0 0 0 0 0 0 0 0 0 0 0 0 0 0 0 0 88.641 50.528 65.166 30.653 30.069 49.551 91.238 92.575 45.558 85.112 70.311 74.095 92.663
0 0 0 0 0 0 0 0 0 0 0 0 0 0 0 0 0 0 0 0 45.686 30.681 62.194 87.058 46.019 23.91 115.66 50.193 119.33 23.984 21.222 20.343
0 0 0 0 0 0 0 0 0 0 0 0 0 0 0 0 0 0 0 0 0 28.455 30.313 47.21 28.756 49.038 92.269 23.895 86.317 28.742 29.623 50.925
0 0 0 0 0 0 0 0 0 0 0 0 0 0 0 0 0 0 0 0 0 0 43.537 61.472 28.188 43.26 90.169 27.855 92.591 27.002 29.167 42.732
0 0 0 0 0 0 0 0 0 0 0 0 0 0 0 0 0 0 0 0 0 0 0 27.178 32.153 64.884 92.653 31.69 85.177 41.888 45.84 66.368
0 0 0 0 0 0 0 0 0 0 0 0 0 0 0 0 0 0 0 0 0 0 0 0 46.054 89.679 92.559 42.131 84.965 67.556 71.647 91.027
0 0 0 0 0 0 0 0 0 0 0 0 0 0 0 0 0 0 0 0 0 0 0 0 0 49.327 92.531 16.156 86.346 24.144 28.968 50.424
0 0 0 0 0 0 0 0 0 0 0 0 0 0 0 0 0 0 0 0 0 0 0 0 0 0 132.36 52.859 132.34 33.41 30.349 15.277
0 0 0 0 0 0 0 0 0 0 0 0 0 0 0 0 0 0 0 0 0 0 0 0 0 0 0 92.691 18.634 99.393 102.18 132.25
0 0 0 0 0 0 0 0 0 0 0 0 0 0 0 0 0 0 0 0 0 0 0 0 0 0 0 0 84.919 28.854 32.716 54.56
0 0 0 0 0 0 0 0 0 0 0 0 0 0 0 0 0 0 0 0 0 0 0 0 0 0 0 0 0 99.594 103.51 132.28
0 0 0 0 0 0 0 0 0 0 0 0 0 0 0 0 0 0 0 0 0 0 0 0 0 0 0 0 0 0 12.898 32.875
0 0 0 0 0 0 0 0 0 0 0 0 0 0 0 0 0 0 0 0 0 0 0 0 0 0 0 0 0 0 0 30.596
0 0 0 0 0 0 0 0 0 0 0 0 0 0 0 0 0 0 0 0 0 0 0 0 0 0 0 0 0 0 0 0
