0 16.658 7.4473 15.829 11.112 11.112 8.3177 10.483 13.264 13.824 9.4734 10.5 8.3458
0 0 16.658 17.842 17.842 21.372 20.443 20.449 17.842 8.4414 20.453 17.842 17.842
0 0 0 14.144 10.433 8.3272 12.979 11.847 12.312 13.824 11.577 9.3917 10.368
0 0 0 0 13.099 13.099 15.042 13.425 13.169 15.489 13.829 13.505 14.685
0 0 0 0 0 11.387 11.387 11.387 12.045 15.489 11.774 13.928 12.764
0 0 0 0 0 0 9.2761 11.454 10.279 19.683 11.639 11.119 7.4155
0 0 0 0 0 0 0 11.758 12.97 18.793 13.993 12.352 13.893
0 0 0 0 0 0 0 0 12.064 18.846 12.962 15.467 14.134
0 0 0 0 0 0 0 0 0 15.489 9.4009 10.203 10.406
0 0 0 0 0 0 0 0 0 0 18.864 15.489 15.489
0 0 0 0 0 0 0 0 0 0 0 13.89 10.622
0 0 0 0 0 0 0 0 0 0 0 0 13.923
0 0 0 0 0 0 0 0 0 0 0 0 0
