0 29.284 16.888 9.7286 10.253 27.992 16.936 15.384 12.661 33.171 51.332 30.357 11.169 11.902 12.135 11.609 14.087 36.915 24.902 12.012 28.987 16.497 9.469 26.455 26.775 18.264 22.075 20.3 53.175 18.601 14.402 31.469 18.398 23.9 28.106 20.634 28.035 21.469 14.08 21.051 27.84 21.404 16.292 7.7316 29.165 18.398 52.431 31.704 22.729 101.62 18.681 32.158 27.979 25.747 40.024 31.145 42
0 0 29.795 25.886 31.626 34.021 27.885 28.33 26.933 18.243 50.792 24.855 29.158 27.287 24.518 27.172 27.225 13.612 30.725 27.707 34.093 29.284 30.948 32.336 12.334 28.665 27.942 29.411 53.218 30.368 27.707 11.808 29.392 29.989 33.419 30.109 33.963 28.992 29.539 29.411 33.154 28.654 27.89 29.499 35.171 29.803 52.804 9.0638 29.474 100.77 30.115 37.729 32.661 31.822 41.891 36.92 43.236
0 0 0 11.902 9.7495 25.561 21.434 10.214 10.102 33.949 51.627 31.251 8.6199 11.021 9.5066 15.723 12.17 37.212 22.066 15.885 27.458 13.085 10.715 24.505 27.374 20.977 21.034 20.041 52.751 20.87 15.617 31.878 20.846 21.305 26.646 19.063 25.314 19.868 10.815 19.726 26.273 21.932 16.516 15.724 26.794 20.712 52.234 32.338 21.037 113.81 15.834 28.237 26.582 24.014 30.569 29.371 41.689
0 0 0 0 9.1107 35.619 23.84 19.969 8.4106 30.462 44.722 26.404 13.48 12.265 9.8627 12.56 19.559 33.892 32.459 17.284 36.759 18.356 12.091 34.185 23.497 23.497 29.817 14.326 46.372 23.935 13.338 28.561 23.672 31.46 35.833 28.395 35.74 28.77 11.387 28.591 35.609 29.03 19.184 10.792 36.812 24.996 45.764 28.75 30.499 107.92 25.856 29.927 35.512 33.508 36.182 38.904 45.277
0 0 0 0 0 26.724 20.967 10.891 7.4881 35.498 52.034 32.525 11.398 12.043 10.138 12.39 12.139 38.486 23.585 13.802 28.218 18.668 8.9403 25.148 28.973 21.665 21.42 20.615 52.918 22.001 16.316 33.569 21.798 22.658 27.433 20.365 26.738 21.389 11.05 21.124 26.706 22.736 15.121 8.869 27.889 21.798 52.563 33.856 22.09 109.52 17.442 25.469 27.263 24.424 33.639 29.823 40.904
0 0 0 0 0 0 32.147 16.092 32.147 28.851 51.248 25.298 22.533 36.213 31.035 27.581 16.972 32.442 22.469 22.05 13.028 18.959 27.491 6.7006 27.242 28.891 21.64 29.452 53.333 26.359 26.064 26.872 23.378 16.109 23.02 8.2379 22.728 7.836 25.097 7.9988 17.083 23.023 24.211 24.874 7.5901 23.027 52.592 28.714 10.042 106.35 12.076 26.655 22.145 11.447 37.469 19.364 41.001
0 0 0 0 0 0 0 28.095 25.921 31.937 50.1 29.267 20.185 20.038 25.824 14.344 27.348 35.26 28.939 11.17 33.701 29.028 18.54 30.526 25.373 12.096 26.512 26.66 52.884 11.833 16.457 30.018 15.5 28.084 36.659 26.829 32.134 26.101 28.086 25.956 33.691 25.567 22.588 18.953 33.308 22.636 52.573 30.319 27.257 101.13 27.217 45.632 32.766 29.832 47.279 35.222 44.958
0 0 0 0 0 0 0 0 16.258 32.286 51.737 28.784 13.716 20.652 15.651 18.427 11.507 36.076 27.648 21.226 18.997 15.079 11.487 15.079 27.937 27.937 27.975 20.635 52.885 28.343 18.218 30.561 28.099 21.491 18.37 11.906 27.856 13.474 10.13 13.687 17.497 28.694 13.337 12.405 18.379 28.099 52.142 30.601 12.98 114.93 7.5178 22.307 28.608 16.461 31.948 19.896 39.447
0 0 0 0 0 0 0 0 0 30.839 51.938 27.378 13.448 12.67 7.3794 16.473 16.834 34.626 28.939 18.755 33.541 17.921 9.2827 30.526 25.141 25.141 27.988 20.914 53.051 25.545 16.593 29.122 25.302 28.084 32.625 25.872 32.134 27.084 9.7936 26.956 32.147 25.988 13.738 10.485 33.308 25.302 52.516 29.155 27.091 111.55 22.868 27.046 32.654 29.757 33.971 35.157 39.792
0 0 0 0 0 0 0 0 0 0 51.904 19.732 33.012 30.942 29.369 31.457 31.457 25.944 33.251 31.818 34.791 33.171 34.726 32.045 25.733 32.61 31.627 33.331 52.589 34.335 31.818 25.886 33.592 33.322 32.61 33.812 32.15 32.847 33.491 33.331 32.067 32.692 31.726 33.644 34.802 33.896 52.282 13.496 33.411 112.38 33.905 32.067 33.483 35.476 39.171 30.462 39.993
0 0 0 0 0 0 0 0 0 0 0 51.802 50.294 50.466 51.929 51.908 48.466 52.189 50.61 51.65 51.859 45.956 50.821 46.019 50.168 50.934 50.629 41.708 20.078 50.23 51.636 51.089 50.647 50.592 52.688 51.904 44.665 51.362 51.656 51.507 47.526 45.014 58.308 51.121 51.489 42.733 7.7927 51.627 43.743 103.36 47.262 60.926 36.222 52.122 52.185 52.013 83.131
0 0 0 0 0 0 0 0 0 0 0 0 29.601 27.704 25.065 27.66 28.366 23.129 29.93 28.177 32.072 29.79 31.675 28.587 23.413 29.93 28.444 29.862 54.174 31.692 28.177 22.771 30.862 30.72 29.05 30.71 29.217 30.176 29.994 29.862 28.383 29.729 28.329 31.014 31.507 31.355 53.196 19.452 30.403 107.48 30.553 28.508 30.867 32.277 37.398 26.404 40.925
0 0 0 0 0 0 0 0 0 0 0 0 0 13.883 14.333 14.017 14.116 36.742 19.108 14.81 25.213 17.538 9.965 21.497 26.608 19.439 19.971 19.565 53.059 19.693 13.67 31.319 19.539 18.285 24.547 18.057 22.478 18.99 15.466 18.756 23.693 20.785 20.675 9.7494 24.143 19.539 52.306 31.334 19.329 112.01 13.214 35.939 24.611 21.097 31.051 26.341 44.958
0 0 0 0 0 0 0 0 0 0 0 0 0 0 13.058 12.815 19.999 34.605 32.977 14.95 37.453 19.102 13.368 34.834 24.499 18.354 30.476 19.305 51.214 18.756 12.039 29.296 18.514 32.032 36.592 29.073 36.328 29.488 14.331 29.312 36.299 29.629 20.464 11.453 37.414 25.73 50.948 29.273 31.193 110.87 26.215 35.236 36.257 34.184 32.632 39.576 45.084
0 0 0 0 0 0 0 0 0 0 0 0 0 0 0 15.04 14.804 33.088 27.761 18.557 32.895 18.473 9.3562 29.729 25.733 25.733 26.885 20.586 52.964 26.192 16.345 27.391 25.916 26.837 32.149 25.741 31.128 26.599 7.8889 26.269 31.375 26.209 14.503 8.9515 32.243 25.916 52.454 27.234 27.011 111.2 21.102 26.18 32.235 29.135 34.714 34.512 40.164
0 0 0 0 0 0 0 0 0 0 0 0 0 0 0 0 17.504 35.415 24.519 6.8611 28.619 18.636 12.145 26.064 24.561 13.363 21.688 20.373 53.175 13.794 9.5853 29.638 13.512 23.481 29.267 20.256 27.638 21.27 17.986 20.953 27.469 20.993 17.205 7.8949 28.757 17.419 52.464 29.756 22.36 101.05 18.262 36.003 27.618 25.369 40.943 30.766 42.753
0 0 0 0 0 0 0 0 0 0 0 0 0 0 0 0 0 35.415 27.015 20.32 19.069 15.734 11.795 15.76 27.687 27.687 26.989 17.599 50.645 28.075 18.377 29.638 27.876 20.453 18.284 11.855 27.593 12.428 13.207 11.956 17.565 28.066 17.24 12.026 18.267 27.876 50.286 29.756 13.187 114.33 8.1452 25.328 27.401 15.703 32.189 20.485 42.201
0 0 0 0 0 0 0 0 0 0 0 0 0 0 0 0 0 0 37.002 35.689 38.039 36.915 38.047 35.813 11.65 36.427 35.597 36.931 52.984 37.119 35.689 8.1662 36.829 36.7 37.039 37.357 36.047 36.516 37.263 37.088 35.958 36.516 35.465 36.992 38.227 37.337 52.62 15.097 37.175 101.31 37.59 45.93 37.175 39.055 47.352 35.374 45.622
0 0 0 0 0 0 0 0 0 0 0 0 0 0 0 0 0 0 0 18.932 29.851 27.822 24.058 23.656 26.859 24.738 10.189 25.906 52.932 23.064 22.975 31.545 20.181 10.981 35.157 26.67 11.537 21.791 27.352 18.91 32.736 7.7532 22.344 21.868 25.116 10.944 52.504 31.57 23.304 101.34 26.44 44.781 15.807 25.67 45.594 33.35 44.954
0 0 0 0 0 0 0 0 0 0 0 0 0 0 0 0 0 0 0 0 24.785 22.239 13.421 20.753 25.214 12.043 18.975 22.224 52.346 11.062 7.3112 30.048 10.733 17.877 31.308 20.095 22.248 17.929 21.009 17.798 27.755 16.869 16.037 12.507 23.254 14.488 52.006 30.125 18.058 100.93 20.797 38.606 23.517 20.211 42.684 29.163 39.526
0 0 0 0 0 0 0 0 0 0 0 0 0 0 0 0 0 0 0 0 0 19.03 27.891 9.7775 30.354 31.733 30.368 31.413 52.562 30.722 26.698 32.648 30.501 25.187 16.136 10.758 30.282 12.742 26.847 15.744 8.9866 31.277 26.515 26.703 8.3996 30.501 52.253 33.218 11.832 118.71 16.396 21.304 30.948 20.672 30.6 8.3323 39.353
0 0 0 0 0 0 0 0 0 0 0 0 0 0 0 0 0 0 0 0 0 0 18.566 17.165 28.099 28.099 28.65 16.114 47.055 28.507 19.604 31.469 28.261 22.162 19.412 16.21 28.018 18.326 12.91 14.164 17.9 28.846 18.77 14.606 19.795 28.261 46.703 31.491 15.079 115.45 13.547 25.185 28.742 16.717 30.057 21.709 44.036
0 0 0 0 0 0 0 0 0 0 0 0 0 0 0 0 0 0 0 0 0 0 0 25.693 28.219 18.752 21.686 20.826 53.599 19.24 13.075 32.73 18.947 23.559 26.765 19.766 27.345 21.029 12.195 21.183 26.701 20.967 13.214 9.3155 28.598 18.947 52.974 33.077 21.749 109.94 18.389 28.255 26.894 24.711 33.101 30.23 39.191
0 0 0 0 0 0 0 0 0 0 0 0 0 0 0 0 0 0 0 0 0 0 0 0 26.262 28.03 23.589 28.404 47.253 25.125 24.397 30.333 24.405 17.933 23.829 8.5072 24.201 7.0192 23.954 9.1888 15.571 25.25 23.051 23.393 8.0664 24.405 47.041 30.362 7.0307 109.98 11.189 24.896 24.207 12.974 35.177 15.742 42.979
0 0 0 0 0 0 0 0 0 0 0 0 0 0 0 0 0 0 0 0 0 0 0 0 0 26.375 24.672 26.943 52.965 27.87 25.214 11.414 27.029 27.052 35.722 27.445 26.64 26.425 27.477 26.943 33.247 26.191 25.326 27.308 29.2 27.759 52.592 15.04 27.027 101.09 27.477 45.486 28.975 29 45.886 33.956 45.207
0 0 0 0 0 0 0 0 0 0 0 0 0 0 0 0 0 0 0 0 0 0 0 0 0 0 25.699 26.122 53 12.042 14.945 30.868 11.863 24.072 35.722 27.445 28.313 25.417 27.477 25.081 33.247 23.946 22.845 18.699 30.477 21.883 52.244 31.195 25.862 101.11 27.018 45.486 31.055 27.621 45.886 33.956 45.221
0 0 0 0 0 0 0 0 0 0 0 0 0 0 0 0 0 0 0 0 0 0 0 0 0 0 0 26.547 53.223 20.824 20.322 29.8 17.364 10.873 36.447 26.546 8.4209 21.428 27.611 19.628 33.254 8.5928 22.456 21.22 24.901 10.129 52.592 29.924 23.048 100.84 27.157 45.286 15.973 23.453 46.967 34.461 45.049
0 0 0 0 0 0 0 0 0 0 0 0 0 0 0 0 0 0 0 0 0 0 0 0 0 0 0 0 41.366 26.539 20.503 31.553 26.288 24.886 30.568 23.015 28.962 24.098 20.567 23.933 30.228 26.828 26.879 19.922 30.692 26.288 40.977 31.649 24.987 112.42 19.01 27.158 30.534 27.744 33.257 33.152 41.454
0 0 0 0 0 0 0 0 0 0 0 0 0 0 0 0 0 0 0 0 0 0 0 0 0 0 0 0 0 51.538 53.146 52.834 53.175 53 52.965 52.751 46.437 52.764 52.454 52.665 48.979 46.552 57.974 52.672 52.885 44.626 18.562 52.589 45.588 103.68 49.059 60.12 38.234 53.694 53.005 52.733 82.643
0 0 0 0 0 0 0 0 0 0 0 0 0 0 0 0 0 0 0 0 0 0 0 0 0 0 0 0 0 0 16.877 31.809 10.947 22.148 36.079 27.756 26.476 22.7 27.91 20.015 33.679 19.793 23.209 19.081 27.574 16.981 51.223 32.809 24.192 101.22 27.369 45.817 27.011 24.59 46.222 34.304 45.096
0 0 0 0 0 0 0 0 0 0 0 0 0 0 0 0 0 0 0 0 0 0 0 0 0 0 0 0 0 0 0 30.048 15.14 22.446 29.114 18.717 26.382 18.781 18.665 19.025 25.559 19.407 16.958 14.16 27.035 15.478 52.456 30.125 20.558 100.75 17.845 36.602 25.415 23.489 41.637 28.94 43.034
0 0 0 0 0 0 0 0 0 0 0 0 0 0 0 0 0 0 0 0 0 0 0 0 0 0 0 0 0 0 0 0 31.452 31.157 35.233 32.221 30.364 30.946 31.772 31.62 33.186 30.946 30.032 31.483 33.152 31.72 52.518 15.438 31.696 101.22 32.233 44.851 31.696 33.858 46.172 33.425 45.457
0 0 0 0 0 0 0 0 0 0 0 0 0 0 0 0 0 0 0 0 0 0 0 0 0 0 0 0 0 0 0 0 0 19.359 35.864 27.569 23.352 22.487 27.65 19.393 33.419 16.809 22.99 18.851 25.277 13.14 52.431 32.009 23.975 101.11 27.157 45.618 23.055 23.374 46.02 34.094 45.194
0 0 0 0 0 0 0 0 0 0 0 0 0 0 0 0 0 0 0 0 0 0 0 0 0 0 0 0 0 0 0 0 0 0 30.726 21.364 8.9133 15.9 21.528 12.813 28.383 9.2626 21.015 20.768 18.241 10.91 52.244 32.082 17.476 101.33 20.103 38.872 16.395 17.558 42.389 28.368 43.48
0 0 0 0 0 0 0 0 0 0 0 0 0 0 0 0 0 0 0 0 0 0 0 0 0 0 0 0 0 0 0 0 0 0 0 18.491 35.651 22.808 26.14 23.725 15.102 36.677 25.752 26.116 22.349 35.864 52.668 30.922 22.642 127.16 20.949 18.372 36.86 27.322 24.252 14.416 38.086
0 0 0 0 0 0 0 0 0 0 0 0 0 0 0 0 0 0 0 0 0 0 0 0 0 0 0 0 0 0 0 0 0 0 0 0 27.384 7.4344 18.758 10.612 10.949 27.972 18.922 19.337 12.099 27.569 52.583 32.157 11.363 113.41 11.459 22.762 27.086 15.768 32.371 12.982 39.445
0 0 0 0 0 0 0 0 0 0 0 0 0 0 0 0 0 0 0 0 0 0 0 0 0 0 0 0 0 0 0 0 0 0 0 0 0 22.278 27.391 19.159 33.161 7.2395 24.109 24.952 25.005 13.675 46.373 30.597 23.762 100.88 26.948 45.421 12.249 23.203 45.82 33.887 45.983
0 0 0 0 0 0 0 0 0 0 0 0 0 0 0 0 0 0 0 0 0 0 0 0 0 0 0 0 0 0 0 0 0 0 0 0 0 0 20.106 7.7102 16.662 23.35 20.305 20.567 10.398 22.487 52.181 31.433 9.9088 106.78 10.892 26.256 22.176 13.088 37.068 18.877 41.233
0 0 0 0 0 0 0 0 0 0 0 0 0 0 0 0 0 0 0 0 0 0 0 0 0 0 0 0 0 0 0 0 0 0 0 0 0 0 0 20.103 25.666 28.1 14.353 11.908 26.322 27.65 52.063 31.808 20.472 114.44 15.167 22.021 27.807 23.475 31.324 28.8 40.014
0 0 0 0 0 0 0 0 0 0 0 0 0 0 0 0 0 0 0 0 0 0 0 0 0 0 0 0 0 0 0 0 0 0 0 0 0 0 0 0 19.593 20.084 20.568 20.832 9.3095 19.393 52.16 31.649 9.5058 103.61 11.083 30.123 20.246 13.079 40.582 20.57 41.662
0 0 0 0 0 0 0 0 0 0 0 0 0 0 0 0 0 0 0 0 0 0 0 0 0 0 0 0 0 0 0 0 0 0 0 0 0 0 0 0 0 33.86 25.003 25.186 14.049 33.419 48.64 30.371 14.925 122.73 13.327 21.531 33.509 24.139 24.274 10.659 41.699
0 0 0 0 0 0 0 0 0 0 0 0 0 0 0 0 0 0 0 0 0 0 0 0 0 0 0 0 0 0 0 0 0 0 0 0 0 0 0 0 0 0 23.802 19.6 25.607 9.1374 46.305 31.061 24.805 101.22 28.013 46.234 13.901 24.023 46.914 34.948 45.367
0 0 0 0 0 0 0 0 0 0 0 0 0 0 0 0 0 0 0 0 0 0 0 0 0 0 0 0 0 0 0 0 0 0 0 0 0 0 0 0 0 0 0 15.952 25.766 22.99 57.007 30.047 20.452 107.22 17.255 26.666 31.761 22.469 36.649 27.84 32.227
0 0 0 0 0 0 0 0 0 0 0 0 0 0 0 0 0 0 0 0 0 0 0 0 0 0 0 0 0 0 0 0 0 0 0 0 0 0 0 0 0 0 0 0 26.088 18.851 52.292 32.327 20.92 103.81 15.549 29.926 25.853 22.731 39.581 28.123 41.82
0 0 0 0 0 0 0 0 0 0 0 0 0 0 0 0 0 0 0 0 0 0 0 0 0 0 0 0 0 0 0 0 0 0 0 0 0 0 0 0 0 0 0 0 0 25.277 52.193 33.133 9.005 111.34 13.369 22.883 25.168 13.437 33.683 14.233 40.429
0 0 0 0 0 0 0 0 0 0 0 0 0 0 0 0 0 0 0 0 0 0 0 0 0 0 0 0 0 0 0 0 0 0 0 0 0 0 0 0 0 0 0 0 0 0 44.244 32.645 23.975 101.11 27.157 45.618 10.949 24.447 46.02 34.094 48.2
0 0 0 0 0 0 0 0 0 0 0 0 0 0 0 0 0 0 0 0 0 0 0 0 0 0 0 0 0 0 0 0 0 0 0 0 0 0 0 0 0 0 0 0 0 0 0 52.234 45.548 106.98 48.868 59.528 37.957 53.272 52.524 52.248 82.383
0 0 0 0 0 0 0 0 0 0 0 0 0 0 0 0 0 0 0 0 0 0 0 0 0 0 0 0 0 0 0 0 0 0 0 0 0 0 0 0 0 0 0 0 0 0 0 0 31.728 102.45 32.231 35.256 32.204 33.815 39.239 32.427 45.305
0 0 0 0 0 0 0 0 0 0 0 0 0 0 0 0 0 0 0 0 0 0 0 0 0 0 0 0 0 0 0 0 0 0 0 0 0 0 0 0 0 0 0 0 0 0 0 0 0 108.73 12.06 27.832 23.791 11.611 35.734 16.416 46.395
0 0 0 0 0 0 0 0 0 0 0 0 0 0 0 0 0 0 0 0 0 0 0 0 0 0 0 0 0 0 0 0 0 0 0 0 0 0 0 0 0 0 0 0 0 0 0 0 0 0 113.38 132.96 104.32 101.16 141.42 124.02 137.1
0 0 0 0 0 0 0 0 0 0 0 0 0 0 0 0 0 0 0 0 0 0 0 0 0 0 0 0 0 0 0 0 0 0 0 0 0 0 0 0 0 0 0 0 0 0 0 0 0 0 0 23.304 28.039 15.043 32.111 17.57 41.503
0 0 0 0 0 0 0 0 0 0 0 0 0 0 0 0 0 0 0 0 0 0 0 0 0 0 0 0 0 0 0 0 0 0 0 0 0 0 0 0 0 0 0 0 0 0 0 0 0 0 0 0 45.686 34.243 22.716 19.985 23.988
0 0 0 0 0 0 0 0 0 0 0 0 0 0 0 0 0 0 0 0 0 0 0 0 0 0 0 0 0 0 0 0 0 0 0 0 0 0 0 0 0 0 0 0 0 0 0 0 0 0 0 0 0 27.851 47.178 35.133 57.895
0 0 0 0 0 0 0 0 0 0 0 0 0 0 0 0 0 0 0 0 0 0 0 0 0 0 0 0 0 0 0 0 0 0 0 0 0 0 0 0 0 0 0 0 0 0 0 0 0 0 0 0 0 0 40.571 24.382 37.854
0 0 0 0 0 0 0 0 0 0 0 0 0 0 0 0 0 0 0 0 0 0 0 0 0 0 0 0 0 0 0 0 0 0 0 0 0 0 0 0 0 0 0 0 0 0 0 0 0 0 0 0 0 0 0 26.938 34.996
0 0 0 0 0 0 0 0 0 0 0 0 0 0 0 0 0 0 0 0 0 0 0 0 0 0 0 0 0 0 0 0 0 0 0 0 0 0 0 0 0 0 0 0 0 0 0 0 0 0 0 0 0 0 0 0 37.86
0 0 0 0 0 0 0 0 0 0 0 0 0 0 0 0 0 0 0 0 0 0 0 0 0 0 0 0 0 0 0 0 0 0 0 0 0 0 0 0 0 0 0 0 0 0 0 0 0 0 0 0 0 0 0 0 0
