0 18.667 21.385 16.857 18.667 20.442 18.667 10.399 23.23 18.667 18.667 23.234 18.667 18.667 18.667 17.743 7.9107 20.442 21.405 16.857 18.667 18.667 21.381 21.389 22.301 18.667 21.381 18.667 22.301 20.466 8.5667 22.31 16.857 16.857 13.28 61.59 20.509 22.301 20.509
0 0 12.137 11.118 12.04 6.7749 13.186 19.987 9.5104 10.941 13.198 13.889 9.8113 11.09 11.112 8.0608 18.944 8.3172 13.154 12.014 12.04 12.975 11.118 9.467 12.034 8.4806 10.221 11.497 12.04 12.04 20.287 12.241 10.193 12.56 19.402 62.259 15.165 12.956 15.358
0 0 0 11.459 12.149 11.191 14.999 22.299 12.248 10.531 13.247 11.386 10.559 12.061 13.015 11.521 21.539 11.037 10.476 10.956 10.531 13.553 9.2663 12.672 11.513 11.798 12.07 14.037 11.341 10.26 22.534 11.888 12.281 14.273 21.857 62.071 12.648 11.486 15.445
0 0 0 0 8.6909 6.6779 13.237 18.408 8.3585 12.462 13.575 8.4252 7.4284 12.381 10.188 11.448 17.199 9.1465 12.054 9.1946 12.096 13.933 9.3969 8.6156 8.3366 12.034 11.372 12.123 7.476 9.5569 18.747 12.414 13.353 11.844 17.737 59.675 9.5621 10.207 15.044
0 0 0 0 0 8.8777 7.5484 19.987 8.6766 11.552 11.258 11.244 9.8383 8.5 10.876 9.5405 18.944 7.5667 12.267 6.4999 14.416 12.992 7.6011 7.4108 12.971 7.57 12.378 16.546 9.7963 9.6299 20.287 12.259 8.5195 11.097 19.402 62.071 11.347 14.803 14.407
0 0 0 0 0 0 13.818 21.192 9.3134 8.498 10.458 9.2322 7.4657 10.868 9.403 10.386 20.532 6.5647 13.003 8.55 10.181 13.163 8.5437 10.444 8.3375 12.04 10.297 12.109 6.9942 10.539 21.411 11.288 10.916 11.16 20.794 59.583 14.234 12.058 14.589
0 0 0 0 0 0 0 19.987 11.094 10.824 12.378 14.407 13.26 12.216 13.64 9.4726 18.944 13.305 12.018 8.57 9.2904 10.425 10.39 11.425 14.287 7.569 11.254 12.956 14.983 11.561 20.287 11.247 13.166 10.63 19.402 59.407 13.258 14.831 14.39
0 0 0 0 0 0 0 0 23.894 19.987 19.987 24.001 19.987 19.987 19.987 19.126 12.507 21.192 22.429 18.408 19.987 19.987 22.268 22.331 23.018 19.987 22.268 19.987 22.991 21.476 9.5465 23.161 18.408 18.408 14.889 61.542 21.689 22.991 21.689
0 0 0 0 0 0 0 0 0 12.057 11.094 8.3242 8.3184 10.172 8.4105 12.377 23.309 10.322 8.3457 7.407 10.256 11.66 7.5622 11.094 10.243 12.033 10.442 14.907 12.07 10.228 24.088 12.241 11.037 12.876 23.541 61.039 10.049 12.98 14.505
0 0 0 0 0 0 0 0 0 0 13.439 11.719 9.6364 10.504 10.182 13.307 18.944 9.2925 13.945 11.605 13.303 14.24 11.402 10.689 8.1747 13.307 12.971 13.986 9.6364 10.224 20.287 11.486 13.354 14.229 19.402 61.675 10.464 12.136 15.044
0 0 0 0 0 0 0 0 0 0 0 13.985 13.45 12.363 12.045 10.494 18.944 13.223 12.019 9.2549 14.628 13.915 11.706 8.798 11.89 11.936 12.326 13.933 12.528 9.7187 20.287 11.513 11.295 10.916 19.402 61.128 12.339 14.831 14.39
0 0 0 0 0 0 0 0 0 0 0 0 9.1091 12.911 7.3935 11.615 23.349 12.82 9.2534 11.521 13.134 15.852 9.5739 11.521 8.3199 11.615 12.114 15.092 9.1091 10.283 24.209 12.34 14.443 12.368 23.616 61.093 13.377 12.021 15.252
0 0 0 0 0 0 0 0 0 0 0 0 0 12.237 11.126 8.6147 18.944 9.2444 8.9418 11.202 13.005 15.357 9.4489 9.714 9.2751 11.1 11.399 9.3009 8.3537 10.312 20.287 11.513 12.3 11.041 19.402 60.136 10.464 10.196 16.051
0 0 0 0 0 0 0 0 0 0 0 0 0 0 11.09 8.4891 18.944 11.316 11.096 8.3317 10.018 11.113 9.4754 10.45 10.754 11.171 12.725 12.318 11.257 10.438 20.287 11.384 13.198 10.159 19.402 63.071 13.404 11.425 15.266
0 0 0 0 0 0 0 0 0 0 0 0 0 0 0 11.345 18.944 11.185 11.233 12.02 12.014 11.456 8.9501 9.9078 6.2171 10.685 12.176 13.047 10.182 9.5234 20.287 12.241 11.286 13.301 19.402 62.924 12.07 12.533 16.156
0 0 0 0 0 0 0 0 0 0 0 0 0 0 0 0 18.033 8.5835 14.065 12.402 13.165 10.435 12.361 10.466 10.235 10.412 10.431 16.446 9.5484 12.233 19.439 10.61 11.423 13.344 18.513 60.878 8.5818 13.901 14.472
0 0 0 0 0 0 0 0 0 0 0 0 0 0 0 0 0 20.532 21.598 17.199 18.944 18.944 21.526 21.553 22.393 18.944 21.526 18.944 22.383 20.647 11.402 22.449 17.199 17.199 13.157 61.516 20.751 22.383 20.751
0 0 0 0 0 0 0 0 0 0 0 0 0 0 0 0 0 0 11.317 8.5446 11.843 12.052 10.43 11.398 12.015 11.11 9.2263 12.245 6.8535 9.5084 21.411 9.6702 9.2763 11.488 20.794 60.8 13.236 12.939 14.298
0 0 0 0 0 0 0 0 0 0 0 0 0 0 0 0 0 0 0 9.4851 11.124 10.172 11.432 12.019 11.162 11.101 10.21 13.135 12.991 12.021 22.678 13.154 11.295 13.719 21.954 62.351 9.4673 11.199 16.847
0 0 0 0 0 0 0 0 0 0 0 0 0 0 0 0 0 0 0 0 10.221 10.186 9.2864 8.3265 12.034 11.171 11.093 15.477 10.17 10.222 18.747 11.742 7.43 14.756 17.737 61.627 12.024 12.956 14.873
0 0 0 0 0 0 0 0 0 0 0 0 0 0 0 0 0 0 0 0 0 14.759 9.3232 10.607 10.167 11.767 11.396 14.92 8.3481 9.521 20.287 13.017 13.017 16.042 19.402 61.625 12.679 11.091 14.841
0 0 0 0 0 0 0 0 0 0 0 0 0 0 0 0 0 0 0 0 0 0 9.0573 11.107 12.964 12.977 12.059 13.076 12.943 12.237 20.287 12.414 12.984 14.221 19.402 61.23 12.982 14.808 14.516
0 0 0 0 0 0 0 0 0 0 0 0 0 0 0 0 0 0 0 0 0 0 0 11.429 7.5553 9.4365 10.221 14.69 7.5626 10.39 22.499 11.106 9.4568 10.266 21.834 62.37 12.305 11.128 14.844
0 0 0 0 0 0 0 0 0 0 0 0 0 0 0 0 0 0 0 0 0 0 0 0 10.189 10.444 7.6241 15.477 9.5141 9.517 22.569 8.4542 8.5704 10.262 21.88 59.294 11.352 13.91 14.361
0 0 0 0 0 0 0 0 0 0 0 0 0 0 0 0 0 0 0 0 0 0 0 0 0 11.107 12.964 13.97 12.963 11.259 23.224 12.468 10.335 13.431 22.643 62.737 12.531 10.434 18.141
0 0 0 0 0 0 0 0 0 0 0 0 0 0 0 0 0 0 0 0 0 0 0 0 0 0 9.7765 14.722 9.7781 11.157 20.287 10.755 10.194 11.023 19.402 61.372 14.304 11.425 15.152
0 0 0 0 0 0 0 0 0 0 0 0 0 0 0 0 0 0 0 0 0 0 0 0 0 0 0 14.833 10.285 8.5448 22.499 12.414 11.396 10.778 21.834 61.483 11.443 14.808 14.516
0 0 0 0 0 0 0 0 0 0 0 0 0 0 0 0 0 0 0 0 0 0 0 0 0 0 0 0 13.915 12.08 20.287 15.633 10.189 13.933 19.402 61.896 13.45 10.759 18.763
0 0 0 0 0 0 0 0 0 0 0 0 0 0 0 0 0 0 0 0 0 0 0 0 0 0 0 0 0 10.513 23.193 10.372 9.0647 12.684 22.624 59.599 14.278 13.885 14.721
0 0 0 0 0 0 0 0 0 0 0 0 0 0 0 0 0 0 0 0 0 0 0 0 0 0 0 0 0 0 21.728 10.487 11.234 11.95 20.998 60.374 12.305 13.866 15.363
0 0 0 0 0 0 0 0 0 0 0 0 0 0 0 0 0 0 0 0 0 0 0 0 0 0 0 0 0 0 0 23.384 18.747 18.747 13.31 60.134 21.962 23.193 21.962
0 0 0 0 0 0 0 0 0 0 0 0 0 0 0 0 0 0 0 0 0 0 0 0 0 0 0 0 0 0 0 0 11.206 11.434 22.745 59.911 12.346 14.823 14.502
0 0 0 0 0 0 0 0 0 0 0 0 0 0 0 0 0 0 0 0 0 0 0 0 0 0 0 0 0 0 0 0 0 11.131 17.737 60.453 12.396 12.98 14.502
0 0 0 0 0 0 0 0 0 0 0 0 0 0 0 0 0 0 0 0 0 0 0 0 0 0 0 0 0 0 0 0 0 0 17.737 61.625 11.352 14.263 9.8399
0 0 0 0 0 0 0 0 0 0 0 0 0 0 0 0 0 0 0 0 0 0 0 0 0 0 0 0 0 0 0 0 0 0 0 50.827 21.16 22.624 21.16
0 0 0 0 0 0 0 0 0 0 0 0 0 0 0 0 0 0 0 0 0 0 0 0 0 0 0 0 0 0 0 0 0 0 0 0 61.249 62.565 61.448
0 0 0 0 0 0 0 0 0 0 0 0 0 0 0 0 0 0 0 0 0 0 0 0 0 0 0 0 0 0 0 0 0 0 0 0 0 15.837 13.609
0 0 0 0 0 0 0 0 0 0 0 0 0 0 0 0 0 0 0 0 0 0 0 0 0 0 0 0 0 0 0 0 0 0 0 0 0 0 20.77
0 0 0 0 0 0 0 0 0 0 0 0 0 0 0 0 0 0 0 0 0 0 0 0 0 0 0 0 0 0 0 0 0 0 0 0 0 0 0
