0 26.414 28.222 331.57 29.505 30.156 305.59 32.571 322.19 319.48 39.6 27.126 36.982 311.74 24.08 36.522 305.96 41.195 26.946 311.43 30.769 329.93 35.957 305.65 37.567 30.93 315.07 304.2
0 0 38.691 332.52 26.31 36.122 305.83 20.007 324.44 321.69 37.756 38.912 54.604 312.19 29.405 29.064 306.4 34.567 27.047 311.89 30.855 331.22 31.437 306.09 33.636 31.552 318.02 307.8
0 0 0 329.71 34.513 36.289 306.2 45.223 316.81 313.61 44.327 13.517 20.087 312.35 34.726 48.65 306.54 51.511 41.538 312.04 33.127 326.93 39.775 306.24 47.699 30.645 307.13 292.36
0 0 0 0 332.56 329.11 33.076 332.3 30.338 28.224 338.01 329.4 330 35.935 332.52 332.53 31.311 332.41 337.1 36.923 330.62 27.576 332.18 34.919 329.07 329.52 27.772 45.28
0 0 0 0 0 33.311 306.15 29.466 324.47 321.72 37.519 36.556 45.454 312.44 31.68 32.03 306.69 37.529 28.822 312.11 29.537 331.25 31.329 306.4 32.341 31.376 318.08 307.85
0 0 0 0 0 0 306 40.185 316.18 312.82 37.287 35.957 31.884 311.88 36.041 43.249 306.41 43.861 39.764 311.69 31.231 326.35 36.696 306.2 32.306 31.407 306.1 290.71
0 0 0 0 0 0 0 306.27 33.655 31.49 307.89 306.34 306.68 29.273 306.07 306.13 34.057 306.56 310.66 29.968 306.49 33.377 305.32 32.85 305.92 306.2 28.598 30.939
0 0 0 0 0 0 0 0 324.15 321.41 31.758 46.113 57.672 312.39 25.046 25.092 306.76 33.19 25.542 312.11 38.598 330.97 35.09 306.5 42.34 35.218 317.6 307.43
0 0 0 0 0 0 0 0 0 19.054 327.54 316.61 318.5 24.756 324.16 324.37 22.911 324.19 329.36 37.626 319.94 21.237 324.28 40.979 316.69 316.72 12.414 29.121
0 0 0 0 0 0 0 0 0 0 324.17 313.13 315.31 23.964 321.76 321.61 20.748 321.74 326.77 36.459 316.62 19.601 321.32 39.943 313.15 313.34 15.802 28.973
0 0 0 0 0 0 0 0 0 0 0 44.24 48.903 312.44 28.034 36.207 307.93 36.231 31.654 312.11 44.187 336.05 35.493 307.87 43.115 41.116 319.2 306.2
0 0 0 0 0 0 0 0 0 0 0 0 20.213 312.27 36.978 48.409 306.77 50.897 41.524 312.06 32.539 326.73 39.606 306.56 46.906 31.775 306.41 291.66
0 0 0 0 0 0 0 0 0 0 0 0 0 312.94 46.474 58.442 307.06 59.135 46.782 312.6 31.249 327.55 55.954 306.92 32.478 36.192 309.31 295.92
0 0 0 0 0 0 0 0 0 0 0 0 0 0 311.65 312.24 31.537 312.5 314.86 34.671 312.63 33.661 310.98 37.429 312.24 311.74 27.987 46.107
0 0 0 0 0 0 0 0 0 0 0 0 0 0 0 32.121 306.41 36.895 18.372 311.44 32.487 331.34 35.577 306.09 46.978 31.035 317.79 307.58
0 0 0 0 0 0 0 0 0 0 0 0 0 0 0 0 306.61 28.684 30.862 311.96 43.156 331.17 39.222 306.36 45.283 39.338 317.86 307.61
0 0 0 0 0 0 0 0 0 0 0 0 0 0 0 0 0 306.99 310.74 33.476 306.98 29.458 305.32 35.571 306.47 306.4 23.015 29.237
0 0 0 0 0 0 0 0 0 0 0 0 0 0 0 0 0 0 30.51 312.29 46.065 331.19 36.121 306.78 48.609 43.185 317.9 307.58
0 0 0 0 0 0 0 0 0 0 0 0 0 0 0 0 0 0 0 310.84 34.502 335.77 35.155 310.12 37.35 34.553 322.66 313.19
0 0 0 0 0 0 0 0 0 0 0 0 0 0 0 0 0 0 0 0 312.34 35.802 310.66 18.859 311.92 311.43 35.816 46.637
0 0 0 0 0 0 0 0 0 0 0 0 0 0 0 0 0 0 0 0 0 328.54 34.927 306.72 31.781 22.869 311.93 298.74
0 0 0 0 0 0 0 0 0 0 0 0 0 0 0 0 0 0 0 0 0 0 330.78 39.379 326.78 326.86 24.502 42.942
0 0 0 0 0 0 0 0 0 0 0 0 0 0 0 0 0 0 0 0 0 0 0 305.18 47.046 36.524 317.61 307.68
0 0 0 0 0 0 0 0 0 0 0 0 0 0 0 0 0 0 0 0 0 0 0 0 306.17 306.09 38.592 32.672
0 0 0 0 0 0 0 0 0 0 0 0 0 0 0 0 0 0 0 0 0 0 0 0 0 37.04 306.3 292.22
0 0 0 0 0 0 0 0 0 0 0 0 0 0 0 0 0 0 0 0 0 0 0 0 0 0 307.09 293.8
0 0 0 0 0 0 0 0 0 0 0 0 0 0 0 0 0 0 0 0 0 0 0 0 0 0 0 20.12
0 0 0 0 0 0 0 0 0 0 0 0 0 0 0 0 0 0 0 0 0 0 0 0 0 0 0 0
