0 12.533 9.365 13.258 12.003 13.437 9.9561 10.304 13.422 12.071 12.18 9.3557 10.429 13.11 13.109 9.7646 15.89 20.67 7.5771 18.825 13.328 12.608 10.777 13.352 14.153 15.949 12.131 11.462 8.7153 10.313 16.05 11.445 15.542 9.7646 14.36
0 0 13.619 12.292 9.1966 8.5207 13.135 13.619 14.148 14.179 13.669 10.293 11.649 16.339 14.566 14.508 10.095 12.172 15.996 14.191 9.6345 10.888 9.3287 9.1876 9.5152 13.378 11.547 8.4296 11.54 10.661 13.569 12.614 12.319 11.269 12.843
0 0 0 12.619 12.397 14.201 11.051 13.679 13.655 13.085 7.8339 11.818 9.3635 11.24 12.486 9.8243 15.033 20.165 11.087 18.051 13.441 13.265 10.259 13.374 14.471 13.792 12.311 12.236 9.7094 10.718 15.017 12.392 14.697 12.007 13.648
0 0 0 0 13.471 12.32 10.728 12.59 11.951 12.833 10.307 12.167 10.825 14.383 16.159 10.47 14.358 19.097 10.316 17.06 14.361 10.966 12.994 14.041 12.536 14.168 10.332 10.726 9.0625 14.116 14.259 12.282 13.76 9.2823 14.294
0 0 0 0 0 12.339 13.234 9.7105 8.4279 12.87 9.3642 9.1338 11.14 16.01 14.223 14.134 6.5576 9.4614 15.769 7.6036 10.698 6.6139 11.299 13.374 8.9462 7.4922 10.312 9.7302 9.8869 11.358 10.413 7.566 11.401 11.308 11.574
0 0 0 0 0 0 14.907 11.506 8.5234 11.234 13.164 13.241 13.714 17.5 15.667 15.487 11.398 12.412 17.188 7.6279 12.323 13.279 12.342 14.055 13.264 12.315 8.5234 12.705 13.241 11.065 12.323 8.6084 11.745 12.978 11.371
0 0 0 0 0 0 0 13.206 14.04 13.547 13.155 11.424 13.406 10.96 13.526 12.076 16.466 21.514 11.664 19.479 13.819 13.968 12.02 13.497 15.389 15.709 12.606 12.901 8.8444 11.061 16.509 12.485 16.108 11.903 15.022
0 0 0 0 0 0 0 0 13.318 11.529 11.963 9.5132 12.452 12.557 12.44 12.8 9.7546 12.668 14.303 11.371 12.419 10.91 9.8341 14.234 11.506 13.401 12.311 10.003 10.551 10.718 13.291 9.3682 11.323 14.072 12.539
0 0 0 0 0 0 0 0 0 13.367 12.176 8.1789 12.024 15.93 15.635 13.756 8.5019 12.172 15.541 12.332 11.373 9.4933 9.5712 11.599 7.6019 10.303 12.313 11.227 11.555 12.299 13.257 12.299 12.335 13.381 11.602
0 0 0 0 0 0 0 0 0 0 11.488 12.87 11.121 15.209 14.107 13.118 13.722 12.22 14.857 13.321 11.321 12.03 11.252 13.321 12.113 14.586 14.179 8.4486 10.454 11.538 11.581 11.599 11.131 11.633 11.581
0 0 0 0 0 0 0 0 0 0 0 9.4777 9.3649 10.489 12.281 12.173 12.416 17.517 13.38 16.011 9.7662 10.301 14.389 10.347 11.523 12.295 13.12 9.9736 11.237 9.5301 12.981 9.5095 12.9 11.262 10.794
0 0 0 0 0 0 0 0 0 0 0 0 9.5661 13.104 10.863 10.372 8.5606 12.389 12.389 10.153 9.4781 9.0705 6.6782 13.349 8.5116 8.4607 7.5742 9.1937 9.9062 10.718 8.3531 10.611 11.401 8.828 9.9771
0 0 0 0 0 0 0 0 0 0 0 0 0 12.32 12.867 8.9907 14.862 18.113 9.2425 16.986 11.447 10.96 9.3363 11.364 13.307 15.019 12.075 10.716 10.752 10.381 15.456 11.239 15.002 11.589 13.56
0 0 0 0 0 0 0 0 0 0 0 0 0 0 12.82 9.9259 19.229 22.798 9.3935 22.649 15.794 15.74 12.031 16.819 18.019 18.721 15.587 15.101 10.646 9.9897 19.878 15.115 19.527 9.8113 17.78
0 0 0 0 0 0 0 0 0 0 0 0 0 0 0 13.241 18.114 22.837 12.388 21.005 15.536 14.836 11.17 15.048 16.377 17.964 14.26 13.69 13.787 13.685 18.194 13.649 17.701 13.109 16.569
0 0 0 0 0 0 0 0 0 0 0 0 0 0 0 0 17.098 21.445 7.9708 20.306 13.767 13.872 10.713 14.337 16.053 16.477 13.435 13.518 9.1524 8.715 17.319 13.358 16.933 10.524 15.65
0 0 0 0 0 0 0 0 0 0 0 0 0 0 0 0 0 12.174 18.866 8.4283 7.6236 6.5573 9.4232 12.435 7.5587 10.3 7.313 10.556 11.799 12.472 8.686 10.301 12.341 15.651 8.4928
0 0 0 0 0 0 0 0 0 0 0 0 0 0 0 0 0 0 23.334 10.303 11.343 11.236 13.432 11.473 12.335 7.4944 9.0165 11.412 16.226 16.836 12.174 10.399 11.534 19.786 8.7717
0 0 0 0 0 0 0 0 0 0 0 0 0 0 0 0 0 0 0 22.287 15.472 15.487 11.309 16.331 17.729 18.27 15.422 14.964 10.629 10.718 19.288 14.908 18.915 12.3 17.415
0 0 0 0 0 0 0 0 0 0 0 0 0 0 0 0 0 0 0 0 8.7473 8.5145 11.217 10.415 6.8246 8.4281 8.726 11.679 14.569 16.175 10.415 11.24 11.398 17.653 9.4726
0 0 0 0 0 0 0 0 0 0 0 0 0 0 0 0 0 0 0 0 0 11.397 11.362 14.253 9.4781 8.4327 8.6558 13.415 11.237 9.3759 8.5153 8.6848 13.109 13.333 12.175
0 0 0 0 0 0 0 0 0 0 0 0 0 0 0 0 0 0 0 0 0 0 10.7 12.458 7.543 9.3619 9.4547 10.153 10.33 9.2375 9.4974 9.386 10.839 12.072 9.7672
0 0 0 0 0 0 0 0 0 0 0 0 0 0 0 0 0 0 0 0 0 0 0 11.521 9.8779 8.8087 9.6673 10.298 10.181 7.899 10.457 8.7696 9.8412 9.5178 13.361
0 0 0 0 0 0 0 0 0 0 0 0 0 0 0 0 0 0 0 0 0 0 0 0 12.435 8.8376 10.558 11.309 9.9093 14.039 8.5135 13.254 11.546 11.658 14.234
0 0 0 0 0 0 0 0 0 0 0 0 0 0 0 0 0 0 0 0 0 0 0 0 0 10.514 7.9902 9.7302 11.363 11.306 8.5334 7.9843 13.269 13.467 10.306
0 0 0 0 0 0 0 0 0 0 0 0 0 0 0 0 0 0 0 0 0 0 0 0 0 0 8.5326 11.416 12.6 11.998 10.307 8.5309 13.282 14.743 10.669
0 0 0 0 0 0 0 0 0 0 0 0 0 0 0 0 0 0 0 0 0 0 0 0 0 0 0 11.325 9.9527 10.718 10.398 10.398 12.319 11.371 11.574
0 0 0 0 0 0 0 0 0 0 0 0 0 0 0 0 0 0 0 0 0 0 0 0 0 0 0 0 9.7094 9.5123 10.652 11.158 11.466 10.961 10.298
0 0 0 0 0 0 0 0 0 0 0 0 0 0 0 0 0 0 0 0 0 0 0 0 0 0 0 0 0 8.1142 12.903 11.394 12.281 8.4764 12.039
0 0 0 0 0 0 0 0 0 0 0 0 0 0 0 0 0 0 0 0 0 0 0 0 0 0 0 0 0 0 13.415 10.718 13.141 7.5924 12.196
0 0 0 0 0 0 0 0 0 0 0 0 0 0 0 0 0 0 0 0 0 0 0 0 0 0 0 0 0 0 0 9.4715 9.4818 15.227 10.419
0 0 0 0 0 0 0 0 0 0 0 0 0 0 0 0 0 0 0 0 0 0 0 0 0 0 0 0 0 0 0 0 10.192 10.575 9.5098
0 0 0 0 0 0 0 0 0 0 0 0 0 0 0 0 0 0 0 0 0 0 0 0 0 0 0 0 0 0 0 0 0 14.781 13.881
0 0 0 0 0 0 0 0 0 0 0 0 0 0 0 0 0 0 0 0 0 0 0 0 0 0 0 0 0 0 0 0 0 0 14.339
0 0 0 0 0 0 0 0 0 0 0 0 0 0 0 0 0 0 0 0 0 0 0 0 0 0 0 0 0 0 0 0 0 0 0
