0 38.127 24.541 22.065 23.577 27.735 20.108 18.684 36.319 23.328 20.095 14.434 19.176 11.734 28.979 41.136 37.807 23.451 20.35 30.46 17.081 44.024 94.164 40.025 44.702 11.52 35.953
0 0 58.37 38.771 40.797 37.958 52.403 50.433 14.928 38.867 37.506 38.516 54.369 38.196 48.363 13.025 16.389 38.133 50.949 38.126 37.893 23.296 66.649 13.331 14.601 38.588 11.772
0 0 0 20.279 21.94 25.563 19.615 18.202 56.854 25.345 24.613 21.661 16.356 24.628 36.116 61.627 57.851 22.05 17.85 26.377 22.435 64.636 110.06 60.346 65.081 22.098 57.119
0 0 0 0 22.624 26.786 19.33 14.239 36.922 22.383 20.255 20.889 19.898 22.602 47.793 41.847 38.4 16.526 19.462 29.505 34.066 44.649 104.06 41.672 45.37 15.797 37.207
0 0 0 0 0 15.137 22.767 19.808 38.792 20.218 21.857 23.577 19.402 20.998 32.648 43.775 39.94 22.377 18.637 14.939 22.767 46.376 95.681 42.239 47.675 21.857 38.531
0 0 0 0 0 0 27.067 24.105 36.183 21.976 26.207 27.735 24.105 25.442 29.078 41.298 37.644 23.27 18.95 11.491 27.067 43.941 94.591 39.778 44.738 26.207 36.04
0 0 0 0 0 0 0 20.61 50.612 22.558 18.96 18.999 15.656 19.125 35.703 54.658 52.006 17.477 19.926 29.681 22.191 58.098 110.22 54.348 58.673 17.642 49.917
0 0 0 0 0 0 0 0 48.471 20.559 21.247 18.534 14.871 18.514 37.179 51.9 50.108 16.752 17.959 26.377 22.896 55.98 110.56 52.375 56.292 17.142 47.701
0 0 0 0 0 0 0 0 0 37.141 35.955 36.693 52.683 36.374 46.444 14.484 13.229 36.539 48.776 36.838 36.155 21.392 69.144 16.795 17.372 36.826 14.39
0 0 0 0 0 0 0 0 0 0 21.837 23.328 20.503 23.174 47.282 42.192 38.561 19.547 14.874 23.321 33.853 44.939 103.99 41.504 45.883 21.837 37.277
0 0 0 0 0 0 0 0 0 0 0 18.636 19.503 18.579 33.155 40.848 37.23 21.844 19.197 28.78 18.955 43.701 94.947 38.931 44.987 15.262 36.365
0 0 0 0 0 0 0 0 0 0 0 0 19.087 14.676 29.952 40.885 38.32 22.599 20.35 30.46 22.84 44.735 94.536 40.075 45.074 15.654 36.183
0 0 0 0 0 0 0 0 0 0 0 0 0 19.169 30.155 56.174 54.083 24.082 17.85 26.377 21.786 59.869 107.77 56.361 60.399 18.925 51.694
0 0 0 0 0 0 0 0 0 0 0 0 0 0 29.669 41.04 37.874 22.958 18.632 27.938 16.876 44.046 94.588 40.13 44.665 12.858 35.899
0 0 0 0 0 0 0 0 0 0 0 0 0 0 0 50.404 47.911 48.179 35.493 28.512 20.617 53.894 102.62 50.204 54.402 36.533 45.988
0 0 0 0 0 0 0 0 0 0 0 0 0 0 0 0 16.757 41.337 52.915 40.456 41.348 20.439 66.359 11.961 14.324 42.04 12.11
0 0 0 0 0 0 0 0 0 0 0 0 0 0 0 0 0 37.832 50.417 37.895 37.585 20.271 67.544 15.582 18.341 38.276 15.262
0 0 0 0 0 0 0 0 0 0 0 0 0 0 0 0 0 0 17.757 24.728 36.566 44.346 100.09 39.892 45.265 14.901 36.585
0 0 0 0 0 0 0 0 0 0 0 0 0 0 0 0 0 0 0 18.432 21.841 56.712 109.87 52.869 56.887 19.197 48.579
0 0 0 0 0 0 0 0 0 0 0 0 0 0 0 0 0 0 0 0 29.681 44.243 93.78 39.078 44.517 28.78 35.824
0 0 0 0 0 0 0 0 0 0 0 0 0 0 0 0 0 0 0 0 0 43.948 89.129 39.63 44.862 24.648 36.236
0 0 0 0 0 0 0 0 0 0 0 0 0 0 0 0 0 0 0 0 0 0 61.507 22.32 20.442 44.599 25.149
0 0 0 0 0 0 0 0 0 0 0 0 0 0 0 0 0 0 0 0 0 0 0 65.202 61.813 97.459 69.964
0 0 0 0 0 0 0 0 0 0 0 0 0 0 0 0 0 0 0 0 0 0 0 0 14.095 40.378 11.443
0 0 0 0 0 0 0 0 0 0 0 0 0 0 0 0 0 0 0 0 0 0 0 0 0 45.437 14.77
0 0 0 0 0 0 0 0 0 0 0 0 0 0 0 0 0 0 0 0 0 0 0 0 0 0 36.761
0 0 0 0 0 0 0 0 0 0 0 0 0 0 0 0 0 0 0 0 0 0 0 0 0 0 0
