0 73.735 10.615 13.591 12.678 28.389 63.653 43.454 37.032 27.544 199.87 15.788 67.246 11.238 36.164 102.73 31.262 13.285 30.536 31.949 10.058 21.881 24.563 92.413 84.254 43.976 36.218 12.165 31.192 35.375 36.191 38.478 37.592 37.08 28.365 43.091 78.864 45.804 71.848 80.267 87.479 33.323 26.997
0 0 74.065 79.203 74.772 65.116 25.42 48.724 79.154 69.448 255.24 79.16 20.064 78.929 79.132 46.563 79.472 75.78 75.78 78.586 79.158 79.151 80.928 48.244 45.591 46.599 67.767 79.134 101.8 78.959 79.13 79.082 79.461 79.282 79.161 50.467 115.08 49.12 109.35 123.31 117.74 78.488 78.944
0 0 0 12.438 10.768 32.626 64.132 45.682 36.972 28.25 199.34 12.368 67.667 12.309 36.155 104.12 31.181 9.1124 30.877 35.529 11.747 20.518 24.914 93.663 85.134 45.616 35.832 11.72 31.192 35.367 35.791 40.612 37.621 36.49 25.825 44.998 77.12 47.722 70.188 79.599 85.376 34.828 27.702
0 0 0 0 13.276 31.116 67.585 40.259 37.048 19.696 195.23 20.189 72.325 10.91 36.155 105.38 31.354 16.804 30.534 34.057 12.478 20.011 26.03 90.902 81.333 41.078 36.252 11.95 27.63 35.375 36.191 36.156 37.531 37.08 25.604 36.971 82.02 40.53 77.872 83.297 91.81 30.412 27.048
0 0 0 0 0 30.088 64.979 41.295 36.357 21.558 198.58 18.178 68.247 9.9078 36.351 104.79 32.12 14.668 32.113 33.201 12.368 20.564 24.19 92.601 82.809 42.994 35.404 14.812 29.818 35.785 36.216 35.82 36.725 36.224 25.052 39.376 80.924 42.572 75.58 81.153 89.784 30.323 28.205
0 0 0 0 0 0 53.345 30.17 36.748 25.175 209.36 28.741 61.812 27.161 36.194 92.067 33.893 28.638 31.243 24.744 28.301 24.388 32.832 79.929 70.995 30.654 35.625 30.098 40.159 35.396 35.674 36.213 37.577 36.301 35.56 35.31 92.689 35.529 86.812 93.559 101.32 34.667 29.581
0 0 0 0 0 0 0 34.395 63.089 58.673 252.21 69.996 34.737 67.77 65.946 45.876 69.451 66.478 66.188 67.16 68.289 69.1 72.021 46.324 43.676 31.621 55.831 68.732 84.832 68.534 67.364 61.223 67.076 68.429 67.794 37.896 113.02 36.194 106.74 123.29 119.14 60.042 69.02
0 0 0 0 0 0 0 0 37.029 29.024 226.95 55.58 50.11 42.991 36.167 70.396 48.449 49.347 48.954 34.806 45.309 51.182 56.648 53.192 45.503 11.609 36.212 47.524 56.972 44.371 38.396 36.161 37.101 46.677 40.18 12.962 119.72 35.814 109.07 121.19 125.16 31.005 49.341
0 0 0 0 0 0 0 0 0 36.986 196.2 46.355 72.063 37.058 20.78 94.898 37.06 39.538 39.054 30.08 36.194 45.819 48.638 74.26 70.397 36.445 13.088 36.673 40.516 33.089 25.122 27.789 23.35 35.773 27.923 36.275 104.39 33.076 104.14 104.41 118.42 12.498 38.732
0 0 0 0 0 0 0 0 0 0 205.02 37.433 64.279 20.045 36.503 97.512 31.952 32.701 31.739 28.155 25.929 33.982 42.278 80.12 72.995 31.451 35.926 29.4 36.048 36.268 36.275 36.448 37.47 36.662 24.451 24.697 96.437 36.215 94.674 95.328 110.17 29.501 32.233
0 0 0 0 0 0 0 0 0 0 0 193.52 266.01 194.82 194.98 268 194.47 197 197.07 195.65 194.85 194.36 191.58 256.18 255.8 228.73 207.47 195.05 170.02 195.05 195.08 195.71 195.26 195.12 195.03 224.76 146.22 226.33 153.79 133.33 141.8 196.32 194.52
0 0 0 0 0 0 0 0 0 0 0 0 73.393 17.577 35.951 110.71 31.883 9.7251 31.336 31.525 13.189 19.798 23.605 102.7 94.482 55.089 46.762 14.796 26.287 35.219 36.189 52.226 37.755 36.293 23.492 55.77 66.855 59.534 58.952 70.009 79.586 46.911 27.823
0 0 0 0 0 0 0 0 0 0 0 0 0 72.126 72.759 37.616 72.693 69.356 69.338 72.047 76.934 72.408 75.295 32.172 29.125 48.951 62.935 72.3 97.732 72.138 72.13 72.185 72.966 72.374 72.244 52.226 127.16 50.912 118.14 138.55 132.51 72.065 72.153
0 0 0 0 0 0 0 0 0 0 0 0 0 0 36.391 106.12 32.067 16.606 30.956 29.982 11.64 20.734 26.337 93.395 84.134 43.813 35.99 12.237 26.462 36.071 36.3 36.489 36.655 36.718 25.825 40.259 79.311 43.999 75.059 80.454 91.648 31.938 27.937
0 0 0 0 0 0 0 0 0 0 0 0 0 0 0 102.47 21.451 36.332 24.494 29.174 35.888 45.66 34.065 86.861 77.582 36.816 22.477 36.575 25.272 19.423 24.445 27.793 14.218 19.376 20.069 36.444 87.918 34.809 84.491 87.549 99.121 23.275 23.142
0 0 0 0 0 0 0 0 0 0 0 0 0 0 0 0 107.85 106.61 106.59 103.71 107.08 108.98 112.73 23.269 25.177 66.739 87.426 107.68 112.66 106.33 103.89 91.623 103.21 107.73 105.26 73.579 158.54 71.148 151.42 168.31 162.47 87.783 108.87
0 0 0 0 0 0 0 0 0 0 0 0 0 0 0 0 0 31.86 10.497 36.598 31.372 41.984 18.407 96.565 88.345 48.244 36.763 31.751 26.19 13.216 32.035 42.663 16.614 10.835 15.794 46.519 74.485 49.681 68.208 76.13 82.61 36.661 9.7283
0 0 0 0 0 0 0 0 0 0 0 0 0 0 0 0 0 0 30.933 31.091 14.465 19.433 23.343 96.925 88.353 49.244 38.551 11.486 28.937 35.755 36.229 44.392 36.655 36.543 25.07 48.621 73.485 51.458 66.42 76.019 81.67 38.485 28.089
0 0 0 0 0 0 0 0 0 0 0 0 0 0 0 0 0 0 0 34.122 31.21 40.394 19.194 96.411 88.312 48.993 38.475 29.321 28.877 15.427 29.269 44.125 20.311 11.337 18.382 48.486 73.761 51.322 66.715 76.198 81.81 38.537 11.483
0 0 0 0 0 0 0 0 0 0 0 0 0 0 0 0 0 0 0 0 31.204 36.959 32.573 87.286 78.928 37.472 36.075 32.851 33.405 35.846 13.081 28.395 32.862 36.674 38.409 38.723 87.055 35.747 83.404 86.948 97.448 37.35 32.068
0 0 0 0 0 0 0 0 0 0 0 0 0 0 0 0 0 0 0 0 0 19.859 24.025 94.746 85.534 45.648 35.308 15.017 27.135 34.882 36.375 39.61 37.937 36.171 25.935 42.616 77.025 46.764 71.68 79.318 86.183 33.94 28.494
0 0 0 0 0 0 0 0 0 0 0 0 0 0 0 0 0 0 0 0 0 0 31.8 99.109 90.278 50.98 46.334 20.204 37.176 41.635 45.871 46.302 46.632 46.515 31.15 50.428 71.358 53.341 64.527 74.271 79.018 40.425 39.641
0 0 0 0 0 0 0 0 0 0 0 0 0 0 0 0 0 0 0 0 0 0 0 103.65 95.643 56.656 47.865 23.94 24.025 20.098 29.296 53.444 29.922 19.851 25.824 57.741 65.923 60.79 57.081 68.648 73.367 47.716 15.731
0 0 0 0 0 0 0 0 0 0 0 0 0 0 0 0 0 0 0 0 0 0 0 0 19.435 50.424 65.605 96.188 98.475 93.953 90.064 69.21 89.006 96.25 91.609 57.362 156.81 54.048 148.63 169.6 161.46 65.644 97.928
0 0 0 0 0 0 0 0 0 0 0 0 0 0 0 0 0 0 0 0 0 0 0 0 0 42.488 63.679 87.461 89.535 85.095 79.693 66.812 79.469 87.434 82.03 49.435 153.05 46.075 143.59 163.12 158.15 64.19 89.775
0 0 0 0 0 0 0 0 0 0 0 0 0 0 0 0 0 0 0 0 0 0 0 0 0 0 35.471 47.961 58.958 44.958 40.081 36.066 39.146 47.46 41.675 14.211 117.87 36.243 107.69 123.67 123.63 32.608 49.492
0 0 0 0 0 0 0 0 0 0 0 0 0 0 0 0 0 0 0 0 0 0 0 0 0 0 0 36.298 39.512 32.378 31.479 35.78 24.622 35.736 28.433 35.349 109.02 34.895 104.44 108.74 119.16 11.283 39.164
0 0 0 0 0 0 0 0 0 0 0 0 0 0 0 0 0 0 0 0 0 0 0 0 0 0 0 0 26.604 37.585 36.342 42.455 37.595 36.17 25.383 45.865 74.905 49.221 68.919 76.919 83.383 36.218 28.006
0 0 0 0 0 0 0 0 0 0 0 0 0 0 0 0 0 0 0 0 0 0 0 0 0 0 0 0 0 26.673 28.575 45.396 25.808 26.134 25.543 54.807 71.932 56.412 65.439 74.924 80.649 39.412 26.709
0 0 0 0 0 0 0 0 0 0 0 0 0 0 0 0 0 0 0 0 0 0 0 0 0 0 0 0 0 0 31.187 38.453 23.301 12.695 19.901 42.16 77.835 45.31 72.962 79.615 87.108 32.282 13.064
0 0 0 0 0 0 0 0 0 0 0 0 0 0 0 0 0 0 0 0 0 0 0 0 0 0 0 0 0 0 0 31.491 28.002 32.115 33.604 36.263 84.325 38.558 80.078 84.345 94.576 32.695 27.55
0 0 0 0 0 0 0 0 0 0 0 0 0 0 0 0 0 0 0 0 0 0 0 0 0 0 0 0 0 0 0 0 31.369 42.008 37.031 36.484 110.31 31.549 108.32 111.46 125.16 36.062 44.93
0 0 0 0 0 0 0 0 0 0 0 0 0 0 0 0 0 0 0 0 0 0 0 0 0 0 0 0 0 0 0 0 0 16.359 19.886 38.013 85.549 36.915 81.368 85.326 95.741 25.239 19.997
0 0 0 0 0 0 0 0 0 0 0 0 0 0 0 0 0 0 0 0 0 0 0 0 0 0 0 0 0 0 0 0 0 0 21.427 45.05 75.6 48.685 69.473 77.637 84.226 37.094 12.389
0 0 0 0 0 0 0 0 0 0 0 0 0 0 0 0 0 0 0 0 0 0 0 0 0 0 0 0 0 0 0 0 0 0 0 37.361 81.677 41.217 76.968 82.495 91.613 28.622 15.683
0 0 0 0 0 0 0 0 0 0 0 0 0 0 0 0 0 0 0 0 0 0 0 0 0 0 0 0 0 0 0 0 0 0 0 0 117.56 39.757 114.29 116.83 127.98 28.444 48.111
0 0 0 0 0 0 0 0 0 0 0 0 0 0 0 0 0 0 0 0 0 0 0 0 0 0 0 0 0 0 0 0 0 0 0 0 0 120.79 12.093 14.575 35.389 109.46 73.166
0 0 0 0 0 0 0 0 0 0 0 0 0 0 0 0 0 0 0 0 0 0 0 0 0 0 0 0 0 0 0 0 0 0 0 0 0 0 115.8 120.03 132.08 38.253 52.083
0 0 0 0 0 0 0 0 0 0 0 0 0 0 0 0 0 0 0 0 0 0 0 0 0 0 0 0 0 0 0 0 0 0 0 0 0 0 0 22.131 35.049 104.45 66.199
0 0 0 0 0 0 0 0 0 0 0 0 0 0 0 0 0 0 0 0 0 0 0 0 0 0 0 0 0 0 0 0 0 0 0 0 0 0 0 0 34.536 109.95 74.742
0 0 0 0 0 0 0 0 0 0 0 0 0 0 0 0 0 0 0 0 0 0 0 0 0 0 0 0 0 0 0 0 0 0 0 0 0 0 0 0 0 118.83 81.587
0 0 0 0 0 0 0 0 0 0 0 0 0 0 0 0 0 0 0 0 0 0 0 0 0 0 0 0 0 0 0 0 0 0 0 0 0 0 0 0 0 0 39.563
0 0 0 0 0 0 0 0 0 0 0 0 0 0 0 0 0 0 0 0 0 0 0 0 0 0 0 0 0 0 0 0 0 0 0 0 0 0 0 0 0 0 0
