0 109.7 312.8 108.3 90.505 90.159 90.735 116.74 110.16 64.425 95.257 313.44 322.16 98.613 99.759 102.09 116.69 69.819 89.943 76.656 89.949 313.21 97.703 313.25 81.659 90.074 313.07 90.914 90.217 90.095 89.866
0 0 312.08 32.139 119.02 105.33 100.49 28.181 85.534 110.68 101.61 312.71 312.07 94.075 77.169 132.93 101.33 126.29 74.05 155.26 115.58 312.55 115.18 312.55 115.86 148.47 312.39 120.93 109.86 106.51 109.2
0 0 0 309.95 318.58 326.58 306.02 305.19 319.14 364.24 312.05 36.018 32.286 312.4 310.6 345.04 339.71 333.71 303.58 349.79 322.61 73.676 315.03 54.957 317.66 369.61 29.345 324.45 306.08 305.81 311.68
0 0 0 0 117.63 103.9 99.091 34.333 72.799 108.88 100.23 310.58 309.97 92.627 75.993 131.61 99.958 125.04 72.725 153.87 114.17 310.45 113.75 310.42 114.5 147.14 310.28 119.63 108.49 105.04 107.91
0 0 0 0 0 26.012 30.526 118.91 119.47 71.348 28.571 312.61 347.01 40.436 67.348 33.122 51.576 48.853 54.246 42.655 29.073 312.66 34.187 312.38 35.733 56.539 312.82 23.968 22.433 21.842 22.398
0 0 0 0 0 0 31.341 105.23 105.82 55.655 31.168 326.88 343.41 36.412 62.2 37.192 36.407 54.977 43.457 51.974 29.805 326.91 34.079 326.7 27.783 57.281 327.15 26.812 28.942 27.061 32.6
0 0 0 0 0 0 0 100.38 100.95 71.338 30.315 306.77 318.32 27.121 59.969 53.578 54.505 42.19 39.971 58.866 31.091 306.74 31.923 306.62 35.748 78.245 306.53 39.638 27.109 35.813 35.178
0 0 0 0 0 0 0 0 99.33 110.56 101.5 305.91 305.38 93.979 77.024 132.8 101.21 126.16 73.908 155.15 115.48 305.86 115.08 305.76 115.75 148.35 305.68 120.8 109.75 106.42 109.07
0 0 0 0 0 0 0 0 0 111.08 102.05 320.09 319.04 94.589 79.177 133.31 101.76 126.63 75.862 155.72 116.06 319.5 115.68 319.55 116.29 148.87 319.36 121.29 110.3 107.05 109.57
0 0 0 0 0 0 0 0 0 0 62.635 365.11 371.58 65.695 73.474 85.299 76.978 52.934 77.443 56.168 56.233 365.23 73.322 364.98 60.467 44.572 364.99 69.96 75.59 71.76 56.284
0 0 0 0 0 0 0 0 0 0 0 312.77 319.6 33.477 60.862 54.056 45.995 47.424 40.47 57.974 25.607 312.53 23.824 312.61 30.582 78.285 312.41 32.801 26.907 23.492 25.622
0 0 0 0 0 0 0 0 0 0 0 0 48.194 313.09 311.03 340.56 356.62 329 303.94 341.36 323.43 79.882 314.7 40.787 318.13 364.05 26.004 318.42 305.74 306.6 312.38
0 0 0 0 0 0 0 0 0 0 0 0 0 312.45 330.9 370.9 350.67 359.93 325.41 376.71 342.27 63.624 342.14 64.769 343.67 394.77 42.944 350.48 333.33 326.67 331.72
0 0 0 0 0 0 0 0 0 0 0 0 0 0 57.394 62.849 44.802 52.991 35.028 68.871 34.535 312.94 34.646 312.89 35.806 87.131 312.76 42.873 30.692 29.568 36.346
0 0 0 0 0 0 0 0 0 0 0 0 0 0 0 72.791 60.617 70.35 39.898 97.808 65.821 310.8 66.065 310.84 66.372 79.31 311.02 68.115 63.706 62.532 63.831
0 0 0 0 0 0 0 0 0 0 0 0 0 0 0 0 51.448 61.103 64.604 58.241 37.639 339 32.004 334.75 47.996 63.666 343.27 25.847 39.908 47.771 42.097
0 0 0 0 0 0 0 0 0 0 0 0 0 0 0 0 0 60.907 60.645 57.038 38.435 350.36 48.856 350.98 51.962 76.074 346.28 48.691 58.586 55.576 45.194
0 0 0 0 0 0 0 0 0 0 0 0 0 0 0 0 0 0 59.912 36.326 27.764 328.82 53.366 327.66 51.683 58.637 330.78 62.317 28.559 58.544 59.271
0 0 0 0 0 0 0 0 0 0 0 0 0 0 0 0 0 0 0 93.194 51.067 303.88 51.079 303.88 51.662 76.285 303.85 54.901 46.717 44.758 46.218
0 0 0 0 0 0 0 0 0 0 0 0 0 0 0 0 0 0 0 0 43.348 340.82 49.277 338.61 46.815 55.084 343.98 59.564 47.425 55.805 55.741
0 0 0 0 0 0 0 0 0 0 0 0 0 0 0 0 0 0 0 0 0 323.57 26.506 323.29 29.849 55.499 323.29 39.552 27.421 35.863 35.064
0 0 0 0 0 0 0 0 0 0 0 0 0 0 0 0 0 0 0 0 0 0 314.73 81.625 318.25 363.85 78.047 318.19 305.6 306.6 312.25
0 0 0 0 0 0 0 0 0 0 0 0 0 0 0 0 0 0 0 0 0 0 0 314.53 39.541 55.178 315.04 33.471 32.495 32.278 34.403
0 0 0 0 0 0 0 0 0 0 0 0 0 0 0 0 0 0 0 0 0 0 0 0 317.96 362.68 30.628 317.41 305.45 306.46 312.23
0 0 0 0 0 0 0 0 0 0 0 0 0 0 0 0 0 0 0 0 0 0 0 0 0 53.885 318.25 26.878 32.834 35.858 27.399
0 0 0 0 0 0 0 0 0 0 0 0 0 0 0 0 0 0 0 0 0 0 0 0 0 0 365.79 46.578 64.411 71.506 66.448
0 0 0 0 0 0 0 0 0 0 0 0 0 0 0 0 0 0 0 0 0 0 0 0 0 0 0 320.74 305.61 306.39 312.08
0 0 0 0 0 0 0 0 0 0 0 0 0 0 0 0 0 0 0 0 0 0 0 0 0 0 0 0 40.346 28.186 24.351
0 0 0 0 0 0 0 0 0 0 0 0 0 0 0 0 0 0 0 0 0 0 0 0 0 0 0 0 0 35.196 35.751
0 0 0 0 0 0 0 0 0 0 0 0 0 0 0 0 0 0 0 0 0 0 0 0 0 0 0 0 0 0 18.748
0 0 0 0 0 0 0 0 0 0 0 0 0 0 0 0 0 0 0 0 0 0 0 0 0 0 0 0 0 0 0
