0 299.85 303.34 279.47 303.71 320.96 298.41 9.9026 310.41 273.68 312.59 312.13 30.408 18.834 281.11 29.449 308.29 312.62 307.98 317.32 278.44 284.1 289.19 292.81
0 0 16.511 43.556 19.417 25.872 21.454 300.27 25.574 49.359 26.648 22.606 281.58 298.45 41.659 297.39 21.394 21.803 20.727 18.941 45.048 36.71 34.431 22.284
0 0 0 44.23 32.09 28.187 32.235 303.38 13.741 49.614 26.649 23.507 286.88 301.33 42.272 300.93 22.658 24.308 22.567 18.327 45.354 44.283 34.238 31.86
0 0 0 0 43.201 62.999 44.024 280.93 43.678 14.474 63.961 63.065 257.54 282.28 31.672 276.87 44.343 60.472 44.045 56.97 26.294 30.117 18.046 43.552
0 0 0 0 0 23.865 11.706 304.27 37.93 49.398 26.681 28.209 285.81 302.37 41.482 301.23 21.761 20.138 22.873 28.956 44.623 35.664 33.34 23.541
0 0 0 0 0 0 24.703 320.82 30.766 69.124 27.472 23.618 303.76 318.47 61.187 318.54 23.865 22.755 26.667 27.617 64.527 55.583 53.035 40.912
0 0 0 0 0 0 0 298.29 38.145 49.466 26.902 27.457 281.24 295.97 42.112 296.03 19.72 21.515 26.701 30.022 45.296 37.123 34.239 22.231
0 0 0 0 0 0 0 0 310.31 274.73 312.44 312.01 31.776 23.529 282.38 29.355 308.36 312.49 307.85 317.19 280.21 285.12 290.54 293.42
0 0 0 0 0 0 0 0 0 49.626 23.226 21.341 293.28 307.89 41.845 308.05 31.826 31.887 22.534 24.839 44.975 52.862 43.056 37.529
0 0 0 0 0 0 0 0 0 0 69.784 69.337 251.69 275.14 36.003 271.12 49.98 66.548 50.114 62.903 26.251 30.032 22.517 49.653
0 0 0 0 0 0 0 0 0 0 0 27.114 295.95 310.21 62.259 310.16 26.902 26.002 20.337 26.902 65.4 56.38 54.12 41.186
0 0 0 0 0 0 0 0 0 0 0 0 296.59 309.72 61.184 309.74 21.002 20.211 19.603 24.62 64.737 55.524 53.236 40.586
0 0 0 0 0 0 0 0 0 0 0 0 0 45.779 259.56 26.348 289.81 294.79 289.59 299.74 256.58 263.49 267.47 273.98
0 0 0 0 0 0 0 0 0 0 0 0 0 0 282.16 29.233 306.17 310.29 305.66 314.87 280.8 284.61 290.51 292.05
0 0 0 0 0 0 0 0 0 0 0 0 0 0 0 278.56 42.436 57.958 42.245 54.653 30.012 35.081 34.476 38.694
0 0 0 0 0 0 0 0 0 0 0 0 0 0 0 0 305.84 310.22 305.55 314.92 275.85 281.54 286.58 290.33
0 0 0 0 0 0 0 0 0 0 0 0 0 0 0 0 0 18.418 18.691 23.939 45.544 37.182 34.336 22.847
0 0 0 0 0 0 0 0 0 0 0 0 0 0 0 0 0 0 22.604 23.555 62.163 52.317 50.235 35.175
0 0 0 0 0 0 0 0 0 0 0 0 0 0 0 0 0 0 0 24.306 45.381 36.637 34.091 23.62
0 0 0 0 0 0 0 0 0 0 0 0 0 0 0 0 0 0 0 0 58.579 48.818 46.697 31.424
0 0 0 0 0 0 0 0 0 0 0 0 0 0 0 0 0 0 0 0 0 25.033 25.488 45.851
0 0 0 0 0 0 0 0 0 0 0 0 0 0 0 0 0 0 0 0 0 0 31.461 31.287
0 0 0 0 0 0 0 0 0 0 0 0 0 0 0 0 0 0 0 0 0 0 0 31.404
0 0 0 0 0 0 0 0 0 0 0 0 0 0 0 0 0 0 0 0 0 0 0 0
