0 43.385 326.56 329.68 312.49 330.31 343.54 61.123 324.68 43.862 37.732 42.719 333.91 139.29 44.336 305.12 337.52 336.74 70.711 32.185 134.14 312.18 47.938 333.76 337.09 333.1 66.39 53.131 55.705 340.64 310.92 314.14 320.39 110.92 321.05
0 0 299.85 303.34 279.47 303.71 320.96 38.682 298.41 41.683 44.442 9.9026 310.41 108.53 42.42 273.68 312.59 312.13 30.408 18.834 102.35 281.11 29.449 308.29 312.62 307.98 61.79 37.276 62.589 317.32 278.44 284.1 289.19 105.77 292.81
0 0 0 16.511 43.556 19.417 25.872 287.81 21.454 323.48 304.29 300.27 25.574 213.53 326.39 49.359 26.648 22.606 281.58 298.45 220.48 41.659 297.39 21.394 21.803 20.727 283.06 293.6 349.23 18.941 45.048 36.71 34.431 294.52 22.284
0 0 0 0 44.23 32.09 28.187 291.75 32.235 326.66 307.49 303.38 13.741 213.93 329.46 49.614 26.649 23.507 286.88 301.33 220.89 42.272 300.93 22.658 24.308 22.567 287.44 297.5 352.29 18.327 45.354 44.283 34.238 298.17 31.86
0 0 0 0 0 43.201 62.999 265.85 44.024 310.35 284.75 280.93 43.678 176.45 311.92 14.474 63.961 63.065 257.54 282.28 184.41 31.672 276.87 44.343 60.472 44.045 260.31 271.76 334.23 56.97 26.294 30.117 18.046 274.4 43.552
0 0 0 0 0 0 23.865 291.44 11.706 327.07 308.3 304.27 37.93 213.04 330.19 49.398 26.681 28.209 285.81 302.37 220.36 41.482 301.23 21.761 20.138 22.873 286.77 297.25 353.29 28.956 44.623 35.664 33.34 298.3 23.541
0 0 0 0 0 0 0 309.25 24.703 340.02 324.78 320.82 30.766 232.99 343.52 69.124 27.472 23.618 303.76 318.47 240.16 61.187 318.54 23.865 22.755 26.667 304.68 315.01 367.27 27.617 64.527 55.583 53.035 315.75 40.912
0 0 0 0 0 0 0 0 286.89 60.708 45.255 38.781 298.97 94.774 60.762 260.05 300.81 300.84 51.833 38.433 88.769 281.03 41.645 296.32 300.7 295.75 50.096 43.759 80.944 305.68 264.82 270.97 275.48 115.81 280.56
0 0 0 0 0 0 0 0 0 322.02 302.31 298.29 38.145 213.76 324.37 49.466 26.902 27.457 281.24 295.97 220.72 42.112 296.03 19.72 21.515 26.701 282.14 292.72 347.13 30.022 45.296 37.123 34.239 293.37 22.231
0 0 0 0 0 0 0 0 0 0 45.193 42.449 330.6 136.59 19.057 302.67 334.09 333.39 69.581 28.751 131.77 309.6 47.655 330.57 333.66 329.87 65.906 52.477 27.638 337.08 308.58 311.32 317.77 105.37 318.18
0 0 0 0 0 0 0 0 0 0 0 45.105 314.2 113.68 37.331 278.59 316.54 316.07 45.059 44.768 107.54 286.18 44.876 312.53 316.6 312.05 44.857 38.212 55.468 321.12 283.88 289.04 294.4 112.84 297.4
0 0 0 0 0 0 0 0 0 0 0 0 310.31 109.67 42.962 274.73 312.44 312.01 31.776 23.529 103.78 282.38 29.355 308.36 312.49 307.85 61.79 37.447 61.44 317.19 280.21 285.12 290.54 105.29 293.42
0 0 0 0 0 0 0 0 0 0 0 0 0 213.7 333.8 49.626 23.226 21.341 293.28 307.89 220.81 41.845 308.05 31.826 31.887 22.534 294.46 304.72 357.41 24.839 44.975 52.862 43.056 305.42 37.529
0 0 0 0 0 0 0 0 0 0 0 0 0 0 138.83 167.15 233.64 232.87 87.133 109.49 20.908 198.98 106.01 214.29 229.53 214.04 89.556 100.68 161.42 225.82 172.41 178.88 181.36 129.68 206.39
0 0 0 0 0 0 0 0 0 0 0 0 0 0 0 304.75 337.39 336.6 69.828 29.673 133.73 311.76 48.3 333.59 336.97 332.97 65.828 52.886 27.026 340.64 310.48 313.88 320.02 105.29 320.82
0 0 0 0 0 0 0 0 0 0 0 0 0 0 0 0 69.784 69.337 251.69 275.14 171.79 36.003 271.12 49.98 66.548 50.114 254.27 265.97 327.35 62.903 26.251 30.032 22.517 267.91 49.653
0 0 0 0 0 0 0 0 0 0 0 0 0 0 0 0 0 27.114 295.95 310.21 240.93 62.259 310.16 26.902 26.002 20.337 296.39 306.57 360.59 26.902 65.4 56.38 54.12 307.35 41.186
0 0 0 0 0 0 0 0 0 0 0 0 0 0 0 0 0 0 296.59 309.72 240.3 61.184 309.74 21.002 20.211 19.603 296.67 306.55 359.68 24.62 64.737 55.524 53.236 307.06 40.586
0 0 0 0 0 0 0 0 0 0 0 0 0 0 0 0 0 0 0 45.779 80.966 259.56 26.348 289.81 294.79 289.59 48.627 36.132 90.637 299.74 256.58 263.49 267.47 112.88 273.98
0 0 0 0 0 0 0 0 0 0 0 0 0 0 0 0 0 0 0 0 104.09 282.16 29.233 306.17 310.29 305.66 61.542 37.873 52.302 314.87 280.8 284.61 290.51 105.65 292.05
0 0 0 0 0 0 0 0 0 0 0 0 0 0 0 0 0 0 0 0 0 207.06 99.728 221.26 237.58 221.22 82.984 94.751 156.38 234.07 177.21 190.07 188.46 113.06 217.88
0 0 0 0 0 0 0 0 0 0 0 0 0 0 0 0 0 0 0 0 0 0 278.56 42.436 57.958 42.245 262.25 273.8 334.38 54.653 30.012 35.081 34.476 275.44 38.694
0 0 0 0 0 0 0 0 0 0 0 0 0 0 0 0 0 0 0 0 0 0 0 305.84 310.22 305.55 41.622 11.856 67.077 314.92 275.85 281.54 286.58 107.9 290.33
0 0 0 0 0 0 0 0 0 0 0 0 0 0 0 0 0 0 0 0 0 0 0 0 18.418 18.691 291.28 302.11 356.44 23.939 45.544 37.182 34.336 302.98 22.847
0 0 0 0 0 0 0 0 0 0 0 0 0 0 0 0 0 0 0 0 0 0 0 0 0 22.604 295.95 306.52 360.29 23.555 62.163 52.317 50.235 307.49 35.175
0 0 0 0 0 0 0 0 0 0 0 0 0 0 0 0 0 0 0 0 0 0 0 0 0 0 290.85 301.6 356.08 24.306 45.381 36.637 34.091 302.63 23.62
0 0 0 0 0 0 0 0 0 0 0 0 0 0 0 0 0 0 0 0 0 0 0 0 0 0 0 35.891 86.495 300.83 259.19 265.75 269.95 148.84 275.6
0 0 0 0 0 0 0 0 0 0 0 0 0 0 0 0 0 0 0 0 0 0 0 0 0 0 0 0 72.708 311.53 270.75 276.85 281.44 113.06 286.37
0 0 0 0 0 0 0 0 0 0 0 0 0 0 0 0 0 0 0 0 0 0 0 0 0 0 0 0 0 364.25 333 336.68 342.64 105.83 343.63
0 0 0 0 0 0 0 0 0 0 0 0 0 0 0 0 0 0 0 0 0 0 0 0 0 0 0 0 0 0 58.579 48.818 46.697 312.22 31.424
0 0 0 0 0 0 0 0 0 0 0 0 0 0 0 0 0 0 0 0 0 0 0 0 0 0 0 0 0 0 0 25.033 25.488 272.8 45.851
0 0 0 0 0 0 0 0 0 0 0 0 0 0 0 0 0 0 0 0 0 0 0 0 0 0 0 0 0 0 0 0 31.461 278.38 31.287
0 0 0 0 0 0 0 0 0 0 0 0 0 0 0 0 0 0 0 0 0 0 0 0 0 0 0 0 0 0 0 0 0 283.28 31.404
0 0 0 0 0 0 0 0 0 0 0 0 0 0 0 0 0 0 0 0 0 0 0 0 0 0 0 0 0 0 0 0 0 0 287.4
0 0 0 0 0 0 0 0 0 0 0 0 0 0 0 0 0 0 0 0 0 0 0 0 0 0 0 0 0 0 0 0 0 0 0
