0 11.148 9.7264 21.378 12.103 10.218 16.517 24.571 32.349 26.882 9.4111 29.091 8.6685 8.886 26.463 19.659 15.102 32.565 15.928 10.53 17.65 10.912 14.902 17.358 17.552 14.902 9.4511 8.6685 8.6685 21.813 18.504 25.96 16.42 26.711 16.11 17.043 12.07 10.915
0 0 14.122 22.371 10.86 8.9095 14.816 27.565 33.1 25.968 8.8061 29.818 10.249 8.1534 26.553 16.016 17.155 33.062 14.667 8.8203 17.091 5.4549 15.408 15.479 19.95 14.57 7.6089 6.4331 4.3759 22.521 14.885 27.634 15.818 20.473 14.663 14.798 9.9543 6.6635
0 0 0 21.762 13.593 14.505 24.188 25.152 30.759 24.067 12.75 26.759 15.648 15.802 26.821 27.474 22.823 29.858 23.685 14.274 25.412 12.75 22.63 25.127 25.317 22.63 16.717 15.648 15.648 23.761 26.289 26.109 24.163 34.578 23.796 22.63 16.717 18.242
0 0 0 0 22.536 22.579 22.716 17.603 20.74 21.979 22.504 22.47 24.329 20.198 12.467 21.586 20.282 22.68 22.772 23.159 19.985 22.975 23.039 23.373 9.8844 19.201 22.228 22.6 22.312 20.894 22.371 45.316 18.369 22.946 22.415 33.004 24.311 21.734
0 0 0 0 0 12.661 11.178 28.354 26.094 16.453 13.054 20.458 13.341 11.498 26.998 14.169 16.011 24.599 12.136 13.063 13.965 12.276 11.498 11.757 21.141 11.307 10.402 8.5344 10.278 22.334 12.961 30.158 12.975 21.293 10.271 14.414 14.118 10.467
0 0 0 0 0 0 14.902 28.359 33.798 26.872 9.5082 30.789 12.532 9.9582 27.252 17.234 16.697 33.417 15.298 9.6776 17.536 8.9124 15.187 16.168 20.63 15.325 7.5719 9.3711 8.6425 23.14 16.725 27.212 15.941 20.074 15.749 15.098 9.5641 6.966
0 0 0 0 0 0 0 26.404 29.452 24.347 14.377 26.058 12.093 19.52 26.862 8.2941 11.205 29.648 9.1868 17.888 15.025 18.103 8.1482 10.247 18.646 6.3042 11.41 13.446 13.17 22.67 8.8549 25.96 12.974 10.934 8.6905 11.797 14.503 11.949
0 0 0 0 0 0 0 0 18.558 26.695 26.186 26.673 27.243 24.566 24.441 26.33 23.95 27.063 26.602 27.495 26.198 27.881 26.912 26.803 16.886 23.973 25.906 26.642 26.912 10.843 26.988 48.316 22.006 26.862 26.202 37.655 26.878 25.79
0 0 0 0 0 0 0 0 0 12.565 32.585 11.954 33.525 33.1 20.193 34.25 34.994 12.489 34.179 31.316 21.426 33.342 33.095 32.622 28.858 33.247 33.221 29.708 32.892 20.779 33.525 35.008 34.034 34.082 32.511 33.92 33.88 32.363
0 0 0 0 0 0 0 0 0 0 25.02 6.8291 24.247 27.187 26.234 25.999 29.562 8.5099 27.692 27.023 10.51 27.293 26.264 25.592 20.641 26.076 26.05 22.265 25.454 23.678 27.081 32.971 26.411 26.048 25.592 25.927 26.365 25.147
0 0 0 0 0 0 0 0 0 0 0 28.696 8.5719 9.5135 27.766 17.357 12.915 32.318 13.693 8.6184 16.394 9.8661 12.845 15.101 18.961 12.708 9.448 8.7722 9.8792 23.473 16.222 26.126 14.201 21.849 13.957 12.708 10.549 7.2397
0 0 0 0 0 0 0 0 0 0 0 0 28.81 29.978 26.784 30.53 32.696 6.4012 30.971 28.979 16.43 30.937 30.213 29.844 22.396 30.02 29.733 26.265 29.967 23.035 30.562 34.643 30.689 29.319 29.76 30.745 30.773 29.159
0 0 0 0 0 0 0 0 0 0 0 0 0 12.768 28.609 15.456 12.223 32.114 11.63 11.433 17.719 9.3144 10.552 13.082 19.66 13.631 8.6148 10.338 11.328 24.38 14.266 25.414 14.924 18.937 11.968 13.074 8.9112 8.3403
0 0 0 0 0 0 0 0 0 0 0 0 0 0 25.437 22.467 18.061 32.596 18.834 8.6341 20.54 7.9936 17.854 20.236 20.438 17.854 8.5131 8.0824 7.7112 20.657 21.346 26.065 19.345 24.187 19.101 17.854 9.4507 8.5891
0 0 0 0 0 0 0 0 0 0 0 0 0 0 0 25.981 27.357 26.523 27.485 27.09 25.298 26.668 27.097 27.994 17.716 23.376 26.373 26.509 27.145 31.122 26.587 50.267 24.56 27.356 26.811 36.963 27.829 26.459
0 0 0 0 0 0 0 0 0 0 0 0 0 0 0 0 13.109 33.781 9.1612 18.837 18.167 20.844 8.0662 10.528 19.036 6.3666 14.846 14.478 15.433 21.552 5.7403 26.206 12.266 7.2395 8.9918 12.62 16.71 14.272
0 0 0 0 0 0 0 0 0 0 0 0 0 0 0 0 0 36.285 12.886 16.823 20.639 16.769 11.787 12.85 14.383 9.4345 11.631 13.817 13.302 22.721 11.623 26.862 9.0657 11.98 10.065 21.529 13.549 13.046
0 0 0 0 0 0 0 0 0 0 0 0 0 0 0 0 0 0 33.629 32.565 18.809 34.425 33.062 32.857 26.098 32.673 33.122 29.175 32.97 22.944 33.273 36.362 33.547 33.574 32.814 33.96 33.912 32.208
0 0 0 0 0 0 0 0 0 0 0 0 0 0 0 0 0 0 0 16.59 17.821 17.316 6.3303 11.326 19.175 7.3502 10.997 14.225 12.885 23.087 8.3403 25.771 12.979 11.004 8.7145 11.677 13.997 10.962
0 0 0 0 0 0 0 0 0 0 0 0 0 0 0 0 0 0 0 0 17.815 9.2555 17.713 17.486 20.033 16.59 9.7233 8.3427 8.8088 22.587 18.133 25.652 17.12 20.313 17.459 17.483 10.25 7.9601
0 0 0 0 0 0 0 0 0 0 0 0 0 0 0 0 0 0 0 0 0 18.997 17.091 16.873 14.405 16.872 17.161 14.302 16.988 30.638 17.349 30.788 17.71 17.746 16.835 19.707 17.961 16.255
0 0 0 0 0 0 0 0 0 0 0 0 0 0 0 0 0 0 0 0 0 0 16.702 18.684 19.927 16.39 8.2917 7.154 5.754 22.131 19.755 27.379 17.843 22.551 17.674 16.993 9.5531 6.871
0 0 0 0 0 0 0 0 0 0 0 0 0 0 0 0 0 0 0 0 0 0 0 11.692 19.783 7.2962 9.9028 14.762 13.38 22.95 7.2729 25.611 13.267 12.138 8.8067 11.834 14.405 10.884
0 0 0 0 0 0 0 0 0 0 0 0 0 0 0 0 0 0 0 0 0 0 0 0 18.608 7.6913 12.453 13.91 13.438 24.141 9.8606 26.202 12.906 9.5471 8.2345 12.354 14.746 12.243
0 0 0 0 0 0 0 0 0 0 0 0 0 0 0 0 0 0 0 0 0 0 0 0 0 16.885 19.247 18.554 19.258 19.614 19.089 39.64 11.868 19.207 19.442 30.441 19.207 18.081
0 0 0 0 0 0 0 0 0 0 0 0 0 0 0 0 0 0 0 0 0 0 0 0 0 0 9.9028 13.73 12.885 19.161 6.448 28.206 9.6486 12.138 7.8052 14.637 13.997 10.371
0 0 0 0 0 0 0 0 0 0 0 0 0 0 0 0 0 0 0 0 0 0 0 0 0 0 0 6.2573 6.7113 22.362 13.647 25.698 11.668 17.883 11.025 13.064 10.997 5.2128
0 0 0 0 0 0 0 0 0 0 0 0 0 0 0 0 0 0 0 0 0 0 0 0 0 0 0 0 5.6433 22.513 13.898 26.448 14.402 18.937 13.743 14.334 10.07 7.1795
0 0 0 0 0 0 0 0 0 0 0 0 0 0 0 0 0 0 0 0 0 0 0 0 0 0 0 0 0 22.362 14.418 25.826 13.017 18.937 12.726 13.617 9.7582 5.5542
0 0 0 0 0 0 0 0 0 0 0 0 0 0 0 0 0 0 0 0 0 0 0 0 0 0 0 0 0 0 22.521 46.032 20.562 23.003 22.979 33.005 24.215 22.036
0 0 0 0 0 0 0 0 0 0 0 0 0 0 0 0 0 0 0 0 0 0 0 0 0 0 0 0 0 0 0 25.555 12.733 8.3337 7.7117 11.394 15.711 13.24
0 0 0 0 0 0 0 0 0 0 0 0 0 0 0 0 0 0 0 0 0 0 0 0 0 0 0 0 0 0 0 0 28.822 25.797 26.595 26.139 26.173 25.635
0 0 0 0 0 0 0 0 0 0 0 0 0 0 0 0 0 0 0 0 0 0 0 0 0 0 0 0 0 0 0 0 0 13.113 13.118 23.58 14.043 12.555
0 0 0 0 0 0 0 0 0 0 0 0 0 0 0 0 0 0 0 0 0 0 0 0 0 0 0 0 0 0 0 0 0 0 11.221 12.138 18.371 16.345
0 0 0 0 0 0 0 0 0 0 0 0 0 0 0 0 0 0 0 0 0 0 0 0 0 0 0 0 0 0 0 0 0 0 0 12.987 14.271 11.505
0 0 0 0 0 0 0 0 0 0 0 0 0 0 0 0 0 0 0 0 0 0 0 0 0 0 0 0 0 0 0 0 0 0 0 0 14.997 12.412
0 0 0 0 0 0 0 0 0 0 0 0 0 0 0 0 0 0 0 0 0 0 0 0 0 0 0 0 0 0 0 0 0 0 0 0 0 11.769
0 0 0 0 0 0 0 0 0 0 0 0 0 0 0 0 0 0 0 0 0 0 0 0 0 0 0 0 0 0 0 0 0 0 0 0 0 0
