1 69 10 40.815 -112 188 0 51 320 2014 7 1 3 8 6 5 197
1 69 10 40.831 -112.01 188 318 59 320 2014 7 1 3 9 15 5 197
1 69 10 40.83 -112.1 247 321 76 320 2014 7 1 3 10 6 5 197
1 69 10 40.79 -112.19 289 280 98 320 2014 7 1 3 11 6 5 197
1 69 10 40.699 -112.23 297 252 118 320 2014 7 1 3 12 6 5 197
1 69 10 40.611 -112.26 335 216 128 320 2014 7 1 3 13 16 5 197
1 69 10 40.514 -112.3 359 197 143 320 2014 7 1 3 14 6 5 197
1 69 10 40.416 -112.33 363 195 157 320 2014 7 1 3 15 6 5 197
1 69 10 40.318 -112.37 371 194 170 320 2014 7 1 3 16 6 5 197
1 69 10 40.227 -112.44 375 196 181 320 2014 7 1 3 17 6 5 215
1 69 10 40.133 -112.5 381 203 192 320 2014 7 1 3 18 6 5 215
1 69 10 40.039 -112.57 387 208 204 320 2014 7 1 3 19 6 5 215
1 69 10 39.923 -112.65 395 208 215 320 2014 7 1 3 20 6 5 215
1 69 10 39.825 -112.72 399 208 221 320 2014 7 1 3 21 6 5 215
1 69 10 39.724 -112.79 407 208 230 320 2014 7 1 3 22 6 5 215
1 69 10 39.618 -112.84 410 205 235 320 2014 7 1 3 23 6 5 215
1 69 10 39.505 -112.88 416 193 242 320 2014 7 1 3 24 6 5 215
1 69 10 39.415 -112.91 417 192 251 320 2014 7 1 3 25 6 5 215
1 69 10 39.302 -112.95 417 193 255 320 2014 7 1 3 26 6 5 215
1 69 10 39.164 -112.99 420 196 263 320 2014 7 1 3 27 6 5 215
1 69 10 39.049 -113.03 425 194 269 320 2014 7 1 3 28 6 5 205
1 69 10 38.91 -113.07 426 193 274 320 2014 7 1 3 29 6 5 205
1 69 10 38.792 -113.11 430 192 279 320 2014 7 1 3 30 6 5 205
1 69 10 38.674 -113.15 432 194 284 320 2014 7 1 3 31 6 5 205
1 69 10 38.555 -113.18 434 194 289 320 2014 7 1 3 32 6 5 205
1 69 10 38.437 -113.22 437 193 294 320 2014 7 1 3 33 6 5 205
1 69 10 38.341 -113.25 438 193 298 320 2014 7 1 3 34 6 5 205
1 69 10 38.199 -113.3 437 193 304 320 2014 7 1 3 35 6 5 205
1 69 10 38.082 -113.33 437 193 309 320 2014 7 1 3 36 16 5 205
1 69 10 37.964 -113.37 439 193 314 320 2014 7 1 3 37 6 5 205
1 69 10 37.834 -113.44 434 204 320 320 2014 7 1 3 38 6 5 205
1 69 10 37.752 -113.5 436 212 320 320 2014 7 1 3 39 15 5 205
1 69 10 37.649 -113.59 439 211 320 320 2014 7 1 3 40 6 1 48
1 69 10 37.519 -113.69 454 212 320 320 2014 7 1 3 41 6 1 48
1 69 10 37.413 -113.77 454 211 320 320 2014 7 1 3 42 6 1 48
1 69 10 37.308 -113.85 453 211 320 320 2014 7 1 3 43 6 1 48
1 69 10 37.182 -113.95 450 211 320 320 2014 7 1 3 44 6 1 48
1 69 10 37.079 -114.03 446 211 320 320 2014 7 1 3 45 6 1 48
1 69 10 36.976 -114.11 440 211 320 320 2014 7 1 3 46 6 1 48
1 69 10 36.873 -114.19 439 211 320 320 2014 7 1 3 47 6 1 48
1 69 10 36.78 -114.26 441 212 320 320 2014 7 1 3 48 16 1 48
1 69 10 36.675 -114.34 441 211 320 320 2014 7 1 3 49 6 1 48
1 69 10 36.571 -114.42 441 211 320 320 2014 7 1 3 50 6 1 48
1 69 10 36.443 -114.52 443 211 320 320 2014 7 1 3 51 6 1 48
1 69 10 36.339 -114.6 443 211 320 320 2014 7 1 3 52 6 1 47
1 69 10 36.336 -114.6 444 211 320 320 2014 7 1 3 53 6 1 47
1 69 10 36.229 -114.69 446 211 320 320 2014 7 1 3 54 6 1 47
1 69 10 36.014 -114.85 449 211 320 320 2014 7 1 3 55 15 1 47
1 69 10 36.014 -114.85 449 211 320 320 2014 7 1 3 56 6 1 47
1 69 10 35.928 -114.96 438 211 320 320 2014 7 1 3 57 6 1 47
1 69 10 35.843 -115.07 439 218 320 320 2014 7 1 3 58 6 1 47
1 69 10 35.76 -115.18 441 226 320 320 2014 7 1 3 59 6 1 47
1 69 10 35.66 -115.32 441 227 320 320 2014 7 1 4 0 6 1 47
1 69 10 35.576 -115.43 442 227 320 320 2014 7 1 4 1 6 1 44
1 69 10 35.491 -115.55 445 227 320 320 2014 7 1 4 2 16 1 44
1 69 10 35.407 -115.66 446 227 320 320 2014 7 1 4 3 6 1 44
1 69 10 35.32 -115.77 450 227 306 320 2014 7 1 4 4 6 1 44
1 69 10 35.234 -115.89 461 227 291 320 2014 7 1 4 5 6 1 44
1 69 10 35.148 -116 461 227 277 320 2014 7 1 4 6 6 1 44
1 69 10 35.063 -116.11 453 227 270 320 2014 7 1 4 7 15 1 44
1 69 10 34.982 -116.22 438 227 263 320 2014 7 1 4 8 16 1 44
1 69 10 34.886 -116.35 431 227 252 320 2014 7 1 4 9 6 1 44
1 69 10 34.806 -116.45 427 227 236 320 2014 7 1 4 10 6 1 22
1 69 10 34.786 -116.59 410 224 222 320 2014 7 1 4 11 6 1 22
1 69 10 34.773 -116.72 394 243 212 320 2014 7 1 4 12 6 1 22
1 69 10 34.759 -116.85 389 261 202 320 2014 7 1 4 13 6 1 22
1 69 10 34.746 -116.98 389 257 196 320 2014 7 1 4 14 6 1 22
1 69 10 34.732 -117.11 390 262 186 320 2014 7 1 4 15 6 1 22
1 69 10 34.718 -117.25 403 262 175 320 2014 7 1 4 16 6 1 22
1 69 10 34.704 -117.38 403 255 165 320 2014 7 1 4 17 6 1 22
1 69 10 34.687 -117.54 386 262 160 320 2014 7 1 4 18 6 1 22
1 69 10 34.674 -117.66 366 262 152 320 2014 7 1 4 19 6 1 22
1 69 10 34.658 -117.78 366 262 142 320 2014 7 1 4 20 16 1 22
1 69 10 34.588 -117.87 366 226 142 320 2014 7 1 4 21 6 1 22
1 69 10 34.518 -117.96 366 226 142 320 2014 7 1 4 22 6 1 22
1 69 10 34.447 -118.05 366 226 142 320 2014 7 1 4 23 15 1 21
1 69 10 34.377 -118.14 366 226 142 320 2014 7 1 4 24 6 1 21
1 69 10 34.307 -118.23 366 225 142 320 2014 7 1 4 25 6 1 21
1 69 10 34.567 -118.38 299 236 80 320 2014 7 1 4 26 6 1 34
1 69 10 34.533 -118.45 286 259 76 320 2014 7 1 4 27 7 1 8
1 69 10 34.467 -118.52 282 257 65 320 2014 7 1 4 28 16 1 8
1 69 10 34.4 -118.58 263 227 60 320 2014 7 1 4 29 6 1 8
1 69 10 34.35 -118.6 256 219 51 320 2014 7 1 4 30 15 1 8
1 69 10 34.283 -118.6 235 210 47 320 2014 7 1 4 31 6 1 8
1 69 10 34.217 -118.57 210 186 41 320 2014 7 1 4 32 15 1 8
1 69 10 34.2 -118.52 223 168 31 320 2014 7 1 4 33 6 1 8
1 69 10 34.2 -118.45 174 140 21 320 2014 7 1 4 34 15 1 8
1 69 10 34.2 -118.4 139 99 13 320 2014 7 1 4 35 6 1 8
2 69 10 40.833 -112.06 233 318 64 320 2014 7 1 21 34 6 5 197
2 69 10 40.823 -112.15 292 303 80 320 2014 7 1 21 35 16 5 197
2 69 10 40.789 -112.25 296 259 101 320 2014 7 1 21 36 6 5 197
2 69 10 40.734 -112.28 307 225 105 320 2014 7 1 21 37 6 5 197
2 69 10 40.66 -112.3 340 194 113 320 2014 7 1 21 38 16 5 197
2 69 10 40.566 -112.31 343 190 129 320 2014 7 1 21 39 6 5 197
2 69 10 40.468 -112.33 358 187 143 320 2014 7 1 21 40 6 5 197
2 69 10 40.369 -112.35 359 188 163 320 2014 7 1 21 41 6 5 197
2 69 10 40.282 -112.4 345 189 181 320 2014 7 1 21 42 6 5 197
2 69 10 40.197 -112.46 344 195 193 320 2014 7 1 21 43 15 5 215
2 69 10 40.091 -112.53 363 202 205 320 2014 7 1 21 44 16 5 215
2 69 10 39.998 -112.6 379 208 215 320 2014 7 1 21 45 16 5 215
2 69 10 39.903 -112.67 385 208 225 320 2014 7 1 21 46 12 5 215
2 69 10 39.809 -112.73 385 208 235 320 2014 7 1 21 47 6 5 215
2 69 10 39.708 -112.8 386 208 245 320 2014 7 1 21 48 6 5 215
2 69 10 39.606 -112.85 386 203 255 320 2014 7 1 21 49 16 5 215
2 69 10 39.501 -112.88 388 193 265 320 2014 7 1 21 50 6 5 215
2 69 10 39.416 -112.91 391 194 270 320 2014 7 1 21 51 6 5 215
2 69 10 39.262 -112.96 404 193 277 320 2014 7 1 21 52 6 5 215
2 69 10 39.151 -113 416 194 282 320 2014 7 1 21 53 6 5 215
2 69 10 39.061 -113.02 411 195 286 320 2014 7 1 21 54 6 5 205
2 69 10 38.925 -113.07 418 193 292 320 2014 7 1 21 55 15 5 205
2 69 10 38.811 -113.1 418 193 297 320 2014 7 1 21 56 6 5 205
2 69 10 38.721 -113.13 418 193 301 320 2014 7 1 21 57 6 5 205
2 69 10 38.606 -113.17 422 193 306 320 2014 7 1 21 58 16 5 205
2 69 10 38.471 -113.21 422 193 312 320 2014 7 1 21 59 6 5 205
2 69 10 38.357 -113.24 422 194 317 320 2014 7 1 22 0 6 5 205
2 69 10 38.334 -113.25 421 193 318 320 2014 7 1 22 1 10 5 205
2 69 10 38.221 -113.29 421 193 320 320 2014 7 1 22 2 6 5 205
2 69 10 38.106 -113.32 422 193 320 320 2014 7 1 22 3 6 5 205
2 69 10 37.99 -113.36 428 193 320 320 2014 7 1 22 4 6 5 205
2 69 10 37.876 -113.41 433 195 320 320 2014 7 1 22 5 6 5 205
2 69 10 37.756 -113.5 431 211 320 320 2014 7 1 22 6 6 5 205
2 69 10 37.657 -113.58 428 211 320 320 2014 7 1 22 7 6 1 48
2 69 10 37.558 -113.66 425 211 320 320 2014 7 1 22 8 15 1 48
2 69 10 37.461 -113.73 419 211 320 320 2014 7 1 22 9 6 1 48
2 69 10 37.364 -113.81 418 212 320 320 2014 7 1 22 10 6 1 48
2 69 10 37.267 -113.89 416 211 320 320 2014 7 1 22 11 6 1 48
2 69 10 37.149 -113.98 416 211 320 320 2014 7 1 22 12 16 1 48
2 69 10 37.051 -114.06 417 211 320 320 2014 7 1 22 13 16 1 48
2 69 10 36.952 -114.13 417 212 320 320 2014 7 1 22 14 16 1 48
2 69 10 36.88 -114.18 417 212 320 320 2014 7 1 22 15 16 1 48
2 69 10 36.763 -114.28 417 209 320 320 2014 7 1 22 16 6 1 48
2 69 10 36.663 -114.35 418 211 320 320 2014 7 1 22 17 6 1 48
2 69 10 36.564 -114.43 418 211 320 320 2014 7 1 22 18 6 1 48
2 69 10 36.464 -114.51 418 211 320 320 2014 7 1 22 19 6 1 48
2 69 10 36.365 -114.58 418 211 320 320 2014 7 1 22 20 6 1 47
2 69 10 36.266 -114.66 418 211 320 320 2014 7 1 22 21 6 1 47
2 69 10 36.165 -114.73 419 211 320 320 2014 7 1 22 22 15 1 47
2 69 10 36.064 -114.81 419 211 320 320 2014 7 1 22 23 6 1 47
2 69 10 35.956 -114.92 419 211 320 320 2014 7 1 22 24 16 1 47
2 69 10 35.877 -115.03 419 215 320 320 2014 7 1 22 25 6 1 47
2 69 10 35.797 -115.13 419 224 320 320 2014 7 1 22 26 6 1 47
2 69 10 35.718 -115.24 420 227 320 320 2014 7 1 22 27 6 1 47
2 69 10 35.638 -115.35 420 227 320 320 2014 7 1 22 28 6 1 47
2 69 10 35.56 -115.45 420 227 320 320 2014 7 1 22 29 6 1 44
2 69 10 35.481 -115.56 420 227 320 320 2014 7 1 22 30 6 1 44
2 69 10 35.403 -115.66 420 227 320 320 2014 7 1 22 31 6 1 44
2 69 10 35.316 -115.78 420 227 320 320 2014 7 1 22 32 15 1 44
2 69 10 35.237 -115.88 419 227 320 320 2014 7 1 22 33 16 1 44
2 69 10 35.158 -115.99 419 226 320 320 2014 7 1 22 34 16 1 44
2 69 10 35.079 -116.09 419 227 320 320 2014 7 1 22 35 17 1 44
2 69 10 34.985 -116.22 418 227 298 320 2014 7 1 22 36 13 1 44
2 69 10 34.909 -116.32 408 227 272 320 2014 7 1 22 37 16 1 44
2 69 10 34.834 -116.41 400 227 246 320 2014 7 1 22 38 6 1 44
2 69 10 34.76 -116.51 400 228 246 320 2014 7 1 22 39 6 1 44
2 69 10 34.786 -116.52 396 227 220 320 2014 7 1 22 40 16 1 22
2 69 10 34.778 -116.65 375 234 205 320 2014 7 1 22 41 6 1 22
2 69 10 34.767 -116.77 375 253 199 320 2014 7 1 22 42 6 1 22
2 69 10 34.754 -116.9 375 264 189 320 2014 7 1 22 43 6 1 22
2 69 10 34.738 -117.05 374 263 176 320 2014 7 1 22 44 6 1 22
2 69 10 34.726 -117.18 374 257 165 320 2014 7 1 22 45 6 1 22
2 69 10 34.712 -117.3 376 262 155 320 2014 7 1 22 46 6 1 22
2 69 10 34.699 -117.43 378 262 145 320 2014 7 1 22 47 16 1 22
2 69 10 34.685 -117.56 377 262 135 320 2014 7 1 22 48 6 1 22
2 69 10 34.672 -117.68 373 253 130 320 2014 7 1 22 49 6 1 34
2 69 10 34.66 -117.8 346 251 130 320 2014 7 1 22 50 6 1 34
2 69 10 34.648 -117.92 349 262 130 320 2014 7 1 22 51 6 1 34
2 69 10 34.634 -118.05 323 262 119 320 2014 7 1 22 52 6 1 34
2 69 10 34.614 -118.14 298 247 98 320 2014 7 1 22 53 6 1 34
2 69 10 34.592 -118.24 280 259 88 320 2014 7 1 22 54 16 1 34
2 69 10 34.571 -118.33 285 255 80 320 2014 7 1 22 55 16 1 34
2 69 10 34.549 -118.43 286 252 80 320 2014 7 1 22 56 6 1 8
2 69 10 34.528 -118.52 285 258 79 320 2014 7 1 22 57 6 1 8
2 69 10 34.456 -118.55 273 219 69 320 2014 7 1 22 58 16 1 8
2 69 10 34.383 -118.57 270 180 60 320 2014 7 1 22 59 16 1 8
2 69 10 34.315 -118.64 267 227 51 320 2014 7 1 23 0 6 1 8
2 69 10 34.251 -118.67 262 211 44 320 2014 7 1 23 1 6 1 8
2 69 10 34.217 -118.67 254 203 36 320 2014 7 1 23 2 6 1 8
2 69 10 34.202 -118.56 241 103 33 320 2014 7 1 23 3 6 1 8
2 69 10 34.2 -118.45 171 91 24 320 2014 7 1 23 4 15 1 8
2 69 10 34.2 -118.43 181 89 18 320 2014 7 1 23 5 6 1 8
2 69 10 34.2 -118.4 140 90 14 320 2014 7 1 23 6 6 1 8
2 69 10 34.198 -118.38 155 89 12 320 2014 7 1 23 7 6 1 8
3 69 10 40.828 -111.99 231 349 63 400 2014 7 1 15 24 6 5 197
3 69 10 40.827 -112.07 279 286 89 400 2014 7 1 15 25 16 5 197
3 69 10 40.815 -112.19 334 269 116 400 2014 7 1 15 26 6 5 197
3 69 10 40.747 -112.28 381 250 138 400 2014 7 1 15 27 15 5 197
3 69 10 40.644 -112.3 382 198 165 400 2014 7 1 15 28 6 5 197
3 69 10 40.572 -112.31 395 189 178 400 2014 7 1 15 29 6 5 197
3 69 10 40.459 -112.34 408 187 199 400 2014 7 1 15 30 6 5 197
3 69 10 40.346 -112.36 417 187 216 400 2014 7 1 15 31 6 5 197
3 69 10 40.241 -112.43 419 192 241 400 2014 7 1 15 32 16 5 215
3 69 10 40.137 -112.5 432 197 255 400 2014 7 1 15 33 16 5 215
3 69 10 40.008 -112.59 438 206 277 400 2014 7 1 15 34 15 5 215
3 69 10 39.891 -112.64 438 196 277 400 2014 7 1 15 35 16 5 215
3 69 10 39.786 -112.75 453 208 308 400 2014 7 1 15 36 6 5 215
3 69 10 39.666 -112.82 453 204 324 400 2014 7 1 15 37 6 5 215
3 69 10 39.542 -112.87 460 207 339 400 2014 7 1 15 38 16 5 209
3 69 10 39.419 -112.91 458 195 355 400 2014 7 1 15 39 6 5 209
3 69 10 39.295 -112.95 458 194 360 400 2014 7 1 15 40 6 5 209
3 69 10 39.146 -113 459 193 364 400 2014 7 1 15 41 6 5 209
3 69 10 39.022 -113.04 460 193 370 400 2014 7 1 15 42 15 5 206
3 69 10 38.925 -113.07 460 193 370 400 2014 7 1 15 43 6 5 206
3 69 10 38.799 -113.1 459 193 370 400 2014 7 1 15 44 6 5 206
3 69 10 38.676 -113.14 455 193 372 400 2014 7 1 15 45 6 5 206
3 69 10 38.555 -113.18 454 194 379 400 2014 7 1 15 46 6 5 206
3 69 10 38.433 -113.22 451 193 388 400 2014 7 1 15 47 15 5 206
3 69 10 38.266 -113.28 451 193 400 400 2014 7 1 15 48 15 5 206
3 69 10 38.166 -113.3 449 194 400 400 2014 7 1 15 49 6 5 206
3 69 10 38.046 -113.34 447 193 400 400 2014 7 1 15 50 15 5 206
3 69 10 37.927 -113.38 447 193 400 400 2014 7 1 15 51 6 5 206
3 69 10 37.819 -113.45 439 195 400 400 2014 7 1 15 52 16 5 206
3 69 10 37.698 -113.55 433 210 400 400 2014 7 1 15 53 16 5 206
3 69 10 37.678 -113.56 439 212 400 400 2014 7 1 15 54 6 5 206
3 69 10 37.596 -113.63 435 212 400 400 2014 7 1 15 55 6 1 49
3 69 10 37.474 -113.72 436 212 400 400 2014 7 1 15 56 6 1 49
3 69 10 37.373 -113.8 434 212 400 400 2014 7 1 15 57 6 1 49
3 69 10 37.251 -113.9 432 211 400 400 2014 7 1 15 58 16 1 49
3 69 10 37.15 -113.98 432 211 400 400 2014 7 1 15 59 6 1 49
3 69 10 37.047 -114.06 433 212 400 400 2014 7 1 16 0 16 1 49
3 69 10 36.944 -114.14 434 211 400 400 2014 7 1 16 1 7 1 49
3 69 10 36.843 -114.22 433 211 400 400 2014 7 1 16 2 16 1 49
3 69 10 36.745 -114.29 435 212 400 400 2014 7 1 16 3 15 1 49
3 69 10 36.641 -114.37 437 211 400 400 2014 7 1 16 4 6 1 49
3 69 10 36.537 -114.45 440 211 400 400 2014 7 1 16 5 16 1 49
3 69 10 36.433 -114.53 437 211 400 400 2014 7 1 16 6 13 1 49
3 69 10 36.329 -114.61 434 211 400 400 2014 7 1 16 7 15 1 47
3 69 10 36.225 -114.69 437 211 400 400 2014 7 1 16 8 6 1 47
3 69 10 36.1 -114.78 435 211 400 340 2014 7 1 16 9 6 1 47
3 69 10 35.998 -114.87 435 211 392 340 2014 7 1 16 10 6 1 47
3 69 10 35.914 -114.97 436 212 381 340 2014 7 1 16 11 6 1 47
3 69 10 35.832 -115.09 436 222 370 340 2014 7 1 16 12 6 1 47
3 69 10 35.751 -115.2 436 227 370 340 2014 7 1 16 13 16 1 47
3 69 10 35.667 -115.31 441 227 348 340 2014 7 1 16 14 6 1 47
3 69 10 35.584 -115.42 439 227 339 340 2014 7 1 16 15 16 1 44
3 69 10 35.484 -115.56 446 227 327 340 2014 7 1 16 16 6 1 44
3 69 10 35.409 -115.66 449 227 317 340 2014 7 1 16 17 6 1 44
3 69 10 35.324 -115.77 456 227 303 340 2014 7 1 16 18 16 1 44
3 69 10 35.236 -115.89 443 227 289 340 2014 7 1 16 19 6 1 44
3 69 10 35.139 -116.01 436 227 273 340 2014 7 1 16 20 16 1 44
3 69 10 35.057 -116.12 432 227 260 340 2014 7 1 16 21 11 1 44
3 69 10 34.979 -116.23 411 227 248 340 2014 7 1 16 22 16 1 44
3 69 10 34.899 -116.33 415 227 235 340 2014 7 1 16 23 16 1 22
3 69 10 34.899 -116.33 415 227 235 340 2014 7 1 16 24 6 1 22
3 69 10 34.788 -116.57 403 229 210 340 2014 7 1 16 25 6 1 22
3 69 10 34.748 -116.69 403 248 210 340 2014 7 1 16 26 7 1 22
3 69 10 34.771 -116.73 398 243 200 340 2014 7 1 16 27 6 1 22
3 69 10 34.758 -116.86 401 256 200 340 2014 7 1 16 28 6 1 22
3 69 10 34.744 -117 401 262 199 340 2014 7 1 16 29 6 1 22
3 69 10 34.73 -117.13 401 257 190 340 2014 7 1 16 30 6 1 22
3 69 10 34.717 -117.26 389 262 181 340 2014 7 1 16 31 6 1 22
3 69 10 34.703 -117.39 389 262 172 340 2014 7 1 16 32 6 1 22
3 69 10 34.687 -117.55 386 254 161 340 2014 7 1 16 33 6 1 22
3 69 10 34.673 -117.68 381 262 151 340 2014 7 1 16 34 16 1 22
3 69 10 34.659 -117.81 376 252 142 340 2014 7 1 16 35 6 1 22
3 69 10 34.643 -117.93 372 262 130 340 2014 7 1 16 36 6 1 34
3 69 10 34.625 -118.03 321 261 118 340 2014 7 1 16 37 6 1 34
3 69 10 34.607 -118.13 296 259 107 340 2014 7 1 16 38 6 1 34
3 69 10 34.583 -118.27 295 257 90 340 2014 7 1 16 39 16 1 34
3 69 10 34.567 -118.37 286 258 80 340 2014 7 1 16 40 16 1 34
3 69 10 34.55 -118.47 283 254 79 340 2014 7 1 16 41 6 1 8
3 69 10 34.517 -118.55 281 253 70 340 2014 7 1 16 42 6 1 8
3 69 10 34.467 -118.6 274 222 60 340 2014 7 1 16 43 6 1 8
3 69 10 34.4 -118.65 255 215 60 340 2014 7 1 16 44 6 1 8
3 69 10 34.346 -118.68 255 201 55 340 2014 7 1 16 45 16 1 8
3 69 10 34.267 -118.67 236 176 50 340 2014 7 1 16 46 6 1 8
3 69 10 34.216 -118.63 238 149 43 340 2014 7 1 16 47 6 1 8
3 69 10 34.2 -118.55 200 104 37 340 2014 7 1 16 48 16 1 8
3 69 10 34.201 -118.5 185 103 30 340 2014 7 1 16 49 6 1 8
3 69 10 34.2 -118.46 145 90 23 340 2014 7 1 16 50 16 1 8
3 69 10 34.2 -118.42 125 92 16 340 2014 7 1 16 51 6 1 8
4 69 10 40.824 -112.04 177 306 60 320 2014 7 1 14 47 6 5 197
4 69 10 40.828 -112.11 269 306 71 320 2014 7 1 14 48 6 5 197
4 69 10 40.811 -112.21 305 268 98 320 2014 7 1 14 49 6 5 197
4 69 10 40.791 -112.25 301 257 105 320 2014 7 1 14 50 15 5 197
4 69 10 40.709 -112.29 319 221 123 320 2014 7 1 14 51 7 5 197
4 69 10 40.597 -112.31 338 208 149 320 2014 7 1 14 52 15 5 197
4 69 10 40.504 -112.32 338 194 169 320 2014 7 1 14 53 16 5 197
4 69 10 40.407 -112.35 351 188 183 320 2014 7 1 14 54 6 5 197
4 69 10 40.31 -112.38 359 188 199 320 2014 7 1 14 55 6 5 197
4 69 10 40.223 -112.44 361 193 213 320 2014 7 1 14 56 9 5 215
4 69 10 40.133 -112.51 368 201 228 320 2014 7 1 14 57 15 5 215
4 69 10 40.022 -112.58 375 209 244 320 2014 7 1 14 58 6 5 215
4 69 10 39.93 -112.65 377 204 256 320 2014 7 1 14 59 6 5 215
4 69 10 39.834 -112.71 385 208 266 320 2014 7 1 15 0 6 5 215
4 69 10 39.735 -112.78 387 207 277 320 2014 7 1 15 1 6 5 215
4 69 10 39.633 -112.84 394 202 285 320 2014 7 1 15 2 16 5 215
4 69 10 39.524 -112.87 400 193 294 320 2014 7 1 15 3 6 5 215
4 69 10 39.413 -112.91 407 194 299 320 2014 7 1 15 4 15 5 215
4 69 10 39.276 -112.95 420 194 307 320 2014 7 1 15 5 6 5 215
4 69 10 39.162 -112.99 420 194 313 320 2014 7 1 15 6 6 5 215
4 69 10 39.047 -113.04 424 196 317 320 2014 7 1 15 7 6 5 205
4 69 10 38.942 -113.1 427 207 320 320 2014 7 1 15 8 6 5 205
4 69 10 38.833 -113.17 435 206 320 320 2014 7 1 15 9 6 5 205
4 69 10 38.721 -113.24 441 205 320 320 2014 7 1 15 10 6 5 205
4 69 10 38.589 -113.33 441 205 320 320 2014 7 1 15 11 6 5 205
4 69 10 38.479 -113.39 441 205 320 320 2014 7 1 15 12 6 5 205
4 69 10 38.372 -113.46 433 205 320 320 2014 7 1 15 13 15 5 205
4 69 10 38.268 -113.52 426 205 320 320 2014 7 1 15 14 6 5 205
4 69 10 38.165 -113.58 416 204 320 320 2014 7 1 15 15 16 5 205
4 69 10 38.061 -113.65 416 205 320 320 2014 7 1 15 16 6 5 205
4 69 10 38.041 -113.66 415 205 320 320 2014 7 1 15 17 6 5 205
4 69 10 37.833 -113.79 415 205 320 320 2014 7 1 15 18 16 1 38
4 69 10 37.833 -113.79 415 205 320 320 2014 7 1 15 19 6 1 38
4 69 10 37.729 -113.85 416 205 320 320 2014 7 1 15 20 16 1 38
4 69 10 37.623 -113.91 417 205 320 320 2014 7 1 15 21 15 1 38
4 69 10 37.497 -113.99 419 205 320 320 2014 7 1 15 22 16 1 38
4 69 10 37.392 -114.05 419 205 320 320 2014 7 1 15 23 16 1 48
4 69 10 37.301 -114.1 419 205 320 320 2014 7 1 15 24 6 1 48
4 69 10 37.182 -114.17 419 204 320 320 2014 7 1 15 25 16 1 48
4 69 10 37.068 -114.24 419 206 320 320 2014 7 1 15 26 6 1 48
4 69 10 36.963 -114.3 419 204 320 320 2014 7 1 15 27 15 1 48
4 69 10 36.86 -114.36 417 204 320 320 2014 7 1 15 28 6 1 48
4 69 10 36.754 -114.42 417 206 320 320 2014 7 1 15 29 6 1 48
4 69 10 36.65 -114.48 416 204 320 320 2014 7 1 15 30 6 1 48
4 69 10 36.546 -114.54 415 204 320 320 2014 7 1 15 31 6 1 48
4 69 10 36.422 -114.62 409 205 320 320 2014 7 1 15 32 16 1 48
4 69 10 36.318 -114.68 409 205 320 320 2014 7 1 15 33 16 1 47
4 69 10 36.214 -114.74 410 205 320 320 2014 7 1 15 34 15 1 47
4 69 10 36.111 -114.8 409 204 320 320 2014 7 1 15 35 16 1 47
4 69 10 36.008 -114.86 409 205 320 320 2014 7 1 15 36 6 1 47
4 69 10 35.927 -114.95 405 205 320 320 2014 7 1 15 37 6 1 47
4 69 10 35.853 -115.06 401 214 320 320 2014 7 1 15 38 16 1 47
4 69 10 35.765 -115.18 399 225 320 320 2014 7 1 15 39 6 1 47
4 69 10 35.69 -115.28 398 228 320 320 2014 7 1 15 40 6 1 47
4 69 10 35.616 -115.38 398 228 320 320 2014 7 1 15 41 6 1 44
4 69 10 35.542 -115.48 398 227 320 320 2014 7 1 15 42 15 1 44
4 69 10 35.467 -115.58 397 227 320 320 2014 7 1 15 43 6 1 44
4 69 10 35.392 -115.68 397 227 320 320 2014 7 1 15 44 6 1 44
4 69 10 35.308 -115.79 396 227 320 320 2014 7 1 15 45 6 1 44
4 69 10 35.233 -115.89 396 227 320 320 2014 7 1 15 46 6 1 44
4 69 10 35.158 -115.99 396 227 320 320 2014 7 1 15 47 15 1 44
4 69 10 35.083 -116.09 395 227 309 320 2014 7 1 15 48 15 1 44
4 69 10 35.083 -116.09 395 227 309 320 2014 7 1 15 49 6 1 44
4 69 10 35.006 -116.19 403 227 288 320 2014 7 1 15 50 15 1 44
4 69 10 34.929 -116.29 403 227 267 320 2014 7 1 15 51 6 1 44
4 69 10 34.837 -116.41 403 226 241 320 2014 7 1 15 52 16 1 44
4 69 10 34.788 -116.52 401 226 222 320 2014 7 1 15 53 16 1 22
4 69 10 34.777 -116.66 415 233 203 320 2014 7 1 15 54 6 1 22
4 69 10 34.765 -116.8 405 253 187 320 2014 7 1 15 55 6 1 22
4 69 10 34.752 -116.93 392 258 169 320 2014 7 1 15 56 6 1 22
4 69 10 34.738 -117.06 388 263 152 320 2014 7 1 15 57 6 1 22
4 69 10 34.723 -117.21 381 256 140 320 2014 7 1 15 58 16 1 22
4 69 10 34.711 -117.33 372 262 130 320 2014 7 1 15 59 6 1 34
4 69 10 34.696 -117.46 372 263 130 320 2014 7 1 16 0 16 1 34
4 69 10 34.684 -117.58 357 254 130 320 2014 7 1 16 1 7 1 34
4 69 10 34.667 -117.7 357 262 130 320 2014 7 1 16 2 16 1 34
4 69 10 34.648 -117.82 369 251 130 320 2014 7 1 16 3 15 1 34
4 69 10 34.631 -117.95 372 259 115 320 2014 7 1 16 4 6 1 34
4 69 10 34.611 -118.08 348 259 100 320 2014 7 1 16 5 16 1 34
4 69 10 34.597 -118.17 297 245 94 320 2014 7 1 16 6 13 1 34
4 69 10 34.578 -118.29 290 260 85 320 2014 7 1 16 7 15 1 34
4 69 10 34.561 -118.38 291 247 81 320 2014 7 1 16 8 6 1 34
4 69 10 34.533 -118.47 291 253 77 320 2014 7 1 16 9 6 1 8
4 69 10 34.473 -118.53 282 220 67 320 2014 7 1 16 10 6 1 8
4 69 10 34.417 -118.57 241 219 60 320 2014 7 1 16 11 6 1 8
4 69 10 34.352 -118.59 199 180 56 320 2014 7 1 16 12 6 1 8
4 69 10 34.306 -118.58 176 192 50 320 2014 7 1 16 13 16 1 8
4 69 10 34.267 -118.57 169 171 50 320 2014 7 1 16 14 6 1 8
4 69 10 34.214 -118.56 172 172 36 320 2014 7 1 16 15 16 1 8
4 69 10 34.199 -118.51 168 111 30 320 2014 7 1 16 16 6 1 8
4 69 10 34.2 -118.46 152 89 23 320 2014 7 1 16 17 6 1 8
4 69 10 34.2 -118.43 130 89 17 320 2014 7 1 16 18 16 1 8
4 69 10 34.199 -118.41 135 89 14 320 2014 7 1 16 19 6 1 8
4 69 10 34.199 -118.37 135 90 10 320 2014 7 1 16 20 16 1 8
5 69 10 40.838 -112.02 202 0 56 320 2014 7 2 21 17 15 5 197
5 69 10 40.831 -112.1 231 299 75 320 2014 7 2 21 18 6 5 197
5 69 10 40.816 -112.19 273 256 88 320 2014 7 2 21 19 16 5 197
5 69 10 40.766 -112.26 298 236 105 320 2014 7 2 21 20 6 5 197
5 69 10 40.696 -112.29 306 227 118 320 2014 7 2 21 21 6 5 197
5 69 10 40.593 -112.31 313 198 137 320 2014 7 2 21 22 6 5 197
5 69 10 40.504 -112.32 324 193 151 320 2014 7 2 21 23 6 5 197
5 69 10 40.412 -112.34 331 190 165 320 2014 7 2 21 24 6 5 197
5 69 10 40.32 -112.37 339 188 177 320 2014 7 2 21 25 6 5 197
5 69 10 40.236 -112.43 340 190 191 320 2014 7 2 21 26 6 5 215
5 69 10 40.153 -112.49 338 200 203 320 2014 7 2 21 27 15 5 215
5 69 10 40.068 -112.55 352 204 210 320 2014 7 2 21 28 6 5 215
5 69 10 39.96 -112.63 371 208 221 320 2014 7 2 21 29 6 5 215
5 69 10 39.87 -112.69 369 208 234 320 2014 7 2 21 30 6 5 215
5 69 10 39.779 -112.75 369 208 241 320 2014 7 2 21 31 6 5 215
5 69 10 39.694 -112.81 370 208 245 320 2014 7 2 21 32 6 5 215
5 69 10 39.569 -112.86 386 203 251 320 2014 7 2 21 33 6 5 215
5 69 10 39.464 -112.89 389 194 256 320 2014 7 2 21 34 6 5 215
5 69 10 39.356 -112.93 396 194 262 320 2014 7 2 21 35 6 5 215
5 69 10 39.249 -112.96 396 194 262 320 2014 7 2 21 36 6 5 215
5 69 10 39.111 -113.01 409 193 273 320 2014 7 2 21 37 6 5 215
5 69 10 38.998 -113.04 411 194 278 320 2014 7 2 21 38 16 5 205
5 69 10 38.886 -113.08 414 193 283 320 2014 7 2 21 39 15 5 205
5 69 10 38.886 -113.08 415 192 283 320 2014 7 2 21 40 6 5 205
5 69 10 38.774 -113.11 416 194 288 320 2014 7 2 21 41 6 5 205
5 69 10 38.663 -113.15 415 193 293 320 2014 7 2 21 42 6 5 205
5 69 10 38.529 -113.19 415 194 299 320 2014 7 2 21 43 6 5 205
5 69 10 38.306 -113.26 413 193 311 320 2014 7 2 21 44 6 5 205
5 69 10 38.306 -113.26 415 192 311 320 2014 7 2 21 45 6 5 205
5 69 10 38.197 -113.29 407 193 316 320 2014 7 2 21 46 6 5 205
5 69 10 38.089 -113.33 406 194 320 320 2014 7 2 21 47 6 5 205
5 69 10 37.979 -113.36 408 193 320 320 2014 7 2 21 48 6 5 205
5 69 10 37.869 -113.41 415 200 320 320 2014 7 2 21 49 16 5 205
5 69 10 37.749 -113.5 423 212 320 320 2014 7 2 21 50 6 5 205
5 69 10 37.648 -113.58 430 212 320 320 2014 7 2 21 51 6 1 48
5 69 10 37.546 -113.67 431 211 320 320 2014 7 2 21 52 6 1 48
5 69 10 37.427 -113.76 428 212 320 320 2014 7 2 21 53 17 1 48
5 69 10 37.328 -113.84 426 212 320 320 2014 7 2 21 54 6 1 48
5 69 10 37.25 -113.9 424 211 320 320 2014 7 2 21 55 6 1 48
5 69 10 37.132 -113.99 423 211 320 320 2014 7 2 21 56 6 1 48
5 69 10 37.048 -114.06 421 211 320 320 2014 7 2 21 57 6 1 48
5 69 10 36.934 -114.15 423 211 320 320 2014 7 2 21 58 6 1 48
5 69 10 36.829 -114.23 419 212 320 320 2014 7 2 21 59 16 1 48
5 69 10 36.71 -114.32 420 211 320 320 2014 7 2 22 0 6 1 48
5 69 10 36.61 -114.39 420 211 320 320 2014 7 2 22 1 6 1 48
5 69 10 36.51 -114.47 420 211 320 320 2014 7 2 22 2 6 1 48
5 69 10 36.411 -114.55 420 211 320 320 2014 7 2 22 3 6 1 48
5 69 10 36.311 -114.62 419 211 320 320 2014 7 2 22 4 6 1 47
5 69 10 36.211 -114.7 419 211 320 320 2014 7 2 22 5 6 1 47
5 69 10 36.111 -114.77 419 211 320 320 2014 7 2 22 6 6 1 47
5 69 10 36.013 -114.85 419 212 320 320 2014 7 2 22 7 6 1 47
5 69 10 35.914 -114.97 419 211 320 320 2014 7 2 22 8 6 1 47
5 69 10 35.836 -115.08 419 227 320 320 2014 7 2 22 9 6 1 47
5 69 10 35.758 -115.18 417 227 320 320 2014 7 2 22 10 6 1 47
5 69 10 35.68 -115.29 417 227 320 320 2014 7 2 22 11 6 1 47
5 69 10 35.68 -115.29 416 227 320 320 2014 7 2 22 12 6 1 47
5 69 10 35.602 -115.4 416 227 320 320 2014 7 2 22 13 6 1 44
5 69 10 35.524 -115.5 416 227 320 320 2014 7 2 22 14 6 1 44
5 69 10 35.438 -115.61 416 227 320 320 2014 7 2 22 15 6 1 44
5 69 10 35.359 -115.72 416 227 320 320 2014 7 2 22 16 6 1 44
5 69 10 35.28 -115.82 417 227 320 320 2014 7 2 22 17 6 1 44
5 69 10 35.185 -115.95 419 227 319 320 2014 7 2 22 18 16 1 44
5 69 10 35.101 -116.06 440 227 293 320 2014 7 2 22 19 16 1 44
5 69 10 35.012 -116.18 461 227 267 320 2014 7 2 22 20 6 1 44
5 69 10 34.929 -116.29 449 227 243 320 2014 7 2 22 21 6 1 44
5 69 10 34.851 -116.39 423 227 228 320 2014 7 2 22 22 6 1 22
5 69 10 34.79 -116.51 423 227 213 320 2014 7 2 22 23 6 1 22
5 69 10 34.776 -116.68 428 232 200 320 2014 7 2 22 24 16 1 22
5 69 10 34.762 -116.82 425 252 200 320 2014 7 2 22 25 6 1 22
5 69 10 34.748 -116.96 413 258 200 320 2014 7 2 22 26 6 1 22
5 69 10 34.733 -117.1 414 257 190 320 2014 7 2 22 27 6 1 22
5 69 10 34.719 -117.24 415 263 180 320 2014 7 2 22 28 6 1 22
5 69 10 34.703 -117.38 413 255 170 320 2014 7 2 22 29 6 1 22
5 69 10 34.681 -117.54 410 262 154 320 2014 7 2 22 30 6 1 22
5 69 10 34.663 -117.67 391 261 141 320 2014 7 2 22 31 6 1 22
5 69 10 34.646 -117.8 385 260 128 320 2014 7 2 22 32 16 1 34
5 69 10 34.63 -117.92 359 249 117 320 2014 7 2 22 33 6 1 34
5 69 10 34.615 -118.03 332 260 107 320 2014 7 2 22 34 6 1 34
5 69 10 34.599 -118.13 313 245 99 320 2014 7 2 22 35 16 1 34
5 69 10 34.521 -118.17 313 205 99 320 2014 7 2 22 36 6 1 34
5 69 10 34.567 -118.3 292 259 84 320 2014 7 2 22 37 6 1 34
5 69 10 34.55 -118.42 274 270 81 320 2014 7 2 22 38 6 1 8
5 69 10 34.517 -118.47 259 255 81 320 2014 7 2 22 39 16 1 8
5 69 10 34.467 -118.52 254 225 74 320 2014 7 2 22 40 6 1 8
5 69 10 34.4 -118.57 261 222 64 320 2014 7 2 22 41 6 1 8
5 69 10 34.333 -118.58 239 195 54 320 2014 7 2 22 42 6 1 8
5 69 10 34.283 -118.57 207 181 50 320 2014 7 2 22 43 6 1 8
5 69 10 34.233 -118.57 189 175 45 320 2014 7 2 22 44 16 1 8
5 69 10 34.2 -118.52 221 150 32 320 2014 7 2 22 45 6 1 8
5 69 10 34.2 -118.45 181 90 21 320 2014 7 2 22 46 6 1 8
5 69 10 34.2 -118.4 139 90 13 320 2014 7 2 22 47 6 1 8
5 69 10 34.198 -118.37 154 89 12 320 2014 7 2 22 48 6 1 8
6 69 10 40.769 -111.97 249 0 52 320 2014 7 2 14 44 6 5 197
6 69 10 40.717 -111.97 176 181 71 320 2014 7 2 14 46 11 5 197
6 69 10 40.642 -112.05 176 219 71 320 2014 7 2 14 47 6 5 197
6 69 10 40.566 -111.96 291 204 106 320 2014 7 2 14 48 6 5 197
6 69 10 40.37 -111.95 337 177 140 320 2014 7 2 14 49 6 5 197
6 69 10 40.3 -112.03 337 221 140 320 2014 7 2 14 50 6 5 197
6 69 10 40.275 -111.94 340 191 153 320 2014 7 2 14 51 6 5 197
6 69 10 40.087 -111.97 343 181 189 320 2014 7 2 14 52 16 5 215
6 69 10 40.087 -111.97 343 181 189 320 2014 7 2 14 53 6 5 215
6 69 10 39.99 -111.98 351 198 205 320 2014 7 2 14 54 7 5 215
6 69 10 39.774 -112.01 364 185 237 320 2014 7 2 14 55 16 5 215
6 69 10 39.774 -112.01 364 185 237 320 2014 7 2 14 56 6 5 215
6 69 10 39.671 -112.03 371 198 248 320 2014 7 2 14 57 16 5 215
6 69 10 39.565 -112.04 380 186 257 320 2014 7 2 14 58 6 5 215
6 69 10 39.456 -112.06 390 186 268 320 2014 7 2 14 59 6 5 215
6 69 10 39.348 -112.07 390 162 277 320 2014 7 2 15 0 6 5 215
6 69 10 39.23 -112.14 388 185 288 320 2014 7 2 15 1 6 5 205
6 69 10 39.138 -112.2 386 195 294 320 2014 7 2 15 2 6 5 205
6 69 10 39.059 -112.25 393 206 299 320 2014 7 2 15 3 16 5 205
6 69 10 38.935 -112.33 410 207 307 320 2014 7 2 15 4 6 5 205
6 69 10 38.835 -112.4 407 206 316 320 2014 7 2 15 5 6 5 205
6 69 10 38.716 -112.48 402 206 320 320 2014 7 2 15 6 6 5 205
6 69 10 38.613 -112.54 410 206 320 320 2014 7 2 15 7 6 5 205
6 69 10 38.512 -112.61 412 206 320 340 2014 7 2 15 8 16 5 205
6 69 10 38.431 -112.66 408 206 321 340 2014 7 2 15 9 6 5 205
6 69 10 38.307 -112.74 408 205 329 340 2014 7 2 15 10 6 5 205
6 69 10 38.204 -112.8 411 206 334 340 2014 7 2 15 11 6 5 205
6 69 10 38.102 -112.87 412 206 339 340 2014 7 2 15 12 6 5 205
6 69 10 37.976 -112.95 420 206 340 340 2014 7 2 15 13 6 5 205
6 69 10 37.87 -113.02 425 207 340 340 2014 7 2 15 14 6 5 205
6 69 10 37.767 -113.09 435 208 340 340 2014 7 2 15 15 6 5 205
6 69 10 37.658 -113.2 430 219 340 340 2014 7 2 15 16 6 5 205
6 69 10 37.566 -113.3 430 219 340 340 2014 7 2 15 17 6 1 49
6 69 10 37.473 -113.39 430 218 340 340 2014 7 2 15 18 17 1 49
6 69 10 37.381 -113.48 430 218 340 340 2014 7 2 15 19 15 1 49
6 69 10 37.288 -113.58 430 218 340 340 2014 7 2 15 20 16 1 49
6 69 10 37.195 -113.67 430 219 340 340 2014 7 2 15 21 6 1 49
6 69 10 37.102 -113.77 430 218 340 340 2014 7 2 15 22 6 1 49
6 69 10 37.084 -113.79 430 219 340 340 2014 7 2 15 23 6 1 49
6 69 10 36.914 -113.96 431 219 340 340 2014 7 2 15 24 16 1 49
6 69 10 36.819 -114.05 431 38 340 340 2014 7 2 15 25 6 1 49
6 69 10 36.804 -114.07 431 217 340 340 2014 7 2 15 26 6 1 49
6 69 10 36.709 -114.16 432 219 340 340 2014 7 2 15 27 6 1 49
6 69 10 36.612 -114.26 432 218 340 340 2014 7 2 15 28 6 1 49
6 69 10 36.517 -114.35 433 218 340 340 2014 7 2 15 29 6 1 49
6 69 10 36.422 -114.44 433 218 340 320 2014 7 2 15 30 6 1 49
6 69 10 36.328 -114.54 433 218 340 320 2014 7 2 15 31 6 1 47
6 69 10 36.231 -114.63 435 218 330 320 2014 7 2 15 32 6 1 47
6 69 10 36.116 -114.74 437 218 320 320 2014 7 2 15 33 6 1 47
6 69 10 36.022 -114.83 433 218 320 320 2014 7 2 15 34 6 1 47
6 69 10 35.938 -114.94 429 218 320 320 2014 7 2 15 35 6 1 47
6 69 10 35.858 -115.05 427 223 320 320 2014 7 2 15 36 6 1 47
6 69 10 35.777 -115.16 427 226 320 320 2014 7 2 15 37 6 1 47
6 69 10 35.697 -115.27 428 227 320 320 2014 7 2 15 38 15 1 47
6 69 10 35.616 -115.38 428 227 320 320 2014 7 2 15 39 16 1 44
6 69 10 35.517 -115.51 430 228 320 320 2014 7 2 15 40 6 1 44
6 69 10 35.443 -115.61 438 227 318 320 2014 7 2 15 41 6 1 44
6 69 10 35.36 -115.72 438 227 308 320 2014 7 2 15 42 6 1 44
6 69 10 35.277 -115.83 442 227 298 320 2014 7 2 15 43 6 1 44
6 69 10 35.172 -115.97 454 227 283 320 2014 7 2 15 44 8 1 44
6 69 10 35.089 -116.08 453 227 265 320 2014 7 2 15 45 6 1 44
6 69 10 35.006 -116.19 436 227 246 320 2014 7 2 15 46 6 1 44
6 69 10 34.93 -116.29 413 227 236 320 2014 7 2 15 47 6 1 31
6 69 10 34.866 -116.4 410 226 226 320 2014 7 2 15 48 6 1 22
6 69 10 34.846 -116.53 413 226 215 320 2014 7 2 15 49 6 1 22
6 69 10 34.822 -116.7 417 247 203 320 2014 7 2 15 50 15 1 22
6 69 10 34.775 -116.83 417 245 203 320 2014 7 2 15 51 6 1 22
6 69 10 34.804 -116.84 418 255 200 320 2014 7 2 15 52 6 1 22
6 69 10 34.784 -116.98 405 255 200 320 2014 7 2 15 53 6 1 22
6 69 10 34.765 -117.11 398 260 200 320 2014 7 2 15 54 6 1 22
6 69 10 34.744 -117.24 398 253 200 320 2014 7 2 15 55 6 1 22
6 69 10 34.725 -117.38 401 259 200 320 2014 7 2 15 56 6 1 22
6 69 10 34.704 -117.51 402 259 189 320 2014 7 2 15 57 6 1 22
6 69 10 34.682 -117.67 396 259 166 320 2014 7 2 15 58 6 1 22
6 69 10 34.661 -117.8 386 259 148 320 2014 7 2 15 59 6 1 22
6 69 10 34.64 -117.93 384 249 130 320 2014 7 2 16 0 6 1 34
6 69 10 34.622 -118.04 358 258 117 320 2014 7 2 16 1 6 1 34
6 69 10 34.604 -118.14 322 258 105 320 2014 7 2 16 2 6 1 34
6 69 10 34.586 -118.25 295 241 92 320 2014 7 2 16 3 6 1 34
6 69 10 34.57 -118.34 284 257 82 320 2014 7 2 16 4 16 1 34
6 69 10 34.533 -118.43 275 246 74 320 2014 7 2 16 5 6 1 8
6 69 10 34.483 -118.5 264 225 60 320 2014 7 2 16 6 6 1 8
6 69 10 34.426 -118.56 266 222 60 320 2014 7 2 16 7 6 1 8
6 69 10 34.367 -118.59 258 208 56 320 2014 7 2 16 8 6 1 8
6 69 10 34.298 -118.6 247 180 50 320 2014 7 2 16 9 6 1 8
6 69 10 34.233 -118.59 242 180 46 320 2014 7 2 16 10 6 1 8
6 69 10 34.201 -118.53 224 128 34 320 2014 7 2 16 11 6 1 8
6 69 10 34.201 -118.48 170 89 25 320 2014 7 2 16 12 6 1 8
6 69 10 34.199 -118.43 134 89 18 320 2014 7 2 16 13 6 1 8
6 69 10 34.2 -118.4 136 92 12 320 2014 7 2 16 14 19 1 8
6 69 10 34.197 -118.35 133 91 8 320 2014 7 2 16 15 16 1 8
7 69 10 40.767 -111.97 178 0 50 320 2014 7 3 21 41 6 5 197
7 69 10 40.722 -112 178 206 50 320 2014 7 3 21 42 6 5 197
7 69 10 40.673 -111.97 236 178 76 320 2014 7 3 21 43 6 5 197
7 69 10 40.591 -111.96 252 180 99 320 2014 7 3 21 44 6 5 197
7 69 10 40.517 -111.96 266 176 119 320 2014 7 3 21 45 6 5 197
7 69 10 40.442 -111.94 272 174 136 320 2014 7 3 21 46 6 5 197
7 69 10 40.362 -111.95 283 171 141 320 2014 7 3 21 47 6 5 197
7 69 10 40.256 -111.95 320 179 151 320 2014 7 3 21 48 6 5 197
7 69 10 40.157 -111.96 355 191 160 320 2014 7 3 21 49 6 5 197
7 69 10 40.061 -111.97 348 182 171 320 2014 7 3 21 50 6 5 215
7 69 10 39.962 -111.99 358 192 186 320 2014 7 3 21 51 6 5 215
7 69 10 39.864 -112 356 185 196 320 2014 7 3 21 52 6 5 215
7 69 10 39.764 -112 358 191 214 320 2014 7 3 21 53 6 5 215
7 69 10 39.657 -112.03 324 183 233 320 2014 7 3 21 54 6 5 215
7 69 10 39.571 -112.07 332 190 242 320 2014 7 3 21 55 6 5 215
7 69 10 39.482 -112.12 344 195 246 320 2014 7 3 21 56 6 5 215
7 69 10 39.39 -112.17 357 202 252 320 2014 7 3 21 57 6 5 215
7 69 10 39.298 -112.23 360 203 259 320 2014 7 3 21 58 6 5 215
7 69 10 39.216 -112.28 364 204 265 320 2014 7 3 21 59 6 5 205
7 69 10 39.1 -112.34 375 203 272 320 2014 7 3 22 0 6 5 205
7 69 10 39.005 -112.4 376 203 279 320 2014 7 3 22 1 6 5 205
7 69 10 38.909 -112.45 374 203 286 320 2014 7 3 22 2 6 5 205
7 69 10 38.794 -112.51 377 203 294 320 2014 7 3 22 3 6 5 205
7 69 10 38.738 -112.55 374 203 297 320 2014 7 3 22 4 6 5 205
7 69 10 38.601 -112.62 380 203 303 320 2014 7 3 22 5 6 5 205
7 69 10 38.523 -112.67 384 203 307 320 2014 7 3 22 6 7 5 205
7 69 10 38.422 -112.72 390 203 311 320 2014 7 3 22 7 6 5 205
7 69 10 38.321 -112.78 392 202 315 320 2014 7 3 22 8 6 5 205
7 69 10 38.219 -112.83 394 203 320 320 2014 7 3 22 9 6 5 205
7 69 10 38.117 -112.89 399 203 320 320 2014 7 3 22 10 6 5 205
7 69 10 37.991 -112.96 410 203 320 320 2014 7 3 22 11 6 5 205
7 69 10 37.969 -112.97 411 203 320 320 2014 7 3 22 12 6 5 205
7 69 10 37.777 -113.08 428 203 320 320 2014 7 3 22 13 6 5 205
7 69 10 37.688 -113.17 423 208 320 320 2014 7 3 22 14 6 5 205
7 69 10 37.651 -113.21 423 219 320 320 2014 7 3 22 15 6 5 205
7 69 10 37.486 -113.38 424 218 320 320 2014 7 3 22 16 6 1 48
7 69 10 37.468 -113.39 424 218 320 320 2014 7 3 22 17 6 1 48
7 69 10 37.375 -113.49 425 219 320 320 2014 7 3 22 18 6 1 48
7 69 10 37.282 -113.58 425 218 320 320 2014 7 3 22 19 6 1 48
7 69 10 37.171 -113.69 427 218 320 320 2014 7 3 22 20 8 1 48
7 69 10 37.078 -113.79 427 218 320 320 2014 7 3 22 21 9 1 48
7 69 10 36.987 -113.89 428 218 320 320 2014 7 3 22 22 6 1 48
7 69 10 36.892 -113.98 431 218 320 320 2014 7 3 22 23 6 1 48
7 69 10 36.792 -114.08 432 218 320 320 2014 7 3 22 24 7 1 48
7 69 10 36.722 -114.15 431 218 320 320 2014 7 3 22 25 6 1 48
7 69 10 36.622 -114.24 431 219 320 320 2014 7 3 22 26 6 1 48
7 69 10 36.528 -114.34 432 218 320 320 2014 7 3 22 27 6 1 48
7 69 10 36.433 -114.43 432 218 320 320 2014 7 3 22 28 6 1 48
7 69 10 36.32 -114.54 432 218 320 320 2014 7 3 22 29 6 1 47
7 69 10 36.226 -114.64 432 218 320 320 2014 7 3 22 30 6 1 47
7 69 10 36.131 -114.73 432 218 320 320 2014 7 3 22 31 6 1 47
7 69 10 36.038 -114.82 432 218 320 320 2014 7 3 22 32 6 1 47
7 69 10 35.95 -114.92 430 220 320 320 2014 7 3 22 33 6 1 47
7 69 10 35.869 -115.03 430 220 320 320 2014 7 3 22 34 6 1 47
7 69 10 35.788 -115.14 430 223 320 320 2014 7 3 22 35 6 1 47
7 69 10 35.691 -115.28 431 227 320 320 2014 7 3 22 36 6 1 47
7 69 10 35.61 -115.39 431 227 320 320 2014 7 3 22 37 6 1 44
7 69 10 35.529 -115.49 431 227 320 320 2014 7 3 22 38 6 1 44
7 69 10 35.454 -115.59 431 227 312 320 2014 7 3 22 39 6 1 44
7 69 10 35.354 -115.73 441 227 300 320 2014 7 3 22 40 6 1 44
7 69 10 35.271 -115.84 442 227 290 320 2014 7 3 22 41 6 1 44
7 69 10 35.188 -115.95 442 227 290 240 2014 7 3 22 42 6 1 44
7 69 10 35.185 -115.95 447 227 280 240 2014 7 3 22 43 6 1 44
7 69 10 35.101 -116.06 446 227 270 240 2014 7 3 22 44 6 1 44
7 69 10 35.017 -116.17 445 227 260 240 2014 7 3 22 45 6 1 44
7 69 10 34.934 -116.28 444 227 248 240 2014 7 3 22 46 6 1 44
7 69 10 34.832 -116.42 444 227 230 240 2014 7 3 22 47 6 1 22
7 69 10 34.787 -116.55 449 227 220 240 2014 7 3 22 48 6 1 22
7 69 10 34.774 -116.7 435 236 210 240 2014 7 3 22 49 6 1 22
7 69 10 34.76 -116.84 434 256 200 240 2014 7 3 22 50 6 1 22
7 69 10 34.745 -116.99 431 263 190 240 2014 7 3 22 51 8 1 22
7 69 10 34.731 -117.13 427 263 179 240 2014 7 3 22 52 6 1 22
7 69 10 34.714 -117.3 414 256 168 240 2014 7 3 22 53 6 1 22
7 69 10 34.699 -117.43 406 263 158 240 2014 7 3 22 54 6 1 22
7 69 10 34.685 -117.56 394 262 154 240 2014 7 3 22 55 6 1 22
7 69 10 34.672 -117.69 380 262 148 240 2014 7 3 22 56 6 1 22
7 69 10 34.657 -117.82 382 262 137 240 2014 7 3 22 57 6 1 22
7 69 10 34.646 -117.94 355 250 128 240 2014 7 3 22 58 6 1 34
7 69 10 34.634 -118.05 336 262 117 240 2014 7 3 22 59 6 1 34
7 69 10 34.612 -118.16 307 263 104 240 2014 7 3 23 1 6 1 34
7 69 10 34.612 -118.16 307 263 104 240 2014 7 3 23 1 6 1 34
7 69 10 34.565 -118.36 291 253 80 240 2014 7 3 23 2 6 1 34
7 69 10 34.524 -118.44 291 258 76 240 2014 7 3 23 3 6 1 8
7 69 10 34.469 -118.5 267 227 66 240 2014 7 3 23 4 6 1 8
7 69 10 34.405 -118.55 277 211 58 240 2014 7 3 23 5 6 1 8
7 69 10 34.334 -118.59 276 202 51 240 2014 7 3 23 6 6 1 8
7 69 10 34.263 -118.59 265 191 51 240 2014 7 3 23 7 6 1 8
7 69 10 34.217 -118.55 256 179 46 240 2014 7 3 23 8 6 1 8
7 69 10 34.2 -118.46 189 111 27 240 2014 7 3 23 9 6 1 8
7 69 10 34.2 -118.43 148 94 20 240 2014 7 3 23 10 6 1 8
7 69 10 34.2 -118.4 145 91 12 240 2014 7 3 23 11 6 1 8
7 69 10 34.198 -118.36 153 89 11 240 2014 7 3 23 12 6 1 8
8 69 10 40.815 -112 178 0 49 280 2014 7 3 2 22 16 5 197
8 69 10 40.836 -112.07 244 318 62 280 2014 7 3 2 23 15 5 197
8 69 10 40.822 -112.16 266 274 82 280 2014 7 3 2 24 6 5 197
8 69 10 40.792 -112.24 276 258 103 280 2014 7 3 2 25 16 5 197
8 69 10 40.719 -112.28 300 220 118 280 2014 7 3 2 26 6 5 197
8 69 10 40.617 -112.3 313 223 134 280 2014 7 3 2 27 6 5 197
8 69 10 40.526 -112.32 329 194 148 280 2014 7 3 2 28 6 5 197
8 69 10 40.433 -112.34 340 188 161 280 2014 7 3 2 29 16 5 197
8 69 10 40.338 -112.36 348 188 176 280 2014 7 3 2 30 16 5 197
8 69 10 40.252 -112.42 351 189 188 280 2014 7 3 2 31 6 5 215
8 69 10 40.164 -112.48 355 198 200 280 2014 7 3 2 32 16 5 215
8 69 10 40.076 -112.55 364 204 212 280 2014 7 3 2 33 15 5 215
8 69 10 39.985 -112.61 367 208 221 280 2014 7 3 2 34 6 5 215
8 69 10 39.874 -112.69 376 208 230 280 2014 7 3 2 35 16 5 215
8 69 10 39.781 -112.75 379 208 241 280 2014 7 3 2 36 6 5 215
8 69 10 39.7 -112.81 381 208 248 280 2014 7 3 2 37 6 5 215
8 69 10 39.576 -112.86 388 202 256 280 2014 7 3 2 38 15 5 215
8 69 10 39.47 -112.89 394 192 266 280 2014 7 3 2 39 15 5 215
8 69 10 39.362 -112.92 394 193 272 280 2014 7 3 2 40 6 5 215
8 69 10 39.254 -112.96 397 193 278 280 2014 7 3 2 41 6 5 215
8 69 10 39.144 -113 408 193 280 280 2014 7 3 2 42 6 5 215
8 69 10 39.029 -113.04 427 193 280 280 2014 7 3 2 43 16 5 205
8 69 10 38.912 -113.07 427 193 280 280 2014 7 3 2 44 16 5 205
8 69 10 38.769 -113.12 439 194 280 280 2014 7 3 2 45 16 5 205
8 69 10 38.647 -113.15 449 193 280 280 2014 7 3 2 46 15 5 205
8 69 10 38.525 -113.19 451 193 280 280 2014 7 3 2 47 6 5 205
8 69 10 38.402 -113.23 452 193 280 280 2014 7 3 2 48 15 5 205
8 69 10 38.279 -113.27 452 193 280 280 2014 7 3 2 49 15 5 205
8 69 10 38.157 -113.31 452 193 280 280 2014 7 3 2 50 6 5 205
8 69 10 38.034 -113.35 455 193 280 280 2014 7 3 2 51 6 5 205
8 69 10 37.938 -113.38 454 193 280 280 2014 7 3 2 52 6 5 205
8 69 10 37.789 -113.48 436 206 280 280 2014 7 3 2 53 15 5 205
8 69 10 37.728 -113.52 437 210 280 280 2014 7 3 2 54 6 5 205
8 69 10 37.607 -113.62 436 211 280 280 2014 7 3 2 55 6 1 48
8 69 10 37.485 -113.71 432 211 280 280 2014 7 3 2 56 15 1 48
8 69 10 37.405 -113.78 432 211 280 280 2014 7 3 2 57 6 1 48
8 69 10 37.284 -113.87 431 211 280 280 2014 7 3 2 58 16 1 48
8 69 10 37.193 -113.94 428 211 280 280 2014 7 3 2 59 7 1 48
8 69 10 37.164 -113.97 430 211 280 280 2014 7 3 3 0 16 1 48
8 69 10 37.092 -114.02 428 212 280 280 2014 7 3 3 1 6 1 48
8 69 10 36.966 -114.12 424 210 280 280 2014 7 3 3 2 6 1 48
8 69 10 36.864 -114.2 426 212 280 280 2014 7 3 3 3 6 1 48
8 69 10 36.79 -114.26 428 211 280 280 2014 7 3 3 4 6 1 48
8 69 10 36.689 -114.33 426 211 280 280 2014 7 3 3 5 6 1 48
8 69 10 36.591 -114.41 420 211 280 280 2014 7 3 3 6 6 1 48
8 69 10 36.472 -114.5 418 211 280 280 2014 7 3 3 7 6 1 48
8 69 10 36.373 -114.58 418 211 280 280 2014 7 3 3 8 16 1 47
8 69 10 36.274 -114.65 417 211 280 280 2014 7 3 3 9 16 1 47
8 69 10 36.176 -114.73 416 211 280 280 2014 7 3 3 10 16 1 47
8 69 10 36.077 -114.8 415 211 280 280 2014 7 3 3 11 6 1 47
8 69 10 35.983 -114.88 416 211 280 280 2014 7 3 3 12 16 1 47
8 69 10 35.903 -114.99 424 218 280 280 2014 7 3 3 13 15 1 47
8 69 10 35.824 -115.09 420 221 280 280 2014 7 3 3 14 16 1 47
8 69 10 35.746 -115.2 420 227 280 280 2014 7 3 3 15 6 1 47
8 69 10 35.649 -115.33 420 227 280 280 2014 7 3 3 16 6 1 47
8 69 10 35.571 -115.44 420 227 280 280 2014 7 3 3 17 15 1 44
8 69 10 35.491 -115.55 421 227 280 280 2014 7 3 3 18 15 1 44
8 69 10 35.42 -115.64 421 227 280 280 2014 7 3 3 19 6 1 44
8 69 10 35.342 -115.74 421 227 280 280 2014 7 3 3 20 6 1 44
8 69 10 35.247 -115.87 421 227 280 280 2014 7 3 3 21 6 1 44
8 69 10 35.168 -115.97 420 227 280 280 2014 7 3 3 22 16 1 44
8 69 10 35.089 -116.08 420 227 279 280 2014 7 3 3 23 6 1 44
8 69 10 35.007 -116.19 428 227 264 280 2014 7 3 3 24 15 1 44
8 69 10 34.924 -116.3 434 227 247 280 2014 7 3 3 25 16 1 44
8 69 10 34.842 -116.4 434 227 229 280 2014 7 3 3 26 16 1 22
8 69 10 34.792 -116.52 419 227 217 280 2014 7 3 3 27 6 1 22
8 69 10 34.774 -116.69 421 234 205 280 2014 7 3 3 28 6 1 22
8 69 10 34.76 -116.84 439 254 200 280 2014 7 3 3 29 6 1 22
8 69 10 34.745 -116.99 434 263 198 280 2014 7 3 3 30 6 1 22
8 69 10 34.731 -117.13 432 257 188 280 2014 7 3 3 31 6 1 22
8 69 10 34.716 -117.27 429 263 178 280 2014 7 3 3 32 6 1 22
8 69 10 34.7 -117.42 423 262 168 280 2014 7 3 3 33 6 1 22
8 69 10 34.685 -117.56 422 254 156 280 2014 7 3 3 34 16 1 22
8 69 10 34.671 -117.69 408 262 141 280 2014 7 3 3 35 16 1 22
8 69 10 34.597 -117.8 408 229 141 280 2014 7 3 3 36 6 1 22
8 69 10 34.647 -117.93 318 263 111 280 2014 7 3 3 37 15 1 34
8 69 10 34.635 -118.04 313 263 101 280 2014 7 3 3 38 15 1 34
8 69 10 34.617 -118.13 291 262 91 280 2014 7 3 3 39 15 1 34
8 69 10 34.6 -118.22 289 255 81 280 2014 7 3 3 40 15 1 34
8 69 10 34.6 -118.22 289 255 81 280 2014 7 3 3 41 6 1 34
8 69 10 34.55 -118.4 278 253 79 280 2014 7 3 3 42 16 1 8
8 69 10 34.5 -118.48 274 254 74 280 2014 7 3 3 43 15 1 8
8 69 10 34.45 -118.53 277 226 64 280 2014 7 3 3 44 16 1 8
8 69 10 34.367 -118.57 281 221 54 280 2014 7 3 3 45 6 1 8
8 69 10 34.3 -118.57 255 191 44 280 2014 7 3 3 46 16 1 8
8 69 10 34.233 -118.57 211 181 34 280 2014 7 3 3 47 16 1 8
8 69 10 34.217 -118.52 171 171 29 280 2014 7 3 3 48 15 1 8
8 69 10 34.2 -118.47 156 114 24 280 2014 7 3 3 49 15 1 8
8 69 10 34.2 -118.42 144 101 15 280 2014 7 3 3 50 15 1 8
8 69 10 34.199 -118.4 151 89 13 280 2014 7 3 3 51 15 1 8
8 69 10 34.199 -118.36 147 89 10 280 2014 7 3 3 52 16 1 8
9 69 10 40.745 -111.97 163 203 61 320 2014 7 3 15 26 6 5 197
9 69 10 40.682 -111.97 253 183 73 320 2014 7 3 15 27 6 5 197
9 69 10 40.606 -111.97 291 176 93 320 2014 7 3 15 28 6 5 197
9 69 10 40.519 -111.96 291 175 118 320 2014 7 3 15 29 6 5 197
9 69 10 40.444 -111.96 291 177 137 320 2014 7 3 15 30 6 5 197
9 69 10 40.355 -111.95 331 177 140 320 2014 7 3 15 31 6 5 197
9 69 10 40.242 -111.95 359 177 150 320 2014 7 3 15 32 6 5 197
9 69 10 40.191 -111.95 348 180 159 320 2014 7 3 15 33 6 5 197
9 69 10 40.093 -111.97 353 184 173 320 2014 7 3 15 34 6 5 215
9 69 10 39.992 -111.98 368 194 184 320 2014 7 3 15 35 6 5 215
9 69 10 39.889 -112 373 186 196 320 2014 7 3 15 36 6 5 215
9 69 10 39.764 -112.02 378 194 211 320 2014 7 3 15 37 6 5 215
9 69 10 39.661 -112.03 377 186 222 320 2014 7 3 15 38 6 5 215
9 69 10 39.559 -112.05 372 186 229 320 2014 7 3 15 39 8 5 215
9 69 10 39.454 -112.06 373 186 241 320 2014 7 3 15 40 6 5 215
9 69 10 39.349 -112.08 381 186 248 320 2014 7 3 15 41 6 5 215
9 69 10 39.224 -112.09 394 186 258 320 2014 7 3 15 42 6 5 205
9 69 10 39.116 -112.11 391 195 267 320 2014 7 3 15 43 6 5 205
9 69 10 39.005 -112.13 398 186 274 320 2014 7 3 15 44 6 5 205
9 69 10 38.9 -112.18 408 200 280 320 2014 7 3 15 45 6 5 205
9 69 10 38.816 -112.27 413 208 287 320 2014 7 3 15 46 6 5 205
9 69 10 38.705 -112.38 409 219 293 320 2014 7 3 15 47 6 5 205
9 69 10 38.613 -112.46 407 217 303 320 2014 7 3 15 48 6 5 205
9 69 10 38.527 -112.55 406 217 309 320 2014 7 3 15 49 16 5 205
9 69 10 38.527 -112.55 406 217 309 320 2014 7 3 15 50 10 5 205
9 69 10 38.437 -112.63 405 216 317 320 2014 7 3 15 51 6 5 205
9 69 10 38.258 -112.8 405 216 320 320 2014 7 3 15 52 16 5 205
9 69 10 38.258 -112.8 405 216 320 320 2014 7 3 15 53 6 5 205
9 69 10 38.143 -112.91 423 217 320 320 2014 7 3 15 54 6 5 205
9 69 10 38.048 -113 428 217 320 320 2014 7 3 15 55 6 5 205
9 69 10 37.951 -113.09 433 216 320 320 2014 7 3 15 56 6 5 205
9 69 10 37.852 -113.18 437 216 320 320 2014 7 3 15 57 6 5 205
9 69 10 37.733 -113.29 446 216 320 320 2014 7 3 15 58 6 5 205
9 69 10 37.634 -113.39 444 216 320 320 2014 7 3 15 59 6 5 205
9 69 10 37.634 -113.39 446 216 320 320 2014 7 3 16 0 6 5 205
9 69 10 37.434 -113.57 448 216 320 320 2014 7 3 16 1 6 1 48
9 69 10 37.334 -113.66 448 215 320 320 2014 7 3 16 2 6 1 48
9 69 10 37.214 -113.77 448 216 320 320 2014 7 3 16 3 6 1 48
9 69 10 37.112 -113.86 448 216 320 320 2014 7 3 16 4 6 1 48
9 69 10 37.012 -113.96 450 215 320 320 2014 7 3 16 5 6 1 48
9 69 10 36.91 -114.05 452 215 320 320 2014 7 3 16 6 6 1 48
9 69 10 36.81 -114.14 452 215 320 320 2014 7 3 16 7 6 1 48
9 69 10 36.7 -114.24 451 216 320 320 2014 7 3 16 8 6 1 48
9 69 10 36.598 -114.33 451 216 320 320 2014 7 3 16 9 6 1 48
9 69 10 36.495 -114.42 451 215 320 320 2014 7 3 16 10 6 1 48
9 69 10 36.372 -114.53 452 215 320 320 2014 7 3 16 11 7 1 47
9 69 10 36.268 -114.62 453 215 320 320 2014 7 3 16 12 6 1 47
9 69 10 36.165 -114.71 453 215 320 320 2014 7 3 16 13 6 1 47
9 69 10 36.061 -114.8 454 215 320 320 2014 7 3 16 14 6 1 47
9 69 10 35.963 -114.9 454 215 320 320 2014 7 3 16 15 6 1 47
9 69 10 35.88 -115.02 450 217 320 320 2014 7 3 16 16 6 1 47
9 69 10 35.795 -115.14 450 224 320 320 2014 7 3 16 17 6 1 47
9 69 10 35.711 -115.25 450 227 320 320 2014 7 3 16 18 6 1 47
9 69 10 35.692 -115.28 453 228 320 320 2014 7 3 16 19 6 1 47
9 69 10 35.522 -115.5 453 227 320 320 2014 7 3 16 20 6 1 44
9 69 10 35.438 -115.62 453 227 320 320 2014 7 3 16 21 6 1 44
9 69 10 35.348 -115.74 451 227 315 320 2014 7 3 16 22 6 1 44
9 69 10 35.263 -115.85 451 227 315 320 2014 7 3 16 23 6 1 44
9 69 10 35.258 -115.86 463 227 300 320 2014 7 3 16 24 6 1 44
9 69 10 35.168 -115.98 474 227 284 320 2014 7 3 16 25 6 1 44
9 69 10 35.083 -116.09 458 227 268 320 2014 7 3 16 26 7 1 44
9 69 10 34.998 -116.2 452 227 253 320 2014 7 3 16 27 6 1 44
9 69 10 34.911 -116.31 452 227 238 320 2014 7 3 16 28 6 1 22
9 69 10 34.808 -116.45 454 226 221 320 2014 7 3 16 29 6 1 22
9 69 10 34.784 -116.6 443 227 205 320 2014 7 3 16 30 6 1 22
9 69 10 34.77 -116.75 440 241 200 320 2014 7 3 16 31 6 1 22
9 69 10 34.756 -116.88 402 261 200 320 2014 7 3 16 32 6 1 22
9 69 10 34.742 -117.02 390 257 189 320 2014 7 3 16 33 6 1 22
9 69 10 34.73 -117.14 391 263 179 320 2014 7 3 16 34 6 1 22
9 69 10 34.714 -117.3 380 263 167 320 2014 7 3 16 35 6 1 22
9 69 10 34.701 -117.42 366 255 157 320 2014 7 3 16 36 6 1 22
9 69 10 34.683 -117.55 376 262 147 320 2014 7 3 16 37 6 1 22
9 69 10 34.666 -117.68 387 261 137 320 2014 7 3 16 38 6 1 22
9 69 10 34.648 -117.81 390 250 127 320 2014 7 3 16 39 6 1 34
9 69 10 34.572 -117.9 390 225 127 320 2014 7 3 16 40 6 1 34
9 69 10 34.497 -117.99 390 225 127 320 2014 7 3 16 41 6 1 34
9 69 10 34.421 -118.09 390 225 127 320 2014 7 3 16 42 6 1 34
9 69 10 34.345 -118.18 390 225 127 320 2014 7 3 16 43 6 1 8
9 69 10 34.567 -118.32 291 237 85 320 2014 7 3 16 44 6 1 34
9 69 10 34.55 -118.42 283 259 80 320 2014 7 3 16 45 6 1 8
9 69 10 34.533 -118.5 276 250 79 320 2014 7 3 16 46 6 1 8
9 69 10 34.433 -118.63 271 241 64 320 2014 7 3 16 47 6 1 8
9 69 10 34.367 -118.67 268 227 53 320 2014 7 3 16 48 6 1 8
9 69 10 34.326 -118.59 268 123 53 320 2014 7 3 16 49 6 1 8
9 69 10 34.3 -118.68 262 187 50 320 2014 7 3 16 50 6 1 8
9 69 10 34.233 -118.67 198 197 47 320 2014 7 3 16 51 10 1 8
9 69 10 34.183 -118.67 190 180 40 320 2014 7 3 16 52 6 1 8
9 69 10 34.183 -118.62 199 173 40 320 2014 7 3 16 53 6 1 8
9 69 10 34.2 -118.57 197 140 32 320 2014 7 3 16 54 6 1 8
9 69 10 34.2 -118.45 156 80 21 320 2014 7 3 16 55 6 1 8
9 69 10 34.2 -118.4 146 89 13 320 2014 7 3 16 56 6 1 8
10 69 10 40.771 -111.97 188 0 48 320 2014 7 4 21 27 16 5 197
10 69 10 40.758 -111.97 186 195 55 320 2014 7 4 21 28 6 5 197
10 69 10 40.697 -111.97 219 186 73 320 2014 7 4 21 29 6 5 197
10 69 10 40.626 -111.97 266 176 91 320 2014 7 4 21 30 6 5 197
10 69 10 40.547 -111.96 270 177 114 320 2014 7 4 21 31 6 5 197
10 69 10 40.471 -111.96 272 174 135 320 2014 7 4 21 32 15 5 197
10 69 10 40.388 -111.95 309 177 140 320 2014 7 4 21 33 6 5 197
10 69 10 40.307 -111.95 297 177 140 320 2014 7 4 21 34 6 5 197
10 69 10 40.218 -111.95 342 176 149 320 2014 7 4 21 35 18 5 197
10 69 10 40.119 -111.96 357 196 158 320 2014 7 4 21 36 6 5 197
10 69 10 40.017 -111.98 368 183 172 320 2014 7 4 21 37 16 5 215
10 69 10 39.92 -111.99 345 194 193 320 2014 7 4 21 38 16 5 215
10 69 10 39.798 -112.01 371 186 205 320 2014 7 4 21 39 16 5 215
10 69 10 39.693 -112.03 375 194 215 320 2014 7 4 21 40 6 5 215
10 69 10 39.587 -112.04 380 186 225 320 2014 7 4 21 41 6 5 215
10 69 10 39.482 -112.07 388 195 235 320 2014 7 4 21 42 16 5 215
10 69 10 39.378 -112.11 389 197 245 320 2014 7 4 21 43 16 5 215
10 69 10 39.272 -112.16 400 194 250 320 2014 7 4 21 44 18 5 215
10 69 10 39.161 -112.22 401 197 255 320 2014 7 4 21 45 6 5 205
10 69 10 39.056 -112.28 405 201 263 320 2014 7 4 21 46 6 5 205
10 69 10 38.961 -112.37 407 205 273 320 2014 7 4 21 47 6 5 205
10 69 10 38.871 -112.45 403 215 283 320 2014 7 4 21 48 6 5 205
10 69 10 38.747 -112.57 404 216 290 320 2014 7 4 21 49 15 5 205
10 69 10 38.655 -112.65 404 215 295 320 2014 7 4 21 50 16 5 205
10 69 10 38.597 -112.7 407 215 298 320 2014 7 4 21 51 6 5 205
10 69 10 38.489 -112.8 406 214 304 320 2014 7 4 21 52 16 5 205
10 69 10 38.405 -112.9 405 216 309 320 2014 7 4 21 53 6 5 205
10 69 10 38.322 -113 405 223 314 320 2014 7 4 21 54 6 5 205
10 69 10 38.289 -113.03 405 222 316 320 2014 7 4 21 55 6 5 205
10 69 10 38.204 -113.12 404 220 320 320 2014 7 4 21 56 15 5 205
10 69 10 38.064 -113.27 404 218 321 340 2014 7 4 21 57 16 5 205
10 69 10 37.97 -113.35 405 217 326 340 2014 7 4 21 58 15 5 205
10 69 10 37.858 -113.43 402 211 332 340 2014 7 4 21 59 16 5 205
10 69 10 37.766 -113.5 395 212 337 340 2014 7 4 22 0 6 5 205
10 69 10 37.675 -113.58 393 212 340 340 2014 7 4 22 1 15 5 205
10 69 10 37.637 -113.61 394 212 340 340 2014 7 4 22 2 6 1 49
10 69 10 37.542 -113.68 398 211 340 340 2014 7 4 22 3 6 1 49
10 69 10 37.445 -113.75 403 211 340 360 2014 7 4 22 4 16 1 49
10 69 10 37.348 -113.83 407 212 341 360 2014 7 4 22 5 16 1 49
10 69 10 37.25 -113.91 409 211 346 360 2014 7 4 22 6 6 1 49
10 69 10 37.082 -114.04 404 211 355 360 2014 7 4 22 7 16 1 49
10 69 10 36.989 -114.11 399 211 360 360 2014 7 4 22 8 16 1 49
10 69 10 36.966 -114.12 398 211 360 360 2014 7 4 22 9 15 1 49
10 69 10 36.872 -114.2 396 211 360 360 2014 7 4 22 10 16 1 49
10 69 10 36.775 -114.27 399 212 360 360 2014 7 4 22 11 6 1 49
10 69 10 36.66 -114.36 402 209 360 360 2014 7 4 22 12 16 1 49
10 69 10 36.562 -114.43 407 211 360 360 2014 7 4 22 13 6 1 49
10 69 10 36.464 -114.51 410 211 360 360 2014 7 4 22 14 6 1 49
10 69 10 36.365 -114.58 413 211 360 360 2014 7 4 22 15 6 1 47
10 69 10 36.265 -114.66 415 211 360 360 2014 7 4 22 16 15 1 47
10 69 10 36.165 -114.73 415 211 360 360 2014 7 4 22 17 16 1 47
10 69 10 36.065 -114.81 416 211 360 360 2014 7 4 22 18 16 1 47
10 69 10 35.972 -114.89 416 211 360 360 2014 7 4 22 19 16 1 47
10 69 10 35.895 -115 415 213 360 360 2014 7 4 22 20 16 1 47
10 69 10 35.818 -115.1 414 224 360 360 2014 7 4 22 21 15 1 47
10 69 10 35.74 -115.21 416 227 360 360 2014 7 4 22 22 15 1 47
10 69 10 35.661 -115.32 415 227 360 360 2014 7 4 22 23 6 1 47
10 69 10 35.568 -115.44 415 227 358 360 2014 7 4 22 24 6 1 44
10 69 10 35.486 -115.55 431 227 343 360 2014 7 4 22 25 15 1 44
10 69 10 35.406 -115.66 447 227 328 360 2014 7 4 22 26 6 1 44
10 69 10 35.321 -115.77 450 227 313 360 2014 7 4 22 27 15 1 44
10 69 10 35.279 -115.92 450 250 313 360 2014 7 4 22 28 6 1 44
10 69 10 35.254 -115.9 460 235 298 360 2014 7 4 22 29 6 1 44
10 69 10 35.196 -116.21 458 244 259 360 2014 7 4 22 30 16 1 43
10 69 10 35.185 -116.36 453 256 239 360 2014 7 4 22 31 15 1 31
10 69 10 35.185 -116.36 453 256 239 360 2014 7 4 22 32 6 1 31
10 69 10 35.156 -116.68 440 264 200 360 2014 7 4 22 33 6 1 22
10 69 10 35.106 -116.82 440 245 200 360 2014 7 4 22 34 6 1 34
10 69 10 35.165 -116.82 413 258 200 360 2014 7 4 22 35 15 1 34
10 69 10 35.163 -116.95 389 268 200 360 2014 7 4 22 36 6 1 34
10 69 10 35.139 -117.07 382 271 200 360 2014 7 4 22 37 17 1 34
10 69 10 35.072 -117.18 396 262 175 360 2014 7 4 22 38 6 1 34
10 69 10 35.029 -117.3 393 244 141 360 2014 7 4 22 39 15 1 34
10 69 10 34.937 -117.5 324 242 129 360 2014 7 4 22 40 15 1 34
10 69 10 34.937 -117.5 324 242 129 360 2014 7 4 22 41 6 1 34
10 69 10 34.889 -117.61 364 239 130 360 2014 7 4 22 42 15 1 34
10 69 10 34.839 -117.73 388 242 130 360 2014 7 4 22 43 16 1 34
10 69 10 34.788 -117.85 389 242 130 360 2014 7 4 22 44 15 1 34
10 69 10 34.739 -117.96 386 242 122 360 2014 7 4 22 45 6 1 34
10 69 10 34.68 -118.09 359 242 109 360 2014 7 4 22 46 16 1 34
10 69 10 34.64 -118.18 305 242 97 360 2014 7 4 22 47 15 1 34
10 69 10 34.6 -118.27 296 242 83 360 2014 7 4 22 48 15 1 34
10 69 10 34.566 -118.36 277 240 81 360 2014 7 4 22 49 15 1 34
10 69 10 34.529 -118.44 260 244 78 360 2014 7 4 22 50 6 1 8
10 69 10 34.481 -118.49 233 219 61 360 2014 7 4 22 51 6 1 8
10 69 10 34.422 -118.52 235 208 50 360 2014 7 4 22 52 15 1 8
10 69 10 34.363 -118.52 212 180 50 360 2014 7 4 22 53 6 1 8
10 69 10 34.305 -118.51 208 180 35 360 2014 7 4 22 54 6 1 8
10 69 10 34.247 -118.51 209 168 31 360 2014 7 4 22 55 15 1 8
10 69 10 34.208 -118.47 200 157 26 360 2014 7 4 22 56 16 1 8
10 69 10 34.198 -118.43 166 111 18 360 2014 7 4 22 57 6 1 8
10 69 10 34.199 -118.37 147 89 9 360 2014 7 4 22 58 6 1 8
11 69 10 40.752 -111.96 171 0 55 320 2014 7 4 2 21 6 5 197
11 69 10 40.691 -111.96 216 173 73 320 2014 7 4 2 22 16 5 197
11 69 10 40.677 -111.96 222 176 75 320 2014 7 4 2 23 16 5 197
11 69 10 40.599 -111.96 278 190 91 320 2014 7 4 2 24 16 5 197
11 69 10 40.502 -111.95 290 177 111 320 2014 7 4 2 25 16 5 197
11 69 10 40.411 -111.95 326 178 125 320 2014 7 4 2 26 6 5 197
11 69 10 40.316 -111.94 341 178 139 320 2014 7 4 2 27 6 5 197
11 69 10 40.216 -111.95 364 177 152 320 2014 7 4 2 28 6 5 197
11 69 10 40.113 -111.96 369 179 165 320 2014 7 4 2 29 6 5 215
11 69 10 40.009 -111.98 374 192 177 320 2014 7 4 2 30 6 5 215
11 69 10 39.903 -111.99 384 186 187 320 2014 7 4 2 31 6 5 215
11 69 10 39.77 -112.01 402 186 199 320 2014 7 4 2 32 6 5 215
11 69 10 39.661 -112.03 402 186 208 320 2014 7 4 2 33 6 5 215
11 69 10 39.547 -112.05 406 186 216 320 2014 7 4 2 34 6 5 215
11 69 10 39.434 -112.06 408 186 225 320 2014 7 4 2 35 16 5 215
11 69 10 39.321 -112.08 407 195 235 320 2014 7 4 2 36 6 5 215
11 69 10 39.202 -112.09 402 186 245 320 2014 7 4 2 37 16 5 205
11 69 10 39.093 -112.13 401 186 252 320 2014 7 4 2 38 7 5 205
11 69 10 38.986 -112.23 403 205 261 320 2014 7 4 2 39 15 5 205
11 69 10 38.895 -112.32 403 216 265 320 2014 7 4 2 40 6 5 205
11 69 10 38.82 -112.38 403 216 272 320 2014 7 4 2 41 6 5 205
11 69 10 38.729 -112.47 403 215 281 320 2014 7 4 2 42 6 5 205
11 69 10 38.623 -112.57 403 216 290 320 2014 7 4 2 43 6 5 205
11 69 10 38.53 -112.65 405 215 295 320 2014 7 4 2 44 6 5 205
11 69 10 38.438 -112.73 405 215 300 320 2014 7 4 2 45 6 5 205
11 69 10 38.347 -112.82 405 215 305 320 2014 7 4 2 46 6 5 205
11 69 10 38.236 -112.92 406 215 311 320 2014 7 4 2 47 15 5 205
11 69 10 38.161 -112.98 407 215 314 320 2014 7 4 2 48 16 5 205
11 69 10 38.144 -113 407 215 316 320 2014 7 4 2 49 6 5 205
11 69 10 38.051 -113.08 407 215 320 320 2014 7 4 2 50 6 5 205
11 69 10 37.959 -113.17 409 215 320 320 2014 7 4 2 51 6 5 205
11 69 10 37.862 -113.25 422 215 320 320 2014 7 4 2 52 6 5 205
11 69 10 37.747 -113.35 423 214 320 320 2014 7 4 2 53 6 5 205
11 69 10 37.571 -113.51 427 215 320 320 2014 7 4 2 54 6 1 48
11 69 10 37.552 -113.53 429 214 320 320 2014 7 4 2 55 6 1 48
11 69 10 37.454 -113.61 430 214 320 320 2014 7 4 2 56 6 1 48
11 69 10 37.356 -113.7 431 214 320 320 2014 7 4 2 57 6 1 48
11 69 10 37.256 -113.78 432 214 320 320 2014 7 4 2 58 16 1 48
11 69 10 37.138 -113.89 433 216 320 320 2014 7 4 2 59 6 1 48
11 69 10 37.033 -113.98 434 213 320 320 2014 7 4 3 0 6 1 48
11 69 10 36.933 -114.06 434 214 320 320 2014 7 4 3 1 16 1 48
11 69 10 36.833 -114.15 434 214 320 320 2014 7 4 3 2 6 1 48
11 69 10 36.734 -114.24 435 214 320 320 2014 7 4 3 3 6 1 48
11 69 10 36.634 -114.32 437 215 320 320 2014 7 4 3 4 16 1 48
11 69 10 36.533 -114.41 437 215 320 320 2014 7 4 3 5 16 1 48
11 69 10 36.432 -114.49 438 214 320 320 2014 7 4 3 6 6 1 48
11 69 10 36.331 -114.58 438 214 320 320 2014 7 4 3 7 6 1 47
11 69 10 36.229 -114.67 439 214 320 320 2014 7 4 3 8 6 1 47
11 69 10 36.107 -114.77 439 214 320 320 2014 7 4 3 9 16 1 47
11 69 10 36.005 -114.86 441 214 320 320 2014 7 4 3 10 6 1 47
11 69 10 35.919 -114.96 437 214 320 320 2014 7 4 3 11 6 1 47
11 69 10 35.836 -115.08 439 219 320 320 2014 7 4 3 12 16 1 47
11 69 10 35.754 -115.19 441 227 320 320 2014 7 4 3 13 16 1 47
11 69 10 35.67 -115.31 443 228 320 320 2014 7 4 3 14 6 1 47
11 69 10 35.587 -115.42 443 227 320 320 2014 7 4 3 15 6 1 44
11 69 10 35.503 -115.53 444 227 320 320 2014 7 4 3 16 15 1 44
11 69 10 35.408 -115.66 443 227 320 320 2014 7 4 3 17 6 1 44
11 69 10 35.324 -115.77 443 227 320 320 2014 7 4 3 18 6 1 44
11 69 10 35.241 -115.88 443 227 320 320 2014 7 4 3 19 16 1 44
11 69 10 35.241 -115.88 443 227 320 320 2014 7 4 3 20 6 1 44
11 69 10 35.157 -115.99 441 227 320 320 2014 7 4 3 21 6 1 44
11 69 10 34.989 -116.21 442 227 283 320 2014 7 4 3 22 15 1 44
11 69 10 34.906 -116.32 442 227 283 320 2014 7 4 3 23 15 1 44
11 69 10 34.91 -116.31 425 226 261 320 2014 7 4 3 24 16 1 44
11 69 10 34.812 -116.44 426 227 235 320 2014 7 4 3 25 15 1 22
11 69 10 34.782 -116.59 447 227 213 320 2014 7 4 3 26 6 1 22
11 69 10 34.77 -116.74 445 240 200 320 2014 7 4 3 27 6 1 22
11 69 10 34.755 -116.89 445 260 200 320 2014 7 4 3 28 6 1 22
11 69 10 34.739 -117.04 448 258 200 320 2014 7 4 3 29 16 1 22
11 69 10 34.724 -117.19 448 263 200 320 2014 7 4 3 30 7 1 22
11 69 10 34.709 -117.34 437 263 188 320 2014 7 4 3 31 6 1 22
11 69 10 34.694 -117.48 429 255 174 320 2014 7 4 3 32 6 1 22
11 69 10 34.679 -117.62 424 262 159 320 2014 7 4 3 33 6 1 22
11 69 10 34.662 -117.78 408 262 144 320 2014 7 4 3 34 6 1 22
11 69 10 34.641 -117.92 397 262 128 320 2014 7 4 3 35 6 1 34
11 69 10 34.622 -118.04 375 248 114 320 2014 7 4 3 36 6 1 34
11 69 10 34.602 -118.15 315 259 101 320 2014 7 4 3 37 16 1 34
11 69 10 34.586 -118.24 278 256 90 320 2014 7 4 3 38 15 1 34
11 69 10 34.567 -118.33 277 261 80 320 2014 7 4 3 39 16 1 34
11 69 10 34.552 -118.42 271 252 81 320 2014 7 4 3 40 16 1 8
11 69 10 34.516 -118.5 265 244 73 320 2014 7 4 3 41 6 1 8
11 69 10 34.455 -118.56 279 211 61 320 2014 7 4 3 42 6 1 8
11 69 10 34.388 -118.56 241 191 52 320 2014 7 4 3 43 6 1 8
11 69 10 34.333 -118.57 209 180 48 320 2014 7 4 3 44 16 1 8
11 69 10 34.264 -118.56 205 154 36 320 2014 7 4 3 45 15 1 8
11 69 10 34.224 -118.53 187 173 29 320 2014 7 4 3 46 6 1 8
11 69 10 34.2 -118.49 166 142 30 320 2014 7 4 3 47 16 1 8
11 69 10 34.2 -118.44 157 89 19 320 2014 7 4 3 48 15 1 8
11 69 10 34.199 -118.39 155 89 11 320 2014 7 4 3 49 16 1 8
12 69 10 40.759 -111.96 146 168 54 320 2014 7 4 14 57 6 5 197
12 69 10 40.708 -111.96 184 190 69 320 2014 7 4 14 58 16 5 197
12 69 10 40.639 -111.96 252 176 84 320 2014 7 4 14 59 6 5 197
12 69 10 40.558 -111.96 292 178 103 320 2014 7 4 15 0 15 5 197
12 69 10 40.476 -111.95 296 179 124 320 2014 7 4 15 1 6 5 197
12 69 10 40.373 -111.95 308 178 153 320 2014 7 4 15 2 15 5 197
12 69 10 40.284 -111.94 321 177 173 320 2014 7 4 15 3 6 5 215
12 69 10 40.193 -111.95 326 187 190 320 2014 7 4 15 4 15 5 215
12 69 10 40.098 -111.97 344 181 206 320 2014 7 4 15 5 6 5 215
12 69 10 40.003 -111.98 345 185 216 320 2014 7 4 15 6 6 5 215
12 69 10 39.9 -112 370 186 229 320 2014 7 4 15 7 16 5 215
12 69 10 39.795 -112.01 376 186 243 320 2014 7 4 15 8 6 5 215
12 69 10 39.669 -112.03 378 186 256 320 2014 7 4 15 9 15 5 215
12 69 10 39.562 -112.04 384 186 266 320 2014 7 4 15 10 15 5 215
12 69 10 39.455 -112.06 387 186 276 320 2014 7 4 15 11 15 5 215
12 69 10 39.346 -112.07 390 186 286 320 2014 7 4 15 12 18 5 215
12 69 10 39.346 -112.07 390 186 286 320 2014 7 4 15 13 6 5 215
12 69 10 39.114 -112.11 393 186 304 320 2014 7 4 15 14 15 5 205
12 69 10 39.114 -112.11 393 186 304 320 2014 7 4 15 15 6 5 205
12 69 10 39.02 -112.19 392 200 311 320 2014 7 4 15 16 6 5 205
12 69 10 38.924 -112.26 400 209 316 320 2014 7 4 15 17 6 5 205
12 69 10 38.826 -112.33 403 209 320 320 2014 7 4 15 18 6 5 205
12 69 10 38.726 -112.4 409 208 320 320 2014 7 4 15 19 15 5 205
12 69 10 38.626 -112.47 413 209 320 320 2014 7 4 15 20 6 5 205
12 69 10 38.501 -112.56 422 209 320 320 2014 7 4 15 21 15 5 205
12 69 10 38.401 -112.63 413 208 320 320 2014 7 4 15 22 16 5 205
12 69 10 38.302 -112.71 410 209 320 320 2014 7 4 15 23 6 5 205
12 69 10 38.202 -112.78 410 209 320 320 2014 7 4 15 24 6 5 205
12 69 10 38.102 -112.85 410 208 320 320 2014 7 4 15 25 15 5 205
12 69 10 37.983 -112.93 410 209 320 320 2014 7 4 15 26 6 5 205
12 69 10 37.883 -113 411 208 320 320 2014 7 4 15 27 15 5 205
12 69 10 37.803 -113.06 416 209 320 320 2014 7 4 15 28 6 5 205
12 69 10 37.696 -113.16 415 219 320 320 2014 7 4 15 29 16 5 205
12 69 10 37.59 -113.27 414 219 320 320 2014 7 4 15 30 6 5 205
12 69 10 37.501 -113.36 414 218 320 320 2014 7 4 15 31 6 1 48
12 69 10 37.431 -113.43 412 218 320 320 2014 7 4 15 32 6 1 48
12 69 10 37.325 -113.54 411 219 320 320 2014 7 4 15 33 6 1 48
12 69 10 37.236 -113.63 411 218 320 320 2014 7 4 15 34 16 1 48
12 69 10 37.148 -113.72 411 218 320 320 2014 7 4 15 35 15 1 48
12 69 10 37.043 -113.83 410 218 320 320 2014 7 4 15 36 6 1 48
12 69 10 36.954 -113.92 410 219 320 320 2014 7 4 15 37 6 1 48
12 69 10 36.883 -113.98 411 218 320 320 2014 7 4 15 38 16 1 48
12 69 10 36.792 -114.07 411 218 320 320 2014 7 4 15 39 6 1 48
12 69 10 36.701 -114.17 412 218 320 320 2014 7 4 15 40 15 1 48
12 69 10 36.594 -114.27 412 218 320 320 2014 7 4 15 41 6 1 48
12 69 10 36.505 -114.36 412 218 320 320 2014 7 4 15 42 6 1 48
12 69 10 36.502 -114.36 414 218 320 320 2014 7 4 15 43 6 1 48
12 69 10 36.321 -114.54 415 218 320 320 2014 7 4 15 44 15 1 47
12 69 10 36.321 -114.54 415 218 320 320 2014 7 4 15 45 6 1 47
12 69 10 36.137 -114.72 417 218 320 320 2014 7 4 15 46 16 1 47
12 69 10 36.044 -114.81 420 218 320 320 2014 7 4 15 47 16 1 47
12 69 10 36.044 -114.81 420 218 320 320 2014 7 4 15 48 6 1 47
12 69 10 35.862 -115.04 423 221 320 320 2014 7 4 15 49 16 1 47
12 69 10 35.784 -115.15 423 227 320 320 2014 7 4 15 50 6 1 47
12 69 10 35.782 -115.15 424 226 320 320 2014 7 4 15 51 6 1 47
12 69 10 35.703 -115.26 424 227 320 320 2014 7 4 15 52 16 1 47
12 69 10 35.622 -115.37 425 227 320 240 2014 7 4 15 53 6 1 44
12 69 10 35.542 -115.48 425 227 320 240 2014 7 4 15 54 15 1 44
12 69 10 35.463 -115.58 425 227 310 240 2014 7 4 15 55 6 1 44
12 69 10 35.382 -115.69 425 227 299 240 2014 7 4 15 56 15 1 44
12 69 10 35.284 -115.82 430 227 286 240 2014 7 4 15 57 6 1 44
12 69 10 35.206 -115.92 418 227 275 240 2014 7 4 15 58 6 1 44
12 69 10 35.131 -116.03 406 227 265 240 2014 7 4 15 59 16 1 44
12 69 10 35.057 -116.12 398 227 257 240 2014 7 4 16 0 6 1 44
12 69 10 34.982 -116.22 395 227 250 240 2014 7 4 16 1 15 1 44
12 69 10 34.907 -116.32 395 227 244 240 2014 7 4 16 2 15 1 44
12 69 10 34.831 -116.42 395 226 240 240 2014 7 4 16 3 6 1 44
12 69 10 34.788 -116.56 402 227 233 240 2014 7 4 16 4 6 1 22
12 69 10 34.774 -116.69 394 239 221 240 2014 7 4 16 5 15 1 22
12 69 10 34.762 -116.82 383 256 220 240 2014 7 4 16 6 6 1 22
12 69 10 34.748 -116.95 383 257 214 240 2014 7 4 16 7 6 1 22
12 69 10 34.736 -117.08 380 263 201 240 2014 7 4 16 8 6 1 22
12 69 10 34.722 -117.2 374 263 188 240 2014 7 4 16 9 6 1 22
12 69 10 34.709 -117.33 371 262 175 240 2014 7 4 16 10 6 1 22
12 69 10 34.694 -117.48 365 262 160 240 2014 7 4 16 11 6 1 22
12 69 10 34.682 -117.59 359 262 147 240 2014 7 4 16 12 15 1 22
12 69 10 34.671 -117.7 330 262 140 240 2014 7 4 16 13 15 1 22
12 69 10 34.66 -117.81 314 252 137 240 2014 7 4 16 14 6 1 22
12 69 10 34.649 -117.91 309 263 127 240 2014 7 4 16 15 16 1 34
12 69 10 34.637 -118.01 309 248 120 240 2014 7 4 16 16 6 1 34
12 69 10 34.621 -118.11 300 262 115 240 2014 7 4 16 17 15 1 34
12 69 10 34.621 -118.11 300 262 115 240 2014 7 4 16 18 6 1 34
12 69 10 34.598 -118.21 286 260 99 240 2014 7 4 16 19 15 1 34
12 69 10 34.578 -118.3 274 252 84 240 2014 7 4 16 20 6 1 34
12 69 10 34.554 -118.41 278 256 81 240 2014 7 4 16 21 6 1 32
12 69 10 34.45 -118.53 265 241 72 240 2014 7 4 16 22 16 1 8
12 69 10 34.459 -118.54 270 211 72 240 2014 7 4 16 23 6 1 8
12 69 10 34.333 -118.58 226 193 51 240 2014 7 4 16 24 15 1 8
12 69 10 34.267 -118.58 203 198 51 240 2014 7 4 16 25 15 1 8
12 69 10 34.217 -118.58 195 180 40 240 2014 7 4 16 26 15 1 8
12 69 10 34.2 -118.53 172 176 31 240 2014 7 4 16 27 6 1 8
12 69 10 34.2 -118.52 183 111 30 240 2014 7 4 16 28 16 1 8
12 69 10 34.2 -118.48 160 89 26 240 2014 7 4 16 29 6 1 8
12 69 10 34.2 -118.4 147 90 13 240 2014 7 4 16 30 16 1 8
12 69 10 34.198 -118.39 141 89 16 240 2014 7 4 16 31 6 1 8
