1 67 53 37.362 -121.93 157 0 0 360 2014 7 1 19 53 6 4 156
1 67 53 37.45 -121.95 247 321 45 360 2014 7 1 19 54 16 4 156
1 67 53 37.45 -121.92 239 349 48 360 2014 7 1 19 55 6 4 156
1 67 53 37.367 -121.82 235 135 82 360 2014 7 1 19 56 6 4 154
1 67 53 37.358 -121.81 233 129 88 360 2014 7 1 19 57 6 4 154
1 67 53 37.31 -121.86 255 135 117 360 2014 7 1 19 58 15 4 154
1 67 53 37.362 -121.93 295 212 131 360 2014 7 1 19 59 6 4 176
1 67 53 37.484 -121.96 372 272 154 360 2014 7 1 20 0 6 4 176
1 67 53 37.573 -122.03 393 336 180 360 2014 7 1 20 1 6 4 176
1 67 53 37.653 -122.12 395 349 205 360 2014 7 1 20 2 16 4 152
1 67 53 37.737 -122.22 409 322 227 360 2014 7 1 20 3 15 4 155
1 67 53 37.842 -122.28 425 316 249 360 2014 7 1 20 4 16 4 185
1 67 53 37.962 -122.3 441 325 266 360 2014 7 1 20 5 16 4 186
1 67 53 38.109 -122.31 445 345 286 360 2014 7 1 20 6 6 4 186
1 67 53 38.236 -122.32 455 356 301 360 2014 7 1 20 7 6 4 186
1 67 53 38.362 -122.32 457 356 321 360 2014 7 1 20 8 6 4 186
1 67 53 38.484 -122.33 448 356 335 360 2014 7 1 20 9 6 4 186
1 67 53 38.609 -122.34 447 356 345 360 2014 7 1 20 10 6 4 186
1 67 53 38.739 -122.35 452 357 355 360 2014 7 1 20 11 6 4 186
1 67 53 38.868 -122.36 457 357 360 360 2014 7 1 20 12 6 4 186
1 67 53 38.995 -122.37 457 356 360 360 2014 7 1 20 13 6 4 186
1 67 53 39.121 -122.38 457 356 360 360 2014 7 1 20 14 16 4 186
1 67 53 39.249 -122.39 456 356 360 360 2014 7 1 20 15 6 4 186
1 67 53 39.401 -122.4 455 356 360 360 2014 7 1 20 16 6 4 186
1 67 53 39.531 -122.41 455 357 360 360 2014 7 1 20 17 6 4 186
1 67 53 39.658 -122.41 456 356 360 360 2014 7 1 20 18 6 4 186
1 67 53 39.785 -122.42 456 356 360 360 2014 7 1 20 19 16 4 186
1 67 53 39.911 -122.43 455 356 360 360 2014 7 1 20 20 6 4 186
1 67 53 40.038 -122.44 455 356 360 360 2014 7 1 20 21 6 4 186
1 67 53 40.17 -122.45 459 356 360 360 2014 7 1 20 22 6 4 186
1 67 53 40.298 -122.46 454 357 360 360 2014 7 1 20 23 16 4 186
1 67 53 40.376 -122.47 456 357 360 360 2014 7 1 20 24 6 4 186
1 67 53 40.551 -122.48 452 357 360 360 2014 7 1 20 25 6 4 186
1 67 53 40.679 -122.49 453 356 360 360 2014 7 1 20 26 10 4 186
1 67 53 40.754 -122.49 453 357 360 360 2014 7 1 20 27 6 4 186
1 67 53 40.929 -122.51 453 356 360 360 2014 7 1 20 28 6 4 186
1 67 53 41.054 -122.51 452 356 360 360 2014 7 1 20 29 6 4 186
1 67 53 41.129 -122.52 447 357 360 360 2014 7 1 20 30 6 4 186
1 67 53 41.253 -122.53 448 355 360 360 2014 7 1 20 31 6 4 186
1 67 53 41.379 -122.54 449 357 360 360 2014 7 1 20 32 6 3 140
1 67 53 41.524 -122.55 450 358 360 360 2014 7 1 20 33 16 3 140
1 67 53 41.702 -122.56 461 357 360 360 2014 7 1 20 34 16 3 140
1 67 53 41.778 -122.57 455 355 360 360 2014 7 1 20 35 6 3 140
1 67 53 41.907 -122.58 456 356 360 360 2014 7 1 20 36 6 3 140
1 67 53 42.037 -122.59 463 357 360 360 2014 7 1 20 37 6 3 140
1 67 53 42.167 -122.6 464 356 360 360 2014 7 1 20 38 16 3 140
1 67 53 42.296 -122.61 463 356 360 360 2014 7 1 20 39 16 3 140
1 67 53 42.426 -122.61 464 357 360 360 2014 7 1 20 40 16 3 140
1 67 53 42.556 -122.62 466 357 360 360 2014 7 1 20 41 6 3 140
1 67 53 42.682 -122.63 459 357 360 360 2014 7 1 20 42 6 3 140
1 67 53 42.809 -122.64 458 356 360 360 2014 7 1 20 43 15 3 140
1 67 53 42.937 -122.65 451 356 360 360 2014 7 1 20 44 6 3 140
1 67 53 43.063 -122.66 456 356 360 360 2014 7 1 20 45 6 3 140
1 67 53 43.193 -122.67 462 356 360 360 2014 7 1 20 46 6 3 140
1 67 53 43.346 -122.69 462 356 360 360 2014 7 1 20 47 6 3 140
1 67 53 43.476 -122.7 464 356 360 360 2014 7 1 20 48 6 3 136
1 67 53 43.605 -122.71 468 356 360 360 2014 7 1 20 49 16 3 136
1 67 53 43.734 -122.72 467 356 358 360 2014 7 1 20 50 15 3 136
1 67 53 43.863 -122.73 467 356 358 360 2014 7 1 20 51 6 3 136
1 67 53 43.862 -122.73 464 356 330 360 2014 7 1 20 52 6 3 136
1 67 53 44.119 -122.75 463 356 282 360 2014 7 1 20 53 16 3 136
1 67 53 44.119 -122.75 463 356 282 360 2014 7 1 20 54 6 3 136
1 67 53 44.241 -122.74 449 356 260 360 2014 7 1 20 55 6 3 136
1 67 53 44.374 -122.73 443 359 235 360 2014 7 1 20 56 6 3 130
1 67 53 44.592 -122.71 412 4 198 360 2014 7 1 20 57 6 3 130
1 67 53 44.676 -122.7 395 3 183 360 2014 7 1 20 58 15 3 130
1 67 53 44.789 -122.69 379 4 163 360 2014 7 1 20 59 6 3 130
1 67 53 44.815 -122.69 384 3 157 360 2014 7 1 21 0 6 3 130
1 67 53 44.991 -122.67 349 3 133 360 2014 7 1 21 1 6 3 112
1 67 53 45.083 -122.66 328 5 117 360 2014 7 1 21 2 6 3 112
1 67 53 45.174 -122.65 327 3 102 360 2014 7 1 21 3 6 3 112
1 67 53 45.258 -122.65 308 3 91 360 2014 7 1 21 4 6 3 112
1 67 53 45.338 -122.69 278 349 80 360 2014 7 1 21 5 6 3 112
1 67 53 45.413 -122.73 286 339 66 360 2014 7 1 21 6 6 3 112
1 67 53 45.487 -122.77 284 338 54 360 2014 7 1 21 7 6 3 112
1 67 53 45.541 -122.84 245 336 51 360 2014 7 1 21 8 6 3 112
1 67 53 45.564 -122.86 244 320 50 360 2014 7 1 21 9 6 3 112
1 67 53 45.644 -122.88 187 338 41 360 2014 7 1 21 10 15 3 112
1 67 53 45.648 -122.81 168 54 33 360 2014 7 1 21 11 6 3 112
1 67 53 45.641 -122.75 170 86 22 360 2014 7 1 21 12 16 3 112
1 67 53 45.621 -122.69 157 113 10 360 2014 7 1 21 13 6 3 112
1 67 53 45.599 -122.63 146 118 3 360 2014 7 1 21 14 16 3 112
4 67 53 37.383 -121.95 173 0 9 340 2014 7 1 5 21 7 4 156
4 67 53 37.433 -121.98 232 322 29 340 2014 7 1 5 22 6 4 156
4 67 53 37.433 -121.92 241 16 50 340 2014 7 1 5 23 16 4 156
4 67 53 37.401 -121.87 247 136 60 340 2014 7 1 5 24 6 4 156
4 67 53 37.346 -121.82 262 152 86 340 2014 7 1 5 25 15 4 154
4 67 53 37.331 -121.89 271 284 104 340 2014 7 1 5 26 6 4 154
4 67 53 37.411 -121.91 303 254 116 340 2014 7 1 5 27 6 4 156
4 67 53 37.506 -121.93 333 350 129 340 2014 7 1 5 28 6 4 176
4 67 53 37.611 -121.94 364 350 147 340 2014 7 1 5 29 15 4 176
4 67 53 37.744 -121.96 398 352 169 340 2014 7 1 5 30 6 4 176
4 67 53 37.857 -121.98 407 353 186 340 2014 7 1 5 31 15 4 155
4 67 53 37.971 -122 413 353 202 340 2014 7 1 5 32 7 4 155
4 67 53 38.088 -122.02 423 354 216 340 2014 7 1 5 33 15 4 155
4 67 53 38.208 -122.03 430 353 229 340 2014 7 1 5 34 6 4 155
4 67 53 38.328 -122.05 434 352 243 340 2014 7 1 5 35 15 4 186
4 67 53 38.45 -122.07 441 353 250 340 2014 7 1 5 36 6 4 186
4 67 53 38.576 -122.09 449 352 261 340 2014 7 1 5 37 15 4 186
4 67 53 38.717 -122.11 458 353 271 340 2014 7 1 5 38 15 4 186
4 67 53 38.847 -122.13 463 353 277 340 2014 7 1 5 39 15 4 186
4 67 53 38.978 -122.15 470 353 287 340 2014 7 1 5 40 15 4 186
4 67 53 39.108 -122.18 470 354 298 340 2014 7 1 5 41 15 4 186
4 67 53 39.237 -122.2 467 352 309 340 2014 7 1 5 42 6 4 186
4 67 53 39.366 -122.22 466 353 319 340 2014 7 1 5 43 16 4 186
4 67 53 39.488 -122.24 465 352 329 340 2014 7 1 5 44 15 4 186
4 67 53 39.614 -122.26 459 353 338 340 2014 7 1 5 45 16 4 186
4 67 53 39.741 -122.28 459 352 340 340 2014 7 1 5 46 6 4 186
4 67 53 39.866 -122.3 457 353 340 340 2014 7 1 5 47 16 4 186
4 67 53 39.989 -122.32 450 352 340 340 2014 7 1 5 48 6 4 186
4 67 53 40.121 -122.34 452 352 340 340 2014 7 1 5 49 6 4 186
4 67 53 40.253 -122.36 461 352 340 340 2014 7 1 5 50 15 4 186
4 67 53 40.379 -122.38 457 353 340 340 2014 7 1 5 51 6 4 186
4 67 53 40.501 -122.4 443 352 340 340 2014 7 1 5 52 15 4 186
4 67 53 40.626 -122.42 450 352 340 340 2014 7 1 5 53 15 4 186
4 67 53 40.75 -122.44 449 352 340 340 2014 7 1 5 54 15 4 186
4 67 53 40.873 -122.46 447 352 340 340 2014 7 1 5 55 6 4 186
4 67 53 40.997 -122.48 447 352 340 340 2014 7 1 5 56 6 4 186
4 67 53 41.121 -122.51 448 352 340 340 2014 7 1 5 57 15 4 186
4 67 53 41.271 -122.53 452 352 340 340 2014 7 1 5 58 16 4 186
4 67 53 41.381 -122.55 450 353 340 340 2014 7 1 5 59 6 3 140
4 67 53 41.506 -122.57 448 352 340 340 2014 7 1 6 0 8 3 140
4 67 53 41.633 -122.58 452 354 340 340 2014 7 1 6 1 6 3 140
4 67 53 41.759 -122.59 456 357 340 340 2014 7 1 6 2 15 3 140
4 67 53 41.888 -122.6 460 357 340 340 2014 7 1 6 3 6 3 140
4 67 53 42.014 -122.61 458 357 340 340 2014 7 1 6 4 15 3 140
4 67 53 42.142 -122.61 457 356 340 340 2014 7 1 6 5 6 3 140
4 67 53 42.268 -122.62 456 358 340 340 2014 7 1 6 6 6 3 140
4 67 53 42.344 -122.63 449 357 340 340 2014 7 1 6 7 16 3 140
4 67 53 42.47 -122.64 447 357 340 340 2014 7 1 6 8 6 3 140
4 67 53 42.594 -122.64 447 357 340 340 2014 7 1 6 9 6 3 140
4 67 53 42.719 -122.65 447 357 340 340 2014 7 1 6 10 15 3 140
4 67 53 42.851 -122.66 446 357 340 340 2014 7 1 6 11 6 3 140
4 67 53 42.974 -122.67 445 357 340 340 2014 7 1 6 12 16 3 140
4 67 53 43.099 -122.68 446 357 340 340 2014 7 1 6 13 6 3 140
4 67 53 43.223 -122.69 446 358 340 340 2014 7 1 6 14 16 3 140
4 67 53 43.346 -122.7 445 356 340 340 2014 7 1 6 15 6 3 140
4 67 53 43.472 -122.7 449 357 340 340 2014 7 1 6 16 6 3 136
4 67 53 43.596 -122.71 448 357 340 340 2014 7 1 6 17 6 3 136
4 67 53 43.721 -122.72 449 357 340 340 2014 7 1 6 18 16 3 136
4 67 53 43.844 -122.73 447 357 340 340 2014 7 1 6 19 16 3 136
4 67 53 43.969 -122.74 448 357 332 340 2014 7 1 6 20 6 3 136
4 67 53 44.091 -122.75 446 357 302 340 2014 7 1 6 21 6 3 136
4 67 53 44.241 -122.74 449 357 271 340 2014 7 1 6 22 6 3 136
4 67 53 44.345 -122.73 448 359 249 340 2014 7 1 6 23 6 3 136
4 67 53 44.461 -122.72 427 3 225 340 2014 7 1 6 24 16 3 130
4 67 53 44.609 -122.71 395 4 199 340 2014 7 1 6 25 6 3 130
4 67 53 44.734 -122.69 361 4 173 340 2014 7 1 6 26 6 3 130
4 67 53 44.832 -122.69 350 3 152 340 2014 7 1 6 27 15 3 130
4 67 53 44.932 -122.68 336 4 132 340 2014 7 1 6 28 15 3 130
4 67 53 45.014 -122.67 317 3 118 340 2014 7 1 6 29 15 3 112
4 67 53 45.097 -122.66 302 5 102 340 2014 7 1 6 30 16 3 112
4 67 53 45.171 -122.65 288 3 90 340 2014 7 1 6 31 15 3 112
4 67 53 45.246 -122.64 285 4 68 340 2014 7 1 6 32 15 3 112
4 67 53 45.314 -122.59 285 23 57 340 2014 7 1 6 33 15 3 112
4 67 53 45.375 -122.52 270 36 45 340 2014 7 1 6 34 6 3 112
4 67 53 45.438 -122.46 257 35 29 340 2014 7 1 6 35 15 3 112
4 67 53 45.49 -122.4 220 35 25 340 2014 7 1 6 36 6 3 112
4 67 53 45.53 -122.43 191 359 19 340 2014 7 1 6 37 15 3 112
4 67 53 45.549 -122.48 148 295 14 340 2014 7 1 6 38 15 3 112
4 67 53 45.571 -122.54 150 301 6 340 2014 7 1 6 39 15 3 112
4 67 53 45.585 -122.57 143 300 340 340 2014 7 1 6 40 6 3 135
6 67 53 37.333 -121.9 163 0 17 380 2014 7 1 15 54 6 4 154
6 67 53 37.3 -121.85 222 141 33 380 2014 7 1 15 55 6 4 154
6 67 53 37.25 -121.8 234 136 53 380 2014 7 1 15 56 6 4 154
6 67 53 37.2 -121.77 244 139 77 380 2014 7 1 15 57 6 4 154
6 67 53 37.2 -121.85 264 230 100 380 2014 7 1 15 58 16 4 154
6 67 53 37.237 -121.87 264 270 109 380 2014 7 1 15 59 6 4 154
6 67 53 37.322 -121.88 302 323 125 380 2014 7 1 16 0 16 4 176
6 67 53 37.441 -121.9 352 349 149 380 2014 7 1 16 1 7 4 176
6 67 53 37.546 -121.91 375 353 176 380 2014 7 1 16 2 16 4 176
6 67 53 37.653 -121.92 386 353 203 380 2014 7 1 16 3 15 4 152
6 67 53 37.766 -121.94 405 354 223 380 2014 7 1 16 4 6 4 152
6 67 53 37.885 -121.95 426 355 244 380 2014 7 1 16 5 16 4 185
6 67 53 38.004 -121.97 434 354 264 380 2014 7 1 16 6 13 4 185
6 67 53 38.128 -121.98 443 354 281 380 2014 7 1 16 7 15 4 185
6 67 53 38.281 -122 458 354 299 380 2014 7 1 16 8 6 4 186
6 67 53 38.412 -122.01 470 354 314 380 2014 7 1 16 9 6 4 186
6 67 53 38.542 -122.03 473 354 333 380 2014 7 1 16 10 6 4 186
6 67 53 38.669 -122.04 467 354 348 380 2014 7 1 16 11 6 4 186
6 67 53 38.803 -122.06 464 354 363 380 2014 7 1 16 12 6 4 186
6 67 53 38.931 -122.08 464 354 363 380 2014 7 1 16 13 16 4 186
6 67 53 39.055 -122.09 455 354 380 380 2014 7 1 16 14 6 4 186
6 67 53 39.182 -122.11 455 354 380 380 2014 7 1 16 15 16 4 186
6 67 53 39.308 -122.12 455 354 380 380 2014 7 1 16 16 6 4 186
6 67 53 39.434 -122.14 455 354 380 380 2014 7 1 16 17 6 4 186
6 67 53 39.631 -122.16 453 354 380 380 2014 7 1 16 18 16 4 186
6 67 53 39.706 -122.17 449 354 380 380 2014 7 1 16 19 6 4 186
6 67 53 39.83 -122.18 448 354 380 380 2014 7 1 16 20 16 4 186
6 67 53 39.953 -122.2 447 354 380 380 2014 7 1 16 21 11 4 186
6 67 53 40.075 -122.21 448 355 380 380 2014 7 1 16 22 16 4 186
6 67 53 40.222 -122.23 469 357 380 380 2014 7 1 16 23 16 4 186
6 67 53 40.344 -122.25 448 350 380 380 2014 7 1 16 24 6 4 186
6 67 53 40.393 -122.25 452 354 380 380 2014 7 1 16 25 6 4 186
6 67 53 40.467 -122.26 444 353 380 380 2014 7 1 16 26 7 4 186
6 67 53 40.643 -122.29 451 355 380 380 2014 7 1 16 27 6 4 186
6 67 53 40.769 -122.3 453 353 380 380 2014 7 1 16 28 6 4 186
6 67 53 40.894 -122.32 453 355 380 380 2014 7 1 16 29 6 4 186
6 67 53 41.094 -122.34 449 354 380 380 2014 7 1 16 30 6 4 186
6 67 53 41.168 -122.35 448 353 380 380 2014 7 1 16 31 6 4 186
6 67 53 41.292 -122.37 448 353 380 380 2014 7 1 16 32 6 4 186
6 67 53 41.414 -122.39 447 355 380 380 2014 7 1 16 33 6 3 141
6 67 53 41.527 -122.4 446 355 380 380 2014 7 1 16 34 16 3 141
6 67 53 41.651 -122.42 446 354 380 380 2014 7 1 16 35 6 3 141
6 67 53 41.776 -122.43 447 353 380 380 2014 7 1 16 36 6 3 141
6 67 53 41.925 -122.45 447 354 380 380 2014 7 1 16 37 6 3 141
6 67 53 42.051 -122.47 453 354 380 380 2014 7 1 16 38 6 3 140
6 67 53 42.179 -122.48 454 354 380 380 2014 7 1 16 39 16 3 140
6 67 53 42.304 -122.5 451 354 380 380 2014 7 1 16 40 16 3 140
6 67 53 42.432 -122.52 455 354 380 380 2014 7 1 16 41 6 3 140
6 67 53 42.557 -122.53 453 354 380 380 2014 7 1 16 42 6 3 140
6 67 53 42.683 -122.55 453 354 380 380 2014 7 1 16 43 6 3 140
6 67 53 42.815 -122.57 452 354 380 380 2014 7 1 16 44 6 3 140
6 67 53 42.941 -122.58 454 354 380 380 2014 7 1 16 45 16 3 140
6 67 53 43.065 -122.6 453 354 380 380 2014 7 1 16 46 6 3 140
6 67 53 43.191 -122.62 453 354 380 380 2014 7 1 16 47 6 3 140
6 67 53 43.317 -122.63 454 354 380 380 2014 7 1 16 48 16 3 140
6 67 53 43.442 -122.65 454 354 380 380 2014 7 1 16 49 6 3 140
6 67 53 43.567 -122.67 452 354 358 380 2014 7 1 16 50 16 3 136
6 67 53 43.688 -122.69 444 354 339 380 2014 7 1 16 51 6 3 136
6 67 53 43.829 -122.71 431 354 317 380 2014 7 1 16 52 6 3 136
6 67 53 43.948 -122.72 431 354 317 380 2014 7 1 16 53 15 3 136
6 67 53 43.944 -122.72 419 354 306 380 2014 7 1 16 54 6 3 136
6 67 53 44.192 -122.75 446 354 266 380 2014 7 1 16 55 6 3 136
6 67 53 44.315 -122.73 446 4 266 380 2014 7 1 16 56 6 3 136
6 67 53 44.436 -122.72 421 0 222 380 2014 7 1 16 57 16 3 130
6 67 53 44.547 -122.71 410 3 202 380 2014 7 1 16 58 16 3 130
6 67 53 44.651 -122.7 387 3 186 380 2014 7 1 16 59 15 3 130
6 67 53 44.732 -122.7 363 4 172 380 2014 7 1 17 0 6 3 130
6 67 53 44.832 -122.69 357 3 154 380 2014 7 1 17 1 6 3 130
6 67 53 44.928 -122.68 348 4 137 380 2014 7 1 17 2 6 3 130
6 67 53 45.013 -122.67 325 4 128 380 2014 7 1 17 3 16 3 112
6 67 53 45.104 -122.66 307 4 112 380 2014 7 1 17 4 6 3 112
6 67 53 45.182 -122.65 304 4 100 380 2014 7 1 17 5 6 3 112
6 67 53 45.273 -122.66 287 3 89 380 2014 7 1 17 6 6 3 112
6 67 53 45.345 -122.7 274 349 77 380 2014 7 1 17 7 6 3 112
6 67 53 45.421 -122.74 272 338 63 380 2014 7 1 17 8 6 3 112
6 67 53 45.487 -122.77 274 338 50 380 2014 7 1 17 9 6 3 112
6 67 53 45.553 -122.81 255 337 42 380 2014 7 1 17 10 16 3 112
6 67 53 45.578 -122.83 253 336 41 380 2014 7 1 17 11 8 3 112
6 67 53 45.631 -122.83 199 343 36 380 2014 7 1 17 12 6 3 112
6 67 53 45.643 -122.74 138 57 18 380 2014 7 1 17 13 15 3 112
6 67 53 45.635 -122.73 145 105 16 380 2014 7 1 17 14 6 3 112
6 67 53 45.604 -122.65 150 118 4 380 2014 7 1 17 15 6 3 112
6 67 53 45.595 -122.62 152 120 1 380 2014 7 1 17 16 6 3 112
6 67 53 45.575 -122.57 153 119 380 380 2014 7 1 17 17 6 3 135
7 67 53 37.35 -121.92 136 0 10 240 2014 7 1 17 10 16 4 154
7 67 53 37.317 -121.88 189 140 22 240 2014 7 1 17 11 8 4 154
7 67 53 37.283 -121.83 213 138 43 240 2014 7 1 17 12 6 4 154
7 67 53 37.276 -121.79 207 129 57 240 2014 7 1 17 13 15 4 154
7 67 53 37.229 -121.78 217 112 75 240 2014 7 1 17 14 6 4 154
7 67 53 37.253 -121.85 232 145 89 240 2014 7 1 17 15 6 4 154
7 67 53 37.306 -121.9 232 167 106 240 2014 7 1 17 16 6 4 154
7 67 53 37.363 -121.96 234 311 123 240 2014 7 1 17 17 6 4 154
7 67 53 37.415 -122.02 243 319 136 240 2014 7 1 17 18 16 4 176
7 67 53 37.486 -122.03 261 325 149 240 2014 7 1 17 19 6 4 176
7 67 53 37.559 -122.04 260 336 160 240 2014 7 1 17 20 6 4 176
7 67 53 37.634 -122.04 267 354 171 240 2014 7 1 17 21 13 4 176
7 67 53 37.71 -122.05 271 356 183 240 2014 7 1 17 22 6 4 176
7 67 53 37.786 -122.06 273 355 193 240 2014 7 1 17 23 17 4 152
7 67 53 37.879 -122.07 275 355 206 240 2014 7 1 17 24 16 4 155
7 67 53 37.956 -122.08 278 355 215 240 2014 7 1 17 25 6 4 155
7 67 53 38.036 -122.08 287 355 223 240 2014 7 1 17 26 6 4 155
7 67 53 38.116 -122.09 287 355 231 240 2014 7 1 17 27 6 4 155
7 67 53 38.196 -122.1 288 355 239 240 2014 7 1 17 28 6 4 164
7 67 53 38.278 -122.11 298 355 240 240 2014 7 1 17 29 6 4 186
7 67 53 38.369 -122.12 324 355 240 240 2014 7 1 17 30 6 4 186
7 67 53 38.459 -122.13 324 355 240 240 2014 7 1 17 31 6 4 186
7 67 53 38.483 -122.13 343 355 240 240 2014 7 1 17 32 6 4 186
7 67 53 38.581 -122.14 351 355 240 240 2014 7 1 17 33 6 4 186
7 67 53 38.68 -122.15 354 355 240 240 2014 7 1 17 34 6 4 186
7 67 53 38.872 -122.17 353 355 240 240 2014 7 1 17 35 16 4 186
7 67 53 38.969 -122.18 353 355 240 240 2014 7 1 17 36 6 4 186
7 67 53 39.066 -122.19 351 355 240 240 2014 7 1 17 37 6 4 186
7 67 53 39.163 -122.2 351 355 240 240 2014 7 1 17 38 6 4 186
7 67 53 39.182 -122.2 350 355 240 240 2014 7 1 17 39 6 4 186
7 67 53 39.278 -122.21 350 355 240 240 2014 7 1 17 40 6 4 186
7 67 53 39.374 -122.22 349 355 240 240 2014 7 1 17 41 6 4 186
7 67 53 39.498 -122.23 347 355 240 240 2014 7 1 17 42 6 4 186
7 67 53 39.594 -122.24 348 355 240 240 2014 7 1 17 43 6 4 186
7 67 53 39.689 -122.25 347 355 240 240 2014 7 1 17 44 15 4 186
7 67 53 39.786 -122.26 347 355 240 240 2014 7 1 17 45 6 4 186
7 67 53 39.902 -122.28 347 355 240 240 2014 7 1 17 46 6 4 186
7 67 53 39.999 -122.29 348 355 240 240 2014 7 1 17 47 6 4 186
7 67 53 40.098 -122.3 358 355 240 240 2014 7 1 17 48 16 4 186
7 67 53 40.19 -122.31 362 354 240 240 2014 7 1 17 49 16 4 186
7 67 53 40.287 -122.32 352 355 240 240 2014 7 1 17 50 6 4 186
7 67 53 40.404 -122.33 352 355 240 240 2014 7 1 17 51 18 4 186
7 67 53 40.501 -122.34 352 355 240 240 2014 7 1 17 52 6 4 186
7 67 53 40.599 -122.35 352 355 240 240 2014 7 1 17 53 6 4 186
7 67 53 40.697 -122.36 353 355 240 240 2014 7 1 17 54 6 4 186
7 67 53 40.796 -122.37 353 355 240 240 2014 7 1 17 55 16 4 186
7 67 53 40.874 -122.38 353 354 240 240 2014 7 1 17 56 8 4 186
7 67 53 40.991 -122.39 353 355 240 240 2014 7 1 17 57 6 4 186
7 67 53 41.09 -122.41 353 355 240 240 2014 7 1 17 58 6 4 186
7 67 53 41.188 -122.42 354 353 240 240 2014 7 1 17 59 6 4 186
7 67 53 41.286 -122.43 354 355 240 240 2014 7 1 18 0 6 4 186
7 67 53 41.403 -122.44 354 356 240 240 2014 7 1 18 1 6 3 140
7 67 53 41.492 -122.45 354 355 240 240 2014 7 1 18 2 15 3 140
7 67 53 41.57 -122.45 353 355 240 240 2014 7 1 18 3 6 3 140
7 67 53 41.669 -122.47 355 355 240 240 2014 7 1 18 4 6 3 140
7 67 53 41.767 -122.48 356 354 240 240 2014 7 1 18 5 6 3 140
7 67 53 41.886 -122.49 355 355 240 240 2014 7 1 18 6 9 3 140
7 67 53 41.986 -122.5 355 355 240 240 2014 7 1 18 7 16 3 140
7 67 53 42.084 -122.51 354 355 240 240 2014 7 1 18 8 6 3 140
7 67 53 42.205 -122.53 357 355 240 240 2014 7 1 18 9 6 3 140
7 67 53 42.283 -122.53 355 354 240 240 2014 7 1 18 10 6 3 140
7 67 53 42.305 -122.54 357 354 240 240 2014 7 1 18 11 6 3 140
7 67 53 42.404 -122.55 357 355 240 240 2014 7 1 18 12 16 3 140
7 67 53 42.502 -122.56 357 355 240 240 2014 7 1 18 13 16 3 140
7 67 53 42.602 -122.57 356 355 240 240 2014 7 1 18 14 6 3 140
7 67 53 42.701 -122.58 358 355 240 240 2014 7 1 18 15 6 3 140
7 67 53 42.798 -122.59 360 355 240 240 2014 7 1 18 16 6 3 140
7 67 53 42.897 -122.6 360 354 240 240 2014 7 1 18 17 6 3 140
7 67 53 42.997 -122.61 359 355 240 240 2014 7 1 18 18 6 3 140
7 67 53 43.114 -122.63 357 355 240 240 2014 7 1 18 19 6 3 140
7 67 53 43.213 -122.64 358 355 240 240 2014 7 1 18 20 6 3 140
7 67 53 43.312 -122.65 362 354 240 240 2014 7 1 18 21 12 3 140
7 67 53 43.411 -122.66 358 354 240 240 2014 7 1 18 22 6 3 140
7 67 53 43.51 -122.68 358 355 240 240 2014 7 1 18 23 6 3 136
7 67 53 43.609 -122.69 360 355 240 240 2014 7 1 18 24 16 3 136
7 67 53 43.708 -122.7 360 354 240 240 2014 7 1 18 25 16 3 136
7 67 53 43.806 -122.71 359 355 240 240 2014 7 1 18 26 6 3 136
7 67 53 43.905 -122.72 358 355 240 240 2014 7 1 18 27 6 3 136
7 67 53 44.024 -122.74 359 355 240 240 2014 7 1 18 28 6 3 136
7 67 53 44.121 -122.75 358 354 240 240 2014 7 1 18 29 6 3 136
7 67 53 44.221 -122.75 360 355 240 240 2014 7 1 18 30 6 3 136
7 67 53 44.319 -122.73 360 357 240 240 2014 7 1 18 31 6 3 136
7 67 53 44.413 -122.73 360 2 240 240 2014 7 1 18 32 6 3 136
7 67 53 44.513 -122.72 360 4 228 240 2014 7 1 18 33 6 3 130
7 67 53 44.669 -122.7 389 3 200 240 2014 7 1 18 34 16 3 130
7 67 53 44.784 -122.69 384 4 178 240 2014 7 1 18 35 16 3 130
7 67 53 44.891 -122.68 357 3 158 240 2014 7 1 18 36 6 3 130
7 67 53 44.983 -122.67 327 5 141 240 2014 7 1 18 37 6 3 130
7 67 53 45.074 -122.66 325 3 123 240 2014 7 1 18 38 16 3 112
7 67 53 45.134 -122.65 314 4 112 240 2014 7 1 18 39 15 3 112
7 67 53 45.218 -122.64 305 4 95 240 2014 7 1 18 40 6 3 112
7 67 53 45.299 -122.67 304 3 83 240 2014 7 1 18 41 6 3 112
7 67 53 45.378 -122.71 287 341 71 240 2014 7 1 18 42 6 3 112
7 67 53 45.444 -122.75 248 337 61 240 2014 7 1 18 43 15 3 112
7 67 53 45.507 -122.78 244 338 51 240 2014 7 1 18 44 6 3 112
7 67 53 45.571 -122.79 240 341 40 240 2014 7 1 18 45 7 3 112
7 67 53 45.631 -122.78 194 2 27 240 2014 7 1 18 46 6 3 112
7 67 53 45.634 -122.72 144 15 17 240 2014 7 1 18 47 16 3 112
7 67 53 45.616 -122.68 141 99 10 240 2014 7 1 18 48 16 3 112
7 67 53 45.6 -122.63 128 120 3 240 2014 7 1 18 49 15 3 112
7 67 53 45.582 -122.59 128 118 1 240 2014 7 1 18 50 16 3 112
8 67 53 37.417 -121.97 182 0 26 240 2014 7 1 20 17 6 4 156
8 67 53 37.433 -121.93 216 346 44 240 2014 7 1 20 18 6 4 156
8 67 53 37.383 -121.87 221 125 58 240 2014 7 1 20 19 16 4 154
8 67 53 37.35 -121.82 204 132 78 240 2014 7 1 20 20 6 4 154
8 67 53 37.322 -121.81 214 129 88 240 2014 7 1 20 21 6 4 154
8 67 53 37.306 -121.88 225 148 103 240 2014 7 1 20 22 6 4 154
8 67 53 37.36 -121.93 250 286 115 240 2014 7 1 20 23 16 4 156
8 67 53 37.437 -121.94 273 315 121 240 2014 7 1 20 24 6 4 156
8 67 53 37.519 -121.94 293 341 129 240 2014 7 1 20 25 6 4 176
8 67 53 37.621 -121.95 303 356 138 240 2014 7 1 20 26 10 4 176
8 67 53 37.707 -121.96 308 355 146 240 2014 7 1 20 27 6 4 176
8 67 53 37.794 -121.97 311 355 154 240 2014 7 1 20 28 6 4 152
8 67 53 37.88 -121.98 312 338 162 240 2014 7 1 20 29 6 4 155
8 67 53 37.966 -121.99 312 355 170 240 2014 7 1 20 30 6 4 155
8 67 53 38.05 -122 312 354 177 240 2014 7 1 20 31 6 4 155
8 67 53 38.135 -122.01 311 355 186 240 2014 7 1 20 32 6 4 155
8 67 53 38.22 -122.02 311 354 194 240 2014 7 1 20 33 16 4 155
8 67 53 38.322 -122.03 310 355 204 240 2014 7 1 20 34 16 4 164
8 67 53 38.407 -122.04 309 355 212 240 2014 7 1 20 35 6 4 164
8 67 53 38.492 -122.05 308 354 220 240 2014 7 1 20 36 6 4 164
8 67 53 38.576 -122.06 308 355 227 240 2014 7 1 20 37 6 4 164
8 67 53 38.66 -122.07 307 355 235 240 2014 7 1 20 38 16 4 164
8 67 53 38.749 -122.08 306 354 240 240 2014 7 1 20 39 16 4 186
8 67 53 38.84 -122.09 317 354 240 240 2014 7 1 20 40 16 4 186
8 67 53 38.84 -122.09 317 354 240 240 2014 7 1 20 41 6 4 186
8 67 53 39.032 -122.11 347 354 240 240 2014 7 1 20 42 6 4 186
8 67 53 39.132 -122.13 355 354 240 240 2014 7 1 20 43 15 4 186
8 67 53 39.231 -122.14 357 355 240 240 2014 7 1 20 44 6 4 186
8 67 53 39.288 -122.14 356 354 240 240 2014 7 1 20 45 6 4 186
8 67 53 39.387 -122.16 356 355 240 240 2014 7 1 20 46 6 4 186
8 67 53 39.488 -122.17 362 354 240 240 2014 7 1 20 47 6 4 186
8 67 53 39.588 -122.18 362 355 240 240 2014 7 1 20 48 6 4 186
8 67 53 39.687 -122.19 360 354 240 250 2014 7 1 20 49 16 4 186
8 67 53 39.844 -122.21 355 354 248 250 2014 7 1 20 50 15 4 186
8 67 53 39.935 -122.22 333 355 250 250 2014 7 1 20 51 6 4 186
8 67 53 39.991 -122.22 335 355 250 250 2014 7 1 20 52 6 4 186
8 67 53 40.087 -122.24 348 354 250 250 2014 7 1 20 53 16 4 186
8 67 53 40.174 -122.25 345 356 250 250 2014 7 1 20 54 6 4 186
8 67 53 40.276 -122.26 358 352 250 250 2014 7 1 20 55 6 4 186
8 67 53 40.376 -122.27 357 352 250 250 2014 7 1 20 56 6 4 186
8 67 53 40.494 -122.29 356 355 250 250 2014 7 1 20 57 6 4 186
8 67 53 40.593 -122.3 356 354 250 250 2014 7 1 20 58 15 4 186
8 67 53 40.692 -122.31 356 355 250 250 2014 7 1 20 59 6 4 186
8 67 53 40.792 -122.32 357 354 250 250 2014 7 1 21 0 6 4 186
8 67 53 40.891 -122.34 357 354 250 250 2014 7 1 21 1 6 4 186
8 67 53 40.99 -122.35 357 354 250 250 2014 7 1 21 2 6 4 186
8 67 53 41.09 -122.36 358 355 250 250 2014 7 1 21 3 6 4 186
8 67 53 41.19 -122.37 359 352 250 250 2014 7 1 21 4 6 4 186
8 67 53 41.291 -122.39 360 354 250 250 2014 7 1 21 5 6 4 186
8 67 53 41.39 -122.4 361 356 250 250 2014 7 1 21 6 6 3 141
8 67 53 41.448 -122.4 365 354 250 250 2014 7 1 21 7 6 3 141
8 67 53 41.607 -122.42 358 354 250 250 2014 7 1 21 8 6 3 141
8 67 53 41.667 -122.43 358 355 250 250 2014 7 1 21 9 6 3 141
8 67 53 41.807 -122.45 357 354 250 250 2014 7 1 21 10 15 3 140
8 67 53 41.908 -122.46 359 354 250 250 2014 7 1 21 11 6 3 140
8 67 53 42.009 -122.47 363 355 250 250 2014 7 1 21 12 16 3 140
8 67 53 42.111 -122.49 365 354 250 250 2014 7 1 21 13 6 3 140
8 67 53 42.171 -122.49 363 355 250 250 2014 7 1 21 14 16 3 140
8 67 53 42.273 -122.51 365 354 250 250 2014 7 1 21 15 16 3 140
8 67 53 42.314 -122.51 363 353 250 250 2014 7 1 21 16 6 3 140
8 67 53 42.415 -122.52 362 355 250 250 2014 7 1 21 17 6 3 140
8 67 53 42.516 -122.54 362 355 250 250 2014 7 1 21 18 6 3 140
8 67 53 42.718 -122.56 361 354 250 250 2014 7 1 21 19 16 3 140
8 67 53 42.819 -122.57 362 354 250 250 2014 7 1 21 20 16 3 140
8 67 53 42.819 -122.57 362 354 250 250 2014 7 1 21 21 6 3 140
8 67 53 42.94 -122.59 362 354 250 250 2014 7 1 21 22 16 3 140
8 67 53 43.04 -122.6 361 355 250 250 2014 7 1 21 23 15 3 140
8 67 53 43.14 -122.62 360 354 250 250 2014 7 1 21 24 21 3 140
8 67 53 43.24 -122.63 360 353 250 250 2014 7 1 21 25 16 3 140
8 67 53 43.341 -122.64 360 329 250 250 2014 7 1 21 26 6 3 140
8 67 53 43.443 -122.64 361 356 250 250 2014 7 1 21 27 6 3 140
8 67 53 43.544 -122.64 362 358 250 250 2014 7 1 21 28 16 3 136
8 67 53 43.646 -122.64 363 359 250 250 2014 7 1 21 29 6 3 136
8 67 53 43.747 -122.64 364 358 250 250 2014 7 1 21 30 15 3 136
8 67 53 43.849 -122.64 365 359 250 250 2014 7 1 21 31 6 3 136
8 67 53 43.972 -122.65 367 359 246 250 2014 7 1 21 32 16 3 136
8 67 53 44.079 -122.65 381 358 241 250 2014 7 1 21 33 16 3 136
8 67 53 44.186 -122.65 384 358 240 250 2014 7 1 21 34 6 3 136
8 67 53 44.292 -122.66 385 359 240 250 2014 7 1 21 35 16 3 136
8 67 53 44.401 -122.66 384 359 233 250 2014 7 1 21 36 6 3 130
8 67 53 44.507 -122.66 383 359 217 250 2014 7 1 21 37 6 3 130
8 67 53 44.612 -122.66 383 359 200 250 2014 7 1 21 38 16 3 130
8 67 53 44.75 -122.67 386 358 177 250 2014 7 1 21 39 6 3 130
8 67 53 44.859 -122.67 390 358 160 250 2014 7 1 21 40 6 3 130
8 67 53 44.966 -122.67 380 359 144 250 2014 7 1 21 41 6 3 130
8 67 53 45.065 -122.66 359 3 125 250 2014 7 1 21 42 6 3 112
8 67 53 45.161 -122.65 346 3 106 250 2014 7 1 21 43 15 3 112
8 67 53 45.245 -122.64 327 3 91 250 2014 7 1 21 44 16 3 112
8 67 53 45.321 -122.68 280 341 79 250 2014 7 1 21 45 16 3 112
8 67 53 45.394 -122.72 279 338 68 250 2014 7 1 21 46 12 3 112
8 67 53 45.467 -122.76 279 338 57 250 2014 7 1 21 47 6 3 112
8 67 53 45.544 -122.8 276 339 43 250 2014 7 1 21 48 6 3 112
8 67 53 45.614 -122.81 254 353 26 250 2014 7 1 21 49 16 3 112
8 67 53 45.646 -122.74 217 45 19 250 2014 7 1 21 50 6 3 112
8 67 53 45.63 -122.69 170 55 14 250 2014 7 1 21 51 6 3 112
8 67 53 45.608 -122.63 129 118 6 250 2014 7 1 21 52 6 3 112
8 67 53 45.594 -122.59 120 119 250 250 2014 7 1 21 53 6 3 135
9 67 53 37.362 -121.93 157 0 0 380 2014 7 2 19 41 6 4 156
9 67 53 37.398 -121.97 188 321 20 380 2014 7 2 19 42 16 4 156
9 67 53 37.455 -121.94 231 318 39 380 2014 7 2 19 43 6 4 156
9 67 53 37.416 -121.87 245 21 56 380 2014 7 2 19 44 6 4 156
9 67 53 37.367 -121.81 253 77 88 380 2014 7 2 19 45 6 4 154
9 67 53 37.307 -121.81 270 129 118 380 2014 7 2 19 46 6 4 154
9 67 53 37.348 -121.88 289 155 137 380 2014 7 2 19 47 6 4 176
9 67 53 37.447 -121.89 348 308 154 380 2014 7 2 19 48 6 4 176
9 67 53 37.553 -121.91 377 339 178 380 2014 7 2 19 49 6 4 176
9 67 53 37.686 -121.93 400 354 207 380 2014 7 2 19 50 6 4 152
9 67 53 37.8 -121.95 411 352 229 380 2014 7 2 19 51 6 4 152
9 67 53 37.918 -121.97 424 352 249 380 2014 7 2 19 52 16 4 185
9 67 53 38.039 -121.99 436 352 266 380 2014 7 2 19 53 6 4 185
9 67 53 38.162 -122.01 445 352 283 380 2014 7 2 19 54 6 4 185
9 67 53 38.289 -122.03 456 352 297 380 2014 7 2 19 55 6 4 186
9 67 53 38.443 -122.05 468 352 313 380 2014 7 2 19 56 6 4 186
9 67 53 38.575 -122.07 477 352 329 380 2014 7 2 19 57 15 4 186
9 67 53 38.705 -122.08 475 353 343 380 2014 7 2 19 58 6 4 186
9 67 53 38.837 -122.1 475 24 355 380 2014 7 2 19 59 16 4 186
9 67 53 38.969 -122.11 475 355 367 380 2014 7 2 20 0 6 4 186
9 67 53 39.101 -122.13 473 354 376 380 2014 7 2 20 1 7 4 186
9 67 53 39.233 -122.14 474 354 380 380 2014 7 2 20 2 16 4 186
9 67 53 39.366 -122.16 474 355 380 380 2014 7 2 20 3 6 4 186
9 67 53 39.523 -122.17 474 354 380 380 2014 7 2 20 4 6 4 186
9 67 53 39.655 -122.19 474 354 380 380 2014 7 2 20 5 6 4 186
9 67 53 39.786 -122.2 474 355 380 380 2014 7 2 20 6 6 4 186
9 67 53 39.865 -122.21 473 354 380 380 2014 7 2 20 7 6 4 186
9 67 53 39.995 -122.23 471 354 380 380 2014 7 2 20 8 16 4 186
9 67 53 40.12 -122.25 471 355 380 380 2014 7 2 20 9 6 4 186
9 67 53 40.252 -122.26 487 355 380 380 2014 7 2 20 10 6 4 186
9 67 53 40.381 -122.28 476 353 380 380 2014 7 2 20 11 6 4 186
9 67 53 40.46 -122.28 478 354 380 380 2014 7 2 20 12 6 4 186
9 67 53 40.59 -122.3 476 354 380 380 2014 7 2 20 13 6 4 186
9 67 53 40.8 -122.33 474 354 380 380 2014 7 2 20 14 6 4 186
9 67 53 40.931 -122.34 475 354 380 380 2014 7 2 20 15 6 4 186
9 67 53 40.984 -122.35 474 354 380 380 2014 7 2 20 16 6 4 186
9 67 53 41.143 -122.37 478 354 380 380 2014 7 2 20 17 6 4 186
9 67 53 41.275 -122.38 478 354 380 380 2014 7 2 20 18 6 4 186
9 67 53 41.395 -122.4 477 354 380 380 2014 7 2 20 19 6 3 141
9 67 53 41.529 -122.42 478 354 380 380 2014 7 2 20 20 16 3 141
9 67 53 41.61 -122.43 476 354 380 380 2014 7 2 20 21 6 3 141
9 67 53 41.743 -122.44 477 354 380 380 2014 7 2 20 22 6 3 140
9 67 53 41.929 -122.47 478 354 380 380 2014 7 2 20 23 6 3 140
9 67 53 42.146 -122.49 483 354 380 380 2014 7 2 20 24 16 3 140
9 67 53 42.281 -122.51 482 355 380 380 2014 7 2 20 25 16 3 140
9 67 53 42.415 -122.52 481 354 380 380 2014 7 2 20 26 6 3 140
9 67 53 42.55 -122.54 483 354 380 380 2014 7 2 20 27 6 3 140
9 67 53 42.684 -122.56 485 354 380 380 2014 7 2 20 28 6 3 140
9 67 53 42.828 -122.58 485 354 380 380 2014 7 2 20 29 16 3 140
9 67 53 42.961 -122.59 484 354 380 380 2014 7 2 20 30 6 3 140
9 67 53 43.096 -122.61 485 354 380 380 2014 7 2 20 31 12 3 140
9 67 53 43.096 -122.61 485 354 380 380 2014 7 2 20 32 6 3 140
9 67 53 43.23 -122.63 484 354 380 380 2014 7 2 20 33 6 3 140
9 67 53 43.498 -122.67 487 354 369 380 2014 7 2 20 34 15 3 136
9 67 53 43.498 -122.67 487 354 369 380 2014 7 2 20 35 6 3 136
9 67 53 43.659 -122.69 484 354 336 380 2014 7 2 20 36 6 3 136
9 67 53 43.793 -122.7 483 354 310 380 2014 7 2 20 37 6 3 136
9 67 53 44.05 -122.74 459 354 267 380 2014 7 2 20 38 15 3 136
9 67 53 44.176 -122.76 459 354 267 380 2014 7 2 20 39 6 3 136
9 67 53 44.169 -122.75 442 354 247 380 2014 7 2 20 40 6 3 136
9 67 53 44.288 -122.74 436 355 226 380 2014 7 2 20 41 6 3 130
9 67 53 44.413 -122.73 431 0 204 380 2014 7 2 20 42 6 3 130
9 67 53 44.526 -122.72 414 3 185 380 2014 7 2 20 43 6 3 130
9 67 53 44.633 -122.7 396 3 169 380 2014 7 2 20 44 6 3 130
9 67 53 44.721 -122.7 374 3 155 380 2014 7 2 20 45 6 3 130
9 67 53 44.876 -122.68 357 3 128 380 2014 7 2 20 46 6 3 130
9 67 53 44.969 -122.67 343 4 116 380 2014 7 2 20 47 6 3 130
9 67 53 45.053 -122.66 317 4 103 380 2014 7 2 20 48 6 3 112
9 67 53 45.142 -122.66 301 3 91 380 2014 7 2 20 49 6 3 112
9 67 53 45.225 -122.65 296 4 77 380 2014 7 2 20 50 6 3 112
9 67 53 45.283 -122.6 286 24 67 380 2014 7 2 20 51 6 3 112
9 67 53 45.339 -122.52 282 46 53 380 2014 7 2 20 52 9 3 112
9 67 53 45.405 -122.46 269 34 39 380 2014 7 2 20 53 6 3 112
9 67 53 45.466 -122.42 249 18 33 380 2014 7 2 20 54 16 3 112
9 67 53 45.521 -122.44 170 350 25 380 2014 7 2 20 55 6 3 112
9 67 53 45.546 -122.49 171 302 16 380 2014 7 2 20 56 6 3 112
9 67 53 45.567 -122.55 150 299 7 380 2014 7 2 20 57 6 3 112
9 67 53 45.589 -122.59 160 299 380 380 2014 7 2 20 58 6 3 135
10 67 53 37.291 -121.85 93 136 107 360 2014 7 2 0 14 6 4 154
10 67 53 37.349 -121.91 282 181 127 360 2014 7 2 0 15 6 4 176
10 67 53 37.443 -121.92 329 315 140 360 2014 7 2 0 16 6 4 176
10 67 53 37.564 -121.94 362 340 167 360 2014 7 2 0 17 16 4 176
10 67 53 37.668 -121.95 373 352 186 360 2014 7 2 0 18 16 4 176
10 67 53 37.774 -121.97 386 353 206 360 2014 7 2 0 19 6 4 152
10 67 53 37.882 -121.99 388 353 222 360 2014 7 2 0 20 16 4 155
10 67 53 37.993 -122 401 353 238 360 2014 7 2 0 21 6 4 155
10 67 53 38.104 -122.02 404 353 252 360 2014 7 2 0 22 16 4 185
10 67 53 38.216 -122.04 408 353 272 360 2014 7 2 0 23 16 4 186
10 67 53 38.349 -122.06 404 352 281 360 2014 7 2 0 24 15 4 186
10 67 53 38.464 -122.07 411 353 293 360 2014 7 2 0 25 6 4 186
10 67 53 38.58 -122.08 420 19 302 360 2014 7 2 0 26 6 4 186
10 67 53 38.701 -122.1 421 355 314 360 2014 7 2 0 27 6 4 186
10 67 53 38.821 -122.11 428 355 324 360 2014 7 2 0 28 6 4 186
10 67 53 38.943 -122.12 433 354 334 360 2014 7 2 0 29 6 4 186
10 67 53 39.066 -122.14 438 354 346 360 2014 7 2 0 30 6 4 186
10 67 53 39.188 -122.15 438 355 356 360 2014 7 2 0 31 6 4 186
10 67 53 39.386 -122.17 446 354 360 360 2014 7 2 0 32 16 4 186
10 67 53 39.434 -122.18 440 354 360 360 2014 7 2 0 33 15 4 186
10 67 53 39.632 -122.2 446 356 360 360 2014 7 2 0 34 15 4 186
10 67 53 39.753 -122.21 442 354 360 360 2014 7 2 0 35 15 4 186
10 67 53 39.8 -122.22 441 355 360 360 2014 7 2 0 36 6 4 186
10 67 53 39.945 -122.24 438 355 360 360 2014 7 2 0 37 6 4 186
10 67 53 40.066 -122.25 437 355 360 360 2014 7 2 0 38 16 4 186
10 67 53 40.188 -122.26 456 354 360 360 2014 7 2 0 39 15 4 186
10 67 53 40.304 -122.28 445 356 360 360 2014 7 2 0 40 6 4 186
10 67 53 40.427 -122.29 446 354 360 360 2014 7 2 0 41 6 4 186
10 67 53 40.57 -122.31 435 354 360 360 2014 7 2 0 42 16 4 186
10 67 53 40.693 -122.32 438 355 360 360 2014 7 2 0 43 6 4 186
10 67 53 40.815 -122.34 442 354 360 360 2014 7 2 0 44 6 4 186
10 67 53 40.939 -122.35 445 354 360 360 2014 7 2 0 45 16 4 186
10 67 53 41.064 -122.36 448 354 360 360 2014 7 2 0 46 6 4 186
10 67 53 41.188 -122.38 450 355 360 360 2014 7 2 0 47 15 4 186
10 67 53 41.315 -122.4 453 354 360 360 2014 7 2 0 48 16 4 186
10 67 53 41.447 -122.41 447 354 360 360 2014 7 2 0 49 15 3 141
10 67 53 41.568 -122.43 441 355 360 360 2014 7 2 0 50 6 3 141
10 67 53 41.689 -122.44 438 355 360 360 2014 7 2 0 51 6 3 140
10 67 53 41.812 -122.46 440 354 360 360 2014 7 2 0 52 15 3 140
10 67 53 41.932 -122.47 435 354 360 360 2014 7 2 0 53 15 3 140
10 67 53 42.054 -122.49 434 354 360 360 2014 7 2 0 54 16 3 140
10 67 53 42.176 -122.5 434 355 360 360 2014 7 2 0 55 16 3 140
10 67 53 42.299 -122.52 439 355 360 360 2014 7 2 0 56 16 3 140
10 67 53 42.372 -122.53 436 355 360 360 2014 7 2 0 57 16 3 140
10 67 53 42.492 -122.54 434 354 360 360 2014 7 2 0 58 15 3 140
10 67 53 42.613 -122.56 435 355 360 360 2014 7 2 0 59 16 3 140
10 67 53 42.742 -122.57 438 354 360 360 2014 7 2 1 0 16 3 140
10 67 53 42.865 -122.59 441 354 360 360 2014 7 2 1 1 6 3 140
10 67 53 42.987 -122.6 439 354 360 360 2014 7 2 1 2 15 3 140
10 67 53 43.108 -122.62 438 354 360 360 2014 7 2 1 3 6 3 140
10 67 53 43.229 -122.63 439 354 360 360 2014 7 2 1 4 6 3 140
10 67 53 43.352 -122.65 444 354 360 360 2014 7 2 1 5 6 3 140
10 67 53 43.474 -122.66 443 354 360 360 2014 7 2 1 6 8 3 136
10 67 53 43.597 -122.68 442 354 360 360 2014 7 2 1 7 6 3 136
10 67 53 43.719 -122.69 441 354 360 360 2014 7 2 1 8 6 3 136
10 67 53 43.84 -122.71 441 354 360 360 2014 7 2 1 9 6 3 136
10 67 53 43.969 -122.73 454 354 344 360 2014 7 2 1 10 6 3 136
10 67 53 44.096 -122.75 458 354 312 360 2014 7 2 1 11 6 3 136
10 67 53 44.249 -122.74 466 354 277 360 2014 7 2 1 12 17 3 136
10 67 53 44.361 -122.73 460 358 254 360 2014 7 2 1 13 6 3 136
10 67 53 44.483 -122.72 447 2 230 360 2014 7 2 1 14 6 3 130
10 67 53 44.601 -122.71 432 3 210 360 2014 7 2 1 15 16 3 130
10 67 53 44.708 -122.7 397 4 194 360 2014 7 2 1 16 12 3 130
10 67 53 44.775 -122.69 386 3 169 360 2014 7 2 1 17 6 3 130
10 67 53 44.947 -122.67 394 4 141 360 2014 7 2 1 18 6 3 130
10 67 53 45.04 -122.66 319 3 118 360 2014 7 2 1 19 6 3 112
10 67 53 45.129 -122.66 326 4 99 360 2014 7 2 1 20 16 3 112
10 67 53 45.217 -122.65 318 3 82 360 2014 7 2 1 21 7 3 112
10 67 53 45.298 -122.6 288 24 64 360 2014 7 2 1 22 16 3 112
10 67 53 45.362 -122.54 278 11 50 360 2014 7 2 1 23 15 3 112
10 67 53 45.416 -122.49 227 30 47 360 2014 7 2 1 24 15 3 112
10 67 53 45.428 -122.43 185 73 40 360 2014 7 2 1 25 16 3 112
10 67 53 45.448 -122.37 199 64 39 360 2014 7 2 1 26 24 3 112
10 67 53 45.484 -122.43 199 311 39 360 2014 7 2 1 27 6 3 112
10 67 53 45.497 -122.37 204 354 27 360 2014 7 2 1 28 6 3 112
10 67 53 45.549 -122.5 182 301 14 360 2014 7 2 1 29 16 3 112
10 67 53 45.57 -122.56 152 297 5 360 2014 7 2 1 30 6 3 112
15 67 53 37.344 -121.91 161 0 13 380 2014 7 2 14 10 16 4 154
15 67 53 37.301 -121.86 219 22 28 380 2014 7 2 14 11 7 4 154
15 67 53 37.252 -121.8 226 138 52 380 2014 7 2 14 12 6 4 154
15 67 53 37.197 -121.83 237 138 75 380 2014 7 2 14 13 6 4 154
15 67 53 37.215 -121.9 251 160 100 380 2014 7 2 14 14 16 4 154
15 67 53 37.292 -121.92 284 245 115 380 2014 7 2 14 15 15 4 154
15 67 53 37.383 -121.93 323 335 134 380 2014 7 2 14 16 16 4 176
15 67 53 37.485 -121.94 360 353 157 380 2014 7 2 14 17 16 4 176
15 67 53 37.614 -121.96 385 353 186 380 2014 7 2 14 18 16 4 176
15 67 53 37.723 -121.98 393 353 209 380 2014 7 2 14 19 7 4 152
15 67 53 37.836 -122 406 353 229 380 2014 7 2 14 20 16 4 155
15 67 53 37.954 -122.01 423 353 248 380 2014 7 2 14 21 6 4 185
15 67 53 38.072 -122.03 430 354 270 380 2014 7 2 14 22 16 4 185
15 67 53 38.192 -122.05 432 353 285 380 2014 7 2 14 23 15 4 186
15 67 53 38.319 -122.07 454 353 297 380 2014 7 2 14 24 15 4 186
15 67 53 38.475 -122.09 467 353 311 380 2014 7 2 14 25 16 4 186
15 67 53 38.608 -122.11 478 15 328 380 2014 7 2 14 26 6 4 186
15 67 53 38.746 -122.12 474 353 344 380 2014 7 2 14 27 6 4 186
15 67 53 38.88 -122.14 474 354 356 380 2014 7 2 14 28 6 4 186
15 67 53 39.012 -122.15 474 355 368 380 2014 7 2 14 29 6 4 186
15 67 53 39.143 -122.17 474 355 379 380 2014 7 2 14 30 16 4 186
15 67 53 39.274 -122.18 473 354 380 380 2014 7 2 14 31 6 4 186
15 67 53 39.405 -122.2 472 355 380 380 2014 7 2 14 32 16 4 186
15 67 53 39.529 -122.21 471 355 380 380 2014 7 2 14 33 16 4 186
15 67 53 39.686 -122.23 471 355 380 380 2014 7 2 14 34 16 4 186
15 67 53 39.764 -122.24 471 355 380 380 2014 7 2 14 35 6 4 186
15 67 53 39.896 -122.25 475 355 380 380 2014 7 2 14 36 6 4 186
15 67 53 40.08 -122.27 478 355 380 380 2014 7 2 14 37 16 4 186
15 67 53 40.152 -122.28 484 355 380 380 2014 7 2 14 38 6 4 186
15 67 53 40.286 -122.29 484 354 380 380 2014 7 2 14 39 6 4 186
15 67 53 40.444 -122.31 482 355 380 380 2014 7 2 14 40 6 4 186
15 67 53 40.577 -122.33 481 354 380 380 2014 7 2 14 41 6 4 186
15 67 53 40.71 -122.34 481 355 380 380 2014 7 2 14 42 6 4 186
15 67 53 40.843 -122.36 481 354 380 380 2014 7 2 14 43 6 4 186
15 67 53 40.975 -122.37 481 355 380 380 2014 7 2 14 44 6 4 186
15 67 53 41.107 -122.39 480 355 380 380 2014 7 2 14 45 6 4 186
15 67 53 41.239 -122.4 479 353 380 380 2014 7 2 14 46 11 4 186
15 67 53 41.32 -122.41 481 354 380 380 2014 7 2 14 47 6 4 186
15 67 53 41.503 -122.43 479 355 380 380 2014 7 2 14 48 6 3 140
15 67 53 41.636 -122.45 479 355 380 380 2014 7 2 14 49 6 3 140
15 67 53 41.768 -122.46 477 354 380 380 2014 7 2 14 50 6 3 140
15 67 53 41.901 -122.48 477 354 380 380 2014 7 2 14 51 6 3 140
15 67 53 42.037 -122.5 482 354 380 380 2014 7 2 14 52 16 3 140
15 67 53 42.115 -122.5 475 354 380 380 2014 7 2 14 53 6 3 140
15 67 53 42.249 -122.52 475 355 380 380 2014 7 2 14 54 7 3 140
15 67 53 42.463 -122.54 476 355 380 380 2014 7 2 14 55 16 3 140
15 67 53 42.463 -122.54 476 355 380 380 2014 7 2 14 56 6 3 140
15 67 53 42.727 -122.57 475 354 380 380 2014 7 2 14 57 16 3 140
15 67 53 42.84 -122.59 474 355 380 380 2014 7 2 14 58 6 3 140
15 67 53 42.971 -122.6 474 354 380 380 2014 7 2 14 59 6 3 140
15 67 53 43.13 -122.62 474 354 380 380 2014 7 2 15 0 6 3 140
15 67 53 43.261 -122.64 474 354 380 380 2014 7 2 15 1 6 3 140
15 67 53 43.263 -122.64 477 354 380 380 2014 7 2 15 2 6 3 140
15 67 53 43.396 -122.66 478 354 380 380 2014 7 2 15 3 16 3 140
15 67 53 43.528 -122.67 478 354 372 380 2014 7 2 15 4 6 3 136
15 67 53 43.661 -122.69 478 354 347 380 2014 7 2 15 5 6 3 136
15 67 53 43.795 -122.71 478 354 318 380 2014 7 2 15 6 6 3 136
15 67 53 43.928 -122.72 479 354 295 380 2014 7 2 15 7 6 3 136
15 67 53 44.058 -122.74 478 354 272 380 2014 7 2 15 8 16 3 136
15 67 53 44.184 -122.75 465 355 250 380 2014 7 2 15 9 6 3 136
15 67 53 44.333 -122.73 457 355 223 380 2014 7 2 15 10 6 3 130
15 67 53 44.432 -122.72 444 0 205 380 2014 7 2 15 11 6 3 130
15 67 53 44.644 -122.7 394 3 171 380 2014 7 2 15 12 6 3 130
15 67 53 44.751 -122.69 375 3 151 380 2014 7 2 15 13 6 3 130
15 67 53 44.849 -122.68 352 4 133 380 2014 7 2 15 14 6 3 130
15 67 53 44.942 -122.67 333 4 118 380 2014 7 2 15 15 6 3 130
15 67 53 45.027 -122.67 306 5 106 380 2014 7 2 15 16 6 3 112
15 67 53 45.059 -122.66 304 3 100 380 2014 7 2 15 17 6 3 112
15 67 53 45.176 -122.6 295 21 82 380 2014 7 2 15 18 17 3 112
15 67 53 45.214 -122.57 288 22 76 380 2014 7 2 15 19 15 3 112
15 67 53 45.323 -122.5 277 23 56 380 2014 7 2 15 20 16 3 112
15 67 53 45.354 -122.48 275 23 50 380 2014 7 2 15 21 6 3 112
15 67 53 45.426 -122.44 263 24 38 380 2014 7 2 15 22 6 3 112
15 67 53 45.51 -122.41 220 17 28 380 2014 7 2 15 23 6 3 112
15 67 53 45.543 -122.46 182 337 19 380 2014 7 2 15 24 16 3 112
15 67 53 45.565 -122.52 161 296 9 380 2014 7 2 15 25 6 3 112
15 67 53 45.579 -122.55 157 298 3 380 2014 7 2 15 26 6 3 112
15 67 53 45.597 -122.6 156 298 380 380 2014 7 2 15 27 6 3 135
18 67 53 37.417 -121.98 217 315 30 240 2014 7 2 20 24 16 4 156
18 67 53 37.45 -121.92 222 339 49 240 2014 7 2 20 25 16 4 156
18 67 53 37.4 -121.87 225 82 55 240 2014 7 2 20 26 6 4 156
18 67 53 37.367 -121.82 215 133 74 240 2014 7 2 20 27 6 4 154
18 67 53 37.317 -121.82 230 132 89 240 2014 7 2 20 28 6 4 154
18 67 53 37.333 -121.88 210 218 107 240 2014 7 2 20 29 16 4 154
18 67 53 37.383 -121.95 202 300 121 240 2014 7 2 20 30 6 4 156
18 67 53 37.45 -121.95 306 320 133 240 2014 7 2 20 31 12 4 176
18 67 53 37.517 -121.95 246 359 145 240 2014 7 2 20 32 6 4 176
18 67 53 37.54 -121.96 248 0 149 240 2014 7 2 20 33 6 4 176
18 67 53 37.613 -121.97 260 356 159 240 2014 7 2 20 34 15 4 176
18 67 53 37.69 -121.98 273 350 169 240 2014 7 2 20 35 6 4 176
18 67 53 37.767 -121.99 277 354 179 240 2014 7 2 20 36 6 4 152
18 67 53 37.846 -121.99 284 355 190 240 2014 7 2 20 37 6 4 155
18 67 53 37.94 -122 285 355 201 240 2014 7 2 20 38 15 4 155
18 67 53 38.019 -122.01 284 355 210 240 2014 7 2 20 39 6 4 155
18 67 53 38.098 -122.02 285 355 219 240 2014 7 2 20 40 6 4 155
18 67 53 38.178 -122.03 285 354 227 240 2014 7 2 20 41 6 4 155
18 67 53 38.256 -122.04 285 354 235 240 2014 7 2 20 42 6 4 164
18 67 53 38.335 -122.05 285 355 239 240 2014 7 2 20 43 6 4 164
18 67 53 38.419 -122.06 301 355 239 240 2014 7 2 20 44 6 4 164
18 67 53 38.53 -122.07 329 355 239 240 2014 7 2 20 45 6 4 164
18 67 53 38.625 -122.08 339 355 239 240 2014 7 2 20 46 6 4 164
18 67 53 38.728 -122.09 346 355 240 240 2014 7 2 20 47 6 4 186
18 67 53 38.828 -122.1 354 355 240 240 2014 7 2 20 48 6 4 186
18 67 53 38.927 -122.11 355 354 240 240 2014 7 2 20 49 6 4 186
18 67 53 39.028 -122.12 358 354 240 240 2014 7 2 20 50 6 4 186
18 67 53 39.128 -122.14 359 355 240 240 2014 7 2 20 51 6 4 186
18 67 53 39.23 -122.15 361 355 240 240 2014 7 2 20 52 9 4 186
18 67 53 39.329 -122.16 361 354 240 240 2014 7 2 20 53 6 4 186
18 67 53 39.464 -122.18 364 355 240 240 2014 7 2 20 54 16 4 186
18 67 53 39.464 -122.18 364 355 240 240 2014 7 2 20 55 6 4 186
18 67 53 39.646 -122.2 365 354 240 240 2014 7 2 20 56 6 4 186
18 67 53 39.687 -122.2 366 355 240 240 2014 7 2 20 57 6 4 186
18 67 53 39.788 -122.21 365 354 240 240 2014 7 2 20 58 6 4 186
18 67 53 39.95 -122.23 366 354 240 240 2014 7 2 20 59 6 4 186
18 67 53 40.072 -122.24 368 355 240 240 2014 7 2 21 0 6 4 186
18 67 53 40.172 -122.25 376 355 240 240 2014 7 2 21 1 6 4 186
18 67 53 40.27 -122.27 370 355 240 240 2014 7 2 21 2 6 4 186
18 67 53 40.373 -122.28 370 354 240 240 2014 7 2 21 3 6 4 186
18 67 53 40.413 -122.29 368 354 240 240 2014 7 2 21 4 6 4 186
18 67 53 40.514 -122.3 368 354 240 240 2014 7 2 21 5 6 4 186
18 67 53 40.616 -122.31 367 354 240 240 2014 7 2 21 6 6 4 186
18 67 53 40.716 -122.32 365 354 240 240 2014 7 2 21 7 6 4 186
18 67 53 40.817 -122.34 365 354 240 240 2014 7 2 21 8 6 4 186
18 67 53 40.998 -122.36 365 354 240 240 2014 7 2 21 9 16 4 186
18 67 53 41.017 -122.36 364 355 240 240 2014 7 2 21 10 6 4 186
18 67 53 41.118 -122.34 364 5 240 240 2014 7 2 21 11 6 4 186
18 67 53 41.239 -122.33 364 4 240 240 2014 7 2 21 12 6 4 186
18 67 53 41.34 -122.31 364 5 240 240 2014 7 2 21 13 6 3 141
18 67 53 41.44 -122.3 364 6 240 240 2014 7 2 21 14 6 3 141
18 67 53 41.54 -122.33 364 348 240 240 2014 7 2 21 15 6 3 141
18 67 53 41.64 -122.35 364 350 240 240 2014 7 2 21 16 6 3 141
18 67 53 41.74 -122.36 363 354 240 240 2014 7 2 21 17 15 3 141
18 67 53 41.841 -122.38 360 353 240 240 2014 7 2 21 18 6 3 141
18 67 53 41.92 -122.39 355 353 240 240 2014 7 2 21 19 16 3 141
18 67 53 42.042 -122.41 362 353 240 240 2014 7 2 21 20 6 3 141
18 67 53 42.143 -122.42 362 353 240 240 2014 7 2 21 21 6 3 141
18 67 53 42.243 -122.44 362 353 240 240 2014 7 2 21 22 6 3 141
18 67 53 42.344 -122.45 362 353 240 240 2014 7 2 21 23 6 3 141
18 67 53 42.446 -122.47 368 353 240 240 2014 7 2 21 24 6 3 141
18 67 53 42.547 -122.49 368 353 240 240 2014 7 2 21 25 6 3 141
18 67 53 42.649 -122.5 368 353 240 240 2014 7 2 21 26 6 3 140
18 67 53 42.759 -122.52 368 353 240 240 2014 7 2 21 27 15 3 140
18 67 53 42.86 -122.54 368 353 240 240 2014 7 2 21 28 6 3 140
18 67 53 42.963 -122.55 369 353 240 240 2014 7 2 21 29 6 3 140
18 67 53 43.065 -122.57 370 353 240 240 2014 7 2 21 30 6 3 140
18 67 53 43.188 -122.59 372 353 240 240 2014 7 2 21 31 6 3 140
18 67 53 43.289 -122.61 371 353 240 240 2014 7 2 21 32 6 3 140
18 67 53 43.392 -122.63 371 353 240 240 2014 7 2 21 33 6 3 140
18 67 53 43.496 -122.64 373 353 240 240 2014 7 2 21 34 6 3 136
18 67 53 43.599 -122.66 373 353 240 240 2014 7 2 21 35 6 3 136
18 67 53 43.6 -122.66 375 353 240 240 2014 7 2 21 36 6 3 136
18 67 53 43.704 -122.68 376 353 240 240 2014 7 2 21 37 6 3 136
18 67 53 43.909 -122.71 376 353 240 240 2014 7 2 21 38 16 3 136
18 67 53 44.012 -122.73 376 352 240 240 2014 7 2 21 39 15 3 136
18 67 53 44.012 -122.73 376 352 240 240 2014 7 2 21 40 6 3 136
18 67 53 44.115 -122.75 376 353 240 240 2014 7 2 21 41 6 3 136
18 67 53 44.238 -122.74 373 353 240 240 2014 7 2 21 42 6 3 136
18 67 53 44.341 -122.73 378 357 239 240 2014 7 2 21 43 6 3 130
18 67 53 44.448 -122.72 385 2 234 240 2014 7 2 21 44 6 3 130
18 67 53 44.555 -122.71 385 4 215 240 2014 7 2 21 45 6 3 130
18 67 53 44.665 -122.7 392 3 194 240 2014 7 2 21 46 6 3 130
18 67 53 44.849 -122.69 376 4 160 240 2014 7 2 21 47 6 3 130
18 67 53 44.961 -122.67 343 2 139 240 2014 7 2 21 48 6 3 130
18 67 53 45.051 -122.67 321 4 122 240 2014 7 2 21 49 16 3 112
18 67 53 45.079 -122.66 327 3 115 240 2014 7 2 21 50 6 3 112
18 67 53 45.166 -122.65 314 4 99 240 2014 7 2 21 51 6 3 112
18 67 53 45.254 -122.64 296 3 81 240 2014 7 2 21 52 6 3 112
18 67 53 45.364 -122.53 259 32 55 240 2014 7 2 21 53 17 3 112
18 67 53 45.377 -122.51 265 36 51 240 2014 7 2 21 54 6 3 112
18 67 53 45.43 -122.44 244 43 34 240 2014 7 2 21 55 6 3 112
18 67 53 45.491 -122.42 235 24 27 240 2014 7 2 21 56 6 3 112
18 67 53 45.533 -122.46 200 343 19 240 2014 7 2 21 57 6 3 112
18 67 53 45.556 -122.52 159 300 9 240 2014 7 2 21 58 6 3 112
18 67 53 45.572 -122.56 124 300 4 240 2014 7 2 21 59 16 3 112
18 67 53 45.588 -122.59 126 298 240 240 2014 7 2 22 0 6 3 135
21 67 53 37.362 -121.93 157 0 0 360 2014 7 3 1 6 6 4 156
21 67 53 37.433 -121.97 246 0 39 360 2014 7 3 1 7 6 4 156
21 67 53 37.367 -121.83 252 104 72 360 2014 7 3 1 8 6 4 154
21 67 53 37.317 -121.85 272 134 90 360 2014 7 3 1 9 6 4 154
21 67 53 37.313 -121.85 253 194 89 360 2014 7 3 1 10 6 4 154
21 67 53 37.367 -121.93 255 301 122 360 2014 7 3 1 11 16 4 156
21 67 53 37.454 -121.96 323 309 131 360 2014 7 3 1 12 6 4 176
21 67 53 37.551 -121.97 347 346 155 360 2014 7 3 1 13 6 4 176
21 67 53 37.653 -121.98 365 351 173 360 2014 7 3 1 14 6 4 176
21 67 53 37.76 -122 384 355 194 360 2014 7 3 1 15 16 4 152
21 67 53 37.868 -122.02 390 354 210 360 2014 7 3 1 16 15 4 155
21 67 53 37.981 -122.03 408 353 226 360 2014 7 3 1 17 6 4 171
21 67 53 38.095 -122.05 412 353 241 360 2014 7 3 1 18 6 4 185
21 67 53 38.237 -122.07 425 353 259 360 2014 7 3 1 19 15 4 186
21 67 53 38.356 -122.09 428 353 272 360 2014 7 3 1 20 6 4 186
21 67 53 38.477 -122.1 436 353 286 360 2014 7 3 1 21 15 4 186
21 67 53 38.601 -122.12 443 354 298 360 2014 7 3 1 22 6 4 186
21 67 53 38.73 -122.14 453 353 312 360 2014 7 3 1 23 6 4 186
21 67 53 38.856 -122.16 453 353 326 360 2014 7 3 1 24 16 4 186
21 67 53 38.979 -122.18 447 353 339 360 2014 7 3 1 25 6 4 186
21 67 53 39.104 -122.2 446 353 340 360 2014 7 3 1 26 6 4 186
21 67 53 39.229 -122.22 447 353 340 360 2014 7 3 1 27 6 4 186
21 67 53 39.355 -122.24 449 353 340 360 2014 7 3 1 28 15 4 186
21 67 53 39.569 -122.29 441 352 358 360 2014 7 3 1 29 16 4 186
21 67 53 39.614 -122.31 435 344 360 360 2014 7 3 1 30 16 4 186
21 67 53 39.732 -122.36 438 343 360 360 2014 7 3 1 31 6 4 186
21 67 53 39.851 -122.41 443 342 360 360 2014 7 3 1 32 17 4 186
21 67 53 39.969 -122.45 443 342 360 360 2014 7 3 1 33 6 4 186
21 67 53 40.091 -122.5 445 343 360 360 2014 7 3 1 34 15 4 186
21 67 53 40.215 -122.55 449 343 360 360 2014 7 3 1 35 16 4 186
21 67 53 40.337 -122.59 448 345 360 360 2014 7 3 1 36 6 4 186
21 67 53 40.458 -122.63 447 346 360 360 2014 7 3 1 37 15 4 186
21 67 53 40.579 -122.67 447 345 360 360 2014 7 3 1 38 6 4 182
21 67 53 40.702 -122.7 449 347 360 360 2014 7 3 1 39 6 4 182
21 67 53 40.85 -122.75 459 346 360 360 2014 7 3 1 40 16 4 182
21 67 53 40.972 -122.78 450 347 360 360 2014 7 3 1 41 15 4 182
21 67 53 41.02 -122.8 451 347 360 360 2014 7 3 1 42 6 4 182
21 67 53 41.141 -122.84 450 347 360 360 2014 7 3 1 43 6 4 182
21 67 53 41.264 -122.88 450 347 360 360 2014 7 3 1 44 6 4 182
21 67 53 41.451 -122.93 449 347 360 360 2014 7 3 1 45 6 3 140
21 67 53 41.577 -122.93 450 352 360 360 2014 7 3 1 46 6 3 140
21 67 53 41.703 -122.92 451 3 360 360 2014 7 3 1 47 6 3 140
21 67 53 41.829 -122.92 451 3 360 360 2014 7 3 1 48 6 3 140
21 67 53 41.982 -122.9 452 3 360 360 2014 7 3 1 49 15 3 140
21 67 53 42.032 -122.9 451 3 360 360 2014 7 3 1 50 16 3 140
21 67 53 42.161 -122.89 456 2 360 360 2014 7 3 1 51 6 3 140
21 67 53 42.29 -122.88 462 2 360 360 2014 7 3 1 52 6 3 140
21 67 53 42.417 -122.87 458 3 360 360 2014 7 3 1 53 6 3 140
21 67 53 42.544 -122.86 454 3 360 360 2014 7 3 1 54 6 3 140
21 67 53 42.671 -122.86 456 2 360 360 2014 7 3 1 55 6 3 140
21 67 53 42.815 -122.85 454 3 360 360 2014 7 3 1 56 6 3 140
21 67 53 42.942 -122.84 454 2 360 360 2014 7 3 1 57 6 3 140
21 67 53 43.068 -122.83 454 2 360 360 2014 7 3 1 58 16 3 140
21 67 53 43.195 -122.82 455 3 360 360 2014 7 3 1 59 7 3 140
21 67 53 43.322 -122.81 455 2 360 360 2014 7 3 2 0 6 3 140
21 67 53 43.45 -122.8 457 2 360 360 2014 7 3 2 1 6 3 140
21 67 53 43.577 -122.79 458 3 360 360 2014 7 3 2 2 6 3 136
21 67 53 43.704 -122.78 458 2 360 360 2014 7 3 2 3 16 3 136
21 67 53 43.833 -122.77 459 3 341 360 2014 7 3 2 4 15 3 136
21 67 53 43.962 -122.77 465 2 311 360 2014 7 3 2 5 16 3 136
21 67 53 44.09 -122.76 465 2 288 360 2014 7 3 2 6 6 3 136
21 67 53 44.211 -122.75 449 2 266 360 2014 7 3 2 7 16 3 136
21 67 53 44.348 -122.73 423 2 240 360 2014 7 3 2 8 6 3 136
21 67 53 44.442 -122.72 418 3 222 360 2014 7 3 2 9 6 3 130
21 67 53 44.57 -122.71 395 4 197 360 2014 7 3 2 10 6 3 130
21 67 53 44.674 -122.7 382 3 177 360 2014 7 3 2 11 6 3 130
21 67 53 44.694 -122.7 373 3 173 360 2014 7 3 2 12 6 3 130
21 67 53 44.874 -122.68 362 3 138 360 2014 7 3 2 13 15 3 130
21 67 53 44.995 -122.67 340 3 119 360 2014 7 3 2 14 6 3 112
21 67 53 45.07 -122.66 322 4 101 360 2014 7 3 2 15 16 3 112
21 67 53 45.156 -122.65 312 3 90 360 2014 7 3 2 16 6 3 112
21 67 53 45.236 -122.62 302 4 75 360 2014 7 3 2 17 6 3 112
21 67 53 45.328 -122.56 287 27 58 360 2014 7 3 2 18 15 3 112
21 67 53 45.374 -122.52 276 28 47 360 2014 7 3 2 19 6 3 112
21 67 53 45.394 -122.51 268 27 43 360 2014 7 3 2 20 6 3 112
21 67 53 45.461 -122.47 264 26 28 360 2014 7 3 2 21 6 3 112
21 67 53 45.521 -122.45 194 11 24 360 2014 7 3 2 22 16 3 112
21 67 53 45.564 -122.52 140 321 8 360 2014 7 3 2 23 15 3 112
21 67 53 45.57 -122.53 131 299 6 360 2014 7 3 2 24 6 3 112
21 67 53 45.599 -122.61 137 298 360 360 2014 7 3 2 25 16 3 135
24 67 53 37.326 -121.89 177 128 17 380 2014 7 3 14 9 6 4 154
24 67 53 37.279 -121.83 228 141 37 380 2014 7 3 14 10 6 4 154
24 67 53 37.228 -121.78 238 65 64 380 2014 7 3 14 11 6 4 154
24 67 53 37.172 -121.75 244 140 86 380 2014 7 3 14 12 6 4 154
24 67 53 37.191 -121.82 265 148 103 380 2014 7 3 14 13 6 4 154
24 67 53 37.273 -121.86 312 223 118 380 2014 7 3 14 14 6 4 154
24 67 53 37.358 -121.93 346 317 140 380 2014 7 3 14 15 6 4 176
24 67 53 37.472 -121.94 393 333 156 380 2014 7 3 14 16 6 4 176
24 67 53 37.611 -121.96 415 343 186 380 2014 7 3 14 17 6 4 176
24 67 53 37.725 -121.97 415 356 186 380 2014 7 3 14 18 6 4 176
24 67 53 37.847 -122 434 353 214 380 2014 7 3 14 19 6 4 155
24 67 53 37.971 -122.01 446 353 232 380 2014 7 3 14 20 6 4 155
24 67 53 38.095 -122.02 446 356 232 380 2014 7 3 14 21 6 4 155
24 67 53 38.099 -122.03 463 354 250 380 2014 7 3 14 22 6 4 185
24 67 53 38.361 -122.07 478 353 287 380 2014 7 3 14 23 6 4 186
24 67 53 38.517 -122.09 475 353 308 380 2014 7 3 14 24 6 4 186
24 67 53 38.647 -122.11 474 353 323 380 2014 7 3 14 25 6 4 186
24 67 53 38.624 -121.94 474 100 323 380 2014 7 3 14 26 6 4 186
24 67 53 38.77 -122.12 473 21 337 380 2014 7 3 14 27 7 4 186
24 67 53 38.901 -122.14 473 355 352 380 2014 7 3 14 28 6 4 186
24 67 53 39.11 -122.16 446 355 372 380 2014 7 3 14 29 6 4 186
24 67 53 39.238 -122.17 459 355 380 380 2014 7 3 14 30 6 4 186
24 67 53 39.365 -122.19 457 354 380 380 2014 7 3 14 31 6 4 186
24 67 53 39.544 -122.21 461 355 380 380 2014 7 3 14 32 6 4 186
24 67 53 39.622 -122.22 465 355 380 380 2014 7 3 14 33 6 4 186
24 67 53 39.75 -122.23 464 355 380 380 2014 7 3 14 34 6 4 186
24 67 53 39.905 -122.25 465 355 380 380 2014 7 3 14 35 6 4 186
24 67 53 40.031 -122.26 461 354 380 380 2014 7 3 14 36 6 4 186
24 67 53 40.077 -122.26 454 355 380 380 2014 7 3 14 37 6 4 186
24 67 53 40.278 -122.29 463 353 380 380 2014 7 3 14 38 6 4 186
24 67 53 40.403 -122.3 458 354 380 380 2014 7 3 14 39 6 4 186
24 67 53 40.528 -122.32 454 355 380 380 2014 7 3 14 40 6 4 186
24 67 53 40.676 -122.33 448 355 380 380 2014 7 3 14 41 6 4 186
24 67 53 40.799 -122.35 448 355 380 380 2014 7 3 14 42 6 4 186
24 67 53 40.849 -122.35 445 355 380 380 2014 7 3 14 43 6 4 186
24 67 53 40.972 -122.37 445 354 380 380 2014 7 3 14 44 6 4 186
24 67 53 41.095 -122.38 443 354 380 380 2014 7 3 14 45 6 4 186
24 67 53 41.218 -122.4 446 355 380 380 2014 7 3 14 46 14 4 186
24 67 53 41.408 -122.42 443 356 380 380 2014 7 3 14 47 6 3 141
24 67 53 41.53 -122.43 442 355 380 380 2014 7 3 14 48 6 3 140
24 67 53 41.653 -122.45 441 354 380 380 2014 7 3 14 49 6 3 140
24 67 53 41.774 -122.46 438 354 380 380 2014 7 3 14 50 6 3 140
24 67 53 41.845 -122.47 438 355 380 380 2014 7 3 14 51 6 3 140
24 67 53 41.965 -122.48 435 355 380 380 2014 7 3 14 52 9 3 140
24 67 53 42.086 -122.5 431 355 380 380 2014 7 3 14 53 6 3 140
24 67 53 42.205 -122.51 430 354 380 380 2014 7 3 14 54 6 3 140
24 67 53 42.276 -122.52 423 355 380 380 2014 7 3 14 55 6 3 140
24 67 53 42.394 -122.53 424 355 380 380 2014 7 3 14 56 6 3 140
24 67 53 42.512 -122.55 424 355 380 380 2014 7 3 14 57 6 3 140
24 67 53 42.629 -122.56 422 355 380 380 2014 7 3 14 58 6 3 140
24 67 53 42.736 -122.57 422 354 380 380 2014 7 3 14 59 6 3 140
24 67 53 42.853 -122.59 422 354 380 380 2014 7 3 15 0 6 3 140
24 67 53 42.854 -122.59 422 354 380 380 2014 7 3 15 1 7 3 140
24 67 53 43.09 -122.62 424 354 380 380 2014 7 3 15 2 6 3 140
24 67 53 43.23 -122.64 424 354 380 380 2014 7 3 15 3 6 3 140
24 67 53 43.35 -122.65 426 354 380 380 2014 7 3 15 4 6 3 140
24 67 53 43.469 -122.67 427 354 370 380 2014 7 3 15 5 6 3 136
24 67 53 43.587 -122.68 427 354 360 380 2014 7 3 15 6 9 3 136
24 67 53 43.706 -122.69 427 354 346 380 2014 7 3 15 7 6 3 136
24 67 53 43.825 -122.71 428 355 315 380 2014 7 3 15 8 6 3 136
24 67 53 43.946 -122.73 432 354 284 380 2014 7 3 15 9 6 3 136
24 67 53 44.067 -122.74 438 354 259 380 2014 7 3 15 10 6 3 136
24 67 53 44.186 -122.75 434 354 247 380 2014 7 3 15 11 6 3 136
24 67 53 44.322 -122.73 411 356 223 380 2014 7 3 15 12 6 3 130
24 67 53 44.412 -122.73 402 1 207 380 2014 7 3 15 13 6 3 130
24 67 53 44.539 -122.71 388 3 184 380 2014 7 3 15 14 6 3 130
24 67 53 44.64 -122.7 371 4 169 380 2014 7 3 15 15 6 3 130
24 67 53 44.737 -122.69 356 2 152 380 2014 7 3 15 16 6 3 130
24 67 53 44.878 -122.68 342 4 130 380 2014 7 3 15 17 6 3 130
24 67 53 44.928 -122.68 347 4 120 380 2014 7 3 15 18 6 3 130
24 67 53 45.026 -122.66 327 3 107 380 2014 7 3 15 19 6 3 112
24 67 53 45.102 -122.59 316 19 94 380 2014 7 3 15 20 6 3 112
24 67 53 45.18 -122.54 301 27 80 380 2014 7 3 15 21 6 3 112
24 67 53 45.25 -122.48 289 27 67 380 2014 7 3 15 22 6 3 112
24 67 53 45.318 -122.43 280 28 54 380 2014 7 3 15 23 6 3 112
24 67 53 45.384 -122.39 276 27 38 380 2014 7 3 15 24 6 3 112
24 67 53 45.449 -122.34 240 27 33 380 2014 7 3 15 25 6 3 112
24 67 53 45.501 -122.37 207 20 26 380 2014 7 3 15 26 6 3 112
24 67 53 45.528 -122.42 173 323 23 380 2014 7 3 15 27 6 3 112
24 67 53 45.548 -122.48 153 299 15 380 2014 7 3 15 28 6 3 112
24 67 53 45.568 -122.53 141 298 7 380 2014 7 3 15 29 6 3 112
24 67 53 45.586 -122.57 139 298 380 380 2014 7 3 15 30 6 3 135
28 67 53 37.417 -121.98 214 0 23 380 2014 7 4 19 38 6 4 156
28 67 53 37.45 -121.93 255 339 49 380 2014 7 4 19 39 15 4 156
28 67 53 37.417 -121.87 235 107 51 380 2014 7 4 19 40 15 4 156
28 67 53 37.367 -121.8 244 131 78 380 2014 7 4 19 41 6 4 154
28 67 53 37.326 -121.8 243 133 95 380 2014 7 4 19 42 6 4 154
28 67 53 37.319 -121.89 270 160 123 380 2014 7 4 19 43 16 4 154
28 67 53 37.381 -121.94 277 235 150 380 2014 7 4 19 44 16 4 176
28 67 53 37.469 -121.96 313 316 159 380 2014 7 4 19 45 16 4 176
28 67 53 37.575 -121.97 370 340 176 380 2014 7 4 19 46 6 4 176
28 67 53 37.683 -121.98 387 355 198 380 2014 7 4 19 47 16 4 152
28 67 53 37.797 -121.99 405 355 221 380 2014 7 4 19 48 6 4 152
28 67 53 37.938 -122.01 424 354 244 380 2014 7 4 19 49 6 4 185
28 67 53 38.056 -122.03 429 354 262 380 2014 7 4 19 50 16 4 185
28 67 53 38.177 -122.05 436 353 280 380 2014 7 4 19 51 6 4 186
28 67 53 38.301 -122.06 446 354 295 380 2014 7 4 19 52 15 4 186
28 67 53 38.427 -122.08 453 353 310 380 2014 7 4 19 53 16 4 186
28 67 53 38.552 -122.1 456 353 326 380 2014 7 4 19 54 15 4 186
28 67 53 38.676 -122.12 455 353 340 380 2014 7 4 19 55 15 4 186
28 67 53 38.801 -122.14 454 353 356 380 2014 7 4 19 56 15 4 186
28 67 53 38.925 -122.15 447 353 369 380 2014 7 4 19 57 15 4 186
28 67 53 39.072 -122.17 440 354 380 380 2014 7 4 19 58 6 4 186
28 67 53 39.135 -122.17 436 355 380 380 2014 7 4 19 59 15 4 186
28 67 53 39.257 -122.19 437 355 380 380 2014 7 4 20 0 6 4 186
28 67 53 39.379 -122.2 437 355 380 380 2014 7 4 20 1 6 4 186
28 67 53 39.5 -122.21 436 355 380 380 2014 7 4 20 2 6 4 186
28 67 53 39.622 -122.22 439 355 380 380 2014 7 4 20 3 15 4 186
28 67 53 39.743 -122.24 439 355 380 380 2014 7 4 20 4 15 4 186
28 67 53 39.938 -122.26 439 355 380 380 2014 7 4 20 5 16 4 186
28 67 53 40.011 -122.27 439 355 380 380 2014 7 4 20 6 6 4 186
28 67 53 40.134 -122.28 442 355 380 380 2014 7 4 20 7 16 4 186
28 67 53 40.245 -122.29 446 353 380 380 2014 7 4 20 8 16 4 186
28 67 53 40.364 -122.31 438 355 380 380 2014 7 4 20 9 16 4 186
28 67 53 40.484 -122.32 435 354 380 380 2014 7 4 20 10 6 4 186
28 67 53 40.628 -122.34 435 354 380 380 2014 7 4 20 11 15 4 186
28 67 53 40.748 -122.35 435 355 380 380 2014 7 4 20 12 6 4 186
28 67 53 40.869 -122.36 435 355 380 380 2014 7 4 20 13 15 4 186
28 67 53 40.989 -122.38 435 354 380 380 2014 7 4 20 14 16 4 186
28 67 53 41.109 -122.39 435 355 380 380 2014 7 4 20 15 16 4 186
28 67 53 41.229 -122.41 435 354 380 380 2014 7 4 20 16 6 4 186
28 67 53 41.278 -122.41 435 354 380 380 2014 7 4 20 17 6 4 186
28 67 53 41.401 -122.42 433 355 380 380 2014 7 4 20 18 6 3 140
28 67 53 41.594 -122.45 432 355 380 380 2014 7 4 20 19 6 3 140
28 67 53 41.639 -122.45 430 354 380 380 2014 7 4 20 20 16 3 140
28 67 53 41.758 -122.47 424 355 380 380 2014 7 4 20 21 16 3 140
28 67 53 41.897 -122.48 422 355 380 380 2014 7 4 20 22 6 3 140
28 67 53 42.014 -122.5 422 355 380 380 2014 7 4 20 23 6 3 140
28 67 53 42.131 -122.51 419 354 380 380 2014 7 4 20 24 6 3 140
28 67 53 42.298 -122.53 422 355 380 380 2014 7 4 20 25 15 3 140
28 67 53 42.417 -122.54 423 355 380 380 2014 7 4 20 26 15 3 140
28 67 53 42.417 -122.54 423 355 380 380 2014 7 4 20 27 6 3 140
28 67 53 42.536 -122.55 425 355 380 380 2014 7 4 20 28 6 3 140
28 67 53 42.656 -122.57 426 355 380 380 2014 7 4 20 29 15 3 140
28 67 53 42.787 -122.59 427 355 380 380 2014 7 4 20 30 6 3 140
28 67 53 42.907 -122.6 429 354 380 380 2014 7 4 20 31 6 3 140
28 67 53 43.026 -122.61 431 354 380 380 2014 7 4 20 32 6 3 140
28 67 53 43.145 -122.63 431 355 380 380 2014 7 4 20 33 6 3 140
28 67 53 43.266 -122.64 432 354 380 380 2014 7 4 20 34 6 3 140
28 67 53 43.409 -122.66 432 354 380 380 2014 7 4 20 35 6 3 140
28 67 53 43.529 -122.68 432 354 380 380 2014 7 4 20 36 15 3 136
28 67 53 43.65 -122.69 433 354 357 380 2014 7 4 20 37 6 3 136
28 67 53 43.774 -122.71 443 355 322 380 2014 7 4 20 38 6 3 136
28 67 53 43.901 -122.72 454 354 298 380 2014 7 4 20 39 15 3 136
28 67 53 44.024 -122.73 452 354 275 380 2014 7 4 20 40 6 3 136
28 67 53 44.144 -122.75 442 355 252 380 2014 7 4 20 41 6 3 136
28 67 53 44.263 -122.74 436 355 231 380 2014 7 4 20 42 6 3 130
28 67 53 44.381 -122.73 428 359 210 380 2014 7 4 20 43 6 3 130
28 67 53 44.492 -122.72 412 3 190 380 2014 7 4 20 44 6 3 130
28 67 53 44.6 -122.71 397 3 174 380 2014 7 4 20 45 6 3 130
28 67 53 44.797 -122.69 365 3 140 380 2014 7 4 20 46 16 3 130
28 67 53 44.872 -122.68 357 3 127 380 2014 7 4 20 47 16 3 130
28 67 53 44.923 -122.68 366 3 118 380 2014 7 4 20 48 6 3 130
28 67 53 45.06 -122.66 310 5 102 380 2014 7 4 20 49 15 3 112
28 67 53 45.126 -122.62 293 17 93 380 2014 7 4 20 50 16 3 112
28 67 53 45.177 -122.58 298 22 83 380 2014 7 4 20 51 16 3 112
28 67 53 45.277 -122.52 285 22 66 380 2014 7 4 20 52 15 3 112
28 67 53 45.34 -122.46 248 30 60 380 2014 7 4 20 53 6 3 112
28 67 53 45.374 -122.42 246 34 55 380 2014 7 4 20 54 6 3 112
28 67 53 45.424 -122.36 237 38 45 380 2014 7 4 20 55 15 3 112
28 67 53 45.475 -122.31 230 37 37 380 2014 7 4 20 56 6 3 112
28 67 53 45.505 -122.36 183 0 29 380 2014 7 4 20 57 6 3 112
28 67 53 45.529 -122.43 169 296 22 380 2014 7 4 20 58 6 3 112
28 67 53 45.55 -122.48 159 299 14 380 2014 7 4 20 59 16 3 112
28 67 53 45.57 -122.53 156 300 6 380 2014 7 4 21 0 15 3 112
28 67 53 45.588 -122.58 149 297 380 380 2014 7 4 21 1 16 3 135
29 67 53 37.388 -121.96 169 322 15 340 2014 7 4 0 29 6 4 156
29 67 53 37.438 -121.97 213 318 31 340 2014 7 4 0 30 6 4 156
29 67 53 37.406 -121.89 229 350 58 340 2014 7 4 0 31 6 4 156
29 67 53 37.356 -121.85 240 71 88 340 2014 7 4 0 32 6 4 154
29 67 53 37.347 -121.92 259 130 111 340 2014 7 4 0 33 6 4 154
29 67 53 37.421 -121.95 286 202 125 340 2014 7 4 0 34 6 4 176
29 67 53 37.515 -121.96 329 309 139 340 2014 7 4 0 35 6 4 176
29 67 53 37.619 -121.97 369 349 162 340 2014 7 4 0 36 6 4 176
29 67 53 37.723 -121.99 374 354 185 340 2014 7 4 0 37 6 4 176
29 67 53 37.85 -122.01 382 353 210 340 2014 7 4 0 38 6 4 155
29 67 53 37.957 -122.02 388 353 226 340 2014 7 4 0 39 6 4 155
29 67 53 38.068 -122.04 401 353 240 340 2014 7 4 0 40 6 4 185
29 67 53 38.179 -122.05 401 357 240 340 2014 7 4 0 41 7 4 186
29 67 53 38.303 -122.07 436 353 263 340 2014 7 4 0 42 6 4 186
29 67 53 38.425 -122.08 439 353 275 340 2014 7 4 0 43 6 4 186
29 67 53 38.47 -121.93 439 68 275 340 2014 7 4 0 44 6 4 186
29 67 53 38.548 -122.06 445 18 286 340 2014 7 4 0 45 6 4 186
29 67 53 38.695 -122.08 444 1 303 340 2014 7 4 0 46 6 4 186
29 67 53 38.8 -122.09 442 359 314 340 2014 7 4 0 47 6 4 186
29 67 53 38.943 -122.11 429 355 327 340 2014 7 4 0 48 6 4 186
29 67 53 39.124 -122.13 436 354 336 340 2014 7 4 0 49 6 4 186
29 67 53 39.243 -122.14 435 355 340 340 2014 7 4 0 50 6 4 186
29 67 53 39.388 -122.16 433 354 340 340 2014 7 4 0 51 6 4 186
29 67 53 39.506 -122.17 432 354 340 340 2014 7 4 0 52 6 4 186
29 67 53 39.553 -122.18 433 354 340 340 2014 7 4 0 53 6 4 186
29 67 53 39.742 -122.2 429 354 340 340 2014 7 4 0 54 6 4 186
29 67 53 39.859 -122.22 428 354 340 340 2014 7 4 0 55 6 4 186
29 67 53 39.906 -122.22 427 354 340 340 2014 7 4 0 56 6 4 186
29 67 53 40.093 -122.24 427 355 340 340 2014 7 4 0 57 6 4 186
29 67 53 40.228 -122.26 428 356 340 340 2014 7 4 0 58 15 4 186
29 67 53 40.275 -122.26 435 355 340 340 2014 7 4 0 59 6 4 186
29 67 53 40.464 -122.29 427 354 340 340 2014 7 4 1 0 6 4 186
29 67 53 40.51 -122.29 427 354 340 340 2014 7 4 1 1 7 4 186
29 67 53 40.701 -122.32 427 355 340 340 2014 7 4 1 2 16 4 186
29 67 53 40.771 -122.32 429 354 340 340 2014 7 4 1 3 6 4 186
29 67 53 40.889 -122.34 429 354 340 340 2014 7 4 1 4 6 4 186
29 67 53 41.007 -122.35 428 355 340 340 2014 7 4 1 5 6 4 186
29 67 53 41.124 -122.37 427 354 340 340 2014 7 4 1 6 6 4 186
29 67 53 41.242 -122.38 427 354 340 340 2014 7 4 1 7 6 4 186
29 67 53 41.361 -122.4 427 354 340 340 2014 7 4 1 8 6 3 141
29 67 53 41.482 -122.41 432 354 340 340 2014 7 4 1 9 6 3 141
29 67 53 41.604 -122.42 435 354 340 340 2014 7 4 1 10 13 3 141
29 67 53 41.726 -122.44 439 354 340 340 2014 7 4 1 11 6 3 140
29 67 53 41.871 -122.46 437 354 340 340 2014 7 4 1 12 6 3 140
29 67 53 41.991 -122.47 431 354 340 340 2014 7 4 1 13 6 3 140
29 67 53 42.111 -122.49 430 355 340 340 2014 7 4 1 14 6 3 140
29 67 53 42.233 -122.5 432 354 340 340 2014 7 4 1 15 6 3 140
29 67 53 42.284 -122.51 438 354 340 340 2014 7 4 1 16 6 3 140
29 67 53 42.406 -122.52 436 354 340 340 2014 7 4 1 17 6 3 140
29 67 53 42.527 -122.54 436 355 340 340 2014 7 4 1 18 6 3 140
29 67 53 42.649 -122.55 437 354 340 340 2014 7 4 1 19 16 3 140
29 67 53 42.775 -122.57 437 354 340 340 2014 7 4 1 20 6 3 140
29 67 53 42.897 -122.58 440 354 340 340 2014 7 4 1 21 6 3 140
29 67 53 43.02 -122.6 441 354 340 340 2014 7 4 1 22 6 3 140
29 67 53 43.167 -122.62 440 354 340 340 2014 7 4 1 23 6 3 140
29 67 53 43.288 -122.64 435 354 340 340 2014 7 4 1 24 6 3 140
29 67 53 43.407 -122.65 434 354 340 340 2014 7 4 1 25 6 3 140
29 67 53 43.528 -122.67 433 354 340 340 2014 7 4 1 26 6 3 136
29 67 53 43.649 -122.69 438 354 340 340 2014 7 4 1 27 6 3 136
29 67 53 43.769 -122.7 435 354 340 340 2014 7 4 1 28 6 3 136
29 67 53 43.89 -122.72 436 354 329 340 2014 7 4 1 29 6 3 136
29 67 53 44.011 -122.73 436 354 301 340 2014 7 4 1 30 6 3 136
29 67 53 44.127 -122.75 428 354 279 340 2014 7 4 1 31 7 3 136
29 67 53 44.266 -122.74 418 354 251 340 2014 7 4 1 32 6 3 136
29 67 53 44.364 -122.73 418 0 232 340 2014 7 4 1 33 6 3 130
29 67 53 44.475 -122.72 403 2 210 340 2014 7 4 1 34 7 3 130
29 67 53 44.581 -122.71 386 3 192 340 2014 7 4 1 35 6 3 130
29 67 53 44.706 -122.7 362 4 171 340 2014 7 4 1 36 6 3 130
29 67 53 44.801 -122.69 362 4 151 340 2014 7 4 1 37 6 3 130
29 67 53 44.899 -122.68 356 4 132 340 2014 7 4 1 38 6 3 130
29 67 53 44.995 -122.67 334 4 119 340 2014 7 4 1 39 15 3 112
29 67 53 45.088 -122.66 314 3 102 340 2014 7 4 1 40 6 3 112
29 67 53 45.19 -122.65 300 4 86 340 2014 7 4 1 41 6 3 112
29 67 53 45.27 -122.62 296 5 71 340 2014 7 4 1 42 16 3 112
29 67 53 45.322 -122.58 291 11 60 340 2014 7 4 1 43 6 3 112
29 67 53 45.391 -122.52 275 31 49 340 2014 7 4 1 44 6 3 112
29 67 53 45.446 -122.46 237 32 38 340 2014 7 4 1 45 6 3 112
29 67 53 45.497 -122.42 222 35 25 340 2014 7 4 1 46 6 3 112
29 67 53 45.535 -122.44 168 26 20 340 2014 7 4 1 47 6 3 112
29 67 53 45.558 -122.5 133 298 11 340 2014 7 4 1 48 15 3 112
29 67 53 45.573 -122.54 137 300 5 340 2014 7 4 1 49 6 3 112
29 67 53 45.591 -122.59 136 298 340 340 2014 7 4 1 50 6 3 135
30 67 53 37.4 -121.97 195 0 22 400 2014 7 4 2 6 6 4 156
30 67 53 37.444 -121.94 231 357 41 400 2014 7 4 2 7 16 4 156
30 67 53 37.406 -121.88 226 21 51 400 2014 7 4 2 8 8 4 156
30 67 53 37.362 -121.83 226 137 78 400 2014 7 4 2 9 6 4 154
30 67 53 37.308 -121.82 235 131 106 400 2014 7 4 2 10 6 4 154
30 67 53 37.371 -121.84 235 344 106 400 2014 7 4 2 11 6 4 154
30 67 53 37.333 -121.9 253 136 140 400 2014 7 4 2 12 6 4 176
30 67 53 37.414 -121.93 302 244 154 400 2014 7 4 2 13 6 4 176
30 67 53 37.518 -121.94 363 320 174 400 2014 7 4 2 14 15 4 176
30 67 53 37.629 -121.96 396 350 203 400 2014 7 4 2 15 6 4 156
30 67 53 37.743 -121.98 409 353 227 400 2014 7 4 2 16 6 4 152
30 67 53 37.981 -122.01 436 353 270 400 2014 7 4 2 17 16 4 185
30 67 53 37.981 -122.01 436 353 270 400 2014 7 4 2 18 15 4 185
30 67 53 38.131 -122.03 453 354 293 400 2014 7 4 2 19 6 4 185
30 67 53 38.256 -122.05 456 353 315 400 2014 7 4 2 20 16 4 186
30 67 53 38.379 -122.07 454 353 333 400 2014 7 4 2 21 6 4 186
30 67 53 38.506 -122.09 455 353 348 400 2014 7 4 2 22 16 4 186
30 67 53 38.633 -122.1 458 353 368 400 2014 7 4 2 23 16 4 186
30 67 53 38.754 -122.11 446 354 383 400 2014 7 4 2 24 16 4 186
30 67 53 38.877 -122.13 444 355 395 400 2014 7 4 2 25 16 4 186
30 67 53 39.001 -122.14 444 355 400 400 2014 7 4 2 26 6 4 186
30 67 53 39.123 -122.16 440 355 400 400 2014 7 4 2 27 6 4 186
30 67 53 39.269 -122.17 439 354 400 400 2014 7 4 2 28 6 4 186
30 67 53 39.459 -122.19 443 354 400 400 2014 7 4 2 29 6 4 186
30 67 53 39.581 -122.21 441 355 400 400 2014 7 4 2 30 6 4 186
30 67 53 39.704 -122.22 439 355 400 400 2014 7 4 2 31 6 4 186
30 67 53 39.824 -122.23 436 355 400 400 2014 7 4 2 32 6 4 186
30 67 53 39.873 -122.24 436 354 400 400 2014 7 4 2 33 6 4 186
30 67 53 39.991 -122.25 431 355 400 400 2014 7 4 2 34 6 4 186
30 67 53 40.199 -122.27 437 354 400 400 2014 7 4 2 35 16 4 186
30 67 53 40.243 -122.28 428 355 400 400 2014 7 4 2 36 6 4 186
30 67 53 40.43 -122.3 422 355 400 400 2014 7 4 2 37 16 4 186
30 67 53 40.476 -122.31 425 354 400 400 2014 7 4 2 38 7 4 186
30 67 53 40.663 -122.33 422 355 400 400 2014 7 4 2 39 15 4 186
30 67 53 40.733 -122.33 422 354 400 400 2014 7 4 2 40 6 4 186
30 67 53 40.851 -122.35 424 354 400 400 2014 7 4 2 41 6 4 186
30 67 53 40.969 -122.36 425 355 400 400 2014 7 4 2 42 6 4 186
30 67 53 41.088 -122.38 427 354 400 400 2014 7 4 2 43 6 4 186
30 67 53 41.207 -122.39 430 354 400 400 2014 7 4 2 44 6 4 186
30 67 53 41.325 -122.41 429 355 400 400 2014 7 4 2 45 6 4 186
30 67 53 41.433 -122.42 426 354 400 400 2014 7 4 2 46 6 3 141
30 67 53 41.624 -122.44 426 354 400 400 2014 7 4 2 47 15 3 140
30 67 53 41.694 -122.45 428 355 400 400 2014 7 4 2 48 16 3 140
30 67 53 41.812 -122.46 427 354 400 400 2014 7 4 2 49 6 3 140
30 67 53 41.933 -122.48 428 355 400 400 2014 7 4 2 50 6 3 140
30 67 53 42.054 -122.49 431 354 400 400 2014 7 4 2 51 6 3 140
30 67 53 42.176 -122.51 434 354 400 400 2014 7 4 2 52 6 3 140
30 67 53 42.298 -122.52 436 354 400 400 2014 7 4 2 53 6 3 140
30 67 53 42.349 -122.53 441 354 400 400 2014 7 4 2 54 6 3 140
30 67 53 42.471 -122.54 441 355 400 400 2014 7 4 2 55 6 3 140
30 67 53 42.594 -122.56 442 355 400 400 2014 7 4 2 56 6 3 140
30 67 53 42.716 -122.57 440 355 400 400 2014 7 4 2 57 6 3 140
30 67 53 42.843 -122.59 439 354 400 400 2014 7 4 2 58 16 3 140
30 67 53 42.964 -122.6 440 354 400 400 2014 7 4 2 59 6 3 140
30 67 53 43.086 -122.62 441 355 400 400 2014 7 4 3 0 6 3 140
30 67 53 43.207 -122.63 441 354 400 400 2014 7 4 3 1 16 3 140
30 67 53 43.329 -122.65 442 354 400 400 2014 7 4 3 2 6 3 140
30 67 53 43.451 -122.66 442 355 400 400 2014 7 4 3 3 6 3 140
30 67 53 43.572 -122.68 441 354 386 400 2014 7 4 3 4 16 3 136
30 67 53 43.692 -122.69 436 354 360 400 2014 7 4 3 5 16 3 136
30 67 53 43.813 -122.71 435 354 329 400 2014 7 4 3 6 6 3 136
30 67 53 43.96 -122.73 441 354 301 400 2014 7 4 3 7 6 3 136
30 67 53 44.082 -122.74 442 354 278 400 2014 7 4 3 8 6 3 136
30 67 53 44.2 -122.75 431 354 256 400 2014 7 4 3 9 16 3 136
30 67 53 44.316 -122.73 423 356 233 400 2014 7 4 3 10 6 3 130
30 67 53 44.42 -122.72 415 1 213 400 2014 7 4 3 11 6 3 130
30 67 53 44.529 -122.72 401 3 192 400 2014 7 4 3 12 16 3 130
30 67 53 44.664 -122.7 373 4 171 400 2014 7 4 3 13 16 3 130
30 67 53 44.766 -122.69 363 3 151 400 2014 7 4 3 14 6 3 130
30 67 53 44.872 -122.68 356 4 131 400 2014 7 4 3 15 6 3 130
30 67 53 44.95 -122.67 356 3 119 400 2014 7 4 3 16 15 3 130
30 67 53 45.043 -122.66 325 4 105 400 2014 7 4 3 17 6 3 112
30 67 53 45.139 -122.65 302 4 91 400 2014 7 4 3 18 6 3 112
30 67 53 45.22 -122.65 288 4 77 400 2014 7 4 3 19 16 3 112
30 67 53 45.307 -122.59 277 18 61 400 2014 7 4 3 20 6 3 112
30 67 53 45.369 -122.54 265 32 53 400 2014 7 4 3 21 6 3 112
30 67 53 45.424 -122.49 226 32 50 400 2014 7 4 3 22 15 3 112
30 67 53 45.429 -122.43 238 32 45 400 2014 7 4 3 23 15 3 112
30 67 53 45.432 -122.34 227 95 40 400 2014 7 4 3 24 16 3 112
30 67 53 45.483 -122.36 200 54 35 400 2014 7 4 3 25 15 3 112
30 67 53 45.517 -122.42 190 328 25 400 2014 7 4 3 26 6 3 112
30 67 53 45.539 -122.48 171 301 16 400 2014 7 4 3 27 6 3 112
30 67 53 45.559 -122.53 150 301 9 400 2014 7 4 3 28 6 3 112
30 67 53 45.577 -122.57 129 299 2 400 2014 7 4 3 29 16 3 112
30 67 53 45.591 -122.61 129 299 400 400 2014 7 4 3 30 7 3 135
33 67 53 37.399 -121.97 186 0 15 380 2014 7 4 15 54 15 4 156
33 67 53 37.45 -121.96 238 319 32 380 2014 7 4 15 55 6 4 156
33 67 53 37.419 -121.89 243 350 50 380 2014 7 4 15 56 15 4 156
33 67 53 37.419 -121.89 243 350 50 380 2014 7 4 15 57 6 4 156
33 67 53 37.369 -121.82 256 73 49 380 2014 7 4 15 58 6 4 154
33 67 53 37.253 -121.77 248 132 92 380 2014 7 4 15 59 16 4 154
33 67 53 37.27 -121.85 295 160 108 380 2014 7 4 16 0 6 4 154
33 67 53 37.347 -121.92 336 241 129 380 2014 7 4 16 1 15 4 176
33 67 53 37.444 -121.95 365 324 154 380 2014 7 4 16 2 15 4 176
33 67 53 37.444 -121.95 365 324 154 380 2014 7 4 16 3 6 4 176
33 67 53 37.57 -121.97 375 342 186 380 2014 7 4 16 4 6 4 176
33 67 53 37.678 -121.99 388 349 209 380 2014 7 4 16 5 15 4 152
33 67 53 37.792 -122.01 408 353 232 380 2014 7 4 16 6 6 4 152
33 67 53 37.907 -122.02 418 353 254 380 2014 7 4 16 7 6 4 185
33 67 53 38.026 -122.03 427 353 273 380 2014 7 4 16 8 6 4 185
33 67 53 38.147 -122.02 436 356 290 380 2014 7 4 16 9 6 4 185
33 67 53 38.27 -122.01 445 0 305 380 2014 7 4 16 10 6 4 186
33 67 53 38.421 -122 450 1 328 380 2014 7 4 16 11 6 4 186
33 67 53 38.544 -121.99 448 3 344 380 2014 7 4 16 12 15 4 186
33 67 53 38.668 -121.98 448 3 357 380 2014 7 4 16 13 15 4 186
33 67 53 38.796 -121.99 446 3 373 380 2014 7 4 16 14 6 4 186
33 67 53 38.918 -122.01 443 26 380 380 2014 7 4 16 15 16 4 186
33 67 53 39.04 -122.03 440 354 380 380 2014 7 4 16 16 6 4 186
33 67 53 39.161 -122.04 438 354 380 380 2014 7 4 16 17 15 4 186
33 67 53 39.282 -122.06 436 354 380 380 2014 7 4 16 18 6 4 186
33 67 53 39.46 -122.08 434 354 380 380 2014 7 4 16 19 15 4 186
33 67 53 39.581 -122.1 436 354 380 380 2014 7 4 16 20 6 4 186
33 67 53 39.652 -122.11 436 354 380 380 2014 7 4 16 21 6 4 186
33 67 53 39.846 -122.13 437 354 380 380 2014 7 4 16 22 16 4 186
33 67 53 39.894 -122.14 438 354 380 380 2014 7 4 16 23 6 4 186
33 67 53 40.085 -122.16 436 354 380 380 2014 7 4 16 24 15 4 186
33 67 53 40.207 -122.18 451 354 380 380 2014 7 4 16 25 15 4 186
33 67 53 40.328 -122.2 450 353 380 380 2014 7 4 16 26 15 4 186
33 67 53 40.4 -122.21 450 353 380 380 2014 7 4 16 27 6 4 186
33 67 53 40.594 -122.23 443 353 380 380 2014 7 4 16 28 16 4 186
33 67 53 40.643 -122.24 444 354 380 380 2014 7 4 16 29 6 4 186
33 67 53 40.839 -122.27 443 353 380 380 2014 7 4 16 30 16 4 186
33 67 53 40.887 -122.27 443 354 380 380 2014 7 4 16 31 6 4 186
33 67 53 41.083 -122.31 443 353 380 380 2014 7 4 16 32 16 4 186
33 67 53 41.207 -122.32 445 352 380 380 2014 7 4 16 33 6 4 186
33 67 53 41.281 -122.33 447 353 380 380 2014 7 4 16 34 16 4 186
33 67 53 41.407 -122.35 447 354 380 380 2014 7 4 16 35 15 3 141
33 67 53 41.53 -122.37 447 354 380 380 2014 7 4 16 36 6 3 141
33 67 53 41.654 -122.38 448 354 380 380 2014 7 4 16 37 16 3 141
33 67 53 41.778 -122.4 448 354 380 380 2014 7 4 16 38 6 3 141
33 67 53 41.829 -122.41 447 354 380 380 2014 7 4 16 39 6 3 141
33 67 53 42.029 -122.44 448 354 380 380 2014 7 4 16 40 7 3 141
33 67 53 42.204 -122.46 448 353 380 380 2014 7 4 16 41 15 3 141
33 67 53 42.328 -122.48 448 353 380 380 2014 7 4 16 42 16 3 140
33 67 53 42.328 -122.48 446 353 380 380 2014 7 4 16 43 6 3 140
33 67 53 42.451 -122.5 444 354 380 380 2014 7 4 16 44 16 3 140
33 67 53 42.573 -122.51 443 355 380 380 2014 7 4 16 45 6 3 140
33 67 53 42.695 -122.53 442 353 380 380 2014 7 4 16 46 15 3 140
33 67 53 42.833 -122.55 441 353 380 380 2014 7 4 16 47 6 3 140
33 67 53 42.954 -122.57 443 353 380 380 2014 7 4 16 48 6 3 140
33 67 53 43.076 -122.59 442 354 380 380 2014 7 4 16 49 15 3 140
33 67 53 43.197 -122.61 441 353 380 380 2014 7 4 16 50 6 3 140
33 67 53 43.319 -122.63 443 353 380 380 2014 7 4 16 51 6 3 140
33 67 53 43.441 -122.64 444 353 380 380 2014 7 4 16 52 6 3 140
33 67 53 43.562 -122.66 443 353 370 380 2014 7 4 16 53 15 3 136
33 67 53 43.681 -122.68 435 353 344 380 2014 7 4 16 54 16 3 136
33 67 53 43.801 -122.7 434 353 317 380 2014 7 4 16 55 6 3 136
33 67 53 43.944 -122.72 434 353 291 380 2014 7 4 16 56 6 3 136
33 67 53 44.057 -122.74 415 353 270 380 2014 7 4 16 57 16 3 136
33 67 53 44.167 -122.75 404 353 251 380 2014 7 4 16 58 16 3 136
33 67 53 44.277 -122.74 400 354 231 380 2014 7 4 16 59 15 3 130
33 67 53 44.384 -122.73 401 359 211 380 2014 7 4 17 0 6 3 130
33 67 53 44.491 -122.72 392 4 192 380 2014 7 4 17 1 6 3 130
33 67 53 44.599 -122.71 386 3 176 380 2014 7 4 17 2 6 3 130
33 67 53 44.695 -122.7 367 3 159 380 2014 7 4 17 3 6 3 130
33 67 53 44.791 -122.69 357 4 142 380 2014 7 4 17 4 6 3 130
33 67 53 44.903 -122.68 344 3 121 380 2014 7 4 17 5 15 3 130
33 67 53 44.996 -122.67 316 4 112 380 2014 7 4 17 6 15 3 112
33 67 53 45.122 -122.65 290 4 93 380 2014 7 4 17 7 16 3 112
33 67 53 45.158 -122.65 287 5 87 380 2014 7 4 17 8 6 3 112
33 67 53 45.235 -122.64 281 3 74 380 2014 7 4 17 9 15 3 112
33 67 53 45.307 -122.59 273 14 60 380 2014 7 4 17 10 16 3 112
33 67 53 45.369 -122.53 267 32 57 380 2014 7 4 17 11 16 3 112
33 67 53 45.429 -122.48 263 33 48 380 2014 7 4 17 12 16 3 112
33 67 53 45.484 -122.43 236 31 40 380 2014 7 4 17 13 7 3 112
33 67 53 45.534 -122.46 208 20 22 380 2014 7 4 17 14 16 3 112
33 67 53 45.559 -122.53 195 308 9 380 2014 7 4 17 15 8 3 112
33 67 53 45.579 -122.58 154 298 1 380 2014 7 4 17 16 6 3 112
33 67 53 45.597 -122.63 150 299 380 380 2014 7 4 17 17 15 3 135
34 67 53 37.383 -121.95 151 0 16 240 2014 7 4 17 5 15 4 156
34 67 53 37.435 -121.96 208 337 34 240 2014 7 4 17 6 15 4 156
34 67 53 37.409 -121.9 211 348 49 240 2014 7 4 17 7 16 4 156
34 67 53 37.366 -121.84 211 115 72 240 2014 7 4 17 8 6 4 154
34 67 53 37.324 -121.83 216 124 91 240 2014 7 4 17 9 15 4 154
34 67 53 37.344 -121.9 210 123 108 240 2014 7 4 17 10 16 4 154
34 67 53 37.385 -121.95 214 246 124 240 2014 7 4 17 11 16 4 156
34 67 53 37.455 -121.96 238 302 133 240 2014 7 4 17 12 16 4 176
34 67 53 37.526 -121.96 252 337 144 240 2014 7 4 17 13 7 4 176
34 67 53 37.601 -121.97 263 356 156 240 2014 7 4 17 14 16 4 176
34 67 53 37.673 -121.98 265 355 168 240 2014 7 4 17 15 8 4 176
34 67 53 37.76 -121.99 264 354 181 240 2014 7 4 17 16 6 4 152
34 67 53 37.833 -122 264 356 190 240 2014 7 4 17 17 15 4 155
34 67 53 37.907 -122.01 266 355 199 240 2014 7 4 17 18 6 4 155
34 67 53 37.98 -122.01 266 355 199 240 2014 7 4 17 19 6 4 171
34 67 53 38.056 -122.02 269 355 217 240 2014 7 4 17 20 16 4 155
34 67 53 38.13 -122.03 269 355 225 240 2014 7 4 17 21 6 4 155
34 67 53 38.205 -122.04 269 354 233 240 2014 7 4 17 22 16 4 155
34 67 53 38.279 -122.05 269 355 233 240 2014 7 4 17 23 6 4 164
34 67 53 38.294 -122.05 269 355 240 240 2014 7 4 17 24 6 4 186
34 67 53 38.459 -122.07 301 355 240 240 2014 7 4 17 25 16 4 186
34 67 53 38.459 -122.07 301 355 240 240 2014 7 4 17 26 6 4 186
34 67 53 38.549 -122.08 319 354 240 240 2014 7 4 17 27 6 4 186
34 67 53 38.639 -122.08 321 355 240 240 2014 7 4 17 28 6 4 186
34 67 53 38.83 -122.11 320 355 240 240 2014 7 4 17 29 15 4 186
34 67 53 38.918 -122.12 320 355 240 240 2014 7 4 17 30 16 4 186
34 67 53 38.919 -122.12 320 354 240 240 2014 7 4 17 31 6 4 186
34 67 53 39.008 -122.13 319 355 240 240 2014 7 4 17 32 15 4 186
34 67 53 39.096 -122.14 319 355 240 240 2014 7 4 17 33 15 4 186
34 67 53 39.186 -122.15 320 354 240 240 2014 7 4 17 34 6 4 186
34 67 53 39.275 -122.16 320 354 240 240 2014 7 4 17 35 15 4 186
34 67 53 39.396 -122.17 325 355 240 240 2014 7 4 17 36 6 4 186
34 67 53 39.485 -122.18 324 354 240 240 2014 7 4 17 37 16 4 186
34 67 53 39.574 -122.19 322 356 240 240 2014 7 4 17 38 6 4 186
34 67 53 39.644 -122.2 320 354 240 240 2014 7 4 17 39 15 4 186
34 67 53 39.752 -122.21 323 353 240 240 2014 7 4 17 40 6 4 186
34 67 53 39.841 -122.22 323 355 240 240 2014 7 4 17 41 6 4 186
34 67 53 39.93 -122.23 324 355 240 240 2014 7 4 17 42 16 4 186
34 67 53 40.034 -122.24 319 354 240 240 2014 7 4 17 43 6 4 186
34 67 53 40.12 -122.25 321 355 240 240 2014 7 4 17 44 6 4 186
34 67 53 40.213 -122.26 350 354 240 240 2014 7 4 17 45 6 4 186
34 67 53 40.3 -122.28 328 354 240 240 2014 7 4 17 46 6 4 186
34 67 53 40.389 -122.29 326 354 240 240 2014 7 4 17 47 16 4 186
34 67 53 40.479 -122.3 326 354 240 240 2014 7 4 17 48 6 4 186
34 67 53 40.587 -122.31 325 355 240 240 2014 7 4 17 49 6 4 186
34 67 53 40.677 -122.32 326 355 240 240 2014 7 4 17 50 16 4 186
34 67 53 40.748 -122.33 325 354 240 240 2014 7 4 17 51 6 4 186
34 67 53 40.857 -122.34 325 355 240 240 2014 7 4 17 52 6 4 186
34 67 53 40.946 -122.35 325 354 240 240 2014 7 4 17 53 6 4 186
34 67 53 41.036 -122.36 325 355 240 240 2014 7 4 17 54 15 4 186
34 67 53 41.127 -122.37 325 353 240 240 2014 7 4 17 55 15 4 186
34 67 53 41.216 -122.39 324 354 240 240 2014 7 4 17 56 6 4 186
34 67 53 41.306 -122.4 324 355 240 240 2014 7 4 17 57 16 4 186
34 67 53 41.386 -122.4 324 354 240 240 2014 7 4 17 58 6 3 141
34 67 53 41.476 -122.41 324 355 240 240 2014 7 4 17 59 6 3 141
34 67 53 41.584 -122.43 321 354 240 240 2014 7 4 18 0 16 3 141
34 67 53 41.655 -122.44 323 354 240 240 2014 7 4 18 1 6 3 140
34 67 53 41.746 -122.45 325 355 240 240 2014 7 4 18 2 8 3 140
34 67 53 41.837 -122.46 326 354 240 240 2014 7 4 18 3 6 3 140
34 67 53 41.856 -122.46 326 354 240 240 2014 7 4 18 4 6 3 140
34 67 53 42.021 -122.48 328 355 240 240 2014 7 4 18 5 15 3 140
34 67 53 42.131 -122.5 329 354 240 240 2014 7 4 18 6 15 3 140
34 67 53 42.132 -122.49 330 355 240 240 2014 7 4 18 7 6 3 140
34 67 53 42.242 -122.51 330 354 240 240 2014 7 4 18 8 6 3 140
34 67 53 42.334 -122.52 330 354 240 240 2014 7 4 18 9 16 3 140
34 67 53 42.426 -122.53 330 355 240 240 2014 7 4 18 10 16 3 140
34 67 53 42.519 -122.54 330 356 240 240 2014 7 4 18 11 15 3 140
34 67 53 42.61 -122.55 330 354 240 240 2014 7 4 18 12 16 3 140
34 67 53 42.703 -122.56 330 354 240 240 2014 7 4 18 13 6 3 140
34 67 53 42.795 -122.58 330 354 240 240 2014 7 4 18 14 16 3 140
34 67 53 42.888 -122.59 331 354 240 240 2014 7 4 18 15 16 3 140
34 67 53 42.981 -122.6 331 354 240 240 2014 7 4 18 16 16 3 140
34 67 53 43.073 -122.61 332 355 240 240 2014 7 4 18 17 6 3 140
34 67 53 43.164 -122.62 331 354 240 240 2014 7 4 18 18 6 3 140
34 67 53 43.276 -122.64 332 354 240 240 2014 7 4 18 19 16 3 140
34 67 53 43.368 -122.65 332 354 240 240 2014 7 4 18 20 15 3 140
34 67 53 43.459 -122.66 330 354 240 240 2014 7 4 18 21 6 3 140
34 67 53 43.55 -122.67 328 354 240 240 2014 7 4 18 22 6 3 136
34 67 53 43.642 -122.68 333 354 240 240 2014 7 4 18 23 6 3 136
34 67 53 43.734 -122.7 332 354 240 240 2014 7 4 18 24 15 3 136
34 67 53 43.826 -122.71 332 354 240 240 2014 7 4 18 25 15 3 136
34 67 53 43.918 -122.72 332 354 240 240 2014 7 4 18 26 6 3 136
34 67 53 44.009 -122.73 331 354 240 240 2014 7 4 18 27 16 3 136
34 67 53 44.119 -122.75 331 354 240 240 2014 7 4 18 28 6 3 136
34 67 53 44.212 -122.75 333 354 240 240 2014 7 4 18 29 6 3 136
34 67 53 44.306 -122.73 333 356 240 240 2014 7 4 18 30 6 3 136
34 67 53 44.403 -122.73 337 2 240 240 2014 7 4 18 31 15 3 136
34 67 53 44.499 -122.72 346 4 226 240 2014 7 4 18 32 6 3 130
34 67 53 44.633 -122.71 377 3 201 240 2014 7 4 18 33 6 3 130
34 67 53 44.737 -122.7 377 4 201 240 2014 7 4 18 34 6 3 130
34 67 53 44.813 -122.69 377 4 166 240 2014 7 4 18 35 16 3 130
34 67 53 44.965 -122.61 358 17 137 240 2014 7 4 18 36 16 3 130
34 67 53 45.052 -122.55 346 25 119 240 2014 7 4 18 37 16 3 112
34 67 53 45.103 -122.51 350 26 108 240 2014 7 4 18 38 6 3 112
34 67 53 45.184 -122.47 308 28 93 240 2014 7 4 18 39 16 3 112
34 67 53 45.285 -122.45 275 9 71 240 2014 7 4 18 40 15 3 112
34 67 53 45.285 -122.45 275 9 71 240 2014 7 4 18 41 6 3 112
34 67 53 45.41 -122.4 260 13 47 240 2014 7 4 18 42 16 3 112
34 67 53 45.438 -122.39 231 18 42 240 2014 7 4 18 43 15 3 112
34 67 53 45.491 -122.38 186 17 32 240 2014 7 4 18 44 6 3 112
34 67 53 45.533 -122.46 164 307 20 240 2014 7 4 18 45 6 3 112
34 67 53 45.552 -122.51 145 299 13 240 2014 7 4 18 46 6 3 112
34 67 53 45.568 -122.55 124 299 6 240 2014 7 4 18 47 16 3 112
34 67 53 45.576 -122.57 115 298 3 240 2014 7 4 18 48 6 3 112
34 67 53 45.584 -122.59 122 300 240 240 2014 7 4 18 49 6 3 135
35 67 53 37.381 -121.95 135 322 18 240 2014 7 4 20 17 6 4 156
35 67 53 37.427 -121.97 189 313 36 240 2014 7 4 20 18 6 4 156
35 67 53 37.479 -121.97 189 358 36 240 2014 7 4 20 19 6 4 156
35 67 53 37.366 -121.84 216 63 79 240 2014 7 4 20 20 16 4 154
35 67 53 37.32 -121.82 218 120 99 240 2014 7 4 20 21 16 4 154
35 67 53 37.336 -121.89 224 144 117 240 2014 7 4 20 22 6 4 154
35 67 53 37.381 -121.95 232 234 132 240 2014 7 4 20 23 6 4 176
35 67 53 37.452 -121.95 256 300 145 240 2014 7 4 20 24 6 4 176
35 67 53 37.524 -121.96 258 336 160 240 2014 7 4 20 25 15 4 176
35 67 53 37.596 -121.97 258 355 160 240 2014 7 4 20 26 15 4 176
35 67 53 37.595 -121.97 258 356 172 240 2014 7 4 20 27 6 4 176
35 67 53 37.667 -121.98 258 355 180 240 2014 7 4 20 28 6 4 176
35 67 53 37.838 -121.99 281 355 202 240 2014 7 4 20 29 15 4 155
35 67 53 37.838 -121.99 281 355 202 240 2014 7 4 20 30 6 4 155
35 67 53 37.916 -122 281 355 211 240 2014 7 4 20 31 6 4 155
35 67 53 37.994 -122.01 281 355 220 240 2014 7 4 20 32 6 4 171
35 67 53 38.072 -122.02 282 354 229 240 2014 7 4 20 33 6 4 155
35 67 53 38.151 -122.03 282 355 237 240 2014 7 4 20 34 6 4 155
35 67 53 38.231 -122.04 287 355 240 240 2014 7 4 20 35 6 4 186
35 67 53 38.319 -122.05 312 355 240 240 2014 7 4 20 36 15 4 186
35 67 53 38.428 -122.06 327 355 240 240 2014 7 4 20 37 6 4 186
35 67 53 38.522 -122.07 333 355 240 240 2014 7 4 20 38 6 4 186
35 67 53 38.616 -122.08 337 354 240 240 2014 7 4 20 39 15 4 186
35 67 53 38.717 -122.09 343 354 240 240 2014 7 4 20 40 6 4 186
35 67 53 38.813 -122.1 344 354 240 240 2014 7 4 20 41 6 4 186
35 67 53 38.91 -122.11 345 354 240 240 2014 7 4 20 42 6 4 186
35 67 53 39.007 -122.12 346 354 240 240 2014 7 4 20 43 6 4 186
35 67 53 39.103 -122.13 346 355 240 240 2014 7 4 20 44 6 4 186
35 67 53 39.201 -122.14 347 355 240 240 2014 7 4 20 45 6 4 186
35 67 53 39.298 -122.16 349 355 240 240 2014 7 4 20 46 16 4 186
35 67 53 39.439 -122.17 352 354 240 240 2014 7 4 20 47 16 4 186
35 67 53 39.537 -122.18 353 354 240 240 2014 7 4 20 48 6 4 186
35 67 53 39.634 -122.19 352 354 240 240 2014 7 4 20 49 15 4 186
35 67 53 39.751 -122.21 354 354 240 240 2014 7 4 20 50 16 4 186
35 67 53 39.849 -122.22 355 355 240 240 2014 7 4 20 51 16 4 186
35 67 53 39.946 -122.23 354 354 240 240 2014 7 4 20 52 15 4 186
35 67 53 40.042 -122.24 354 355 240 240 2014 7 4 20 53 6 4 186
35 67 53 40.138 -122.24 384 355 240 240 2014 7 4 20 54 6 4 186
35 67 53 40.235 -122.26 368 354 240 240 2014 7 4 20 55 15 4 186
35 67 53 40.351 -122.28 355 353 240 240 2014 7 4 20 56 6 4 186
35 67 53 40.41 -122.28 355 354 240 240 2014 7 4 20 57 6 4 186
35 67 53 40.507 -122.3 355 354 240 240 2014 7 4 20 58 6 4 186
35 67 53 40.606 -122.31 355 354 240 240 2014 7 4 20 59 16 4 186
35 67 53 40.704 -122.32 355 355 240 240 2014 7 4 21 0 15 4 186
35 67 53 40.842 -122.34 355 354 240 240 2014 7 4 21 1 16 4 186
35 67 53 40.901 -122.34 355 354 240 240 2014 7 4 21 2 15 4 186
35 67 53 40.999 -122.36 356 355 240 240 2014 7 4 21 3 6 4 186
35 67 53 41.136 -122.37 355 355 240 240 2014 7 4 21 4 15 4 186
35 67 53 41.195 -122.38 356 355 240 240 2014 7 4 21 5 15 4 186
35 67 53 41.292 -122.39 355 355 240 240 2014 7 4 21 6 6 4 186
35 67 53 41.4 -122.4 356 354 240 240 2014 7 4 21 7 6 3 141
35 67 53 41.499 -122.42 356 354 240 240 2014 7 4 21 8 6 3 141
35 67 53 41.598 -122.43 356 354 240 240 2014 7 4 21 9 18 3 141
35 67 53 41.697 -122.44 355 355 240 240 2014 7 4 21 10 15 3 140
35 67 53 41.738 -122.45 356 354 240 240 2014 7 4 21 11 6 3 140
35 67 53 41.898 -122.47 360 354 240 240 2014 7 4 21 12 16 3 140
35 67 53 41.998 -122.48 360 355 240 240 2014 7 4 21 13 6 3 140
35 67 53 42.119 -122.49 360 354 240 240 2014 7 4 21 14 15 3 140
35 67 53 42.22 -122.51 361 354 240 240 2014 7 4 21 15 15 3 140
35 67 53 42.32 -122.52 360 355 240 240 2014 7 4 21 16 16 3 140
35 67 53 42.342 -122.52 362 355 240 240 2014 7 4 21 17 16 3 140
35 67 53 42.442 -122.53 361 354 240 240 2014 7 4 21 18 6 3 140
35 67 53 42.561 -122.54 358 355 240 240 2014 7 4 21 19 6 3 140
35 67 53 42.66 -122.56 358 354 240 240 2014 7 4 21 20 16 3 140
35 67 53 42.751 -122.57 357 354 240 240 2014 7 4 21 21 15 3 140
35 67 53 42.85 -122.58 357 354 240 240 2014 7 4 21 22 6 3 140
35 67 53 42.949 -122.59 358 354 240 240 2014 7 4 21 23 6 3 140
35 67 53 43.049 -122.61 359 354 240 240 2014 7 4 21 24 6 3 140
35 67 53 43.149 -122.62 359 354 240 240 2014 7 4 21 25 15 3 140
35 67 53 43.247 -122.63 358 354 240 240 2014 7 4 21 26 15 3 140
35 67 53 43.366 -122.65 357 354 240 240 2014 7 4 21 27 16 3 140
35 67 53 43.466 -122.66 358 354 240 240 2014 7 4 21 28 6 3 140
35 67 53 43.566 -122.67 358 354 240 240 2014 7 4 21 29 6 3 136
35 67 53 43.665 -122.69 358 354 240 240 2014 7 4 21 30 6 3 136
35 67 53 43.764 -122.7 360 354 240 240 2014 7 4 21 31 6 3 136
35 67 53 43.864 -122.71 361 354 240 240 2014 7 4 21 32 15 3 136
35 67 53 43.964 -122.73 361 354 240 240 2014 7 4 21 33 6 3 136
35 67 53 44.064 -122.74 362 354 240 240 2014 7 4 21 34 6 3 136
35 67 53 44.165 -122.75 363 354 240 240 2014 7 4 21 35 18 3 136
35 67 53 44.268 -122.74 369 354 240 240 2014 7 4 21 36 6 3 136
35 67 53 44.382 -122.73 370 0 240 240 2014 7 4 21 37 16 3 136
35 67 53 44.489 -122.72 380 4 224 240 2014 7 4 21 38 16 3 130
35 67 53 44.596 -122.71 387 3 205 240 2014 7 4 21 39 16 3 130
35 67 53 44.702 -122.7 386 3 186 240 2014 7 4 21 40 6 3 130
35 67 53 44.811 -122.69 389 3 167 240 2014 7 4 21 41 6 3 130
35 67 53 44.918 -122.67 393 5 147 240 2014 7 4 21 42 16 3 130
35 67 53 45.031 -122.66 366 2 125 240 2014 7 4 21 43 16 3 112
35 67 53 45.121 -122.66 329 4 108 240 2014 7 4 21 44 18 3 112
35 67 53 45.211 -122.65 300 3 91 240 2014 7 4 21 45 6 3 112
35 67 53 45.287 -122.61 295 5 75 240 2014 7 4 21 46 6 3 112
35 67 53 45.349 -122.55 273 32 60 240 2014 7 4 21 47 6 3 112
35 67 53 45.408 -122.5 252 33 49 240 2014 7 4 21 48 6 3 112
35 67 53 45.436 -122.46 227 32 45 240 2014 7 4 21 49 15 3 112
35 67 53 45.44 -122.35 224 106 34 240 2014 7 4 21 50 16 3 112
35 67 53 45.493 -122.35 221 34 30 240 2014 7 4 21 51 6 3 112
35 67 53 45.519 -122.42 208 311 24 240 2014 7 4 21 52 16 3 112
35 67 53 45.545 -122.49 186 298 14 240 2014 7 4 21 53 6 3 112
35 67 53 45.559 -122.53 122 298 10 240 2014 7 4 21 54 6 3 112
35 67 53 45.572 -122.57 106 299 4 240 2014 7 4 21 55 6 3 112
35 67 53 45.612 -122.6 127 299 240 240 2014 7 4 21 56 15 3 135
