3 67 71 37.383 -121.95 162 0 14 390 2014 7 1 1 43 16 4 156
3 67 71 37.446 -121.95 208 328 50 390 2014 7 1 1 44 15 4 156
3 67 71 37.433 -121.92 225 2 51 390 2014 7 1 1 45 6 4 156
3 67 71 37.383 -121.85 226 124 54 390 2014 7 1 1 46 7 4 154
3 67 71 37.333 -121.8 256 138 81 390 2014 7 1 1 47 7 4 154
3 67 71 37.283 -121.73 299 137 108 390 2014 7 1 1 48 6 4 154
3 67 71 37.241 -121.69 296 133 124 390 2014 7 1 1 49 6 4 154
3 67 71 37.175 -121.62 333 139 153 390 2014 7 1 1 50 6 4 174
3 67 71 37.086 -121.52 348 137 192 390 2014 7 1 1 51 6 4 174
3 67 71 37.012 -121.44 361 140 221 390 2014 7 1 1 52 16 4 168
3 67 71 36.927 -121.34 385 137 244 390 2014 7 1 1 53 6 4 168
3 67 71 36.839 -121.25 404 139 267 390 2014 7 1 1 54 6 4 168
3 67 71 36.749 -121.16 424 140 288 390 2014 7 1 1 55 15 4 189
3 67 71 36.657 -121.06 435 138 310 390 2014 7 1 1 56 7 4 189
3 67 71 36.564 -120.95 441 138 333 390 2014 7 1 1 57 6 4 189
3 67 71 36.472 -120.85 441 138 353 390 2014 7 1 1 58 6 4 189
3 67 71 36.361 -120.73 443 139 370 390 2014 7 1 1 59 6 4 189
3 67 71 36.266 -120.63 448 139 370 390 2014 7 1 2 0 6 4 189
3 67 71 36.19 -120.55 448 138 370 390 2014 7 1 2 1 6 4 189
3 67 71 36.076 -120.43 448 140 378 390 2014 7 1 2 2 6 4 189
3 67 71 35.981 -120.33 447 139 390 390 2014 7 1 2 3 6 4 189
3 67 71 35.885 -120.23 449 139 390 390 2014 7 1 2 4 16 4 189
3 67 71 35.788 -120.13 449 139 390 390 2014 7 1 2 5 6 4 189
3 67 71 35.692 -120.02 450 139 390 390 2014 7 1 2 6 6 1 54
3 67 71 35.593 -119.93 452 141 390 390 2014 7 1 2 7 6 1 54
3 67 71 35.491 -119.84 449 144 390 390 2014 7 1 2 8 6 1 54
3 67 71 35.368 -119.74 447 144 390 390 2014 7 1 2 9 6 1 54
3 67 71 35.266 -119.65 447 145 390 390 2014 7 1 2 10 16 1 54
3 67 71 35.163 -119.56 447 145 390 390 2014 7 1 2 11 6 1 54
3 67 71 35.061 -119.47 447 144 390 390 2014 7 1 2 12 6 1 54
3 67 71 34.956 -119.39 448 146 390 390 2014 7 1 2 13 6 1 54
3 67 71 34.856 -119.3 447 145 375 390 2014 7 1 2 14 16 1 54
3 67 71 34.776 -119.23 447 144 353 390 2014 7 1 2 15 6 1 54
3 67 71 34.636 -119.12 445 144 311 390 2014 7 1 2 16 6 1 54
3 67 71 34.535 -119.03 445 145 311 390 2014 7 1 2 17 6 1 54
3 67 71 34.527 -119.02 450 145 285 390 2014 7 1 2 18 6 1 54
3 67 71 34.429 -118.94 433 145 261 390 2014 7 1 2 19 6 1 54
3 67 71 34.33 -118.87 421 145 237 390 2014 7 1 2 20 6 1 25
3 67 71 34.225 -118.83 397 147 214 390 2014 7 1 2 21 6 1 25
3 67 71 34.083 -118.78 370 163 182 390 2014 7 1 2 22 6 1 25
3 67 71 33.983 -118.73 361 163 157 390 2014 7 1 2 23 16 1 25
3 67 71 33.883 -118.7 353 163 140 390 2014 7 1 2 24 6 1 24
3 67 71 33.8 -118.68 343 163 140 390 2014 7 1 2 25 6 1 24
3 67 71 33.7 -118.65 340 163 136 390 2014 7 1 2 26 6 1 2
3 67 71 33.617 -118.6 339 163 125 390 2014 7 1 2 27 16 1 2
3 67 71 33.567 -118.52 335 131 104 390 2014 7 1 2 28 15 1 2
3 67 71 33.533 -118.42 306 116 93 390 2014 7 1 2 29 16 1 2
3 67 71 33.517 -118.32 293 104 75 390 2014 7 1 2 30 16 1 2
3 67 71 33.55 -118.23 286 68 55 390 2014 7 1 2 31 6 1 2
3 67 71 33.583 -118.15 270 63 50 390 2014 7 1 2 32 6 1 2
3 67 71 33.617 -118.08 241 63 50 390 2014 7 1 2 33 6 1 2
3 67 71 33.667 -118.02 241 56 50 390 2014 7 1 2 34 6 1 2
3 67 71 33.712 -117.97 244 36 46 390 2014 7 1 2 35 6 1 2
3 67 71 33.763 -117.92 239 39 37 390 2014 7 1 2 36 7 1 2
3 67 71 33.809 -117.87 225 39 32 390 2014 7 1 2 37 6 1 2
3 67 71 33.792 -117.82 193 128 23 390 2014 7 1 2 38 16 1 2
3 67 71 33.75 -117.82 159 183 15 390 2014 7 1 2 39 6 1 2
3 67 71 33.717 -117.85 124 209 9 390 2014 7 1 2 40 6 1 2
3 67 71 33.691 -117.86 130 210 3 390 2014 7 1 2 41 6 1 2
6 67 71 37.383 -121.97 179 0 21 410 2014 7 1 4 37 15 4 156
6 67 71 37.433 -121.97 233 305 51 410 2014 7 1 4 38 15 4 156
6 67 71 37.417 -121.9 246 39 55 410 2014 7 1 4 39 6 4 156
6 67 71 37.375 -121.86 260 107 81 410 2014 7 1 4 40 6 4 154
6 67 71 37.308 -121.78 283 138 133 410 2014 7 1 4 41 6 4 154
6 67 71 37.251 -121.72 281 138 173 410 2014 7 1 4 42 6 4 174
6 67 71 37.187 -121.65 294 136 195 410 2014 7 1 4 43 15 4 174
6 67 71 37.11 -121.56 354 139 223 410 2014 7 1 4 44 16 4 168
6 67 71 37.02 -121.46 393 138 251 410 2014 7 1 4 45 16 4 168
6 67 71 36.933 -121.37 409 138 278 410 2014 7 1 4 46 6 4 168
6 67 71 36.843 -121.27 425 138 303 410 2014 7 1 4 47 6 4 189
6 67 71 36.749 -121.17 437 138 324 410 2014 7 1 4 48 16 4 189
6 67 71 36.673 -121.09 443 138 344 410 2014 7 1 4 49 15 4 189
6 67 71 36.561 -120.96 448 138 366 410 2014 7 1 4 50 16 4 189
6 67 71 36.464 -120.86 455 139 381 410 2014 7 1 4 51 6 4 189
6 67 71 36.368 -120.75 460 137 396 410 2014 7 1 4 52 6 4 189
6 67 71 36.268 -120.64 467 138 410 410 2014 7 1 4 53 6 4 189
6 67 71 36.171 -120.54 467 139 410 410 2014 7 1 4 54 16 4 189
6 67 71 36.074 -120.43 465 138 410 410 2014 7 1 4 55 15 4 189
6 67 71 35.976 -120.33 458 139 410 410 2014 7 1 4 56 6 4 189
6 67 71 35.861 -120.21 461 138 410 410 2014 7 1 4 57 16 4 189
6 67 71 35.763 -120.1 461 139 410 410 2014 7 1 4 58 6 4 189
6 67 71 35.665 -120 461 139 410 410 2014 7 1 4 59 6 1 54
6 67 71 35.561 -119.9 461 141 410 410 2014 7 1 5 0 6 1 54
6 67 71 35.454 -119.81 461 145 410 410 2014 7 1 5 1 15 1 54
6 67 71 35.349 -119.72 461 144 410 410 2014 7 1 5 2 15 1 54
6 67 71 35.263 -119.65 461 144 410 410 2014 7 1 5 3 16 1 54
6 67 71 35.136 -119.54 461 145 410 410 2014 7 1 5 4 15 1 54
6 67 71 35.032 -119.45 461 145 410 410 2014 7 1 5 5 15 1 54
6 67 71 34.926 -119.36 461 145 400 410 2014 7 1 5 6 6 1 54
6 67 71 34.823 -119.27 458 144 374 410 2014 7 1 5 7 6 1 54
6 67 71 34.72 -119.19 454 145 344 410 2014 7 1 5 8 6 1 54
6 67 71 34.614 -119.1 453 145 314 410 2014 7 1 5 9 15 1 54
6 67 71 34.514 -119.01 439 145 289 410 2014 7 1 5 10 15 1 54
6 67 71 34.421 -118.93 429 145 265 410 2014 7 1 5 11 6 1 54
6 67 71 34.321 -118.87 406 143 241 410 2014 7 1 5 12 6 1 54
6 67 71 34.183 -118.82 377 158 210 410 2014 7 1 5 13 6 1 25
6 67 71 34.083 -118.78 362 163 188 410 2014 7 1 5 14 15 1 25
6 67 71 34.012 -118.76 360 162 168 410 2014 7 1 5 15 15 1 25
6 67 71 33.917 -118.72 351 163 144 410 2014 7 1 5 16 6 1 24
6 67 71 33.826 -118.69 344 161 133 410 2014 7 1 5 17 6 1 24
6 67 71 33.717 -118.65 336 162 124 410 2014 7 1 5 18 15 1 2
6 67 71 33.649 -118.62 338 162 114 410 2014 7 1 5 19 15 1 2
6 67 71 33.55 -118.57 331 155 103 410 2014 7 1 5 20 6 1 2
6 67 71 33.497 -118.52 313 147 96 410 2014 7 1 5 21 7 1 2
6 67 71 33.433 -118.45 289 133 85 410 2014 7 1 5 22 6 1 2
6 67 71 33.463 -118.36 288 61 74 410 2014 7 1 5 23 16 1 2
6 67 71 33.499 -118.28 285 64 64 410 2014 7 1 5 24 6 1 2
6 67 71 33.533 -118.2 276 62 55 410 2014 7 1 5 25 15 1 2
6 67 71 33.583 -118.12 266 63 51 410 2014 7 1 5 26 6 1 2
6 67 71 33.572 -118.12 277 54 49 410 2014 7 1 5 27 6 1 2
6 67 71 33.618 -118.05 274 59 51 410 2014 7 1 5 28 6 1 2
6 67 71 33.734 -117.93 279 31 31 410 2014 7 1 5 29 15 1 2
6 67 71 33.783 -117.9 227 32 30 410 2014 7 1 5 30 6 1 2
6 67 71 33.804 -117.84 173 51 29 410 2014 7 1 5 31 15 1 2
6 67 71 33.804 -117.84 173 51 29 410 2014 7 1 5 32 7 1 2
6 67 71 33.733 -117.83 131 142 14 410 2014 7 1 5 33 15 1 2
6 67 71 33.7 -117.85 130 194 7 410 2014 7 1 5 34 6 1 2
6 67 71 33.704 -117.85 132 202 6 410 2014 7 1 5 35 15 1 2
6 67 71 33.672 -117.87 128 207 1 410 2014 7 1 5 36 6 1 2
7 67 71 37.333 -121.9 175 0 23 410 2014 7 1 14 21 6 4 154
7 67 71 37.308 -121.87 191 141 37 410 2014 7 1 14 22 6 4 154
7 67 71 37.264 -121.78 260 138 72 410 2014 7 1 14 23 6 4 154
7 67 71 37.238 -121.69 285 126 107 410 2014 7 1 14 24 6 4 154
7 67 71 37.171 -121.61 321 115 137 410 2014 7 1 14 25 6 4 174
7 67 71 37.098 -121.53 344 129 171 410 2014 7 1 14 26 6 4 174
7 67 71 37.031 -121.46 354 138 198 410 2014 7 1 14 27 6 4 168
7 67 71 36.936 -121.35 377 141 236 410 2014 7 1 14 28 6 4 168
7 67 71 36.855 -121.27 388 138 265 410 2014 7 1 14 29 6 4 168
7 67 71 36.784 -121.19 393 138 286 410 2014 7 1 14 30 16 4 189
7 67 71 36.68 -121.08 410 139 305 410 2014 7 1 14 31 6 4 189
7 67 71 36.585 -120.97 444 138 317 410 2014 7 1 14 32 16 4 189
7 67 71 36.486 -120.87 465 138 335 410 2014 7 1 14 33 15 4 189
7 67 71 36.387 -120.76 470 138 357 410 2014 7 1 14 34 6 4 189
7 67 71 36.271 -120.64 468 138 377 410 2014 7 1 14 35 6 4 189
7 67 71 36.173 -120.53 465 139 390 410 2014 7 1 14 36 6 4 189
7 67 71 36.074 -120.43 465 139 402 410 2014 7 1 14 37 6 4 189
7 67 71 35.975 -120.32 465 139 410 410 2014 7 1 14 38 6 4 189
7 67 71 35.877 -120.22 465 139 410 410 2014 7 1 14 39 18 4 189
7 67 71 35.779 -120.11 464 139 410 410 2014 7 1 14 40 15 4 189
7 67 71 35.68 -120.01 463 138 410 410 2014 7 1 14 41 10 1 54
7 67 71 35.578 -119.92 463 140 410 410 2014 7 1 14 42 6 1 54
7 67 71 35.472 -119.82 461 142 410 410 2014 7 1 14 43 6 1 54
7 67 71 35.368 -119.74 459 144 410 410 2014 7 1 14 44 6 1 54
7 67 71 35.368 -119.74 460 145 410 410 2014 7 1 14 45 6 1 54
7 67 71 35.263 -119.65 459 145 410 410 2014 7 1 14 46 6 1 54
7 67 71 35.158 -119.56 459 145 410 410 2014 7 1 14 47 6 1 54
7 67 71 34.928 -119.36 458 145 390 410 2014 7 1 14 48 6 1 54
7 67 71 34.927 -119.36 459 145 390 410 2014 7 1 14 49 6 1 54
7 67 71 34.826 -119.28 449 145 365 410 2014 7 1 14 50 15 1 54
7 67 71 34.724 -119.19 448 144 335 410 2014 7 1 14 51 7 1 54
7 67 71 34.617 -119.1 450 144 307 410 2014 7 1 14 52 15 1 54
7 67 71 34.497 -119 445 146 278 410 2014 7 1 14 53 16 1 54
7 67 71 34.401 -118.92 426 145 255 410 2014 7 1 14 54 6 1 54
7 67 71 34.301 -118.86 405 144 232 410 2014 7 1 14 55 6 1 25
7 67 71 34.199 -118.82 385 149 210 410 2014 7 1 14 56 9 1 25
7 67 71 34.101 -118.79 369 161 188 410 2014 7 1 14 57 15 1 25
7 67 71 33.996 -118.75 360 161 163 410 2014 7 1 14 58 6 1 25
7 67 71 33.898 -118.71 349 164 141 410 2014 7 1 14 59 6 1 24
7 67 71 33.806 -118.68 344 164 140 410 2014 7 1 15 0 6 1 24
7 67 71 33.719 -118.65 331 161 136 410 2014 7 1 15 1 6 1 2
7 67 71 33.649 -118.6 314 153 119 410 2014 7 1 15 2 16 1 2
7 67 71 33.59 -118.52 313 131 103 410 2014 7 1 15 3 6 1 2
7 67 71 33.559 -118.42 288 115 88 410 2014 7 1 15 4 15 1 2
7 67 71 33.55 -118.33 269 103 75 410 2014 7 1 15 5 6 1 2
7 67 71 33.567 -118.25 258 76 62 410 2014 7 1 15 6 6 1 2
7 67 71 33.582 -118.17 250 76 51 410 2014 7 1 15 7 6 1 2
7 67 71 33.608 -118.09 242 76 50 410 2014 7 1 15 8 6 1 2
7 67 71 33.646 -118.03 233 51 50 410 2014 7 1 15 9 6 1 2
7 67 71 33.693 -117.98 230 58 50 410 2014 7 1 15 10 6 1 2
7 67 71 33.746 -117.94 230 29 48 410 2014 7 1 15 11 6 1 2
7 67 71 33.798 -117.9 228 39 40 410 2014 7 1 15 12 6 1 2
7 67 71 33.852 -117.85 204 28 30 410 2014 7 1 15 13 15 1 2
7 67 71 33.839 -117.8 197 51 30 410 2014 7 1 15 14 6 1 2
7 67 71 33.801 -117.79 165 111 26 410 2014 7 1 15 15 16 1 2
7 67 71 33.783 -117.8 139 174 24 410 2014 7 1 15 16 6 1 2
7 67 71 33.75 -117.82 127 206 18 410 2014 7 1 15 17 6 1 2
7 67 71 33.705 -117.85 132 202 6 410 2014 7 1 15 18 16 1 2
7 67 71 33.7 -117.85 135 207 5 410 2014 7 1 15 19 6 1 2
14 67 71 37.417 -121.98 210 0 27 390 2014 7 2 22 58 16 4 156
14 67 71 37.45 -121.93 267 326 53 390 2014 7 2 22 59 6 4 156
14 67 71 37.4 -121.88 256 79 88 390 2014 7 2 23 0 6 4 156
14 67 71 37.35 -121.8 312 138 108 390 2014 7 2 23 1 15 4 154
14 67 71 37.314 -121.77 306 127 123 390 2014 7 2 23 2 6 4 154
14 67 71 37.242 -121.69 341 136 156 390 2014 7 2 23 3 6 4 174
14 67 71 37.161 -121.61 354 137 185 390 2014 7 2 23 4 15 4 174
14 67 71 37.081 -121.52 375 139 212 390 2014 7 2 23 5 8 4 168
14 67 71 36.997 -121.42 395 138 234 390 2014 7 2 23 6 6 4 168
14 67 71 36.913 -121.33 413 140 258 390 2014 7 2 23 7 6 4 168
14 67 71 36.821 -121.23 429 139 278 390 2014 7 2 23 8 6 4 168
14 67 71 36.704 -121.11 447 137 297 390 2014 7 2 23 9 6 4 189
14 67 71 36.606 -121 461 138 313 390 2014 7 2 23 10 6 4 189
14 67 71 36.507 -120.89 471 139 336 390 2014 7 2 23 11 6 4 189
14 67 71 36.409 -120.79 470 138 354 390 2014 7 2 23 12 6 4 189
14 67 71 36.312 -120.68 467 139 369 390 2014 7 2 23 13 6 4 189
14 67 71 36.194 -120.56 467 140 384 390 2014 7 2 23 14 16 4 189
14 67 71 36.116 -120.47 465 139 390 390 2014 7 2 23 15 6 4 189
14 67 71 36.001 -120.35 461 139 390 390 2014 7 2 23 16 6 4 189
14 67 71 35.905 -120.25 454 138 390 390 2014 7 2 23 17 16 4 189
14 67 71 35.829 -120.17 453 139 390 390 2014 7 2 23 18 6 4 189
14 67 71 35.714 -120.05 452 139 390 390 2014 7 2 23 19 6 1 54
14 67 71 35.617 -119.95 452 140 390 390 2014 7 2 23 20 6 1 54
14 67 71 35.616 -119.95 451 140 390 390 2014 7 2 23 21 6 1 54
14 67 71 35.512 -119.86 451 145 390 390 2014 7 2 23 22 6 1 54
14 67 71 35.389 -119.75 450 144 390 390 2014 7 2 23 23 6 1 54
14 67 71 35.204 -119.6 448 144 390 390 2014 7 2 23 24 16 1 54
14 67 71 35.081 -119.49 450 144 390 390 2014 7 2 23 25 16 1 54
14 67 71 35 -119.42 448 144 382 390 2014 7 2 23 26 10 1 54
14 67 71 34.978 -119.4 449 145 380 390 2014 7 2 23 27 6 1 54
14 67 71 34.875 -119.32 449 144 371 390 2014 7 2 23 28 6 1 54
14 67 71 34.664 -119.14 457 145 320 390 2014 7 2 23 29 20 1 54
14 67 71 34.642 -119.12 461 145 313 390 2014 7 2 23 30 8 1 54
14 67 71 34.541 -119.04 466 145 287 390 2014 7 2 23 31 6 1 54
14 67 71 34.437 -118.95 454 145 262 390 2014 7 2 23 32 6 1 54
14 67 71 34.334 -118.87 440 145 238 390 2014 7 2 23 33 6 1 25
14 67 71 34.201 -118.82 418 146 209 390 2014 7 2 23 34 6 1 25
14 67 71 34.095 -118.78 401 164 186 390 2014 7 2 23 35 6 1 25
14 67 71 33.99 -118.75 382 157 161 390 2014 7 2 23 36 6 1 25
14 67 71 33.885 -118.71 366 164 141 390 2014 7 2 23 37 16 1 24
14 67 71 33.803 -118.68 360 164 140 390 2014 7 2 23 38 6 1 24
14 67 71 33.69 -118.64 358 164 112 390 2014 7 2 23 39 6 1 2
14 67 71 33.633 -118.62 344 163 102 390 2014 7 2 23 40 6 1 2
14 67 71 33.544 -118.54 308 153 91 390 2014 7 2 23 41 6 1 2
14 67 71 33.513 -118.45 297 115 76 390 2014 7 2 23 42 6 1 2
14 67 71 33.513 -118.34 298 101 58 390 2014 7 2 23 43 6 1 2
14 67 71 33.542 -118.26 292 64 50 390 2014 7 2 23 44 6 1 2
14 67 71 33.571 -118.17 285 68 51 390 2014 7 2 23 45 6 1 2
14 67 71 33.6 -118.08 285 76 50 390 2014 7 2 23 46 6 1 2
14 67 71 33.639 -118.02 269 64 49 390 2014 7 2 23 47 6 1 2
14 67 71 33.667 -118 233 55 50 390 2014 7 2 23 48 6 1 2
14 67 71 33.749 -117.93 217 39 48 390 2014 7 2 23 49 16 1 2
14 67 71 33.767 -117.92 208 34 43 390 2014 7 2 23 50 6 1 2
14 67 71 33.817 -117.87 201 34 32 390 2014 7 2 23 51 6 1 2
14 67 71 33.85 -117.83 206 33 28 390 2014 7 2 23 52 6 1 2
14 67 71 33.817 -117.78 182 100 23 390 2014 7 2 23 53 15 1 2
14 67 71 33.747 -117.82 158 195 15 390 2014 7 2 23 54 16 1 2
14 67 71 33.733 -117.83 134 208 13 390 2014 7 2 23 55 16 1 2
14 67 71 33.7 -117.85 141 207 6 390 2014 7 2 23 56 6 1 2
14 67 71 33.681 -117.86 138 202 390 390 2014 7 2 23 57 6 1 51
15 67 71 37.336 -121.9 178 140 21 410 2014 7 2 18 9 6 4 154
15 67 71 37.25 -121.8 278 136 61 410 2014 7 2 18 10 6 4 154
15 67 71 37.23 -121.77 272 141 81 410 2014 7 2 18 11 11 4 154
15 67 71 37.17 -121.7 287 133 114 410 2014 7 2 18 12 6 4 154
15 67 71 37.101 -121.62 323 137 152 410 2014 7 2 18 13 16 4 174
15 67 71 37.024 -121.54 340 137 187 410 2014 7 2 18 14 7 4 174
15 67 71 36.949 -121.45 364 137 215 410 2014 7 2 18 15 6 4 168
15 67 71 36.866 -121.35 398 136 242 410 2014 7 2 18 16 6 4 168
15 67 71 36.777 -121.26 420 138 267 410 2014 7 2 18 17 6 4 168
15 67 71 36.688 -121.15 431 137 290 410 2014 7 2 18 18 6 4 189
15 67 71 36.577 -121.03 447 137 316 410 2014 7 2 18 19 6 4 189
15 67 71 36.482 -120.92 455 137 335 410 2014 7 2 18 20 6 4 189
15 67 71 36.406 -120.83 459 137 348 410 2014 7 2 18 21 6 4 189
15 67 71 36.291 -120.7 467 137 375 410 2014 7 2 18 22 6 4 189
15 67 71 36.196 -120.59 463 137 389 410 2014 7 2 18 23 6 4 189
15 67 71 36.102 -120.48 462 137 405 410 2014 7 2 18 24 6 4 189
15 67 71 36.008 -120.38 454 137 410 410 2014 7 2 18 25 6 4 189
15 67 71 35.914 -120.28 454 137 410 410 2014 7 2 18 26 6 4 189
15 67 71 35.821 -120.17 453 137 410 410 2014 7 2 18 27 6 4 189
15 67 71 35.727 -120.06 454 137 410 410 2014 7 2 18 28 6 1 54
15 67 71 35.708 -120.04 453 137 410 410 2014 7 2 18 29 6 1 54
15 67 71 35.611 -119.95 453 139 410 410 2014 7 2 18 30 6 1 54
15 67 71 35.509 -119.86 447 144 410 410 2014 7 2 18 31 6 1 54
15 67 71 35.407 -119.77 447 145 410 410 2014 7 2 18 32 6 1 54
15 67 71 35.305 -119.68 444 145 410 410 2014 7 2 18 33 6 1 54
15 67 71 35.203 -119.59 444 144 410 410 2014 7 2 18 34 6 1 54
15 67 71 35.101 -119.51 446 145 403 410 2014 7 2 18 35 16 1 54
15 67 71 35.001 -119.42 444 145 379 410 2014 7 2 18 36 6 1 54
15 67 71 34.879 -119.32 444 144 357 410 2014 7 2 18 37 6 1 54
15 67 71 34.78 -119.24 442 145 348 410 2014 7 2 18 38 6 1 54
15 67 71 34.672 -119.15 466 144 340 410 2014 7 2 18 39 6 1 54
15 67 71 34.569 -119.06 472 145 331 410 2014 7 2 18 40 16 1 54
15 67 71 34.439 -118.95 472 145 319 410 2014 7 2 18 41 10 1 54
15 67 71 34.328 -118.87 468 145 286 410 2014 7 2 18 42 6 1 54
15 67 71 34.205 -118.83 463 147 249 410 2014 7 2 18 43 16 1 54
15 67 71 34.067 -118.78 432 162 214 410 2014 7 2 18 44 16 1 25
15 67 71 33.967 -118.73 418 164 182 410 2014 7 2 18 45 6 1 24
15 67 71 33.852 -118.7 404 161 141 410 2014 7 2 18 46 6 1 24
15 67 71 33.755 -118.66 378 164 140 410 2014 7 2 18 47 6 1 2
15 67 71 33.654 -118.63 377 163 130 410 2014 7 2 18 48 6 1 2
15 67 71 33.567 -118.55 375 163 104 410 2014 7 2 18 49 6 1 2
15 67 71 33.515 -118.45 321 125 96 410 2014 7 2 18 50 6 1 2
15 67 71 33.484 -118.36 298 120 81 410 2014 7 2 18 51 6 1 2
15 67 71 33.468 -118.27 293 101 65 410 2014 7 2 18 52 6 1 2
15 67 71 33.515 -118.19 291 59 50 410 2014 7 2 18 53 6 1 2
15 67 71 33.561 -118.12 290 54 50 410 2014 7 2 18 54 15 1 2
15 67 71 33.617 -118.04 274 47 50 410 2014 7 2 18 55 6 1 2
15 67 71 33.673 -117.99 255 39 50 410 2014 7 2 18 56 16 1 2
15 67 71 33.727 -117.95 245 39 50 410 2014 7 2 18 57 6 1 2
15 67 71 33.75 -117.93 209 33 45 410 2014 7 2 18 58 6 1 2
15 67 71 33.8 -117.88 199 33 40 410 2014 7 2 18 59 6 1 2
15 67 71 33.85 -117.85 192 32 40 410 2014 7 2 19 0 6 1 2
15 67 71 33.883 -117.82 189 33 40 410 2014 7 2 19 1 6 1 2
15 67 71 33.883 -117.77 187 76 34 410 2014 7 2 19 2 6 1 2
15 67 71 33.833 -117.77 177 156 30 410 2014 7 2 19 3 6 1 2
15 67 71 33.783 -117.8 152 205 24 410 2014 7 2 19 4 6 1 2
15 67 71 33.75 -117.82 130 208 17 410 2014 7 2 19 5 16 1 2
15 67 71 33.717 -117.83 131 207 10 410 2014 7 2 19 6 6 1 2
15 67 71 33.7 -117.87 131 207 3 410 2014 7 2 19 7 6 1 2
20 67 71 37.333 -121.9 156 0 16 250 2014 7 2 18 52 6 4 154
20 67 71 37.3 -121.87 163 141 35 250 2014 7 2 18 53 6 4 154
20 67 71 37.283 -121.82 175 141 52 250 2014 7 2 18 54 15 4 154
20 67 71 37.25 -121.77 178 122 70 250 2014 7 2 18 55 6 4 154
20 67 71 37.233 -121.72 178 119 87 250 2014 7 2 18 56 16 4 154
20 67 71 37.2 -121.67 179 122 103 250 2014 7 2 18 57 6 4 154
20 67 71 37.191 -121.65 177 129 107 250 2014 7 2 18 58 6 4 154
20 67 71 37.161 -121.6 177 131 121 250 2014 7 2 18 59 6 4 154
20 67 71 37.127 -121.55 186 127 129 250 2014 7 2 19 0 6 4 154
20 67 71 37.078 -121.5 209 141 129 250 2014 7 2 19 1 6 4 154
20 67 71 37.025 -121.45 228 142 139 250 2014 7 2 19 2 6 4 174
20 67 71 36.981 -121.41 223 137 151 250 2014 7 2 19 3 6 4 174
20 67 71 36.932 -121.35 209 136 162 250 2014 7 2 19 4 6 4 174
20 67 71 36.889 -121.3 208 139 173 250 2014 7 2 19 5 16 4 174
20 67 71 36.847 -121.25 207 139 184 250 2014 7 2 19 6 6 4 174
20 67 71 36.804 -121.21 206 137 195 250 2014 7 2 19 7 6 4 174
20 67 71 36.762 -121.16 205 139 204 250 2014 7 2 19 8 6 4 168
20 67 71 36.718 -121.11 204 140 213 250 2014 7 2 19 9 6 4 168
20 67 71 36.674 -121.07 205 139 222 250 2014 7 2 19 10 6 4 168
20 67 71 36.629 -121.02 208 139 230 250 2014 7 2 19 11 6 4 168
20 67 71 36.574 -120.97 211 139 239 250 2014 7 2 19 12 6 4 168
20 67 71 36.529 -120.92 212 139 246 250 2014 7 2 19 13 6 4 168
20 67 71 36.483 -120.86 216 138 249 250 2014 7 2 19 14 6 4 168
20 67 71 36.43 -120.81 234 141 249 250 2014 7 2 19 15 6 4 168
20 67 71 36.374 -120.75 250 138 249 250 2014 7 2 19 16 17 4 168
20 67 71 36.319 -120.69 259 137 249 250 2014 7 2 19 17 6 4 168
20 67 71 36.263 -120.63 266 138 249 250 2014 7 2 19 18 16 4 168
20 67 71 36.206 -120.57 268 138 249 250 2014 7 2 19 19 16 4 168
20 67 71 36.137 -120.49 269 138 249 250 2014 7 2 19 20 6 4 168
20 67 71 36.079 -120.43 270 140 249 250 2014 7 2 19 21 6 4 168
20 67 71 36.022 -120.37 270 138 249 250 2014 7 2 19 22 16 4 168
20 67 71 35.964 -120.31 271 140 249 250 2014 7 2 19 23 16 4 168
20 67 71 35.905 -120.25 272 138 249 250 2014 7 2 19 24 6 4 168
20 67 71 35.906 -120.25 271 139 249 250 2014 7 2 19 25 6 4 168
20 67 71 35.848 -120.19 272 140 249 250 2014 7 2 19 26 6 4 168
20 67 71 35.721 -120.05 272 139 249 250 2014 7 2 19 27 6 1 54
20 67 71 35.732 -120.07 272 139 249 250 2014 7 2 19 28 6 1 54
20 67 71 35.663 -119.99 272 139 248 250 2014 7 2 19 29 6 1 54
20 67 71 35.551 -119.85 289 137 240 250 2014 7 2 19 30 6 1 54
20 67 71 35.551 -119.85 290 131 240 250 2014 7 2 19 31 6 1 54
20 67 71 35.501 -119.78 283 129 240 250 2014 7 2 19 32 6 1 54
20 67 71 35.394 -119.63 291 132 219 250 2014 7 2 19 33 15 1 23
20 67 71 35.381 -119.62 292 132 217 250 2014 7 2 19 34 6 1 23
20 67 71 35.327 -119.54 293 131 210 250 2014 7 2 19 35 6 1 23
20 67 71 35.277 -119.47 280 131 210 250 2014 7 2 19 36 6 1 33
20 67 71 35.225 -119.41 273 132 207 250 2014 7 2 19 37 7 1 33
20 67 71 35.171 -119.34 272 135 196 250 2014 7 2 19 38 6 1 33
20 67 71 35.116 -119.27 290 131 190 250 2014 7 2 19 39 6 1 33
20 67 71 35.067 -119.17 272 124 190 250 2014 7 2 19 40 6 1 33
20 67 71 35.023 -119.1 263 124 189 250 2014 7 2 19 41 6 1 33
20 67 71 34.975 -119.03 272 127 176 250 2014 7 2 19 42 16 1 33
20 67 71 34.926 -118.95 285 129 163 250 2014 7 2 19 43 6 1 33
20 67 71 34.88 -118.88 285 128 151 250 2014 7 2 19 44 6 1 32
20 67 71 34.825 -118.79 275 127 150 250 2014 7 2 19 45 6 1 32
20 67 71 34.779 -118.72 270 127 138 250 2014 7 2 19 46 6 1 32
20 67 71 34.726 -118.64 287 128 125 250 2014 7 2 19 47 6 1 32
20 67 71 34.677 -118.57 286 129 111 250 2014 7 2 19 48 6 1 32
20 67 71 34.613 -118.52 276 129 111 250 2014 7 2 19 49 6 1 32
20 67 71 34.547 -118.49 260 157 103 250 2014 7 2 19 50 6 1 8
20 67 71 34.461 -118.45 271 157 91 250 2014 7 2 19 51 6 1 8
20 67 71 34.383 -118.4 236 154 90 250 2014 7 2 19 52 16 1 8
20 67 71 34.383 -118.4 236 154 90 250 2014 7 2 19 53 6 1 8
20 67 71 34.317 -118.37 235 154 90 250 2014 7 2 19 54 6 1 8
20 67 71 34.267 -118.33 234 154 90 250 2014 7 2 19 55 6 1 8
20 67 71 34.161 -118.28 237 157 90 250 2014 7 2 19 56 6 1 8
20 67 71 34.15 -118.27 230 154 90 250 2014 7 2 19 57 15 1 8
20 67 71 34.083 -118.23 229 152 90 250 2014 7 2 19 58 6 1 8
20 67 71 34.033 -118.2 233 153 88 250 2014 7 2 19 59 16 1 15
20 67 71 33.967 -118.17 242 155 81 250 2014 7 2 20 0 6 1 15
20 67 71 33.9 -118.17 221 185 80 250 2014 7 2 20 1 7 1 15
20 67 71 33.783 -118.2 217 195 70 250 2014 7 2 20 2 16 1 2
20 67 71 33.79 -118.2 223 188 70 250 2014 7 2 20 3 6 1 2
20 67 71 33.733 -118.2 224 164 66 250 2014 7 2 20 4 6 1 2
20 67 71 33.694 -118.12 229 128 51 250 2014 7 2 20 5 6 1 2
20 67 71 33.681 -118.04 229 103 50 250 2014 7 2 20 6 6 1 2
20 67 71 33.704 -117.99 222 73 50 250 2014 7 2 20 7 6 1 2
20 67 71 33.75 -117.93 225 39 50 250 2014 7 2 20 8 16 1 2
20 67 71 33.789 -117.88 225 50 38 250 2014 7 2 20 9 6 1 2
20 67 71 33.753 -117.83 195 111 21 250 2014 7 2 20 10 6 1 2
20 67 71 33.712 -117.84 165 180 9 250 2014 7 2 20 11 6 1 2
20 67 71 33.683 -117.87 134 195 4 250 2014 7 2 20 12 6 1 2
20 67 71 33.68 -117.85 185 219 3 250 2014 7 2 20 13 6 1 2
22 67 71 37.362 -121.93 149 0 0 370 2014 7 3 1 56 6 4 156
22 67 71 37.439 -121.97 217 0 40 370 2014 7 3 1 57 6 4 156
22 67 71 37.364 -121.83 235 21 78 370 2014 7 3 1 58 16 4 154
22 67 71 37.316 -121.78 235 137 78 370 2014 7 3 1 59 7 4 154
22 67 71 37.239 -121.69 315 137 128 370 2014 7 3 2 0 6 4 154
22 67 71 37.172 -121.63 334 138 153 370 2014 7 3 2 1 6 4 174
22 67 71 37.097 -121.55 360 138 183 370 2014 7 3 2 2 6 4 174
22 67 71 37.018 -121.46 377 139 208 370 2014 7 3 2 3 16 4 168
22 67 71 36.933 -121.36 397 138 232 370 2014 7 3 2 4 15 4 168
22 67 71 36.831 -121.25 414 138 259 370 2014 7 3 2 5 16 4 168
22 67 71 36.845 -121.27 410 137 255 370 2014 7 3 2 6 6 4 168
22 67 71 36.642 -121.05 444 137 297 370 2014 7 3 2 7 16 4 189
22 67 71 36.624 -121.02 446 139 300 370 2014 7 3 2 8 6 4 189
22 67 71 36.528 -120.92 455 138 320 370 2014 7 3 2 9 6 4 189
22 67 71 36.431 -120.81 456 138 337 370 2014 7 3 2 10 6 4 189
22 67 71 36.334 -120.71 458 139 353 370 2014 7 3 2 11 6 4 189
22 67 71 36.236 -120.6 460 138 369 370 2014 7 3 2 12 6 4 189
22 67 71 36.14 -120.5 460 138 370 370 2014 7 3 2 13 15 4 189
22 67 71 36.044 -120.4 459 139 370 370 2014 7 3 2 14 6 4 189
22 67 71 35.947 -120.29 456 139 370 370 2014 7 3 2 15 16 4 189
22 67 71 35.851 -120.19 455 139 370 370 2014 7 3 2 16 6 4 189
22 67 71 35.754 -120.09 455 139 370 370 2014 7 3 2 17 6 1 54
22 67 71 35.658 -119.99 453 139 370 370 2014 7 3 2 18 15 1 54
22 67 71 35.557 -119.9 452 139 370 370 2014 7 3 2 19 6 1 54
22 67 71 35.453 -119.81 452 144 370 370 2014 7 3 2 20 6 1 54
22 67 71 35.332 -119.7 448 144 370 370 2014 7 3 2 21 6 1 54
22 67 71 35.249 -119.63 449 144 370 370 2014 7 3 2 22 16 1 54
22 67 71 35.127 -119.53 447 145 370 370 2014 7 3 2 23 15 1 54
22 67 71 35.024 -119.44 449 144 370 370 2014 7 3 2 24 6 1 54
22 67 71 34.92 -119.36 449 145 369 370 2014 7 3 2 25 16 1 54
22 67 71 34.819 -119.27 448 145 345 370 2014 7 3 2 26 6 1 54
22 67 71 34.715 -119.18 451 145 316 370 2014 7 3 2 27 6 1 54
22 67 71 34.597 -119.08 452 145 289 370 2014 7 3 2 28 6 1 54
22 67 71 34.498 -119 439 146 267 370 2014 7 3 2 29 16 1 54
22 67 71 34.402 -118.92 426 145 246 370 2014 7 3 2 30 16 1 54
22 67 71 34.3 -118.86 407 145 224 370 2014 7 3 2 31 6 1 25
22 67 71 34.194 -118.82 399 149 203 370 2014 7 3 2 32 16 1 25
22 67 71 34.089 -118.78 383 158 180 370 2014 7 3 2 33 15 1 25
22 67 71 33.977 -118.74 367 162 156 370 2014 7 3 2 34 6 1 25
22 67 71 33.884 -118.71 355 161 140 370 2014 7 3 2 35 16 1 24
22 67 71 33.793 -118.68 347 164 140 370 2014 7 3 2 36 6 1 24
22 67 71 33.703 -118.64 345 161 132 370 2014 7 3 2 37 6 1 2
22 67 71 33.611 -118.61 347 164 111 370 2014 7 3 2 38 15 1 2
22 67 71 33.522 -118.54 325 153 99 370 2014 7 3 2 39 15 1 2
22 67 71 33.527 -118.45 307 115 85 370 2014 7 3 2 40 6 1 2
22 67 71 33.533 -118.4 297 85 76 370 2014 7 3 2 41 6 1 2
22 67 71 33.567 -118.3 293 74 62 370 2014 7 3 2 42 6 1 2
22 67 71 33.583 -118.2 286 73 50 370 2014 7 3 2 43 16 1 2
22 67 71 33.6 -118.12 257 73 50 370 2014 7 3 2 44 16 1 2
22 67 71 33.633 -118.05 228 72 50 370 2014 7 3 2 45 16 1 2
22 67 71 33.701 -117.97 236 51 50 370 2014 7 3 2 46 15 1 2
22 67 71 33.717 -117.95 229 35 50 370 2014 7 3 2 47 6 1 2
22 67 71 33.767 -117.92 230 34 45 370 2014 7 3 2 48 15 1 2
22 67 71 33.817 -117.87 212 34 37 370 2014 7 3 2 49 15 1 2
22 67 71 33.817 -117.82 204 56 28 370 2014 7 3 2 50 6 1 2
22 67 71 33.767 -117.82 184 166 20 370 2014 7 3 2 51 6 1 2
22 67 71 33.733 -117.83 144 192 10 370 2014 7 3 2 52 6 1 2
22 67 71 33.683 -117.87 129 210 3 370 2014 7 3 2 53 15 1 2
22 67 71 33.67 -117.87 139 209 370 370 2014 7 3 2 54 6 1 51
23 67 71 37.404 -121.97 192 322 18 390 2014 7 3 2 52 6 4 156
23 67 71 37.439 -121.93 220 319 50 390 2014 7 3 2 53 15 4 156
23 67 71 37.396 -121.86 235 18 51 390 2014 7 3 2 54 6 4 156
23 67 71 37.344 -121.81 235 95 73 390 2014 7 3 2 55 6 4 154
23 67 71 37.284 -121.74 288 134 101 390 2014 7 3 2 56 15 4 154
23 67 71 37.217 -121.67 311 138 124 390 2014 7 3 2 57 6 4 154
23 67 71 37.141 -121.59 346 139 156 390 2014 7 3 2 58 16 4 174
23 67 71 37.051 -121.53 355 140 185 390 2014 7 3 2 59 7 4 174
23 67 71 36.95 -121.49 373 161 211 390 2014 7 3 3 0 16 4 168
23 67 71 36.95 -121.49 373 161 211 390 2014 7 3 3 1 6 4 168
23 67 71 36.848 -121.44 390 154 235 390 2014 7 3 3 2 6 4 168
23 67 71 36.629 -121.27 429 156 280 390 2014 7 3 3 3 6 4 189
23 67 71 36.628 -121.27 429 138 280 390 2014 7 3 3 4 6 4 189
23 67 71 36.438 -121.06 456 138 313 390 2014 7 3 3 5 6 4 189
23 67 71 36.437 -121.06 456 139 313 390 2014 7 3 3 6 6 4 189
23 67 71 36.339 -120.95 460 139 332 390 2014 7 3 3 7 6 4 189
23 67 71 36.241 -120.84 468 138 346 390 2014 7 3 3 8 16 4 189
23 67 71 36.044 -120.63 468 138 380 390 2014 7 3 3 9 16 4 189
23 67 71 35.947 -120.53 464 138 390 390 2014 7 3 3 10 16 4 189
23 67 71 35.929 -120.51 462 138 390 390 2014 7 3 3 11 6 4 189
23 67 71 35.737 -120.31 453 139 390 390 2014 7 3 3 12 16 4 188
23 67 71 35.737 -120.31 452 139 390 390 2014 7 3 3 13 15 4 188
23 67 71 35.639 -120.2 452 138 390 390 2014 7 3 3 14 16 1 54
23 67 71 35.545 -120.1 452 139 390 390 2014 7 3 3 15 6 1 54
23 67 71 35.448 -120 452 139 390 390 2014 7 3 3 16 6 1 54
23 67 71 35.352 -119.9 452 139 390 390 2014 7 3 3 17 15 1 54
23 67 71 35.256 -119.8 452 139 390 390 2014 7 3 3 18 15 1 54
23 67 71 35.158 -119.7 452 139 390 390 2014 7 3 3 19 6 1 54
23 67 71 35.043 -119.58 452 139 390 390 2014 7 3 3 20 6 1 54
23 67 71 34.947 -119.48 452 139 383 390 2014 7 3 3 21 6 1 54
23 67 71 34.851 -119.38 451 140 360 390 2014 7 3 3 22 16 1 54
23 67 71 34.756 -119.29 451 139 331 390 2014 7 3 3 23 6 1 54
23 67 71 34.661 -119.19 450 139 306 390 2014 7 3 3 24 15 1 54
23 67 71 34.552 -119.08 443 139 281 390 2014 7 3 3 25 16 1 54
23 67 71 34.463 -118.99 425 140 260 390 2014 7 3 3 26 16 1 54
23 67 71 34.374 -118.9 422 140 239 390 2014 7 3 3 27 6 1 25
23 67 71 34.272 -118.85 392 140 218 390 2014 7 3 3 28 6 1 25
23 67 71 34.169 -118.81 388 148 197 390 2014 7 3 3 29 6 1 25
23 67 71 34.059 -118.77 373 160 174 390 2014 7 3 3 30 6 1 25
23 67 71 33.965 -118.74 359 162 153 390 2014 7 3 3 31 6 1 24
23 67 71 33.866 -118.7 350 163 140 390 2014 7 3 3 32 6 1 24
23 67 71 33.767 -118.67 347 163 137 390 2014 7 3 3 33 6 1 24
23 67 71 33.667 -118.63 330 163 125 390 2014 7 3 3 34 16 1 2
23 67 71 33.583 -118.6 306 162 111 390 2014 7 3 3 35 16 1 2
23 67 71 33.517 -118.53 302 161 96 390 2014 7 3 3 36 6 1 2
23 67 71 33.452 -118.48 301 147 81 390 2014 7 3 3 37 15 1 2
23 67 71 33.456 -118.4 302 89 66 390 2014 7 3 3 38 15 1 2
23 67 71 33.5 -118.32 289 52 51 390 2014 7 3 3 39 15 1 2
23 67 71 33.55 -118.25 282 52 50 390 2014 7 3 3 40 15 1 2
23 67 71 33.55 -118.25 282 52 50 390 2014 7 3 3 41 6 1 2
23 67 71 33.617 -118.08 244 55 50 390 2014 7 3 3 42 16 1 2
23 67 71 33.633 -118.02 233 72 50 390 2014 7 3 3 43 15 1 2
23 67 71 33.683 -117.97 211 65 50 390 2014 7 3 3 44 16 1 2
23 67 71 33.733 -117.93 198 33 47 390 2014 7 3 3 45 6 1 2
23 67 71 33.783 -117.9 196 32 37 390 2014 7 3 3 46 16 1 2
23 67 71 33.833 -117.87 187 33 30 390 2014 7 3 3 47 16 1 2
23 67 71 33.833 -117.8 195 35 28 390 2014 7 3 3 48 15 1 2
23 67 71 33.783 -117.8 165 107 22 390 2014 7 3 3 49 15 1 2
23 67 71 33.75 -117.83 156 198 14 390 2014 7 3 3 50 15 1 2
23 67 71 33.717 -117.85 134 208 8 390 2014 7 3 3 51 15 1 2
23 67 71 33.683 -117.87 138 207 2 390 2014 7 3 3 52 16 1 2
25 67 71 37.349 -121.92 150 0 12 390 2014 7 3 16 33 6 4 154
25 67 71 37.309 -121.87 214 132 30 390 2014 7 3 16 34 6 4 154
25 67 71 37.27 -121.81 219 138 62 390 2014 7 3 16 35 6 4 154
25 67 71 37.253 -121.71 259 133 89 390 2014 7 3 16 36 6 4 154
25 67 71 37.194 -121.64 298 122 117 390 2014 7 3 16 37 6 4 154
25 67 71 37.109 -121.54 344 136 156 390 2014 7 3 16 38 6 4 174
25 67 71 37.035 -121.46 361 140 182 390 2014 7 3 16 39 6 4 174
25 67 71 36.951 -121.38 381 136 210 390 2014 7 3 16 40 6 4 168
25 67 71 36.869 -121.28 400 141 236 390 2014 7 3 16 41 6 4 168
25 67 71 36.777 -121.19 415 137 259 390 2014 7 3 16 42 6 4 168
25 67 71 36.667 -121.06 435 139 284 390 2014 7 3 16 43 6 4 189
25 67 71 36.571 -120.96 450 138 303 390 2014 7 3 16 44 6 4 189
25 67 71 36.473 -120.85 460 138 323 390 2014 7 3 16 45 6 4 189
25 67 71 36.377 -120.75 462 139 346 390 2014 7 3 16 46 6 4 189
25 67 71 36.28 -120.64 462 139 346 390 2014 7 3 16 47 6 4 189
25 67 71 36.28 -120.64 459 138 363 390 2014 7 3 16 48 6 4 189
25 67 71 36.185 -120.54 455 139 377 390 2014 7 3 16 49 6 4 189
25 67 71 36.088 -120.44 454 139 390 390 2014 7 3 16 50 6 4 189
25 67 71 35.973 -120.32 454 139 390 390 2014 7 3 16 51 10 4 189
25 67 71 35.876 -120.22 454 139 390 390 2014 7 3 16 52 6 4 189
25 67 71 35.78 -120.12 453 139 390 390 2014 7 3 16 53 6 4 189
25 67 71 35.684 -120.01 454 139 390 390 2014 7 3 16 54 6 1 54
25 67 71 35.583 -119.92 453 142 390 390 2014 7 3 16 55 6 1 54
25 67 71 35.481 -119.83 450 144 390 390 2014 7 3 16 56 6 1 54
25 67 71 35.378 -119.75 449 145 390 390 2014 7 3 16 57 6 1 54
25 67 71 35.254 -119.64 449 144 390 390 2014 7 3 16 58 6 1 54
25 67 71 35.152 -119.55 449 145 390 390 2014 7 3 16 59 6 1 54
25 67 71 35.048 -119.46 449 144 386 390 2014 7 3 17 0 6 1 54
25 67 71 34.947 -119.38 446 145 362 390 2014 7 3 17 1 6 1 54
25 67 71 34.846 -119.29 443 145 336 390 2014 7 3 17 2 6 1 54
25 67 71 34.748 -119.21 440 145 315 390 2014 7 3 17 3 6 1 54
25 67 71 34.632 -119.11 423 145 289 390 2014 7 3 17 4 6 1 54
25 67 71 34.548 -119.04 407 145 272 390 2014 7 3 17 5 6 1 54
25 67 71 34.458 -118.97 397 145 252 390 2014 7 3 17 6 14 1 54
25 67 71 34.354 -118.88 387 145 230 390 2014 7 3 17 7 6 1 25
25 67 71 34.2 -118.82 362 152 200 390 2014 7 3 17 8 16 1 25
25 67 71 34.161 -118.81 360 161 192 390 2014 7 3 17 9 6 1 25
25 67 71 34.059 -118.77 355 164 172 390 2014 7 3 17 10 6 1 25
25 67 71 34.017 -118.75 346 162 163 390 2014 7 3 17 11 6 1 25
25 67 71 33.872 -118.7 334 161 140 390 2014 7 3 17 12 6 1 24
25 67 71 33.787 -118.67 320 170 134 390 2014 7 3 17 13 6 1 24
25 67 71 33.767 -118.67 315 163 131 390 2014 7 3 17 14 6 1 24
25 67 71 33.6 -118.6 305 161 112 390 2014 7 3 17 15 6 1 2
25 67 71 33.55 -118.53 308 166 102 390 2014 7 3 17 16 6 1 2
25 67 71 33.547 -118.45 292 89 92 390 2014 7 3 17 17 16 1 2
25 67 71 33.567 -118.35 279 92 82 390 2014 7 3 17 18 6 1 2
25 67 71 33.567 -118.27 276 79 73 390 2014 7 3 17 19 6 1 2
25 67 71 33.583 -118.18 278 80 63 390 2014 7 3 17 20 6 1 2
25 67 71 33.591 -118.18 284 76 62 390 2014 7 3 17 21 6 1 2
25 67 71 33.633 -118.03 232 71 51 390 2014 7 3 17 22 6 1 2
25 67 71 33.683 -117.98 228 71 50 390 2014 7 3 17 23 6 1 2
25 67 71 33.692 -117.96 232 39 50 390 2014 7 3 17 24 6 1 2
25 67 71 33.745 -117.92 231 39 45 390 2014 7 3 17 25 6 1 2
25 67 71 33.817 -117.83 208 32 26 390 2014 7 3 17 26 6 1 2
25 67 71 33.783 -117.8 162 78 23 390 2014 7 3 17 27 6 1 2
25 67 71 33.75 -117.82 159 169 15 390 2014 7 3 17 28 6 1 2
25 67 71 33.717 -117.85 133 211 9 390 2014 7 3 17 29 6 1 2
25 67 71 33.683 -117.87 148 207 2 390 2014 7 3 17 30 6 1 2
25 67 71 33.666 -117.88 143 202 3 390 2014 7 3 17 31 6 1 2
26 67 71 37.362 -121.93 149 0 0 390 2014 7 3 23 1 6 4 156
26 67 71 37.362 -121.93 149 0 0 390 2014 7 3 23 1 6 4 156
26 67 71 37.336 -121.89 149 128 0 390 2014 7 3 23 2 6 4 154
26 67 71 37.383 -121.85 241 21 69 390 2014 7 3 23 3 6 4 154
26 67 71 37.375 -121.84 235 141 71 390 2014 7 3 23 4 6 4 154
26 67 71 37.267 -121.72 321 138 113 390 2014 7 3 23 5 6 4 154
26 67 71 37.183 -121.63 354 138 144 390 2014 7 3 23 6 6 4 174
26 67 71 37.168 -121.61 346 141 153 390 2014 7 3 23 7 6 4 174
26 67 71 37.092 -121.52 362 136 184 390 2014 7 3 23 8 6 4 174
26 67 71 37.014 -121.44 373 140 208 390 2014 7 3 23 9 6 4 168
26 67 71 36.929 -121.35 396 139 233 390 2014 7 3 23 10 6 4 168
26 67 71 36.839 -121.25 416 137 256 390 2014 7 3 23 11 6 4 168
26 67 71 36.728 -121.13 434 139 281 390 2014 7 3 23 12 6 4 189
26 67 71 36.672 -121.07 439 137 292 390 2014 7 3 23 13 6 4 189
26 67 71 36.537 -120.92 456 139 317 390 2014 7 3 23 14 6 4 189
26 67 71 36.44 -120.82 459 138 341 390 2014 7 3 23 15 6 4 189
26 67 71 36.346 -120.72 456 139 360 390 2014 7 3 23 16 6 4 189
26 67 71 36.251 -120.62 453 138 375 390 2014 7 3 23 17 6 4 189
26 67 71 36.156 -120.52 452 140 387 390 2014 7 3 23 18 6 4 189
26 67 71 36.08 -120.43 449 139 390 390 2014 7 3 23 19 6 4 189
26 67 71 35.946 -120.29 451 138 390 390 2014 7 3 23 20 6 4 189
26 67 71 35.851 -120.19 450 139 390 390 2014 7 3 23 21 6 4 189
26 67 71 35.756 -120.09 450 139 390 390 2014 7 3 23 22 6 1 54
26 67 71 35.66 -119.99 447 139 390 390 2014 7 3 23 23 6 1 54
26 67 71 35.558 -119.9 448 142 390 390 2014 7 3 23 24 6 1 54
26 67 71 35.456 -119.81 448 144 390 390 2014 7 3 23 25 6 1 54
26 67 71 35.355 -119.73 446 144 390 390 2014 7 3 23 26 6 1 54
26 67 71 35.253 -119.64 445 144 390 390 2014 7 3 23 27 6 1 54
26 67 71 35.148 -119.55 450 144 390 390 2014 7 3 23 28 6 1 54
26 67 71 35.046 -119.46 450 144 390 390 2014 7 3 23 29 6 1 54
26 67 71 34.942 -119.37 451 145 381 390 2014 7 3 23 30 6 1 54
26 67 71 34.922 -119.36 450 145 377 390 2014 7 3 23 31 6 1 54
26 67 71 34.741 -119.2 443 145 327 390 2014 7 3 23 32 6 1 54
26 67 71 34.72 -119.18 448 145 321 390 2014 7 3 23 33 6 1 54
26 67 71 34.529 -119.03 432 145 277 390 2014 7 3 23 34 6 1 54
26 67 71 34.431 -118.94 432 145 277 390 2014 7 3 23 35 7 1 54
26 67 71 34.433 -118.95 421 145 255 390 2014 7 3 23 36 17 1 54
26 67 71 34.316 -118.87 405 148 230 390 2014 7 3 23 37 6 1 25
26 67 71 34.213 -118.83 390 148 208 390 2014 7 3 23 38 6 1 25
26 67 71 34.114 -118.79 377 156 187 390 2014 7 3 23 39 6 1 25
26 67 71 34 -118.75 359 163 162 390 2014 7 3 23 40 6 1 25
26 67 71 33.913 -118.72 352 163 143 390 2014 7 3 23 41 6 1 24
26 67 71 33.817 -118.68 341 163 141 390 2014 7 3 23 42 6 1 24
26 67 71 33.717 -118.65 340 163 135 390 2014 7 3 23 43 6 1 2
26 67 71 33.648 -118.6 339 142 124 390 2014 7 3 23 44 6 1 2
26 67 71 33.598 -118.51 335 125 110 390 2014 7 3 23 45 6 1 2
26 67 71 33.558 -118.4 307 115 96 390 2014 7 3 23 46 6 1 2
26 67 71 33.564 -118.3 301 114 81 390 2014 7 3 23 47 6 1 2
26 67 71 33.576 -118.21 297 80 66 390 2014 7 3 23 48 6 1 2
26 67 71 33.587 -118.11 292 81 56 390 2014 7 3 23 49 6 1 2
26 67 71 33.614 -118.04 257 72 50 390 2014 7 3 23 50 6 1 2
26 67 71 33.67 -117.98 240 58 50 390 2014 7 3 23 51 6 1 2
26 67 71 33.726 -117.94 240 22 45 390 2014 7 3 23 52 6 1 2
26 67 71 33.782 -117.89 240 39 35 390 2014 7 3 23 53 6 1 2
26 67 71 33.783 -117.83 225 68 26 390 2014 7 3 23 54 6 1 2
26 67 71 33.749 -117.82 198 140 16 390 2014 7 3 23 55 6 1 2
26 67 71 33.709 -117.85 158 170 6 390 2014 7 3 23 56 7 1 2
26 67 71 33.674 -117.87 144 210 1 390 2014 7 3 23 57 6 1 2
28 67 71 37.362 -121.93 149 0 0 390 2014 7 3 20 1 6 4 156
28 67 71 37.433 -121.95 234 321 48 390 2014 7 3 20 2 6 4 156
28 67 71 37.417 -121.88 223 33 50 390 2014 7 3 20 3 6 4 156
28 67 71 37.367 -121.83 229 126 76 390 2014 7 3 20 4 6 4 154
28 67 71 37.356 -121.82 221 141 86 390 2014 7 3 20 5 6 4 154
28 67 71 37.3 -121.75 267 134 106 390 2014 7 3 20 6 7 4 154
28 67 71 37.216 -121.66 331 137 143 390 2014 7 3 20 7 6 4 174
28 67 71 37.077 -121.51 364 138 192 390 2014 7 3 20 8 6 4 174
28 67 71 37.062 -121.49 375 139 198 390 2014 7 3 20 9 6 4 168
28 67 71 36.909 -121.33 404 139 243 390 2014 7 3 20 10 16 4 168
28 67 71 36.893 -121.31 406 138 247 390 2014 7 3 20 11 6 4 168
28 67 71 36.801 -121.21 427 139 270 390 2014 7 3 20 12 6 4 168
28 67 71 36.689 -121.09 440 138 295 390 2014 7 3 20 13 6 4 189
28 67 71 36.592 -120.98 454 139 313 390 2014 7 3 20 14 6 4 189
28 67 71 36.496 -120.88 458 138 337 390 2014 7 3 20 15 6 4 189
28 67 71 36.401 -120.78 457 139 357 390 2014 7 3 20 16 6 4 189
28 67 71 36.308 -120.68 450 137 372 390 2014 7 3 20 17 6 4 189
28 67 71 36.212 -120.58 449 139 387 390 2014 7 3 20 18 6 4 189
28 67 71 36.119 -120.47 448 138 390 390 2014 7 3 20 19 6 4 189
28 67 71 36.023 -120.38 448 139 390 390 2014 7 3 20 20 6 4 189
28 67 71 35.911 -120.26 445 139 390 390 2014 7 3 20 21 6 4 189
28 67 71 35.817 -120.16 444 139 390 390 2014 7 3 20 22 9 4 189
28 67 71 35.722 -120.06 443 139 390 390 2014 7 3 20 23 6 1 54
28 67 71 35.64 -119.99 434 146 390 390 2014 7 3 20 24 6 1 54
28 67 71 35.516 -119.9 436 148 390 390 2014 7 3 20 25 6 1 54
28 67 71 35.411 -119.82 436 147 390 390 2014 7 3 20 26 6 1 54
28 67 71 35.306 -119.74 436 148 390 390 2014 7 3 20 27 6 1 54
28 67 71 35.201 -119.66 436 148 390 390 2014 7 3 20 28 6 1 54
28 67 71 35.098 -119.59 436 148 390 390 2014 7 3 20 29 6 1 54
28 67 71 34.972 -119.49 438 148 390 390 2014 7 3 20 30 6 1 54
28 67 71 34.887 -119.43 440 148 387 390 2014 7 3 20 31 6 1 54
28 67 71 34.758 -119.34 444 149 352 390 2014 7 3 20 32 6 1 54
28 67 71 34.651 -119.26 447 148 319 390 2014 7 3 20 33 6 1 54
28 67 71 34.553 -119.19 451 149 298 390 2014 7 3 20 34 6 1 54
28 67 71 34.446 -119.11 451 148 298 390 2014 7 3 20 35 6 1 54
28 67 71 34.448 -119.11 440 149 270 390 2014 7 3 20 36 6 1 54
28 67 71 34.326 -119.02 433 149 239 390 2014 7 3 20 37 6 1 24
28 67 71 34.23 -118.95 407 148 217 390 2014 7 3 20 38 6 1 25
28 67 71 34.132 -118.88 391 148 195 390 2014 7 3 20 39 6 1 25
28 67 71 34 -118.78 360 149 163 390 2014 7 3 20 40 7 1 25
28 67 71 33.9 -118.72 349 149 141 390 2014 7 3 20 41 7 1 24
28 67 71 33.833 -118.68 339 153 140 390 2014 7 3 20 42 6 1 24
28 67 71 33.733 -118.65 339 163 139 390 2014 7 3 20 43 6 1 2
28 67 71 33.633 -118.62 335 163 129 390 2014 7 3 20 44 6 1 2
28 67 71 33.567 -118.58 333 162 121 390 2014 7 3 20 45 6 1 2
28 67 71 33.5 -118.52 330 145 110 390 2014 7 3 20 46 17 1 2
28 67 71 33.417 -118.45 302 144 98 390 2014 7 3 20 47 6 1 2
28 67 71 33.45 -118.37 300 86 88 390 2014 7 3 20 48 6 1 2
28 67 71 33.5 -118.28 292 51 79 390 2014 7 3 20 49 7 1 2
28 67 71 33.517 -118.2 282 67 69 390 2014 7 3 20 50 6 1 2
28 67 71 33.55 -118.12 283 66 59 390 2014 7 3 20 51 6 1 2
28 67 71 33.6 -118.07 253 47 52 390 2014 7 3 20 52 10 1 2
28 67 71 33.65 -118.02 228 41 50 390 2014 7 3 20 53 6 1 2
28 67 71 33.7 -117.97 226 36 50 390 2014 7 3 20 54 6 1 2
28 67 71 33.75 -117.92 211 37 47 390 2014 7 3 20 55 6 1 2
28 67 71 33.8 -117.88 202 37 40 390 2014 7 3 20 56 6 1 2
28 67 71 33.847 -117.83 202 46 40 390 2014 7 3 20 57 6 1 2
28 67 71 33.858 -117.77 205 51 35 390 2014 7 3 20 58 6 1 2
28 67 71 33.816 -117.78 193 164 29 390 2014 7 3 20 59 6 1 2
28 67 71 33.772 -117.81 188 219 21 390 2014 7 3 21 0 6 1 2
28 67 71 33.733 -117.83 152 209 13 390 2014 7 3 21 1 6 1 2
28 67 71 33.7 -117.85 125 206 6 390 2014 7 3 21 2 6 1 2
28 67 71 33.643 -117.74 235 208 2 390 2014 7 3 21 3 6 1 2
29 67 71 37.328 -121.89 183 141 22 390 2014 7 3 14 21 6 4 154
29 67 71 37.282 -121.84 211 138 53 390 2014 7 3 14 22 6 4 154
29 67 71 37.231 -121.77 248 135 87 390 2014 7 3 14 23 6 4 154
29 67 71 37.17 -121.7 291 135 112 390 2014 7 3 14 24 6 4 154
29 67 71 37.1 -121.62 337 136 146 390 2014 7 3 14 25 6 4 174
29 67 71 37.031 -121.54 337 137 146 390 2014 7 3 14 26 6 4 174
29 67 71 37.024 -121.54 356 139 176 390 2014 7 3 14 27 7 4 174
29 67 71 36.934 -121.43 376 137 211 390 2014 7 3 14 28 6 4 168
29 67 71 36.849 -121.34 398 134 238 390 2014 7 3 14 29 6 4 168
29 67 71 36.763 -121.24 411 138 261 390 2014 7 3 14 30 6 4 168
29 67 71 36.674 -121.14 432 137 282 390 2014 7 3 14 31 6 4 189
29 67 71 36.485 -120.92 459 137 310 390 2014 7 3 14 32 6 4 189
29 67 71 36.485 -120.92 461 137 310 390 2014 7 3 14 33 6 4 189
29 67 71 36.389 -120.81 463 138 331 390 2014 7 3 14 34 6 4 189
29 67 71 36.278 -120.68 457 135 357 390 2014 7 3 14 35 6 4 189
29 67 71 36.186 -120.58 455 138 373 390 2014 7 3 14 36 6 4 189
29 67 71 36.092 -120.47 452 137 387 390 2014 7 3 14 37 6 4 189
29 67 71 35.999 -120.37 451 137 390 390 2014 7 3 14 38 6 4 189
29 67 71 35.905 -120.26 452 138 390 390 2014 7 3 14 39 6 4 189
29 67 71 35.81 -120.16 453 137 390 390 2014 7 3 14 40 6 4 189
29 67 71 35.696 -120.03 455 137 390 390 2014 7 3 14 41 6 1 54
29 67 71 35.618 -119.95 457 140 390 390 2014 7 3 14 42 6 1 54
29 67 71 35.491 -119.84 457 144 390 390 2014 7 3 14 43 6 1 54
29 67 71 35.386 -119.75 457 145 390 390 2014 7 3 14 44 6 1 54
29 67 71 35.281 -119.66 457 145 390 390 2014 7 3 14 45 6 1 54
29 67 71 35.177 -119.57 457 145 390 390 2014 7 3 14 46 14 1 54
29 67 71 35.074 -119.48 456 144 390 390 2014 7 3 14 47 6 1 54
29 67 71 34.951 -119.38 452 145 385 390 2014 7 3 14 48 6 1 54
29 67 71 34.851 -119.3 442 145 363 390 2014 7 3 14 49 6 1 54
29 67 71 34.751 -119.21 440 145 336 390 2014 7 3 14 50 6 1 54
29 67 71 34.648 -119.12 445 144 307 390 2014 7 3 14 51 6 1 54
29 67 71 34.547 -119.04 445 145 307 390 2014 7 3 14 52 9 1 54
29 67 71 34.537 -119.03 436 145 281 390 2014 7 3 14 53 6 1 54
29 67 71 34.439 -118.95 426 145 259 390 2014 7 3 14 54 6 1 54
29 67 71 34.344 -118.88 414 145 237 390 2014 7 3 14 55 6 1 25
29 67 71 34.238 -118.84 402 156 214 390 2014 7 3 14 56 6 1 25
29 67 71 34.1 -118.78 385 164 184 390 2014 7 3 14 57 6 1 25
29 67 71 33.919 -118.72 367 166 144 390 2014 7 3 14 58 6 1 24
29 67 71 33.9 -118.72 361 163 140 390 2014 7 3 14 59 6 1 24
29 67 71 33.733 -118.65 342 161 139 390 2014 7 3 15 0 6 1 2
29 67 71 33.735 -118.66 343 161 140 390 2014 7 3 15 1 7 1 2
29 67 71 33.653 -118.6 349 153 117 390 2014 7 3 15 2 6 1 2
29 67 71 33.565 -118.52 332 140 101 390 2014 7 3 15 3 6 1 2
29 67 71 33.514 -118.45 310 140 87 390 2014 7 3 15 4 6 1 2
29 67 71 33.517 -118.3 288 102 61 390 2014 7 3 15 5 6 1 2
29 67 71 33.526 -118.27 294 76 58 390 2014 7 3 15 6 9 1 2
29 67 71 33.583 -118.13 270 66 50 390 2014 7 3 15 7 6 1 2
29 67 71 33.59 -118.09 277 64 50 390 2014 7 3 15 8 6 1 2
29 67 71 33.65 -118 241 56 50 390 2014 7 3 15 9 6 1 2
29 67 71 33.717 -117.97 240 33 50 390 2014 7 3 15 10 6 1 2
29 67 71 33.767 -117.92 238 32 50 390 2014 7 3 15 11 6 1 2
29 67 71 33.817 -117.88 232 32 44 390 2014 7 3 15 12 6 1 2
29 67 71 33.85 -117.83 236 34 32 390 2014 7 3 15 13 6 1 2
29 67 71 33.837 -117.78 212 115 30 390 2014 7 3 15 14 6 1 2
29 67 71 33.782 -117.8 200 195 26 390 2014 7 3 15 15 6 1 2
29 67 71 33.74 -117.83 186 219 14 390 2014 7 3 15 16 6 1 2
29 67 71 33.707 -117.85 157 195 6 390 2014 7 3 15 17 6 1 2
29 67 71 33.674 -117.87 142 207 1 390 2014 7 3 15 18 6 1 2
31 67 71 37.35 -121.83 228 136 83 390 2014 7 3 20 52 10 4 154
31 67 71 37.251 -121.72 304 98 122 390 2014 7 3 20 53 6 4 154
31 67 71 37.179 -121.64 338 127 154 390 2014 7 3 20 54 6 4 174
31 67 71 37.102 -121.55 358 140 183 390 2014 7 3 20 55 6 4 174
31 67 71 37.012 -121.45 377 138 212 390 2014 7 3 20 56 6 4 168
31 67 71 36.927 -121.36 401 139 236 390 2014 7 3 20 57 6 4 168
31 67 71 36.839 -121.26 414 137 260 390 2014 7 3 20 58 6 4 168
31 67 71 36.745 -121.16 438 138 282 390 2014 7 3 20 59 6 4 189
31 67 71 36.652 -121.06 443 138 300 390 2014 7 3 21 0 6 4 189
31 67 71 36.555 -120.96 455 139 319 390 2014 7 3 21 1 6 4 189
31 67 71 36.46 -120.85 459 136 342 390 2014 7 3 21 2 6 4 189
31 67 71 36.347 -120.73 455 140 350 390 2014 7 3 21 3 6 4 189
31 67 71 36.27 -120.64 459 138 350 390 2014 7 3 21 4 6 4 189
31 67 71 36.156 -120.52 455 138 360 390 2014 7 3 21 5 6 4 189
31 67 71 36.061 -120.42 455 139 377 390 2014 7 3 21 6 6 4 189
31 67 71 35.967 -120.32 448 138 390 390 2014 7 3 21 7 6 4 189
31 67 71 35.871 -120.22 450 139 390 390 2014 7 3 21 8 6 4 189
31 67 71 35.776 -120.11 449 139 390 390 2014 7 3 21 9 6 4 189
31 67 71 35.682 -120.01 447 138 390 390 2014 7 3 21 10 6 1 54
31 67 71 35.564 -119.91 443 142 390 390 2014 7 3 21 11 6 1 54
31 67 71 35.463 -119.82 441 145 390 390 2014 7 3 21 12 6 1 54
31 67 71 35.362 -119.73 441 144 390 390 2014 7 3 21 13 6 1 54
31 67 71 35.261 -119.64 441 145 390 390 2014 7 3 21 14 6 1 54
31 67 71 35.159 -119.56 442 144 390 390 2014 7 3 21 15 6 1 54
31 67 71 35.056 -119.47 445 144 390 390 2014 7 3 21 16 6 1 54
31 67 71 34.953 -119.38 447 145 380 390 2014 7 3 21 17 6 1 54
31 67 71 34.954 -119.38 447 145 380 390 2014 7 3 21 18 6 1 54
31 67 71 34.729 -119.19 446 145 321 390 2014 7 3 21 19 6 1 54
31 67 71 34.637 -119.11 446 145 299 390 2014 7 3 21 20 7 1 54
31 67 71 34.554 -119 446 132 299 390 2014 7 3 21 21 10 1 54
31 67 71 34.539 -119.03 431 138 277 390 2014 7 3 21 22 6 1 54
31 67 71 34.443 -118.96 419 145 256 390 2014 7 3 21 23 6 1 54
31 67 71 34.22 -118.83 401 146 208 390 2014 7 3 21 24 6 1 25
31 67 71 34.158 -118.72 401 124 208 390 2014 7 3 21 25 8 1 25
31 67 71 34.119 -118.79 383 145 187 390 2014 7 3 21 26 6 1 25
31 67 71 34 -118.75 358 163 161 390 2014 7 3 21 27 6 1 25
31 67 71 33.9 -118.72 347 163 141 390 2014 7 3 21 28 6 1 24
31 67 71 33.817 -118.68 341 163 140 390 2014 7 3 21 29 6 1 24
31 67 71 33.717 -118.65 340 163 138 390 2014 7 3 21 30 6 1 2
31 67 71 33.633 -118.62 332 163 127 390 2014 7 3 21 31 6 1 2
31 67 71 33.581 -118.55 340 129 114 390 2014 7 3 21 32 6 1 2
31 67 71 33.524 -118.44 333 125 98 390 2014 7 3 21 33 6 1 2
31 67 71 33.503 -118.35 320 111 87 390 2014 7 3 21 34 6 1 2
31 67 71 33.534 -118.26 305 64 74 390 2014 7 3 21 35 6 1 2
31 67 71 33.565 -118.18 293 64 65 390 2014 7 3 21 36 6 1 2
31 67 71 33.592 -118.1 265 64 61 390 2014 7 3 21 37 6 1 2
31 67 71 33.623 -118.02 230 73 50 390 2014 7 3 21 38 6 1 2
31 67 71 33.666 -117.97 234 51 50 390 2014 7 3 21 39 6 1 2
31 67 71 33.718 -117.93 228 31 50 390 2014 7 3 21 40 6 1 2
31 67 71 33.77 -117.89 227 28 45 390 2014 7 3 21 41 6 1 2
31 67 71 33.779 -117.83 199 68 35 390 2014 7 3 21 42 6 1 2
31 67 71 33.741 -117.83 162 140 22 390 2014 7 3 21 43 6 1 2
31 67 71 33.708 -117.85 145 202 8 390 2014 7 3 21 44 6 1 2
31 67 71 33.675 -117.87 136 219 3 390 2014 7 3 21 45 6 1 2
33 67 71 37.362 -121.93 149 0 0 390 2014 7 4 2 43 6 4 156
33 67 71 37.417 -121.98 210 319 24 390 2014 7 4 2 44 6 4 156
33 67 71 37.45 -121.93 237 355 46 390 2014 7 4 2 45 6 4 156
33 67 71 37.417 -121.87 227 101 68 390 2014 7 4 2 46 6 4 156
33 67 71 37.35 -121.82 277 140 94 390 2014 7 4 2 47 15 4 154
33 67 71 37.3 -121.75 312 137 119 390 2014 7 4 2 48 16 4 154
33 67 71 37.244 -121.69 322 143 138 390 2014 7 4 2 49 6 4 174
33 67 71 37.169 -121.61 350 137 167 390 2014 7 4 2 50 6 4 174
33 67 71 37.096 -121.53 371 136 190 390 2014 7 4 2 51 6 4 174
33 67 71 36.998 -121.42 389 143 221 390 2014 7 4 2 52 6 4 168
33 67 71 36.912 -121.33 406 138 245 390 2014 7 4 2 53 6 4 168
33 67 71 36.822 -121.23 424 138 266 390 2014 7 4 2 54 6 4 168
33 67 71 36.727 -121.13 438 139 286 390 2014 7 4 2 55 6 4 189
33 67 71 36.632 -121.03 447 138 305 390 2014 7 4 2 56 6 4 189
33 67 71 36.537 -120.92 453 139 325 390 2014 7 4 2 57 6 4 189
33 67 71 36.419 -120.8 454 140 346 390 2014 7 4 2 58 16 4 189
33 67 71 36.309 -120.73 454 149 361 390 2014 7 4 2 59 6 4 189
33 67 71 36.199 -120.65 454 149 375 390 2014 7 4 3 0 6 4 189
33 67 71 36.091 -120.57 452 150 388 390 2014 7 4 3 1 16 4 189
33 67 71 35.983 -120.5 450 149 390 390 2014 7 4 3 2 6 4 189
33 67 71 35.876 -120.42 449 149 390 390 2014 7 4 3 3 6 4 189
33 67 71 35.767 -120.34 449 150 390 390 2014 7 4 3 4 16 4 188
33 67 71 35.655 -120.26 448 149 390 390 2014 7 4 3 5 16 1 54
33 67 71 35.55 -120.18 448 149 390 390 2014 7 4 3 6 6 1 54
33 67 71 35.441 -120.1 447 149 390 390 2014 7 4 3 7 6 1 54
33 67 71 35.331 -120.03 446 150 390 390 2014 7 4 3 8 6 1 54
33 67 71 35.223 -119.95 445 150 390 390 2014 7 4 3 9 16 1 54
33 67 71 35.115 -119.88 445 150 390 390 2014 7 4 3 10 6 1 54
33 67 71 35.017 -119.78 449 140 390 390 2014 7 4 3 11 6 1 54
33 67 71 34.903 -119.66 453 139 374 390 2014 7 4 3 12 16 1 54
33 67 71 34.808 -119.56 452 138 347 390 2014 7 4 3 13 16 1 54
33 67 71 34.714 -119.47 451 139 323 390 2014 7 4 3 14 6 1 54
33 67 71 34.621 -119.37 448 139 299 390 2014 7 4 3 15 6 1 54
33 67 71 34.524 -119.27 427 139 277 390 2014 7 4 3 16 15 1 54
33 67 71 34.438 -119.18 412 139 258 390 2014 7 4 3 17 6 1 54
33 67 71 34.355 -119.09 397 139 239 390 2014 7 4 3 18 6 1 24
33 67 71 34.276 -119.01 383 138 221 390 2014 7 4 3 19 16 1 24
33 67 71 34.276 -119.01 383 138 221 390 2014 7 4 3 20 6 1 24
33 67 71 34.199 -118.93 365 138 204 390 2014 7 4 3 21 6 1 25
33 67 71 34.036 -118.77 341 139 166 390 2014 7 4 3 22 15 1 25
33 67 71 33.933 -118.73 335 142 147 390 2014 7 4 3 23 15 1 24
33 67 71 33.85 -118.7 322 167 140 390 2014 7 4 3 24 16 1 24
33 67 71 33.854 -118.7 325 161 140 390 2014 7 4 3 25 15 1 24
33 67 71 33.767 -118.67 315 160 135 390 2014 7 4 3 26 6 1 24
33 67 71 33.695 -118.64 317 162 118 390 2014 7 4 3 27 6 1 2
33 67 71 33.6 -118.6 306 164 101 390 2014 7 4 3 28 6 1 2
33 67 71 33.55 -118.53 299 127 91 390 2014 7 4 3 29 16 1 2
33 67 71 33.55 -118.43 290 84 81 390 2014 7 4 3 30 7 1 2
33 67 71 33.574 -118.34 294 72 71 390 2014 7 4 3 31 6 1 2
33 67 71 33.593 -118.25 294 78 60 390 2014 7 4 3 32 6 1 2
33 67 71 33.614 -118.14 291 76 49 390 2014 7 4 3 33 6 1 2
33 67 71 33.629 -118.06 245 76 50 390 2014 7 4 3 34 6 1 2
33 67 71 33.65 -118 225 66 50 390 2014 7 4 3 35 6 1 2
33 67 71 33.706 -117.95 230 44 46 390 2014 7 4 3 36 6 1 2
33 67 71 33.75 -117.92 221 27 37 390 2014 7 4 3 37 16 1 2
33 67 71 33.808 -117.87 224 30 29 390 2014 7 4 3 38 15 1 2
33 67 71 33.838 -117.81 201 51 27 390 2014 7 4 3 39 16 1 2
33 67 71 33.797 -117.79 182 140 24 390 2014 7 4 3 40 16 1 2
33 67 71 33.752 -117.82 177 202 16 390 2014 7 4 3 41 6 1 2
33 67 71 33.716 -117.84 166 202 8 390 2014 7 4 3 42 6 1 2
33 67 71 33.684 -117.86 146 209 1 390 2014 7 4 3 43 6 1 2
33 67 71 33.653 -117.88 143 207 390 390 2014 7 4 3 44 16 1 51
36 67 71 37.417 -121.95 189 0 25 390 2014 7 4 18 19 16 4 156
36 67 71 37.395 -121.89 222 31 50 390 2014 7 4 18 20 15 4 156
36 67 71 37.395 -121.89 222 31 50 390 2014 7 4 18 21 6 4 156
36 67 71 37.348 -121.84 221 125 81 390 2014 7 4 18 22 6 4 154
36 67 71 37.285 -121.76 276 136 111 390 2014 7 4 18 23 6 4 154
36 67 71 37.216 -121.69 321 137 138 390 2014 7 4 18 24 15 4 174
36 67 71 37.141 -121.6 357 138 166 390 2014 7 4 18 25 15 4 174
36 67 71 37.053 -121.51 380 139 190 390 2014 7 4 18 26 6 4 174
36 67 71 36.97 -121.42 390 135 214 390 2014 7 4 18 27 16 4 168
36 67 71 36.889 -121.32 400 141 238 390 2014 7 4 18 28 6 4 168
36 67 71 36.799 -121.23 422 138 261 390 2014 7 4 18 29 6 4 168
36 67 71 36.708 -121.13 431 137 281 390 2014 7 4 18 30 6 4 189
36 67 71 36.614 -121.03 442 138 290 390 2014 7 4 18 31 15 4 189
36 67 71 36.52 -120.92 448 138 290 390 2014 7 4 18 32 6 4 189
36 67 71 36.426 -120.82 447 137 295 390 2014 7 4 18 33 6 4 189
36 67 71 36.309 -120.7 454 140 317 390 2014 7 4 18 34 6 4 189
36 67 71 36.21 -120.6 458 140 337 390 2014 7 4 18 35 16 4 189
36 67 71 36.113 -120.5 458 140 354 390 2014 7 4 18 36 16 4 189
36 67 71 36.016 -120.4 453 141 370 390 2014 7 4 18 37 16 4 189
36 67 71 35.919 -120.3 451 139 386 390 2014 7 4 18 38 6 4 189
36 67 71 35.823 -120.2 445 141 390 390 2014 7 4 18 39 16 4 189
36 67 71 35.707 -120.09 445 140 390 390 2014 7 4 18 40 15 1 54
36 67 71 35.631 -120.01 444 140 390 390 2014 7 4 18 41 6 1 54
36 67 71 35.533 -119.91 444 141 390 390 2014 7 4 18 42 16 1 54
36 67 71 35.417 -119.8 444 141 390 390 2014 7 4 18 43 15 1 54
36 67 71 35.322 -119.7 443 141 390 390 2014 7 4 18 44 6 1 54
36 67 71 35.224 -119.61 443 141 390 390 2014 7 4 18 45 6 1 54
36 67 71 35.123 -119.52 443 141 390 390 2014 7 4 18 46 6 1 54
36 67 71 35.02 -119.44 443 145 390 390 2014 7 4 18 47 16 1 54
36 67 71 34.92 -119.35 443 145 390 390 2014 7 4 18 48 6 1 54
36 67 71 34.819 -119.27 442 145 356 390 2014 7 4 18 49 6 1 54
36 67 71 34.72 -119.18 441 145 325 390 2014 7 4 18 50 6 1 54
36 67 71 34.619 -119.1 441 145 325 390 2014 7 4 18 51 16 1 54
36 67 71 34.491 -118.99 436 145 270 390 2014 7 4 18 52 16 1 54
36 67 71 34.392 -118.91 436 145 270 390 2014 7 4 18 53 16 1 54
36 67 71 34.395 -118.91 423 145 248 390 2014 7 4 18 54 6 1 54
36 67 71 34.2 -118.83 391 150 207 390 2014 7 4 18 55 15 1 25
36 67 71 34.1 -118.78 374 163 185 390 2014 7 4 18 56 15 1 25
36 67 71 34.071 -118.78 379 157 178 390 2014 7 4 18 57 6 1 25
36 67 71 33.971 -118.74 361 164 156 390 2014 7 4 18 58 6 1 25
36 67 71 33.817 -118.68 344 162 141 390 2014 7 4 18 59 6 1 24
36 67 71 33.733 -118.65 339 163 134 390 2014 7 4 19 0 6 1 2
36 67 71 33.633 -118.62 338 163 124 390 2014 7 4 19 1 6 1 2
36 67 71 33.567 -118.55 336 160 114 390 2014 7 4 19 2 16 1 2
36 67 71 33.55 -118.45 329 116 101 390 2014 7 4 19 3 6 1 2
36 67 71 33.533 -118.35 297 103 92 390 2014 7 4 19 4 15 1 2
36 67 71 33.517 -118.25 289 101 81 390 2014 7 4 19 5 16 1 2
36 67 71 33.5 -118.15 279 103 69 390 2014 7 4 19 6 6 1 2
36 67 71 33.517 -118.08 289 93 58 390 2014 7 4 19 7 16 1 2
36 67 71 33.6 -118.07 286 19 50 390 2014 7 4 19 8 16 1 2
36 67 71 33.65 -118.02 242 28 51 390 2014 7 4 19 9 15 1 2
36 67 71 33.65 -118.02 242 28 51 390 2014 7 4 19 10 6 1 2
36 67 71 33.748 -117.94 242 37 49 390 2014 7 4 19 11 6 1 2
36 67 71 33.8 -117.88 191 33 37 390 2014 7 4 19 12 6 1 2
36 67 71 33.79 -117.85 178 103 23 390 2014 7 4 19 13 6 1 2
36 67 71 33.75 -117.83 133 173 14 390 2014 7 4 19 14 6 1 2
36 67 71 33.717 -117.85 116 193 8 390 2014 7 4 19 15 16 1 2
36 67 71 33.686 -117.86 138 202 1 390 2014 7 4 19 16 15 1 2
36 67 71 33.655 -117.88 136 209 1 390 2014 7 4 19 17 16 1 2
