0 13.469 13.855 13.347 24.23 13.386 12.36 36.088 33.703 21.677 23.96 22.09 21.266 36.972 22.607 21.575 23.751 30.842 22.503 23.438 22.607 21.78 12.586 22.655 14.803 21.984 27.881 32.251 22.569 22.569 23.926 13.843 31.943 23.285 14.451 13.785 23.962
0 0 13.49 12.97 22.095 13.51 12.246 36.718 34.501 19.272 21.695 19.712 18.833 37.739 20.263 19.162 21.475 31.444 20.153 21.144 20.263 19.382 12.625 20.578 14.109 22.708 28.425 33.045 21.701 19.638 24.05 16.093 32.718 19.759 14.195 14.301 24.888
0 0 0 18.801 28.543 14.153 13.855 34.943 32.806 22.129 23.828 22.428 21.836 36.446 22.808 22.055 23.669 29.603 22.731 23.431 22.808 22.203 13.573 27.667 19.57 21.339 28.335 31.885 25.818 26.395 22.85 14.566 31.01 26.862 22.316 14.913 23.194
0 0 0 0 27.724 11.786 13.066 35.434 32.711 21.201 23.402 21.597 22.065 36.937 22.095 21.102 23.2 29.336 21.995 22.898 22.095 21.3 13.725 26.18 11.261 22.772 26.986 32.036 26.096 25.424 23.265 14.209 30.942 26.292 11.81 14.275 22.217
0 0 0 0 0 24.903 26.116 37.008 33.65 23.86 25.963 24.238 23.485 37.498 24.713 23.766 25.769 31.04 24.618 25.48 24.713 23.955 22.558 14.554 21.001 33.875 29.032 32.7 25.669 14.849 27.203 20.065 31.878 15.855 20.952 21.597 23.917
0 0 0 0 0 0 13.47 35.07 32.861 21.194 23.5 21.611 20.778 36.469 22.134 21.09 23.289 29.67 22.029 22.973 22.134 21.298 12.276 23.855 13.313 21.531 26.509 31.897 21.929 22.665 23.882 13.23 31.065 23.049 13.283 15.699 23.284
0 0 0 0 0 0 0 36.048 33.709 23.276 25.405 23.658 22.895 36.951 24.139 23.18 25.209 30.798 24.043 24.916 24.139 23.371 12.942 25.086 13.006 21.956 27.83 32.233 21.808 24.321 23.921 13.691 31.95 24.871 15.383 13.805 23.97
0 0 0 0 0 0 0 0 20.801 35.747 30.875 29.121 50.1 26.928 36.296 35.621 36.778 20.7 35.526 36.164 36.302 36.478 36.718 35.317 36.478 38.894 22.608 24.326 52.98 35.036 23.816 36.424 23.91 31.045 31.909 33.094 21.562
0 0 0 0 0 0 0 0 0 32.633 30.282 30.83 43.628 25.559 33.675 33.417 33.648 13.395 33.397 33.627 32.768 32.823 34.501 32.948 32.814 26.241 21.936 23.625 44.791 32.889 23.078 33.663 23.163 30.945 30.896 31.127 20.815
0 0 0 0 0 0 0 0 0 0 12.229 13.589 20.12 36.279 11.351 11.958 13.651 29.848 14.844 18.236 17.807 15.994 20.607 20.708 18.727 26.057 25.711 32.007 24.221 19.347 24.363 20.593 30.747 21.839 19.841 19.096 22.958
0 0 0 0 0 0 0 0 0 0 0 12.955 27.602 35.141 14.868 16.342 15.135 28.503 15.027 17.639 17.535 15.69 23.019 23.063 21.161 26.631 23.287 30.056 30.699 21.736 24.557 23.019 29.2 23.971 22.251 21.538 22.312
0 0 0 0 0 0 0 0 0 0 0 0 30.651 33.8 15.568 14.455 16.338 26.427 18.039 14.88 17.044 15.428 21.045 21.135 19.17 26.721 23.136 28.965 34.256 19.78 22.657 21.034 28.519 22.222 20.278 19.54 20.389
0 0 0 0 0 0 0 0 0 0 0 0 0 46.597 22.281 21.274 18.497 41.853 18.28 18.28 19.06 18.724 20.169 21.936 23.113 34.736 38.285 43.481 21.369 18.914 36.485 21.713 43.677 27.787 27.576 25.571 36.457
0 0 0 0 0 0 0 0 0 0 0 0 0 0 37.085 36.736 37.36 25.725 37.227 36.848 36.767 37.182 37.739 37.15 37.045 27.872 25.535 25.461 48.152 36.481 27.131 37.156 25.795 35.435 35.553 35.392 26.692
0 0 0 0 0 0 0 0 0 0 0 0 0 0 0 13.95 14.477 30.986 12.699 10.397 13.287 11.793 21.593 21.669 19.722 26.266 28.142 32.343 25.229 20.323 23.959 21.585 31.912 22.704 20.826 20.095 23.931
0 0 0 0 0 0 0 0 0 0 0 0 0 0 0 0 16.396 30.334 13.326 13.974 15.986 13.522 20.497 20.602 18.617 26.036 27.291 32.068 23.871 19.239 23.378 20.483 31.631 21.744 19.732 18.985 24.09
0 0 0 0 0 0 0 0 0 0 0 0 0 0 0 0 0 31.012 12.525 11.754 15.001 12.968 22.799 22.848 20.939 26.57 28.745 32.578 23.856 21.518 24.345 22.798 31.878 23.775 22.031 21.316 23.907
0 0 0 0 0 0 0 0 0 0 0 0 0 0 0 0 0 0 30.121 30.648 30.17 30.279 31.444 29.551 30.279 25.996 20.894 22.535 42.646 29.703 21.924 30.988 21.995 27.436 27.371 27.717 19.646
0 0 0 0 0 0 0 0 0 0 0 0 0 0 0 0 0 0 0 14.144 14.775 12.736 21.483 21.562 19.612 26.241 26.868 32.736 22.607 20.214 24.003 21.474 31.598 22.607 20.716 19.984 23.554
0 0 0 0 0 0 0 0 0 0 0 0 0 0 0 0 0 0 0 0 15.545 12.014 22.47 22.526 20.607 26.482 27.58 32.152 23.543 21.192 24.028 22.467 31.845 23.481 21.702 20.983 24.017
0 0 0 0 0 0 0 0 0 0 0 0 0 0 0 0 0 0 0 0 0 14.557 21.593 21.669 19.722 26.266 28.401 31.89 22.711 20.323 23.31 21.585 30.995 22.704 20.826 20.095 23.039
0 0 0 0 0 0 0 0 0 0 0 0 0 0 0 0 0 0 0 0 0 0 20.716 20.815 18.838 26.078 29.083 32.205 22.505 19.672 23.535 20.703 31.039 21.935 19.95 19.207 23.121
0 0 0 0 0 0 0 0 0 0 0 0 0 0 0 0 0 0 0 0 0 0 0 21.041 14.163 22.708 28.425 33.045 22.476 20.057 24.05 15.554 32.718 20.228 17.217 17.166 24.888
0 0 0 0 0 0 0 0 0 0 0 0 0 0 0 0 0 0 0 0 0 0 0 0 19.446 32.249 26.169 32.553 25.581 14.944 25.8 18.349 31.153 14.24 20.266 20.295 22.741
0 0 0 0 0 0 0 0 0 0 0 0 0 0 0 0 0 0 0 0 0 0 0 0 0 22.45 29.083 32.205 26.856 19.893 23.535 12.602 31.039 18.633 12.028 14.386 23.121
0 0 0 0 0 0 0 0 0 0 0 0 0 0 0 0 0 0 0 0 0 0 0 0 0 0 33.567 30.988 37.486 31.783 20.645 22.232 34.399 32.966 24.442 22.947 20.956
0 0 0 0 0 0 0 0 0 0 0 0 0 0 0 0 0 0 0 0 0 0 0 0 0 0 0 25.239 40.335 26.549 26.435 28.302 16.512 23 23.771 24.325 22.961
0 0 0 0 0 0 0 0 0 0 0 0 0 0 0 0 0 0 0 0 0 0 0 0 0 0 0 0 45.342 31.903 18.725 32.403 23.232 30.325 29.872 30.699 18.612
0 0 0 0 0 0 0 0 0 0 0 0 0 0 0 0 0 0 0 0 0 0 0 0 0 0 0 0 0 23.55 38.517 25.746 46.585 31.007 31.175 29.401 37.932
0 0 0 0 0 0 0 0 0 0 0 0 0 0 0 0 0 0 0 0 0 0 0 0 0 0 0 0 0 0 24.824 18.255 31.094 17.391 20.357 18.802 23.331
0 0 0 0 0 0 0 0 0 0 0 0 0 0 0 0 0 0 0 0 0 0 0 0 0 0 0 0 0 0 0 23.685 24.453 24.986 20.593 21.233 12.121
0 0 0 0 0 0 0 0 0 0 0 0 0 0 0 0 0 0 0 0 0 0 0 0 0 0 0 0 0 0 0 0 31.898 18.985 12.043 14.122 23.918
0 0 0 0 0 0 0 0 0 0 0 0 0 0 0 0 0 0 0 0 0 0 0 0 0 0 0 0 0 0 0 0 0 29.456 29.127 29.58 21.235
0 0 0 0 0 0 0 0 0 0 0 0 0 0 0 0 0 0 0 0 0 0 0 0 0 0 0 0 0 0 0 0 0 0 19.647 19.472 21.487
0 0 0 0 0 0 0 0 0 0 0 0 0 0 0 0 0 0 0 0 0 0 0 0 0 0 0 0 0 0 0 0 0 0 0 11.235 19.629
0 0 0 0 0 0 0 0 0 0 0 0 0 0 0 0 0 0 0 0 0 0 0 0 0 0 0 0 0 0 0 0 0 0 0 0 20.891
0 0 0 0 0 0 0 0 0 0 0 0 0 0 0 0 0 0 0 0 0 0 0 0 0 0 0 0 0 0 0 0 0 0 0 0 0
