0 30.835 94.048 68.529 13.469 13.855 64.132 43.986 31.097 38.442 76.932 13.347 58.535 24.23 13.386 55.01 32.806 28.857 12.36 64.119 56.537 74.361 74.88 167.18 161.56 49.689 49.428 49.405 49.564 49.561 49.216 53.653 36.088 33.703 21.677 23.96 22.09 21.266 36.972 22.607 88.786 64.567 88.736 88.628 189.33 120.78 135.67 135.68 132.98 21.575 74.36 23.751 30.842 37.45 22.503 23.438 22.607 21.78 12.586 37.862 64.587 22.655 14.803 63.525 21.984 27.881 32.251 22.569 22.569 23.926 34.485 13.843 31.943 23.285 14.451 13.785 23.962
0 0 118.83 68.023 31.187 31.59 63.685 45.812 44.493 37.804 76.117 30.693 57.551 32.645 30.531 53.878 31.176 37.368 30.459 63.688 63.666 73.875 81.617 168.23 161.7 76.582 76.524 76.347 76.569 76.789 76.529 71.257 35.758 32.034 30.501 30.465 30.508 30.502 36.34 30.464 88.076 63.47 87.844 87.319 189.56 120.4 135.33 152.13 133.41 31.031 73.415 30.87 30.465 35.941 30.485 30.509 30.472 31.033 30.68 37.213 63.708 30.531 31.031 62.783 30.522 30.453 31.758 31.395 30.596 30.456 34.885 31.215 30.496 30.618 30.539 30.516 30.754
0 0 0 152.24 94.152 93.93 111.85 77.369 93.667 95.594 144.32 93.754 116.31 93.754 93.754 93.952 93.772 93.843 93.667 111.62 57.03 150.81 58.935 133.24 136.45 46.467 46.616 46.006 46.576 46.372 46.483 58.416 95.992 96.405 93.93 93.762 93.545 93.611 106.57 93.755 154.04 112 152.75 153.02 137.12 120.88 132.61 135.06 133.2 93.234 152.35 93.981 93.763 93.434 93.755 93.739 93.754 94.183 93.966 109.95 111.9 93.777 93.598 111.65 93.911 93.812 93.858 93.354 93.653 93.816 93.365 93.902 93.896 93.757 93.755 93.77 93.757
0 0 0 0 69.349 68.224 44.566 93.12 89.579 58.705 16.888 68.306 41.146 68.828 68.238 62.104 59.876 90.041 68.728 45.711 108.58 24.904 133.6 224.91 219.3 106.99 107.26 106.61 107.22 107.05 106.73 111.43 59.503 59.977 68.049 67.699 66.883 76.869 47.25 68.593 22.216 44.414 21.706 21.246 247.44 166.99 193.19 193.37 187.2 68.393 24.41 68.75 60.736 87.654 69.046 68.458 68.457 68.784 69.349 44.108 44.263 68.988 68.224 45.131 63.577 60.619 59.611 78.142 68.245 61.599 76.776 68.633 60.863 67.089 67.089 67.215 62.384
0 0 0 0 0 13.49 64.948 43.511 31.27 39.244 77.209 12.97 59.375 22.095 13.51 55.855 33.663 29.207 12.246 64.937 55.781 75.246 74.511 166.93 161.38 49.485 49.653 49.579 49.69 49.748 50.28 53.255 36.718 34.501 19.272 21.695 19.712 18.833 37.739 20.263 89.566 65.259 89.447 89.481 189.4 120.83 135.51 135.97 133.13 19.162 74.927 21.475 31.444 36.124 20.153 21.144 20.263 19.382 12.625 38.63 64.727 20.578 14.109 64.319 22.708 28.425 33.045 21.701 19.638 24.05 33.92 16.093 32.718 19.759 14.195 14.301 24.888
0 0 0 0 0 0 63.808 49.502 30.861 38.092 76.506 18.801 58.015 28.543 14.153 54.8 31.949 28.72 13.855 63.802 55.987 74.622 74.885 166.77 161.89 49.961 49.785 49.621 49.867 49.438 49.754 53.762 34.943 32.806 22.129 23.828 22.428 21.836 36.446 22.808 88.248 63.632 87.869 88.346 189.74 120.68 135.25 135.85 133.17 22.055 74.136 23.669 29.603 40.681 22.731 23.431 22.808 22.203 13.573 37.337 64.08 27.667 19.57 63.08 21.339 28.335 31.885 25.818 26.395 22.85 42.171 14.566 31.01 26.862 22.316 14.913 23.194
0 0 0 0 0 0 0 96.221 67.117 28.446 33.939 63.62 16.899 64.45 63.823 44.828 33.892 71.262 64.119 11.421 71.344 45.437 89.785 182.01 176.52 81.662 80.925 81.681 86.162 87.058 81.864 68.273 31.037 37.871 63.684 61.389 59.223 76.469 36.635 64.2 49.159 25.032 44.602 44.047 204.68 136 150.37 150.88 148.23 63.987 44.317 64.367 38.711 89.558 64.626 64.056 63.885 64.439 64.948 33.138 12.419 64.565 63.817 12.003 60.658 40.289 34.787 79.008 63.83 43.187 82.674 64.243 33.998 61.542 61.37 62.799 43.881
0 0 0 0 0 0 0 0 41.329 71.329 101.31 49.171 86.493 44.078 44.078 84.301 67.871 44.012 43.953 96.213 61.306 96.113 66.474 152.08 148.22 42.312 46.783 41.459 35.781 35.632 42.017 66.886 72.438 61.7 48.369 53.27 57.005 29.706 63.112 48.865 108.22 96.609 107.54 107.66 176.35 118.7 127.55 129.82 126.87 47.389 96.053 43.883 60.26 17.77 44.472 44.102 43.796 43.694 43.198 64.466 91.028 48.599 50.552 97.014 42.081 58.694 62.705 26.628 44.362 56.66 30.711 49.171 66.725 53.924 53.422 52.468 56.929
0 0 0 0 0 0 0 0 0 48.213 91.717 32.437 63.313 30.801 31.025 53.961 41.841 30.836 30.841 66.986 55.987 93.405 74.984 167.01 161.42 49.634 49.737 49.417 49.923 49.588 49.36 53.391 45.398 41.126 31.553 31.652 33.061 31.179 50.488 31.01 98.606 67.163 97.769 97.633 189.58 121.05 135.59 135.72 133.21 30.842 97.57 31.196 34.869 45.715 30.902 30.802 31.214 31.371 30.803 53.107 61.523 31.132 31.145 67.19 31.371 31.962 40.237 33.236 30.831 30.817 31.179 31.249 40.669 31.66 31.214 30.831 31.592
0 0 0 0 0 0 0 0 0 0 49.538 37.93 22.201 38.848 38.104 28.232 13.604 56.119 38.426 28.519 57.196 58.636 75.34 167.7 162.46 61.716 62.026 62.197 64.653 63.411 62.476 54.257 24.314 24.035 38.136 36.207 34.52 48.908 24.29 38.526 62.291 28.44 58.575 58.493 190.25 122.76 136.55 137.23 134.58 38.272 59 38.739 23.641 64.589 38.933 38.351 38.028 38.308 39.244 34.338 27.801 38.424 38.308 29.73 37.983 31.124 13.878 51.75 38.111 27.72 60.392 38.58 30.848 36.12 35.877 36.571 28.51
0 0 0 0 0 0 0 0 0 0 0 76.913 29.195 76.915 76.531 70.147 53.744 97 77.735 34.158 102.35 26.054 121.8 214.42 209.15 102.91 103.23 103.78 103.41 103.58 103.35 101.01 51.505 51.722 76.739 76.505 75.037 85.793 44.197 76.914 23.27 33.81 21.255 16.699 236.8 167.64 183 183.23 180.29 76.787 23.27 76.948 58.134 95.674 76.982 76.898 76.927 76.98 77.209 41.501 35.035 77.043 76.909 33.775 70.84 66.442 52.884 87.382 76.81 69.313 85.478 76.907 54.069 75.94 75.908 75.975 69.234
0 0 0 0 0 0 0 0 0 0 0 0 58.23 27.724 11.786 53.608 31.827 28.745 13.066 63.804 55.459 75.272 74.984 167.36 161.45 49.564 49.689 49.748 49.691 49.38 49.555 53.324 35.434 32.711 21.201 23.402 21.597 22.065 36.937 22.095 87.962 63.157 87.516 87.66 189.61 120.76 135.67 135.81 133.3 21.102 74.272 23.2 29.336 40.859 21.995 22.898 22.095 21.3 13.725 38.095 63.904 26.18 11.261 62.709 22.772 26.986 32.036 26.096 25.424 23.265 41.98 14.209 30.942 26.292 11.81 14.275 22.217
0 0 0 0 0 0 0 0 0 0 0 0 0 58.741 58.046 43.435 27.819 70.179 58.59 14.655 74.421 40.307 94.118 186.59 180.8 78.926 78.052 78.933 77.461 77.703 78.2 72.697 25.952 27.208 57.558 55.594 54.038 68.884 26.742 58.576 44.883 24.558 39.93 40.513 208.61 140.05 154.43 155.08 152.74 58.363 40.444 58.684 31.92 81.394 58.738 58.484 58.359 58.412 59.375 23.987 13.46 58.482 58.346 16.41 49.399 37.919 27.266 70.571 58.062 42.654 71.681 58.603 28.969 55.228 55.699 56.681 43.399
0 0 0 0 0 0 0 0 0 0 0 0 0 0 24.903 55.233 32.767 30.448 26.116 64.434 55.781 74.478 75.006 167.09 160.97 49.695 49.965 49.387 50.17 50.298 49.683 53.39 37.008 33.65 23.86 25.963 24.238 23.485 37.498 24.713 89.215 64.896 89.187 88.797 189.07 120.79 135.1 135.4 133.2 23.766 74.397 25.769 31.04 36.789 24.618 25.48 24.713 23.955 22.558 38.382 64.54 14.554 21.001 63.924 33.875 29.032 32.7 25.669 14.849 27.203 34.569 20.065 31.878 15.855 20.952 21.597 23.917
0 0 0 0 0 0 0 0 0 0 0 0 0 0 0 54.864 32.005 28.959 13.47 63.816 56.02 74.432 75.256 167 161.41 50.436 50.144 49.732 50.191 50.195 49.615 53.274 35.07 32.861 21.194 23.5 21.611 20.778 36.469 22.134 88.277 63.685 87.919 88.401 189.57 120.64 135.48 135.71 133.64 21.09 74.051 23.289 29.67 36.078 22.029 22.973 22.134 21.298 12.276 37.36 64.106 23.855 13.313 63.102 21.531 26.509 31.897 21.929 22.665 23.882 34.662 13.23 31.065 23.049 13.283 15.699 23.284
0 0 0 0 0 0 0 0 0 0 0 0 0 0 0 0 23.929 62.104 55.002 44.524 55.423 68.602 74.764 167.18 161.34 74.371 73.506 74.388 73.336 74.821 73.871 53.482 22.496 24.123 53.846 52.087 50.376 66.111 26.916 55.054 76.458 45.302 76.069 75.177 189.27 120.84 135.33 135.93 133.34 54.928 71.317 55.171 25.623 78.671 55.21 54.965 54.38 54.543 55.855 36.319 45.237 54.35 54.543 44.457 47.608 32.431 23.722 67.802 54.866 35.334 69.867 55.084 25.059 51.816 51.635 52.496 35.789
0 0 0 0 0 0 0 0 0 0 0 0 0 0 0 0 0 45.667 32.812 33.358 55.518 59.496 74.674 167.29 161.73 54.248 53.418 54.277 60.572 59.939 53.405 53.454 23.334 22.962 31.62 30.246 28.75 44.818 25.083 32.781 63.99 33.865 59.95 59.634 189.48 121.02 135.06 135.62 133.21 32.575 59.482 32.761 23.035 60.525 32.531 32.79 31.887 31.942 33.663 36.457 33.038 32.07 31.942 34.85 35.337 28.718 11.811 47.583 32.034 18.997 57.43 32.771 28.584 30.862 30.01 30.248 18.37
0 0 0 0 0 0 0 0 0 0 0 0 0 0 0 0 0 0 29.229 71.567 56.071 95.575 75.203 167.04 161.33 49.604 49.65 49.654 49.708 49.439 49.566 52.955 47.006 47.131 29.055 28.745 28.614 29.688 54.31 28.688 103.54 71.381 103.08 102.29 189.38 120.94 135.55 135.65 133.39 29.513 99.537 28.797 41.039 36.13 30.079 29.684 29.015 28.57 29.278 56.61 71.464 29.5 28.608 71.192 28.689 35.536 45.665 29.033 29.075 28.699 34.672 28.569 45.314 30.24 28.706 28.585 28.105
0 0 0 0 0 0 0 0 0 0 0 0 0 0 0 0 0 0 0 64.107 55.737 75.176 75.269 166.91 161.37 49.661 50.295 49.381 50.264 49.92 49.746 53.103 36.048 33.709 23.276 25.405 23.658 22.895 36.951 24.139 88.767 64.535 88.707 88.621 189.41 120.88 135.48 135.88 133.08 23.18 75.227 25.209 30.798 35.733 24.043 24.916 24.139 23.371 12.942 38.205 64.568 25.086 13.006 63.508 21.956 27.83 32.233 21.808 24.321 23.921 34.004 13.691 31.95 24.871 15.383 13.805 23.97
0 0 0 0 0 0 0 0 0 0 0 0 0 0 0 0 0 0 0 0 70.704 45.414 89.759 181.79 176.08 81.476 81.113 81.509 86.227 87.687 81.762 68.117 30.635 37.286 63.686 60.952 59.2 76.591 36.931 64.187 49.208 25.806 45.889 44.661 203.95 136.06 150.49 150.64 148.52 63.977 44.835 64.351 37.9 89.749 64.623 64.045 64.075 64.579 64.937 33.301 10.737 64.566 63.798 11.273 60.482 40.202 34.91 78.24 63.823 43.667 82.483 64.229 33.827 60.718 61.438 62.801 44.48
0 0 0 0 0 0 0 0 0 0 0 0 0 0 0 0 0 0 0 0 0 108.35 29.052 122.88 115.44 35.571 34.91 34.894 54.882 54.098 55.788 21.611 56.079 55.754 55.793 61.541 55.728 55.94 76.83 55.518 118.54 71.083 108.27 108.65 143.27 92.928 93.589 102.51 101.99 55.894 108.35 55.294 55.961 56.112 55.779 55.793 55.781 55.779 55.459 80.371 71.016 56.048 55.856 70.851 55.669 56.104 55.357 55.172 56.729 55.077 54.781 55.812 55.233 55.961 55.556 56.182 55.704
0 0 0 0 0 0 0 0 0 0 0 0 0 0 0 0 0 0 0 0 0 0 133 224.32 219.56 105.96 105.93 105.85 106.02 105.82 105.98 111.29 59.555 59.516 74.256 74.206 74.321 81.876 46.301 74.394 18.077 44.377 18.234 24.903 247.67 167.3 193.49 193.34 186.35 74.721 20.363 74.387 60.366 91.129 75.266 74.409 74.538 74.701 75.246 41.756 44.691 74.851 74.47 44.292 68.904 65.457 59.583 82.112 74.421 67.644 79.332 74.839 59.44 74.396 74.492 74.301 67.668
0 0 0 0 0 0 0 0 0 0 0 0 0 0 0 0 0 0 0 0 0 0 0 97.023 93.196 35.112 35.108 35.267 58.488 58.139 52.792 22.453 74.864 74.816 74.594 77.215 75.139 75.014 89.036 74.504 135.09 90.287 133.11 133.03 115.34 92.776 93.608 102.83 103.36 74.85 133.24 74.647 75.116 75.526 75.027 74.533 74.896 74.865 74.922 93.195 90.046 74.564 74.934 89.865 74.836 75.436 75.112 75.175 76.057 75.191 74.519 74.49 74.938 75.387 75.154 75.035 74.511
0 0 0 0 0 0 0 0 0 0 0 0 0 0 0 0 0 0 0 0 0 0 0 0 12.828 119.12 118.79 118.76 119.04 118.7 125.74 114.23 167.61 167.06 167.57 168.43 166.97 166.87 179.29 166.74 225.88 181.86 224.42 224.89 116.16 75.691 37.074 35.614 57.087 166.92 224.41 167.42 166.64 166.66 167.35 166.82 167.48 167.33 166.87 183.71 181.79 166.91 166.87 181.7 167.1 167.23 166.78 167.08 166.96 167.41 167.42 166.77 166.93 166.93 167.26 167.19 167.16
0 0 0 0 0 0 0 0 0 0 0 0 0 0 0 0 0 0 0 0 0 0 0 0 0 114.33 114.26 114.25 113.9 113.86 125.51 108.38 161.53 161.34 161.24 163 161.23 161.45 175.05 161.5 220.82 176.1 219.4 219.03 116.12 66.138 29.749 29.575 47.665 161.46 219.38 161.64 161.12 161.17 161.82 161.37 161.45 161.23 161.59 179.03 176.26 161.3 161.75 176.54 161.41 161.32 161.28 161.07 161.5 161.36 161.02 161.16 161.23 161.34 161.32 161.23 161.21
0 0 0 0 0 0 0 0 0 0 0 0 0 0 0 0 0 0 0 0 0 0 0 0 0 0 16.394 13.33 36.556 34.898 31.649 36.126 54.849 55.206 49.869 50.476 49.406 49.992 63.112 49.365 110.57 82.269 110.12 109.89 142.05 93.459 95.429 108.42 99.596 49.597 108.16 50.056 50.521 49.71 49.743 49.667 49.939 49.302 50.393 66.444 81.513 49.802 49.743 81.271 50.081 49.984 54.059 49.59 49.904 49.676 50.428 50.449 52.34 50.351 49.856 49.869 50.406
0 0 0 0 0 0 0 0 0 0 0 0 0 0 0 0 0 0 0 0 0 0 0 0 0 0 0 15.108 43.077 40.215 31.458 35.856 53.984 54.331 49.753 50.187 49.651 49.513 62.766 49.639 109.7 81.404 109.26 109.17 142.02 95.257 95.973 111.11 104.29 49.534 107.72 49.821 50.323 50.013 50.113 49.871 50.55 49.637 49.966 66.067 81.019 49.731 50.291 81.511 49.831 50.387 53.21 49.274 50.387 49.694 50.253 50.536 51.648 50.013 50.392 49.75 50.44
0 0 0 0 0 0 0 0 0 0 0 0 0 0 0 0 0 0 0 0 0 0 0 0 0 0 0 0 38.173 35.914 31.642 36.139 54.866 55.202 49.616 50.232 49.412 49.544 63.046 49.391 110.58 82.286 110.14 109.84 142.3 93.884 95.941 108.84 100.41 49.436 107.73 49.629 50.407 49.403 49.476 49.412 49.525 49.403 50.135 66.59 81.538 49.616 49.476 81.3 49.632 49.783 54.086 49.385 49.783 49.621 49.841 49.697 52.358 49.151 49.696 49.654 49.387
0 0 0 0 0 0 0 0 0 0 0 0 0 0 0 0 0 0 0 0 0 0 0 0 0 0 0 0 0 15.692 36.294 58.919 64.393 53.443 49.827 50.316 51.255 49.497 62.606 49.662 109.2 86.328 108.89 109.42 142.17 93.248 95.618 107.4 98.083 49.7 107.46 49.912 50.392 50.222 50.329 50.068 50.38 49.652 50.082 66.578 80.594 49.8 50.407 86.751 49.923 50.392 56.058 49.427 50.392 49.751 50.406 50.796 60.055 49.831 50.391 49.832 50.144
0 0 0 0 0 0 0 0 0 0 0 0 0 0 0 0 0 0 0 0 0 0 0 0 0 0 0 0 0 0 35.255 59.096 64.121 53.83 49.822 50.319 49.77 49.459 62.983 49.61 109.62 87.602 109.08 109.13 142.14 92.928 95.184 107.88 97.866 49.419 107.59 49.323 50.819 49.581 50.028 49.571 50.637 49.796 49.812 66.069 81.089 49.459 49.771 87.673 49.399 49.671 55.504 50.263 49.671 49.149 49.909 50.565 59.115 49.531 49.822 49.394 49.606
0 0 0 0 0 0 0 0 0 0 0 0 0 0 0 0 0 0 0 0 0 0 0 0 0 0 0 0 0 0 0 41.565 54.391 54.008 49.951 50.096 49.734 49.574 63.092 49.552 110.51 81.945 109.69 110.12 141.87 120.5 125.84 133.05 127.45 49.207 107.74 49.598 50.157 49.692 49.81 49.876 49.946 49.994 49.735 66.276 81.536 49.604 49.897 81.819 49.55 50.296 53.384 49.661 50.286 49.552 49.794 50.048 52.7 49.383 50.154 49.623 49.683
0 0 0 0 0 0 0 0 0 0 0 0 0 0 0 0 0 0 0 0 0 0 0 0 0 0 0 0 0 0 0 0 53.902 53.544 53.423 56.129 53.259 53.808 69.181 53.112 113.21 68.074 111.18 111.42 136.43 91.557 91.746 107.39 97.783 53.312 111.45 53.427 53.004 59.145 53.51 53.069 53.368 53.353 53.358 73.435 67.941 54.241 53.576 68.345 53.306 53.244 53.232 53.172 54.117 53.258 55.876 53.094 53.447 53.248 53.286 53.22 53.18
0 0 0 0 0 0 0 0 0 0 0 0 0 0 0 0 0 0 0 0 0 0 0 0 0 0 0 0 0 0 0 0 0 20.801 35.747 30.875 29.121 50.1 26.928 36.296 64.284 30.876 59 59.793 189.56 120.86 135.25 135.88 133.03 35.621 59.512 36.778 20.7 65.518 35.526 36.164 36.302 36.478 36.718 36.246 30.364 35.317 36.478 30.246 38.894 22.608 24.326 52.98 35.036 23.816 61.023 36.424 23.91 31.045 31.909 33.094 21.562
0 0 0 0 0 0 0 0 0 0 0 0 0 0 0 0 0 0 0 0 0 0 0 0 0 0 0 0 0 0 0 0 0 0 32.633 30.282 30.83 43.628 25.559 33.675 64.198 37.625 59.247 59.38 189.15 120.67 135.66 136.01 133.29 33.417 59.39 33.648 13.395 56.265 33.397 33.627 32.768 32.823 34.501 36.897 32.096 32.948 32.814 37.888 26.241 21.936 23.625 44.791 32.889 23.078 46.861 33.663 23.163 30.945 30.896 31.127 20.815
0 0 0 0 0 0 0 0 0 0 0 0 0 0 0 0 0 0 0 0 0 0 0 0 0 0 0 0 0 0 0 0 0 0 0 12.229 13.589 20.12 36.279 11.351 87.756 63.152 87.566 87.309 189.31 120.91 135.17 135.79 133.3 11.958 74.39 13.651 29.848 40.104 14.844 18.236 17.807 15.994 20.607 37.159 63.712 20.708 18.727 63.168 26.057 25.711 32.007 24.221 19.347 24.363 43.207 20.593 30.747 21.839 19.841 19.096 22.958
0 0 0 0 0 0 0 0 0 0 0 0 0 0 0 0 0 0 0 0 0 0 0 0 0 0 0 0 0 0 0 0 0 0 0 0 12.955 27.602 35.141 14.868 86.455 61.245 86.976 86.028 191.17 127.65 139.64 140.36 138.36 16.342 73.581 15.135 28.503 45.078 15.027 17.639 17.535 15.69 23.019 36.891 60.564 23.063 21.161 60.043 26.631 23.287 30.056 30.699 21.736 24.557 45.801 23.019 29.2 23.971 22.251 21.538 22.312
0 0 0 0 0 0 0 0 0 0 0 0 0 0 0 0 0 0 0 0 0 0 0 0 0 0 0 0 0 0 0 0 0 0 0 0 0 30.651 33.8 15.568 85.309 58.604 85.31 84.507 189.41 120.92 135.37 135.62 133.29 14.455 73.978 16.338 26.427 47.866 18.039 14.88 17.044 15.428 21.045 36.573 58.652 21.135 19.17 58.658 26.721 23.136 28.965 34.256 19.78 22.657 47.804 21.034 28.519 22.222 20.278 19.54 20.389
0 0 0 0 0 0 0 0 0 0 0 0 0 0 0 0 0 0 0 0 0 0 0 0 0 0 0 0 0 0 0 0 0 0 0 0 0 0 46.597 22.281 96.998 76.605 97.031 96.998 189.36 120.86 135.24 135.38 133.36 21.274 81.602 18.497 41.853 21.484 18.28 18.28 19.06 18.724 20.169 47.616 74.122 21.936 23.113 77.527 34.736 38.285 43.481 21.369 18.914 36.485 25.296 21.713 43.677 27.787 27.576 25.571 36.457
0 0 0 0 0 0 0 0 0 0 0 0 0 0 0 0 0 0 0 0 0 0 0 0 0 0 0 0 0 0 0 0 0 0 0 0 0 0 0 37.085 52.843 36.232 53.248 52.424 203.07 143.01 153.57 154.56 152.06 36.736 48.652 37.36 25.725 57.858 37.227 36.848 36.767 37.182 37.739 36.321 28.548 37.15 37.045 37.333 27.872 25.535 25.461 48.152 36.481 27.131 47.838 37.156 25.795 35.435 35.553 35.392 26.692
0 0 0 0 0 0 0 0 0 0 0 0 0 0 0 0 0 0 0 0 0 0 0 0 0 0 0 0 0 0 0 0 0 0 0 0 0 0 0 0 88.883 64.729 88.883 88.663 189.42 120.41 135.23 135.9 132.77 13.95 74.322 14.477 30.986 40.726 12.699 10.397 13.287 11.793 21.593 37.974 64.581 21.669 19.722 63.613 26.266 28.142 32.343 25.229 20.323 23.959 41.312 21.585 31.912 22.704 20.826 20.095 23.931
0 0 0 0 0 0 0 0 0 0 0 0 0 0 0 0 0 0 0 0 0 0 0 0 0 0 0 0 0 0 0 0 0 0 0 0 0 0 0 0 0 49.243 17.821 22.063 248.98 184.59 196.88 197.28 194.79 88.568 18.514 89.107 65.071 103.71 88.946 88.675 88.391 88.644 89.566 51.345 48.789 88.228 88.644 49.236 77.834 71.858 64.2 96.354 88.292 75.593 89.048 88.942 64.645 85.804 85.688 86.377 75.613
0 0 0 0 0 0 0 0 0 0 0 0 0 0 0 0 0 0 0 0 0 0 0 0 0 0 0 0 0 0 0 0 0 0 0 0 0 0 0 0 0 0 44.375 44.551 204.2 136.13 150.46 150.7 147.91 64.195 44.533 64.845 37.783 89.488 64.218 64.377 64.037 64.173 65.259 33.459 21.775 63.677 64.173 25.433 60.66 39.779 34.442 78.496 63.712 43.87 82.619 64.773 33.96 61.195 61.08 61.839 44.249
0 0 0 0 0 0 0 0 0 0 0 0 0 0 0 0 0 0 0 0 0 0 0 0 0 0 0 0 0 0 0 0 0 0 0 0 0 0 0 0 0 0 0 19.997 247.34 167.35 193.18 193.3 186.7 88.395 24.128 89.117 64.23 103.1 88.468 88.563 88.339 88.511 89.447 51.543 44.149 87.928 88.511 43.934 77.186 71.671 59.468 96.292 87.945 75.22 89.023 88.973 60.71 86.515 86.525 86.519 75.125
0 0 0 0 0 0 0 0 0 0 0 0 0 0 0 0 0 0 0 0 0 0 0 0 0 0 0 0 0 0 0 0 0 0 0 0 0 0 0 0 0 0 0 0 247.11 169.17 193.39 193.36 187.52 88.559 22.063 88.751 64.123 103.86 88.912 88.591 87.935 88.07 89.481 51.366 44.736 88.309 88.052 44.237 77.568 72.016 59.704 96.313 88.429 74.232 89.162 88.685 61.067 86.03 85.815 86.465 74.872
0 0 0 0 0 0 0 0 0 0 0 0 0 0 0 0 0 0 0 0 0 0 0 0 0 0 0 0 0 0 0 0 0 0 0 0 0 0 0 0 0 0 0 0 0 116 116.15 127.04 122.78 189.25 247.42 189.53 189.2 189.25 189.68 189.41 189.38 189.18 189.44 207.18 204.23 189.35 189.62 204.37 189.21 189.5 189.46 189.28 189.52 189.53 189.12 189.36 189.18 189.51 189.25 189.41 189.28
0 0 0 0 0 0 0 0 0 0 0 0 0 0 0 0 0 0 0 0 0 0 0 0 0 0 0 0 0 0 0 0 0 0 0 0 0 0 0 0 0 0 0 0 0 0 39.064 50.364 22.816 120.84 167.18 120.78 120.9 121.29 121 120.71 120.55 120.89 120.38 146.71 136.2 120.33 120.88 136.14 120.32 120.59 120.98 120.51 121.44 120.53 120.84 120.81 120.51 120.55 120.96 121.14 120.76
0 0 0 0 0 0 0 0 0 0 0 0 0 0 0 0 0 0 0 0 0 0 0 0 0 0 0 0 0 0 0 0 0 0 0 0 0 0 0 0 0 0 0 0 0 0 0 19.223 21.848 135.16 193.23 135.59 135.22 135.1 135.27 135.39 135.77 135.14 135.29 157.51 150.26 135.5 135.31 150.28 135.37 135.12 135.28 135.24 136.21 135.39 135.85 135.33 135.6 135.38 135.79 135.79 135.1
0 0 0 0 0 0 0 0 0 0 0 0 0 0 0 0 0 0 0 0 0 0 0 0 0 0 0 0 0 0 0 0 0 0 0 0 0 0 0 0 0 0 0 0 0 0 0 0 35.362 135.92 193.85 135.91 135.41 135.68 135.38 135.78 135.8 135.61 135.39 158.34 151.01 136.02 135.45 150.88 136.01 135.25 135.7 135.47 136.7 136.01 135.94 135.58 135.73 135.72 135.7 136.02 135.62
0 0 0 0 0 0 0 0 0 0 0 0 0 0 0 0 0 0 0 0 0 0 0 0 0 0 0 0 0 0 0 0 0 0 0 0 0 0 0 0 0 0 0 0 0 0 0 0 0 132.88 187.02 133.04 132.78 133.05 132.66 132.97 133.23 133.06 133.5 156.05 148.04 133.18 133.36 148.33 133.29 133.5 132.76 133.48 133.55 133.31 133 132.82 133.25 133.09 133.28 133.11 133.06
0 0 0 0 0 0 0 0 0 0 0 0 0 0 0 0 0 0 0 0 0 0 0 0 0 0 0 0 0 0 0 0 0 0 0 0 0 0 0 0 0 0 0 0 0 0 0 0 0 0 74.39 16.396 30.334 38.588 13.326 13.974 15.986 13.522 20.497 39.156 64.374 20.602 18.617 63.335 26.036 27.291 32.068 23.871 19.239 23.378 40.726 20.483 31.631 21.744 19.732 18.985 24.09
0 0 0 0 0 0 0 0 0 0 0 0 0 0 0 0 0 0 0 0 0 0 0 0 0 0 0 0 0 0 0 0 0 0 0 0 0 0 0 0 0 0 0 0 0 0 0 0 0 0 0 74.398 64.02 91.351 74.486 74.335 74.269 74.314 74.927 45.873 44.635 74.326 74.278 44.606 72.16 69.96 59.399 82.029 74.387 71.048 80.007 74.296 62.002 73.914 74.405 73.782 71.45
0 0 0 0 0 0 0 0 0 0 0 0 0 0 0 0 0 0 0 0 0 0 0 0 0 0 0 0 0 0 0 0 0 0 0 0 0 0 0 0 0 0 0 0 0 0 0 0 0 0 0 0 31.012 36.491 12.525 11.754 15.001 12.968 22.799 38.246 64.649 22.848 20.939 63.821 26.57 28.745 32.578 23.856 21.518 24.345 34.806 22.798 31.878 23.775 22.031 21.316 23.907
0 0 0 0 0 0 0 0 0 0 0 0 0 0 0 0 0 0 0 0 0 0 0 0 0 0 0 0 0 0 0 0 0 0 0 0 0 0 0 0 0 0 0 0 0 0 0 0 0 0 0 0 0 54.004 30.121 30.648 30.17 30.279 31.444 36.834 34.824 29.551 30.279 38.746 25.996 20.894 22.535 42.646 29.703 21.924 45.888 30.988 21.995 27.436 27.371 27.717 19.646
0 0 0 0 0 0 0 0 0 0 0 0 0 0 0 0 0 0 0 0 0 0 0 0 0 0 0 0 0 0 0 0 0 0 0 0 0 0 0 0 0 0 0 0 0 0 0 0 0 0 0 0 0 0 36.305 36.162 37.55 36.124 36.078 58.257 84.569 40.73 41.163 90.084 42.009 51.952 55.722 23.23 36.23 49.519 33.248 40.865 59.656 45.342 45.415 44.419 49.126
0 0 0 0 0 0 0 0 0 0 0 0 0 0 0 0 0 0 0 0 0 0 0 0 0 0 0 0 0 0 0 0 0 0 0 0 0 0 0 0 0 0 0 0 0 0 0 0 0 0 0 0 0 0 0 14.144 14.775 12.736 21.483 38.162 64.619 21.562 19.612 63.75 26.241 26.868 32.736 22.607 20.214 24.003 34.092 21.474 31.598 22.607 20.716 19.984 23.554
0 0 0 0 0 0 0 0 0 0 0 0 0 0 0 0 0 0 0 0 0 0 0 0 0 0 0 0 0 0 0 0 0 0 0 0 0 0 0 0 0 0 0 0 0 0 0 0 0 0 0 0 0 0 0 0 15.545 12.014 22.47 37.739 64.477 22.526 20.607 63.427 26.482 27.58 32.152 23.543 21.192 24.028 35.956 22.467 31.845 23.481 21.702 20.983 24.017
0 0 0 0 0 0 0 0 0 0 0 0 0 0 0 0 0 0 0 0 0 0 0 0 0 0 0 0 0 0 0 0 0 0 0 0 0 0 0 0 0 0 0 0 0 0 0 0 0 0 0 0 0 0 0 0 0 14.557 21.593 38.153 64.203 21.669 19.722 63.097 26.266 28.401 31.89 22.711 20.323 23.31 34.195 21.585 30.995 22.704 20.826 20.095 23.039
0 0 0 0 0 0 0 0 0 0 0 0 0 0 0 0 0 0 0 0 0 0 0 0 0 0 0 0 0 0 0 0 0 0 0 0 0 0 0 0 0 0 0 0 0 0 0 0 0 0 0 0 0 0 0 0 0 0 20.716 38.061 64.471 20.815 18.838 63.347 26.078 29.083 32.205 22.505 19.672 23.535 36.58 20.703 31.039 21.935 19.95 19.207 23.121
0 0 0 0 0 0 0 0 0 0 0 0 0 0 0 0 0 0 0 0 0 0 0 0 0 0 0 0 0 0 0 0 0 0 0 0 0 0 0 0 0 0 0 0 0 0 0 0 0 0 0 0 0 0 0 0 0 0 0 38.63 64.727 21.041 14.163 64.319 22.708 28.425 33.045 22.476 20.057 24.05 35.937 15.554 32.718 20.228 17.217 17.166 24.888
0 0 0 0 0 0 0 0 0 0 0 0 0 0 0 0 0 0 0 0 0 0 0 0 0 0 0 0 0 0 0 0 0 0 0 0 0 0 0 0 0 0 0 0 0 0 0 0 0 0 0 0 0 0 0 0 0 0 0 0 27.65 38.033 37.958 34.073 36.888 39.234 36.504 48.175 37.449 36.858 49.587 38.044 37.173 38.244 36.834 36.687 36.28
0 0 0 0 0 0 0 0 0 0 0 0 0 0 0 0 0 0 0 0 0 0 0 0 0 0 0 0 0 0 0 0 0 0 0 0 0 0 0 0 0 0 0 0 0 0 0 0 0 0 0 0 0 0 0 0 0 0 0 0 0 64.063 64.471 13.185 52.985 39.404 32.341 75.788 64.12 43.664 75.442 64.558 33.598 60.84 60.7 62.21 44.088
0 0 0 0 0 0 0 0 0 0 0 0 0 0 0 0 0 0 0 0 0 0 0 0 0 0 0 0 0 0 0 0 0 0 0 0 0 0 0 0 0 0 0 0 0 0 0 0 0 0 0 0 0 0 0 0 0 0 0 0 0 0 19.446 62.984 32.249 26.169 32.553 25.581 14.944 25.8 42.756 18.349 31.153 14.24 20.266 20.295 22.741
0 0 0 0 0 0 0 0 0 0 0 0 0 0 0 0 0 0 0 0 0 0 0 0 0 0 0 0 0 0 0 0 0 0 0 0 0 0 0 0 0 0 0 0 0 0 0 0 0 0 0 0 0 0 0 0 0 0 0 0 0 0 0 63.347 22.45 29.083 32.205 26.856 19.893 23.535 42.3 12.602 31.039 18.633 12.028 14.386 23.121
0 0 0 0 0 0 0 0 0 0 0 0 0 0 0 0 0 0 0 0 0 0 0 0 0 0 0 0 0 0 0 0 0 0 0 0 0 0 0 0 0 0 0 0 0 0 0 0 0 0 0 0 0 0 0 0 0 0 0 0 0 0 0 0 60.689 39.561 34.93 79.38 63.113 43.61 82.859 63.667 35.679 60.552 60.221 61.132 44.464
0 0 0 0 0 0 0 0 0 0 0 0 0 0 0 0 0 0 0 0 0 0 0 0 0 0 0 0 0 0 0 0 0 0 0 0 0 0 0 0 0 0 0 0 0 0 0 0 0 0 0 0 0 0 0 0 0 0 0 0 0 0 0 0 0 33.567 30.988 37.486 31.783 20.645 22.657 22.232 34.399 32.966 24.442 22.947 20.956
0 0 0 0 0 0 0 0 0 0 0 0 0 0 0 0 0 0 0 0 0 0 0 0 0 0 0 0 0 0 0 0 0 0 0 0 0 0 0 0 0 0 0 0 0 0 0 0 0 0 0 0 0 0 0 0 0 0 0 0 0 0 0 0 0 0 25.239 40.335 26.549 26.435 46.755 28.302 16.512 23 23.771 24.325 22.961
0 0 0 0 0 0 0 0 0 0 0 0 0 0 0 0 0 0 0 0 0 0 0 0 0 0 0 0 0 0 0 0 0 0 0 0 0 0 0 0 0 0 0 0 0 0 0 0 0 0 0 0 0 0 0 0 0 0 0 0 0 0 0 0 0 0 0 45.342 31.903 18.725 53.007 32.403 23.232 30.325 29.872 30.699 18.612
0 0 0 0 0 0 0 0 0 0 0 0 0 0 0 0 0 0 0 0 0 0 0 0 0 0 0 0 0 0 0 0 0 0 0 0 0 0 0 0 0 0 0 0 0 0 0 0 0 0 0 0 0 0 0 0 0 0 0 0 0 0 0 0 0 0 0 0 23.55 38.517 22.88 25.746 46.585 31.007 31.175 29.401 37.932
0 0 0 0 0 0 0 0 0 0 0 0 0 0 0 0 0 0 0 0 0 0 0 0 0 0 0 0 0 0 0 0 0 0 0 0 0 0 0 0 0 0 0 0 0 0 0 0 0 0 0 0 0 0 0 0 0 0 0 0 0 0 0 0 0 0 0 0 0 24.824 34.534 18.255 31.094 17.391 20.357 18.802 23.331
0 0 0 0 0 0 0 0 0 0 0 0 0 0 0 0 0 0 0 0 0 0 0 0 0 0 0 0 0 0 0 0 0 0 0 0 0 0 0 0 0 0 0 0 0 0 0 0 0 0 0 0 0 0 0 0 0 0 0 0 0 0 0 0 0 0 0 0 0 0 42.738 23.685 24.453 24.986 20.593 21.233 12.121
0 0 0 0 0 0 0 0 0 0 0 0 0 0 0 0 0 0 0 0 0 0 0 0 0 0 0 0 0 0 0 0 0 0 0 0 0 0 0 0 0 0 0 0 0 0 0 0 0 0 0 0 0 0 0 0 0 0 0 0 0 0 0 0 0 0 0 0 0 0 0 42.164 56.346 45.548 45.48 44.682 43.317
0 0 0 0 0 0 0 0 0 0 0 0 0 0 0 0 0 0 0 0 0 0 0 0 0 0 0 0 0 0 0 0 0 0 0 0 0 0 0 0 0 0 0 0 0 0 0 0 0 0 0 0 0 0 0 0 0 0 0 0 0 0 0 0 0 0 0 0 0 0 0 0 31.898 18.985 12.043 14.122 23.918
0 0 0 0 0 0 0 0 0 0 0 0 0 0 0 0 0 0 0 0 0 0 0 0 0 0 0 0 0 0 0 0 0 0 0 0 0 0 0 0 0 0 0 0 0 0 0 0 0 0 0 0 0 0 0 0 0 0 0 0 0 0 0 0 0 0 0 0 0 0 0 0 0 29.456 29.127 29.58 21.235
0 0 0 0 0 0 0 0 0 0 0 0 0 0 0 0 0 0 0 0 0 0 0 0 0 0 0 0 0 0 0 0 0 0 0 0 0 0 0 0 0 0 0 0 0 0 0 0 0 0 0 0 0 0 0 0 0 0 0 0 0 0 0 0 0 0 0 0 0 0 0 0 0 0 19.647 19.472 21.487
0 0 0 0 0 0 0 0 0 0 0 0 0 0 0 0 0 0 0 0 0 0 0 0 0 0 0 0 0 0 0 0 0 0 0 0 0 0 0 0 0 0 0 0 0 0 0 0 0 0 0 0 0 0 0 0 0 0 0 0 0 0 0 0 0 0 0 0 0 0 0 0 0 0 0 11.235 19.629
0 0 0 0 0 0 0 0 0 0 0 0 0 0 0 0 0 0 0 0 0 0 0 0 0 0 0 0 0 0 0 0 0 0 0 0 0 0 0 0 0 0 0 0 0 0 0 0 0 0 0 0 0 0 0 0 0 0 0 0 0 0 0 0 0 0 0 0 0 0 0 0 0 0 0 0 20.891
0 0 0 0 0 0 0 0 0 0 0 0 0 0 0 0 0 0 0 0 0 0 0 0 0 0 0 0 0 0 0 0 0 0 0 0 0 0 0 0 0 0 0 0 0 0 0 0 0 0 0 0 0 0 0 0 0 0 0 0 0 0 0 0 0 0 0 0 0 0 0 0 0 0 0 0 0
