0 13.942 20.049 27.327 18.955 14.361 11.144 11.021 21.276 29.559 28.557 30.278 21.477 21.383 19.408 16.522 29.831 28.203 21.444 29.265 29.936 28.167 28.405 27.991 28.221 33.066 30.332 14.58 13.609 21.922 12.614 21.325 11.826 9.8415 23.144 21.46 22.042 15.578
0 0 22.975 28.436 22.038 16.961 18.334 13.02 22.747 25.07 26.405 28.934 22.543 22.775 23.428 18.785 25.021 25.267 22.191 25.267 25.454 25.628 26.232 25.318 25.952 27.503 25.403 16.75 17.336 22.031 20.221 22.53 14.1 15.946 22 22.177 22.007 17.604
0 0 0 16.853 16.52 16.01 17.38 15.735 17.547 31.459 30.498 32.055 18.335 17.646 20.378 20.314 31.522 30.177 19.381 31.048 31.658 29.702 30.097 29.859 29.981 34.481 32.268 17.584 17.917 16.756 15.432 16.814 20.897 15.543 17.658 17.584 15.432 18.52
0 0 0 0 15.004 19.756 19.732 23.403 15.692 30.719 30.447 31.432 12.636 13.307 26.682 20.857 30.996 30.081 16.831 30.428 31.273 29.537 29.99 29.718 29.706 34.331 31.491 20.096 19.347 14.261 17.514 16.702 27.406 20.242 14.779 14.452 12.198 18.299
0 0 0 0 0 14.159 13.014 13.795 11.466 28.194 28.288 28.986 13.446 11.831 25.831 15.592 28.401 28.057 11.334 27.862 28.906 27.72 28 27.831 27.389 32.321 28.981 14.282 12.215 11.788 10.756 12.504 19.261 11.021 12.506 12.73 10.439 14.419
0 0 0 0 0 0 10.932 12.325 15.017 30.653 30.01 31.577 15.354 15.077 25.066 20.966 30.724 29.664 13.674 30.246 31.338 29.15 29.578 29.321 29.63 33.879 31.461 14.43 14.461 17.509 12.272 14.952 11.901 10.707 17.18 13.681 14.141 14.476
0 0 0 0 0 0 0 12.826 13.795 30.849 29.82 31.422 14.64 14.381 19.886 18.785 30.931 29.495 13.681 30.448 31.007 29.055 29.414 29.173 29.324 34.141 31.655 12.978 13.712 14.718 12.565 16.321 13.383 12.134 15.451 13.689 14.17 15.148
0 0 0 0 0 0 0 0 17.717 30.366 29.561 30.9 16.879 17.046 27.388 14.849 30.8 29.262 17.116 30.172 30.584 29.245 29.478 29.019 28.939 33.155 31.098 12.825 15.076 20.097 12.469 17.151 12.348 13.259 19.354 17.092 17.096 15.605
0 0 0 0 0 0 0 0 0 30.366 29.561 30.9 12.023 9.0849 19.814 18.056 30.8 29.262 13.136 30.172 30.584 29.112 29.478 29.019 28.939 33.754 31.098 15.037 13.679 10.061 13.168 11.668 21.308 14.597 12.381 11.165 13.048 14.123
0 0 0 0 0 0 0 0 0 0 20.243 20.894 24.699 30.915 30.83 30.238 16.922 12.943 30.326 32.374 26.382 24.023 16.493 18.431 21.714 13.321 13.809 30.428 30.629 30.72 30.528 30.502 30.132 30.508 30.28 30.403 30.486 30.508
0 0 0 0 0 0 0 0 0 0 0 15.374 26.124 29.82 29.415 29.773 17.294 15.049 29.684 22.5 15.805 16.169 15.137 15.202 22.124 16.775 19.798 30.097 29.837 29.579 29.549 29.837 29.924 30.165 29.72 29.911 30.082 29.933
0 0 0 0 0 0 0 0 0 0 0 0 29.421 31.422 30.979 30.874 11.843 14.724 30.91 13.248 14.361 17.568 13.875 12.433 22.605 13.267 12.485 31.206 31.449 31.374 31.009 31.277 30.979 31.181 31.065 31.032 31.21 31.181
0 0 0 0 0 0 0 0 0 0 0 0 0 13.081 21.729 19.06 24.647 24.912 12.607 24.912 25.274 25.298 25.941 24.966 25.644 27.872 25.218 18.176 19.874 12.468 16.123 16.538 21.319 13.767 13.381 12.2 14.258 17.251
0 0 0 0 0 0 0 0 0 0 0 0 0 0 17.787 20.212 31.001 29.495 11.054 30.516 31.007 29.129 29.482 29.173 29.324 34.228 31.706 15.567 14.266 13.687 12.955 10.892 21.039 13.884 13.003 12.028 13.159 13.442
0 0 0 0 0 0 0 0 0 0 0 0 0 0 0 29.876 31.061 29.095 20.401 30.404 30.578 29.721 29.802 29.323 28.9 34.483 31.25 18.729 14.661 29.064 15.873 26.493 21.014 15.625 17.839 26.444 29.084 29.954
0 0 0 0 0 0 0 0 0 0 0 0 0 0 0 0 30.584 29.498 20.67 33.549 31.707 30.148 29.429 29.227 29.044 33.835 30.994 19.693 22.403 14.258 20.894 14.624 20.952 21.137 19.214 15.837 18.207 15.314
0 0 0 0 0 0 0 0 0 0 0 0 0 0 0 0 0 13.69 30.718 15.469 12.719 14.228 13.136 11.28 15.381 15.409 12.466 30.644 30.806 30.849 30.918 30.722 30.283 30.82 30.489 30.755 30.752 30.82
0 0 0 0 0 0 0 0 0 0 0 0 0 0 0 0 0 0 29.397 20.357 15.14 12.357 13.942 12.691 13.026 15.499 15.076 29.75 29.493 29.237 29.238 29.493 29.578 29.899 29.368 29.634 29.718 29.562
0 0 0 0 0 0 0 0 0 0 0 0 0 0 0 0 0 0 0 30.106 30.637 29.203 29.367 29.113 29.011 33.94 31.07 14.677 14.484 10.266 13.956 13.826 22.575 14.4 12.914 13.025 12.691 12.821
0 0 0 0 0 0 0 0 0 0 0 0 0 0 0 0 0 0 0 0 14.829 17.319 18.194 14.867 23.457 19.433 18.667 30.102 30.281 30.345 30.363 30.178 29.769 30.238 29.949 30.157 30.189 30.238
0 0 0 0 0 0 0 0 0 0 0 0 0 0 0 0 0 0 0 0 0 17.442 14.583 14.361 22.663 14.884 15.73 31.108 31.156 30.885 30.647 31.156 30.947 30.987 30.975 30.798 31.062 30.987
0 0 0 0 0 0 0 0 0 0 0 0 0 0 0 0 0 0 0 0 0 0 12.625 11.377 14.333 12.857 13.683 29.235 29.028 29.021 28.99 28.993 29.065 29.447 28.843 29.226 29.178 29.203
0 0 0 0 0 0 0 0 0 0 0 0 0 0 0 0 0 0 0 0 0 0 0 13.465 13.235 13.357 14.952 29.664 29.407 29.349 29.378 29.407 29.493 29.833 29.28 29.565 29.628 29.47
0 0 0 0 0 0 0 0 0 0 0 0 0 0 0 0 0 0 0 0 0 0 0 0 13.775 14.917 11.384 29.406 29.151 28.98 29.043 29.151 29.236 29.627 29.017 29.361 29.357 29.194
0 0 0 0 0 0 0 0 0 0 0 0 0 0 0 0 0 0 0 0 0 0 0 0 0 15.494 16.329 29.577 29.45 29.181 28.984 29.45 29.458 29.4 29.38 29.191 29.501 29.4
0 0 0 0 0 0 0 0 0 0 0 0 0 0 0 0 0 0 0 0 0 0 0 0 0 0 12.691 33.96 34.221 34.303 33.843 34.041 31.947 34.073 31.426 34.073 34.253 33.997
0 0 0 0 0 0 0 0 0 0 0 0 0 0 0 0 0 0 0 0 0 0 0 0 0 0 0 31.213 31.421 31.52 31.246 31.286 30.929 31.272 31.066 31.157 31.26 31.272
0 0 0 0 0 0 0 0 0 0 0 0 0 0 0 0 0 0 0 0 0 0 0 0 0 0 0 0 13.268 15.451 13.418 15.125 13.511 14.31 17.859 15.389 16.498 13.231
0 0 0 0 0 0 0 0 0 0 0 0 0 0 0 0 0 0 0 0 0 0 0 0 0 0 0 0 0 16.282 12.832 13.948 13.719 12.543 16.287 15.175 15.976 16.79
0 0 0 0 0 0 0 0 0 0 0 0 0 0 0 0 0 0 0 0 0 0 0 0 0 0 0 0 0 0 14.243 10.501 22.3 17.009 14.57 12.496 12.936 14.676
0 0 0 0 0 0 0 0 0 0 0 0 0 0 0 0 0 0 0 0 0 0 0 0 0 0 0 0 0 0 0 13.578 15.622 13.452 12.462 15.133 13.783 14.178
0 0 0 0 0 0 0 0 0 0 0 0 0 0 0 0 0 0 0 0 0 0 0 0 0 0 0 0 0 0 0 0 20.82 14.018 13.207 13.375 13.159 13.799
0 0 0 0 0 0 0 0 0 0 0 0 0 0 0 0 0 0 0 0 0 0 0 0 0 0 0 0 0 0 0 0 0 12.383 20.406 22.63 22.781 14.553
0 0 0 0 0 0 0 0 0 0 0 0 0 0 0 0 0 0 0 0 0 0 0 0 0 0 0 0 0 0 0 0 0 0 17.591 14.366 14.935 14.996
0 0 0 0 0 0 0 0 0 0 0 0 0 0 0 0 0 0 0 0 0 0 0 0 0 0 0 0 0 0 0 0 0 0 0 13.668 14.227 16.668
0 0 0 0 0 0 0 0 0 0 0 0 0 0 0 0 0 0 0 0 0 0 0 0 0 0 0 0 0 0 0 0 0 0 0 0 13.47 14.291
0 0 0 0 0 0 0 0 0 0 0 0 0 0 0 0 0 0 0 0 0 0 0 0 0 0 0 0 0 0 0 0 0 0 0 0 0 15.176
0 0 0 0 0 0 0 0 0 0 0 0 0 0 0 0 0 0 0 0 0 0 0 0 0 0 0 0 0 0 0 0 0 0 0 0 0 0
