0 62.83 40.321 62.539 63.527 63.614 62.883 16.086 63.667 22.077 41.067 62.931 62.729 26.615 46.225 63.692 63.072 23.715 21.866 22.287 45.562
0 0 44.682 37.553 38.424 36.714 37.492 63.109 35.495 62.529 44.71 37.244 38.012 62.668 37.292 33.158 37.916 68.903 68.817 63.486 40.594
0 0 0 44.681 45.608 45.399 45.411 29.252 45.443 40.919 22.993 45.149 44.727 40.306 25.646 45.825 45.149 35.569 33.67 40.766 22.769
0 0 0 0 12.617 20.677 28.226 63.071 28.142 62.439 44.87 28.319 14.102 62.561 35.854 28.185 21.845 68.567 68.597 62.946 40.355
0 0 0 0 0 21.426 28.686 64.016 29.466 63.447 45.573 28.539 16.306 63.368 37.324 29.458 20.872 69.862 69.754 64.488 40.963
0 0 0 0 0 0 27.737 63.83 25.512 63.246 45.091 25.479 15.185 63.384 37.389 31.737 32.904 69.603 69.526 64.168 40.631
0 0 0 0 0 0 0 63.76 24.699 63.059 45.068 30.217 24.875 62.653 36.424 20.066 36.773 69.374 69.555 64.427 40.957
0 0 0 0 0 0 0 0 63.881 22.131 32.225 63.508 63.349 28.625 36.845 64.228 63.508 26.189 24.214 28.595 35.154
0 0 0 0 0 0 0 0 0 63.286 44.903 19.287 20.827 63.42 36.351 24.431 37.179 69.59 69.539 64.107 40.577
0 0 0 0 0 0 0 0 0 0 41.011 62.701 62.707 26.615 46.52 63.662 62.83 23.707 22.749 23.522 45.875
0 0 0 0 0 0 0 0 0 0 0 44.568 44.22 41.271 22.238 45.832 44.568 34.486 33.85 41.38 18.423
0 0 0 0 0 0 0 0 0 0 0 0 20.543 62.829 36.595 29.934 37.404 68.913 68.974 63.353 41.073
0 0 0 0 0 0 0 0 0 0 0 0 0 62.826 36.061 25.291 26.814 68.783 68.835 63.126 40.503
0 0 0 0 0 0 0 0 0 0 0 0 0 0 46.855 63.523 62.958 26.615 22.058 20.395 45.536
0 0 0 0 0 0 0 0 0 0 0 0 0 0 0 36.779 36.595 43.164 41.137 46.722 23.611
0 0 0 0 0 0 0 0 0 0 0 0 0 0 0 0 37.06 70.086 69.973 64.722 41.2
0 0 0 0 0 0 0 0 0 0 0 0 0 0 0 0 0 69.05 69.039 63.496 41.073
0 0 0 0 0 0 0 0 0 0 0 0 0 0 0 0 0 0 25.127 24.975 40.915
0 0 0 0 0 0 0 0 0 0 0 0 0 0 0 0 0 0 0 30.247 38.861
0 0 0 0 0 0 0 0 0 0 0 0 0 0 0 0 0 0 0 0 45.968
0 0 0 0 0 0 0 0 0 0 0 0 0 0 0 0 0 0 0 0 0
