0 28.21 28.142 16.137 28.772 16.233 15.761 29.162 28.137 15.965 28.955 14.844 16.165 24.576 15.957 29.015 28.978 28.488 27.748 16.223 31.429 30.098 41.173 30.345 30.776 29.322 29.914 31.466 27.634 31.778 30.447 28.93 15.663 31.064 85.906 30.061 29.876 30.416 29.167 30.789 30.185 31.559 30.098 29.493 31.588 31.559 31.179 30.711 30.416 29.914 31.315 29.751 29.838 29.498 28.696 31.247 30.928 27.716 28.673 14.658 28.896 17.273 28.262 29.167 28.135 12.622 26.461 21.042 27.996 26.249 25.434 42.201 11.866 28.145 39.7 28.041 124.87
0 0 10.716 28.504 13.048 28.681 33.52 19.088 13.47 39.386 14.547 26.04 34.92 27.137 28.542 12.08 18.583 11.796 10.353 27.789 29.62 28.683 28.789 28.773 28.911 27.852 28.074 29.42 19.503 30.128 29.056 18.747 24.829 29.572 84.886 28.405 28.168 28.504 26.575 28.789 28.776 29.495 28.683 28.036 29.559 29.495 29.095 29.3 28.504 47.341 43.762 28.312 32.756 28.036 28.751 29.476 28.947 15.968 14.432 23.906 16.811 26.431 20.845 11.817 20.144 26.738 29.15 23.984 19.29 28.12 27.224 41.139 27.808 19.971 39.618 17.987 124.45
0 0 0 27.823 10.687 27.602 33.8 17.591 12.802 39.541 16.303 25.927 34.553 27.202 28.911 12.134 16.857 13.583 12.134 27.488 31.071 30.015 30.541 30.102 30.799 29.436 29.998 30.984 17.379 31.507 30.323 16.617 24.001 30.87 87.681 30.181 30.219 30.35 28.595 30.541 30.092 31.068 30.126 29.485 31.271 31.068 30.752 30.556 30.35 47.555 44.898 29.711 33.401 29.755 28.928 30.908 30.716 14.585 13.939 23.468 15.091 25.948 18.413 12.147 22.259 26.837 29.15 22.76 16.108 28.597 27.917 44.001 27.482 18.457 41.587 15.831 124.01
0 0 0 0 28.254 13.443 15.046 28.181 27.883 21.281 28.391 17.625 15.675 25.189 13.918 29.647 28.351 28.353 28.072 14.866 30.11 28.558 41.212 28.94 30.757 28.725 29.882 30.256 27.494 30.378 28.938 28.451 12.103 29.607 81.303 29.987 29.602 30.242 28.236 30.224 28.653 30.356 29.546 27.899 30.836 30.356 30.229 29.224 30.242 29.883 30.431 28.614 28.669 29.326 28.534 29.914 30.429 28.026 28.283 18.433 28.651 11.132 28.47 28.201 28.193 16.792 26.477 23.588 28.408 26.594 26.07 37.984 16.903 27.804 36.203 28.466 124.62
0 0 0 0 0 28.433 33.59 17.295 13.804 39.597 16.345 27.08 35.103 26.698 28.942 13.783 17.618 12.047 11.254 28.201 25.713 25.157 27.692 26.057 24.694 24.674 24.924 25.429 17.151 26.273 25.382 15.98 25.045 25.788 88.378 24.993 25.111 24.318 23.762 24.667 27.978 27.595 25.157 28.005 25.459 25.496 25.037 26.057 24.551 47.776 44.062 28.075 32.847 25.394 25.586 25.606 24.811 15.468 14.303 24.84 15.957 26.925 18.747 14.021 23.018 31.456 30.478 22.313 16.949 27.311 26.905 45.139 28.227 18.396 42.159 16.25 124.71
0 0 0 0 0 0 16.811 28.266 27.645 12.285 28.237 16.203 16.294 25.326 13.212 29.647 28.213 28.551 28.072 15.698 31.649 30.343 41.334 30.632 30.655 29.543 29.798 31.38 27.494 32.069 30.702 28.275 13.251 31.337 87.818 30.075 29.796 30.281 28.243 30.629 30.433 31.449 30.343 29.72 31.421 31.449 30.996 30.973 30.281 29.798 31.137 29.986 30.075 29.72 28.525 31.519 30.774 28.026 28.447 18.679 28.414 14.734 28.712 28.154 28.193 15.472 26.418 22.256 28.408 26.829 26.392 44.213 16.53 27.773 41.64 28.466 124.65
0 0 0 0 0 0 0 33.599 33.884 13.468 34.261 15.646 12.556 34.283 17.629 33.57 34.193 33.51 33.395 16.436 34.087 30.005 46.458 29.904 34.108 34.032 29.065 33.515 32.117 31.243 33.515 34.357 15.549 32.734 80.425 33.013 33.699 29.482 33.884 33.517 30.068 33.746 34.283 29.575 33.568 33.551 34.238 33.51 33.511 29.027 30.279 29.757 29.819 33.777 33.304 32.896 33.627 33.427 33.521 17.195 34.648 13.497 33.515 33.884 33.942 14.976 33.721 30.833 33.561 35.023 33.824 37.1 16.408 33.773 35.64 33.549 124.01
0 0 0 0 0 0 0 0 17.892 39.625 21.859 25.889 35.035 26.774 29.242 18.318 14.138 17.591 18.257 28.508 30.91 30.065 29.913 30.133 29.951 29.31 29.097 30.649 13.136 31.455 30.405 14.138 24.4 30.945 89.442 29.812 29.477 29.572 27.769 29.913 31.406 30.718 30.065 29.477 30.702 30.718 30.272 30.661 29.572 47.959 44.282 29.728 32.962 29.477 29.743 30.778 30.06 13.997 23.489 23.602 12.914 26.903 21.242 16.067 30.524 26.429 29.052 21.494 13.594 29.394 28.553 45.783 28.539 13.136 45.693 13.906 124.78
0 0 0 0 0 0 0 0 0 39.605 18.123 26.011 34.599 27.286 28.921 11.944 16.968 9.9427 11.494 27.65 31.061 30.233 30.268 30.195 30.405 29.637 29.57 30.876 17.625 31.559 30.505 16.52 24.064 30.99 87.031 30.032 29.768 29.993 28.454 30.268 30.301 30.952 30.233 29.768 31.034 30.952 30.562 30.712 29.993 47.597 44.908 29.966 33.499 29.768 28.692 30.914 30.428 15.11 12.58 23.547 16.247 26.051 19.183 11.244 22.044 25.877 29.275 20.658 16.703 27.329 27.338 43.692 27.637 18.568 40.72 16.605 124.42
0 0 0 0 0 0 0 0 0 0 40.08 15.909 17.627 24.533 15.182 39.61 40.03 39.601 39.048 22.943 39.952 30.343 52.205 30.632 39.967 39.718 29.723 39.456 37.494 32.069 39.456 40.151 17.414 38.358 82.969 38.407 39.684 30.207 39.807 39.421 30.433 39.5 30.343 29.72 39.051 39.603 40.063 39.601 39.599 29.723 31.067 29.986 30.075 39.734 38.975 31.454 39.228 39.073 39.595 18.503 40.373 15.463 39.456 39.807 39.649 16.121 26.239 26.987 39.338 26.451 25.569 39.597 16.202 39.52 38.258 39.31 124.1
0 0 0 0 0 0 0 0 0 0 0 26.397 35.169 27.013 29.667 13.606 18.732 14.675 14.367 28.144 30.511 29.18 29.571 29.473 29.639 28.379 28.79 30.271 20.198 30.91 29.54 21.859 24.56 30.176 76.412 28.948 28.83 29.25 27.258 29.571 29.27 30.342 29.18 29.021 30.355 30.342 29.912 29.812 29.25 48.178 45.414 28.823 33.807 28.556 28.543 30.375 29.722 16.034 14.908 23.965 22.422 26.639 20.619 15.442 17.593 26.837 28.809 22.091 18.653 28.412 27.1 32.686 28.144 19.837 29.583 17.302 124.05
0 0 0 0 0 0 0 0 0 0 0 0 16.878 25.426 16.028 27.439 26.334 25.942 26.419 15.705 31.446 30.174 38.854 30.493 30.566 29.358 29.716 31.206 25.198 31.931 30.54 26.488 16.578 31.186 87.766 29.9 29.751 30.178 28.181 30.502 30.265 31.277 30.174 29.538 31.286 31.277 30.845 30.816 30.178 29.716 30.991 29.81 29.9 29.538 28.762 31.31 30.653 26.409 25.906 14.537 26.775 19.868 26.016 26.065 28.159 11.669 26.438 21.306 26.168 25.878 25.661 44.131 14.148 26.009 41.727 26.136 124.65
0 0 0 0 0 0 0 0 0 0 0 0 0 24.319 14.832 35.055 35.139 35.19 34.16 14.802 35.096 29.069 47.682 29.198 35.104 34.682 28.168 34.996 32.894 30.519 34.996 35.215 16.207 33.532 76.593 33.19 35.01 28.641 35.031 34.958 29.154 34.524 29.069 28.478 34.555 35.073 35.159 35.19 35.179 29.109 29.48 28.73 28.815 35.013 34.099 29.843 34.129 34.099 35.128 18.572 35.368 10.138 34.996 35.031 34.631 15.557 26.527 23.797 34.59 26.919 26.174 35.157 17.228 34.539 33.387 34.661 124.66
0 0 0 0 0 0 0 0 0 0 0 0 0 0 24.145 26.516 26.265 26.216 24.888 24.844 28.686 27.305 41.51 27.581 32.257 26.704 27.561 28.751 25.58 29.017 27.661 25.287 25.674 28.289 98.544 27.712 27.552 28.048 26.002 28.404 27.394 28.846 27.474 26.689 29.199 28.846 28.653 27.929 28.048 28.365 28.847 26.952 27.04 27.163 28.193 28.501 28.547 25.625 26.511 24.696 25.205 25.435 25.845 25.276 34.201 24.495 13.451 15.946 25.376 10.581 16.792 54.863 25.099 25.697 50.792 25.457 101.85
0 0 0 0 0 0 0 0 0 0 0 0 0 0 0 29.127 29.675 28.734 28.269 14.742 31.853 31.346 41.561 31.17 30.586 30.47 29.987 31.516 27.832 32.439 31.615 29.663 14.812 31.991 88.98 31.053 30.664 30.246 29.78 30.653 31.444 31.577 31.346 30.664 31.461 31.577 31.076 31.774 30.246 29.891 31.203 30.956 31.053 30.664 29.035 31.736 30.784 28.255 28.869 18.594 29.685 12.993 28.577 29.78 28.93 15.344 26.359 22.05 28.405 26.711 25.613 45.561 15.91 28.908 42.276 28.432 124.76
0 0 0 0 0 0 0 0 0 0 0 0 0 0 0 0 17.791 11.27 13.371 28.391 30.794 29.83 30.157 29.866 30.368 29.184 29.552 30.667 19.337 31.256 30.124 18.793 26.609 30.646 82.005 29.729 29.728 29.932 28.113 30.157 29.903 30.748 29.83 29.326 30.902 30.748 30.402 30.346 29.932 47.959 44.198 29.541 32.915 29.326 28.801 30.637 30.327 15.193 13.136 25.831 16.672 27.147 20.567 12.728 21.515 26.098 28.14 22.734 18.575 26.787 27.025 38.553 28.42 19.196 36.987 17.987 124.66
0 0 0 0 0 0 0 0 0 0 0 0 0 0 0 0 0 17.287 17.846 28.146 31.066 29.942 30.618 30.068 30.914 29.311 30.125 31.009 12.691 31.482 30.26 12.05 24.519 30.825 85.694 30.311 30.182 30.454 28.716 30.618 30.021 31.096 30.115 29.392 31.335 31.096 30.803 30.501 30.454 48.147 45.318 29.627 33.726 29.85 29.142 30.898 30.798 10.798 24.667 23.909 10.899 26.631 16.439 15.731 21.721 26.637 28.566 23.223 13.489 27.071 26.235 41.989 28.148 14.048 39.632 11.609 124.72
0 0 0 0 0 0 0 0 0 0 0 0 0 0 0 0 0 0 12.497 27.987 31.43 30.572 30.669 30.55 30.82 29.964 29.989 31.257 18.978 31.92 30.849 18.206 24.637 31.342 85.045 30.367 30.107 30.403 28.753 30.669 30.641 31.335 30.572 30.097 31.431 31.335 30.953 31.059 30.403 47.559 43.908 30.299 32.787 30.097 28.634 31.281 30.831 14.585 13.162 23.753 15.091 26.671 19.777 13.498 22.576 26.347 27.505 22.885 17.668 27.032 26.151 41.338 28.009 18.499 39.629 17.191 124.68
0 0 0 0 0 0 0 0 0 0 0 0 0 0 0 0 0 0 0 27.509 31.465 30.076 30.629 30.358 30.655 29.28 29.798 31.38 19.479 31.794 30.433 18.458 24.622 31.065 82.552 29.95 29.796 30.281 28.243 30.629 30.165 31.449 30.076 29.456 31.421 31.449 30.996 30.703 30.281 46.969 44.19 29.72 32.821 29.456 29.003 31.279 30.774 15.175 13.693 23.676 15.862 26.062 19.777 13.248 18.297 26.831 26.956 21.872 17.894 26.827 26.28 38.891 27.517 19.156 37.975 17.191 124.28
0 0 0 0 0 0 0 0 0 0 0 0 0 0 0 0 0 0 0 0 28.157 25.734 40.807 26.163 28.292 27.606 27.651 27.825 26.974 27.594 27.998 28.149 17.93 27.643 76.886 28.034 28.363 27.76 28.22 27.807 27.451 27.69 28.104 27.536 28.246 28.307 28.144 27.987 28.009 30.582 27.828 29.061 27.497 28.288 27.494 28.09 27.888 27.494 28.126 17.492 28.196 10.499 27.825 28.22 27.554 15.361 26.332 24.236 27.649 26.829 25.672 33.51 16.523 27.442 29.051 27.677 124.39
0 0 0 0 0 0 0 0 0 0 0 0 0 0 0 0 0 0 0 0 0 22.134 18.911 22.999 19.106 12.273 22.864 17.238 31.354 22.416 13.675 29.876 31.096 12.939 89.121 11.578 12.497 20.893 11.828 14.043 28.195 15.364 26.469 29.119 19.177 12.828 15.364 16.408 15.617 48.101 45.164 23.755 33.597 16.483 22.882 26.751 13.554 31.319 31.248 27.536 31.243 31.488 31.157 30.978 31.267 31.621 30.638 31.52 30.922 31.311 30.794 45.471 31.256 31.332 42.32 31.243 124.21
0 0 0 0 0 0 0 0 0 0 0 0 0 0 0 0 0 0 0 0 0 0 35.52 16.563 22.154 22.13 18.891 22.562 30.147 18.406 22.562 29.543 30.196 21.049 83.284 22.86 22.445 23.36 22.257 22.54 20.377 22.108 25.784 18.99 22.333 22.872 22.116 22.758 22.784 27.225 23.592 12.936 16.233 23.327 22.164 28.09 22.14 30.179 29.925 27.56 29.981 30.174 29.838 29.729 30.065 30.119 29.686 30.185 29.739 29.992 29.83 39.559 30.333 30.065 38.507 29.981 124.31
0 0 0 0 0 0 0 0 0 0 0 0 0 0 0 0 0 0 0 0 0 0 0 35.039 18.887 18.503 35.835 18.411 30.344 34.353 18.764 29.587 37.451 19.038 76.507 18.126 18.342 33.553 19.604 21.837 40.382 18.504 41.889 40.685 18.072 19.283 18.021 18.038 18.015 60.341 56.789 36.093 45.735 19.28 19.159 42.305 18.817 30.718 30.629 36.619 30.515 39.427 30.951 30.684 30.415 38.496 43.955 35.442 30.545 43.899 43.182 32.833 40.824 30.915 29.993 30.72 125.45
0 0 0 0 0 0 0 0 0 0 0 0 0 0 0 0 0 0 0 0 0 0 0 0 23.03 22.938 10.716 22.678 30.321 12.894 22.091 26.649 27.942 21.369 84.434 22.989 22.401 10.927 22.688 22.435 20.039 22.887 24.922 12.039 22.161 22.163 23.228 22.161 22.875 28.156 24.749 13.753 17.295 23.265 23.102 25.621 22.96 30.314 30.166 25.704 30.187 30.493 30.077 29.926 30.236 30.47 29.714 30.434 29.898 30.306 29.866 40.871 30.346 30.274 39.224 30.187 124.63
0 0 0 0 0 0 0 0 0 0 0 0 0 0 0 0 0 0 0 0 0 0 0 0 0 11.605 22.871 22.233 30.356 22.396 17.868 29.519 30.806 20.678 74.99 18.667 19.444 20.913 9.7221 17.535 28.201 21.488 33.299 29.105 20.081 17.83 16.825 20.242 17.252 48.11 45.194 23.741 33.622 19.151 16.474 32.565 14.401 30.654 30.655 27.606 30.489 30.752 31.351 30.918 30.43 32.158 32.999 30.887 30.861 33.16 32.293 31.474 30.755 30.861 32.486 30.704 124.03
0 0 0 0 0 0 0 0 0 0 0 0 0 0 0 0 0 0 0 0 0 0 0 0 0 0 22.482 18.889 29.414 21.462 16.941 29.698 29.539 13.384 77.051 12.083 12.599 20.914 12.494 15.051 27.762 16.941 25.181 28.138 21.227 14.172 16.75 19.275 17.163 47.673 44.932 23.829 33.463 14.098 16.491 26.512 10.747 29.469 29.151 27.56 29.228 29.358 30.23 29.06 29.334 30.201 29.044 29.407 29.055 29.179 29.184 33.701 29.702 29.31 31.368 29.228 124.78
0 0 0 0 0 0 0 0 0 0 0 0 0 0 0 0 0 0 0 0 0 0 0 0 0 0 0 22.961 29.498 11.597 22.961 29.668 29.994 21.467 88.266 22.498 22.869 12.496 22.828 22.932 21.548 22.296 25.321 11.163 22.638 23.061 22.922 23.218 23.252 27.367 24.398 15.816 18.93 23.652 22.355 27.904 22.114 29.786 29.798 27.423 29.625 29.911 30.602 30.046 29.573 31.372 29.377 29.647 29.994 29.56 29.552 44.554 29.933 29.994 41.333 29.842 124.56
0 0 0 0 0 0 0 0 0 0 0 0 0 0 0 0 0 0 0 0 0 0 0 0 0 0 0 0 31.111 21.357 11.715 29.625 31.073 20.482 88.67 18.206 17.791 25.03 20.263 25.461 27.469 12.161 25.137 27.688 14.82 20.835 14.16 11.912 15.867 47.383 43.789 24.056 32.759 18.996 23.384 26.147 23.359 31.268 31.281 27.423 31.249 31.283 31.188 30.977 31.178 31.74 30.506 31.245 30.891 31.065 30.667 45.059 31.11 31.339 41.759 31.249 124.64
0 0 0 0 0 0 0 0 0 0 0 0 0 0 0 0 0 0 0 0 0 0 0 0 0 0 0 0 0 31.744 30.478 11.982 23.652 31.064 89.053 29.901 29.576 29.987 27.937 30.344 30.23 31.179 30.147 29.576 31.138 31.179 30.719 30.728 29.987 45.75 42.584 29.82 31.465 29.576 29.184 31.18 30.487 10.88 22.599 22.893 11.427 25.71 19.518 15.097 23.575 25.772 28.043 22.001 14.152 28.753 28.215 45.512 26.944 13.47 42.444 11.132 124.64
0 0 0 0 0 0 0 0 0 0 0 0 0 0 0 0 0 0 0 0 0 0 0 0 0 0 0 0 0 0 21.357 29.622 30.957 19.83 88.784 23.26 21.98 13.415 22.373 21.352 21.42 21.546 25.751 11.055 21.331 21.601 22.288 21.42 21.431 29.883 26.417 16.041 20.098 22.15 24.58 27.305 21.844 31.73 31.599 27.551 31.615 31.931 31.51 31.354 31.659 31.908 31.102 31.868 31.319 31.744 31.256 45.24 31.729 31.702 41.64 31.615 124.62
0 0 0 0 0 0 0 0 0 0 0 0 0 0 0 0 0 0 0 0 0 0 0 0 0 0 0 0 0 0 0 29.762 30.494 17.535 88.365 16.787 16.022 24.169 16.248 22.727 27.469 12.914 25.01 27.688 11.604 17.803 14.933 16.462 16.97 47.383 43.789 24.47 32.759 16.811 22.543 26.245 16.859 30.5 30.273 27.754 30.32 30.54 30.429 30.066 30.396 30.492 29.977 30.535 30.067 30.357 30.124 44.62 30.62 30.405 42.222 30.32 124.64
0 0 0 0 0 0 0 0 0 0 0 0 0 0 0 0 0 0 0 0 0 0 0 0 0 0 0 0 0 0 0 0 24.622 29.51 88.98 29.032 29.9 29.625 26.444 29.63 31.379 29.765 29.735 29.65 30.595 29.698 29.428 29.51 29.63 48.223 45.546 30 33.92 29.625 29.743 29.399 29.519 13.272 21.837 24.046 12.468 26.657 20.392 14.907 30.515 27.366 27.467 22.19 14.027 27.512 26.676 45.561 28.145 11.244 45.666 13.256 123.94
0 0 0 0 0 0 0 0 0 0 0 0 0 0 0 0 0 0 0 0 0 0 0 0 0 0 0 0 0 0 0 0 0 30.919 77.141 30.172 30.182 30.366 27.649 30.582 30.27 30.985 30.196 29.683 31.323 30.957 30.817 30.72 30.366 29.994 30.985 29.902 29.975 29.727 28.129 30.808 30.753 24.561 24.545 18.261 24.832 11.705 24.787 24.377 25.439 15.878 26.372 22.276 25.044 26.675 25.597 33.596 16.664 24.21 32.2 24.993 124.12
0 0 0 0 0 0 0 0 0 0 0 0 0 0 0 0 0 0 0 0 0 0 0 0 0 0 0 0 0 0 0 0 0 0 89.396 10.355 10.338 19.541 11.47 16.253 26.364 17.535 24.832 26.611 23.191 11.5 17.5 20.576 17.321 46.252 43.444 21.975 31.933 12.672 23.805 27.824 13.68 31.069 30.888 27.316 30.92 31.186 30.8 30.662 30.98 31.15 30.496 31.153 30.646 31.001 30.646 45.715 31.131 31.006 43.211 30.92 124.61
0 0 0 0 0 0 0 0 0 0 0 0 0 0 0 0 0 0 0 0 0 0 0 0 0 0 0 0 0 0 0 0 0 0 0 88.952 89.124 89.144 80.972 87.407 76.306 89.92 98.547 89.119 89.123 88.454 80.931 78.874 76.399 88.714 91.325 89.566 88.415 88.872 77.155 98.651 83.977 83.92 85.617 77.162 89.857 78.073 77.13 86.552 65.545 76.791 99.563 97.781 85.828 99.514 99.265 43.748 88.568 89.176 64.113 87.41 124.24
0 0 0 0 0 0 0 0 0 0 0 0 0 0 0 0 0 0 0 0 0 0 0 0 0 0 0 0 0 0 0 0 0 0 0 0 11.611 20.271 11.382 14.361 26.962 17.805 24.978 28.226 17.277 12.692 17.805 18.191 17.622 46.551 43.734 23.926 32.821 10.798 23.947 25.533 11.284 29.941 29.95 27.233 29.77 30.075 30.799 30.18 29.82 31.475 29.553 29.924 30.134 29.719 29.729 45.515 30.121 30.134 42.727 29.988 124.3
0 0 0 0 0 0 0 0 0 0 0 0 0 0 0 0 0 0 0 0 0 0 0 0 0 0 0 0 0 0 0 0 0 0 0 0 0 20.582 13.049 12.938 28.18 17.22 25.316 28.565 16.044 11.94 17.22 18.369 16.412 47.97 44.51 24.069 33.105 11.912 22.634 26.745 15.629 29.699 29.796 28.258 29.575 29.991 30.956 29.927 29.562 31.077 29.548 29.64 29.916 29.589 29.728 45.409 30.084 29.916 42.256 29.8 123.9
0 0 0 0 0 0 0 0 0 0 0 0 0 0 0 0 0 0 0 0 0 0 0 0 0 0 0 0 0 0 0 0 0 0 0 0 0 0 20.708 20.811 22.331 22.806 25.156 12.246 27.537 20.57 23.755 24.732 22.887 29.579 26.124 23.36 25.053 22.775 22.922 27.721 20.595 30.313 30.281 27.329 30.133 30.348 30.864 30.569 30.06 31.648 29.76 30.133 30.404 30.025 29.932 45.803 30.327 30.516 42.838 30.345 123.86
0 0 0 0 0 0 0 0 0 0 0 0 0 0 0 0 0 0 0 0 0 0 0 0 0 0 0 0 0 0 0 0 0 0 0 0 0 0 0 11.272 28.157 18.042 26.555 29.002 19.801 13.273 18.042 19.709 17.239 48.023 44.845 23.937 33.346 13.567 19.133 26.332 11.645 28.192 28.243 26.1 28.046 28.404 29.325 28.439 28.013 29.724 28.939 28.09 28.403 28.647 28.113 37.403 28.475 28.403 35.792 28.267 124.66
0 0 0 0 0 0 0 0 0 0 0 0 0 0 0 0 0 0 0 0 0 0 0 0 0 0 0 0 0 0 0 0 0 0 0 0 0 0 0 0 27.443 21.306 25.728 27.673 25.296 10.687 21.766 22.71 20.939 47.362 43.775 24.056 32.757 12.853 21.693 27.352 15.543 30.718 30.629 27.368 30.515 30.641 30.951 30.684 30.415 31.657 29.988 30.486 30.545 30.354 30.157 43.702 30.568 30.915 41.324 30.72 124.61
0 0 0 0 0 0 0 0 0 0 0 0 0 0 0 0 0 0 0 0 0 0 0 0 0 0 0 0 0 0 0 0 0 0 0 0 0 0 0 0 0 27.603 33.113 21.121 27.183 28.115 28.247 27.693 27.723 23.293 33.108 21.037 18.93 28.16 27.012 28.751 27.22 30.259 30.011 27.56 31.352 30.265 29.925 29.813 30.148 30.212 29.758 30.272 29.821 30.083 29.903 32.562 30.405 30.15 29.984 30.065 124.4
0 0 0 0 0 0 0 0 0 0 0 0 0 0 0 0 0 0 0 0 0 0 0 0 0 0 0 0 0 0 0 0 0 0 0 0 0 0 0 0 0 0 25.755 28.185 11.356 17.803 13.379 14.372 17.579 47.529 44.892 23.829 33.338 16.825 23.212 26.889 17.227 31.355 31.374 27.536 31.339 31.358 31.281 31.068 31.246 31.839 30.587 31.313 30.979 31.136 30.748 46.777 31.19 31.43 42.308 31.339 124.66
0 0 0 0 0 0 0 0 0 0 0 0 0 0 0 0 0 0 0 0 0 0 0 0 0 0 0 0 0 0 0 0 0 0 0 0 0 0 0 0 0 0 0 24.989 24.734 25.44 25.068 27.554 28.521 28.22 26.212 25.068 27.714 25.442 32.755 18.491 25.088 30.179 29.925 27.536 29.981 30.174 30.856 29.857 34.078 31.023 29.686 30.185 29.844 29.992 29.83 54.886 30.333 30.065 50.235 29.981 101.79
0 0 0 0 0 0 0 0 0 0 0 0 0 0 0 0 0 0 0 0 0 0 0 0 0 0 0 0 0 0 0 0 0 0 0 0 0 0 0 0 0 0 0 0 27.54 28.097 29.032 27.821 27.84 22.181 19.045 18.591 20.56 28.759 27.449 26.26 27.514 29.626 29.322 27.643 29.394 29.538 29.83 29.146 29.495 29.47 29.185 29.579 29.175 29.358 29.326 45.424 29.841 29.477 42.269 29.394 124.65
0 0 0 0 0 0 0 0 0 0 0 0 0 0 0 0 0 0 0 0 0 0 0 0 0 0 0 0 0 0 0 0 0 0 0 0 0 0 0 0 0 0 0 0 0 24.972 15.14 13.47 17.914 47.149 43.644 24.987 32.763 15.133 23.836 26.332 22.089 31.525 31.421 29.05 31.316 31.414 31.626 31.375 31.209 32.286 30.735 31.279 31.25 31.139 30.902 45.411 31.321 31.72 43.312 31.52 124.51
0 0 0 0 0 0 0 0 0 0 0 0 0 0 0 0 0 0 0 0 0 0 0 0 0 0 0 0 0 0 0 0 0 0 0 0 0 0 0 0 0 0 0 0 0 0 18.342 20.867 18.703 47.879 44.138 23.561 32.883 13.918 22.871 27.305 13.47 31.355 31.374 27.56 31.339 31.358 31.281 31.068 31.246 31.839 30.587 31.313 30.979 31.136 30.748 44.736 31.19 31.43 42.202 31.339 124.32
0 0 0 0 0 0 0 0 0 0 0 0 0 0 0 0 0 0 0 0 0 0 0 0 0 0 0 0 0 0 0 0 0 0 0 0 0 0 0 0 0 0 0 0 0 0 0 12.246 13.693 48.168 45.382 23.671 33.779 16.825 19.369 27.114 17.941 31.068 30.996 27.285 30.913 30.953 31.059 30.82 30.788 31.688 30.237 30.857 30.707 30.7 30.402 37.759 30.83 31.189 35.969 31.096 123.96
0 0 0 0 0 0 0 0 0 0 0 0 0 0 0 0 0 0 0 0 0 0 0 0 0 0 0 0 0 0 0 0 0 0 0 0 0 0 0 0 0 0 0 0 0 0 0 0 15.161 47.559 43.908 24.802 32.787 19.652 19.981 27.584 20.067 30.743 30.535 27.44 30.576 30.816 30.448 30.32 30.645 30.773 30.198 30.799 30.314 30.632 30.346 35.139 30.838 30.661 34.475 30.576 124.39
0 0 0 0 0 0 0 0 0 0 0 0 0 0 0 0 0 0 0 0 0 0 0 0 0 0 0 0 0 0 0 0 0 0 0 0 0 0 0 0 0 0 0 0 0 0 0 0 0 47.582 43.924 23.6 32.792 17.321 17.3 27.07 17 30.313 30.281 27.368 30.133 30.348 30.864 30.569 30.06 31.648 29.76 30.133 30.404 30.025 29.932 32.667 30.327 30.516 29.625 30.345 124.75
0 0 0 0 0 0 0 0 0 0 0 0 0 0 0 0 0 0 0 0 0 0 0 0 0 0 0 0 0 0 0 0 0 0 0 0 0 0 0 0 0 0 0 0 0 0 0 0 0 0 15.763 27.805 19.206 47.989 46.922 26.962 47.092 46.986 47.702 27.44 48.366 29.911 47.383 48.023 47.627 31.372 29.577 36.043 47.169 29.56 29.552 47.629 29.933 47.542 46.623 47.204 123.88
0 0 0 0 0 0 0 0 0 0 0 0 0 0 0 0 0 0 0 0 0 0 0 0 0 0 0 0 0 0 0 0 0 0 0 0 0 0 0 0 0 0 0 0 0 0 0 0 0 0 0 24.55 25.75 44.659 44.172 28.217 44.241 44.196 44.008 27.285 45.672 31.106 43.789 44.845 44.917 31.887 30.402 32.644 44.276 30.846 30.568 47.752 30.993 44.894 48.211 44.267 124.03
0 0 0 0 0 0 0 0 0 0 0 0 0 0 0 0 0 0 0 0 0 0 0 0 0 0 0 0 0 0 0 0 0 0 0 0 0 0 0 0 0 0 0 0 0 0 0 0 0 0 0 0 20.24 24.085 24.589 25.305 22.997 29.862 29.579 29.811 29.644 29.81 30.028 29.394 29.738 30.093 29.398 29.837 29.415 29.629 29.541 45.973 30.05 29.728 42.455 29.644 123.99
0 0 0 0 0 0 0 0 0 0 0 0 0 0 0 0 0 0 0 0 0 0 0 0 0 0 0 0 0 0 0 0 0 0 0 0 0 0 0 0 0 0 0 0 0 0 0 0 0 0 0 0 0 33.209 32.836 28.152 33.166 32.836 32.824 27.56 34.238 29.9 32.759 33.346 33.474 30.147 29.47 29.924 32.76 29.719 29.613 45.447 30.121 33.37 33.987 32.757 124.05
0 0 0 0 0 0 0 0 0 0 0 0 0 0 0 0 0 0 0 0 0 0 0 0 0 0 0 0 0 0 0 0 0 0 0 0 0 0 0 0 0 0 0 0 0 0 0 0 0 0 0 0 0 0 23.239 26.107 14.497 29.626 29.405 27.533 29.394 29.571 30.457 29.581 29.495 30.809 29.185 29.579 29.554 29.358 29.326 45.382 29.841 29.554 42.675 29.424 124.24
0 0 0 0 0 0 0 0 0 0 0 0 0 0 0 0 0 0 0 0 0 0 0 0 0 0 0 0 0 0 0 0 0 0 0 0 0 0 0 0 0 0 0 0 0 0 0 0 0 0 0 0 0 0 0 26.966 21.524 29.258 28.926 26.209 31.41 28.744 29.003 29.499 29.184 28.543 28.91 28.525 27.793 28.583 28.762 33.414 28.692 29.445 28.683 29.208 124.77
0 0 0 0 0 0 0 0 0 0 0 0 0 0 0 0 0 0 0 0 0 0 0 0 0 0 0 0 0 0 0 0 0 0 0 0 0 0 0 0 0 0 0 0 0 0 0 0 0 0 0 0 0 0 0 0 25.993 31.15 31.066 27.205 31.066 31.345 30.976 30.801 33.481 31.428 30.482 31.338 30.75 31.176 30.637 54.905 31.102 31.154 49.949 31.066 101.56
0 0 0 0 0 0 0 0 0 0 0 0 0 0 0 0 0 0 0 0 0 0 0 0 0 0 0 0 0 0 0 0 0 0 0 0 0 0 0 0 0 0 0 0 0 0 0 0 0 0 0 0 0 0 0 0 0 30.85 30.774 27.205 30.652 30.798 31.142 30.872 30.558 31.859 30.157 30.63 30.729 30.503 30.327 40.308 30.735 31.048 38.746 30.859 124.63
0 0 0 0 0 0 0 0 0 0 0 0 0 0 0 0 0 0 0 0 0 0 0 0 0 0 0 0 0 0 0 0 0 0 0 0 0 0 0 0 0 0 0 0 0 0 0 0 0 0 0 0 0 0 0 0 0 0 22.104 23.62 14.719 26.04 14.506 14.204 19.682 27.165 26.88 22.543 16.067 26.805 25.983 40.264 27.502 12.826 37.888 12.134 123.98
0 0 0 0 0 0 0 0 0 0 0 0 0 0 0 0 0 0 0 0 0 0 0 0 0 0 0 0 0 0 0 0 0 0 0 0 0 0 0 0 0 0 0 0 0 0 0 0 0 0 0 0 0 0 0 0 0 0 0 23.686 24.666 26.837 21.891 16.633 20.508 25.823 28.464 22.154 20.725 27.066 27.457 42.225 28.151 21.837 39.642 22.104 124.03
0 0 0 0 0 0 0 0 0 0 0 0 0 0 0 0 0 0 0 0 0 0 0 0 0 0 0 0 0 0 0 0 0 0 0 0 0 0 0 0 0 0 0 0 0 0 0 0 0 0 0 0 0 0 0 0 0 0 0 0 24.312 18.503 23.871 23.687 24.429 11.381 27.039 22.803 24.087 26.426 25.932 33.418 18.28 23.442 29.791 24.043 124.77
0 0 0 0 0 0 0 0 0 0 0 0 0 0 0 0 0 0 0 0 0 0 0 0 0 0 0 0 0 0 0 0 0 0 0 0 0 0 0 0 0 0 0 0 0 0 0 0 0 0 0 0 0 0 0 0 0 0 0 0 0 26.744 23.313 14.62 30.453 27.172 27.146 21.182 12.468 27.692 26.438 46.282 28.183 11.825 46.292 14.359 124.12
0 0 0 0 0 0 0 0 0 0 0 0 0 0 0 0 0 0 0 0 0 0 0 0 0 0 0 0 0 0 0 0 0 0 0 0 0 0 0 0 0 0 0 0 0 0 0 0 0 0 0 0 0 0 0 0 0 0 0 0 0 0 26.475 26.657 26.126 19.118 27.03 22.395 26.253 27.97 26.871 34.328 19.036 25.941 34.754 26.289 124.64
0 0 0 0 0 0 0 0 0 0 0 0 0 0 0 0 0 0 0 0 0 0 0 0 0 0 0 0 0 0 0 0 0 0 0 0 0 0 0 0 0 0 0 0 0 0 0 0 0 0 0 0 0 0 0 0 0 0 0 0 0 0 0 16.792 20.567 26.347 28.407 22.43 17.135 27.19 26.376 33.542 27.844 15.595 29.332 15.9 124.75
0 0 0 0 0 0 0 0 0 0 0 0 0 0 0 0 0 0 0 0 0 0 0 0 0 0 0 0 0 0 0 0 0 0 0 0 0 0 0 0 0 0 0 0 0 0 0 0 0 0 0 0 0 0 0 0 0 0 0 0 0 0 0 0 22.903 26.76 29.354 22.543 15.667 26.733 26.14 42.918 28.236 16.787 40.126 14.62 124.64
0 0 0 0 0 0 0 0 0 0 0 0 0 0 0 0 0 0 0 0 0 0 0 0 0 0 0 0 0 0 0 0 0 0 0 0 0 0 0 0 0 0 0 0 0 0 0 0 0 0 0 0 0 0 0 0 0 0 0 0 0 0 0 0 0 26.139 34.272 32.617 27.165 34.349 33.733 22.121 27.565 25.318 24.859 23.093 124.15
0 0 0 0 0 0 0 0 0 0 0 0 0 0 0 0 0 0 0 0 0 0 0 0 0 0 0 0 0 0 0 0 0 0 0 0 0 0 0 0 0 0 0 0 0 0 0 0 0 0 0 0 0 0 0 0 0 0 0 0 0 0 0 0 0 0 26.453 23.514 26.429 27.14 26.201 33.334 13.933 26.981 32.715 26.814 124.74
0 0 0 0 0 0 0 0 0 0 0 0 0 0 0 0 0 0 0 0 0 0 0 0 0 0 0 0 0 0 0 0 0 0 0 0 0 0 0 0 0 0 0 0 0 0 0 0 0 0 0 0 0 0 0 0 0 0 0 0 0 0 0 0 0 0 0 14.898 27.219 12.381 15.193 55.83 26.34 27.793 50.807 27.417 100.8
0 0 0 0 0 0 0 0 0 0 0 0 0 0 0 0 0 0 0 0 0 0 0 0 0 0 0 0 0 0 0 0 0 0 0 0 0 0 0 0 0 0 0 0 0 0 0 0 0 0 0 0 0 0 0 0 0 0 0 0 0 0 0 0 0 0 0 0 21.656 13.531 16.699 54.301 22.798 22.46 49.269 22.285 104.9
0 0 0 0 0 0 0 0 0 0 0 0 0 0 0 0 0 0 0 0 0 0 0 0 0 0 0 0 0 0 0 0 0 0 0 0 0 0 0 0 0 0 0 0 0 0 0 0 0 0 0 0 0 0 0 0 0 0 0 0 0 0 0 0 0 0 0 0 0 27.146 26.37 42.093 27.663 11.721 40.344 15.672 124.81
0 0 0 0 0 0 0 0 0 0 0 0 0 0 0 0 0 0 0 0 0 0 0 0 0 0 0 0 0 0 0 0 0 0 0 0 0 0 0 0 0 0 0 0 0 0 0 0 0 0 0 0 0 0 0 0 0 0 0 0 0 0 0 0 0 0 0 0 0 0 13.753 56.055 26.828 29.298 50.873 27.811 100.78
0 0 0 0 0 0 0 0 0 0 0 0 0 0 0 0 0 0 0 0 0 0 0 0 0 0 0 0 0 0 0 0 0 0 0 0 0 0 0 0 0 0 0 0 0 0 0 0 0 0 0 0 0 0 0 0 0 0 0 0 0 0 0 0 0 0 0 0 0 0 0 55.776 25.896 28.299 50.201 26.756 100.72
0 0 0 0 0 0 0 0 0 0 0 0 0 0 0 0 0 0 0 0 0 0 0 0 0 0 0 0 0 0 0 0 0 0 0 0 0 0 0 0 0 0 0 0 0 0 0 0 0 0 0 0 0 0 0 0 0 0 0 0 0 0 0 0 0 0 0 0 0 0 0 0 45.411 45.886 28.378 43.696 124.65
0 0 0 0 0 0 0 0 0 0 0 0 0 0 0 0 0 0 0 0 0 0 0 0 0 0 0 0 0 0 0 0 0 0 0 0 0 0 0 0 0 0 0 0 0 0 0 0 0 0 0 0 0 0 0 0 0 0 0 0 0 0 0 0 0 0 0 0 0 0 0 0 0 27.443 42.3 27.692 124.63
0 0 0 0 0 0 0 0 0 0 0 0 0 0 0 0 0 0 0 0 0 0 0 0 0 0 0 0 0 0 0 0 0 0 0 0 0 0 0 0 0 0 0 0 0 0 0 0 0 0 0 0 0 0 0 0 0 0 0 0 0 0 0 0 0 0 0 0 0 0 0 0 0 0 42.159 13.136 124.66
0 0 0 0 0 0 0 0 0 0 0 0 0 0 0 0 0 0 0 0 0 0 0 0 0 0 0 0 0 0 0 0 0 0 0 0 0 0 0 0 0 0 0 0 0 0 0 0 0 0 0 0 0 0 0 0 0 0 0 0 0 0 0 0 0 0 0 0 0 0 0 0 0 0 0 41.41 124.67
0 0 0 0 0 0 0 0 0 0 0 0 0 0 0 0 0 0 0 0 0 0 0 0 0 0 0 0 0 0 0 0 0 0 0 0 0 0 0 0 0 0 0 0 0 0 0 0 0 0 0 0 0 0 0 0 0 0 0 0 0 0 0 0 0 0 0 0 0 0 0 0 0 0 0 0 124.62
0 0 0 0 0 0 0 0 0 0 0 0 0 0 0 0 0 0 0 0 0 0 0 0 0 0 0 0 0 0 0 0 0 0 0 0 0 0 0 0 0 0 0 0 0 0 0 0 0 0 0 0 0 0 0 0 0 0 0 0 0 0 0 0 0 0 0 0 0 0 0 0 0 0 0 0 0
