0 12.055 13.804 15.062 13.273 13.098 15.224 11.707 10.576 17.529 31.005 30.586 30.284 30 29.018 29.786 30.38 30.407 29.925 31.067 30.979 29.856 30.231 30.714 15.474 16.052 12.165 15.73 14.544 10.724 15.941 17.464 16.275 16.483 15.066 9.061 15.679
0 0 14.14 14.547 13.733 14.868 14.929 14.223 13.498 19.988 30.653 29.953 29.638 29.448 28.768 29.628 29.716 30.842 29.538 31.135 31.065 29.266 30.723 30.855 15.141 17.374 12.165 15.053 18.274 13.03 15.242 19.823 19.65 15.651 17.555 10.723 19.026
0 0 0 17.595 13.406 13.349 18.448 19.017 14.499 18.442 30.75 30.159 29.821 29.57 28.967 29.628 29.905 30.695 29.589 31.104 31.028 29.503 30.71 30.799 16.883 15.767 14.025 24.367 18.539 18.539 13.082 20.453 20.572 15.725 16.065 18.363 17.084
0 0 0 0 18.825 19.575 18.895 14.387 14.657 16.397 30.92 30.18 29.874 29.647 29.047 29.405 29.95 30.346 29.561 31.096 31.003 29.483 30.099 30.727 16.603 19.005 12.715 13.581 17.172 15.735 19.403 19.628 19.768 14.941 14.291 13.048 19.345
0 0 0 0 0 12.027 17.979 20.436 14.874 16.491 30.63 29.875 29.573 29.348 28.929 29.495 29.648 30.663 29.414 31.178 31.111 29.174 30.478 30.911 12.725 16.327 13.651 25.904 19.849 19.188 11.355 17.843 21.133 15.024 16.954 20.037 15.18
0 0 0 0 0 0 14.293 20.932 16.303 17.276 29.128 28.344 28.048 27.829 27.818 27.561 28.122 28.56 27.712 29.292 29.201 27.636 28.33 28.926 14.398 15.778 14.077 25.827 19.57 19.079 13.719 17.349 21.815 15.466 14.435 19.987 15.742
0 0 0 0 0 0 0 18.474 16.689 17.987 30.929 30.316 29.842 29.624 27.093 29.349 29.915 30.274 29.499 30.977 30.887 29.424 30.066 30.616 14.429 23.471 13.075 15.347 17.363 15.347 20.782 18.047 16.493 15.746 20.076 15.566 16.09
0 0 0 0 0 0 0 0 13.792 19.56 30.19 29.916 29.526 29.234 28.556 29.267 29.623 29.46 29.465 30.178 30.087 29.366 29.239 29.814 16.498 20.619 12.699 14.695 18.701 14.942 20.701 21.007 18.205 19.313 16.072 10.94 20.74
0 0 0 0 0 0 0 0 0 17.376 29.435 28.693 28.405 28.193 28.065 27.903 28.477 28.762 28.049 29.454 29.364 27.976 28.565 29.095 15.085 15.769 9.8351 14.695 20.155 15.256 16.093 18.23 18.63 15.459 17.324 8.502 16.263
0 0 0 0 0 0 0 0 0 0 30.578 29.874 29.56 29.326 28.409 29.368 29.638 30.725 29.28 31.065 30.995 29.186 30.433 30.785 19.36 14.691 18.179 19.482 22.763 15.759 17.638 14.603 20.032 14.129 15.788 17.598 16.036
0 0 0 0 0 0 0 0 0 0 0 15.889 11.494 18.468 16.906 17.44 16.739 16.767 14.554 12.691 17.249 17.968 14.478 17.826 30.652 30.798 30.784 30.892 29.579 30.564 30.847 30.981 30.321 30.541 29.187 30.508 30.708
0 0 0 0 0 0 0 0 0 0 0 0 18.855 32.13 30.141 15.245 13.391 15.395 18.763 14.944 16.601 26.477 24.84 16.272 30.107 30.315 29.926 29.982 29.692 29.912 30.103 30.399 29.761 30.09 28.962 29.906 30.312
0 0 0 0 0 0 0 0 0 0 0 0 0 18.584 20.413 16.154 15.77 16.282 15.744 14.301 16.342 18.296 17.633 18.163 29.76 30.032 29.649 29.719 29.261 29.587 29.798 30.144 29.417 29.727 28.717 29.57 29.939
0 0 0 0 0 0 0 0 0 0 0 0 0 0 11.732 17.588 18.774 17.908 18.221 27.888 15.813 12.699 16.604 17.558 29.502 29.754 29.444 29.524 28.939 29.345 29.572 29.907 29.194 29.456 28.504 29.358 29.662
0 0 0 0 0 0 0 0 0 0 0 0 0 0 0 18.678 17.505 18.232 16.472 27.183 15.686 15.18 17.334 15.881 28.856 29.142 29.142 29.462 28.475 28.879 29.032 28.981 28.746 28.854 27.996 28.879 28.801
0 0 0 0 0 0 0 0 0 0 0 0 0 0 0 0 13.901 12.163 16.734 17.264 12.826 15.447 16.135 13.433 29.634 29.513 29.392 29.634 29.185 29.448 29.72 29.59 29.362 29.386 28.724 29.538 29.623
0 0 0 0 0 0 0 0 0 0 0 0 0 0 0 0 0 13.381 14.123 15.776 12.468 15.741 16.051 14.23 29.846 30.113 29.718 29.784 29.369 29.668 29.874 30.207 29.503 29.817 28.931 29.654 30.032
0 0 0 0 0 0 0 0 0 0 0 0 0 0 0 0 0 0 15.646 16.073 11.72 13.337 17.275 13.332 30.496 30.315 30.48 30.663 28.384 30.645 30.121 30.583 30.2 30.183 28.482 30.48 30.233
0 0 0 0 0 0 0 0 0 0 0 0 0 0 0 0 0 0 0 15.805 16.376 16.885 13.301 17.356 29.565 29.65 29.315 29.559 29.402 29.358 29.631 29.72 29.286 29.57 28.939 29.448 29.812
0 0 0 0 0 0 0 0 0 0 0 0 0 0 0 0 0 0 0 0 17.438 22.002 19.999 17.996 30.953 30.923 31.095 31.236 29.269 30.99 30.95 31.152 30.639 30.733 29.367 30.876 30.837
0 0 0 0 0 0 0 0 0 0 0 0 0 0 0 0 0 0 0 0 0 16.104 15.086 14.431 30.874 30.837 31.009 31.152 29.032 30.916 30.854 31.067 30.561 30.649 28.699 30.8 30.751
0 0 0 0 0 0 0 0 0 0 0 0 0 0 0 0 0 0 0 0 0 0 15.94 15.447 29.465 29.581 29.2 29.244 29.293 29.239 29.405 29.655 29.115 29.478 28.53 29.247 29.718
0 0 0 0 0 0 0 0 0 0 0 0 0 0 0 0 0 0 0 0 0 0 0 17.071 30.477 30.18 30.34 30.555 29.346 30.54 30.345 30.478 30.193 30.093 28.861 30.505 30.101
0 0 0 0 0 0 0 0 0 0 0 0 0 0 0 0 0 0 0 0 0 0 0 0 30.638 30.579 30.75 30.899 28.721 30.698 30.567 30.815 30.328 30.4 28.544 30.574 30.494
0 0 0 0 0 0 0 0 0 0 0 0 0 0 0 0 0 0 0 0 0 0 0 0 0 19.482 14.589 20.696 18.407 14.367 14.102 19.371 18.993 19.217 15.454 14.398 19.094
0 0 0 0 0 0 0 0 0 0 0 0 0 0 0 0 0 0 0 0 0 0 0 0 0 0 19.161 25.845 21.304 19.341 16.453 12.914 21.167 13.71 15.42 20.253 12.357
0 0 0 0 0 0 0 0 0 0 0 0 0 0 0 0 0 0 0 0 0 0 0 0 0 0 0 13.136 19.822 13.746 17.115 19.483 20.876 18.345 17.036 12.16 15.995
0 0 0 0 0 0 0 0 0 0 0 0 0 0 0 0 0 0 0 0 0 0 0 0 0 0 0 0 18.898 14.627 25.876 25.869 19.252 19.141 17.346 11.689 26.948
0 0 0 0 0 0 0 0 0 0 0 0 0 0 0 0 0 0 0 0 0 0 0 0 0 0 0 0 0 15.907 21.446 22.225 14.387 21.132 17.897 17.195 19.774
0 0 0 0 0 0 0 0 0 0 0 0 0 0 0 0 0 0 0 0 0 0 0 0 0 0 0 0 0 0 18.991 19.34 17.363 15.243 13.992 12.667 19.773
0 0 0 0 0 0 0 0 0 0 0 0 0 0 0 0 0 0 0 0 0 0 0 0 0 0 0 0 0 0 0 17.387 22.133 15.487 14.275 19.82 15.275
0 0 0 0 0 0 0 0 0 0 0 0 0 0 0 0 0 0 0 0 0 0 0 0 0 0 0 0 0 0 0 0 21.943 14.859 16.21 20.344 14.262
0 0 0 0 0 0 0 0 0 0 0 0 0 0 0 0 0 0 0 0 0 0 0 0 0 0 0 0 0 0 0 0 0 16.661 18.563 22.01 21.398
0 0 0 0 0 0 0 0 0 0 0 0 0 0 0 0 0 0 0 0 0 0 0 0 0 0 0 0 0 0 0 0 0 0 14.138 17.159 15.549
0 0 0 0 0 0 0 0 0 0 0 0 0 0 0 0 0 0 0 0 0 0 0 0 0 0 0 0 0 0 0 0 0 0 0 14.016 15.686
0 0 0 0 0 0 0 0 0 0 0 0 0 0 0 0 0 0 0 0 0 0 0 0 0 0 0 0 0 0 0 0 0 0 0 0 20.202
0 0 0 0 0 0 0 0 0 0 0 0 0 0 0 0 0 0 0 0 0 0 0 0 0 0 0 0 0 0 0 0 0 0 0 0 0
