0 21.578 12.64 11.542 19.084 18.252 18.15 19.158 20.94 19.905 21.785 20.519 22.208 18.558 21.151 20.309 23.271 22.846 14.347 19.821 18.411 13.729 24.876 11.703 16.857 24.431 14.619 19.974 17.582 16.89
0 0 24.861 20.723 14.029 19.887 12.55 22.389 22.974 21.715 23.817 22.553 24.24 20.644 23.184 22.343 30.297 24.876 15.904 27.189 12.929 21.636 25.557 22.584 15.044 34.495 22.822 15.244 22.036 14.258
0 0 0 13.835 24.155 24.295 24.45 22.273 24.705 25.311 24.886 24.233 25.288 18.985 21.76 20.872 23.982 23.537 16.571 25.276 19.282 20.033 20.323 12.87 17.516 20.227 20.39 23.497 14.805 17.938
0 0 0 0 16.35 16.882 16.341 21.781 23.543 22.297 24.379 23.126 24.798 21.164 23.752 22.919 25.851 25.429 13.493 16.959 17.017 13.345 23.682 11.41 15.742 26.891 14.203 17.074 15.501 14.617
0 0 0 0 0 15.233 11.741 20.432 21.782 20.552 24.407 21.37 23.023 20.399 21.988 21.165 28.671 23.648 15.391 24.019 12.842 19.291 25.325 17.614 13.921 33.668 17.602 13.252 20.042 14.111
0 0 0 0 0 0 13.613 20.826 22.69 21.373 23.568 22.251 24.008 20.169 22.909 22.031 29.736 24.668 15.25 19.656 14.741 16.775 25.106 17.257 15.282 34.089 12.083 17.156 21.302 15.038
0 0 0 0 0 0 0 20.565 22.282 21.067 23.099 21.875 23.51 19.967 22.485 21.672 29.872 24.128 15.78 22.311 11.527 17.81 24.792 16.883 15.584 33.901 15.595 14.426 21.858 12.936
0 0 0 0 0 0 0 0 14.861 12.489 14.732 15.373 18.416 18.362 18.844 15.385 27.282 18.419 22.287 22.743 19.932 21.361 23.274 19.841 20.275 33.287 23.542 29.182 22.796 24.248
0 0 0 0 0 0 0 0 0 11.649 15.019 13.692 13.674 17.769 17.653 19.991 28.511 19.237 23.863 24.142 21.805 23.164 24.129 21.576 22.157 32.818 25.323 28.453 24.52 25.802
0 0 0 0 0 0 0 0 0 0 12.954 15.011 13.453 18.039 17.838 18.803 29.039 19.675 22.746 23.147 20.483 21.89 24.512 20.348 20.829 33.299 24.064 28.714 23.3 24.7
0 0 0 0 0 0 0 0 0 0 0 15.324 17.442 17.708 17.188 18.607 29.462 19.942 24.62 29.057 22.688 24.017 24.427 22.401 23.043 33.918 26.167 29.141 25.339 26.549
0 0 0 0 0 0 0 0 0 0 0 0 12.397 17.73 17.712 17.746 28.128 18.991 23.488 23.806 21.364 22.738 23.931 21.165 21.714 33.125 24.902 28.852 24.112 25.432
0 0 0 0 0 0 0 0 0 0 0 0 0 18.434 17.866 17.16 30.258 20.745 25.002 25.168 23.129 24.445 25.163 22.816 23.487 34.511 26.59 26.289 25.751 26.926
0 0 0 0 0 0 0 0 0 0 0 0 0 0 12.367 18.089 23.171 14.389 21.855 22.266 19.275 20.728 21.31 19.235 19.612 25.618 22.918 28.831 22.194 23.711
0 0 0 0 0 0 0 0 0 0 0 0 0 0 0 18.536 28.882 13.636 24.052 27.628 22.026 23.377 23.661 21.782 22.379 27.587 25.534 29.102 24.724 25.988
0 0 0 0 0 0 0 0 0 0 0 0 0 0 0 0 23.559 17.503 23.302 23.64 21.144 22.526 23.76 20.96 21.493 27.264 24.693 28.864 23.909 25.248
0 0 0 0 0 0 0 0 0 0 0 0 0 0 0 0 0 22.812 25.966 28.996 24.233 25.517 26.834 23.857 24.595 25.114 27.65 28.675 26.785 27.876
0 0 0 0 0 0 0 0 0 0 0 0 0 0 0 0 0 0 25.579 25.745 23.792 25.088 25.211 23.44 24.152 25.893 27.225 28.684 26.37 27.494
0 0 0 0 0 0 0 0 0 0 0 0 0 0 0 0 0 0 0 23.502 13.374 15.377 28.607 14.094 14.499 27.827 17.793 15.397 13.096 12.298
0 0 0 0 0 0 0 0 0 0 0 0 0 0 0 0 0 0 0 0 24.721 19.075 27.947 18.683 23.558 33.272 16.662 23.039 22.325 22.973
0 0 0 0 0 0 0 0 0 0 0 0 0 0 0 0 0 0 0 0 0 16.21 21.938 18.374 14.016 30.108 18.465 13.671 13.448 11.994
0 0 0 0 0 0 0 0 0 0 0 0 0 0 0 0 0 0 0 0 0 0 23.171 14.308 18.064 29.512 14.952 18.808 17.674 16.176
0 0 0 0 0 0 0 0 0 0 0 0 0 0 0 0 0 0 0 0 0 0 0 20.308 21.817 21.952 26.175 30.463 25.557 28.459
0 0 0 0 0 0 0 0 0 0 0 0 0 0 0 0 0 0 0 0 0 0 0 0 18.486 26.185 13.114 18.5 15.771 17.49
0 0 0 0 0 0 0 0 0 0 0 0 0 0 0 0 0 0 0 0 0 0 0 0 0 28.914 18.999 15.135 12.115 14.211
0 0 0 0 0 0 0 0 0 0 0 0 0 0 0 0 0 0 0 0 0 0 0 0 0 0 30.742 34.118 23.069 28.415
0 0 0 0 0 0 0 0 0 0 0 0 0 0 0 0 0 0 0 0 0 0 0 0 0 0 0 17.586 17.986 18.192
0 0 0 0 0 0 0 0 0 0 0 0 0 0 0 0 0 0 0 0 0 0 0 0 0 0 0 0 19.776 15.393
0 0 0 0 0 0 0 0 0 0 0 0 0 0 0 0 0 0 0 0 0 0 0 0 0 0 0 0 0 14.006
0 0 0 0 0 0 0 0 0 0 0 0 0 0 0 0 0 0 0 0 0 0 0 0 0 0 0 0 0 0
