0 22.976 22.942 29.94 25.455 29.514 27.571 25.056 31.479 30.542 20.025 23.079
0 0 22.201 19.607 22.549 26.167 24.169 23.657 19.202 15.712 17.545 22.4
0 0 0 15.596 22.295 25.195 23.184 20.571 22.561 24.225 21.283 16.59
0 0 0 0 22.619 25.157 23.881 22.398 19.694 19.816 16.572 14.104
0 0 0 0 0 12.943 13.634 21.835 25.786 24.132 20.518 22.291
0 0 0 0 0 0 13.255 21.205 29.302 25.117 24.766 25.67
0 0 0 0 0 0 0 21.418 27.386 24.177 22.739 23.571
0 0 0 0 0 0 0 0 25.497 24.239 20.586 20.813
0 0 0 0 0 0 0 0 0 11.584 13.816 22.478
0 0 0 0 0 0 0 0 0 0 14.289 23.859
0 0 0 0 0 0 0 0 0 0 0 21.736
0 0 0 0 0 0 0 0 0 0 0 0
