3 10 65 34.179 -118.36 173 157 20 380 2014 7 1 18 11 6 1 8
3 10 65 34.139 -118.41 204 193 39 380 2014 7 1 18 12 16 1 8
3 10 65 34.165 -118.48 253 229 61 380 2014 7 1 18 13 16 1 8
3 10 65 34.234 -118.52 270 261 82 380 2014 7 1 18 14 6 1 8
3 10 65 34.327 -118.58 303 316 113 380 2014 7 1 18 15 6 1 8
3 10 65 34.409 -118.62 334 333 132 380 2014 7 1 18 16 6 1 32
3 10 65 34.504 -118.68 381 334 155 380 2014 7 1 18 17 6 1 32
3 10 65 34.61 -118.72 403 339 176 380 2014 7 1 18 18 6 1 32
3 10 65 34.726 -118.74 417 354 191 380 2014 7 1 18 19 6 1 32
3 10 65 34.843 -118.76 424 352 212 380 2014 7 1 18 20 6 1 32
3 10 65 34.982 -118.8 430 345 235 380 2014 7 1 18 21 12 1 33
3 10 65 35.102 -118.84 444 346 250 380 2014 7 1 18 22 6 1 53
3 10 65 35.23 -118.88 465 345 266 400 2014 7 1 18 23 6 1 53
3 10 65 35.363 -118.92 485 346 287 400 2014 7 1 18 24 16 1 53
3 10 65 35.495 -118.96 487 346 306 400 2014 7 1 18 25 16 1 53
3 10 65 35.647 -119 480 346 333 400 2014 7 1 18 26 6 1 53
3 10 65 35.722 -119.02 480 346 346 400 2014 7 1 18 27 6 1 53
3 10 65 35.845 -119.06 466 345 362 400 2014 7 1 18 28 6 1 53
3 10 65 36.019 -119.12 466 345 385 400 2014 7 1 18 29 6 1 53
3 10 65 36.09 -119.14 456 345 393 400 2014 7 1 18 30 6 1 53
3 10 65 36.233 -119.18 449 345 400 400 2014 7 1 18 31 6 4 187
3 10 65 36.353 -119.22 446 345 400 400 2014 7 1 18 32 6 4 187
3 10 65 36.472 -119.26 446 345 400 400 2014 7 1 18 33 6 4 187
3 10 65 36.594 -119.29 447 345 400 400 2014 7 1 18 34 16 4 187
3 10 65 36.714 -119.33 447 345 400 400 2014 7 1 18 35 16 4 187
3 10 65 36.832 -119.37 445 345 400 400 2014 7 1 18 36 6 4 187
3 10 65 36.951 -119.41 442 345 400 400 2014 7 1 18 37 6 4 187
3 10 65 37.069 -119.45 442 346 400 400 2014 7 1 18 38 16 4 187
3 10 65 37.188 -119.48 442 345 400 400 2014 7 1 18 39 15 4 187
3 10 65 37.306 -119.52 442 345 400 400 2014 7 1 18 40 6 4 187
3 10 65 37.434 -119.56 440 345 400 400 2014 7 1 18 41 6 4 187
3 10 65 37.553 -119.6 440 345 400 400 2014 7 1 18 42 6 4 184
3 10 65 37.697 -119.65 441 345 400 400 2014 7 1 18 43 15 4 184
3 10 65 37.819 -119.68 445 345 400 400 2014 7 1 18 44 6 4 184
3 10 65 37.939 -119.72 447 345 400 400 2014 7 1 18 45 7 4 184
3 10 65 37.939 -119.72 447 345 400 400 2014 7 1 18 46 6 4 184
3 10 65 38.06 -119.76 448 345 400 400 2014 7 1 18 47 16 4 184
3 10 65 38.301 -119.84 448 345 400 400 2014 7 1 18 48 16 4 185
3 10 65 38.421 -119.88 448 345 400 400 2014 7 1 18 49 15 4 185
3 10 65 38.541 -119.92 448 345 400 400 2014 7 1 18 50 16 4 185
3 10 65 38.564 -119.93 442 345 400 400 2014 7 1 18 51 6 4 185
3 10 65 38.684 -119.97 443 345 400 400 2014 7 1 18 52 6 4 185
3 10 65 38.804 -120.01 447 345 400 400 2014 7 1 18 53 6 4 185
3 10 65 38.924 -120.05 447 345 400 400 2014 7 1 18 54 6 4 185
3 10 65 39.036 -120.09 447 345 400 400 2014 7 1 18 55 6 4 185
3 10 65 39.204 -120.14 443 345 400 400 2014 7 1 18 56 6 4 181
3 10 65 39.325 -120.18 447 344 400 400 2014 7 1 18 57 16 4 181
3 10 65 39.446 -120.22 447 345 400 400 2014 7 1 18 58 6 4 181
3 10 65 39.567 -120.26 449 345 400 400 2014 7 1 18 59 15 4 181
3 10 65 39.69 -120.31 449 345 400 400 2014 7 1 19 0 6 4 181
3 10 65 39.811 -120.35 450 345 400 400 2014 7 1 19 1 6 4 181
3 10 65 39.951 -120.39 460 345 400 400 2014 7 1 19 2 6 4 181
3 10 65 40.071 -120.44 456 344 400 400 2014 7 1 19 3 16 4 181
3 10 65 40.193 -120.48 455 345 400 400 2014 7 1 19 4 16 4 186
3 10 65 40.315 -120.52 455 345 400 400 2014 7 1 19 5 6 4 186
3 10 65 40.436 -120.56 453 345 400 400 2014 7 1 19 6 6 4 186
3 10 65 40.559 -120.61 454 345 400 400 2014 7 1 19 7 6 4 186
3 10 65 40.695 -120.65 454 345 400 400 2014 7 1 19 8 6 4 186
3 10 65 40.816 -120.7 454 344 400 400 2014 7 1 19 9 6 4 186
3 10 65 40.956 -120.75 455 345 400 400 2014 7 1 19 10 6 4 186
3 10 65 41.072 -120.79 454 345 400 400 2014 7 1 19 11 6 3 142
3 10 65 41.191 -120.83 454 344 400 400 2014 7 1 19 12 16 3 142
3 10 65 41.286 -120.86 452 344 400 400 2014 7 1 19 13 6 3 142
3 10 65 41.432 -120.92 451 344 400 400 2014 7 1 19 14 15 3 142
3 10 65 41.552 -120.96 449 345 400 400 2014 7 1 19 15 16 3 142
3 10 65 41.673 -121 451 345 400 400 2014 7 1 19 16 6 3 142
3 10 65 41.819 -121.06 455 344 400 400 2014 7 1 19 17 6 3 142
3 10 65 41.94 -121.1 452 345 400 400 2014 7 1 19 18 6 3 142
3 10 65 42.061 -121.15 457 344 400 400 2014 7 1 19 19 16 3 142
3 10 65 42.061 -121.15 457 344 400 400 2014 7 1 19 20 15 3 142
3 10 65 42.184 -121.19 457 344 400 400 2014 7 1 19 21 6 3 142
3 10 65 42.315 -121.24 453 343 400 400 2014 7 1 19 22 6 3 142
3 10 65 42.437 -121.29 455 344 400 400 2014 7 1 19 23 6 3 142
3 10 65 42.559 -121.33 454 344 400 400 2014 7 1 19 24 6 3 142
3 10 65 42.805 -121.42 457 344 400 400 2014 7 1 19 25 15 3 142
3 10 65 42.805 -121.42 457 344 400 400 2014 7 1 19 26 6 3 142
3 10 65 42.929 -121.46 458 344 400 400 2014 7 1 19 27 6 3 142
3 10 65 43.05 -121.51 456 345 400 400 2014 7 1 19 28 6 3 142
3 10 65 43.175 -121.56 461 344 400 400 2014 7 1 19 29 16 3 142
3 10 65 43.319 -121.62 455 344 400 400 2014 7 1 19 30 16 3 141
3 10 65 43.441 -121.66 454 344 400 400 2014 7 1 19 31 6 3 141
3 10 65 43.565 -121.71 456 343 400 400 2014 7 1 19 32 6 3 141
3 10 65 43.689 -121.76 460 344 400 400 2014 7 1 19 33 6 3 141
3 10 65 43.813 -121.81 460 344 400 400 2014 7 1 19 34 16 3 141
3 10 65 43.941 -121.86 473 344 400 400 2014 7 1 19 35 6 3 135
3 10 65 44.056 -121.9 458 344 400 400 2014 7 1 19 36 6 3 135
3 10 65 44.203 -121.96 457 344 400 400 2014 7 1 19 37 16 3 135
3 10 65 44.328 -122.01 464 344 400 400 2014 7 1 19 38 16 3 135
3 10 65 44.452 -122.06 464 343 400 400 2014 7 1 19 39 16 3 135
3 10 65 44.573 -122.11 463 344 400 400 2014 7 1 19 40 16 3 135
3 10 65 44.686 -122.16 462 344 400 400 2014 7 1 19 41 6 3 135
3 10 65 44.81 -122.21 462 343 400 400 2014 7 1 19 42 6 3 135
3 10 65 44.94 -122.26 456 343 400 400 2014 7 1 19 43 16 3 135
3 10 65 45.064 -122.31 460 343 400 400 2014 7 1 19 44 6 3 135
3 10 65 45.19 -122.36 469 344 400 400 2014 7 1 19 45 6 3 135
3 10 65 45.314 -122.41 469 344 400 400 2014 7 1 19 46 6 3 135
3 10 65 45.462 -122.47 469 344 390 400 2014 7 1 19 47 7 3 135
3 10 65 45.585 -122.52 468 343 364 400 2014 7 1 19 48 15 3 135
3 10 65 45.709 -122.57 467 343 333 400 2014 7 1 19 49 16 3 135
3 10 65 45.836 -122.61 467 343 308 400 2014 7 1 19 50 6 3 135
3 10 65 45.959 -122.64 460 346 286 400 2014 7 1 19 51 6 3 135
3 10 65 46.079 -122.67 443 348 263 400 2014 7 1 19 52 6 3 147
3 10 65 46.203 -122.7 431 349 240 400 2014 7 1 19 53 6 3 147
3 10 65 46.316 -122.72 415 351 219 400 2014 7 1 19 54 16 3 147
3 10 65 46.427 -122.72 404 359 197 400 2014 7 1 19 55 6 3 147
3 10 65 46.54 -122.73 393 355 175 400 2014 7 1 19 56 6 3 147
3 10 65 46.639 -122.73 371 358 156 400 2014 7 1 19 57 6 3 147
3 10 65 46.76 -122.74 362 357 131 400 2014 7 1 19 58 15 3 147
3 10 65 46.841 -122.67 345 358 115 400 2014 7 1 19 59 6 3 147
3 10 65 46.907 -122.58 328 29 102 400 2014 7 1 20 0 6 3 147
3 10 65 46.963 -122.5 290 43 91 400 2014 7 1 20 1 6 3 114
3 10 65 46.976 -122.48 281 45 88 400 2014 7 1 20 2 16 3 114
3 10 65 47.097 -122.37 245 29 67 400 2014 7 1 20 3 15 3 114
3 10 65 47.151 -122.34 251 29 59 400 2014 7 1 20 4 16 3 114
3 10 65 47.214 -122.32 233 20 52 400 2014 7 1 20 5 16 3 114
3 10 65 47.278 -122.32 214 6 38 400 2014 7 1 20 6 6 3 114
3 10 65 47.337 -122.32 214 0 28 400 2014 7 1 20 7 6 3 114
3 10 65 47.386 -122.32 181 359 14 400 2014 7 1 20 8 6 3 114
3 10 65 47.428 -122.32 154 0 6 400 2014 7 1 20 9 6 3 114
3 10 65 47.429 -122.32 139 0 7 400 2014 7 1 20 10 6 3 114
3 10 65 47.466 -122.32 145 359 3 400 2014 7 1 20 11 6 3 114
4 10 65 34.175 -118.37 178 157 25 380 2014 7 2 1 36 6 1 8
4 10 65 34.133 -118.4 245 228 35 380 2014 7 2 1 37 15 1 8
4 10 65 34.15 -118.51 268 285 70 380 2014 7 2 1 38 6 1 8
4 10 65 34.223 -118.55 297 285 98 380 2014 7 2 1 39 6 1 8
4 10 65 34.306 -118.59 320 305 114 380 2014 7 2 1 40 6 1 8
4 10 65 34.401 -118.64 372 336 133 380 2014 7 2 1 41 6 1 32
4 10 65 34.501 -118.69 389 334 155 380 2014 7 2 1 42 6 1 32
4 10 65 34.626 -118.77 415 335 179 380 2014 7 2 1 43 6 1 32
4 10 65 34.734 -118.83 425 336 204 380 2014 7 2 1 44 16 1 32
4 10 65 34.823 -118.87 422 335 221 380 2014 7 2 1 45 6 1 32
4 10 65 34.944 -118.91 434 338 241 380 2014 7 2 1 46 8 1 53
4 10 65 35.093 -118.96 456 344 263 380 2014 7 2 1 47 16 1 53
4 10 65 35.217 -119 462 343 281 380 2014 7 2 1 48 16 1 53
4 10 65 35.314 -119.04 457 344 296 380 2014 7 2 1 49 15 1 53
4 10 65 35.487 -119.1 462 344 317 380 2014 7 2 1 50 15 1 53
4 10 65 35.555 -119.13 458 344 323 380 2014 7 2 1 51 6 1 53
4 10 65 35.697 -119.2 459 337 338 380 2014 7 2 1 52 16 1 53
4 10 65 35.816 -119.26 461 338 352 380 2014 7 2 1 53 15 1 53
4 10 65 35.932 -119.32 460 337 367 380 2014 7 2 1 54 6 1 53
4 10 65 36.068 -119.39 447 337 379 380 2014 7 2 1 55 15 4 187
4 10 65 36.156 -119.44 440 337 380 380 2014 7 2 1 56 8 4 187
4 10 65 36.27 -119.5 441 337 380 380 2014 7 2 1 57 6 4 187
4 10 65 36.384 -119.55 442 337 380 380 2014 7 2 1 58 6 4 187
4 10 65 36.498 -119.61 445 337 380 380 2014 7 2 1 59 16 4 187
4 10 65 36.612 -119.67 446 337 380 380 2014 7 2 2 0 16 4 187
4 10 65 36.612 -119.67 446 337 380 380 2014 7 2 2 1 6 4 187
4 10 65 36.75 -119.75 448 337 380 380 2014 7 2 2 2 6 4 187
4 10 65 36.959 -119.89 436 337 380 380 2014 7 2 2 3 15 4 187
4 10 65 37.049 -120 435 330 380 380 2014 7 2 2 4 16 4 187
4 10 65 37.14 -120.09 435 320 380 380 2014 7 2 2 5 6 4 187
4 10 65 37.231 -120.19 435 319 380 380 2014 7 2 2 6 6 4 187
4 10 65 37.233 -120.2 437 318 380 380 2014 7 2 2 7 6 4 187
4 10 65 37.325 -120.3 437 319 380 380 2014 7 2 2 8 6 4 187
4 10 65 37.417 -120.4 440 319 380 380 2014 7 2 2 9 15 4 184
4 10 65 37.51 -120.5 440 318 380 380 2014 7 2 2 10 6 4 184
4 10 65 37.603 -120.6 441 318 380 380 2014 7 2 2 11 15 4 184
4 10 65 37.804 -120.83 436 318 380 380 2014 7 2 2 12 16 4 184
4 10 65 37.894 -120.93 436 318 380 380 2014 7 2 2 13 16 4 184
4 10 65 37.892 -120.93 431 318 380 380 2014 7 2 2 14 6 4 184
4 10 65 37.983 -121.03 433 318 380 380 2014 7 2 2 15 15 4 185
4 10 65 38.092 -121.1 444 318 380 380 2014 7 2 2 16 6 4 185
4 10 65 38.218 -121.12 455 326 380 380 2014 7 2 2 17 16 4 185
4 10 65 38.344 -121.14 457 343 380 380 2014 7 2 2 18 6 4 185
4 10 65 38.484 -121.16 457 352 380 380 2014 7 2 2 19 15 4 185
4 10 65 38.61 -121.19 461 352 380 380 2014 7 2 2 20 6 4 185
4 10 65 38.742 -121.21 465 352 380 380 2014 7 2 2 21 15 4 185
4 10 65 38.869 -121.23 466 352 380 380 2014 7 2 2 22 15 4 186
4 10 65 38.995 -121.26 459 352 380 380 2014 7 2 2 23 15 4 186
4 10 65 39.121 -121.28 459 351 380 380 2014 7 2 2 24 6 4 186
4 10 65 39.245 -121.31 457 351 380 380 2014 7 2 2 25 16 4 186
4 10 65 39.362 -121.37 452 349 380 380 2014 7 2 2 26 15 4 186
4 10 65 39.48 -121.43 452 343 380 380 2014 7 2 2 27 16 4 186
4 10 65 39.597 -121.48 454 340 380 380 2014 7 2 2 28 16 4 186
4 10 65 39.739 -121.55 454 340 380 380 2014 7 2 2 29 15 4 186
4 10 65 39.858 -121.6 454 339 380 380 2014 7 2 2 30 6 4 186
4 10 65 39.975 -121.66 453 340 380 380 2014 7 2 2 31 6 4 186
4 10 65 40.094 -121.72 455 339 380 380 2014 7 2 2 32 6 4 186
4 10 65 40.211 -121.77 454 340 380 380 2014 7 2 2 33 16 4 186
4 10 65 40.328 -121.83 454 339 380 380 2014 7 2 2 34 16 4 186
4 10 65 40.446 -121.89 454 339 380 380 2014 7 2 2 35 15 4 186
4 10 65 40.563 -121.94 454 339 380 380 2014 7 2 2 36 6 4 186
4 10 65 40.705 -122.01 459 339 380 380 2014 7 2 2 37 16 4 186
4 10 65 40.824 -122.07 459 339 380 380 2014 7 2 2 38 16 4 186
4 10 65 40.944 -122.13 460 339 380 390 2014 7 2 2 39 15 4 186
4 10 65 41.04 -122.18 460 341 380 390 2014 7 2 2 40 15 4 186
4 10 65 41.194 -122.2 467 354 390 390 2014 7 2 2 41 16 4 186
4 10 65 41.323 -122.21 466 356 390 390 2014 7 2 2 42 16 3 141
4 10 65 41.458 -122.22 466 356 390 390 2014 7 2 2 43 16 3 141
4 10 65 41.587 -122.23 464 356 390 390 2014 7 2 2 44 6 3 141
4 10 65 41.717 -122.24 463 357 390 390 2014 7 2 2 45 6 3 141
4 10 65 41.845 -122.25 461 356 390 390 2014 7 2 2 46 6 3 141
4 10 65 41.975 -122.26 460 356 390 390 2014 7 2 2 47 15 3 141
4 10 65 42.106 -122.27 461 356 390 390 2014 7 2 2 48 6 3 141
4 10 65 42.236 -122.28 461 356 390 390 2014 7 2 2 49 15 3 141
4 10 65 42.363 -122.29 461 356 390 390 2014 7 2 2 50 6 3 141
4 10 65 42.497 -122.31 467 356 390 390 2014 7 2 2 51 16 3 141
4 10 65 42.628 -122.32 471 356 390 390 2014 7 2 2 52 16 3 141
4 10 65 42.766 -122.33 471 356 390 390 2014 7 2 2 53 15 3 141
4 10 65 42.897 -122.34 472 356 390 390 2014 7 2 2 54 6 3 141
4 10 65 43.027 -122.35 470 356 390 380 2014 7 2 2 55 15 3 141
4 10 65 43.157 -122.36 475 356 386 380 2014 7 2 2 56 16 3 141
4 10 65 43.287 -122.37 470 356 380 380 2014 7 2 2 57 16 3 141
4 10 65 43.417 -122.38 472 356 380 380 2014 7 2 2 58 15 3 141
4 10 65 43.549 -122.39 474 356 380 380 2014 7 2 2 59 16 3 141
4 10 65 43.68 -122.4 474 356 380 380 2014 7 2 3 0 6 3 135
4 10 65 43.811 -122.42 474 356 380 380 2014 7 2 3 1 15 3 135
4 10 65 43.943 -122.43 476 356 380 380 2014 7 2 3 2 15 3 135
4 10 65 44.073 -122.44 475 356 380 380 2014 7 2 3 3 6 3 135
4 10 65 44.204 -122.45 475 356 380 380 2014 7 2 3 4 15 3 135
4 10 65 44.204 -122.45 475 356 380 380 2014 7 2 3 5 16 3 135
4 10 65 44.357 -122.49 483 356 380 380 2014 7 2 3 6 6 3 135
4 10 65 44.564 -122.67 462 339 380 380 2014 7 2 3 7 16 3 136
4 10 65 44.668 -122.76 451 328 380 380 2014 7 2 3 8 15 3 136
4 10 65 44.772 -122.85 447 328 380 380 2014 7 2 3 9 16 3 136
4 10 65 44.877 -122.94 447 327 380 380 2014 7 2 3 10 15 3 136
4 10 65 44.877 -122.94 447 327 380 380 2014 7 2 3 11 6 3 136
4 10 65 45 -123.05 445 328 380 380 2014 7 2 3 12 6 3 136
4 10 65 45.124 -123.08 463 344 380 380 2014 7 2 3 13 6 3 136
4 10 65 45.235 -122.99 467 339 380 380 2014 7 2 3 14 15 3 136
4 10 65 45.296 -122.83 467 11 380 380 2014 7 2 3 15 16 3 135
4 10 65 45.349 -122.66 465 45 380 380 2014 7 2 3 16 16 3 135
4 10 65 45.409 -122.5 467 63 380 380 2014 7 2 3 17 15 3 135
4 10 65 45.531 -122.47 460 63 366 380 2014 7 2 3 18 15 3 135
4 10 65 45.644 -122.53 441 35 341 380 2014 7 2 3 19 15 3 135
4 10 65 45.761 -122.59 445 353 319 380 2014 7 2 3 20 6 3 135
4 10 65 45.888 -122.62 465 348 290 380 2014 7 2 3 21 15 3 135
4 10 65 46.039 -122.66 466 345 262 380 2014 7 2 3 22 15 3 147
4 10 65 46.164 -122.69 460 356 239 380 2014 7 2 3 23 6 3 147
4 10 65 46.266 -122.71 443 350 220 380 2014 7 2 3 24 6 3 147
4 10 65 46.408 -122.73 434 351 193 380 2014 7 2 3 25 6 3 147
4 10 65 46.523 -122.73 417 354 169 380 2014 7 2 3 26 15 3 147
4 10 65 46.634 -122.73 400 357 149 380 2014 7 2 3 27 6 3 147
4 10 65 46.794 -122.72 360 358 124 380 2014 7 2 3 28 15 3 147
4 10 65 46.83 -122.69 348 24 115 380 2014 7 2 3 29 15 3 147
4 10 65 46.925 -122.56 329 44 99 380 2014 7 2 3 30 16 3 147
4 10 65 46.974 -122.48 309 45 85 380 2014 7 2 3 31 16 3 114
4 10 65 47.051 -122.41 302 34 70 380 2014 7 2 3 32 15 3 114
4 10 65 47.128 -122.34 289 30 60 380 2014 7 2 3 33 6 3 114
4 10 65 47.196 -122.32 254 23 60 380 2014 7 2 3 34 16 3 114
4 10 65 47.269 -122.32 259 0 42 380 2014 7 2 3 35 6 3 114
4 10 65 47.322 -122.32 250 0 26 380 2014 7 2 3 36 6 3 114
4 10 65 47.381 -122.32 218 358 15 380 2014 7 2 3 37 15 3 114
4 10 65 47.433 -122.32 142 2 6 380 2014 7 2 3 38 16 3 114
4 10 65 47.468 -122.32 150 0 3 380 2014 7 2 3 39 15 3 114
5 10 65 34.175 -118.37 173 0 22 400 2014 7 2 14 15 15 1 8
5 10 65 34.143 -118.43 234 214 45 400 2014 7 2 14 16 16 1 8
5 10 65 34.201 -118.48 271 286 77 400 2014 7 2 14 17 16 1 8
5 10 65 34.274 -118.53 293 322 106 400 2014 7 2 14 18 16 1 8
5 10 65 34.369 -118.59 318 334 145 400 2014 7 2 14 19 7 1 32
5 10 65 34.452 -118.64 329 332 162 400 2014 7 2 14 20 16 1 32
5 10 65 34.547 -118.7 386 332 179 400 2014 7 2 14 21 6 1 32
5 10 65 34.646 -118.76 404 331 207 400 2014 7 2 14 22 16 1 32
5 10 65 34.751 -118.83 404 331 232 400 2014 7 2 14 23 15 1 32
5 10 65 34.862 -118.89 420 335 252 400 2014 7 2 14 24 15 1 53
5 10 65 34.983 -118.93 443 336 272 400 2014 7 2 14 25 16 1 53
5 10 65 34.983 -118.93 446 343 272 400 2014 7 2 14 26 6 1 53
5 10 65 35.129 -118.99 461 342 294 400 2014 7 2 14 27 6 1 53
5 10 65 35.253 -119.03 466 342 311 400 2014 7 2 14 28 6 1 53
5 10 65 35.379 -119.08 471 341 328 400 2014 7 2 14 29 6 1 53
5 10 65 35.62 -119.18 463 341 368 400 2014 7 2 14 30 16 1 53
5 10 65 35.622 -119.18 459 342 368 400 2014 7 2 14 31 6 1 53
5 10 65 35.737 -119.22 448 342 383 400 2014 7 2 14 32 16 1 53
5 10 65 35.879 -119.28 445 342 395 400 2014 7 2 14 33 16 1 53
5 10 65 35.996 -119.33 444 341 400 400 2014 7 2 14 34 16 1 53
5 10 65 36.118 -119.36 450 346 400 400 2014 7 2 14 35 6 4 187
5 10 65 36.24 -119.4 450 346 400 400 2014 7 2 14 36 6 4 187
5 10 65 36.483 -119.47 452 346 400 400 2014 7 2 14 37 16 4 187
5 10 65 36.509 -119.48 451 347 400 400 2014 7 2 14 38 6 4 187
5 10 65 36.631 -119.51 451 346 400 400 2014 7 2 14 39 6 4 187
5 10 65 36.727 -119.54 452 346 400 400 2014 7 2 14 40 6 4 187
5 10 65 36.848 -119.58 449 346 400 400 2014 7 2 14 41 6 4 187
5 10 65 36.969 -119.61 449 347 400 400 2014 7 2 14 42 6 4 187
5 10 65 37.093 -119.65 454 346 400 400 2014 7 2 14 43 6 4 187
5 10 65 37.216 -119.68 454 346 400 400 2014 7 2 14 44 6 4 187
5 10 65 37.354 -119.73 456 346 400 400 2014 7 2 14 45 6 4 187
5 10 65 37.479 -119.76 457 346 400 380 2014 7 2 14 46 11 4 184
5 10 65 37.596 -119.82 452 346 395 380 2014 7 2 14 47 6 4 184
5 10 65 37.706 -119.89 444 343 387 380 2014 7 2 14 48 6 4 184
5 10 65 37.816 -119.95 443 336 380 380 2014 7 2 14 49 6 4 184
5 10 65 37.96 -120.01 453 334 380 380 2014 7 2 14 50 6 4 184
5 10 65 38.084 -120.05 455 338 380 380 2014 7 2 14 51 6 4 185
5 10 65 38.208 -120.08 456 345 380 380 2014 7 2 14 52 16 4 185
5 10 65 38.332 -120.12 456 347 380 380 2014 7 2 14 53 6 4 185
5 10 65 38.454 -120.16 456 347 380 380 2014 7 2 14 54 7 4 185
5 10 65 38.577 -120.19 455 346 380 380 2014 7 2 14 55 16 4 185
5 10 65 38.701 -120.23 456 346 380 380 2014 7 2 14 56 6 4 185
5 10 65 38.851 -120.27 458 347 380 380 2014 7 2 14 57 16 4 185
5 10 65 38.973 -120.31 457 346 380 380 2014 7 2 14 58 6 4 185
5 10 65 39.097 -120.35 458 347 380 380 2014 7 2 14 59 6 4 185
5 10 65 39.224 -120.39 460 346 380 380 2014 7 2 15 0 6 4 185
5 10 65 39.346 -120.42 458 346 380 380 2014 7 2 15 1 6 4 186
5 10 65 39.469 -120.46 457 346 380 380 2014 7 2 15 2 6 4 186
5 10 65 39.589 -120.5 455 347 380 380 2014 7 2 15 3 16 4 186
5 10 65 39.716 -120.53 454 346 380 380 2014 7 2 15 4 6 4 186
5 10 65 39.839 -120.57 454 346 380 380 2014 7 2 15 5 6 4 186
5 10 65 39.837 -120.57 450 346 380 380 2014 7 2 15 6 6 4 186
5 10 65 39.983 -120.62 451 346 380 380 2014 7 2 15 7 6 4 186
5 10 65 40.228 -120.7 452 346 380 380 2014 7 2 15 8 16 4 186
5 10 65 40.228 -120.7 452 346 380 380 2014 7 2 15 9 6 4 186
5 10 65 40.478 -120.77 469 346 380 380 2014 7 2 15 10 6 4 186
5 10 65 40.6 -120.81 463 346 380 380 2014 7 2 15 11 6 4 186
5 10 65 40.718 -120.85 464 346 380 380 2014 7 2 15 12 6 4 186
5 10 65 40.743 -120.86 464 346 380 380 2014 7 2 15 13 6 4 186
5 10 65 40.868 -120.9 466 346 380 380 2014 7 2 15 14 6 4 186
5 10 65 40.994 -120.94 465 346 380 380 2014 7 2 15 15 6 4 186
5 10 65 41.12 -120.98 465 346 380 380 2014 7 2 15 16 6 3 142
5 10 65 41.245 -121.02 465 346 380 380 2014 7 2 15 17 6 3 142
5 10 65 41.498 -121.1 465 346 380 380 2014 7 2 15 18 17 3 142
5 10 65 41.621 -121.14 463 345 380 380 2014 7 2 15 19 15 3 142
5 10 65 41.619 -121.15 463 345 380 380 2014 7 2 15 20 16 3 142
5 10 65 41.748 -121.19 463 346 380 380 2014 7 2 15 21 6 3 142
5 10 65 41.897 -121.24 468 346 380 380 2014 7 2 15 22 6 3 142
5 10 65 42.022 -121.28 467 346 380 380 2014 7 2 15 23 6 3 141
5 10 65 42.148 -121.32 464 346 380 380 2014 7 2 15 24 16 3 141
5 10 65 42.274 -121.36 469 346 380 380 2014 7 2 15 25 6 3 141
5 10 65 42.4 -121.4 472 346 380 380 2014 7 2 15 26 6 3 141
5 10 65 42.527 -121.44 473 346 380 380 2014 7 2 15 27 6 3 141
5 10 65 42.655 -121.49 474 346 380 380 2014 7 2 15 28 6 3 141
5 10 65 42.782 -121.53 474 346 380 380 2014 7 2 15 29 6 3 141
5 10 65 42.909 -121.57 474 346 380 380 2014 7 2 15 30 6 3 141
5 10 65 43.036 -121.62 472 345 380 380 2014 7 2 15 31 6 3 141
5 10 65 43.162 -121.66 471 345 380 380 2014 7 2 15 32 6 3 141
5 10 65 43.313 -121.71 468 345 380 380 2014 7 2 15 33 6 3 141
5 10 65 43.438 -121.76 466 345 380 380 2014 7 2 15 34 6 3 141
5 10 65 43.563 -121.8 466 345 380 380 2014 7 2 15 35 6 3 141
5 10 65 43.691 -121.84 467 346 380 380 2014 7 2 15 36 6 3 141
5 10 65 43.827 -121.89 470 346 380 380 2014 7 2 15 37 6 3 141
5 10 65 43.956 -121.93 475 345 380 380 2014 7 2 15 38 15 3 135
5 10 65 44.083 -121.98 475 346 380 380 2014 7 2 15 39 16 3 135
5 10 65 44.213 -122.03 482 345 380 380 2014 7 2 15 40 6 3 135
5 10 65 44.342 -122.07 482 345 380 380 2014 7 2 15 41 6 3 135
5 10 65 44.472 -122.12 482 345 380 380 2014 7 2 15 42 6 3 135
5 10 65 44.621 -122.18 482 345 380 380 2014 7 2 15 43 6 3 135
5 10 65 44.751 -122.22 482 345 380 380 2014 7 2 15 44 8 3 135
5 10 65 44.878 -122.27 482 345 380 380 2014 7 2 15 45 6 3 135
5 10 65 45.004 -122.31 477 345 380 380 2014 7 2 15 46 6 3 135
5 10 65 45.134 -122.36 483 345 380 380 2014 7 2 15 47 6 3 135
5 10 65 45.263 -122.41 483 345 380 380 2014 7 2 15 48 6 3 135
5 10 65 45.391 -122.46 482 345 380 380 2014 7 2 15 49 6 3 135
5 10 65 45.52 -122.5 482 345 374 380 2014 7 2 15 50 15 3 135
5 10 65 45.65 -122.55 483 345 370 380 2014 7 2 15 51 6 3 135
5 10 65 45.808 -122.61 486 345 360 380 2014 7 2 15 52 6 3 135
5 10 65 45.936 -122.64 473 345 336 380 2014 7 2 15 53 6 3 135
5 10 65 46.06 -122.67 460 348 311 380 2014 7 2 15 54 6 3 147
5 10 65 46.185 -122.69 457 350 290 380 2014 7 2 15 55 6 3 147
5 10 65 46.31 -122.72 457 350 281 380 2014 7 2 15 56 6 3 147
5 10 65 46.445 -122.72 469 359 252 380 2014 7 2 15 57 6 3 147
5 10 65 46.567 -122.73 444 355 228 380 2014 7 2 15 58 6 3 147
5 10 65 46.684 -122.67 444 17 228 380 2014 7 2 15 59 6 3 147
5 10 65 46.769 -122.74 390 358 184 380 2014 7 2 16 0 6 3 147
5 10 65 46.821 -122.7 383 1 175 380 2014 7 2 16 1 6 3 147
5 10 65 46.979 -122.54 376 38 138 380 2014 7 2 16 2 6 3 114
5 10 65 47.076 -122.5 363 26 120 380 2014 7 2 16 3 6 3 114
5 10 65 47.169 -122.48 346 14 105 380 2014 7 2 16 4 16 3 114
5 10 65 47.196 -122.48 322 7 103 380 2014 7 2 16 5 6 3 114
5 10 65 47.278 -122.47 289 6 93 380 2014 7 2 16 6 6 3 114
5 10 65 47.356 -122.46 276 5 84 380 2014 7 2 16 7 6 3 114
5 10 65 47.428 -122.46 245 1 77 380 2014 7 2 16 8 6 3 114
5 10 65 47.494 -122.45 233 359 68 380 2014 7 2 16 9 6 3 114
5 10 65 47.557 -122.46 222 0 58 380 2014 7 2 16 10 6 3 114
5 10 65 47.617 -122.46 219 0 47 380 2014 7 2 16 11 6 3 114
5 10 65 47.674 -122.45 217 359 40 380 2014 7 2 16 12 6 3 114
5 10 65 47.693 -122.38 202 71 40 380 2014 7 2 16 13 6 3 114
5 10 65 47.643 -122.32 181 144 38 380 2014 7 2 16 14 19 3 114
5 10 65 47.602 -122.32 188 169 31 380 2014 7 2 16 15 16 3 114
5 10 65 47.548 -122.32 177 178 21 380 2014 7 2 16 16 6 3 114
5 10 65 47.502 -122.32 168 180 12 380 2014 7 2 16 17 6 3 114
5 10 65 47.466 -122.32 120 180 5 380 2014 7 2 16 18 6 3 114
5 10 65 47.431 -122.32 132 180 4 380 2014 7 2 16 19 6 3 114
7 10 65 34.173 -118.36 183 0 380 380 2014 7 3 1 20 6 1 53
7 10 65 34.141 -118.42 277 297 43 380 2014 7 3 1 21 15 1 8
7 10 65 34.144 -118.51 277 219 67 380 2014 7 3 1 22 6 1 8
7 10 65 34.157 -118.6 280 256 93 380 2014 7 3 1 23 6 1 8
7 10 65 34.236 -118.64 302 276 120 380 2014 7 3 1 24 16 1 8
7 10 65 34.326 -118.67 344 340 133 380 2014 7 3 1 25 6 1 32
7 10 65 34.43 -118.71 393 341 151 380 2014 7 3 1 26 6 1 32
7 10 65 34.543 -118.76 392 342 174 380 2014 7 3 1 27 6 1 32
7 10 65 34.672 -118.81 419 340 203 380 2014 7 3 1 28 15 1 32
7 10 65 34.784 -118.85 420 342 225 380 2014 7 3 1 29 16 1 32
7 10 65 34.906 -118.9 432 343 246 380 2014 7 3 1 30 16 1 53
7 10 65 35.023 -118.94 436 344 262 380 2014 7 3 1 31 6 1 53
7 10 65 35.119 -118.97 443 344 272 380 2014 7 3 1 32 17 1 53
7 10 65 35.266 -119.02 453 344 287 380 2014 7 3 1 33 6 1 53
7 10 65 35.391 -119.06 463 343 303 380 2014 7 3 1 34 15 1 53
7 10 65 35.513 -119.11 463 344 318 380 2014 7 3 1 35 16 1 53
7 10 65 35.63 -119.17 461 341 332 380 2014 7 3 1 36 6 1 53
7 10 65 35.749 -119.23 461 337 343 380 2014 7 3 1 37 15 1 53
7 10 65 35.775 -119.24 458 337 345 380 2014 7 3 1 38 6 1 53
7 10 65 35.869 -119.29 462 337 354 380 2014 7 3 1 39 6 1 53
7 10 65 36.012 -119.37 461 337 360 380 2014 7 3 1 40 16 1 53
7 10 65 36.245 -119.48 461 338 375 380 2014 7 3 1 41 15 4 187
7 10 65 36.271 -119.5 459 338 378 380 2014 7 3 1 42 6 4 187
7 10 65 36.385 -119.56 452 337 380 380 2014 7 3 1 43 6 4 187
7 10 65 36.501 -119.62 452 337 380 380 2014 7 3 1 44 6 4 187
7 10 65 36.592 -119.66 452 337 380 380 2014 7 3 1 45 6 4 187
7 10 65 36.708 -119.72 452 337 380 380 2014 7 3 1 46 6 4 187
7 10 65 36.825 -119.78 453 338 380 380 2014 7 3 1 47 6 4 187
7 10 65 36.931 -119.86 446 337 380 380 2014 7 3 1 48 6 4 187
7 10 65 37.027 -119.96 444 329 380 380 2014 7 3 1 49 15 4 187
7 10 65 37.133 -120.06 442 325 380 380 2014 7 3 1 50 16 4 187
7 10 65 37.229 -120.15 439 321 380 380 2014 7 3 1 51 6 4 187
7 10 65 37.324 -120.25 438 321 380 380 2014 7 3 1 52 6 4 187
7 10 65 37.418 -120.34 436 321 380 380 2014 7 3 1 53 6 4 184
7 10 65 37.512 -120.44 434 321 380 380 2014 7 3 1 54 6 4 184
7 10 65 37.625 -120.55 433 321 380 380 2014 7 3 1 55 6 4 184
7 10 65 37.719 -120.65 434 321 380 380 2014 7 3 1 56 6 4 184
7 10 65 37.814 -120.74 434 321 380 380 2014 7 3 1 57 6 4 184
7 10 65 37.909 -120.84 434 321 380 380 2014 7 3 1 58 16 4 184
7 10 65 38.004 -120.93 435 321 380 380 2014 7 3 1 59 7 4 185
7 10 65 38.114 -121.01 452 321 380 380 2014 7 3 2 0 6 4 185
7 10 65 38.244 -121.03 469 326 380 380 2014 7 3 2 1 6 4 185
7 10 65 38.374 -121.05 473 342 380 380 2014 7 3 2 2 6 4 185
7 10 65 38.504 -121.07 474 352 380 380 2014 7 3 2 3 16 4 185
7 10 65 38.659 -121.1 477 352 380 380 2014 7 3 2 4 15 4 185
7 10 65 38.787 -121.12 473 352 380 380 2014 7 3 2 5 16 4 185
7 10 65 38.908 -121.17 466 352 380 380 2014 7 3 2 6 6 4 186
7 10 65 39.016 -121.25 451 349 380 380 2014 7 3 2 7 16 4 186
7 10 65 39.124 -121.32 448 337 380 380 2014 7 3 2 8 6 4 186
7 10 65 39.234 -121.4 448 331 380 380 2014 7 3 2 9 6 4 186
7 10 65 39.351 -121.48 454 331 380 380 2014 7 3 2 10 6 4 186
7 10 65 39.46 -121.56 454 331 380 380 2014 7 3 2 11 6 4 186
7 10 65 39.571 -121.64 452 330 380 380 2014 7 3 2 12 6 4 186
7 10 65 39.703 -121.74 451 329 380 380 2014 7 3 2 13 15 4 186
7 10 65 39.812 -121.82 451 331 380 380 2014 7 3 2 14 6 4 186
7 10 65 39.922 -121.9 452 330 380 380 2014 7 3 2 15 16 4 186
7 10 65 40.031 -121.98 452 330 380 380 2014 7 3 2 16 6 4 186
7 10 65 40.14 -122.06 453 331 380 380 2014 7 3 2 17 6 4 186
7 10 65 40.249 -122.14 457 330 380 380 2014 7 3 2 18 15 4 186
7 10 65 40.357 -122.22 456 330 380 380 2014 7 3 2 19 6 4 186
7 10 65 40.466 -122.3 457 329 380 380 2014 7 3 2 20 6 4 186
7 10 65 40.577 -122.38 457 330 380 380 2014 7 3 2 21 6 4 186
7 10 65 40.709 -122.48 459 330 380 380 2014 7 3 2 22 16 4 186
7 10 65 40.819 -122.56 459 330 380 380 2014 7 3 2 23 15 4 186
7 10 65 40.93 -122.65 461 330 380 380 2014 7 3 2 24 6 4 186
7 10 65 41.039 -122.73 459 330 380 380 2014 7 3 2 25 16 4 182
7 10 65 41.149 -122.65 459 29 380 380 2014 7 3 2 26 6 4 186
7 10 65 41.278 -122.92 455 329 380 380 2014 7 3 2 27 6 4 182
7 10 65 41.376 -122.97 459 329 380 380 2014 7 3 2 28 6 3 140
7 10 65 41.498 -123.01 459 341 380 380 2014 7 3 2 29 16 3 140
7 10 65 41.626 -123.03 463 344 380 380 2014 7 3 2 30 16 3 140
7 10 65 41.756 -123.02 463 355 380 380 2014 7 3 2 31 6 3 140
7 10 65 41.912 -123 466 4 380 380 2014 7 3 2 32 16 3 140
7 10 65 42.04 -122.99 461 4 380 380 2014 7 3 2 33 15 3 140
7 10 65 42.04 -122.99 461 4 380 380 2014 7 3 2 34 6 3 140
7 10 65 42.283 -122.97 478 4 380 380 2014 7 3 2 35 16 3 140
7 10 65 42.283 -122.97 478 4 380 380 2014 7 3 2 36 6 3 140
7 10 65 42.416 -122.95 478 4 380 380 2014 7 3 2 37 6 3 140
7 10 65 42.682 -122.92 478 4 380 380 2014 7 3 2 38 15 3 140
7 10 65 42.834 -122.91 476 4 380 380 2014 7 3 2 39 15 3 140
7 10 65 42.834 -122.91 476 4 380 380 2014 7 3 2 40 6 3 140
7 10 65 42.967 -122.89 477 4 380 380 2014 7 3 2 41 6 3 140
7 10 65 43.099 -122.88 477 4 380 380 2014 7 3 2 42 6 3 140
7 10 65 43.363 -122.85 478 4 380 380 2014 7 3 2 43 16 3 140
7 10 65 43.495 -122.84 478 4 380 380 2014 7 3 2 44 16 3 136
7 10 65 43.496 -122.84 479 4 380 380 2014 7 3 2 45 16 3 136
7 10 65 43.761 -122.81 481 4 380 380 2014 7 3 2 46 15 3 136
7 10 65 43.761 -122.81 481 4 380 380 2014 7 3 2 47 6 3 136
7 10 65 44.026 -122.78 482 4 380 380 2014 7 3 2 48 15 3 136
7 10 65 44.159 -122.77 482 4 380 380 2014 7 3 2 49 15 3 136
7 10 65 44.159 -122.77 483 4 380 380 2014 7 3 2 50 6 3 136
7 10 65 44.292 -122.75 484 4 380 380 2014 7 3 2 51 6 3 136
7 10 65 44.45 -122.74 486 4 380 380 2014 7 3 2 52 6 3 136
7 10 65 44.584 -122.72 487 4 380 380 2014 7 3 2 53 15 3 136
7 10 65 44.719 -122.71 487 4 380 380 2014 7 3 2 54 6 3 136
7 10 65 44.852 -122.69 487 4 380 380 2014 7 3 2 55 6 3 136
7 10 65 44.982 -122.68 476 4 380 380 2014 7 3 2 56 15 3 136
7 10 65 45.114 -122.66 477 4 380 380 2014 7 3 2 57 6 3 135
7 10 65 45.249 -122.65 482 4 380 380 2014 7 3 2 58 16 3 135
7 10 65 45.381 -122.63 482 4 380 380 2014 7 3 2 59 7 3 135
7 10 65 45.514 -122.62 481 4 378 380 2014 7 3 3 0 16 3 135
7 10 65 45.673 -122.6 481 4 366 380 2014 7 3 3 1 6 3 135
7 10 65 45.807 -122.61 483 4 354 380 2014 7 3 3 2 6 3 135
7 10 65 45.935 -122.64 476 1 327 380 2014 7 3 3 3 6 3 135
7 10 65 46.06 -122.67 467 354 304 380 2014 7 3 3 4 6 3 147
7 10 65 46.181 -122.7 451 350 283 380 2014 7 3 3 5 6 3 147
7 10 65 46.3 -122.68 436 350 258 380 2014 7 3 3 6 6 3 147
7 10 65 46.418 -122.66 430 3 237 380 2014 7 3 3 7 6 3 147
7 10 65 46.531 -122.64 415 6 216 380 2014 7 3 3 8 16 3 147
7 10 65 46.666 -122.61 390 7 191 380 2014 7 3 3 9 16 3 147
7 10 65 46.763 -122.59 383 6 175 380 2014 7 3 3 10 16 3 147
7 10 65 46.866 -122.57 375 7 155 380 2014 7 3 3 11 6 3 147
7 10 65 46.979 -122.54 355 9 137 380 2014 7 3 3 12 16 3 114
7 10 65 47.065 -122.51 345 17 121 380 2014 7 3 3 13 15 3 114
7 10 65 47.158 -122.49 336 9 106 380 2014 7 3 3 14 16 3 114
7 10 65 47.245 -122.47 307 6 98 380 2014 7 3 3 15 6 3 114
7 10 65 47.324 -122.46 286 5 83 380 2014 7 3 3 16 6 3 114
7 10 65 47.398 -122.45 276 2 75 380 2014 7 3 3 17 15 3 114
7 10 65 47.476 -122.45 267 0 60 380 2014 7 3 3 18 15 3 114
7 10 65 47.549 -122.45 256 0 52 380 2014 7 3 3 19 6 3 114
7 10 65 47.614 -122.43 224 11 44 380 2014 7 3 3 20 6 3 114
7 10 65 47.608 -122.36 199 92 36 380 2014 7 3 3 21 6 3 114
7 10 65 47.568 -122.32 182 143 27 380 2014 7 3 3 22 16 3 114
7 10 65 47.52 -122.32 160 179 16 380 2014 7 3 3 23 6 3 114
7 10 65 47.471 -122.32 144 179 7 380 2014 7 3 3 24 15 3 114
7 10 65 47.437 -122.32 150 180 4 380 2014 7 3 3 25 16 3 114
8 10 65 34.201 -118.36 150 0 7 380 2014 7 3 14 21 6 1 8
8 10 65 34.15 -118.38 198 184 33 380 2014 7 3 14 22 6 1 8
8 10 65 34.143 -118.43 236 202 46 380 2014 7 3 14 23 6 1 8
8 10 65 34.177 -118.5 271 239 74 380 2014 7 3 14 24 6 1 8
8 10 65 34.25 -118.55 287 285 104 380 2014 7 3 14 25 6 1 8
8 10 65 34.327 -118.59 302 324 133 380 2014 7 3 14 26 6 1 32
8 10 65 34.411 -118.64 325 334 164 380 2014 7 3 14 27 7 1 32
8 10 65 34.487 -118.68 333 336 179 380 2014 7 3 14 28 6 1 32
8 10 65 34.633 -118.69 386 346 217 380 2014 7 3 14 29 6 1 32
8 10 65 34.744 -118.67 400 5 240 380 2014 7 3 14 30 6 1 53
8 10 65 34.858 -118.7 426 356 260 380 2014 7 3 14 31 6 1 53
8 10 65 34.98 -118.73 426 345 260 380 2014 7 3 14 32 6 1 53
8 10 65 35.094 -118.77 425 346 264 380 2014 7 3 14 33 6 1 53
8 10 65 35.212 -118.8 433 345 281 380 2014 7 3 14 34 6 1 53
8 10 65 35.334 -118.84 448 346 299 380 2014 7 3 14 35 6 1 53
8 10 65 35.482 -118.89 456 345 324 380 2014 7 3 14 36 6 1 53
8 10 65 35.552 -118.91 452 345 333 380 2014 7 3 14 37 6 1 53
8 10 65 35.727 -118.96 456 345 360 380 2014 7 3 14 38 6 1 53
8 10 65 35.845 -119 448 345 373 380 2014 7 3 14 39 6 1 53
8 10 65 35.966 -119.04 448 346 380 380 2014 7 3 14 40 6 1 53
8 10 65 36.112 -119.08 449 345 380 380 2014 7 3 14 41 6 1 53
8 10 65 36.183 -119.11 451 345 380 380 2014 7 3 14 42 6 4 187
8 10 65 36.303 -119.14 447 345 380 380 2014 7 3 14 43 6 4 187
8 10 65 36.423 -119.18 447 345 380 380 2014 7 3 14 44 6 4 187
8 10 65 36.542 -119.22 446 346 380 380 2014 7 3 14 45 6 4 187
8 10 65 36.734 -119.28 445 344 380 380 2014 7 3 14 46 14 4 187
8 10 65 36.805 -119.3 446 345 380 380 2014 7 3 14 47 6 4 187
8 10 65 36.924 -119.34 443 346 380 380 2014 7 3 14 48 6 4 187
8 10 65 37.045 -119.38 445 345 380 380 2014 7 3 14 49 6 4 187
8 10 65 37.167 -119.42 450 345 380 380 2014 7 3 14 50 6 4 187
8 10 65 37.287 -119.46 450 345 380 380 2014 7 3 14 51 6 4 187
8 10 65 37.288 -119.46 450 345 380 380 2014 7 3 14 52 9 4 187
8 10 65 37.529 -119.54 446 345 380 380 2014 7 3 14 53 6 4 184
8 10 65 37.65 -119.58 447 345 380 380 2014 7 3 14 54 6 4 184
8 10 65 37.771 -119.62 447 345 380 380 2014 7 3 14 55 6 4 184
8 10 65 37.917 -119.66 450 345 380 380 2014 7 3 14 56 6 4 184
8 10 65 38.038 -119.7 450 345 380 380 2014 7 3 14 57 6 4 184
8 10 65 38.039 -119.7 450 345 380 380 2014 7 3 14 58 6 4 184
8 10 65 38.159 -119.75 450 345 380 380 2014 7 3 14 59 6 4 185
8 10 65 38.399 -119.83 447 345 380 380 2014 7 3 15 0 6 4 185
8 10 65 38.518 -119.87 446 345 380 380 2014 7 3 15 1 7 4 185
8 10 65 38.639 -119.91 446 345 380 380 2014 7 3 15 2 6 4 185
8 10 65 38.758 -119.95 446 345 380 380 2014 7 3 15 3 6 4 185
8 10 65 38.761 -119.95 450 345 380 380 2014 7 3 15 4 6 4 185
8 10 65 38.882 -119.99 450 345 380 380 2014 7 3 15 5 6 4 185
8 10 65 39.018 -120.03 450 345 380 380 2014 7 3 15 6 9 4 181
8 10 65 39.139 -120.08 450 344 380 380 2014 7 3 15 7 6 4 181
8 10 65 39.258 -120.12 447 345 380 380 2014 7 3 15 8 6 4 181
8 10 65 39.378 -120.16 447 345 380 380 2014 7 3 15 9 6 4 181
8 10 65 39.505 -120.2 447 344 380 380 2014 7 3 15 10 6 4 181
8 10 65 39.624 -120.24 444 344 380 380 2014 7 3 15 11 6 4 181
8 10 65 39.761 -120.29 444 345 380 380 2014 7 3 15 12 6 4 181
8 10 65 39.862 -120.32 443 345 380 380 2014 7 3 15 13 6 4 181
8 10 65 40.003 -120.37 442 345 380 380 2014 7 3 15 14 6 4 181
8 10 65 40.107 -120.41 444 344 380 380 2014 7 3 15 15 6 4 181
8 10 65 40.236 -120.46 441 346 380 380 2014 7 3 15 16 6 4 186
8 10 65 40.369 -120.5 453 345 380 380 2014 7 3 15 17 6 4 186
8 10 65 40.484 -120.54 442 344 380 380 2014 7 3 15 18 6 4 186
8 10 65 40.592 -120.58 442 345 380 380 2014 7 3 15 19 6 4 186
8 10 65 40.709 -120.62 439 344 380 380 2014 7 3 15 20 6 4 186
8 10 65 40.827 -120.66 439 343 380 380 2014 7 3 15 21 6 4 186
8 10 65 40.966 -120.72 438 345 380 380 2014 7 3 15 22 6 4 186
8 10 65 41.083 -120.76 437 344 380 380 2014 7 3 15 23 6 3 142
8 10 65 41.2 -120.8 435 344 380 380 2014 7 3 15 24 6 3 142
8 10 65 41.316 -120.84 435 344 380 380 2014 7 3 15 25 6 3 142
8 10 65 41.432 -120.89 434 345 380 380 2014 7 3 15 26 6 3 142
8 10 65 41.548 -120.93 434 344 380 380 2014 7 3 15 27 6 3 142
8 10 65 41.667 -120.97 440 344 380 380 2014 7 3 15 28 6 3 142
8 10 65 41.782 -121.02 440 344 380 380 2014 7 3 15 29 6 3 142
8 10 65 41.897 -121.06 433 344 380 380 2014 7 3 15 30 6 3 142
8 10 65 42.014 -121.1 433 344 380 380 2014 7 3 15 31 6 3 142
8 10 65 42.127 -121.15 430 344 380 380 2014 7 3 15 32 6 3 142
8 10 65 42.241 -121.19 429 344 380 380 2014 7 3 15 33 6 3 142
8 10 65 42.379 -121.24 429 344 380 380 2014 7 3 15 34 6 3 142
8 10 65 42.496 -121.28 436 344 380 380 2014 7 3 15 35 6 3 142
8 10 65 42.61 -121.33 435 344 380 380 2014 7 3 15 36 6 3 142
8 10 65 42.723 -121.37 426 344 380 380 2014 7 3 15 37 6 3 142
8 10 65 42.834 -121.41 422 344 380 380 2014 7 3 15 38 6 3 142
8 10 65 42.947 -121.46 422 344 380 380 2014 7 3 15 39 8 3 142
8 10 65 43.057 -121.5 418 343 380 380 2014 7 3 15 40 6 3 142
8 10 65 43.168 -121.54 415 344 380 380 2014 7 3 15 41 6 3 142
8 10 65 43.276 -121.59 412 344 380 380 2014 7 3 15 42 6 3 142
8 10 65 43.407 -121.64 409 344 380 380 2014 7 3 15 43 6 3 142
8 10 65 43.516 -121.68 408 344 380 380 2014 7 3 15 44 6 3 141
8 10 65 43.626 -121.72 408 344 380 380 2014 7 3 15 45 6 3 141
8 10 65 43.734 -121.77 408 344 380 380 2014 7 3 15 46 6 3 141
8 10 65 43.848 -121.81 413 344 380 380 2014 7 3 15 47 6 3 141
8 10 65 43.958 -121.85 413 343 380 380 2014 7 3 15 48 6 3 135
8 10 65 44.084 -121.9 417 344 380 380 2014 7 3 15 49 16 3 135
8 10 65 44.084 -121.9 417 344 380 380 2014 7 3 15 50 10 3 135
8 10 65 44.187 -121.97 423 344 380 380 2014 7 3 15 51 6 3 135
8 10 65 44.256 -122.26 408 320 380 360 2014 7 3 15 52 16 3 135
8 10 65 44.256 -122.26 408 320 380 360 2014 7 3 15 53 6 3 135
8 10 65 44.233 -122.58 413 267 364 360 2014 7 3 15 54 6 3 136
8 10 65 44.22 -122.74 413 264 360 360 2014 7 3 15 55 6 3 136
8 10 65 44.334 -122.73 413 3 360 360 2014 7 3 15 56 6 3 136
8 10 65 44.231 -122.89 408 292 360 360 2014 7 3 15 57 6 3 136
8 10 65 44.276 -123.02 402 269 360 360 2014 7 3 15 58 6 3 136
8 10 65 44.333 -123.19 401 312 360 360 2014 7 3 15 59 6 3 136
8 10 65 44.394 -123.32 404 295 360 360 2014 7 3 16 0 6 3 136
8 10 65 44.502 -123.34 412 299 360 360 2014 7 3 16 1 6 3 136
8 10 65 44.597 -123.23 444 328 360 360 2014 7 3 16 2 6 3 136
8 10 65 44.686 -123.11 444 17 360 360 2014 7 3 16 3 6 3 136
8 10 65 44.775 -122.99 444 41 360 360 2014 7 3 16 4 6 3 136
8 10 65 44.865 -122.87 444 33 360 360 2014 7 3 16 5 6 3 136
8 10 65 44.974 -122.82 431 43 360 360 2014 7 3 16 6 6 3 136
8 10 65 45.111 -122.78 424 32 360 360 2014 7 3 16 7 6 3 135
8 10 65 45.227 -122.74 429 15 360 360 2014 7 3 16 8 6 3 135
8 10 65 45.342 -122.71 428 11 360 360 2014 7 3 16 9 6 3 135
8 10 65 45.458 -122.68 427 11 360 360 2014 7 3 16 10 6 3 135
8 10 65 45.574 -122.64 428 11 360 360 2014 7 3 16 11 7 3 135
8 10 65 45.691 -122.61 428 11 360 360 2014 7 3 16 12 6 3 135
8 10 65 45.807 -122.6 422 11 360 360 2014 7 3 16 13 6 3 135
8 10 65 45.92 -122.63 416 6 350 360 2014 7 3 16 14 6 3 135
8 10 65 46.061 -122.67 426 355 317 360 2014 7 3 16 15 6 3 147
8 10 65 46.181 -122.69 435 356 293 360 2014 7 3 16 16 6 3 147
8 10 65 46.303 -122.72 444 350 269 360 2014 7 3 16 17 6 3 147
8 10 65 46.423 -122.73 439 351 246 360 2014 7 3 16 18 6 3 147
8 10 65 46.538 -122.73 421 1 224 360 2014 7 3 16 19 6 3 147
8 10 65 46.716 -122.74 408 359 189 360 2014 7 3 16 20 6 3 147
8 10 65 46.763 -122.74 407 357 181 360 2014 7 3 16 21 6 3 147
8 10 65 46.867 -122.64 386 20 164 360 2014 7 3 16 22 6 3 147
8 10 65 46.95 -122.56 372 38 145 360 2014 7 3 16 23 6 3 147
8 10 65 47.045 -122.52 355 23 127 360 2014 7 3 16 24 6 3 114
8 10 65 47.143 -122.49 338 14 108 360 2014 7 3 16 25 6 3 114
8 10 65 47.229 -122.47 305 8 100 360 2014 7 3 16 26 7 3 114
8 10 65 47.307 -122.46 284 5 87 360 2014 7 3 16 27 6 3 114
8 10 65 47.382 -122.45 269 5 77 360 2014 7 3 16 28 6 3 114
8 10 65 47.459 -122.46 259 0 62 360 2014 7 3 16 29 6 3 114
8 10 65 47.529 -122.46 247 359 54 360 2014 7 3 16 30 6 3 114
8 10 65 47.592 -122.45 232 0 45 360 2014 7 3 16 31 6 3 114
8 10 65 47.652 -122.46 220 358 40 360 2014 7 3 16 32 6 3 114
8 10 65 47.713 -122.46 206 1 40 360 2014 7 3 16 33 6 3 114
8 10 65 47.748 -122.41 210 4 40 360 2014 7 3 16 34 6 3 114
8 10 65 47.705 -122.36 200 99 40 360 2014 7 3 16 35 6 3 114
8 10 65 47.659 -122.32 204 147 38 360 2014 7 3 16 36 6 3 114
8 10 65 47.605 -122.32 186 165 32 360 2014 7 3 16 37 6 3 114
8 10 65 47.555 -122.32 183 178 22 360 2014 7 3 16 38 6 3 114
8 10 65 47.533 -122.32 174 180 18 360 2014 7 3 16 39 6 3 114
8 10 65 47.495 -122.32 132 180 11 360 2014 7 3 16 40 6 3 114
8 10 65 47.474 -122.32 127 178 7 360 2014 7 3 16 41 6 3 114
8 10 65 47.439 -122.32 128 180 4 360 2014 7 3 16 42 6 3 114
11 10 65 34.201 -118.36 158 0 7 380 2014 7 4 14 13 6 1 8
11 10 65 34.174 -118.36 182 0 380 380 2014 7 4 14 14 6 1 53
11 10 65 34.169 -118.43 263 175 42 380 2014 7 4 14 15 6 1 8
11 10 65 34.237 -118.47 284 240 66 380 2014 7 4 14 16 6 1 8
11 10 65 34.31 -118.52 302 303 96 380 2014 7 4 14 17 6 1 8
11 10 65 34.464 -118.63 360 330 138 380 2014 7 4 14 18 6 1 32
11 10 65 34.474 -118.63 365 330 141 380 2014 7 4 14 19 15 1 32
11 10 65 34.564 -118.7 374 330 167 380 2014 7 4 14 20 16 1 32
11 10 65 34.657 -118.76 382 330 189 380 2014 7 4 14 21 6 1 32
11 10 65 34.754 -118.83 402 331 212 380 2014 7 4 14 22 6 1 32
11 10 65 34.881 -118.89 414 336 237 380 2014 7 4 14 23 6 1 32
11 10 65 34.98 -118.93 413 343 255 380 2014 7 4 14 24 6 1 53
11 10 65 35.093 -118.97 421 342 271 380 2014 7 4 14 25 15 1 53
11 10 65 35.332 -119.04 440 347 297 380 2014 7 4 14 26 15 1 53
11 10 65 35.36 -119.05 449 346 300 380 2014 7 4 14 27 15 1 53
11 10 65 35.486 -119.08 459 346 312 380 2014 7 4 14 28 6 1 53
11 10 65 35.611 -119.12 462 347 326 380 2014 7 4 14 29 16 1 53
11 10 65 35.737 -119.16 463 345 339 380 2014 7 4 14 30 6 1 53
11 10 65 35.862 -119.2 463 346 350 380 2014 7 4 14 31 16 1 53
11 10 65 35.988 -119.23 465 346 360 380 2014 7 4 14 32 6 1 53
11 10 65 36.116 -119.27 470 346 372 380 2014 7 4 14 33 6 4 187
11 10 65 36.265 -119.32 465 346 380 380 2014 7 4 14 34 15 4 187
11 10 65 36.39 -119.35 465 346 380 380 2014 7 4 14 35 6 4 187
11 10 65 36.488 -119.38 466 345 380 380 2014 7 4 14 36 6 4 187
11 10 65 36.613 -119.42 464 346 380 380 2014 7 4 14 37 15 4 187
11 10 65 36.737 -119.46 463 346 380 380 2014 7 4 14 38 6 4 187
11 10 65 36.862 -119.5 462 347 380 380 2014 7 4 14 39 6 4 187
11 10 65 36.986 -119.53 461 346 380 380 2014 7 4 14 40 6 4 187
11 10 65 37.111 -119.57 462 346 380 380 2014 7 4 14 41 16 4 187
11 10 65 37.236 -119.61 462 346 380 380 2014 7 4 14 42 6 4 187
11 10 65 37.375 -119.65 462 346 380 380 2014 7 4 14 43 16 4 187
11 10 65 37.499 -119.69 461 346 380 380 2014 7 4 14 44 15 4 184
11 10 65 37.623 -119.73 460 346 380 380 2014 7 4 14 45 15 4 184
11 10 65 37.747 -119.77 460 346 380 380 2014 7 4 14 46 6 4 184
11 10 65 37.87 -119.81 459 346 380 380 2014 7 4 14 47 16 4 184
11 10 65 37.992 -119.84 456 346 380 380 2014 7 4 14 48 15 4 184
11 10 65 38.113 -119.88 454 346 380 380 2014 7 4 14 49 6 4 185
11 10 65 38.233 -119.92 448 346 380 380 2014 7 4 14 50 16 4 185
11 10 65 38.375 -119.96 441 346 380 380 2014 7 4 14 51 6 4 185
11 10 65 38.492 -120 438 345 380 380 2014 7 4 14 52 6 4 185
11 10 65 38.609 -120.04 436 346 380 380 2014 7 4 14 53 6 4 185
11 10 65 38.727 -120.08 437 346 380 380 2014 7 4 14 54 15 4 185
11 10 65 38.844 -120.11 437 346 380 380 2014 7 4 14 55 15 4 185
11 10 65 38.96 -120.15 434 345 380 380 2014 7 4 14 56 6 4 185
11 10 65 39.078 -120.19 437 346 380 380 2014 7 4 14 57 6 4 185
11 10 65 39.243 -120.24 434 345 380 380 2014 7 4 14 58 16 4 181
11 10 65 39.314 -120.26 439 345 380 380 2014 7 4 14 59 6 4 181
11 10 65 39.483 -120.32 442 345 380 380 2014 7 4 15 0 15 4 181
11 10 65 39.554 -120.34 442 345 380 380 2014 7 4 15 1 6 4 181
11 10 65 39.716 -120.39 448 345 380 380 2014 7 4 15 2 15 4 181
11 10 65 39.815 -120.43 442 346 380 380 2014 7 4 15 3 6 4 181
11 10 65 39.952 -120.47 442 345 380 380 2014 7 4 15 4 15 4 186
11 10 65 40.071 -120.51 442 345 380 380 2014 7 4 15 5 6 4 186
11 10 65 40.164 -120.54 441 346 380 380 2014 7 4 15 6 6 4 186
11 10 65 40.284 -120.58 442 345 380 380 2014 7 4 15 7 16 4 186
11 10 65 40.401 -120.62 442 345 380 380 2014 7 4 15 8 6 4 186
11 10 65 40.558 -120.68 442 345 380 380 2014 7 4 15 9 15 4 186
11 10 65 40.654 -120.71 458 345 380 380 2014 7 4 15 10 15 4 186
11 10 65 40.798 -120.76 444 345 380 380 2014 7 4 15 11 15 4 186
11 10 65 40.919 -120.8 446 345 380 380 2014 7 4 15 12 18 4 186
11 10 65 41.013 -120.83 447 344 380 380 2014 7 4 15 13 6 3 142
11 10 65 41.133 -120.87 447 344 380 380 2014 7 4 15 14 15 3 142
11 10 65 41.156 -120.88 444 344 380 380 2014 7 4 15 15 6 3 142
11 10 65 41.305 -120.93 456 345 380 380 2014 7 4 15 16 6 3 142
11 10 65 41.427 -120.97 455 345 380 380 2014 7 4 15 17 6 3 142
11 10 65 41.549 -121.02 458 345 380 380 2014 7 4 15 18 6 3 142
11 10 65 41.768 -121.1 456 345 380 380 2014 7 4 15 19 15 3 142
11 10 65 41.794 -121.1 456 345 380 380 2014 7 4 15 20 6 3 142
11 10 65 42.011 -121.18 456 344 380 380 2014 7 4 15 21 15 3 142
11 10 65 42.158 -121.23 457 345 380 380 2014 7 4 15 22 16 3 142
11 10 65 42.158 -121.23 457 345 380 380 2014 7 4 15 23 6 3 142
11 10 65 42.28 -121.27 457 345 380 380 2014 7 4 15 24 6 3 142
11 10 65 42.402 -121.32 457 345 380 380 2014 7 4 15 25 15 3 142
11 10 65 42.525 -121.36 460 345 380 380 2014 7 4 15 26 6 3 142
11 10 65 42.673 -121.42 461 344 380 380 2014 7 4 15 27 15 3 142
11 10 65 42.797 -121.46 463 345 380 380 2014 7 4 15 28 6 3 142
11 10 65 42.921 -121.51 464 344 380 380 2014 7 4 15 29 16 3 142
11 10 65 43.046 -121.55 464 344 380 380 2014 7 4 15 30 6 3 141
11 10 65 43.171 -121.6 464 345 380 380 2014 7 4 15 31 6 3 141
11 10 65 43.296 -121.65 466 345 380 380 2014 7 4 15 32 6 3 141
11 10 65 43.421 -121.69 466 345 380 380 2014 7 4 15 33 6 3 141
11 10 65 43.546 -121.74 466 345 380 380 2014 7 4 15 34 16 3 141
11 10 65 43.67 -121.78 464 344 380 380 2014 7 4 15 35 15 3 141
11 10 65 43.795 -121.83 464 345 380 380 2014 7 4 15 36 6 3 141
11 10 65 43.938 -121.88 470 345 380 380 2014 7 4 15 37 6 3 135
11 10 65 44.049 -121.92 471 344 380 380 2014 7 4 15 38 16 3 135
11 10 65 44.169 -121.97 455 345 380 380 2014 7 4 15 39 6 3 135
11 10 65 44.289 -122.02 453 344 380 380 2014 7 4 15 40 15 3 135
11 10 65 44.433 -122.07 451 344 380 380 2014 7 4 15 41 6 3 135
11 10 65 44.553 -122.12 450 344 380 380 2014 7 4 15 42 6 3 135
11 10 65 44.671 -122.16 447 344 380 380 2014 7 4 15 43 6 3 135
11 10 65 44.789 -122.21 445 344 380 380 2014 7 4 15 44 15 3 135
11 10 65 44.894 -122.25 442 344 380 380 2014 7 4 15 45 6 3 135
11 10 65 45.013 -122.3 442 344 380 380 2014 7 4 15 46 16 3 135
11 10 65 45.13 -122.34 443 344 380 380 2014 7 4 15 47 16 3 135
11 10 65 45.272 -122.4 443 344 380 380 2014 7 4 15 48 6 3 135
11 10 65 45.387 -122.45 435 344 380 380 2014 7 4 15 49 16 3 135
11 10 65 45.502 -122.49 435 344 375 380 2014 7 4 15 50 6 3 135
11 10 65 45.612 -122.54 424 344 354 380 2014 7 4 15 51 6 3 135
11 10 65 45.724 -122.58 423 344 330 380 2014 7 4 15 52 16 3 135
11 10 65 45.84 -122.61 426 344 302 380 2014 7 4 15 53 6 3 135
11 10 65 45.956 -122.64 426 347 280 380 2014 7 4 15 54 15 3 135
11 10 65 46.069 -122.67 415 349 259 380 2014 7 4 15 55 6 3 147
11 10 65 46.181 -122.69 412 350 238 380 2014 7 4 15 56 15 3 147
11 10 65 46.292 -122.66 412 11 238 380 2014 7 4 15 57 6 3 147
11 10 65 46.416 -122.73 397 351 193 380 2014 7 4 15 58 6 3 147
11 10 65 46.524 -122.73 389 354 174 380 2014 7 4 15 59 16 3 147
11 10 65 46.627 -122.73 369 358 153 380 2014 7 4 16 0 6 3 147
11 10 65 46.728 -122.74 361 358 133 380 2014 7 4 16 1 15 3 147
11 10 65 46.821 -122.7 345 18 118 380 2014 7 4 16 2 15 3 147
11 10 65 46.896 -122.6 335 41 102 380 2014 7 4 16 3 6 3 147
11 10 65 46.955 -122.51 305 45 91 380 2014 7 4 16 4 6 3 114
11 10 65 47.019 -122.44 284 37 78 380 2014 7 4 16 5 15 3 114
11 10 65 47.019 -122.44 284 37 78 380 2014 7 4 16 6 6 3 114
11 10 65 47.156 -122.32 253 29 58 380 2014 7 4 16 7 6 3 114
11 10 65 47.215 -122.32 189 2 52 380 2014 7 4 16 8 6 3 114
11 10 65 47.261 -122.32 183 358 38 380 2014 7 4 16 9 6 3 114
11 10 65 47.311 -122.32 177 2 29 380 2014 7 4 16 10 6 3 114
11 10 65 47.362 -122.32 170 0 19 380 2014 7 4 16 11 6 3 114
11 10 65 47.402 -122.32 147 0 11 380 2014 7 4 16 12 15 3 114
