2 10 67 34.178 -118.36 156 0 22 400 2014 7 1 3 33 6 1 8
2 10 67 34.164 -118.41 236 211 47 400 2014 7 1 3 34 6 1 8
2 10 67 34.227 -118.45 255 253 74 400 2014 7 1 3 35 6 1 8
2 10 67 34.301 -118.51 294 315 109 400 2014 7 1 3 36 16 1 8
2 10 67 34.399 -118.57 341 330 143 400 2014 7 1 3 37 6 1 32
2 10 67 34.492 -118.64 381 330 177 400 2014 7 1 3 38 6 1 32
2 10 67 34.562 -118.69 387 329 201 400 2014 7 1 3 39 15 1 32
2 10 67 34.688 -118.78 424 328 237 400 2014 7 1 3 40 6 1 32
2 10 67 34.793 -118.86 432 330 263 400 2014 7 1 3 41 6 1 53
2 10 67 34.896 -118.94 445 327 287 400 2014 7 1 3 42 6 1 53
2 10 67 34.999 -119.02 449 326 307 400 2014 7 1 3 43 6 1 53
2 10 67 35.116 -119.14 458 325 338 400 2014 7 1 3 44 6 1 53
2 10 67 35.164 -119.24 442 320 357 400 2014 7 1 3 45 6 1 53
2 10 67 35.226 -119.36 437 300 378 400 2014 7 1 3 46 6 1 54
2 10 67 35.285 -119.49 431 300 394 400 2014 7 1 3 47 6 1 54
2 10 67 35.355 -119.64 425 300 399 400 2014 7 1 3 48 16 1 54
2 10 67 35.413 -119.76 425 300 399 400 2014 7 1 3 49 6 1 54
2 10 67 35.472 -119.89 426 299 399 400 2014 7 1 3 50 6 1 54
2 10 67 35.542 -120.03 424 300 399 400 2014 7 1 3 51 6 1 54
2 10 67 35.588 -120.13 425 300 399 400 2014 7 1 3 52 6 1 54
2 10 67 35.645 -120.26 426 299 399 400 2014 7 1 3 53 6 1 54
2 10 67 35.657 -120.29 425 299 399 200 2014 7 1 3 54 6 1 54
2 10 67 35.819 -120.53 427 311 399 200 2014 7 1 3 55 15 4 188
2 10 67 35.867 -120.6 430 312 399 200 2014 7 1 3 56 6 4 188
2 10 67 35.962 -120.73 429 311 393 200 2014 7 1 3 57 6 4 188
2 10 67 36.036 -120.83 413 304 367 200 2014 7 1 3 58 6 4 188
2 10 67 36.133 -120.92 438 317 323 200 2014 7 1 3 59 6 4 188
2 10 67 36.246 -121.01 467 325 280 200 2014 7 1 4 0 6 4 188
2 10 67 36.3 -121.05 481 329 260 200 2014 7 1 4 1 6 4 188
2 10 67 36.417 -121.13 473 329 216 200 2014 7 1 4 2 16 4 168
2 10 67 36.517 -121.22 453 328 185 200 2014 7 1 4 3 6 4 174
2 10 67 36.617 -121.3 426 328 153 200 2014 7 1 4 4 6 4 174
2 10 67 36.717 -121.37 403 328 126 200 2014 7 1 4 5 6 4 154
2 10 67 36.8 -121.43 377 327 107 200 2014 7 1 4 6 6 4 154
2 10 67 36.922 -121.53 334 327 87 200 2014 7 1 4 7 15 4 154
2 10 67 36.994 -121.58 314 329 71 200 2014 7 1 4 8 16 4 154
2 10 67 37.033 -121.6 293 328 64 200 2014 7 1 4 9 6 4 154
2 10 67 37.083 -121.65 267 328 57 200 2014 7 1 4 10 6 4 154
2 10 67 37.15 -121.7 236 328 52 200 2014 7 1 4 11 6 4 154
2 10 67 37.188 -121.74 241 324 45 200 2014 7 1 4 12 6 4 154
2 10 67 37.233 -121.8 210 316 32 200 2014 7 1 4 13 6 4 154
2 10 67 37.283 -121.83 189 317 21 200 2014 7 1 4 14 6 4 154
2 10 67 37.317 -121.88 149 318 10 200 2014 7 1 4 15 6 4 154
2 10 67 37.35 -121.92 127 319 4 200 2014 7 1 4 16 6 4 154
2 10 67 37.363 -121.93 139 321 200 200 2014 7 1 4 17 6 4 156
3 10 67 34.184 -118.36 152 0 23 400 2014 7 1 5 0 6 1 8
3 10 67 34.143 -118.4 191 310 44 400 2014 7 1 5 1 15 1 8
3 10 67 34.123 -118.47 227 210 75 400 2014 7 1 5 2 15 1 8
3 10 67 34.195 -118.51 299 235 108 400 2014 7 1 5 3 16 1 8
3 10 67 34.282 -118.56 337 298 147 400 2014 7 1 5 4 15 1 32
3 10 67 34.371 -118.61 362 334 184 400 2014 7 1 5 5 15 1 32
3 10 67 34.468 -118.67 374 334 220 400 2014 7 1 5 6 6 1 32
3 10 67 34.595 -118.74 402 335 260 400 2014 7 1 5 7 6 1 53
3 10 67 34.703 -118.8 424 334 289 400 2014 7 1 5 8 6 1 53
3 10 67 34.814 -118.87 443 334 315 400 2014 7 1 5 9 15 1 53
3 10 67 34.906 -118.96 445 324 345 400 2014 7 1 5 10 15 1 53
3 10 67 34.968 -119.08 416 304 374 400 2014 7 1 5 11 6 1 53
3 10 67 35.03 -119.2 414 302 393 400 2014 7 1 5 12 6 1 53
3 10 67 35.093 -119.31 414 303 393 400 2014 7 1 5 13 6 1 54
3 10 67 35.17 -119.45 414 303 400 400 2014 7 1 5 14 15 1 54
3 10 67 35.233 -119.57 413 302 400 400 2014 7 1 5 15 15 1 54
3 10 67 35.283 -119.66 413 303 400 400 2014 7 1 5 16 6 1 54
3 10 67 35.345 -119.78 413 302 400 400 2014 7 1 5 17 6 1 54
3 10 67 35.419 -119.92 413 302 400 400 2014 7 1 5 18 15 1 54
3 10 67 35.481 -120.03 413 303 400 400 2014 7 1 5 19 15 1 54
3 10 67 35.542 -120.15 412 303 400 400 2014 7 1 5 20 6 1 54
3 10 67 35.541 -120.15 413 302 400 400 2014 7 1 5 21 7 1 54
3 10 67 35.603 -120.27 413 302 400 400 2014 7 1 5 22 6 1 54
3 10 67 35.723 -120.5 413 302 400 200 2014 7 1 5 23 16 4 188
3 10 67 35.734 -120.53 412 302 400 200 2014 7 1 5 24 6 4 188
3 10 67 35.843 -120.74 408 302 378 200 2014 7 1 5 25 15 4 188
3 10 67 35.854 -120.76 406 302 373 200 2014 7 1 5 26 6 4 188
3 10 67 35.962 -120.97 404 302 325 200 2014 7 1 5 27 6 4 188
3 10 67 36.046 -121.07 413 318 302 200 2014 7 1 5 28 6 4 188
3 10 67 36.148 -121.13 413 332 302 200 2014 7 1 5 29 15 4 188
3 10 67 36.141 -121.15 410 325 278 200 2014 7 1 5 30 6 4 188
3 10 67 36.249 -121.24 399 327 251 200 2014 7 1 5 31 15 4 188
3 10 67 36.336 -121.31 384 321 229 200 2014 7 1 5 32 7 4 188
3 10 67 36.503 -121.46 366 321 196 200 2014 7 1 5 33 15 4 188
3 10 67 36.503 -121.46 366 321 196 200 2014 7 1 5 34 6 4 188
3 10 67 36.669 -121.6 346 327 162 200 2014 7 1 5 35 15 4 174
3 10 67 36.669 -121.6 346 327 162 200 2014 7 1 5 36 6 4 174
3 10 67 36.833 -121.52 311 18 127 200 2014 7 1 5 37 15 4 154
3 10 67 36.836 -121.52 324 17 127 200 2014 7 1 5 38 15 4 154
3 10 67 36.918 -121.53 317 350 110 200 2014 7 1 5 39 15 4 154
3 10 67 36.99 -121.58 308 334 90 200 2014 7 1 5 40 15 4 154
3 10 67 37.058 -121.63 297 329 65 200 2014 7 1 5 41 15 4 154
3 10 67 37.124 -121.69 284 321 53 200 2014 7 1 5 42 6 4 154
3 10 67 37.174 -121.73 243 332 46 200 2014 7 1 5 43 16 4 154
3 10 67 37.25 -121.82 177 321 26 200 2014 7 1 5 44 15 4 154
3 10 67 37.283 -121.85 157 318 18 200 2014 7 1 5 45 16 4 154
3 10 67 37.291 -121.85 176 321 17 200 2014 7 1 5 46 6 4 154
3 10 67 37.329 -121.9 160 321 8 200 2014 7 1 5 47 16 4 154
3 10 67 37.356 -121.92 139 318 1 200 2014 7 1 5 48 6 4 154
4 10 67 34.183 -118.37 160 186 21 400 2014 7 1 15 57 6 1 8
4 10 67 34.145 -118.41 187 201 46 400 2014 7 1 15 58 16 1 8
4 10 67 34.186 -118.46 228 226 77 400 2014 7 1 15 59 6 1 8
4 10 67 34.253 -118.51 282 298 99 400 2014 7 1 16 0 16 1 8
4 10 67 34.343 -118.56 303 322 138 400 2014 7 1 16 1 7 1 32
4 10 67 34.425 -118.62 328 332 140 400 2014 7 1 16 2 16 1 32
4 10 67 34.487 -118.66 325 331 143 400 2014 7 1 16 3 15 1 32
4 10 67 34.599 -118.73 379 328 175 400 2014 7 1 16 4 6 1 32
4 10 67 34.694 -118.79 391 333 207 400 2014 7 1 16 5 16 1 32
4 10 67 34.815 -118.87 409 332 230 400 2014 7 1 16 6 13 1 32
4 10 67 34.911 -118.95 415 327 252 400 2014 7 1 16 7 15 1 53
4 10 67 34.99 -119.01 419 326 272 400 2014 7 1 16 8 6 1 53
4 10 67 35.11 -119.12 443 325 299 400 2014 7 1 16 9 6 1 53
4 10 67 35.196 -119.22 456 319 323 400 2014 7 1 16 10 6 1 53
4 10 67 35.241 -119.32 439 314 340 400 2014 7 1 16 11 6 1 53
4 10 67 35.298 -119.45 430 298 340 380 2014 7 1 16 12 6 1 54
4 10 67 35.321 -119.5 431 298 340 380 2014 7 1 16 13 16 1 54
4 10 67 35.419 -119.72 415 298 377 380 2014 7 1 16 14 6 1 54
4 10 67 35.472 -119.85 415 297 380 380 2014 7 1 16 15 16 1 54
4 10 67 35.472 -119.85 415 297 380 380 2014 7 1 16 16 6 1 54
4 10 67 35.58 -120.1 417 298 380 380 2014 7 1 16 17 6 1 54
4 10 67 35.632 -120.22 417 297 380 380 2014 7 1 16 18 16 1 54
4 10 67 35.696 -120.37 417 297 380 380 2014 7 1 16 19 6 4 188
4 10 67 35.707 -120.4 417 297 380 380 2014 7 1 16 20 16 4 188
4 10 67 35.762 -120.52 415 298 380 380 2014 7 1 16 21 11 4 188
4 10 67 35.828 -120.67 413 299 380 380 2014 7 1 16 22 16 4 188
4 10 67 35.888 -120.78 412 299 371 380 2014 7 1 16 23 16 4 188
4 10 67 35.972 -120.88 407 313 342 380 2014 7 1 16 24 6 4 188
4 10 67 36.026 -120.94 413 318 323 380 2014 7 1 16 25 6 4 188
4 10 67 36.167 -121.1 413 318 282 380 2014 7 1 16 26 7 4 188
4 10 67 36.267 -121.2 415 318 255 380 2014 7 1 16 27 6 4 188
4 10 67 36.333 -121.28 407 318 231 380 2014 7 1 16 28 6 4 188
4 10 67 36.433 -121.4 404 317 199 380 2014 7 1 16 29 6 4 188
4 10 67 36.517 -121.47 402 317 172 380 2014 7 1 16 30 6 4 174
4 10 67 36.6 -121.55 395 324 144 380 2014 7 1 16 31 6 4 174
4 10 67 36.7 -121.62 395 325 115 380 2014 7 1 16 32 6 4 154
4 10 67 36.783 -121.68 365 332 101 380 2014 7 1 16 33 6 4 154
4 10 67 36.867 -121.72 305 337 96 380 2014 7 1 16 34 16 4 154
4 10 67 36.95 -121.77 296 331 85 380 2014 7 1 16 35 6 4 154
4 10 67 37.017 -121.82 291 335 75 380 2014 7 1 16 36 6 4 154
4 10 67 37.083 -121.85 286 334 66 380 2014 7 1 16 37 6 4 154
4 10 67 37.15 -121.88 251 334 61 380 2014 7 1 16 38 6 4 154
4 10 67 37.217 -121.92 242 335 51 380 2014 7 1 16 39 16 4 154
4 10 67 37.267 -121.97 241 334 45 380 2014 7 1 16 40 16 4 154
4 10 67 37.317 -122 225 329 41 380 2014 7 1 16 41 6 4 154
4 10 67 37.359 -122.05 220 321 34 380 2014 7 1 16 42 6 4 154
4 10 67 37.416 -122.05 209 0 20 380 2014 7 1 16 43 6 4 156
4 10 67 37.417 -121.99 178 89 12 380 2014 7 1 16 44 6 4 156
4 10 67 37.392 -121.96 146 122 5 380 2014 7 1 16 45 16 4 156
4 10 67 37.363 -121.93 135 141 380 380 2014 7 1 16 46 6 4 189
6 10 67 34.201 -118.36 150 0 7 400 2014 7 1 19 5 6 1 8
6 10 67 34.177 -118.36 166 0 21 400 2014 7 1 19 6 6 1 8
6 10 67 34.2 -118.43 248 297 59 400 2014 7 1 19 7 6 1 8
6 10 67 34.27 -118.47 283 269 97 400 2014 7 1 19 8 6 1 8
6 10 67 34.343 -118.53 303 315 131 400 2014 7 1 19 9 6 1 32
6 10 67 34.433 -118.59 383 329 148 400 2014 7 1 19 10 6 1 32
6 10 67 34.532 -118.66 412 330 177 400 2014 7 1 19 11 6 1 32
6 10 67 34.611 -118.72 414 327 203 400 2014 7 1 19 12 16 1 32
6 10 67 34.763 -118.83 442 329 244 400 2014 7 1 19 13 6 1 53
6 10 67 34.871 -118.92 459 328 267 400 2014 7 1 19 14 15 1 53
6 10 67 34.978 -119.01 468 325 294 400 2014 7 1 19 15 16 1 53
6 10 67 35.053 -119.13 454 311 323 400 2014 7 1 19 16 6 1 53
6 10 67 35.117 -119.26 444 302 346 400 2014 7 1 19 17 6 1 53
6 10 67 35.197 -119.4 440 302 370 400 2014 7 1 19 18 6 1 54
6 10 67 35.263 -119.53 438 303 389 400 2014 7 1 19 19 16 1 54
6 10 67 35.326 -119.65 431 302 400 400 2014 7 1 19 20 15 1 54
6 10 67 35.389 -119.77 428 301 400 400 2014 7 1 19 21 6 1 54
6 10 67 35.451 -119.89 418 302 400 400 2014 7 1 19 22 6 1 54
6 10 67 35.525 -120.03 418 302 400 400 2014 7 1 19 23 6 1 54
6 10 67 35.586 -120.15 418 302 400 400 2014 7 1 19 24 6 1 54
6 10 67 35.647 -120.27 418 301 400 400 2014 7 1 19 25 15 1 54
6 10 67 35.682 -120.34 419 301 400 300 2014 7 1 19 26 6 1 54
6 10 67 35.771 -120.54 414 299 392 300 2014 7 1 19 27 6 4 188
6 10 67 35.804 -120.61 418 298 386 300 2014 7 1 19 28 6 4 188
6 10 67 35.899 -120.78 434 300 373 200 2014 7 1 19 29 16 4 188
6 10 67 35.987 -120.88 431 317 360 200 2014 7 1 19 30 16 4 188
6 10 67 36.041 -120.94 429 318 339 200 2014 7 1 19 31 6 4 188
6 10 67 36.131 -121.04 438 270 303 200 2014 7 1 19 32 6 4 188
6 10 67 36.221 -121.15 440 317 271 200 2014 7 1 19 33 6 4 188
6 10 67 36.333 -121.28 425 316 232 200 2014 7 1 19 34 16 4 188
6 10 67 36.412 -121.36 425 319 208 200 2014 7 1 19 35 6 4 188
6 10 67 36.517 -121.47 378 315 192 200 2014 7 1 19 36 6 4 174
6 10 67 36.597 -121.5 384 341 161 200 2014 7 1 19 37 16 4 174
6 10 67 36.708 -121.53 406 341 128 200 2014 7 1 19 38 16 4 154
6 10 67 36.815 -121.58 405 345 99 200 2014 7 1 19 39 16 4 154
6 10 67 36.905 -121.61 370 345 97 200 2014 7 1 19 40 16 4 154
6 10 67 36.987 -121.65 333 340 82 200 2014 7 1 19 41 6 4 154
6 10 67 37.083 -121.68 300 343 66 200 2014 7 1 19 42 6 4 154
6 10 67 37.15 -121.71 292 348 52 200 2014 7 1 19 43 16 4 154
6 10 67 37.217 -121.77 269 345 38 200 2014 7 1 19 44 6 4 154
6 10 67 37.267 -121.82 208 319 25 200 2014 7 1 19 45 6 4 154
6 10 67 37.3 -121.85 163 320 16 200 2014 7 1 19 46 6 4 154
6 10 67 37.298 -121.86 194 321 14 200 2014 7 1 19 47 7 4 154
6 10 67 37.333 -121.88 141 311 9 200 2014 7 1 19 48 15 4 154
6 10 67 37.359 -121.92 147 333 200 200 2014 7 1 19 49 16 4 168
7 10 67 34.183 -118.35 193 0 26 340 2014 7 1 19 27 6 1 8
7 10 67 34.152 -118.44 256 223 64 340 2014 7 1 19 28 6 1 8
7 10 67 34.218 -118.49 288 312 100 340 2014 7 1 19 29 16 1 8
7 10 67 34.311 -118.55 311 329 132 340 2014 7 1 19 30 16 1 32
7 10 67 34.407 -118.61 385 333 153 340 2014 7 1 19 31 6 1 32
7 10 67 34.501 -118.67 385 332 153 340 2014 7 1 19 32 6 1 32
7 10 67 34.507 -118.67 403 332 180 340 2014 7 1 19 33 6 1 32
7 10 67 34.714 -118.81 417 332 240 340 2014 7 1 19 34 16 1 53
7 10 67 34.824 -118.88 438 332 265 340 2014 7 1 19 35 6 1 53
7 10 67 34.901 -119 451 326 291 340 2014 7 1 19 36 6 1 53
7 10 67 34.981 -119.16 455 304 322 340 2014 7 1 19 37 16 1 53
7 10 67 34.97 -119.13 451 301 317 340 2014 7 1 19 38 16 1 53
7 10 67 35.054 -119.29 459 305 340 340 2014 7 1 19 39 16 1 54
7 10 67 35.204 -119.56 477 304 340 340 2014 7 1 19 40 16 1 54
7 10 67 35.203 -119.56 483 303 340 340 2014 7 1 19 41 6 1 54
7 10 67 35.292 -119.72 482 303 340 340 2014 7 1 19 42 6 1 54
7 10 67 35.425 -119.96 478 304 340 340 2014 7 1 19 43 16 1 54
7 10 67 35.439 -119.99 476 303 340 340 2014 7 1 19 44 6 1 54
7 10 67 35.512 -120.12 476 303 340 340 2014 7 1 19 45 6 1 54
7 10 67 35.586 -120.26 479 303 340 340 2014 7 1 19 46 6 1 54
7 10 67 35.669 -120.42 480 302 340 340 2014 7 1 19 47 7 4 188
7 10 67 35.742 -120.56 479 303 340 340 2014 7 1 19 48 15 4 188
7 10 67 35.814 -120.69 479 303 340 340 2014 7 1 19 49 16 4 188
7 10 67 35.887 -120.83 479 303 333 340 2014 7 1 19 50 6 4 188
7 10 67 35.96 -120.97 480 303 310 340 2014 7 1 19 51 6 4 188
7 10 67 36.06 -121.08 482 303 287 340 2014 7 1 19 52 6 4 188
7 10 67 36.169 -121.17 479 322 267 340 2014 7 1 19 53 6 4 188
7 10 67 36.276 -121.26 469 321 243 340 2014 7 1 19 54 16 4 188
7 10 67 36.393 -121.32 455 340 217 340 2014 7 1 19 55 6 4 188
7 10 67 36.509 -121.38 454 335 190 340 2014 7 1 19 56 6 4 174
7 10 67 36.622 -121.44 440 341 165 340 2014 7 1 19 57 6 4 174
7 10 67 36.724 -121.49 402 338 141 340 2014 7 1 19 58 15 4 174
7 10 67 36.819 -121.54 379 338 119 340 2014 7 1 19 59 6 4 154
7 10 67 36.926 -121.6 358 334 98 340 2014 7 1 20 0 6 4 154
7 10 67 37.004 -121.64 326 334 83 340 2014 7 1 20 1 6 4 154
7 10 67 37.082 -121.67 311 342 63 340 2014 7 1 20 2 16 4 154
7 10 67 37.147 -121.7 265 338 51 340 2014 7 1 20 3 15 4 154
7 10 67 37.197 -121.76 249 330 42 340 2014 7 1 20 4 16 4 154
7 10 67 37.247 -121.81 237 318 29 340 2014 7 1 20 5 16 4 154
7 10 67 37.284 -121.85 204 332 18 340 2014 7 1 20 6 6 4 154
7 10 67 37.319 -121.88 179 309 10 340 2014 7 1 20 7 6 4 154
7 10 67 37.35 -121.92 142 321 2 340 2014 7 1 20 8 6 4 154
8 10 67 34.167 -118.37 185 191 25 380 2014 7 2 2 24 6 1 8
8 10 67 34.146 -118.42 227 191 51 380 2014 7 2 2 25 16 1 8
8 10 67 34.203 -118.47 277 236 78 380 2014 7 2 2 26 15 1 8
8 10 67 34.291 -118.53 298 292 122 380 2014 7 2 2 27 16 1 8
8 10 67 34.37 -118.58 320 328 149 380 2014 7 2 2 28 16 1 32
8 10 67 34.452 -118.63 330 332 165 380 2014 7 2 2 29 15 1 32
8 10 67 34.537 -118.69 347 329 199 380 2014 7 2 2 30 6 1 32
8 10 67 34.604 -118.73 340 331 226 380 2014 7 2 2 31 6 1 32
8 10 67 34.695 -118.79 354 331 254 380 2014 7 2 2 32 6 1 53
8 10 67 34.807 -118.86 375 332 282 380 2014 7 2 2 33 16 1 53
8 10 67 34.919 -118.96 405 327 299 380 2014 7 2 2 34 16 1 53
8 10 67 35.021 -119.04 433 325 312 380 2014 7 2 2 35 15 1 53
8 10 67 35.104 -119.12 446 325 323 380 2014 7 2 2 36 6 1 53
8 10 67 35.181 -119.28 455 301 353 380 2014 7 2 2 37 16 1 53
8 10 67 35.232 -119.38 443 300 371 380 2014 7 2 2 38 16 1 54
8 10 67 35.29 -119.5 428 301 380 380 2014 7 2 2 39 15 1 54
8 10 67 35.35 -119.62 424 300 380 380 2014 7 2 2 40 15 1 54
8 10 67 35.407 -119.75 423 300 380 380 2014 7 2 2 41 16 1 54
8 10 67 35.477 -119.89 420 299 380 380 2014 7 2 2 42 16 1 54
8 10 67 35.533 -120.02 419 300 380 380 2014 7 2 2 43 16 1 54
8 10 67 35.589 -120.14 418 299 380 380 2014 7 2 2 44 6 1 54
8 10 67 35.645 -120.26 417 299 380 380 2014 7 2 2 45 6 1 54
8 10 67 35.656 -120.29 413 299 380 380 2014 7 2 2 46 6 1 54
8 10 67 35.721 -120.43 411 299 380 380 2014 7 2 2 47 15 4 188
8 10 67 35.773 -120.54 401 299 380 380 2014 7 2 2 48 6 4 188
8 10 67 35.826 -120.66 400 298 380 380 2014 7 2 2 49 15 4 188
8 10 67 35.88 -120.78 399 299 362 380 2014 7 2 2 50 6 4 188
8 10 67 35.98 -121 407 299 312 380 2014 7 2 2 51 16 4 188
8 10 67 36.009 -121.14 407 285 312 380 2014 7 2 2 52 16 4 188
8 10 67 36.07 -121.09 407 292 289 380 2014 7 2 2 53 15 4 188
8 10 67 36.161 -121.16 397 312 267 380 2014 7 2 2 54 6 4 188
8 10 67 36.249 -121.24 385 324 246 380 2014 7 2 2 55 15 4 188
8 10 67 36.333 -121.31 375 328 226 380 2014 7 2 2 56 16 4 188
8 10 67 36.415 -121.38 363 324 206 380 2014 7 2 2 57 16 4 188
8 10 67 36.515 -121.47 362 324 181 380 2014 7 2 2 58 15 4 174
8 10 67 36.596 -121.54 359 325 161 380 2014 7 2 2 59 16 4 174
8 10 67 36.677 -121.61 348 328 142 380 2014 7 2 3 0 6 4 174
8 10 67 36.773 -121.56 352 326 123 380 2014 7 2 3 1 15 4 154
8 10 67 36.857 -121.51 347 356 111 380 2014 7 2 3 2 15 4 154
8 10 67 36.938 -121.46 332 5 95 380 2014 7 2 3 3 6 4 154
8 10 67 37.015 -121.48 304 24 79 380 2014 7 2 3 4 15 4 154
8 10 67 37.097 -121.53 292 7 72 380 2014 7 2 3 5 16 4 154
8 10 67 37.127 -121.61 257 340 62 380 2014 7 2 3 6 6 4 154
8 10 67 37.149 -121.67 238 316 55 380 2014 7 2 3 7 16 4 154
8 10 67 37.186 -121.74 222 295 45 380 2014 7 2 3 8 15 4 154
8 10 67 37.23 -121.79 211 298 33 380 2014 7 2 3 9 16 4 154
8 10 67 37.268 -121.83 194 313 23 380 2014 7 2 3 10 15 4 154
8 10 67 37.303 -121.87 178 319 14 380 2014 7 2 3 11 6 4 154
8 10 67 37.331 -121.9 152 319 7 380 2014 7 2 3 12 6 4 154
9 10 67 34.179 -118.36 161 191 22 400 2014 7 2 3 37 15 1 8
9 10 67 34.168 -118.41 209 182 49 400 2014 7 2 3 38 16 1 8
9 10 67 34.229 -118.46 252 272 71 400 2014 7 2 3 39 15 1 8
9 10 67 34.301 -118.51 293 301 105 400 2014 7 2 3 40 15 1 8
9 10 67 34.395 -118.57 334 330 145 400 2014 7 2 3 41 15 1 32
9 10 67 34.479 -118.63 348 330 184 400 2014 7 2 3 42 6 1 32
9 10 67 34.566 -118.69 364 327 214 400 2014 7 2 3 43 16 1 32
9 10 67 34.663 -118.76 408 330 237 400 2014 7 2 3 44 15 1 32
9 10 67 34.762 -118.83 412 330 266 400 2014 7 2 3 45 15 1 53
9 10 67 34.862 -118.91 424 328 293 400 2014 7 2 3 46 15 1 53
9 10 67 34.965 -118.99 429 325 315 400 2014 7 2 3 47 16 1 53
9 10 67 35.066 -119.08 439 325 340 400 2014 7 2 3 48 15 1 53
9 10 67 35.187 -119.18 440 327 368 400 2014 7 2 3 49 6 1 53
9 10 67 35.286 -119.26 438 325 389 400 2014 7 2 3 50 15 1 53
9 10 67 35.341 -119.38 429 298 400 400 2014 7 2 3 51 6 1 54
9 10 67 35.389 -119.51 417 294 400 400 2014 7 2 3 52 6 1 54
9 10 67 35.435 -119.64 414 294 400 400 2014 7 2 3 53 15 1 54
9 10 67 35.48 -119.76 412 294 400 400 2014 7 2 3 54 15 1 54
9 10 67 35.525 -119.89 412 292 400 400 2014 7 2 3 55 15 1 54
9 10 67 35.58 -120.04 407 294 400 400 2014 7 2 3 56 15 1 54
9 10 67 35.625 -120.17 410 292 400 400 2014 7 2 3 57 15 1 54
9 10 67 35.669 -120.3 413 293 400 400 2014 7 2 3 58 15 1 54
9 10 67 35.72 -120.43 415 296 400 400 2014 7 2 3 59 16 4 188
9 10 67 35.797 -120.56 417 303 394 400 2014 7 2 4 0 6 4 188
9 10 67 35.877 -120.67 417 304 374 400 2014 7 2 4 1 6 4 188
9 10 67 35.955 -120.77 413 314 346 400 2014 7 2 4 2 16 4 188
9 10 67 36.034 -120.87 407 313 322 400 2014 7 2 4 3 15 4 188
9 10 67 36.095 -120.95 406 314 305 400 2014 7 2 4 4 15 4 188
9 10 67 36.169 -121.04 389 313 284 400 2014 7 2 4 5 15 4 188
9 10 67 36.241 -121.14 384 314 263 400 2014 7 2 4 6 16 4 188
9 10 67 36.323 -121.25 367 313 239 400 2014 7 2 4 7 6 4 188
9 10 67 36.391 -121.33 357 313 219 400 2014 7 2 4 8 15 4 188
9 10 67 36.48 -121.39 357 334 219 400 2014 7 2 4 9 16 4 188
9 10 67 36.562 -121.47 375 313 162 400 2014 7 2 4 10 15 4 174
9 10 67 36.562 -121.47 375 313 162 400 2014 7 2 4 11 6 4 174
9 10 67 36.767 -121.51 369 346 114 400 2014 7 2 4 12 15 4 154
9 10 67 36.859 -121.53 353 350 100 400 2014 7 2 4 13 15 4 154
9 10 67 36.946 -121.55 334 350 83 400 2014 7 2 4 14 15 4 154
9 10 67 37.02 -121.58 312 349 67 400 2014 7 2 4 15 15 4 154
9 10 67 37.02 -121.58 312 349 67 400 2014 7 2 4 16 6 4 154
9 10 67 37.083 -121.64 294 345 51 400 2014 7 2 4 17 15 4 154
9 10 67 37.147 -121.7 287 331 51 400 2014 7 2 4 18 15 4 154
9 10 67 37.209 -121.77 259 324 39 400 2014 7 2 4 19 15 4 154
9 10 67 37.254 -121.82 237 322 27 400 2014 7 2 4 20 15 4 154
9 10 67 37.289 -121.85 188 318 17 400 2014 7 2 4 21 6 4 154
9 10 67 37.318 -121.88 159 319 10 400 2014 7 2 4 22 16 4 154
9 10 67 37.344 -121.91 140 319 3 400 2014 7 2 4 23 15 4 154
13 10 67 34.178 -118.36 163 0 380 380 2014 7 2 22 45 6 1 53
13 10 67 34.136 -118.42 207 214 48 380 2014 7 2 22 46 6 1 8
13 10 67 34.172 -118.47 242 224 77 380 2014 7 2 22 47 6 1 8
13 10 67 34.244 -118.52 289 312 110 380 2014 7 2 22 48 6 1 8
13 10 67 34.322 -118.56 307 322 145 380 2014 7 2 22 49 6 1 32
13 10 67 34.405 -118.61 331 333 178 380 2014 7 2 22 50 16 1 32
13 10 67 34.513 -118.68 369 332 206 380 2014 7 2 22 51 18 1 32
13 10 67 34.612 -118.74 402 332 235 380 2014 7 2 22 52 6 1 32
13 10 67 34.696 -118.8 396 332 257 380 2014 7 2 22 53 6 1 53
13 10 67 34.801 -118.86 412 332 281 380 2014 7 2 22 54 16 1 53
13 10 67 34.922 -118.96 430 327 306 360 2014 7 2 22 55 6 1 53
13 10 67 35.023 -119.04 434 325 330 360 2014 7 2 22 56 6 1 53
13 10 67 35.123 -119.12 434 325 349 360 2014 7 2 22 57 6 1 53
13 10 67 35.234 -119.23 440 325 360 360 2014 7 2 22 58 16 1 53
13 10 67 35.285 -119.36 426 297 360 360 2014 7 2 22 59 6 1 54
13 10 67 35.338 -119.49 417 296 360 360 2014 7 2 23 0 6 1 54
13 10 67 35.389 -119.61 415 296 360 360 2014 7 2 23 1 15 1 54
13 10 67 35.428 -119.71 416 296 360 360 2014 7 2 23 2 6 1 54
13 10 67 35.48 -119.83 415 295 360 360 2014 7 2 23 3 6 1 54
13 10 67 35.541 -119.99 415 296 360 360 2014 7 2 23 4 15 1 54
13 10 67 35.592 -120.11 418 296 360 360 2014 7 2 23 5 8 1 54
13 10 67 35.602 -120.14 416 296 360 360 2014 7 2 23 6 6 1 54
13 10 67 35.654 -120.27 419 295 360 360 2014 7 2 23 7 6 1 54
13 10 67 35.706 -120.39 426 296 360 360 2014 7 2 23 8 6 4 188
13 10 67 35.771 -120.54 407 299 360 200 2014 7 2 23 9 6 4 188
13 10 67 35.828 -120.66 408 299 360 200 2014 7 2 23 10 6 4 188
13 10 67 35.91 -120.76 411 311 360 200 2014 7 2 23 11 6 4 188
13 10 67 35.983 -120.83 411 313 343 200 2014 7 2 23 12 6 4 188
13 10 67 36.061 -120.94 419 311 312 200 2014 7 2 23 13 6 4 188
13 10 67 36.15 -121.05 421 311 286 200 2014 7 2 23 14 16 4 188
13 10 67 36.233 -121.15 413 316 263 200 2014 7 2 23 15 6 4 188
13 10 67 36.309 -121.24 407 315 242 200 2014 7 2 23 16 6 4 188
13 10 67 36.5 -121.41 390 334 188 200 2014 7 2 23 17 16 4 174
13 10 67 36.5 -121.41 390 334 188 200 2014 7 2 23 18 6 4 174
13 10 67 36.606 -121.44 390 345 163 200 2014 7 2 23 19 6 4 174
13 10 67 36.709 -121.47 383 347 139 200 2014 7 2 23 20 6 4 174
13 10 67 36.808 -121.5 375 345 116 200 2014 7 2 23 21 6 4 154
13 10 67 36.892 -121.56 345 334 101 200 2014 7 2 23 22 6 4 154
13 10 67 36.962 -121.6 299 329 86 200 2014 7 2 23 23 6 4 154
13 10 67 37.033 -121.64 285 338 68 200 2014 7 2 23 24 16 4 154
13 10 67 37.1 -121.68 276 342 57 200 2014 7 2 23 25 16 4 154
13 10 67 37.159 -121.71 252 321 50 200 2014 7 2 23 26 10 4 154
13 10 67 37.218 -121.77 233 332 36 200 2014 7 2 23 27 6 4 154
13 10 67 37.265 -121.82 229 321 26 200 2014 7 2 23 28 6 4 154
13 10 67 37.333 -121.9 155 318 7 200 2014 7 2 23 29 20 4 154
13 10 67 37.341 -121.9 178 309 5 200 2014 7 2 23 30 8 4 154
14 10 67 34.15 -118.4 208 178 39 400 2014 7 2 19 7 6 1 8
14 10 67 34.142 -118.4 192 214 45 400 2014 7 2 19 8 6 1 8
14 10 67 34.166 -118.47 246 223 64 400 2014 7 2 19 9 6 1 8
14 10 67 34.252 -118.53 293 303 105 400 2014 7 2 19 10 6 1 8
14 10 67 34.332 -118.58 316 316 140 400 2014 7 2 19 11 6 1 32
14 10 67 34.415 -118.63 331 334 168 400 2014 7 2 19 12 6 1 32
14 10 67 34.513 -118.68 382 333 197 400 2014 7 2 19 13 6 1 32
14 10 67 34.612 -118.75 398 332 200 400 2014 7 2 19 14 6 1 32
14 10 67 34.709 -118.81 398 333 201 400 2014 7 2 19 15 6 1 32
14 10 67 34.829 -118.88 404 334 230 400 2014 7 2 19 16 17 1 32
14 10 67 34.927 -118.96 412 325 236 400 2014 7 2 19 17 6 1 33
14 10 67 35.024 -119.04 419 325 262 400 2014 7 2 19 18 16 1 53
14 10 67 35.109 -119.14 437 321 280 400 2014 7 2 19 19 16 1 53
14 10 67 35.17 -119.27 432 301 284 400 2014 7 2 19 20 6 1 53
14 10 67 35.23 -119.4 436 299 305 400 2014 7 2 19 21 6 1 54
14 10 67 35.293 -119.52 437 300 331 400 2014 7 2 19 22 16 1 54
14 10 67 35.366 -119.68 439 301 341 360 2014 7 2 19 23 16 1 54
14 10 67 35.425 -119.8 435 299 360 360 2014 7 2 19 24 6 1 54
14 10 67 35.473 -119.91 436 299 360 360 2014 7 2 19 25 6 1 54
14 10 67 35.536 -120.03 440 300 360 360 2014 7 2 19 26 6 1 54
14 10 67 35.619 -120.22 442 299 360 360 2014 7 2 19 27 6 1 54
14 10 67 35.667 -120.32 445 299 360 360 2014 7 2 19 28 6 1 54
14 10 67 35.679 -120.35 456 299 360 360 2014 7 2 19 29 6 1 54
14 10 67 35.799 -120.58 454 299 360 360 2014 7 2 19 30 6 4 188
14 10 67 35.816 -120.61 457 303 360 360 2014 7 2 19 31 6 4 188
14 10 67 35.978 -120.81 459 314 353 360 2014 7 2 19 32 6 4 188
14 10 67 36.063 -120.92 447 314 331 360 2014 7 2 19 33 15 4 188
14 10 67 36.147 -121.02 436 313 300 360 2014 7 2 19 34 6 4 188
14 10 67 36.183 -121.07 432 314 288 360 2014 7 2 19 35 6 4 188
14 10 67 36.25 -121.17 419 314 265 360 2014 7 2 19 36 6 4 188
14 10 67 36.324 -121.25 410 312 243 360 2014 7 2 19 37 7 4 188
14 10 67 36.417 -121.37 400 316 219 360 2014 7 2 19 38 6 4 188
14 10 67 36.5 -121.45 398 314 190 360 2014 7 2 19 39 6 4 174
14 10 67 36.6 -121.5 401 333 165 360 2014 7 2 19 40 6 4 174
14 10 67 36.717 -121.55 390 350 138 360 2014 7 2 19 41 6 4 174
14 10 67 36.783 -121.58 374 339 122 360 2014 7 2 19 42 16 4 154
14 10 67 36.876 -121.62 359 334 104 360 2014 7 2 19 43 6 4 154
14 10 67 36.974 -121.67 324 342 93 360 2014 7 2 19 44 6 4 154
14 10 67 37.049 -121.71 302 342 76 360 2014 7 2 19 45 6 4 154
14 10 67 37.117 -121.73 284 338 58 360 2014 7 2 19 46 6 4 154
14 10 67 37.196 -121.77 283 343 34 360 2014 7 2 19 47 6 4 154
14 10 67 37.25 -121.81 247 332 28 360 2014 7 2 19 48 6 4 154
14 10 67 37.29 -121.85 212 309 19 360 2014 7 2 19 49 6 4 154
14 10 67 37.324 -121.89 189 321 9 360 2014 7 2 19 50 6 4 154
14 10 67 37.359 -121.93 151 315 360 360 2014 7 2 19 51 6 4 189
16 10 67 34.183 -118.35 153 0 16 240 2014 7 3 3 33 6 1 8
16 10 67 34.15 -118.4 218 197 37 240 2014 7 3 3 34 16 1 8
16 10 67 34.139 -118.44 227 231 53 240 2014 7 3 3 35 16 1 8
16 10 67 34.196 -118.49 262 248 80 240 2014 7 3 3 36 6 1 8
16 10 67 34.267 -118.53 283 316 110 240 2014 7 3 3 37 15 1 8
16 10 67 34.343 -118.58 305 329 140 240 2014 7 3 3 38 15 1 32
16 10 67 34.434 -118.63 368 333 154 240 2014 7 3 3 39 15 1 32
16 10 67 34.554 -118.7 399 331 189 240 2014 7 3 3 40 15 1 32
16 10 67 34.661 -118.77 417 333 217 240 2014 7 3 3 41 6 1 32
16 10 67 34.76 -118.84 419 333 239 240 2014 7 3 3 42 16 1 32
16 10 67 34.862 -118.91 428 332 240 240 2014 7 3 3 43 15 1 53
16 10 67 34.966 -119 428 325 240 240 2014 7 3 3 44 16 1 53
16 10 67 35.066 -119.08 429 325 240 240 2014 7 3 3 45 6 1 53
16 10 67 35.164 -119.16 430 326 240 240 2014 7 3 3 46 16 1 53
16 10 67 35.264 -119.24 431 326 240 240 2014 7 3 3 47 16 1 53
16 10 67 35.379 -119.35 437 325 240 240 2014 7 3 3 48 15 1 53
16 10 67 35.423 -119.48 428 302 240 240 2014 7 3 3 49 15 1 53
16 10 67 35.464 -119.62 425 290 240 240 2014 7 3 3 50 15 1 53
16 10 67 35.505 -119.75 425 290 240 240 2014 7 3 3 51 15 1 54
16 10 67 35.545 -119.88 423 290 240 240 2014 7 3 3 52 16 1 54
16 10 67 35.586 -120.02 422 290 240 240 2014 7 3 3 53 15 1 54
16 10 67 35.61 -120.1 426 290 240 240 2014 7 3 3 54 6 1 54
16 10 67 35.675 -120.31 430 290 240 240 2014 7 3 3 55 15 1 54
16 10 67 35.727 -120.44 425 292 240 240 2014 7 3 3 56 6 4 188
16 10 67 35.752 -120.52 422 296 240 240 2014 7 3 3 57 15 4 188
16 10 67 35.748 -120.65 399 283 240 240 2014 7 3 3 58 15 4 188
16 10 67 35.742 -120.78 386 264 240 240 2014 7 3 3 59 15 4 188
16 10 67 35.828 -120.87 413 291 240 240 2014 7 3 4 0 16 4 188
16 10 67 35.924 -120.96 421 325 240 240 2014 7 3 4 1 16 4 188
16 10 67 36.016 -121.04 407 324 240 240 2014 7 3 4 2 6 4 188
16 10 67 36.107 -121.12 400 328 240 240 2014 7 3 4 3 15 4 188
16 10 67 36.197 -121.2 399 325 240 240 2014 7 3 4 4 16 4 188
16 10 67 36.289 -121.27 400 321 239 240 2014 7 3 4 5 16 4 188
16 10 67 36.383 -121.35 391 328 218 240 2014 7 3 4 6 6 4 188
16 10 67 36.483 -121.44 384 324 191 240 2014 7 3 4 7 6 4 188
16 10 67 36.579 -121.49 372 331 169 240 2014 7 3 4 8 15 4 174
16 10 67 36.683 -121.51 370 352 149 240 2014 7 3 4 9 15 4 174
16 10 67 36.78 -121.52 357 352 132 240 2014 7 3 4 10 16 4 154
16 10 67 36.869 -121.54 329 352 116 240 2014 7 3 4 11 6 4 154
16 10 67 36.947 -121.58 313 338 97 240 2014 7 3 4 12 6 4 154
16 10 67 37.018 -121.63 297 334 80 240 2014 7 3 4 13 15 4 154
16 10 67 37.098 -121.68 288 338 60 240 2014 7 3 4 14 16 4 154
16 10 67 37.157 -121.71 278 329 51 240 2014 7 3 4 15 6 4 154
16 10 67 37.2 -121.75 246 335 46 240 2014 7 3 4 16 6 4 154
16 10 67 37.252 -121.81 219 309 34 240 2014 7 3 4 17 16 4 154
16 10 67 37.296 -121.85 184 332 15 240 2014 7 3 4 18 16 4 154
16 10 67 37.317 -121.87 155 320 13 240 2014 7 3 4 19 6 4 154
16 10 67 37.354 -121.92 147 302 2 240 2014 7 3 4 20 16 4 154
16 10 67 37.354 -121.92 147 302 2 240 2014 7 3 4 21 6 4 154
17 10 67 34.167 -118.38 217 211 22 400 2014 7 3 3 47 16 1 8
17 10 67 34.137 -118.45 252 210 55 400 2014 7 3 3 48 15 1 8
17 10 67 34.198 -118.5 279 242 100 400 2014 7 3 3 49 15 1 8
17 10 67 34.282 -118.55 349 286 119 400 2014 7 3 3 50 15 1 8
17 10 67 34.382 -118.61 397 331 153 400 2014 7 3 3 51 15 1 32
17 10 67 34.489 -118.68 425 334 188 400 2014 7 3 3 52 16 1 32
17 10 67 34.599 -118.74 437 333 219 400 2014 7 3 3 53 15 1 32
17 10 67 34.599 -118.74 437 333 219 400 2014 7 3 3 54 6 1 32
17 10 67 34.831 -118.88 453 330 273 400 2014 7 3 3 55 15 1 53
17 10 67 34.939 -118.97 464 333 301 400 2014 7 3 3 56 6 1 53
17 10 67 35.043 -119.06 464 325 329 400 2014 7 3 3 57 15 1 53
17 10 67 35.063 -119.08 461 325 334 380 2014 7 3 3 58 15 1 53
17 10 67 35.168 -119.16 459 325 357 380 2014 7 3 3 59 15 1 53
17 10 67 35.247 -119.27 449 313 379 380 2014 7 3 4 0 16 1 53
17 10 67 35.352 -119.53 428 296 380 380 2014 7 3 4 1 16 1 54
17 10 67 35.352 -119.53 425 297 380 380 2014 7 3 4 2 6 1 54
17 10 67 35.458 -119.79 427 296 380 380 2014 7 3 4 3 15 1 54
17 10 67 35.51 -119.91 422 296 380 380 2014 7 3 4 4 16 1 54
17 10 67 35.562 -120.04 423 297 380 380 2014 7 3 4 5 16 1 54
17 10 67 35.571 -120.07 419 296 380 380 2014 7 3 4 6 6 1 54
17 10 67 35.625 -120.2 421 297 380 380 2014 7 3 4 7 6 1 54
17 10 67 35.69 -120.35 430 296 380 380 2014 7 3 4 8 15 4 188
17 10 67 35.767 -120.46 433 309 380 200 2014 7 3 4 9 15 4 188
17 10 67 35.847 -120.57 432 311 380 200 2014 7 3 4 10 16 4 188
17 10 67 35.927 -120.68 432 312 380 200 2014 7 3 4 11 6 4 188
17 10 67 36.008 -120.79 433 311 380 200 2014 7 3 4 12 6 4 188
17 10 67 36.088 -120.9 433 311 371 200 2014 7 3 4 13 15 4 188
17 10 67 36.2 -121.05 441 311 329 200 2014 7 3 4 14 16 4 188
17 10 67 36.267 -121.15 453 311 287 200 2014 7 3 4 15 6 4 188
17 10 67 36.35 -121.28 461 311 241 200 2014 7 3 4 16 6 4 188
17 10 67 36.433 -121.38 438 311 209 200 2014 7 3 4 17 16 4 188
17 10 67 36.517 -121.47 427 315 175 200 2014 7 3 4 18 16 4 174
17 10 67 36.633 -121.5 419 347 140 200 2014 7 3 4 19 6 4 174
17 10 67 36.725 -121.51 402 350 118 200 2014 7 3 4 20 16 4 154
17 10 67 36.833 -121.57 339 339 104 200 2014 7 3 4 21 6 4 154
17 10 67 36.917 -121.6 295 338 91 200 2014 7 3 4 22 16 4 154
17 10 67 36.974 -121.63 304 340 77 200 2014 7 3 4 23 16 4 154
17 10 67 37.047 -121.66 290 338 62 200 2014 7 3 4 24 16 4 154
17 10 67 37.117 -121.7 265 341 50 200 2014 7 3 4 25 16 4 154
17 10 67 37.174 -121.73 242 335 46 200 2014 7 3 4 26 6 4 154
17 10 67 37.217 -121.78 209 317 35 200 2014 7 3 4 27 6 4 154
17 10 67 37.267 -121.83 196 318 23 200 2014 7 3 4 28 6 4 154
17 10 67 37.307 -121.87 190 317 13 200 2014 7 3 4 29 6 4 154
17 10 67 37.335 -121.9 156 321 6 200 2014 7 3 4 30 15 4 154
17 10 67 37.361 -121.93 137 318 200 200 2014 7 3 4 31 15 4 156
18 10 67 34.177 -118.37 175 0 25 400 2014 7 3 4 53 15 1 8
18 10 67 34.132 -118.42 205 207 52 400 2014 7 3 4 54 15 1 8
18 10 67 34.166 -118.49 273 217 90 400 2014 7 3 4 55 15 1 8
18 10 67 34.246 -118.53 319 263 115 400 2014 7 3 4 56 15 1 8
18 10 67 34.342 -118.59 380 321 150 400 2014 7 3 4 57 16 1 32
18 10 67 34.451 -118.66 404 334 187 400 2014 7 3 4 58 15 1 32
18 10 67 34.576 -118.73 436 333 226 400 2014 7 3 4 59 6 1 32
18 10 67 34.687 -118.79 439 334 255 400 2014 7 3 5 0 16 1 53
18 10 67 34.801 -118.86 453 334 278 400 2014 7 3 5 1 16 1 53
18 10 67 34.915 -118.95 466 328 308 400 2014 7 3 5 2 15 1 53
18 10 67 35.019 -119.04 460 325 335 380 2014 7 3 5 3 16 1 53
18 10 67 35.09 -119.17 457 308 358 380 2014 7 3 5 4 15 1 53
18 10 67 35.155 -119.29 440 301 380 380 2014 7 3 5 5 16 1 53
18 10 67 35.217 -119.41 431 302 380 380 2014 7 3 5 6 15 1 54
18 10 67 35.266 -119.51 423 301 380 380 2014 7 3 5 7 6 1 54
18 10 67 35.339 -119.65 423 302 380 380 2014 7 3 5 8 15 1 54
18 10 67 35.401 -119.78 423 301 380 380 2014 7 3 5 9 6 1 54
18 10 67 35.475 -119.92 420 301 380 380 2014 7 3 5 10 15 1 54
18 10 67 35.536 -120.05 422 301 380 380 2014 7 3 5 11 15 1 54
18 10 67 35.598 -120.17 428 301 380 380 2014 7 3 5 12 15 1 54
18 10 67 35.646 -120.27 428 301 378 380 2014 7 3 5 13 6 1 54
18 10 67 35.714 -120.39 429 300 368 380 2014 7 3 5 14 15 4 188
18 10 67 35.796 -120.5 439 307 358 380 2014 7 3 5 15 16 4 188
18 10 67 35.877 -120.61 440 312 349 380 2014 7 3 5 16 6 4 188
18 10 67 35.975 -120.75 440 311 340 380 2014 7 3 5 17 16 4 188
18 10 67 36.05 -120.85 431 311 340 380 2014 7 3 5 18 15 4 188
18 10 67 36.135 -120.97 435 309 340 380 2014 7 3 5 19 16 4 188
18 10 67 36.2 -121.07 431 312 309 380 2014 7 3 5 20 16 4 188
18 10 67 36.293 -121.19 434 311 269 380 2014 7 3 5 21 16 4 188
18 10 67 36.373 -121.3 433 315 236 380 2014 7 3 5 22 16 4 188
18 10 67 36.45 -121.4 421 309 228 380 2014 7 3 5 23 15 4 188
18 10 67 36.45 -121.4 421 309 228 380 2014 7 3 5 24 6 4 188
18 10 67 36.54 -121.5 413 324 200 380 2014 7 3 5 25 6 4 188
18 10 67 36.733 -121.58 389 331 128 380 2014 7 3 5 26 6 4 154
18 10 67 36.833 -121.62 337 349 101 380 2014 7 3 5 27 15 4 154
18 10 67 36.9 -121.63 291 345 86 380 2014 7 3 5 28 16 4 154
18 10 67 36.983 -121.67 280 345 80 380 2014 7 3 5 29 15 4 154
18 10 67 37.05 -121.68 278 346 62 380 2014 7 3 5 30 15 4 154
18 10 67 37.133 -121.7 262 348 53 380 2014 7 3 5 31 6 4 154
18 10 67 37.204 -121.75 244 332 40 380 2014 7 3 5 32 16 4 154
18 10 67 37.233 -121.78 215 326 33 380 2014 7 3 5 33 15 4 154
18 10 67 37.267 -121.83 181 315 22 380 2014 7 3 5 34 16 4 154
18 10 67 37.3 -121.87 155 319 13 380 2014 7 3 5 35 16 4 154
18 10 67 37.333 -121.9 126 319 7 380 2014 7 3 5 36 15 4 154
18 10 67 37.342 -121.91 142 321 4 380 2014 7 3 5 37 15 4 154
19 10 67 34.183 -118.35 147 0 18 400 2014 7 3 15 59 6 1 8
19 10 67 34.169 -118.37 169 157 26 400 2014 7 3 16 0 6 1 8
19 10 67 34.138 -118.43 226 283 50 400 2014 7 3 16 1 6 1 8
19 10 67 34.204 -118.47 287 236 91 400 2014 7 3 16 2 6 1 8
19 10 67 34.288 -118.48 298 292 128 400 2014 7 3 16 3 6 1 8
19 10 67 34.387 -118.53 324 344 132 400 2014 7 3 16 4 6 1 32
19 10 67 34.461 -118.58 319 335 168 400 2014 7 3 16 5 6 1 32
19 10 67 34.544 -118.65 368 325 192 400 2014 7 3 16 6 6 1 32
19 10 67 34.639 -118.72 385 326 223 400 2014 7 3 16 7 6 1 32
19 10 67 34.724 -118.8 390 325 230 400 2014 7 3 16 8 6 1 32
19 10 67 34.833 -118.89 392 327 244 400 2014 7 3 16 9 6 1 53
19 10 67 34.912 -118.95 394 326 268 400 2014 7 3 16 10 6 1 53
19 10 67 35.029 -119.05 421 325 293 400 2014 7 3 16 11 7 1 53
19 10 67 35.133 -119.13 447 325 313 400 2014 7 3 16 12 6 1 53
19 10 67 35.239 -119.22 455 326 338 340 2014 7 3 16 13 6 1 53
19 10 67 35.324 -119.32 444 324 340 340 2014 7 3 16 14 6 1 53
19 10 67 35.372 -119.46 435 296 340 340 2014 7 3 16 15 6 1 54
19 10 67 35.43 -119.62 433 293 340 340 2014 7 3 16 16 6 1 54
19 10 67 35.476 -119.75 432 293 340 340 2014 7 3 16 17 6 1 54
19 10 67 35.523 -119.89 425 293 340 340 2014 7 3 16 18 6 1 54
19 10 67 35.569 -120.02 425 293 340 340 2014 7 3 16 19 6 1 54
19 10 67 35.617 -120.16 429 293 340 340 2014 7 3 16 20 6 1 54
19 10 67 35.672 -120.31 431 293 340 340 2014 7 3 16 21 6 1 54
19 10 67 35.726 -120.44 431 294 340 340 2014 7 3 16 22 6 4 188
19 10 67 35.783 -120.57 430 299 340 340 2014 7 3 16 23 6 4 188
19 10 67 35.818 -120.64 430 298 340 340 2014 7 3 16 24 6 4 188
19 10 67 35.899 -120.82 430 299 340 340 2014 7 3 16 25 6 4 188
19 10 67 35.956 -120.95 430 298 340 340 2014 7 3 16 26 7 4 188
19 10 67 36.029 -121 438 306 319 340 2014 7 3 16 27 6 4 188
19 10 67 36.15 -121.12 423 321 285 340 2014 7 3 16 28 6 4 188
19 10 67 36.231 -121.2 416 314 264 340 2014 7 3 16 29 6 4 188
19 10 67 36.333 -121.3 390 322 236 340 2014 7 3 16 30 6 4 188
19 10 67 36.433 -121.37 396 325 204 340 2014 7 3 16 31 6 4 188
19 10 67 36.517 -121.43 391 329 175 340 2014 7 3 16 32 6 4 174
19 10 67 36.593 -121.49 388 328 152 340 2014 7 3 16 33 6 4 174
19 10 67 36.7 -121.58 363 329 125 340 2014 7 3 16 34 6 4 154
19 10 67 36.78 -121.64 352 326 105 340 2014 7 3 16 35 6 4 154
19 10 67 36.852 -121.7 313 329 96 340 2014 7 3 16 36 6 4 154
19 10 67 36.921 -121.75 293 329 80 340 2014 7 3 16 37 6 4 154
19 10 67 36.99 -121.79 279 328 72 340 2014 7 3 16 38 6 4 154
19 10 67 37.05 -121.83 273 333 62 340 2014 7 3 16 39 6 4 154
19 10 67 37.133 -121.87 265 335 60 340 2014 7 3 16 40 6 4 154
19 10 67 37.183 -121.9 269 334 58 340 2014 7 3 16 41 6 4 154
19 10 67 37.25 -121.95 264 333 50 340 2014 7 3 16 42 6 4 154
19 10 67 37.317 -121.98 262 333 49 340 2014 7 3 16 43 6 4 154
19 10 67 37.385 -122.04 211 321 37 340 2014 7 3 16 44 6 4 154
19 10 67 37.417 -122.05 183 330 30 340 2014 7 3 16 45 6 4 156
19 10 67 37.433 -122 198 2 19 340 2014 7 3 16 46 6 4 156
19 10 67 37.417 -121.99 171 67 15 340 2014 7 3 16 47 6 4 156
19 10 67 37.367 -121.93 130 140 2 340 2014 7 3 16 48 6 4 156
19 10 67 37.362 -121.93 133 141 340 340 2014 7 3 16 49 6 4 189
20 10 67 34.201 -118.36 150 0 7 400 2014 7 3 14 10 6 1 8
20 10 67 34.183 -118.35 155 0 20 400 2014 7 3 14 11 6 1 8
20 10 67 34.136 -118.48 234 215 84 400 2014 7 3 14 12 6 1 8
20 10 67 34.195 -118.52 234 335 84 400 2014 7 3 14 13 6 1 8
20 10 67 34.149 -118.57 278 274 123 400 2014 7 3 14 14 6 1 8
20 10 67 34.228 -118.61 306 271 158 400 2014 7 3 14 15 6 1 32
20 10 67 34.444 -118.7 386 339 230 400 2014 7 3 14 16 6 1 32
20 10 67 34.429 -118.7 366 340 228 400 2014 7 3 14 17 6 1 32
20 10 67 34.544 -118.75 384 338 246 400 2014 7 3 14 18 6 1 53
20 10 67 34.746 -118.84 409 339 298 400 2014 7 3 14 19 6 1 53
20 10 67 34.763 -118.84 422 340 302 400 2014 7 3 14 20 6 1 53
20 10 67 34.854 -118.9 424 332 320 400 2014 7 3 14 21 6 1 53
20 10 67 34.974 -119 428 326 320 400 2014 7 3 14 22 6 1 53
20 10 67 35.069 -119.08 427 324 320 400 2014 7 3 14 23 6 1 53
20 10 67 35.186 -119.18 425 327 320 400 2014 7 3 14 24 6 1 53
20 10 67 35.285 -119.26 425 325 320 400 2014 7 3 14 25 6 1 53
20 10 67 35.384 -119.34 427 325 332 400 2014 7 3 14 26 6 1 53
20 10 67 35.481 -119.42 427 326 361 400 2014 7 3 14 27 7 1 53
20 10 67 35.55 -119.48 413 326 379 400 2014 7 3 14 28 6 1 54
20 10 67 35.582 -119.63 377 301 400 400 2014 7 3 14 29 6 1 54
20 10 67 35.603 -119.78 374 280 400 400 2014 7 3 14 30 6 1 54
20 10 67 35.62 -119.91 369 280 400 400 2014 7 3 14 31 6 1 54
20 10 67 35.638 -120.03 369 280 400 400 2014 7 3 14 32 6 1 54
20 10 67 35.656 -120.15 367 280 400 400 2014 7 3 14 33 6 1 54
20 10 67 35.678 -120.3 371 280 400 400 2014 7 3 14 34 6 1 54
20 10 67 35.714 -120.41 370 284 400 400 2014 7 3 14 35 6 4 188
20 10 67 35.779 -120.52 381 301 396 400 2014 7 3 14 36 6 4 188
20 10 67 35.858 -120.62 398 313 376 400 2014 7 3 14 37 6 4 188
20 10 67 35.95 -120.73 401 310 342 400 2014 7 3 14 38 6 4 188
20 10 67 36.017 -120.82 406 310 323 400 2014 7 3 14 39 6 4 188
20 10 67 36.1 -120.95 397 313 297 400 2014 7 3 14 40 6 4 188
20 10 67 36.183 -121.05 379 313 272 400 2014 7 3 14 41 6 4 188
20 10 67 36.25 -121.13 366 312 251 400 2014 7 3 14 42 6 4 188
20 10 67 36.286 -121.19 365 314 242 400 2014 7 3 14 43 6 4 188
20 10 67 36.4 -121.3 368 314 229 400 2014 7 3 14 44 6 4 188
20 10 67 36.463 -121.36 367 330 220 400 2014 7 3 14 45 6 4 188
20 10 67 36.567 -121.43 367 325 210 400 2014 7 3 14 46 14 4 188
20 10 67 36.65 -121.5 364 328 185 400 2014 7 3 14 47 6 4 174
20 10 67 36.726 -121.56 377 327 147 400 2014 7 3 14 48 6 4 174
20 10 67 36.818 -121.63 392 331 118 400 2014 7 3 14 49 6 4 154
20 10 67 36.902 -121.7 351 321 101 400 2014 7 3 14 50 6 4 154
20 10 67 36.973 -121.75 313 327 90 400 2014 7 3 14 51 6 4 154
20 10 67 37.05 -121.8 282 327 71 400 2014 7 3 14 52 9 4 154
20 10 67 37.105 -121.86 279 331 59 400 2014 7 3 14 53 6 4 154
20 10 67 37.17 -121.9 264 329 60 400 2014 7 3 14 54 6 4 154
20 10 67 37.247 -121.95 258 338 54 400 2014 7 3 14 55 6 4 154
20 10 67 37.303 -121.98 232 332 46 400 2014 7 3 14 56 6 4 154
20 10 67 37.333 -122 206 333 44 400 2014 7 3 14 57 6 4 154
20 10 67 37.383 -122.03 174 329 33 400 2014 7 3 14 58 6 4 154
20 10 67 37.417 -122.03 176 333 20 400 2014 7 3 14 59 6 4 156
20 10 67 37.4 -121.98 138 47 10 400 2014 7 3 15 0 6 4 156
20 10 67 37.371 -121.94 139 122 400 400 2014 7 3 15 1 7 4 189
20 10 67 37.371 -121.94 139 122 400 400 2014 7 3 15 2 6 4 189
22 10 67 34.161 -118.38 170 0 25 380 2014 7 4 2 25 16 1 8
22 10 67 34.165 -118.44 216 202 50 380 2014 7 4 2 26 6 1 8
22 10 67 34.229 -118.48 256 242 73 380 2014 7 4 2 27 6 1 8
22 10 67 34.302 -118.53 298 308 110 380 2014 7 4 2 28 6 1 8
22 10 67 34.379 -118.58 314 331 143 380 2014 7 4 2 29 6 1 32
22 10 67 34.466 -118.64 364 331 164 380 2014 7 4 2 30 6 1 32
22 10 67 34.549 -118.7 373 331 192 380 2014 7 4 2 31 6 1 32
22 10 67 34.679 -118.78 404 332 230 380 2014 7 4 2 32 6 1 32
22 10 67 34.779 -118.85 405 331 255 380 2014 7 4 2 33 6 1 53
22 10 67 34.879 -118.93 429 329 277 380 2014 7 4 2 34 6 1 53
22 10 67 34.988 -119.01 436 325 296 380 2014 7 4 2 35 16 1 53
22 10 67 35.073 -119.08 448 325 310 380 2014 7 4 2 36 6 1 53
22 10 67 35.166 -119.18 449 326 332 380 2014 7 4 2 37 16 1 53
22 10 67 35.226 -119.31 446 315 351 380 2014 7 4 2 38 7 1 53
22 10 67 35.285 -119.44 441 298 371 380 2014 7 4 2 39 15 1 54
22 10 67 35.341 -119.57 428 299 380 380 2014 7 4 2 40 6 1 54
22 10 67 35.397 -119.69 426 299 380 380 2014 7 4 2 41 6 1 54
22 10 67 35.464 -119.84 425 298 380 380 2014 7 4 2 42 6 1 54
22 10 67 35.474 -119.87 414 298 380 380 2014 7 4 2 43 6 1 54
22 10 67 35.53 -119.99 415 298 380 380 2014 7 4 2 44 6 1 54
22 10 67 35.585 -120.12 417 298 380 380 2014 7 4 2 45 6 1 54
22 10 67 35.685 -120.34 422 298 380 380 2014 7 4 2 46 6 4 188
22 10 67 35.763 -120.45 426 302 380 200 2014 7 4 2 47 15 4 188
22 10 67 35.841 -120.56 427 312 380 200 2014 7 4 2 48 16 4 188
22 10 67 35.934 -120.69 422 311 364 200 2014 7 4 2 49 6 4 188
22 10 67 35.948 -120.71 423 311 359 200 2014 7 4 2 50 6 4 188
22 10 67 36.027 -120.82 424 311 329 200 2014 7 4 2 51 6 4 188
22 10 67 36.15 -120.98 434 312 293 200 2014 7 4 2 52 6 4 188
22 10 67 36.217 -121.08 418 311 271 200 2014 7 4 2 53 6 4 188
22 10 67 36.3 -121.2 396 312 246 200 2014 7 4 2 54 6 4 188
22 10 67 36.383 -121.32 391 310 221 200 2014 7 4 2 55 6 4 188
22 10 67 36.394 -121.33 394 311 216 200 2014 7 4 2 56 6 4 188
22 10 67 36.533 -121.48 371 311 179 200 2014 7 4 2 57 6 4 174
22 10 67 36.617 -121.55 364 326 159 200 2014 7 4 2 58 16 4 174
22 10 67 36.717 -121.55 370 341 139 200 2014 7 4 2 59 6 4 174
22 10 67 36.817 -121.57 350 359 119 200 2014 7 4 3 0 6 4 154
22 10 67 36.9 -121.6 338 350 101 200 2014 7 4 3 1 16 4 154
22 10 67 36.983 -121.63 300 340 89 200 2014 7 4 3 2 6 4 154
22 10 67 37.05 -121.67 292 337 69 200 2014 7 4 3 3 6 4 154
22 10 67 37.133 -121.7 280 342 52 200 2014 7 4 3 4 16 4 154
22 10 67 37.183 -121.75 243 339 40 200 2014 7 4 3 5 16 4 154
22 10 67 37.233 -121.8 214 320 28 200 2014 7 4 3 6 6 4 154
22 10 67 37.283 -121.85 194 316 20 200 2014 7 4 3 7 6 4 154
22 10 67 37.317 -121.88 167 321 11 200 2014 7 4 3 8 6 4 154
22 10 67 37.35 -121.92 131 318 4 200 2014 7 4 3 9 16 4 154
22 10 67 37.364 -121.93 142 321 200 200 2014 7 4 3 10 6 4 156
23 10 67 34.184 -118.36 163 0 17 400 2014 7 4 3 34 6 1 8
23 10 67 34.146 -118.4 184 308 37 400 2014 7 4 3 35 6 1 8
23 10 67 34.183 -118.45 237 213 59 400 2014 7 4 3 36 6 1 8
23 10 67 34.265 -118.51 285 269 99 400 2014 7 4 3 37 16 1 8
23 10 67 34.346 -118.57 332 325 122 400 2014 7 4 3 38 15 1 8
23 10 67 34.443 -118.63 390 331 149 400 2014 7 4 3 39 16 1 32
23 10 67 34.544 -118.69 415 332 178 400 2014 7 4 3 40 16 1 32
23 10 67 34.649 -118.76 427 332 207 400 2014 7 4 3 41 6 1 32
23 10 67 34.754 -118.83 432 332 233 400 2014 7 4 3 42 6 1 32
23 10 67 34.871 -118.92 445 328 257 400 2014 7 4 3 43 6 1 53
23 10 67 34.978 -119 457 326 278 400 2014 7 4 3 44 16 1 53
23 10 67 35.087 -119.09 469 326 301 400 2014 7 4 3 45 15 1 53
23 10 67 35.196 -119.18 470 326 323 400 2014 7 4 3 46 6 1 53
23 10 67 35.288 -119.33 464 309 347 400 2014 7 4 3 47 16 1 53
23 10 67 35.342 -119.47 451 295 369 400 2014 7 4 3 48 15 1 54
23 10 67 35.393 -119.59 435 296 388 400 2014 7 4 3 49 16 1 54
23 10 67 35.433 -119.7 428 295 398 400 2014 7 4 3 50 17 1 54
23 10 67 35.485 -119.83 428 295 400 400 2014 7 4 3 51 6 1 54
23 10 67 35.547 -119.99 424 295 400 400 2014 7 4 3 52 16 1 54
23 10 67 35.605 -120.14 422 295 400 400 2014 7 4 3 53 16 1 54
23 10 67 35.645 -120.24 420 294 400 400 2014 7 4 3 54 16 1 54
23 10 67 35.693 -120.37 420 294 400 400 2014 7 4 3 55 24 4 188
23 10 67 35.779 -120.48 429 120 400 400 2014 7 4 3 56 6 4 188
23 10 67 35.859 -120.59 430 307 400 400 2014 7 4 3 57 6 4 188
23 10 67 35.937 -120.69 429 311 400 400 2014 7 4 3 58 15 4 188
23 10 67 35.937 -120.69 429 311 400 400 2014 7 4 3 59 6 4 188
23 10 67 35.958 -120.84 429 279 400 400 2014 7 4 4 0 6 4 188
23 10 67 36.167 -121.02 446 288 321 400 2014 7 4 4 1 6 4 188
23 10 67 36.25 -121.12 456 311 287 400 2014 7 4 4 2 6 4 188
23 10 67 36.378 -121.26 454 316 234 400 2014 7 4 4 3 16 4 188
23 10 67 36.497 -121.31 447 338 202 400 2014 7 4 4 4 6 4 188
23 10 67 36.567 -121.33 436 340 184 400 2014 7 4 4 5 16 4 174
23 10 67 36.683 -121.4 418 338 150 400 2014 7 4 4 6 6 4 174
23 10 67 36.783 -121.45 408 339 123 400 2014 7 4 4 7 6 4 154
23 10 67 36.883 -121.5 380 338 103 400 2014 7 4 4 8 6 4 154
23 10 67 36.95 -121.57 318 328 97 400 2014 7 4 4 9 6 4 154
23 10 67 37.033 -121.62 293 329 79 400 2014 7 4 4 10 6 4 154
23 10 67 37.1 -121.67 288 330 57 400 2014 7 4 4 11 6 4 154
23 10 67 37.196 -121.75 280 329 43 400 2014 7 4 4 12 15 4 154
23 10 67 37.217 -121.77 245 326 40 400 2014 7 4 4 13 6 4 154
23 10 67 37.267 -121.82 196 318 29 400 2014 7 4 4 14 6 4 154
23 10 67 37.3 -121.87 176 320 15 400 2014 7 4 4 15 6 4 154
23 10 67 37.333 -121.9 135 319 8 400 2014 7 4 4 16 6 4 154
23 10 67 37.346 -121.91 152 321 3 400 2014 7 4 4 17 6 4 154
24 10 67 34.178 -118.36 162 0 21 400 2014 7 4 4 58 15 1 8
24 10 67 34.144 -118.42 205 180 51 400 2014 7 4 4 59 15 1 8
24 10 67 34.194 -118.46 205 331 51 400 2014 7 4 5 0 15 1 8
24 10 67 34.179 -118.49 263 265 71 400 2014 7 4 5 1 6 1 8
24 10 67 34.341 -118.58 342 322 139 400 2014 7 4 5 2 16 1 32
24 10 67 34.435 -118.63 370 334 173 400 2014 7 4 5 3 16 1 32
24 10 67 34.53 -118.69 385 330 205 400 2014 7 4 5 4 15 1 32
24 10 67 34.53 -118.69 385 330 205 400 2014 7 4 5 5 6 1 32
24 10 67 34.63 -118.75 400 332 232 400 2014 7 4 5 6 6 1 32
24 10 67 34.823 -118.88 417 331 282 400 2014 7 4 5 7 15 1 53
24 10 67 34.944 -118.98 433 330 306 400 2014 7 4 5 8 15 1 53
24 10 67 35.048 -119.06 446 325 327 400 2014 7 4 5 9 6 1 53
24 10 67 35.071 -119.08 454 325 332 400 2014 7 4 5 10 16 1 53
24 10 67 35.154 -119.15 455 326 351 400 2014 7 4 5 11 15 1 53
24 10 67 35.257 -119.23 454 326 371 400 2014 7 4 5 12 15 1 53
24 10 67 35.364 -119.35 432 319 391 400 2014 7 4 5 13 15 1 53
24 10 67 35.408 -119.48 422 293 400 400 2014 7 4 5 14 15 1 54
24 10 67 35.451 -119.61 417 292 400 400 2014 7 4 5 15 16 1 54
24 10 67 35.527 -119.85 419 291 400 400 2014 7 4 5 16 15 1 54
24 10 67 35.57 -119.99 420 291 400 400 2014 7 4 5 17 15 1 54
24 10 67 35.612 -120.12 421 292 400 400 2014 7 4 5 18 15 1 54
24 10 67 35.629 -120.17 419 291 400 400 2014 7 4 5 19 15 1 54
24 10 67 35.67 -120.3 423 291 400 200 2014 7 4 5 20 16 1 54
24 10 67 35.722 -120.43 418 294 391 200 2014 7 4 5 21 6 4 188
24 10 67 35.776 -120.55 410 298 381 200 2014 7 4 5 22 15 4 188
24 10 67 35.843 -120.7 417 299 378 200 2014 7 4 5 23 15 4 188
24 10 67 35.898 -120.82 412 299 353 200 2014 7 4 5 24 15 4 188
24 10 67 35.95 -120.95 0 298 327 200 2014 7 4 5 25 15 4 188
24 10 67 36.033 -121.05 406 301 304 200 2014 7 4 5 26 16 4 188
24 10 67 36.117 -121.12 399 325 285 200 2014 7 4 5 27 6 4 188
24 10 67 36.2 -121.2 387 325 263 200 2014 7 4 5 28 16 4 188
24 10 67 36.283 -121.27 377 325 241 200 2014 7 4 5 29 15 4 188
24 10 67 36.383 -121.35 387 325 208 200 2014 7 4 5 30 15 4 188
24 10 67 36.483 -121.38 385 340 186 200 2014 7 4 5 31 15 4 174
24 10 67 36.583 -121.42 364 345 166 200 2014 7 4 5 32 7 4 174
24 10 67 36.683 -121.45 353 344 147 200 2014 7 4 5 33 15 4 174
24 10 67 36.767 -121.47 340 344 129 200 2014 7 4 5 34 15 4 154
24 10 67 36.867 -121.5 329 344 111 200 2014 7 4 5 35 6 4 154
24 10 67 36.95 -121.53 308 343 97 200 2014 7 4 5 36 16 4 154
24 10 67 37.017 -121.57 291 344 86 200 2014 7 4 5 37 6 4 154
24 10 67 37.069 -121.6 275 330 80 200 2014 7 4 5 38 15 4 154
24 10 67 37.117 -121.67 225 315 66 200 2014 7 4 5 39 15 4 154
24 10 67 37.167 -121.72 222 317 54 200 2014 7 4 5 40 15 4 154
24 10 67 37.217 -121.78 213 319 39 200 2014 7 4 5 41 6 4 154
24 10 67 37.25 -121.82 192 318 31 200 2014 7 4 5 42 6 4 154
24 10 67 37.3 -121.85 184 319 20 200 2014 7 4 5 43 6 4 154
24 10 67 37.333 -121.88 151 318 10 200 2014 7 4 5 44 15 4 154
24 10 67 37.349 -121.92 149 321 3 200 2014 7 4 5 45 6 4 154
25 10 67 34.17 -118.37 174 157 26 380 2014 7 4 22 47 15 1 8
25 10 67 34.149 -118.45 223 203 68 380 2014 7 4 22 48 15 1 8
25 10 67 34.214 -118.49 272 248 103 380 2014 7 4 22 49 15 1 8
25 10 67 34.281 -118.53 272 332 103 380 2014 7 4 22 50 6 1 8
25 10 67 34.288 -118.54 301 310 144 380 2014 7 4 22 51 6 1 32
25 10 67 34.459 -118.63 355 336 176 380 2014 7 4 22 52 15 1 32
25 10 67 34.459 -118.63 355 336 176 380 2014 7 4 22 53 6 1 32
25 10 67 34.552 -118.69 376 330 210 380 2014 7 4 22 54 6 1 32
25 10 67 34.745 -118.82 403 331 268 380 2014 7 4 22 55 15 1 53
25 10 67 34.848 -118.9 422 330 293 380 2014 7 4 22 56 16 1 53
25 10 67 34.939 -118.97 430 330 314 380 2014 7 4 22 57 6 1 53
25 10 67 35.042 -119.06 444 324 338 380 2014 7 4 22 58 6 1 53
25 10 67 35.142 -119.15 444 326 360 380 2014 7 4 22 59 16 1 53
25 10 67 35.198 -119.27 431 318 379 380 2014 7 4 23 0 16 1 53
25 10 67 35.211 -119.3 428 298 380 380 2014 7 4 23 1 16 1 53
25 10 67 35.269 -119.42 420 300 380 380 2014 7 4 23 2 6 1 54
25 10 67 35.371 -119.65 425 299 380 380 2014 7 4 23 3 15 1 54
25 10 67 35.395 -119.7 422 298 380 380 2014 7 4 23 4 6 1 54
25 10 67 35.451 -119.82 415 299 380 380 2014 7 4 23 5 6 1 54
25 10 67 35.509 -119.95 422 299 380 380 2014 7 4 23 6 6 1 54
25 10 67 35.608 -120.17 420 298 380 380 2014 7 4 23 7 15 1 54
25 10 67 35.62 -120.2 420 298 380 380 2014 7 4 23 8 6 1 54
25 10 67 35.686 -120.35 423 298 380 200 2014 7 4 23 9 6 4 188
25 10 67 35.746 -120.47 417 298 380 200 2014 7 4 23 10 16 4 188
25 10 67 35.824 -120.57 415 310 367 200 2014 7 4 23 11 15 4 188
25 10 67 35.903 -120.68 415 312 340 200 2014 7 4 23 12 16 4 188
25 10 67 35.98 -120.78 416 312 317 200 2014 7 4 23 13 16 4 188
25 10 67 36.055 -120.88 396 313 296 200 2014 7 4 23 14 6 4 188
25 10 67 36.114 -120.96 393 313 280 200 2014 7 4 23 15 15 4 188
25 10 67 36.217 -121.08 380 312 253 200 2014 7 4 23 16 6 4 188
25 10 67 36.283 -121.18 371 312 232 200 2014 7 4 23 17 6 4 188
25 10 67 36.35 -121.28 364 312 215 200 2014 7 4 23 18 6 4 188
25 10 67 36.433 -121.35 364 314 192 200 2014 7 4 23 19 16 4 188
25 10 67 36.533 -121.4 372 338 165 200 2014 7 4 23 20 16 4 174
25 10 67 36.617 -121.45 360 338 143 200 2014 7 4 23 21 6 4 174
25 10 67 36.717 -121.48 353 337 121 200 2014 7 4 23 22 16 4 154
25 10 67 36.8 -121.53 346 337 102 200 2014 7 4 23 23 6 4 154
25 10 67 36.883 -121.57 308 337 91 200 2014 7 4 23 24 16 4 154
25 10 67 36.95 -121.6 295 338 77 200 2014 7 4 23 25 15 4 154
25 10 67 37.004 -121.64 298 338 65 200 2014 7 4 23 26 6 4 154
25 10 67 37.1 -121.68 271 336 51 200 2014 7 4 23 27 16 4 154
25 10 67 37.15 -121.72 226 340 50 200 2014 7 4 23 28 15 4 154
25 10 67 37.2 -121.77 226 325 38 200 2014 7 4 23 29 16 4 154
25 10 67 37.25 -121.8 212 317 28 200 2014 7 4 23 30 16 4 154
25 10 67 37.3 -121.85 187 318 17 200 2014 7 4 23 31 15 4 154
25 10 67 37.317 -121.88 130 318 9 200 2014 7 4 23 32 15 4 154
25 10 67 37.35 -121.92 121 320 3 200 2014 7 4 23 33 6 4 154
26 10 67 34.167 -118.37 168 0 22 360 2014 7 4 20 1 6 1 8
26 10 67 34.126 -118.43 205 215 52 360 2014 7 4 20 2 6 1 8
26 10 67 34.121 -118.5 286 253 77 360 2014 7 4 20 3 15 1 8
26 10 67 34.201 -118.53 297 337 114 360 2014 7 4 20 4 15 1 8
26 10 67 34.296 -118.59 314 328 130 360 2014 7 4 20 5 16 1 8
26 10 67 34.296 -118.59 314 328 130 360 2014 7 4 20 6 6 1 8
26 10 67 34.459 -118.67 323 335 172 360 2014 7 4 20 7 16 1 32
26 10 67 34.552 -118.72 366 335 196 360 2014 7 4 20 8 16 1 32
26 10 67 34.622 -118.76 369 335 219 360 2014 7 4 20 9 16 1 32
26 10 67 34.72 -118.82 383 335 248 360 2014 7 4 20 10 6 1 53
26 10 67 34.844 -118.9 407 334 278 360 2014 7 4 20 11 15 1 53
26 10 67 34.914 -118.95 405 330 292 360 2014 7 4 20 12 6 1 53
26 10 67 35.032 -119.05 425 326 311 360 2014 7 4 20 13 15 1 53
26 10 67 35.054 -119.07 440 325 316 360 2014 7 4 20 14 16 1 53
26 10 67 35.237 -119.22 441 326 354 360 2014 7 4 20 15 16 1 53
26 10 67 35.278 -119.25 441 325 360 360 2014 7 4 20 16 6 1 53
26 10 67 35.334 -119.38 422 311 360 360 2014 7 4 20 17 6 1 54
26 10 67 35.382 -119.51 422 293 360 360 2014 7 4 20 18 6 1 54
26 10 67 35.431 -119.64 421 294 360 360 2014 7 4 20 19 6 1 54
26 10 67 35.505 -119.85 424 293 360 360 2014 7 4 20 20 16 1 54
26 10 67 35.523 -119.9 411 294 360 360 2014 7 4 20 21 16 1 54
26 10 67 35.579 -120.06 419 293 360 360 2014 7 4 20 22 6 1 54
26 10 67 35.628 -120.19 419 293 360 360 2014 7 4 20 23 6 1 54
26 10 67 35.673 -120.32 421 294 360 360 2014 7 4 20 24 6 1 54
26 10 67 35.745 -120.43 423 300 360 200 2014 7 4 20 25 15 4 188
26 10 67 35.839 -120.56 424 311 360 200 2014 7 4 20 26 15 4 188
26 10 67 35.918 -120.67 425 311 349 200 2014 7 4 20 27 6 4 188
26 10 67 35.994 -120.78 419 311 329 200 2014 7 4 20 28 6 4 188
26 10 67 36.07 -120.88 408 311 308 200 2014 7 4 20 29 15 4 188
26 10 67 36.115 -120.94 405 312 295 200 2014 7 4 20 30 6 4 188
26 10 67 36.188 -121.04 394 309 276 200 2014 7 4 20 31 6 4 188
26 10 67 36.267 -121.15 411 315 257 200 2014 7 4 20 32 6 4 188
26 10 67 36.337 -121.25 405 311 234 200 2014 7 4 20 33 6 4 188
26 10 67 36.417 -121.35 392 309 209 200 2014 7 4 20 34 6 4 188
26 10 67 36.483 -121.45 382 314 188 200 2014 7 4 20 35 6 4 154
26 10 67 36.586 -121.47 370 344 165 200 2014 7 4 20 36 15 4 174
26 10 67 36.688 -121.49 369 352 140 200 2014 7 4 20 37 6 4 174
26 10 67 36.807 -121.52 365 353 113 200 2014 7 4 20 38 6 4 154
26 10 67 36.903 -121.55 353 350 100 200 2014 7 4 20 39 15 4 154
26 10 67 36.967 -121.6 295 347 93 200 2014 7 4 20 40 6 4 154
26 10 67 37.047 -121.64 288 332 72 200 2014 7 4 20 41 6 4 154
26 10 67 37.114 -121.68 280 329 60 200 2014 7 4 20 42 6 4 154
26 10 67 37.184 -121.73 275 338 47 200 2014 7 4 20 43 6 4 154
26 10 67 37.237 -121.79 267 321 37 200 2014 7 4 20 44 6 4 154
26 10 67 37.282 -121.84 235 321 25 200 2014 7 4 20 45 6 4 154
26 10 67 37.323 -121.88 201 321 15 200 2014 7 4 20 46 16 4 154
26 10 67 37.345 -121.91 153 302 4 200 2014 7 4 20 47 16 4 154
