1 76 18 32.098 -110.92 166 0 34 390 2 77
1 76 18 32.092 -110.91 183 133 390 390 2 102
1 76 18 32.11 -110.81 290 102 73 390 2 77
1 76 18 32.151 -110.73 272 82 98 390 2 77
1 76 18 32.206 -110.63 307 68 123 390 2 77
1 76 18 32.231 -110.51 355 57 150 390 2 77
1 76 18 32.256 -110.4 366 66 178 390 2 59
1 76 18 32.256 -110.4 366 66 178 390 2 59
1 76 18 32.281 -110.26 379 80 206 390 2 59
1 76 18 32.308 -110.14 394 76 227 390 2 59
1 76 18 32.362 -109.86 436 76 264 390 2 91
1 76 18 32.397 -109.72 440 76 281 390 2 91
1 76 18 32.431 -109.57 455 75 296 390 2 91
1 76 18 32.543 -109.5 455 26 296 390 2 91
1 76 18 32.526 -109.48 474 58 310 390 2 91
1 76 18 32.647 -109.42 469 57 328 390 2 91
1 76 18 32.791 -109.35 466 30 343 390 2 94
1 76 18 32.914 -109.3 466 21 359 390 2 94
1 76 18 33.036 -109.24 466 21 378 390 2 94
1 76 18 33.155 -109.18 457 21 390 390 2 94
1 76 18 33.272 -109.12 449 23 390 390 2 94
1 76 18 33.39 -109.07 450 22 390 390 2 94
1 76 18 33.51 -109.01 457 22 390 390 2 94
1 76 18 33.624 -108.96 450 23 390 390 2 94
1 76 18 33.742 -108.9 453 21 390 390 2 94
1 76 18 33.86 -108.84 456 21 390 390 2 105
1 76 18 34.001 -108.77 457 24 390 390 2 104
1 76 18 34.116 -108.72 453 22 390 390 2 104
1 76 18 34.232 -108.66 451 22 390 390 2 104
1 76 18 34.348 -108.6 451 22 390 390 2 104
1 76 18 34.478 -108.54 448 22 390 390 2 104
1 76 18 34.59 -108.48 451 21 390 390 2 104
1 76 18 34.719 -108.42 450 21 390 390 2 104
1 76 18 34.831 -108.37 450 21 390 390 2 104
1 76 18 34.961 -108.3 451 23 390 390 2 104
1 76 18 35.072 -108.25 451 22 390 390 2 104
1 76 18 35.204 -108.18 451 22 390 390 2 104
1 76 18 35.319 -108.12 461 22 390 390 2 104
1 76 18 35.471 -108.05 464 22 390 390 2 104
1 76 18 35.568 -108 464 22 390 390 2 104
1 76 18 35.699 -107.93 464 22 390 390 2 104
1 76 18 35.812 -107.87 462 22 390 390 2 104
1 76 18 35.831 -107.86 464 22 390 390 2 104
1 76 18 35.961 -107.8 459 22 390 390 2 104
1 76 18 36.074 -107.74 459 22 390 390 2 104
1 76 18 36.205 -107.67 458 22 390 390 6 259
1 76 18 36.296 -107.62 454 22 390 390 6 259
1 76 18 36.411 -107.57 459 27 390 390 6 259
1 76 18 36.562 -107.49 458 22 390 390 6 259
1 76 18 36.693 -107.42 458 22 390 390 6 259
1 76 18 36.807 -107.36 459 22 390 390 6 259
1 76 18 36.94 -107.29 462 28 390 390 6 259
1 76 18 37.054 -107.23 463 28 390 390 6 259
1 76 18 37.193 -107.22 452 22 390 390 6 259
1 76 18 37.312 -107.24 451 19 390 390 6 259
1 76 18 37.45 -107.26 446 358 390 390 6 259
1 76 18 37.564 -107.27 434 341 390 370 6 259
1 76 18 37.672 -107.21 447 354 388 370 6 259
1 76 18 37.776 -107.09 452 20 377 370 6 259
1 76 18 37.863 -106.99 455 33 370 370 6 259
1 76 18 37.969 -106.87 455 42 370 270 6 253
1 76 18 38.054 -106.76 452 42 363 270 6 253
1 76 18 38.143 -106.66 431 42 352 270 6 268
1 76 18 38.232 -106.55 431 43 343 270 6 268
1 76 18 38.337 -106.43 434 42 331 270 6 268
1 76 18 38.432 -106.33 430 42 322 270 6 268
1 76 18 38.521 -106.23 430 41 322 270 6 268
1 76 18 38.542 -106.27 428 40 312 270 6 268
1 76 18 38.729 -106.1 425 23 292 270 6 268
1 76 18 38.814 -106 425 44 292 270 6 268
1 76 18 38.817 -105.96 419 38 280 270 6 268
1 76 18 38.89 -105.85 411 49 270 270 6 268
1 76 18 38.959 -105.74 419 48 261 270 6 240
1 76 18 39.032 -105.62 417 50 251 270 6 240
1 76 18 39.119 -105.49 415 47 238 270 6 240
1 76 18 39.217 -105.37 373 48 219 270 6 240
1 76 18 39.283 -105.28 336 44 209 270 6 240
1 76 18 39.35 -105.22 326 35 195 270 6 233
1 76 18 39.417 -105.13 319 37 180 270 6 233
1 76 18 39.489 -105.08 318 37 170 270 6 233
1 76 18 39.559 -105.01 316 37 170 270 6 233
1 76 18 39.631 -104.94 306 37 155 270 6 233
1 76 18 39.699 -104.87 310 37 140 270 6 233
1 76 18 39.783 -104.83 310 13 124 270 6 233
1 76 18 39.867 -104.83 295 359 113 270 6 233
1 76 18 39.943 -104.84 263 4 110 270 6 233
1 76 18 40.019 -104.84 256 0 100 270 6 233
1 76 18 40.091 -104.84 255 0 100 270 6 233
1 76 18 40.163 -104.84 256 0 100 270 6 233
1 76 18 40.24 -104.84 256 0 101 270 6 233
1 76 18 40.266 -104.76 258 26 100 270 6 233
1 76 18 40.267 -104.72 236 65 100 270 6 233
1 76 18 40.192 -104.68 192 165 100 270 6 233
1 76 18 40.134 -104.68 190 165 100 270 6 233
1 76 18 40.082 -104.69 189 180 90 270 6 233
1 76 18 40.029 -104.69 189 180 80 270 6 233
1 76 18 40 -104.68 188 180 74 270 6 233
1 76 18 39.95 -104.68 190 180 65 270 6 233
1 76 18 39.9 -104.68 147 180 55 270 6 233
1 76 18 39.885 -104.69 146 180 54 270 6 233
2 76 18 32.114 -110.94 177.33 0 30.667 390 2 77
2 76 18 32.12 -110.94 197.83 247.67 105.33 390 2 77
2 76 18 32.17 -110.92 224.83 244 69.833 390 2 77
2 76 18 32.201 -110.86 252.33 155.17 90.167 390 2 77
2 76 18 32.235 -110.81 264.83 47.667 108.33 390 2 77
2 76 18 32.275 -110.73 284.5 55.667 123.5 390 2 77
2 76 18 32.312 -110.65 319.33 59.667 142.33 390 2 77
2 76 18 32.364 -110.55 345.17 54.833 165.67 390 2 59
2 76 18 32.415 -110.46 358.33 58.833 185.83 390 2 59
2 76 18 32.464 -110.39 370.33 70.167 203.67 390 2 59
2 76 18 32.559 -110.32 374.92 52.25 223.08 390 2 59
2 76 18 32.657 -110.25 380.33 41.833 239.17 390 2 59
2 76 18 32.752 -110.19 389.83 31.667 253.17 390 2 91
2 76 18 32.855 -110.12 403 27.667 268 390 2 91
2 76 18 32.962 -110.06 407.17 29.5 284.5 390 2 91
2 76 18 33.067 -110.01 408.5 25.5 299.33 390 2 91
2 76 18 33.176 -109.95 409.17 22.667 311.5 390 2 91
2 76 18 33.284 -109.9 414.33 23.333 322.33 390 2 91
2 76 18 33.393 -109.84 421.17 23.167 331.33 390 2 91
2 76 18 33.511 -109.78 424.83 22.5 339.17 390 2 91
2 76 18 33.626 -109.72 432 22.333 344.83 390 2 91
2 76 18 33.739 -109.66 437.83 22.667 349.17 390 2 94
2 76 18 33.855 -109.61 441.17 23 355.67 390 2 105
2 76 18 33.973 -109.55 442 22.167 359 390 2 105
2 76 18 34.053 -109.5 440.67 22 364.67 390 2 105
2 76 18 34.167 -109.44 440.67 22.833 366.83 390 2 105
2 76 18 34.285 -109.36 447.33 24.833 369.5 390 2 105
2 76 18 34.39 -109.29 451.08 27.833 370.17 390 2 104
2 76 18 34.486 -109.24 455.33 27.75 372.33 390 2 104
2 76 18 34.579 -109.18 454.42 27.333 373.33 390 2 104
2 76 18 34.722 -109.08 456.25 27.25 373.33 390 2 104
2 76 18 34.825 -109.02 457.08 27.333 375 390 2 104
2 76 18 34.915 -108.96 459.25 27.25 376.17 390 2 104
2 76 18 35.015 -108.89 457.38 27.458 376.67 390 2 104
2 76 18 35.128 -108.82 456.17 27.417 376.67 390 2 104
2 76 18 35.24 -108.75 457.83 27.5 376.67 390 2 104
2 76 18 35.36 -108.67 458.17 27.333 376.67 390 2 104
2 76 18 35.46 -108.61 458.33 27.333 376.67 390 2 104
2 76 18 35.558 -108.54 457 27.333 376.67 390 2 104
2 76 18 35.684 -108.46 454.67 27.333 376.67 390 2 104
2 76 18 35.8 -108.38 454.33 27.5 376.67 390 2 104
2 76 18 35.899 -108.31 454.5 27.5 376.67 390 2 104
2 76 18 36.015 -108.24 455.17 27.667 376.67 390 2 259
2 76 18 36.145 -108.15 456.17 27.667 376.67 390 6 259
2 76 18 36.246 -108.08 456.17 29 376.67 390 6 259
2 76 18 36.362 -108 456 28.167 376.67 390 6 259
2 76 18 36.438 -107.93 458.42 31 376.67 390 6 259
2 76 18 36.543 -107.86 459.33 30.833 376.67 390 6 259
2 76 18 36.646 -107.78 459.58 31.083 376.67 390 6 259
2 76 18 36.77 -107.69 459 30.667 376.67 390 6 259
2 76 18 36.879 -107.61 459.67 30 376.67 390 6 259
2 76 18 36.996 -107.53 458.5 30.667 377.67 370 6 259
2 76 18 37.108 -107.46 457.5 84.5 379.83 370 6 259
2 76 18 37.222 -107.36 457.33 29.833 380 370 6 259
2 76 18 37.332 -107.28 456.5 30.167 380 370 6 259
2 76 18 37.433 -107.23 456.5 78.833 380 370 6 259
2 76 18 37.514 -107.14 458 28.667 380 370 6 259
2 76 18 37.628 -107.06 455.67 32.5 380 370 6 259
2 76 18 37.758 -106.95 457.5 30.667 380 370 6 259
2 76 18 37.841 -106.86 458.5 36 378.83 370 6 259
2 76 18 37.964 -106.74 459.5 36.333 374.67 360 6 253
2 76 18 38.05 -106.66 458.67 36.5 371 330 6 253
2 76 18 38.152 -106.56 457.83 38.333 368.33 330 6 253
2 76 18 38.231 -106.49 452.33 37.667 359.25 370 6 253
2 76 18 38.349 -106.36 453.83 37.667 355.83 270 6 253
2 76 18 38.429 -106.28 451.67 38.833 345.67 270 6 253
2 76 18 38.511 -106.19 449 38.917 333.33 270 6 268
2 76 18 38.596 -106.1 449 39.25 319 270 6 268
2 76 18 38.686 -106 446.67 38.917 302.58 270 6 268
2 76 18 38.786 -105.89 443.38 39.833 285.46 270 6 240
2 76 18 38.875 -105.81 437.67 40 261.08 270 6 240
2 76 18 38.963 -105.72 428.58 36.333 240.17 270 6 240
2 76 18 39.06 -105.62 409.83 37.5 225.67 270 6 240
2 76 18 39.141 -105.52 399.5 38.333 211.5 270 6 240
2 76 18 39.23 -105.42 375.67 41.5 196.67 270 6 240
2 76 18 39.303 -105.32 360.67 45.667 185.33 270 6 240
2 76 18 39.356 -105.22 345.5 53 171.17 270 6 233
2 76 18 39.393 -105.13 339.5 60 157 270 6 233
2 76 18 39.445 -105.02 324.67 59.167 144.83 270 6 233
2 76 18 39.487 -104.94 319.92 55.333 135.33 270 6 233
2 76 18 39.551 -104.85 297.17 48.5 125 270 6 233
2 76 18 39.611 -104.8 285.33 39 114.17 270 6 233
2 76 18 39.681 -104.76 275.67 27 104.5 270 6 233
2 76 18 39.743 -104.75 251.33 79.333 97.333 270 6 233
2 76 18 39.777 -104.71 234.33 35.5 86.833 270 6 233
2 76 18 39.82 -104.69 226.67 36.5 75 270 6 233
2 76 18 39.84 -104.68 183.5 52.167 65.833 270 6 233
2 76 18 39.848 -104.67 155.67 115.67 58.167 270 6 233
2 76 18 39.85 -104.67 149.67 60 54.5 270 6 233
