1 76 33 32.087 -110.91 194.5 132.5 179.5 320 2 77
1 76 33 32.08 -110.84 243 116 64.5 320 2 77
1 76 33 32.133 -110.85 252.5 220 77 320 2 77
1 76 33 32.199 -110.9 282.5 345 110 320 2 77
1 76 33 32.252 -110.94 305 325.5 126 320 2 77
1 76 33 32.331 -111.01 339 324.5 152 320 2 77
1 76 33 32.437 -111.1 361 324 180.5 320 2 60
1 76 33 32.523 -111.18 374 323.5 204.5 320 2 60
1 76 33 32.585 -111.22 374 326.5 208.5 320 2 60
1 76 33 32.671 -111.31 384 323.5 240 320 2 60
1 76 33 32.745 -111.37 392 323.5 255 320 2 60
1 76 33 32.837 -111.44 402 324 268.5 320 2 90
1 76 33 32.932 -111.53 416.5 323.5 283 320 2 90
1 76 33 33.029 -111.62 427.5 323.5 295.5 320 2 90
1 76 33 33.178 -111.75 441.5 323 309 320 2 90
1 76 33 33.282 -111.84 443 323 318.5 320 2 90
1 76 33 33.334 -111.88 436 323 320 320 2 90
1 76 33 33.404 -111.94 436 323 320 320 2 90
1 76 33 33.517 -112 443 332 320 320 2 90
1 76 33 33.615 -112.07 442.25 336.5 320 320 2 89
1 76 33 33.702 -112.15 435.75 328 320 320 2 89
1 76 33 33.804 -112.26 433.5 316.5 320 320 2 89
1 76 33 33.904 -112.37 433.5 316.5 320 320 2 89
1 76 33 33.941 -112.41 432 316.5 320 320 2 89
1 76 33 34.036 -112.52 432.5 316 320 320 2 89
1 76 33 34.125 -112.62 431.5 316.5 320 320 2 89
1 76 33 34.211 -112.72 432 316.5 320 320 2 89
1 76 33 34.297 -112.81 431.5 316 320 320 2 89
1 76 33 34.394 -112.93 431 316.5 320 320 2 89
1 76 33 34.476 -113.03 431.5 316 320 300 2 89
1 76 33 34.565 -113.12 431 316.5 315.5 300 2 89
1 76 33 34.65 -113.22 430 316 305.5 300 2 89
1 76 33 34.735 -113.32 426.5 316 300 300 2 89
1 76 33 34.822 -113.42 426.5 315.5 300 300 2 89
1 76 33 34.921 -113.53 437.5 315.5 300 300 2 89
1 76 33 35.009 -113.64 438.5 315.5 297 240 1 40
1 76 33 35.096 -113.74 432.5 315.5 288 100 1 40
1 76 33 35.182 -113.84 430.5 316 266.5 100 1 40
1 76 33 35.275 -113.95 419.5 315.5 238 100 1 29
1 76 33 35.34 -114.01 406.5 316.5 220.5 100 1 29
1 76 33 35.427 -114.09 395 318.5 196 100 1 29
1 76 33 35.516 -114.17 379 322.5 169 100 1 29
1 76 33 35.615 -114.27 384 322.5 140 100 1 29
1 76 33 35.694 -114.34 376.5 321 125 100 1 29
1 76 33 35.758 -114.4 327.5 323 118 100 1 29
1 76 33 35.844 -114.49 305.5 321 99.5 100 1 3
1 76 33 35.888 -114.55 309 312.5 92 100 1 3
1 76 33 35.958 -114.64 299 312.5 83.5 100 1 3
1 76 33 35.998 -114.69 295 312 80 100 1 3
1 76 33 36.032 -114.77 269 298.5 73 100 1 3
1 76 33 36.066 -114.84 256.5 298.5 64.5 100 1 3
1 76 33 36.075 -114.93 221.5 286 54 100 1 3
1 76 33 36.074 -115 203.5 270 40 100 1 3
1 76 33 36.073 -115.06 172 268.5 30.5 100 1 3
1 76 33 36.073 -115.12 148.5 270.5 22.5 100 1 3
2 76 33 32.104 -110.93 187.2 0 31 320 2 77
2 76 33 32.079 -110.88 200.4 78.2 52.2 320 2 77
2 76 33 32.088 -110.88 239.8 134.6 81.2 320 2 77
2 76 33 32.138 -110.91 270.2 281.8 99.2 320 2 77
2 76 33 32.211 -110.96 294.4 279.2 116.6 320 2 77
2 76 33 32.28 -111.02 332.4 330.2 142.2 320 2 77
2 76 33 32.381 -111.1 363.8 324.6 169.4 320 2 77
2 76 33 32.466 -111.17 375.8 325.2 190.8 320 2 60
2 76 33 32.551 -111.24 389 325.2 211 320 2 60
2 76 33 32.66 -111.33 400.2 325 229.2 320 2 60
2 76 33 32.762 -111.41 407.2 325.4 253.2 320 2 60
2 76 33 32.839 -111.48 419.2 325 267.4 320 2 90
2 76 33 32.937 -111.56 427.2 324.8 286.6 320 2 90
2 76 33 33.004 -111.61 430.2 325 297.4 320 2 90
2 76 33 33.137 -111.72 434 325.2 316.8 320 2 90
2 76 33 33.23 -111.8 436 324.8 318.2 320 2 90
2 76 33 33.308 -111.86 436.9 324.7 320.5 320 2 90
2 76 33 33.406 -111.92 434.5 327 324 320 2 90
2 76 33 33.5 -111.98 434.8 332.2 324 320 2 89
2 76 33 33.636 -112.05 435.6 339.2 324 320 2 89
2 76 33 33.775 -112.11 435.8 341 324 320 2 89
2 76 33 33.862 -112.14 438.3 341 324 320 2 89
2 76 33 33.982 -112.19 440.4 341.2 324 320 2 89
2 76 33 34.108 -112.24 440.4 341 323.6 320 2 89
2 76 33 34.253 -112.3 440.8 341 321.6 320 2 89
2 76 33 34.347 -112.34 440.2 337.6 320 320 2 89
2 76 33 34.451 -112.41 439.2 333 319.2 320 2 89
2 76 33 34.549 -112.5 438.8 320.6 316.8 300 2 89
2 76 33 34.627 -112.6 436.2 289.4 315.8 300 2 89
2 76 33 34.683 -112.72 433.2 276 313.8 300 2 89
2 76 33 34.739 -112.84 433.8 300.1 310.1 300 2 89
2 76 33 34.81 -112.98 437.4 300.8 308 300 2 89
2 76 33 34.872 -113.1 437.4 301.8 307.2 300 2 89
2 76 33 34.945 -113.24 437.4 301.8 304.2 300 2 89
2 76 33 34.995 -113.33 439.4 301.8 300 300 2 89
2 76 33 35.062 -113.46 439.6 301.6 300 300 1 40
2 76 33 35.142 -113.62 438.4 302.2 294 240 1 40
2 76 33 35.195 -113.73 433.4 301 275.6 240 1 40
2 76 33 35.247 -113.82 427.8 301 258 100 1 40
2 76 33 35.331 -113.95 408.2 301.6 227.8 100 1 29
2 76 33 35.415 -114.05 393.4 308.8 201.6 100 1 29
2 76 33 35.486 -114.14 386 310.8 188.8 100 1 29
2 76 33 35.555 -114.2 373.6 317.8 162 100 1 29
2 76 33 35.64 -114.29 365 318.6 139 100 1 29
2 76 33 35.72 -114.35 344.2 328.1 119.9 100 1 29
2 76 33 35.807 -114.39 320.4 331.4 110.6 100 1 29
2 76 33 35.9 -114.42 305.8 344.2 102.4 100 1 3
2 76 33 35.977 -114.43 296.5 349.8 95.7 100 1 3
2 76 33 36.064 -114.45 285.8 351.6 87.6 100 1 3
2 76 33 36.13 -114.49 269.6 338.6 80.6 100 1 3
2 76 33 36.171 -114.54 266.4 315.6 79.2 100 1 3
2 76 33 36.194 -114.61 269.2 301.2 77.8 100 1 3
2 76 33 36.195 -114.7 264.8 272.4 73.8 100 1 3
2 76 33 36.175 -114.78 257 258.4 68.8 100 1 3
2 76 33 36.157 -114.86 247 252.4 63.2 100 1 3
2 76 33 36.138 -114.94 217 253.2 60 100 1 3
2 76 33 36.134 -115.01 198 263.8 50.6 100 1 3
2 76 33 36.138 -115.07 185.6 271.6 38.4 100 1 3
2 76 33 36.127 -115.13 156.6 262.2 29 100 1 3
2 76 33 36.1 -115.15 149.6 251.6 22 100 1 3
