1 76 53 32.147 -110.98 197 0 40 380 2 77
1 76 53 32.197 -111.04 250 313 63 380 2 77
1 76 53 32.242 -111.1 245 312 85 380 2 77
1 76 53 32.289 -111.16 254 311 104 380 2 77
1 76 53 32.333 -111.24 283 303 119 380 2 77
1 76 53 32.378 -111.34 322 303 132 380 2 77
1 76 53 32.424 -111.44 347 297 145 380 2 77
1 76 53 32.472 -111.55 366 297 162 380 2 60
1 76 53 32.529 -111.68 371 297 185 380 2 60
1 76 53 32.577 -111.79 371 297 200 380 2 60
1 76 53 32.631 -111.92 381 297 216 380 2 60
1 76 53 32.679 -112.03 381 297 216 380 2 60
1 76 53 32.677 -112.02 391 297 228 380 2 60
1 76 53 32.785 -112.27 402 297 254 380 2 60
1 76 53 32.837 -112.39 411 297 261 380 2 90
1 76 53 32.891 -112.52 425 296 269 380 2 90
1 76 53 32.947 -112.65 435 297 277 380 2 90
1 76 53 33.016 -112.77 445 303 285 380 2 90
1 76 53 33.016 -112.77 445 303 285 380 2 90
1 76 53 33.101 -112.92 446 304 294 380 2 90
1 76 53 33.173 -113.04 452 304 302 380 2 90
1 76 53 33.316 -113.29 454 304 318 380 2 90
1 76 53 33.33 -113.31 454 304 320 380 2 90
1 76 53 33.403 -113.44 454 305 329 380 2 90
1 76 53 33.471 -113.52 457 315 335 380 2 102
1 76 53 33.592 -113.63 450 322 345 380 2 102
1 76 53 33.69 -113.72 448 322 351 380 2 102
1 76 53 33.785 -113.81 446 322 358 380 2 102
1 76 53 33.906 -113.92 448 321 366 380 2 102
1 76 53 34 -114.01 443 323 373 380 1 42
1 76 53 34.093 -114.1 436 322 380 380 1 42
1 76 53 34.186 -114.18 432 321 380 380 1 42
1 76 53 34.288 -114.28 436 322 380 380 1 42
1 76 53 34.399 -114.38 439 321 380 380 1 42
1 76 53 34.496 -114.47 440 321 380 380 1 42
1 76 53 34.592 -114.57 440 321 380 380 1 42
1 76 53 34.695 -114.67 441 321 380 380 1 45
1 76 53 34.791 -114.76 440 322 380 380 1 45
1 76 53 34.886 -114.85 440 321 380 380 1 45
1 76 53 34.982 -114.94 439 321 380 380 1 44
1 76 53 35.076 -115.03 438 321 380 380 1 44
1 76 53 35.172 -115.12 438 321 380 380 1 44
1 76 53 35.286 -115.23 437 321 380 380 1 44
1 76 53 35.381 -115.33 437 321 380 380 1 44
1 76 53 35.476 -115.42 436 321 380 380 1 44
1 76 53 35.571 -115.51 436 321 380 380 1 44
1 76 53 35.665 -115.61 436 321 380 380 1 47
1 76 53 35.761 -115.7 436 321 380 380 1 47
1 76 53 35.855 -115.8 436 321 380 380 1 47
1 76 53 35.855 -115.8 436 321 380 380 1 47
1 76 53 35.953 -115.89 437 321 380 380 1 47
1 76 53 36.152 -116.09 438 320 380 380 1 56
1 76 53 36.152 -116.09 438 320 380 380 1 56
1 76 53 36.246 -116.19 437 321 380 380 1 56
1 76 53 36.397 -116.34 437 321 380 380 1 56
1 76 53 36.491 -116.43 437 321 380 380 1 56
1 76 53 36.586 -116.53 437 320 380 380 1 56
1 76 53 36.679 -116.62 437 321 380 380 1 56
1 76 53 36.771 -116.72 435 320 380 380 1 56
1 76 53 36.868 -116.81 433 321 380 380 1 56
1 76 53 36.968 -116.89 431 326 380 380 1 56
1 76 53 37.071 -116.97 431 328 380 380 1 56
1 76 53 37.175 -117.04 431 329 380 380 1 56
1 76 53 37.278 -117.12 431 328 380 380 1 56
1 76 53 37.402 -117.21 431 328 380 380 4 180
1 76 53 37.504 -117.29 430 329 380 380 4 180
1 76 53 37.609 -117.37 433 329 380 380 4 180
1 76 53 37.713 -117.45 433 329 380 380 4 180
1 76 53 37.818 -117.53 434 328 380 380 4 180
1 76 53 37.923 -117.61 435 328 380 380 4 180
1 76 53 38.029 -117.69 437 329 380 380 4 180
1 76 53 38.116 -117.75 440 328 380 380 4 180
1 76 53 38.234 -117.86 438 326 380 380 4 180
1 76 53 38.325 -117.96 438 318 380 380 4 180
1 76 53 38.325 -117.96 438 318 380 380 4 180
1 76 53 38.417 -118.07 438 318 380 380 4 180
1 76 53 38.518 -118.16 440 318 380 380 4 180
1 76 53 38.625 -118.24 443 320 380 380 4 180
1 76 53 38.73 -118.32 443 326 380 380 4 180
1 76 53 38.858 -118.42 443 329 380 380 4 180
1 76 53 38.962 -118.5 442 329 380 380 4 181
1 76 53 39.068 -118.58 442 329 380 380 4 181
1 76 53 39.173 -118.66 442 329 380 380 4 181
1 76 53 39.277 -118.75 441 328 380 380 4 181
1 76 53 39.433 -118.87 453 328 380 380 4 181
1 76 53 39.54 -118.95 446 328 380 380 4 181
1 76 53 39.646 -119.03 444 328 380 380 4 181
1 76 53 39.751 -119.12 442 328 380 380 4 181
1 76 53 39.855 -119.2 442 328 380 380 4 181
1 76 53 39.96 -119.28 442 328 380 380 4 181
1 76 53 40.065 -119.37 443 328 380 380 4 181
1 76 53 40.17 -119.45 443 328 380 380 4 181
1 76 53 40.276 -119.54 443 328 380 380 4 181
1 76 53 40.401 -119.64 444 328 380 380 4 181
1 76 53 40.506 -119.72 444 328 380 380 4 181
1 76 53 40.569 -119.78 446 328 380 380 4 181
1 76 53 40.676 -119.86 451 328 380 380 4 181
1 76 53 40.823 -119.98 444 328 380 380 4 181
1 76 53 40.927 -120.07 444 328 380 380 4 181
1 76 53 41.033 -120.16 445 328 380 380 3 142
1 76 53 41.097 -120.21 447 328 380 380 3 142
1 76 53 41.241 -120.33 445 328 380 380 3 142
1 76 53 41.35 -120.42 448 327 380 380 3 142
1 76 53 41.454 -120.51 449 327 380 380 3 142
1 76 53 41.538 -120.58 447 327 380 380 3 142
1 76 53 41.643 -120.67 447 328 380 380 3 142
1 76 53 41.747 -120.76 447 327 380 380 3 142
1 76 53 41.894 -120.88 449 327 380 380 3 142
1 76 53 41.957 -120.93 447 327 380 380 3 142
1 76 53 42 -120.97 447 327 380 380 3 142
1 76 53 42.105 -121.06 448 327 380 380 3 142
1 76 53 42.208 -121.15 448 327 380 380 3 142
1 76 53 42.313 -121.24 447 327 380 380 3 142
1 76 53 42.418 -121.33 450 327 380 380 3 142
1 76 53 42.522 -121.42 450 327 380 380 3 141
1 76 53 42.649 -121.53 455 327 380 380 3 141
1 76 53 42.754 -121.63 456 327 380 380 3 141
1 76 53 42.859 -121.72 454 327 380 380 3 141
1 76 53 42.966 -121.82 458 326 380 380 3 141
1 76 53 43.073 -121.9 451 326 380 380 3 141
1 76 53 43.183 -121.99 454 328 380 380 3 141
1 76 53 43.295 -122.08 461 329 380 380 3 141
1 76 53 43.409 -122.16 464 330 380 380 3 141
1 76 53 43.519 -122.25 463 338 380 380 3 141
1 76 53 43.653 -122.35 462 331 380 380 3 135
1 76 53 43.763 -122.44 462 330 380 380 3 135
1 76 53 43.873 -122.53 462 338 375 380 3 135
1 76 53 43.988 -122.62 473 329 352 380 3 136
1 76 53 44.104 -122.71 476 330 324 380 3 136
1 76 53 44.234 -122.74 485 330 293 380 3 136
1 76 53 44.359 -122.73 469 340 266 380 3 136
1 76 53 44.479 -122.72 445 359 240 380 3 136
1 76 53 44.593 -122.71 423 4 215 380 3 130
1 76 53 44.723 -122.7 396 3 189 380 3 130
1 76 53 44.826 -122.69 379 4 165 380 3 130
1 76 53 44.924 -122.68 365 3 145 380 3 130
1 76 53 45.019 -122.66 330 5 127 380 3 112
1 76 53 45.108 -122.66 322 3 110 380 3 112
1 76 53 45.203 -122.65 320 3 95 380 3 112
1 76 53 45.286 -122.66 306 355 83 380 3 112
1 76 53 45.36 -122.7 292 339 73 380 3 112
1 76 53 45.426 -122.74 274 339 64 380 3 112
1 76 53 45.508 -122.78 270 338 53 380 3 112
1 76 53 45.578 -122.82 262 340 40 380 3 112
1 76 53 45.632 -122.82 204 1 29 380 3 112
1 76 53 45.645 -122.76 160 0 20 380 3 112
1 76 53 45.625 -122.7 160 116 12 380 3 112
1 76 53 45.604 -122.64 147 119 4 380 3 112
1 76 53 45.589 -122.6 135 118 380 380 3 135
2 76 53 32.126 -110.95 170 0 33 380 2 77
2 76 53 32.144 -110.98 213 304 380 380 2 102
2 76 53 32.184 -111.04 224 313 62 380 2 77
2 76 53 32.234 -111.11 238 308 84 380 2 77
2 76 53 32.282 -111.19 273 309 102 380 2 77
2 76 53 32.323 -111.27 296 299 119 380 2 77
2 76 53 32.368 -111.37 328 299 131 380 2 77
2 76 53 32.416 -111.48 356 298 145 380 2 77
2 76 53 32.477 -111.61 382 297 164 380 2 60
2 76 53 32.552 -111.77 397 298 188 380 2 60
2 76 53 32.616 -111.91 399 298 210 380 2 60
2 76 53 32.669 -112.03 400 298 218 380 2 60
2 76 53 32.726 -112.16 419 298 229 380 2 60
2 76 53 32.788 -112.3 429 297 241 380 2 60
2 76 53 32.845 -112.42 431 298 252 380 2 64
2 76 53 32.867 -112.47 434 298 256 380 2 64
2 76 53 32.96 -112.68 440 298 273 380 2 90
2 76 53 33.002 -112.75 445 298 279 380 2 90
2 76 53 33.073 -112.87 445 304 287 380 2 90
2 76 53 33.188 -113.07 454 304 302 380 2 90
2 76 53 33.217 -113.12 453 304 306 380 2 90
2 76 53 33.302 -113.26 453 304 318 380 2 90
2 76 53 33.374 -113.39 447 304 328 380 2 90
2 76 53 33.442 -113.51 440 304 338 380 2 102
2 76 53 33.511 -113.63 440 304 343 380 2 102
2 76 53 33.581 -113.75 441 304 350 380 2 102
2 76 53 33.661 -113.9 441 304 358 380 2 102
2 76 53 33.733 -114.02 442 303 365 380 1 39
2 76 53 33.801 -114.14 441 303 372 380 1 39
2 76 53 33.867 -114.26 433 304 379 380 1 42
2 76 53 33.933 -114.37 429 304 380 380 1 42
2 76 53 33.958 -114.42 435 303 380 380 1 42
2 76 53 34.08 -114.64 429 303 380 380 1 42
2 76 53 34.141 -114.76 429 300 380 380 1 42
2 76 53 34.171 -114.73 436 302 380 380 1 42
2 76 53 34.276 -114.81 439 313 380 360 1 42
2 76 53 34.38 -114.88 440 325 380 360 1 42
2 76 53 34.486 -114.96 444 329 371 360 1 42
2 76 53 34.613 -115.06 445 328 360 360 1 42
2 76 53 34.706 -115.13 444 328 360 360 1 44
2 76 53 34.831 -115.22 443 328 360 360 1 44
2 76 53 34.936 -115.3 443 328 360 360 1 44
2 76 53 35.042 -115.38 443 328 360 360 1 44
2 76 53 35.147 -115.46 443 328 360 360 1 44
2 76 53 35.251 -115.54 442 328 360 360 1 44
2 76 53 35.356 -115.62 441 328 360 360 1 44
2 76 53 35.46 -115.7 441 328 360 360 1 44
2 76 53 35.584 -115.79 439 328 360 360 1 43
2 76 53 35.689 -115.87 439 327 360 360 1 47
2 76 53 35.791 -115.95 439 327 360 360 1 47
2 76 53 35.893 -116.03 438 328 360 360 1 47
2 76 53 36.004 -116.12 439 328 360 360 1 56
2 76 53 36.108 -116.2 442 327 360 360 1 56
2 76 53 36.226 -116.29 443 327 360 360 1 56
2 76 53 36.329 -116.37 443 327 360 360 1 56
2 76 53 36.433 -116.45 442 327 360 360 1 56
2 76 53 36.546 -116.54 444 327 360 360 1 56
2 76 53 36.651 -116.62 446 328 360 360 1 56
2 76 53 36.756 -116.71 445 327 360 360 1 56
2 76 53 36.819 -116.76 445 327 360 360 1 56
2 76 53 36.922 -116.85 445 326 360 360 1 56
2 76 53 37.025 -116.93 445 326 360 360 1 56
2 76 53 37.192 -117.07 448 326 360 360 1 56
2 76 53 37.254 -117.12 449 326 360 360 1 56
2 76 53 37.358 -117.21 448 326 360 360 4 180
2 76 53 37.46 -117.3 446 325 360 360 4 180
2 76 53 37.565 -117.39 448 325 360 360 4 180
2 76 53 37.669 -117.48 449 326 360 360 4 180
2 76 53 37.774 -117.57 449 325 360 360 4 180
2 76 53 37.879 -117.66 450 325 360 360 4 180
2 76 53 37.984 -117.75 451 325 360 360 4 180
2 76 53 38.078 -117.86 449 322 360 360 4 180
2 76 53 38.17 -117.97 449 316 360 360 4 180
2 76 53 38.279 -118.1 449 317 360 360 4 180
2 76 53 38.359 -118.2 449 316 360 360 4 180
2 76 53 38.449 -118.31 448 316 360 360 4 180
2 76 53 38.539 -118.42 447 316 360 360 4 180
2 76 53 38.645 -118.55 445 316 360 360 4 180
2 76 53 38.734 -118.66 445 316 360 360 4 180
2 76 53 38.736 -118.66 445 316 360 360 4 180
2 76 53 38.825 -118.77 446 316 360 360 4 180
2 76 53 38.915 -118.88 446 316 361 360 4 181
2 76 53 39.005 -118.99 446 315 361 360 4 181
2 76 53 39.211 -119.18 461 316 360 360 4 181
2 76 53 39.211 -119.18 461 316 360 360 4 181
2 76 53 39.327 -119.26 462 324 360 360 4 181
2 76 53 39.488 -119.37 464 332 360 360 4 181
2 76 53 39.603 -119.45 463 332 360 360 4 181
2 76 53 39.716 -119.52 462 332 360 360 4 181
2 76 53 39.831 -119.6 462 332 360 360 4 181
2 76 53 39.944 -119.68 461 332 360 360 4 181
2 76 53 40.059 -119.75 462 332 360 360 4 181
2 76 53 40.175 -119.83 468 333 360 360 4 181
2 76 53 40.29 -119.91 468 332 360 360 4 181
2 76 53 40.405 -119.99 468 332 360 360 4 181
2 76 53 40.525 -120.08 467 331 360 360 4 181
2 76 53 40.64 -120.15 468 334 360 360 4 181
2 76 53 40.756 -120.23 468 331 360 360 4 181
2 76 53 40.868 -120.32 466 331 360 360 4 181
2 76 53 41.012 -120.41 474 331 360 360 3 142
2 76 53 41.127 -120.49 472 333 360 360 3 142
2 76 53 41.221 -120.56 480 332 360 360 3 142
2 76 53 41.36 -120.66 472 332 360 360 3 142
2 76 53 41.475 -120.74 472 331 360 360 3 142
2 76 53 41.567 -120.81 474 331 360 360 3 142
2 76 53 41.706 -120.91 473 331 360 360 3 142
2 76 53 41.821 -120.99 473 331 360 360 3 142
2 76 53 41.936 -121.08 473 331 360 360 3 142
2 76 53 42.052 -121.16 473 331 360 360 3 142
2 76 53 42.076 -121.17 476 331 360 360 3 142
2 76 53 42.19 -121.26 476 332 360 340 3 142
2 76 53 42.306 -121.34 477 331 360 340 3 142
2 76 53 42.422 -121.43 483 331 350 340 3 141
2 76 53 42.539 -121.52 491 331 340 340 3 141
2 76 53 42.657 -121.61 487 331 340 340 3 141
2 76 53 42.797 -121.71 482 331 340 340 3 141
2 76 53 42.912 -121.8 480 331 340 340 3 141
2 76 53 43.028 -121.89 477 331 340 340 3 141
2 76 53 43.142 -121.97 473 330 340 340 3 141
2 76 53 43.258 -122.06 474 331 340 340 3 141
2 76 53 43.385 -122.16 485 331 340 340 3 141
2 76 53 43.502 -122.24 485 330 340 340 3 141
2 76 53 43.619 -122.33 484 331 340 340 3 135
2 76 53 43.736 -122.43 487 331 340 340 3 135
2 76 53 43.853 -122.52 485 330 339 340 3 135
2 76 53 43.971 -122.61 486 330 321 340 3 136
2 76 53 44.085 -122.7 473 330 298 340 3 136
2 76 53 44.204 -122.75 459 330 274 340 3 136
2 76 53 44.342 -122.73 455 337 245 340 3 136
2 76 53 44.463 -122.72 447 354 221 340 3 130
2 76 53 44.573 -122.71 409 4 198 340 3 130
2 76 53 44.68 -122.7 394 4 174 340 3 130
2 76 53 44.81 -122.69 362 3 152 340 3 130
2 76 53 44.908 -122.68 327 3 135 340 3 130
2 76 53 44.997 -122.67 317 5 115 340 3 112
2 76 53 45.078 -122.66 313 4 103 340 3 112
2 76 53 45.161 -122.65 301 4 90 340 3 112
2 76 53 45.251 -122.64 299 4 75 340 3 112
2 76 53 45.318 -122.58 277 29 63 340 3 112
2 76 53 45.366 -122.51 247 43 58 340 3 112
2 76 53 45.407 -122.42 232 56 46 340 3 112
2 76 53 45.447 -122.36 224 54 35 340 3 112
2 76 53 45.489 -122.35 170 8 32 340 3 112
2 76 53 45.511 -122.41 149 297 28 340 3 112
2 76 53 45.531 -122.46 153 298 21 340 3 112
2 76 53 45.55 -122.51 129 299 13 340 3 112
2 76 53 45.567 -122.55 127 298 6 340 3 112
2 76 53 45.583 -122.59 126 300 340 340 3 135
3 76 53 32.144 -110.98 187 0 42 380 2 77
3 76 53 32.182 -111.03 225 305 60 380 2 77
3 76 53 32.227 -111.11 245 308 82 380 2 77
3 76 53 32.259 -111.17 249 297 101 380 2 77
3 76 53 32.296 -111.25 268 300 113 380 2 77
3 76 53 32.339 -111.34 306 299 130 380 2 77
3 76 53 32.386 -111.44 329 300 147 380 2 77
3 76 53 32.432 -111.53 334 298 167 380 2 77
3 76 53 32.479 -111.64 347 298 177 380 2 60
3 76 53 32.534 -111.75 389 299 187 380 2 60
3 76 53 32.601 -111.9 407 298 204 380 2 60
3 76 53 32.655 -112.01 407 299 219 380 2 60
3 76 53 32.711 -112.13 412 298 230 380 2 60
3 76 53 32.773 -112.27 421 298 242 380 2 60
3 76 53 32.83 -112.39 422 298 251 380 2 60
3 76 53 32.887 -112.52 432 298 263 380 2 90
3 76 53 32.953 -112.64 433 303 271 380 2 90
3 76 53 33.047 -112.73 441 319 276 380 2 90
3 76 53 33.161 -112.85 445 320 284 380 2 90
3 76 53 33.258 -112.94 452 319 290 380 2 90
3 76 53 33.355 -113.04 456 319 298 380 2 90
3 76 53 33.45 -113.14 456 319 312 380 2 90
3 76 53 33.546 -113.24 456 319 312 380 2 90
3 76 53 33.544 -113.24 446 319 317 380 2 90
3 76 53 33.629 -113.37 446 306 328 380 2 90
3 76 53 33.686 -113.5 432 297 335 380 2 102
3 76 53 33.742 -113.63 431 299 341 380 2 102
3 76 53 33.807 -113.75 424 302 350 380 2 102
3 76 53 33.896 -113.84 423 318 355 380 2 102
3 76 53 33.99 -113.93 426 321 361 380 2 102
3 76 53 34.101 -114.04 426 321 360 380 1 42
3 76 53 34.189 -114.12 415 319 359 380 1 42
3 76 53 34.274 -114.2 408 322 360 380 1 42
3 76 53 34.365 -114.29 418 321 363 380 1 42
3 76 53 34.459 -114.38 415 321 369 380 1 42
3 76 53 34.568 -114.49 416 321 374 380 1 42
3 76 53 34.657 -114.57 420 321 379 380 1 45
3 76 53 34.748 -114.66 417 321 380 380 1 45
3 76 53 34.84 -114.75 419 321 380 380 1 45
3 76 53 34.933 -114.85 426 321 380 380 1 45
3 76 53 35.047 -114.96 436 320 380 380 1 44
3 76 53 35.143 -115.06 444 320 380 380 1 44
3 76 53 35.241 -115.15 445 321 380 380 1 44
3 76 53 35.339 -115.25 450 321 380 380 1 44
3 76 53 35.435 -115.34 450 320 380 380 1 44
3 76 53 35.531 -115.44 448 320 380 380 1 44
3 76 53 35.643 -115.55 436 320 380 380 1 47
3 76 53 35.736 -115.65 430 320 380 380 1 47
3 76 53 35.828 -115.74 430 320 380 380 1 47
3 76 53 35.916 -115.83 421 320 380 380 1 47
3 76 53 36.006 -115.92 421 320 380 380 1 56
3 76 53 36.109 -116.03 423 320 380 380 1 56
3 76 53 36.2 -116.12 423 320 380 380 1 56
3 76 53 36.201 -116.12 424 320 380 380 1 56
3 76 53 36.367 -116.29 430 321 380 380 1 56
3 76 53 36.457 -116.39 428 319 380 380 1 56
3 76 53 36.483 -116.41 425 319 380 380 1 56
3 76 53 36.585 -116.52 426 320 380 380 1 56
3 76 53 36.732 -116.67 429 320 380 380 1 56
3 76 53 36.769 -116.71 431 320 380 380 1 56
3 76 53 36.948 -116.87 437 323 380 380 1 56
3 76 53 36.969 -116.89 437 326 380 380 1 56
3 76 53 37.071 -116.97 440 326 380 380 1 56
3 76 53 37.199 -117.07 441 327 380 380 1 56
3 76 53 37.306 -117.14 441 331 380 380 4 180
3 76 53 37.413 -117.22 441 330 380 380 4 180
3 76 53 37.52 -117.3 443 329 380 380 4 180
3 76 53 37.629 -117.38 444 330 380 380 4 180
3 76 53 37.735 -117.46 444 329 380 380 4 180
3 76 53 37.844 -117.54 444 329 380 380 4 180
3 76 53 37.953 -117.62 445 329 380 380 4 180
3 76 53 38.083 -117.72 445 330 380 380 4 180
3 76 53 38.192 -117.8 447 329 380 380 4 180
3 76 53 38.299 -117.88 445 329 380 380 4 180
3 76 53 38.405 -117.96 444 329 380 380 4 180
3 76 53 38.468 -118.01 445 329 380 380 4 180
3 76 53 38.575 -118.08 444 329 380 380 4 180
3 76 53 38.685 -118.17 444 329 380 380 4 180
3 76 53 38.792 -118.25 445 329 380 380 4 180
3 76 53 38.92 -118.35 445 329 380 380 4 180
3 76 53 39.026 -118.43 446 329 380 380 4 181
3 76 53 39.133 -118.51 446 329 380 380 4 181
3 76 53 39.237 -118.59 446 329 380 380 4 181
3 76 53 39.345 -118.68 448 328 380 380 4 181
3 76 53 39.488 -118.79 455 329 380 380 4 181
3 76 53 39.595 -118.87 447 328 380 380 4 181
3 76 53 39.703 -118.96 452 328 380 380 4 181
3 76 53 39.81 -119.04 453 328 380 380 4 181
3 76 53 39.894 -119.11 451 328 380 380 4 181
3 76 53 40.024 -119.21 451 329 380 380 4 181
3 76 53 40.131 -119.3 451 328 380 380 4 181
3 76 53 40.238 -119.38 452 328 380 380 4 181
3 76 53 40.347 -119.47 458 328 380 380 4 181
3 76 53 40.453 -119.56 455 328 380 380 4 181
3 76 53 40.472 -119.57 451 327 380 380 4 181
3 76 53 40.553 -119.64 448 328 380 380 4 181
3 76 53 40.682 -119.74 449 328 380 380 4 181
3 76 53 40.807 -119.84 447 328 380 380 4 181
3 76 53 40.912 -119.93 445 328 380 380 4 181
3 76 53 41.016 -120.01 443 328 380 380 3 142
3 76 53 41.119 -120.1 440 327 380 380 3 142
3 76 53 41.203 -120.17 440 328 380 380 3 142
3 76 53 41.324 -120.27 436 329 380 380 3 142
3 76 53 41.425 -120.35 434 326 380 380 3 142
3 76 53 41.529 -120.44 434 328 380 380 3 142
3 76 53 41.63 -120.52 433 329 380 380 3 142
3 76 53 41.746 -120.63 426 327 380 380 3 142
3 76 53 41.846 -120.71 423 327 380 380 3 142
3 76 53 41.948 -120.79 431 327 380 380 3 142
3 76 53 42.048 -120.88 427 328 380 380 3 142
3 76 53 42.146 -120.96 425 327 380 380 3 142
3 76 53 42.244 -121.05 421 327 380 380 3 142
3 76 53 42.343 -121.13 419 327 380 380 3 142
3 76 53 42.44 -121.22 414 327 380 380 3 142
3 76 53 42.557 -121.32 419 327 380 380 3 142
3 76 53 42.654 -121.4 415 327 380 380 3 142
3 76 53 42.752 -121.49 420 327 380 380 3 141
3 76 53 42.849 -121.57 418 327 380 380 3 141
3 76 53 42.947 -121.66 421 327 380 380 3 141
3 76 53 43.045 -121.75 423 326 380 380 3 141
3 76 53 43.118 -121.87 409 326 380 380 3 141
3 76 53 43.176 -122 402 322 380 380 3 141
3 76 53 43.247 -122.16 402 306 380 380 3 141
3 76 53 43.184 -122.28 402 235 380 380 3 141
3 76 53 43.449 -122.31 415 313 380 380 3 141
3 76 53 43.554 -122.37 415 335 380 380 3 141
3 76 53 43.659 -122.44 416 335 380 380 3 135
3 76 53 43.763 -122.51 414 335 380 380 3 135
3 76 53 43.867 -122.57 412 335 365 380 3 136
3 76 53 43.969 -122.64 404 335 342 380 3 136
3 76 53 44.071 -122.7 404 335 342 380 3 136
3 76 53 44.071 -122.7 401 335 317 380 3 136
3 76 53 44.204 -122.74 425 335 286 380 3 136
3 76 53 44.329 -122.73 449 341 261 380 3 136
3 76 53 44.569 -122.71 459 3 215 380 3 130
3 76 53 44.637 -122.71 411 3 209 380 3 130
3 76 53 44.723 -122.7 358 3 196 380 3 130
3 76 53 44.828 -122.69 371 4 180 380 3 130
3 76 53 44.921 -122.68 369 4 167 380 3 130
3 76 53 45.002 -122.67 355 3 152 380 3 130
3 76 53 45.108 -122.66 322 4 120 380 3 112
3 76 53 45.22 -122.65 307 4 91 380 3 112
3 76 53 45.296 -122.6 296 11 76 380 3 112
3 76 53 45.349 -122.55 261 32 64 380 3 112
3 76 53 45.402 -122.49 233 34 50 380 3 112
3 76 53 45.446 -122.42 223 48 40 380 3 112
3 76 53 45.495 -122.4 186 38 34 380 3 112
3 76 53 45.527 -122.45 176 321 24 380 3 112
3 76 53 45.55 -122.51 163 299 14 380 3 112
3 76 53 45.567 -122.55 127 299 7 380 3 112
3 76 53 45.582 -122.59 131 301 1 380 3 112
4 76 53 32.135 -110.97 177 313 38 380 2 77
4 76 53 32.167 -111.02 220 311 54 380 2 77
4 76 53 32.203 -111.09 239 313 77 380 2 77
4 76 53 32.205 -111.09 232 355 76 380 2 77
4 76 53 32.254 -111.19 288 300 101 380 2 77
4 76 53 32.288 -111.27 308 299 114 380 2 77
4 76 53 32.335 -111.36 334 299 138 380 2 77
4 76 53 32.405 -111.47 337 306 162 380 2 77
4 76 53 32.474 -111.55 363 316 175 380 2 60
4 76 53 32.558 -111.64 381 317 191 380 2 60
4 76 53 32.638 -111.73 387 317 205 380 2 60
4 76 53 32.715 -111.82 405 317 214 380 2 60
4 76 53 32.807 -111.92 417 316 234 380 2 60
4 76 53 32.901 -112.03 416 316 249 380 2 60
4 76 53 32.987 -112.12 425 317 261 380 2 90
4 76 53 33.084 -112.23 439 316 267 380 2 90
4 76 53 33.178 -112.34 459 316 277 380 2 90
4 76 53 33.259 -112.43 457 316 285 380 2 90
4 76 53 33.364 -112.56 461 316 296 380 2 90
4 76 53 33.466 -112.67 465 316 307 380 2 90
4 76 53 33.559 -112.78 468 315 318 380 2 90
4 76 53 33.635 -112.9 461 306 329 380 2 90
4 76 53 33.691 -113.03 455 298 341 380 2 102
4 76 53 33.778 -113.17 441 302 354 380 2 102
4 76 53 33.868 -113.27 438 317 360 380 2 89
4 76 53 33.937 -113.35 443 317 360 380 2 89
4 76 53 34.054 -113.48 462 316 360 380 2 89
4 76 53 34.157 -113.6 467 317 360 380 2 89
4 76 53 34.245 -113.7 467 314 360 380 2 89
4 76 53 34.339 -113.8 467 316 360 380 2 89
4 76 53 34.322 -113.79 463 317 360 380 2 89
4 76 53 34.439 -113.92 463 317 360 380 2 89
4 76 53 34.54 -114.04 457 316 360 380 1 42
4 76 53 34.713 -114.24 459 316 361 380 1 45
4 76 53 34.803 -114.34 455 316 369 380 1 45
4 76 53 34.894 -114.45 453 316 375 380 1 45
4 76 53 34.911 -114.47 452 316 376 380 1 45
4 76 53 35.002 -114.57 449 316 380 380 1 45
4 76 53 35.092 -114.68 449 316 380 380 1 45
4 76 53 35.183 -114.79 451 316 380 380 1 45
4 76 53 35.293 -114.91 453 316 380 380 1 44
4 76 53 35.383 -115.02 454 316 380 380 1 44
4 76 53 35.476 -115.13 454 316 380 380 1 44
4 76 53 35.567 -115.24 455 316 380 380 1 44
4 76 53 35.657 -115.35 454 316 380 380 1 47
4 76 53 35.748 -115.46 454 315 380 380 1 47
4 76 53 35.838 -115.56 454 315 380 380 1 47
4 76 53 35.929 -115.67 452 315 380 380 1 47
4 76 53 36.036 -115.8 450 315 380 380 1 47
4 76 53 36.11 -115.89 449 315 380 380 1 56
4 76 53 36.216 -116.02 449 315 380 380 1 56
4 76 53 36.305 -116.13 448 315 380 380 1 56
4 76 53 36.393 -116.24 441 315 380 380 1 56
4 76 53 36.48 -116.34 441 315 380 380 1 56
4 76 53 36.565 -116.45 440 315 380 380 1 56
4 76 53 36.652 -116.56 440 315 380 380 1 56
4 76 53 36.738 -116.67 440 314 380 380 1 56
4 76 53 36.827 -116.77 440 315 380 380 1 56
4 76 53 36.955 -116.88 449 326 380 380 1 56
4 76 53 37.06 -116.96 450 327 380 380 1 56
4 76 53 37.165 -117.05 450 325 380 380 1 56
4 76 53 37.271 -117.14 454 326 380 380 1 56
4 76 53 37.377 -117.23 455 326 380 380 4 180
4 76 53 37.481 -117.32 455 326 380 380 4 180
4 76 53 37.544 -117.37 455 325 380 380 4 180
4 76 53 37.655 -117.45 456 327 380 380 4 180
4 76 53 37.787 -117.55 457 329 380 380 4 180
4 76 53 37.941 -117.67 453 329 380 380 4 180
4 76 53 38.007 -117.72 457 328 380 380 4 180
4 76 53 38.16 -117.83 455 329 380 380 4 180
4 76 53 38.224 -117.88 455 329 380 380 4 180
4 76 53 38.333 -117.97 454 329 380 380 4 180
4 76 53 38.441 -118.05 454 329 380 380 4 180
4 76 53 38.546 -118.13 453 328 380 380 4 180
4 76 53 38.654 -118.21 454 328 380 380 4 180
4 76 53 38.761 -118.3 453 331 380 380 4 180
4 76 53 38.869 -118.38 452 328 380 380 4 180
4 76 53 38.998 -118.48 452 328 380 380 4 181
4 76 53 39.105 -118.57 452 331 380 380 4 181
4 76 53 39.146 -118.6 444 328 380 380 4 181
4 76 53 39.253 -118.68 445 328 380 380 4 181
4 76 53 39.372 -118.78 445 328 380 380 4 181
4 76 53 39.541 -118.91 450 328 380 380 4 181
4 76 53 39.644 -118.99 439 328 380 380 4 181
4 76 53 39.748 -119.08 438 328 380 380 4 181
4 76 53 39.79 -119.11 442 328 380 380 4 181
4 76 53 39.894 -119.2 441 328 380 380 4 181
4 76 53 39.998 -119.28 440 328 380 380 4 181
4 76 53 40.121 -119.38 438 328 380 380 4 181
4 76 53 40.264 -119.5 436 327 380 380 4 181
4 76 53 40.327 -119.55 438 327 380 380 4 181
4 76 53 40.429 -119.63 438 328 380 380 4 181
4 76 53 40.532 -119.72 438 327 380 380 4 181
4 76 53 40.634 -119.8 436 327 380 380 4 181
4 76 53 40.728 -119.88 436 328 380 380 4 181
4 76 53 40.83 -119.96 435 326 380 380 4 181
4 76 53 40.933 -120.05 435 329 380 380 4 181
4 76 53 41.056 -120.15 435 327 380 380 3 142
4 76 53 41.158 -120.24 436 329 380 380 3 142
4 76 53 41.26 -120.32 436 327 380 380 3 142
4 76 53 41.364 -120.41 437 327 380 380 3 142
4 76 53 41.466 -120.5 437 327 380 380 3 142
4 76 53 41.567 -120.58 433 327 380 380 3 142
4 76 53 41.667 -120.67 431 327 380 380 3 142
4 76 53 41.765 -120.75 427 327 380 380 3 142
4 76 53 41.866 -120.84 429 327 380 380 3 142
4 76 53 41.964 -120.93 428 327 380 380 3 142
4 76 53 42.066 -121.01 430 326 380 380 3 142
4 76 53 42.18 -121.06 430 342 380 380 3 142
4 76 53 42.283 -121.2 428 327 380 380 3 142
4 76 53 42.382 -121.29 427 327 380 380 3 142
4 76 53 42.495 -121.34 427 344 380 380 3 142
4 76 53 42.481 -121.38 427 332 380 380 3 142
4 76 53 42.676 -121.55 421 326 380 380 3 141
4 76 53 42.774 -121.64 422 326 380 380 3 141
4 76 53 42.871 -121.73 426 326 380 380 3 141
4 76 53 42.969 -121.82 424 326 380 380 3 141
4 76 53 43.068 -121.9 418 326 380 380 3 141
4 76 53 43.171 -121.98 424 327 380 380 3 141
4 76 53 43.287 -122.01 424 349 380 380 3 141
4 76 53 43.284 -122.07 424 336 380 380 3 141
4 76 53 43.49 -122.23 427 330 380 380 3 141
4 76 53 43.608 -122.25 427 352 380 380 3 141
4 76 53 43.591 -122.31 422 338 380 380 3 141
4 76 53 43.794 -122.47 423 330 380 380 3 135
4 76 53 43.911 -122.47 423 357 380 380 3 135
4 76 53 43.896 -122.55 423 339 380 380 3 136
4 76 53 44.017 -122.64 421 339 373 380 3 136
4 76 53 44.126 -122.72 436 339 349 380 3 136
4 76 53 44.248 -122.74 444 331 320 380 3 136
4 76 53 44.357 -122.73 451 342 292 380 3 136
4 76 53 44.505 -122.72 451 0 251 380 3 136
4 76 53 44.62 -122.71 426 4 220 380 3 130
4 76 53 44.802 -122.69 376 3 179 380 3 130
4 76 53 44.904 -122.68 362 3 157 380 3 130
4 76 53 44.991 -122.67 337 4 142 380 3 112
4 76 53 45.08 -122.66 319 4 124 380 3 112
4 76 53 45.167 -122.65 314 3 106 380 3 112
4 76 53 45.249 -122.64 301 4 87 380 3 112
4 76 53 45.319 -122.58 288 17 70 380 3 112
4 76 53 45.354 -122.54 286 30 62 380 3 112
4 76 53 45.413 -122.49 259 33 49 380 3 112
4 76 53 45.498 -122.42 199 33 31 380 3 112
4 76 53 45.531 -122.46 166 5 20 380 3 112
4 76 53 45.554 -122.52 134 301 11 380 3 112
4 76 53 45.562 -122.54 139 299 9 380 3 112
4 76 53 45.579 -122.58 130 298 2 380 3 112
4 76 53 45.596 -122.62 129 299 1 380 3 112
