1 76 69 32.113 -110.94 178.5 0 32 320 2 77
1 76 69 32.12 -110.93 217.25 275.5 117 320 2 77
1 76 69 32.173 -110.96 248.25 206.5 68.25 320 2 77
1 76 69 32.229 -111.01 271.25 238.75 85.5 320 2 77
1 76 69 32.319 -111.08 294 324.25 110.25 320 2 77
1 76 69 32.401 -111.15 312 326.5 126.5 320 2 77
1 76 69 32.452 -111.19 326.75 325.75 139 320 2 77
1 76 69 32.522 -111.24 332 326.25 153 320 2 60
1 76 69 32.614 -111.31 340.25 326.25 168.75 320 2 60
1 76 69 32.701 -111.38 350.25 326.75 185 320 2 60
1 76 69 32.8 -111.46 355.25 325.5 200.5 320 2 60
1 76 69 32.859 -111.51 359.75 326 208.25 320 2 60
1 76 69 32.944 -111.57 362.5 326 217.5 320 2 60
1 76 69 33.04 -111.65 375 326 224.75 320 2 60
1 76 69 33.12 -111.72 380 326 230.25 320 2 60
1 76 69 33.211 -111.79 388.25 326 237 320 2 60
1 76 69 33.302 -111.86 390 325.75 244.25 320 2 60
1 76 69 33.407 -111.93 395.5 326.5 252 320 2 63
1 76 69 33.493 -111.97 395.5 335.75 257.5 320 2 90
1 76 69 33.633 -111.98 398.75 349.25 265 320 2 108
1 76 69 33.739 -111.99 405.5 356 270.75 320 2 108
1 76 69 33.844 -112 405.75 356 275.5 320 2 108
1 76 69 33.96 -112.01 411 356 279.5 320 2 108
1 76 69 34.076 -112.02 413.5 355.5 283.5 320 2 108
1 76 69 34.196 -112.02 414.5 356 288 320 2 89
1 76 69 34.293 -112.03 415 356 291.25 320 2 89
1 76 69 34.413 -112.05 414.75 355.75 295.25 320 2 61
1 76 69 34.529 -112.06 414.75 356.25 299 320 2 61
1 76 69 34.638 -112.06 417 355.25 301.5 320 2 61
1 76 69 34.764 -112.07 420.25 266.75 303.5 320 2 61
1 76 69 34.89 -112.08 425.5 267 304.75 320 2 61
1 76 69 35.031 -112.09 428.25 356.25 306.25 320 2 101
1 76 69 35.134 -112.1 429.25 267.5 307 320 2 101
1 76 69 35.259 -112.11 430 311 308.25 320 2 101
1 76 69 35.386 -112.12 430.5 356.25 309.75 320 1 46
1 76 69 35.502 -112.13 429.5 357.25 310 320 1 46
1 76 69 35.604 -112.13 430 355.75 310 320 1 46
1 76 69 35.742 -112.15 433 356.25 310 320 1 46
1 76 69 35.831 -112.15 434.5 355.5 310 320 1 46
1 76 69 35.986 -112.16 437.75 355.75 310 320 1 46
1 76 69 36.086 -112.17 438 356 310 320 1 46
1 76 69 36.179 -112.18 438.25 356 310 320 1 46
1 76 69 36.324 -112.19 436.25 355.75 310 320 1 46
1 76 69 36.427 -112.2 436.75 356 310 320 1 48
1 76 69 36.543 -112.21 436.88 355.75 310 320 1 48
1 76 69 36.647 -112.22 436.31 355.75 310 320 1 48
1 76 69 36.758 -112.23 436.25 355.75 310 320 1 48
1 76 69 36.875 -112.23 436.5 355.75 310 320 1 48
1 76 69 37.014 -112.25 437 356 310 320 1 48
1 76 69 37.133 -112.26 437.25 355.75 310 320 1 48
1 76 69 37.254 -112.27 436.25 355.75 310 320 1 48
1 76 69 37.369 -112.28 435.75 356 310 320 1 48
1 76 69 37.495 -112.29 435 355.75 310 320 1 48
1 76 69 37.609 -112.3 435.5 356 310 320 5 202
1 76 69 37.748 -112.31 434.5 355 310 320 5 202
1 76 69 37.85 -112.31 434 356 309.5 300 5 202
1 76 69 37.959 -112.31 424.62 223.62 306.5 300 5 202
1 76 69 38.073 -112.3 419 92.375 304 300 5 202
1 76 69 38.19 -112.32 422.25 180 301.75 300 5 202
1 76 69 38.291 -112.31 422.75 180.5 301.75 300 5 205
1 76 69 38.381 -112.31 424 179.5 300.75 300 5 205
1 76 69 38.493 -112.31 424.25 93 300 300 5 205
1 76 69 38.606 -112.31 425 179.38 300 300 5 205
1 76 69 38.695 -112.31 422.88 181.75 300 300 5 205
1 76 69 38.821 -112.3 423.25 92.75 300 150 5 205
1 76 69 38.955 -112.28 425.75 92.75 300 170 5 205
1 76 69 39.075 -112.27 427.5 3.75 300 150 5 205
1 76 69 39.168 -112.25 429 5.75 300 150 5 205
1 76 69 39.29 -112.23 433.25 6.5 298.5 150 5 205
1 76 69 39.414 -112.21 435.5 5.75 279.25 150 5 215
1 76 69 39.534 -112.19 431.75 6 253.25 150 5 215
1 76 69 39.683 -112.17 411 6.25 215.5 150 5 215
1 76 69 39.792 -112.16 382.5 6.25 188 150 5 215
1 76 69 39.888 -112.13 354.75 8.25 172 150 5 215
1 76 69 39.996 -112.11 345 9.75 152.25 150 5 197
1 76 69 40.077 -112.09 329.5 9 145 150 5 197
1 76 69 40.169 -112.07 318.5 10 139.75 150 5 197
1 76 69 40.259 -112.05 324 12 135.75 150 5 197
1 76 69 40.35 -112.03 313.5 9.25 127 150 5 197
1 76 69 40.444 -112.02 318.5 6.75 114 150 5 197
1 76 69 40.527 -112.02 289 179.25 109.5 150 5 197
1 76 69 40.598 -112.02 267.75 180.75 105.25 150 5 197
1 76 69 40.668 -112.03 269.25 266 98.75 150 5 197
1 76 69 40.742 -112.03 242.25 355 84.75 150 5 197
1 76 69 40.775 -112.01 227.75 187.5 76 150 5 197
1 76 69 40.791 -111.99 180.75 252.25 63.5 150 5 197
1 76 69 40.804 -111.99 165 262.5 56.5 150 5 197
1 76 69 40.791 -111.98 150 265 47.75 150 5 197
1 76 69 40.791 -111.98 137.75 264.5 43 150 5 197
