0 14.342 26.95 23.283 70.359 16.548 78.102 81.093 35.245 38.453 27.266 77.981 130.67 114.25 30.885 82.101 24.727 41.15 24.252 64.59 81.503 24.957 93.367 59.869 98.89 73.273 130.71 30.726 60.449 56.704
0 0 24.043 23.384 70.286 18.972 80.896 85.022 35.479 39.381 27.266 78.644 130.52 117.16 32.992 86.428 24.727 40.943 24.171 64.674 84.463 23.244 92.723 59.969 98.831 73.864 130.43 28.694 60.139 61.211
0 0 0 26.204 71.21 34.389 78.673 81.589 42.526 38.872 33.018 78.759 130.66 114.49 36.536 82.535 25.569 40.771 11.444 64.675 81.673 25.652 80.024 43.235 105.48 74.049 130.66 27.264 60.397 60.338
0 0 0 0 70.122 28.449 80.823 83.315 34.66 25.908 28.15 79.323 129.62 115.67 29.902 83.737 25.586 30.923 24.014 64.768 82.788 24.182 96.644 52.763 102.3 74.238 129.49 30.245 60.003 58.458
0 0 0 0 0 71.89 24.477 32.347 70.524 70.1 71.97 45.41 130.43 59.989 65.308 33.364 69.648 71.217 71.713 34.127 28.013 69.762 117.27 93.135 53.913 27.63 130.71 72.095 46.794 102.7
0 0 0 0 0 0 79.342 81.806 41.852 46.242 28.001 79.423 136.91 114.96 29.279 83.044 25.488 48.751 33.894 65.576 82.012 35.103 87.838 49.424 102.48 74.162 136.69 28.879 61.272 57.695
0 0 0 0 0 0 0 39.628 80.269 80.685 79.79 29.263 130.31 42.536 69.684 39.997 77.842 78.401 79.447 46.308 24.638 78.249 130.54 102.27 41.872 23.768 130.37 90.108 62.684 106.88
0 0 0 0 0 0 0 0 82.761 85.084 82.083 62.122 130.58 70.017 63.913 22.904 80.763 81.909 82.746 36.21 35.543 80.555 99.039 85.775 64.68 29.025 130.47 97.753 37.716 97.321
0 0 0 0 0 0 0 0 0 26.219 35.544 78.779 114.51 115.38 51.654 83.03 35.956 42.051 42.511 64.145 82.46 41.51 106.86 60.332 96.328 74.267 113.96 36.77 59.806 64.771
0 0 0 0 0 0 0 0 0 0 38.531 78.85 107.41 117.43 34.85 86.366 39.331 21.332 39.458 64.866 84.922 38.679 107.79 58.554 99.64 73.864 107.22 39.207 60.203 61.084
0 0 0 0 0 0 0 0 0 0 0 79.214 130.7 114.98 29.104 82.546 15.108 41.439 32.678 65.878 82.033 32.952 92.955 60.069 99.205 74.293 130.8 29.579 61.553 57.699
0 0 0 0 0 0 0 0 0 0 0 0 103.34 51.05 74.147 62.056 77.348 78.25 79.63 73.168 33.366 77.877 147.89 114.46 31.726 48.592 103.05 82.762 83.612 112.09
0 0 0 0 0 0 0 0 0 0 0 0 0 100.38 137.73 130.42 130.49 104.07 130.36 161.3 130.67 130.74 133.96 130.65 106.88 140.26 38.534 130.45 130.36 130.97
0 0 0 0 0 0 0 0 0 0 0 0 0 0 98.29 69.832 113.56 114.25 114.81 82.348 44.476 114.02 153.89 118.71 65.088 58.448 118.22 128.57 90.431 113.65
0 0 0 0 0 0 0 0 0 0 0 0 0 0 0 64.228 29.472 40.412 36.373 61.052 68.305 35.971 94.302 52.027 100.31 65.272 137.53 34.014 56.176 53.29
0 0 0 0 0 0 0 0 0 0 0 0 0 0 0 0 81.508 82.584 83.667 37.648 36.017 82.127 99.298 86.812 65.712 29.227 130.53 97.819 39.154 97.265
0 0 0 0 0 0 0 0 0 0 0 0 0 0 0 0 0 41.63 25.665 63.768 80.698 24.554 92.797 61.171 95.519 72.718 130.33 29.514 59.428 56.302
0 0 0 0 0 0 0 0 0 0 0 0 0 0 0 0 0 0 41.434 65.371 81.574 40.664 109.06 59.542 99.153 73.376 104.26 41.841 59.929 60.053
0 0 0 0 0 0 0 0 0 0 0 0 0 0 0 0 0 0 0 65.826 82.103 23.544 79.676 43.279 105.59 74.417 130.58 25.023 61.579 59.964
0 0 0 0 0 0 0 0 0 0 0 0 0 0 0 0 0 0 0 0 41.264 64.055 100.09 82.678 70.08 26.05 161.4 65.519 34.24 97.268
0 0 0 0 0 0 0 0 0 0 0 0 0 0 0 0 0 0 0 0 0 81.066 126.53 100.27 44.141 26.397 130.65 96.146 59.132 105.83
0 0 0 0 0 0 0 0 0 0 0 0 0 0 0 0 0 0 0 0 0 0 92.732 61.013 95.826 72.563 130.51 27.367 59.825 60.219
0 0 0 0 0 0 0 0 0 0 0 0 0 0 0 0 0 0 0 0 0 0 0 82.467 149.45 116.8 133.56 80.287 76.185 96.327
0 0 0 0 0 0 0 0 0 0 0 0 0 0 0 0 0 0 0 0 0 0 0 0 142.76 93.049 130.63 43.499 65.852 76.391
0 0 0 0 0 0 0 0 0 0 0 0 0 0 0 0 0 0 0 0 0 0 0 0 0 51.689 106.39 105.85 81.353 131.93
0 0 0 0 0 0 0 0 0 0 0 0 0 0 0 0 0 0 0 0 0 0 0 0 0 0 140.21 78.64 46.791 102.51
0 0 0 0 0 0 0 0 0 0 0 0 0 0 0 0 0 0 0 0 0 0 0 0 0 0 0 130.45 130.83 130.58
0 0 0 0 0 0 0 0 0 0 0 0 0 0 0 0 0 0 0 0 0 0 0 0 0 0 0 0 62.422 70.868
0 0 0 0 0 0 0 0 0 0 0 0 0 0 0 0 0 0 0 0 0 0 0 0 0 0 0 0 0 91.261
0 0 0 0 0 0 0 0 0 0 0 0 0 0 0 0 0 0 0 0 0 0 0 0 0 0 0 0 0 0
