0 24.532 36.556 22.681 24.266 37.472 20.289 22.399 41.053 22.536 23.021 49.122 39.317 22.849 47.264 26.173 24.933 24.48 22.669 27.668 21.285 43.414 22.851
0 0 25.68 14.472 13.957 28.36 25.359 25.56 33.583 11.969 12.743 36.392 32.364 13.342 33.251 14.08 13.924 14.164 16.015 14.368 22.859 32.769 12.497
0 0 0 25.443 25.681 15.267 25.119 25.726 18.576 24.801 25.172 20.518 17.26 25.498 19.85 23.298 24.059 25.454 24.425 29.164 23.353 16.743 24.836
0 0 0 0 24.748 28.396 20.971 22.522 33.459 12.392 13.684 36.348 32.252 11.126 33.609 13.593 13.517 14.164 12.482 16.738 22.597 32.791 15.568
0 0 0 0 0 28.337 25.071 25.507 33.793 21.702 25.436 36.47 32.534 23.171 32.775 24.58 23.596 21.643 23.603 15.766 21.987 32.762 16.343
0 0 0 0 0 0 27.912 28.348 16.501 27.739 28.437 17.672 15.123 28.389 14.801 26.686 27.075 29.431 28.558 30.32 27.219 14.472 27.459
0 0 0 0 0 0 0 15.18 33.974 21.078 23.851 36.128 32.838 22.426 33.26 23.288 25.771 25.328 21.697 28.391 21.802 32.211 23.673
0 0 0 0 0 0 0 0 34.087 23.715 24.388 36.598 32.779 24.178 32.866 24.368 24.933 25.049 22.461 29.215 22.748 32.787 24.155
0 0 0 0 0 0 0 0 0 34.227 33.33 17.56 16.788 33.462 18.27 32.804 33.491 34.012 33.708 33.794 33.669 15.841 33.206
0 0 0 0 0 0 0 0 0 0 10.816 35.769 32.244 12.594 33.506 13.807 12.948 13.368 12.266 13.784 22.376 32.282 12.296
0 0 0 0 0 0 0 0 0 0 0 36.32 32.17 9.3904 32.775 11.578 11.782 13.497 15.137 14.588 22.389 32.819 17.496
0 0 0 0 0 0 0 0 0 0 0 0 25.975 36.354 13.711 34.281 35.012 37.176 36.579 41.632 35.048 13.649 35.706
0 0 0 0 0 0 0 0 0 0 0 0 0 32.27 21.845 31.462 32.279 32.913 32.744 33.377 32.53 18.988 31.892
0 0 0 0 0 0 0 0 0 0 0 0 0 0 32.76 12.72 13.468 14.849 18.036 14.778 22.732 32.786 13.979
0 0 0 0 0 0 0 0 0 0 0 0 0 0 0 33.111 33.027 33.712 33.988 39.754 33.127 12.701 32.797
0 0 0 0 0 0 0 0 0 0 0 0 0 0 0 0 12.894 12.802 12.501 19.644 22.425 31.883 16.279
0 0 0 0 0 0 0 0 0 0 0 0 0 0 0 0 0 12.522 14.023 16.079 21.95 31.924 15.816
0 0 0 0 0 0 0 0 0 0 0 0 0 0 0 0 0 0 12.72 14.55 22.346 33.451 13.632
0 0 0 0 0 0 0 0 0 0 0 0 0 0 0 0 0 0 0 15.459 22.837 32.727 14.361
0 0 0 0 0 0 0 0 0 0 0 0 0 0 0 0 0 0 0 0 23.353 36.591 12.634
0 0 0 0 0 0 0 0 0 0 0 0 0 0 0 0 0 0 0 0 0 31.983 21.876
0 0 0 0 0 0 0 0 0 0 0 0 0 0 0 0 0 0 0 0 0 0 31.898
0 0 0 0 0 0 0 0 0 0 0 0 0 0 0 0 0 0 0 0 0 0 0
