0 87.675 71.967 83.703 20.966 70.328 114.58 102.53 15.387 74.784 415.48 85.105 69.128
0 0 25.757 124.18 96.847 30.279 198.95 27.28 87.545 24.969 416.18 25.76 28.006
0 0 0 118.33 82.247 10.829 184.54 34.403 72.183 15.941 414.91 19.648 26.97
0 0 0 0 72.552 117.72 107.04 129.61 92.87 127.6 416.39 125.71 124.09
0 0 0 0 0 80.921 102.32 110.6 25.537 86.044 418.49 92.257 82.197
0 0 0 0 0 0 182.76 36.172 69.962 16.107 415.19 21.602 31.419
0 0 0 0 0 0 0 212.65 114.24 187.64 419.9 194.52 182.67
0 0 0 0 0 0 0 0 102.21 32.824 412.46 21.46 43.182
0 0 0 0 0 0 0 0 0 74.557 413.94 85.043 70.242
0 0 0 0 0 0 0 0 0 0 417.66 18.632 26.553
0 0 0 0 0 0 0 0 0 0 0 417.5 418.94
0 0 0 0 0 0 0 0 0 0 0 0 27.811
0 0 0 0 0 0 0 0 0 0 0 0 0
