0 17.439 16.4 18.946 17.683 13.939 23.526 17.77 24.992 16.76 18.461 20.391 17.709 12.377 24.815 12.749 15.912 17.527 15.993 17.849 24.052 16.81 24.176 19.486 19.799 26.215
0 0 19.986 16.665 9.2399 18.744 16.382 16.906 18.105 16.957 13.938 19.876 12.272 18.278 15.835 23.359 22.48 17.169 19.696 30.027 15.523 13.605 16.376 17.953 18.025 17.572
0 0 0 29.384 18.851 19.985 24.905 20.703 24.804 17.102 19.91 15.77 20.159 15.574 26.438 16.46 16.132 19.579 10.94 25.666 24.199 19.452 26.007 19.91 16.478 29.305
0 0 0 0 19.979 19.65 17.899 18.034 20.662 20.131 15.748 20.588 13.913 22.941 15.89 24.617 23.382 19.118 28.544 29.164 15.431 16.03 14.955 19.118 20.896 19.39
0 0 0 0 0 17.62 15.622 16.047 17.823 15.893 15.638 17.876 11.369 16.619 15.099 21.906 20.636 16.143 17.86 30.345 14.856 11.236 14.539 17.439 21.1 17.055
0 0 0 0 0 0 24.392 18.124 25.612 16.373 19.083 20.503 17.797 16.549 25.448 10.834 17.664 17.002 17.238 18.13 23.638 17.238 24.688 19.98 19.592 26.734
0 0 0 0 0 0 0 14.113 13.345 17.506 17.085 24.736 15.768 24.759 15.622 29.521 28.423 13.537 25.626 22.838 18.75 16.521 15.622 15.113 24.426 14.383
0 0 0 0 0 0 0 0 16.705 13.839 16.617 19.482 16.263 17.77 16.125 22.601 22.03 11.48 19.753 29.841 19.608 15.708 15.708 10.675 20.82 13.586
0 0 0 0 0 0 0 0 0 18.36 17.369 25.87 19.296 26.238 17.823 29.663 28.678 15.884 25.639 25.022 20.022 17.2 19.163 16.944 25.922 13.736
0 0 0 0 0 0 0 0 0 0 15.984 19.148 16.08 17.007 17.503 21.538 20.424 13.374 17.341 29.666 17.567 16.003 19.802 13.804 17.704 21.232
0 0 0 0 0 0 0 0 0 0 0 18.888 10.91 18.836 17.487 24.037 22.367 17.209 18.903 31.808 15.572 12.05 16.453 19.276 19.586 17.104
0 0 0 0 0 0 0 0 0 0 0 0 17.59 20.484 24.893 18.591 10.012 20.583 15.789 21.098 24.234 18.43 24.867 20.583 11.355 26.48
0 0 0 0 0 0 0 0 0 0 0 0 0 18.109 15.312 22.557 21.982 16.337 19.989 29.659 14.364 13.244 15.275 17.399 20.745 16.413
0 0 0 0 0 0 0 0 0 0 0 0 0 0 25.047 15.452 16.459 17.921 15.141 19.723 24.131 17.726 24.287 18.557 20.845 26.553
0 0 0 0 0 0 0 0 0 0 0 0 0 0 0 29.848 28.86 16.143 25.336 23.746 11.166 14.765 13.015 17.439 24.5 16.974
0 0 0 0 0 0 0 0 0 0 0 0 0 0 0 0 15.999 22.002 16.143 21.926 29.123 23.802 29.602 23.022 16.046 30.862
0 0 0 0 0 0 0 0 0 0 0 0 0 0 0 0 0 21.39 14.885 22 28.44 21.652 28.349 20.898 13.845 30.049
0 0 0 0 0 0 0 0 0 0 0 0 0 0 0 0 0 0 19.328 29.122 19.91 16.299 16.792 15.137 20.583 15.056
0 0 0 0 0 0 0 0 0 0 0 0 0 0 0 0 0 0 0 23.561 25.531 18.561 26.143 18.782 15.75 28.759
0 0 0 0 0 0 0 0 0 0 0 0 0 0 0 0 0 0 0 0 22.747 29.04 23.803 30.446 19.252 24.786
0 0 0 0 0 0 0 0 0 0 0 0 0 0 0 0 0 0 0 0 0 15.081 13.582 18.925 24.435 20.391
0 0 0 0 0 0 0 0 0 0 0 0 0 0 0 0 0 0 0 0 0 0 15.231 16.9 18.781 19.117
0 0 0 0 0 0 0 0 0 0 0 0 0 0 0 0 0 0 0 0 0 0 0 16.9 24.315 17.055
0 0 0 0 0 0 0 0 0 0 0 0 0 0 0 0 0 0 0 0 0 0 0 0 19.486 16.302
0 0 0 0 0 0 0 0 0 0 0 0 0 0 0 0 0 0 0 0 0 0 0 0 0 26.607
0 0 0 0 0 0 0 0 0 0 0 0 0 0 0 0 0 0 0 0 0 0 0 0 0 0
