0 17.439 38.607 16.4 18.946 17.683 37.43 36.956 35.194 33.433 38.14 35.733 13.939 23.526 17.77 24.992 16.76 18.461 20.391 17.709 40.481 12.377 24.815 12.749 15.912 17.527 45.193 15.993 56.544 38.615 17.849 24.052 16.81 24.176 19.486 65.146 59.203 19.799 41.756 26.215
0 0 38.921 19.986 16.665 9.2399 35.016 34.524 32.815 30.863 35.195 33.257 18.744 16.382 16.906 18.105 16.957 13.938 19.876 12.272 38.998 18.278 15.835 23.359 22.48 17.169 45.774 19.696 52.68 36.17 30.027 15.523 13.605 16.376 17.953 62.181 56.687 18.025 37.748 17.572
0 0 0 52.848 23.809 41.597 33.176 41.437 30.973 37.185 35.113 42.771 38.864 38.313 36.558 35.405 40.951 37.982 42.662 37.537 19.838 45.795 34.635 44.064 44.261 38.101 24.266 51.377 41.027 21.62 32.217 35.696 38.018 34.849 38.374 49.157 44.013 38.082 26.881 32.989
0 0 0 0 29.384 18.851 36.364 35.874 34.16 32.762 38.058 34.761 19.985 24.905 20.703 24.804 17.102 19.91 15.77 20.159 53.726 15.574 26.438 16.46 16.132 19.579 59.62 10.94 65.12 50.157 25.666 24.199 19.452 26.007 19.91 76.299 70.596 16.478 50.314 29.305
0 0 0 0 0 19.979 33.96 33.489 31.72 29.999 34.909 32.275 19.65 17.899 18.034 20.662 20.131 15.748 20.588 13.913 26.305 22.941 15.89 24.617 23.382 19.118 30.384 28.544 41.129 23.588 29.164 15.431 16.03 14.955 19.118 49.687 44.508 20.896 26.799 19.39
0 0 0 0 0 0 32.955 32.211 30.192 28.188 32.478 30.774 17.62 15.622 16.047 17.823 15.893 15.638 17.876 11.369 39.717 16.619 15.099 21.906 20.636 16.143 48.375 17.86 51.896 36.09 30.345 14.856 11.236 14.539 17.439 62.595 56.859 21.1 36.946 17.055
0 0 0 0 0 0 0 19.434 20.218 14.202 22.901 18.986 32.882 30.283 34.772 31.09 32.186 37.281 31.818 29.895 30.126 32.546 33.459 31.09 36.742 33.465 37.471 37.067 41.069 29.118 33.567 34.162 30.565 30.75 32.686 49.781 45.39 34.847 37.886 32.151
0 0 0 0 0 0 0 0 19.44 20.053 24.577 16.138 32.393 29.791 34.34 30.092 31.725 36.814 31.341 29.389 43.433 31.622 32.982 29.891 36.264 32.634 48.344 36.61 57.897 41.191 32.719 33.667 29.201 30.271 32.198 66.889 61.772 34.378 43.682 31.041
0 0 0 0 0 0 0 0 0 16.707 23.177 20.61 30.676 28.086 32.491 28.293 29.93 35.032 29.586 27.482 26.703 29.59 31.228 28.136 34.513 30.606 31.999 34.807 41.706 25.099 30.689 31.966 27.146 28.522 30.479 49.703 44.428 32.601 35.615 29.006
0 0 0 0 0 0 0 0 0 0 22.793 18.187 28.755 26.134 31.188 26.723 28.334 33.361 27.82 25.593 37.161 27.554 29.449 26.372 32.71 28.577 43.665 33.235 47.908 34.596 28.985 29.98 25.048 26.732 28.568 59.18 54.714 30.912 34.16 27.482
0 0 0 0 0 0 0 0 0 0 0 24.818 33.244 30.88 36.538 32.081 33.575 38.276 32.714 29.767 35.895 31.875 34.247 31.332 37.342 33.638 41.702 38.369 45.5 32.227 32.975 34.251 29.708 31.616 33.092 57.974 52.595 35.863 39.517 32.906
0 0 0 0 0 0 0 0 0 0 0 0 31.131 28.522 33.235 28.914 30.541 35.614 30.116 28.037 44.762 30.182 31.754 28.665 35.031 31.195 49.422 35.435 58.766 42.134 31.279 32.391 27.755 29.039 30.939 67.686 62.592 33.172 44.3 29.648
0 0 0 0 0 0 0 0 0 0 0 0 0 24.392 18.124 25.612 16.373 19.083 20.503 17.797 40.48 16.549 25.448 10.834 17.664 17.002 45.827 17.238 57.104 38.705 18.13 23.638 17.238 24.688 19.98 65.15 59.239 19.592 42.585 26.734
0 0 0 0 0 0 0 0 0 0 0 0 0 0 14.113 13.345 17.506 17.085 24.736 15.768 36.242 24.759 15.622 29.521 28.423 13.537 45.01 25.626 45.124 31.881 22.838 18.75 16.521 15.622 15.113 57.442 52.394 24.426 30.994 14.383
0 0 0 0 0 0 0 0 0 0 0 0 0 0 0 16.705 13.839 16.617 19.482 16.263 36.203 17.77 16.125 22.601 22.03 11.48 42.961 19.753 47.921 33.571 29.841 19.608 15.708 15.708 10.675 59.127 54.121 20.82 32.914 13.586
0 0 0 0 0 0 0 0 0 0 0 0 0 0 0 0 18.36 17.369 25.87 19.296 35.341 26.238 17.823 29.663 28.678 15.884 41.893 25.639 45.831 31.736 25.022 20.022 17.2 19.163 16.944 58.435 52.318 25.922 30.82 13.736
0 0 0 0 0 0 0 0 0 0 0 0 0 0 0 0 0 15.984 19.148 16.08 41.588 17.007 17.503 21.538 20.424 13.374 48.004 17.341 54.601 38.769 29.666 17.567 16.003 19.802 13.804 64.25 59.015 17.704 39.992 21.232
0 0 0 0 0 0 0 0 0 0 0 0 0 0 0 0 0 0 18.888 10.91 38.756 18.836 17.487 24.037 22.367 17.209 44.91 18.903 50.516 35.192 31.808 15.572 12.05 16.453 19.276 61.686 55.764 19.586 35.761 17.104
0 0 0 0 0 0 0 0 0 0 0 0 0 0 0 0 0 0 0 17.59 44.898 20.484 24.893 18.591 10.012 20.583 49.353 15.789 59.929 42.105 21.098 24.234 18.43 24.867 20.583 68.078 62.709 11.355 45.194 26.48
0 0 0 0 0 0 0 0 0 0 0 0 0 0 0 0 0 0 0 0 38.621 18.109 15.312 22.557 21.982 16.337 44.196 19.989 50.235 35.422 29.659 14.364 13.244 15.275 17.399 61.29 55.894 20.745 35.868 16.413
0 0 0 0 0 0 0 0 0 0 0 0 0 0 0 0 0 0 0 0 0 44.201 36.858 46.572 45.621 38.734 31.27 51.651 45.623 16.141 31.051 36.147 39.211 35.361 39.175 35.811 33.55 40.459 30.751 32.1
0 0 0 0 0 0 0 0 0 0 0 0 0 0 0 0 0 0 0 0 0 0 25.047 15.452 16.459 17.921 52.573 15.141 57.041 39.962 19.723 24.131 17.726 24.287 18.557 66.024 60.347 20.845 42.673 26.553
0 0 0 0 0 0 0 0 0 0 0 0 0 0 0 0 0 0 0 0 0 0 0 29.848 28.86 16.143 41.441 25.336 44.512 31.403 23.746 11.166 14.765 13.015 17.439 57.042 51.754 24.5 29.785 16.974
0 0 0 0 0 0 0 0 0 0 0 0 0 0 0 0 0 0 0 0 0 0 0 0 15.999 22.002 50.92 16.143 62.371 44.728 21.926 29.123 23.802 29.602 23.022 70.246 64.963 16.046 47.664 30.862
0 0 0 0 0 0 0 0 0 0 0 0 0 0 0 0 0 0 0 0 0 0 0 0 0 21.39 50.74 14.885 61.321 43.742 22 28.44 21.652 28.349 20.898 70.41 64.325 13.845 46.845 30.049
0 0 0 0 0 0 0 0 0 0 0 0 0 0 0 0 0 0 0 0 0 0 0 0 0 0 44.569 19.328 51.078 36.67 29.122 19.91 16.299 16.792 15.137 60.933 56.345 20.583 36.334 15.056
0 0 0 0 0 0 0 0 0 0 0 0 0 0 0 0 0 0 0 0 0 0 0 0 0 0 0 57.819 49.08 25.826 38.332 42.093 44.996 41.544 45.046 37.94 34.627 45.09 35.57 39.14
0 0 0 0 0 0 0 0 0 0 0 0 0 0 0 0 0 0 0 0 0 0 0 0 0 0 0 0 62.067 48.037 23.561 25.531 18.561 26.143 18.782 73.747 68.622 15.75 47.148 28.759
0 0 0 0 0 0 0 0 0 0 0 0 0 0 0 0 0 0 0 0 0 0 0 0 0 0 0 0 0 41.335 41.21 46.358 51.519 45.351 51.362 41.443 41.067 56.199 18.966 40.03
0 0 0 0 0 0 0 0 0 0 0 0 0 0 0 0 0 0 0 0 0 0 0 0 0 0 0 0 0 0 29.425 32.189 35.977 31.594 36.137 28.097 24.873 38.769 26.554 28.343
0 0 0 0 0 0 0 0 0 0 0 0 0 0 0 0 0 0 0 0 0 0 0 0 0 0 0 0 0 0 0 22.747 29.04 23.803 30.446 51.835 47.2 19.252 30.088 24.786
0 0 0 0 0 0 0 0 0 0 0 0 0 0 0 0 0 0 0 0 0 0 0 0 0 0 0 0 0 0 0 0 15.081 13.582 18.925 58.344 52.572 24.435 31.54 20.391
0 0 0 0 0 0 0 0 0 0 0 0 0 0 0 0 0 0 0 0 0 0 0 0 0 0 0 0 0 0 0 0 0 15.231 16.9 61.703 56.481 18.781 36.685 19.117
0 0 0 0 0 0 0 0 0 0 0 0 0 0 0 0 0 0 0 0 0 0 0 0 0 0 0 0 0 0 0 0 0 0 16.9 56.543 51.511 24.315 31.824 17.055
0 0 0 0 0 0 0 0 0 0 0 0 0 0 0 0 0 0 0 0 0 0 0 0 0 0 0 0 0 0 0 0 0 0 0 61.685 56.357 19.486 36.611 16.302
0 0 0 0 0 0 0 0 0 0 0 0 0 0 0 0 0 0 0 0 0 0 0 0 0 0 0 0 0 0 0 0 0 0 0 0 10.831 65.112 39.56 52.366
0 0 0 0 0 0 0 0 0 0 0 0 0 0 0 0 0 0 0 0 0 0 0 0 0 0 0 0 0 0 0 0 0 0 0 0 0 59.308 35.935 47.956
0 0 0 0 0 0 0 0 0 0 0 0 0 0 0 0 0 0 0 0 0 0 0 0 0 0 0 0 0 0 0 0 0 0 0 0 0 0 41.784 26.607
0 0 0 0 0 0 0 0 0 0 0 0 0 0 0 0 0 0 0 0 0 0 0 0 0 0 0 0 0 0 0 0 0 0 0 0 0 0 0 25.661
0 0 0 0 0 0 0 0 0 0 0 0 0 0 0 0 0 0 0 0 0 0 0 0 0 0 0 0 0 0 0 0 0 0 0 0 0 0 0 0
