0 29.399 15.7 13.719 34.47 29.65 28.416 13.77 32.288 26.868 22.799 14.688 17.407 27.988 26.682 21.673 30.505 29.272 33.762 81.465 27.868 28.209 22.441 29.072 28.402 27.531 26.144 23.596 24.426 31.874 27.643
0 0 31.082 19.352 15.945 12.583 15.236 25.585 10.729 12.296 16.245 25.349 20.222 13.897 14.825 15.545 15.193 15.64 19.814 82.296 14.795 15.544 14.445 14.141 15.609 15.139 14.005 15.03 15.369 14.495 15.435
0 0 0 12.458 34.959 30.396 31.018 13.212 33.378 28.535 29.809 15.064 12.486 29.771 28.216 25.675 31.832 30.52 35.247 93.133 28.991 29.942 23.578 30.485 29.753 28.794 27.788 25.255 25.904 33.256 29.006
0 0 0 0 25.501 18.3 23.591 9.1551 23.622 16.86 18.469 13.458 11.656 17.668 16.619 18.015 23.044 18.894 23.441 84.903 16.767 18.358 14.582 18.624 17.705 17.565 16.455 14.061 14.252 26.209 17.09
0 0 0 0 0 12.18 12.254 29.06 15.918 18.737 29.739 31.756 25.184 15.728 11.278 25.606 24.887 11.8 16.225 93.156 9.6198 9.2756 16.762 13.458 10.587 15.17 15.69 14.6 11.422 14.607 13.552
0 0 0 0 0 0 11.615 24.826 13.974 14.252 23.076 24.186 19.532 14.073 13.56 21.451 23.081 12.054 15.973 87.284 11.691 12.075 11.942 13.501 11.987 11.967 13.19 12.029 11.131 10.431 10.157
0 0 0 0 0 0 0 23.591 16.322 19.227 29.145 26.544 24.427 15.608 12.37 25.086 25.122 12.292 17.105 93.108 7.8001 8.4434 11.642 12.37 13.234 15.846 15.207 13.062 10.924 15.109 13.098
0 0 0 0 0 0 0 0 29.353 24.42 18.478 13.451 12.984 25.122 23.596 19.44 27.537 26.61 30.554 83.438 24.167 25.494 14.582 26.384 25.205 25.462 23.18 21.12 22.069 29.439 23.917
0 0 0 0 0 0 0 0 0 11.355 16.746 28.092 24.461 9.7218 16.419 14.521 16.65 15.661 17.171 81.653 16.387 16.558 14.955 16.294 16.116 10.786 9.4257 16.419 15.726 15.786 8.4606
0 0 0 0 0 0 0 0 0 0 12.169 23.223 19.416 9.0448 19.681 11.707 12.706 18.437 18.601 78.574 19.444 19.369 12.146 19.345 19.005 12.146 10.368 18.626 18.605 18.18 10.726
0 0 0 0 0 0 0 0 0 0 0 21.111 29.221 14.662 28.956 14.42 12.155 28.986 29.648 69.64 29.326 29.489 18.109 29.289 29.78 15.309 15.46 29.055 29.746 29.869 17.325
0 0 0 0 0 0 0 0 0 0 0 0 15.224 24.254 23.7 17.989 26.808 25.436 30.178 82.427 23.538 24.401 20.5 25.659 24.112 24.013 23 21.119 21.208 28.314 24.113
0 0 0 0 0 0 0 0 0 0 0 0 0 18.35 16.818 25.179 25.012 19.891 23.884 94.765 17.533 19.218 15.455 19.374 18.573 17.654 16.121 13.591 14.712 27.089 17.972
0 0 0 0 0 0 0 0 0 0 0 0 0 0 15.419 14.371 16.471 15.396 16.422 81.948 15.181 15.388 11.187 15.984 15.687 9.9466 7.0622 15.497 15.993 16.324 10.5
0 0 0 0 0 0 0 0 0 0 0 0 0 0 0 25.666 25.708 12.943 21.288 93.239 12.176 16.587 12.431 15.109 15.651 15.3 15.654 13.395 12.379 15.957 13.684
0 0 0 0 0 0 0 0 0 0 0 0 0 0 0 0 13.023 24.889 25.695 73.278 25.225 25.407 17.298 25.184 25.645 15.36 15.65 24.926 25.627 25.886 17.332
0 0 0 0 0 0 0 0 0 0 0 0 0 0 0 0 0 23.962 25.571 74.22 24.828 25.077 20.151 24.952 24.999 17.97 17.97 24.891 24.789 24.865 17.374
0 0 0 0 0 0 0 0 0 0 0 0 0 0 0 0 0 0 16.128 93.135 9.1655 12.357 13.697 11.508 12.682 16.77 14.887 12.226 12.131 12.129 14.446
0 0 0 0 0 0 0 0 0 0 0 0 0 0 0 0 0 0 0 93.336 14.867 15.58 16.712 16.823 14.557 17.65 17.329 15.529 17.401 14.73 17.849
0 0 0 0 0 0 0 0 0 0 0 0 0 0 0 0 0 0 0 0 93.912 93.13 84.275 93.239 93.102 82.146 81.98 93.181 93.16 93.111 83.655
0 0 0 0 0 0 0 0 0 0 0 0 0 0 0 0 0 0 0 0 0 11.009 11.556 13.465 13.062 15.084 15.682 12.194 7.7927 10.696 13.682
0 0 0 0 0 0 0 0 0 0 0 0 0 0 0 0 0 0 0 0 0 0 13.325 12.903 10.576 15.084 15.22 13.22 11.315 11.054 13.682
0 0 0 0 0 0 0 0 0 0 0 0 0 0 0 0 0 0 0 0 0 0 0 12.943 13.013 11.389 9.3756 11.915 12.65 15.027 9.5971
0 0 0 0 0 0 0 0 0 0 0 0 0 0 0 0 0 0 0 0 0 0 0 0 10.702 14.986 15.504 11.905 14.123 10.591 14.233
0 0 0 0 0 0 0 0 0 0 0 0 0 0 0 0 0 0 0 0 0 0 0 0 0 16.187 16.037 14.716 11.688 13.244 14.409
0 0 0 0 0 0 0 0 0 0 0 0 0 0 0 0 0 0 0 0 0 0 0 0 0 0 7.904 15.247 15.547 16.533 9.7843
0 0 0 0 0 0 0 0 0 0 0 0 0 0 0 0 0 0 0 0 0 0 0 0 0 0 0 15.796 15.729 14.889 6.1056
0 0 0 0 0 0 0 0 0 0 0 0 0 0 0 0 0 0 0 0 0 0 0 0 0 0 0 0 11.136 16.036 13.626
0 0 0 0 0 0 0 0 0 0 0 0 0 0 0 0 0 0 0 0 0 0 0 0 0 0 0 0 0 13.858 13.284
0 0 0 0 0 0 0 0 0 0 0 0 0 0 0 0 0 0 0 0 0 0 0 0 0 0 0 0 0 0 13.286
0 0 0 0 0 0 0 0 0 0 0 0 0 0 0 0 0 0 0 0 0 0 0 0 0 0 0 0 0 0 0
