0 24.172 85.761 157.77 34.9 19.124 18.168 156.92 17.345 17.809 19.885
0 0 85.537 155.66 29.663 23.29 23.965 155.05 24.392 24.143 23.581
0 0 0 96.629 83.902 85.892 84.532 97.098 85.761 85.693 85.729
0 0 0 0 151.15 160.83 161.59 13.021 161.09 160.73 160.74
0 0 0 0 0 45.505 45.165 149.88 44.592 45.747 45.191
0 0 0 0 0 0 24.596 159.84 19.969 15.096 13.898
0 0 0 0 0 0 0 160.45 13.851 22.932 18.664
0 0 0 0 0 0 0 0 160.24 159.83 159.61
0 0 0 0 0 0 0 0 0 20.092 13.198
0 0 0 0 0 0 0 0 0 0 14.604
0 0 0 0 0 0 0 0 0 0 0
