2 77 33 34.18 -118.49 171 0 210 210 2014 7 1 2 45 6 1 32
2 77 33 34.148 -118.45 200 177 39 210 2014 7 1 2 46 6 1 8
2 77 33 34.169 -118.38 205 149 61 210 2014 7 1 2 47 16 1 8
2 77 33 34.229 -118.36 224 96 77 210 2014 7 1 2 48 6 1 8
2 77 33 34.294 -118.36 231 39 93 210 2014 7 1 2 49 6 1 8
2 77 33 34.364 -118.35 246 10 107 210 2014 7 1 2 50 6 1 8
2 77 33 34.438 -118.34 259 6 121 210 2014 7 1 2 51 6 1 8
2 77 33 34.496 -118.28 276 26 133 210 2014 7 1 2 52 6 1 32
2 77 33 34.545 -118.2 290 22 143 210 2014 7 1 2 53 6 1 22
2 77 33 34.599 -118.12 295 45 157 210 2014 7 1 2 54 6 1 22
2 77 33 34.636 -118.03 298 52 168 210 2014 7 1 2 55 6 1 22
2 77 33 34.646 -117.93 300 57 179 210 2014 7 1 2 56 6 1 22
2 77 33 34.657 -117.83 304 73 190 210 2014 7 1 2 57 6 1 22
2 77 33 34.679 -117.7 313 79 203 210 2014 7 1 2 58 6 1 22
2 77 33 34.705 -117.6 313 79 210 210 2014 7 1 2 59 6 1 22
2 77 33 34.733 -117.49 340 75 210 210 2014 7 1 3 0 6 1 22
2 77 33 34.761 -117.38 348 72 210 210 2014 7 1 3 1 6 1 22
2 77 33 34.79 -117.27 351 72 210 210 2014 7 1 3 2 6 1 22
2 77 33 34.818 -117.15 353 72 210 190 2014 7 1 3 3 16 1 22
2 77 33 34.847 -117.04 353 72 210 190 2014 7 1 3 4 6 1 22
2 77 33 34.884 -116.89 374 72 196 190 2014 7 1 3 5 6 1 22
2 77 33 34.914 -116.77 374 72 196 190 2014 7 1 3 6 6 1 22
2 77 33 34.915 -116.77 379 72 190 190 2014 7 1 3 7 6 1 22
2 77 33 34.984 -116.55 353 72 190 190 2014 7 1 3 8 6 1 22
2 77 33 35.054 -116.46 353 45 190 190 2014 7 1 3 9 15 1 22
2 77 33 35.053 -116.46 354 60 190 190 2014 7 1 3 10 6 1 22
2 77 33 35.135 -116.36 354 54 190 190 2014 7 1 3 11 6 1 31
2 77 33 35.203 -116.28 353 45 188 190 2014 7 1 3 12 6 1 31
2 77 33 35.269 -116.19 350 45 178 190 2014 7 1 3 13 16 1 31
2 77 33 35.329 -116.11 336 45 170 190 2014 7 1 3 14 6 1 31
2 77 33 35.416 -116.01 332 46 161 190 2014 7 1 3 15 6 1 31
2 77 33 35.512 -115.89 321 46 146 190 2014 7 1 3 16 6 1 31
2 77 33 35.56 -115.82 318 46 140 190 2014 7 1 3 17 6 1 31
2 77 33 35.572 -115.77 318 50 136 190 2014 7 1 3 18 6 1 31
2 77 33 35.61 -115.67 317 65 128 190 2014 7 1 3 19 6 1 31
2 77 33 35.68 -115.51 313 64 115 190 2014 7 1 3 20 6 1 3
2 77 33 35.695 -115.49 317 62 112 190 2014 7 1 3 21 6 1 3
2 77 33 35.757 -115.45 279 34 100 190 2014 7 1 3 22 6 1 3
2 77 33 35.843 -115.39 279 26 84 190 2014 7 1 3 23 6 1 3
2 77 33 35.908 -115.34 273 31 68 190 2014 7 1 3 24 6 1 3
2 77 33 35.973 -115.3 253 29 55 190 2014 7 1 3 25 6 1 3
2 77 33 36.023 -115.26 210 27 46 190 2014 7 1 3 26 6 1 3
2 77 33 36.065 -115.24 175 28 37 190 2014 7 1 3 27 6 1 3
2 77 33 36.073 -115.19 146 44 26 190 2014 7 1 3 28 6 1 3
2 77 33 36.074 -115.14 132 77 21 190 2014 7 1 3 29 6 1 3
3 77 33 34.179 -118.49 180 0 210 210 2014 7 1 17 10 16 1 32
3 77 33 34.145 -118.44 215 174 44 210 2014 7 1 17 11 8 1 8
3 77 33 34.178 -118.38 243 146 74 210 2014 7 1 17 12 6 1 8
3 77 33 34.233 -118.43 253 78 104 210 2014 7 1 17 13 15 1 8
3 77 33 34.291 -118.48 258 4 130 210 2014 7 1 17 14 6 1 8
3 77 33 34.366 -118.49 296 322 152 210 2014 7 1 17 15 6 1 32
3 77 33 34.42 -118.41 297 342 173 210 2014 7 1 17 16 6 1 32
3 77 33 34.463 -118.29 318 40 193 210 2014 7 1 17 17 6 1 32
3 77 33 34.499 -118.18 353 58 206 210 2014 7 1 17 18 16 1 22
3 77 33 34.53 -118.07 374 67 210 210 2014 7 1 17 19 6 1 22
3 77 33 34.575 -117.92 412 69 210 210 2014 7 1 17 20 6 1 22
3 77 33 34.612 -117.78 420 70 210 210 2014 7 1 17 21 13 1 22
3 77 33 34.653 -117.65 424 71 210 210 2014 7 1 17 22 6 1 22
3 77 33 34.69 -117.51 424 70 210 210 2014 7 1 17 23 17 1 22
3 77 33 34.69 -117.51 424 70 210 210 2014 7 1 17 24 16 1 22
3 77 33 34.73 -117.38 424 70 210 210 2014 7 1 17 25 6 1 22
3 77 33 34.776 -117.22 427 70 210 210 2014 7 1 17 26 6 1 22
3 77 33 34.816 -117.08 427 70 210 210 2014 7 1 17 27 6 1 22
3 77 33 34.854 -116.94 427 70 210 210 2014 7 1 17 28 6 1 22
3 77 33 34.892 -116.81 428 70 210 210 2014 7 1 17 29 6 1 22
3 77 33 34.933 -116.67 428 71 210 210 2014 7 1 17 30 6 1 22
3 77 33 35.006 -116.52 439 70 210 210 2014 7 1 17 31 6 1 22
3 77 33 35.091 -116.42 438 64 210 130 2014 7 1 17 32 6 1 31
3 77 33 35.171 -116.31 432 52 202 130 2014 7 1 17 33 6 1 31
3 77 33 35.252 -116.21 426 45 189 130 2014 7 1 17 34 6 1 31
3 77 33 35.331 -116.11 415 46 179 130 2014 7 1 17 35 16 1 31
3 77 33 35.426 -115.99 407 45 166 130 2014 7 1 17 36 6 1 31
3 77 33 35.526 -115.87 415 45 143 130 2014 7 1 17 37 6 1 31
3 77 33 35.578 -115.8 389 43 136 130 2014 7 1 17 38 6 1 31
3 77 33 35.656 -115.7 364 48 121 130 2014 7 1 17 39 6 1 31
3 77 33 35.701 -115.61 353 56 107 130 2014 7 1 17 40 6 1 31
3 77 33 35.748 -115.52 308 60 91 130 2014 7 1 17 41 6 1 3
3 77 33 35.813 -115.44 287 40 75 130 2014 7 1 17 42 6 1 3
3 77 33 35.878 -115.39 258 29 68 130 2014 7 1 17 43 6 1 3
3 77 33 35.937 -115.35 245 28 60 130 2014 7 1 17 44 15 1 3
3 77 33 35.996 -115.31 227 28 53 130 2014 7 1 17 45 6 1 3
3 77 33 36.046 -115.28 208 31 47 130 2014 7 1 17 46 6 1 3
3 77 33 36.072 -115.24 161 49 37 130 2014 7 1 17 47 6 1 3
3 77 33 36.072 -115.18 149 87 25 130 2014 7 1 17 48 16 1 3
4 77 33 34.186 -118.49 172 0 230 230 2014 7 1 20 44 6 1 32
4 77 33 34.154 -118.43 238 93 39 230 2014 7 1 20 45 6 1 8
4 77 33 34.208 -118.4 241 136 63 230 2014 7 1 20 46 6 1 8
4 77 33 34.272 -118.42 241 73 83 230 2014 7 1 20 47 6 1 8
4 77 33 34.345 -118.45 264 1 99 230 2014 7 1 20 48 6 1 8
4 77 33 34.416 -118.42 290 9 114 230 2014 7 1 20 49 16 1 8
4 77 33 34.47 -118.33 323 2 128 230 2014 7 1 20 50 15 1 8
4 77 33 34.521 -118.23 331 13 147 230 2014 7 1 20 51 6 1 22
4 77 33 34.552 -118.11 341 55 165 230 2014 7 1 20 52 6 1 22
4 77 33 34.584 -118 355 64 180 230 2014 7 1 20 53 16 1 22
4 77 33 34.616 -117.88 366 71 195 230 2014 7 1 20 54 6 1 22
4 77 33 34.655 -117.73 378 71 213 230 2014 7 1 20 55 6 1 22
4 77 33 34.689 -117.61 387 71 226 230 2014 7 1 20 56 6 1 22
4 77 33 34.723 -117.48 407 71 230 230 2014 7 1 20 57 6 1 22
4 77 33 34.76 -117.34 433 71 230 230 2014 7 1 20 58 15 1 22
4 77 33 34.797 -117.2 433 71 230 210 2014 7 1 20 59 6 1 22
4 77 33 34.841 -117.03 436 72 222 210 2014 7 1 21 0 6 1 22
4 77 33 34.879 -116.89 436 71 222 210 2014 7 1 21 1 6 1 22
4 77 33 34.885 -116.9 434 71 214 210 2014 7 1 21 2 6 1 22
4 77 33 34.924 -116.76 427 70 210 210 2014 7 1 21 3 6 1 22
4 77 33 34.949 -116.63 412 69 210 210 2014 7 1 21 4 6 1 22
4 77 33 35.008 -116.52 406 73 210 210 2014 7 1 21 5 6 1 22
4 77 33 35.097 -116.41 390 67 210 210 2014 7 1 21 6 6 1 31
4 77 33 35.172 -116.31 389 49 210 210 2014 7 1 21 7 6 1 31
4 77 33 35.247 -116.22 386 44 210 210 2014 7 1 21 8 6 1 31
4 77 33 35.32 -116.13 384 45 199 210 2014 7 1 21 9 6 1 31
4 77 33 35.398 -116.03 396 45 183 210 2014 7 1 21 10 15 1 31
4 77 33 35.521 -115.88 349 45 158 210 2014 7 1 21 11 6 1 31
4 77 33 35.542 -115.84 349 44 154 210 2014 7 1 21 12 16 1 31
4 77 33 35.625 -115.75 308 47 138 210 2014 7 1 21 13 6 1 31
4 77 33 35.669 -115.67 301 50 125 210 2014 7 1 21 14 16 1 31
4 77 33 35.697 -115.6 309 59 114 210 2014 7 1 21 15 16 1 31
4 77 33 35.743 -115.5 305 61 99 210 2014 7 1 21 16 6 1 3
4 77 33 35.786 -115.4 299 61 84 210 2014 7 1 21 17 6 1 3
4 77 33 35.851 -115.35 291 40 74 210 2014 7 1 21 18 6 1 3
4 77 33 35.932 -115.33 274 13 70 210 2014 7 1 21 19 16 1 3
4 77 33 35.998 -115.32 244 10 69 210 2014 7 1 21 20 16 1 3
4 77 33 36.062 -115.28 236 21 65 210 2014 7 1 21 21 6 1 3
4 77 33 36.118 -115.25 221 26 54 210 2014 7 1 21 22 16 1 3
4 77 33 36.169 -115.21 212 27 48 210 2014 7 1 21 23 15 1 3
4 77 33 36.159 -115.15 183 88 37 210 2014 7 1 21 24 21 1 3
4 77 33 36.124 -115.14 140 164 26 210 2014 7 1 21 25 16 1 3
5 77 33 34.21 -118.49 125 0 8 210 2014 7 2 5 27 15 1 8
5 77 33 34.161 -118.47 179 168 26 210 2014 7 2 5 28 15 1 8
5 77 33 34.178 -118.42 186 140 44 210 2014 7 2 5 29 15 1 8
5 77 33 34.226 -118.42 176 65 63 210 2014 7 2 5 30 15 1 8
5 77 33 34.278 -118.44 182 15 82 210 2014 7 2 5 31 15 1 8
5 77 33 34.299 -118.38 182 65 82 210 2014 7 2 5 32 15 1 8
5 77 33 34.342 -118.44 190 16 103 210 2014 7 2 5 33 16 1 8
5 77 33 34.391 -118.42 196 351 121 210 2014 7 2 5 34 15 1 8
5 77 33 34.465 -118.33 194 34 154 210 2014 7 2 5 35 15 1 32
5 77 33 34.501 -118.28 195 45 169 210 2014 7 2 5 36 15 1 22
5 77 33 34.53 -118.22 198 45 184 210 2014 7 2 5 37 15 1 22
5 77 33 34.568 -118.17 216 54 190 210 2014 7 2 5 38 15 1 22
5 77 33 34.615 -118.09 257 54 190 210 2014 7 2 5 39 15 1 22
5 77 33 34.635 -118.01 257 73 190 210 2014 7 2 5 40 15 1 22
5 77 33 34.646 -118.01 270 59 190 210 2014 7 2 5 41 16 1 22
5 77 33 34.648 -117.92 273 58 190 210 2014 7 2 5 42 15 1 22
5 77 33 34.657 -117.83 264 76 201 210 2014 7 2 5 43 6 1 22
5 77 33 34.667 -117.75 245 85 210 210 2014 7 2 5 44 15 1 22
5 77 33 34.685 -117.67 252 82 210 210 2014 7 2 5 45 15 1 22
5 77 33 34.708 -117.58 269 77 210 210 2014 7 2 5 46 6 1 22
5 77 33 34.732 -117.49 277 73 210 210 2014 7 2 5 47 6 1 22
5 77 33 34.755 -117.4 276 72 210 210 2014 7 2 5 48 15 1 22
5 77 33 34.776 -117.31 278 72 210 210 2014 7 2 5 49 15 1 22
5 77 33 34.804 -117.2 278 73 210 210 2014 7 2 5 50 15 1 22
5 77 33 34.827 -117.11 278 73 210 210 2014 7 2 5 51 15 1 22
5 77 33 34.848 -117.03 278 72 210 210 2014 7 2 5 52 15 1 22
5 77 33 34.871 -116.94 278 73 210 210 2014 7 2 5 53 15 1 22
5 77 33 34.896 -116.84 282 73 210 210 2014 7 2 5 54 15 1 22
5 77 33 34.916 -116.75 277 72 210 210 2014 7 2 5 55 15 1 22
5 77 33 34.939 -116.66 277 73 210 210 2014 7 2 5 56 15 1 22
5 77 33 34.963 -116.58 277 71 210 210 2014 7 2 5 57 15 1 22
5 77 33 35 -116.49 277 61 210 210 2014 7 2 5 58 15 1 22
5 77 33 35.037 -116.41 277 61 210 210 2014 7 2 5 59 15 1 31
5 77 33 35.07 -116.33 278 67 210 210 2014 7 2 6 0 6 1 31
5 77 33 35.114 -116.23 278 66 210 100 2014 7 2 6 1 6 1 31
5 77 33 35.152 -116.14 281 63 202 100 2014 7 2 6 2 16 1 31
5 77 33 35.191 -116.05 296 61 187 100 2014 7 2 6 3 6 1 31
5 77 33 35.234 -115.95 308 62 173 100 2014 7 2 6 4 15 1 31
5 77 33 35.277 -115.86 309 61 159 100 2014 7 2 6 5 15 1 31
5 77 33 35.319 -115.77 306 60 145 100 2014 7 2 6 6 6 1 31
5 77 33 35.41 -115.66 312 45 119 100 2014 7 2 6 7 15 1 31
5 77 33 35.464 -115.58 303 47 106 100 2014 7 2 6 8 15 1 31
5 77 33 35.519 -115.51 295 49 100 100 2014 7 2 6 9 15 1 31
5 77 33 35.571 -115.44 271 48 100 100 2014 7 2 6 10 15 1 31
5 77 33 35.596 -115.4 287 47 100 100 2014 7 2 6 11 15 1 3
5 77 33 35.682 -115.32 284 41 94 100 2014 7 2 6 12 15 1 3
5 77 33 35.751 -115.26 282 33 90 100 2014 7 2 6 13 15 1 3
5 77 33 35.794 -115.22 283 43 82 100 2014 7 2 6 14 15 1 3
5 77 33 35.884 -115.15 296 35 65 100 2014 7 2 6 15 15 1 3
5 77 33 35.964 -115.13 269 15 64 100 2014 7 2 6 16 15 1 3
5 77 33 36.028 -115.11 255 13 64 100 2014 7 2 6 17 15 1 3
5 77 33 36.097 -115.08 219 16 52 100 2014 7 2 6 18 15 1 3
5 77 33 36.134 -115.11 151 1 36 100 2014 7 2 6 19 15 1 3
5 77 33 36.131 -115.13 141 328 29 100 2014 7 2 6 20 15 1 3
5 77 33 36.105 -115.15 111 245 22 100 2014 7 2 6 21 15 1 3
8 77 33 34.21 -118.49 145 0 8 290 2014 7 3 2 20 6 1 8
8 77 33 34.183 -118.48 184 178 19 290 2014 7 3 2 21 6 1 8
8 77 33 34.156 -118.43 222 168 55 290 2014 7 3 2 22 16 1 8
8 77 33 34.296 -118.38 296 67 120 290 2014 7 3 2 23 15 1 8
8 77 33 34.296 -118.38 296 67 120 290 2014 7 3 2 24 6 1 8
8 77 33 34.388 -118.35 333 18 154 290 2014 7 3 2 25 16 1 32
8 77 33 34.481 -118.31 371 12 185 290 2014 7 3 2 26 6 1 32
8 77 33 34.544 -118.21 376 17 220 290 2014 7 3 2 27 6 1 22
8 77 33 34.617 -118.09 393 37 245 290 2014 7 3 2 28 6 1 53
8 77 33 34.643 -117.95 422 52 268 290 2014 7 3 2 29 16 1 43
8 77 33 34.658 -117.81 431 64 289 290 2014 7 3 2 30 16 1 43
8 77 33 34.69 -117.66 457 77 290 290 2014 7 3 2 31 6 1 43
8 77 33 34.736 -117.47 474 79 290 290 2014 7 3 2 32 16 1 43
8 77 33 34.776 -117.32 476 73 290 290 2014 7 3 2 33 15 1 43
8 77 33 34.816 -117.17 483 72 290 290 2014 7 3 2 34 6 1 43
8 77 33 34.854 -117.01 476 72 290 290 2014 7 3 2 35 16 1 43
8 77 33 34.891 -116.86 469 72 290 290 2014 7 3 2 36 6 1 43
8 77 33 34.928 -116.72 465 72 290 290 2014 7 3 2 37 6 1 43
8 77 33 34.988 -116.54 464 73 268 290 2014 7 3 2 38 15 1 43
8 77 33 35.077 -116.43 466 69 247 290 2014 7 3 2 39 15 1 43
8 77 33 35.167 -116.32 465 57 227 290 2014 7 3 2 40 6 1 31
8 77 33 35.252 -116.21 453 45 211 290 2014 7 3 2 41 6 1 31
8 77 33 35.335 -116.11 428 45 195 290 2014 7 3 2 42 6 1 31
8 77 33 35.414 -116.01 409 44 182 290 2014 7 3 2 43 16 1 31
8 77 33 35.505 -115.89 395 45 162 290 2014 7 3 2 44 16 1 31
8 77 33 35.584 -115.8 379 49 148 290 2014 7 3 2 45 16 1 31
8 77 33 35.648 -115.71 349 42 135 290 2014 7 3 2 46 15 1 31
8 77 33 35.706 -115.64 305 48 130 290 2014 7 3 2 47 6 1 31
8 77 33 35.763 -115.57 267 40 130 290 2014 7 3 2 48 15 1 3
8 77 33 35.838 -115.57 268 5 130 290 2014 7 3 2 49 15 1 3
8 77 33 35.881 -115.5 268 54 130 290 2014 7 3 2 50 6 1 3
8 77 33 35.926 -115.57 270 2 130 290 2014 7 3 2 51 6 1 3
8 77 33 35.994 -115.57 269 356 119 290 2014 7 3 2 52 6 1 3
8 77 33 36.031 -115.41 255 91 110 290 2014 7 3 2 53 15 1 3
8 77 33 36.031 -115.41 255 91 110 290 2014 7 3 2 54 6 1 3
8 77 33 36.028 -115.33 256 91 105 290 2014 7 3 2 55 6 1 3
8 77 33 36.014 -115.16 247 94 87 290 2014 7 3 2 56 15 1 3
8 77 33 36.014 -115.15 252 96 86 290 2014 7 3 2 57 6 1 3
8 77 33 36.063 -115.03 213 93 71 290 2014 7 3 2 58 16 1 3
8 77 33 36.058 -115.04 204 32 72 290 2014 7 3 2 59 7 1 3
8 77 33 36.14 -115.08 190 11 43 290 2014 7 3 3 0 16 1 3
8 77 33 36.142 -115.08 195 295 43 290 2014 7 3 3 1 6 1 3
8 77 33 36.133 -115.14 163 259 29 290 2014 7 3 3 2 6 1 3
9 77 33 34.191 -118.49 152 168 17 250 2014 7 3 7 3 15 1 8
9 77 33 34.155 -118.45 194 180 28 250 2014 7 3 7 4 16 1 8
9 77 33 34.141 -118.36 255 133 54 250 2014 7 3 7 5 15 1 8
9 77 33 34.2 -118.32 294 94 83 250 2014 7 3 7 6 6 1 8
9 77 33 34.296 -118.35 299 67 108 250 2014 7 3 7 7 16 1 8
9 77 33 34.396 -118.36 370 3 130 250 2014 7 3 7 8 15 1 8
9 77 33 34.491 -118.3 388 351 151 250 2014 7 3 7 9 6 1 32
9 77 33 34.55 -118.19 389 11 175 250 2014 7 3 7 10 15 1 22
9 77 33 34.581 -118.08 397 41 194 250 2014 7 3 7 11 6 1 22
9 77 33 34.615 -117.94 412 66 214 250 2014 7 3 7 12 16 1 22
9 77 33 34.65 -117.81 428 72 233 250 2014 7 3 7 13 15 1 22
9 77 33 34.686 -117.66 435 72 249 250 2014 7 3 7 14 6 1 43
9 77 33 34.723 -117.52 449 72 250 250 2014 7 3 7 15 6 1 43
9 77 33 34.768 -117.34 454 72 250 250 2014 7 3 7 16 16 1 43
9 77 33 34.804 -117.2 454 72 250 250 2014 7 3 7 17 6 1 43
9 77 33 34.841 -117.06 453 72 250 250 2014 7 3 7 18 15 1 43
9 77 33 34.877 -116.91 452 72 250 250 2014 7 3 7 19 15 1 43
9 77 33 34.914 -116.76 452 72 245 250 2014 7 3 7 20 6 1 43
9 77 33 34.951 -116.62 453 72 240 250 2014 7 3 7 21 15 1 43
9 77 33 35.026 -116.49 460 72 240 250 2014 7 3 7 22 6 1 43
9 77 33 35.114 -116.38 458 63 240 130 2014 7 3 7 23 15 1 43
9 77 33 35.204 -116.27 458 49 237 130 2014 7 3 7 24 15 1 31
9 77 33 35.291 -116.16 457 45 214 130 2014 7 3 7 25 8 1 31
9 77 33 35.374 -116.06 437 45 196 130 2014 7 3 7 26 15 1 31
9 77 33 35.475 -115.93 429 46 172 130 2014 7 3 7 27 6 1 31
9 77 33 35.562 -115.83 393 45 155 130 2014 7 3 7 28 15 1 31
9 77 33 35.633 -115.74 371 46 138 130 2014 7 3 7 29 16 1 31
9 77 33 35.674 -115.62 361 56 116 130 2014 7 3 7 30 15 1 31
9 77 33 35.694 -115.54 357 65 100 130 2014 7 3 7 31 6 1 3
9 77 33 35.728 -115.41 290 72 82 130 2014 7 3 7 32 16 1 3
9 77 33 35.776 -115.35 287 72 80 130 2014 7 3 7 33 8 1 3
9 77 33 35.837 -115.29 291 43 80 130 2014 7 3 7 34 6 1 3
9 77 33 35.897 -115.22 295 43 76 130 2014 7 3 7 35 16 1 3
9 77 33 35.897 -115.22 295 43 76 130 2014 7 3 7 36 6 1 3
9 77 33 36.024 -115.11 269 24 59 130 2014 7 3 7 37 15 1 3
9 77 33 36.083 -115.08 220 24 48 130 2014 7 3 7 38 6 1 3
9 77 33 36.124 -115.09 172 22 31 130 2014 7 3 7 39 6 1 3
9 77 33 36.127 -115.14 159 328 26 130 2014 7 3 7 40 16 1 3
9 77 33 36.089 -115.16 148 251 21 130 2014 7 3 7 41 6 1 3
11 77 33 34.183 -118.48 161 178 18 210 2014 7 3 21 29 6 1 8
11 77 33 34.143 -118.44 202 168 37 210 2014 7 3 21 30 6 1 8
11 77 33 34.17 -118.38 202 61 37 210 2014 7 3 21 31 6 1 8
11 77 33 34.215 -118.41 222 106 74 210 2014 7 3 21 32 6 1 8
11 77 33 34.243 -118.35 222 63 74 210 2014 7 3 21 33 6 1 8
11 77 33 34.273 -118.44 223 37 88 210 2014 7 3 21 34 6 1 8
11 77 33 34.331 -118.43 243 335 101 210 2014 7 3 21 35 6 1 8
11 77 33 34.404 -118.37 262 355 115 210 2014 7 3 21 36 6 1 8
11 77 33 34.468 -118.32 265 39 129 210 2014 7 3 21 37 6 1 8
11 77 33 34.513 -118.25 261 32 145 210 2014 7 3 21 38 6 1 22
11 77 33 34.559 -118.18 275 51 150 210 2014 7 3 21 39 6 1 22
11 77 33 34.613 -118.09 302 52 162 210 2014 7 3 21 40 6 1 22
11 77 33 34.665 -118.01 297 60 173 210 2014 7 3 21 41 6 1 22
11 77 33 34.686 -117.92 283 52 188 210 2014 7 3 21 42 6 1 22
11 77 33 34.678 -117.82 274 65 201 210 2014 7 3 21 43 6 1 22
11 77 33 34.672 -117.74 273 85 210 210 2014 7 3 21 44 6 1 22
11 77 33 34.699 -117.63 302 87 210 210 2014 7 3 21 45 6 1 22
11 77 33 34.726 -117.52 329 78 210 210 2014 7 3 21 46 6 1 22
11 77 33 34.754 -117.41 334 73 210 210 2014 7 3 21 47 6 1 22
11 77 33 34.784 -117.3 336 72 210 210 2014 7 3 21 48 6 1 22
11 77 33 34.818 -117.18 336 71 210 210 2014 7 3 21 49 6 1 22
11 77 33 34.847 -117.07 335 71 210 210 2014 7 3 21 50 6 1 22
11 77 33 34.873 -116.96 334 71 210 210 2014 7 3 21 51 6 1 22
11 77 33 34.896 -116.85 334 73 210 210 2014 7 3 21 52 6 1 22
11 77 33 34.92 -116.74 335 74 210 210 2014 7 3 21 53 6 1 22
11 77 33 34.954 -116.61 339 75 210 210 2014 7 3 21 54 6 1 22
11 77 33 35.003 -116.51 344 73 210 210 2014 7 3 21 55 6 1 22
11 77 33 35.072 -116.43 342 58 210 210 2014 7 3 21 56 6 1 31
11 77 33 35.14 -116.35 342 50 210 210 2014 7 3 21 57 6 1 31
11 77 33 35.208 -116.27 341 43 209 130 2014 7 3 21 58 6 1 31
11 77 33 35.274 -116.19 341 43 201 130 2014 7 3 21 59 6 1 31
11 77 33 35.364 -116.09 361 44 186 130 2014 7 3 22 0 6 1 31
11 77 33 35.432 -116 361 46 186 130 2014 7 3 22 1 6 1 31
11 77 33 35.436 -116.01 361 44 173 130 2014 7 3 22 2 6 1 31
11 77 33 35.579 -115.82 342 48 140 130 2014 7 3 22 3 6 1 31
11 77 33 35.641 -115.74 342 48 140 130 2014 7 3 22 4 6 1 31
11 77 33 35.641 -115.74 333 46 133 130 2014 7 3 22 5 6 1 31
11 77 33 35.709 -115.65 319 46 130 130 2014 7 3 22 6 7 1 31
11 77 33 35.773 -115.57 319 46 130 130 2014 7 3 22 7 6 1 3
11 77 33 35.854 -115.57 307 3 130 130 2014 7 3 22 8 6 1 3
11 77 33 35.944 -115.56 309 1 130 130 2014 7 3 22 9 6 1 3
11 77 33 36.009 -115.52 289 24 119 130 2014 7 3 22 10 6 1 3
11 77 33 36.023 -115.43 263 78 110 130 2014 7 3 22 11 6 1 3
11 77 33 36.034 -115.34 250 81 103 130 2014 7 3 22 12 6 1 3
11 77 33 36.03 -115.25 266 94 93 130 2014 7 3 22 13 6 1 3
11 77 33 36.027 -115.15 257 91 81 130 2014 7 3 22 14 6 1 3
11 77 33 36.027 -115.08 216 90 80 130 2014 7 3 22 15 6 1 3
11 77 33 36.072 -115.04 216 60 68 130 2014 7 3 22 16 6 1 3
11 77 33 36.118 -115.05 189 11 57 130 2014 7 3 22 17 6 1 3
11 77 33 36.138 -115.1 173 298 40 130 2014 7 3 22 18 6 1 3
11 77 33 36.132 -115.14 122 265 33 130 2014 7 3 22 19 6 1 3
11 77 33 36.099 -115.16 118 205 22 130 2014 7 3 22 20 8 1 3
12 77 33 34.179 -118.49 152 168 22 210 2014 7 3 23 52 6 1 8
12 77 33 34.15 -118.44 177 174 41 210 2014 7 3 23 53 6 1 8
12 77 33 34.202 -118.43 192 132 66 210 2014 7 3 23 54 6 1 8
12 77 33 34.261 -118.45 211 62 87 210 2014 7 3 23 55 6 1 8
12 77 33 34.327 -118.45 230 18 105 210 2014 7 3 23 56 7 1 8
12 77 33 34.393 -118.44 251 352 121 210 2014 7 3 23 57 6 1 8
12 77 33 34.439 -118.37 265 23 141 210 2014 7 3 23 58 6 1 32
12 77 33 34.483 -118.3 265 31 159 210 2014 7 3 23 59 6 1 32
12 77 33 34.539 -118.21 275 52 178 210 2014 7 4 0 0 6 1 22
12 77 33 34.583 -118.14 284 58 192 210 2014 7 4 0 1 9 1 22
12 77 33 34.63 -118.06 286 52 208 210 2014 7 4 0 2 6 1 22
12 77 33 34.651 -117.97 286 74 208 210 2014 7 4 0 3 6 1 22
12 77 33 34.645 -117.94 317 60 210 210 2014 7 4 0 4 6 1 22
12 77 33 34.657 -117.82 339 69 210 210 2014 7 4 0 5 6 1 22
12 77 33 34.677 -117.71 348 79 210 210 2014 7 4 0 6 6 1 22
12 77 33 34.707 -117.59 354 80 210 210 2014 7 4 0 7 6 1 22
12 77 33 34.736 -117.48 356 74 210 210 2014 7 4 0 8 6 1 22
12 77 33 34.77 -117.34 356 72 210 210 2014 7 4 0 9 6 1 22
12 77 33 34.799 -117.23 356 72 210 210 2014 7 4 0 10 6 1 22
12 77 33 34.828 -117.11 357 72 210 210 2014 7 4 0 11 6 1 22
12 77 33 34.856 -117 357 72 210 210 2014 7 4 0 12 6 1 22
12 77 33 34.886 -116.88 358 73 210 210 2014 7 4 0 13 6 1 22
12 77 33 34.921 -116.75 358 72 210 210 2014 7 4 0 14 8 1 22
12 77 33 34.948 -116.63 357 72 210 210 2014 7 4 0 15 7 1 22
12 77 33 35 -116.53 358 72 210 210 2014 7 4 0 16 6 1 22
12 77 33 35.068 -116.44 357 65 210 210 2014 7 4 0 17 6 1 31
12 77 33 35.137 -116.36 357 48 210 130 2014 7 4 0 18 6 1 31
12 77 33 35.222 -116.25 359 45 200 130 2014 7 4 0 19 6 1 31
12 77 33 35.293 -116.16 365 45 189 130 2014 7 4 0 20 6 1 31
12 77 33 35.365 -116.07 370 45 177 130 2014 7 4 0 21 6 1 31
12 77 33 35.438 -115.98 372 45 167 130 2014 7 4 0 22 6 1 31
12 77 33 35.509 -115.89 372 45 167 130 2014 7 4 0 23 6 1 31
12 77 33 35.579 -115.81 360 49 146 130 2014 7 4 0 24 6 1 31
12 77 33 35.657 -115.7 353 42 133 130 2014 7 4 0 25 6 1 31
12 77 33 35.72 -115.62 341 46 130 130 2014 7 4 0 26 6 1 3
12 77 33 35.799 -115.57 301 38 131 130 2014 7 4 0 27 6 1 3
12 77 33 35.879 -115.57 287 3 130 130 2014 7 4 0 28 6 1 3
12 77 33 35.961 -115.57 277 359 130 130 2014 7 4 0 29 6 1 3
12 77 33 36.022 -115.53 281 7 131 130 2014 7 4 0 30 6 1 3
12 77 33 36.033 -115.43 287 71 130 130 2014 7 4 0 31 6 1 3
12 77 33 36.032 -115.37 265 82 122 130 2014 7 4 0 32 6 1 3
12 77 33 36.021 -115.24 262 96 104 130 2014 7 4 0 33 6 1 3
12 77 33 36.018 -115.2 257 94 98 130 2014 7 4 0 34 6 1 3
12 77 33 36.013 -115.11 257 94 81 130 2014 7 4 0 35 6 1 3
12 77 33 36.039 -115.05 209 90 81 130 2014 7 4 0 36 6 1 3
12 77 33 36.089 -115.03 205 23 73 130 2014 7 4 0 37 6 1 3
12 77 33 36.127 -115.06 178 350 59 130 2014 7 4 0 38 6 1 3
12 77 33 36.147 -115.1 106 297 46 130 2014 7 4 0 39 6 1 3
12 77 33 36.14 -115.13 100 285 35 130 2014 7 4 0 40 6 1 3
12 77 33 36.115 -115.15 97 207 25 130 2014 7 4 0 41 7 1 3
12 77 33 36.098 -115.16 100 203 22 130 2014 7 4 0 42 6 1 3
16 77 33 34.186 -118.49 172 0 210 210 2014 7 4 17 50 16 1 32
16 77 33 34.156 -118.44 230 141 33 210 2014 7 4 17 51 6 1 8
16 77 33 34.211 -118.44 240 128 61 210 2014 7 4 17 52 6 1 8
16 77 33 34.272 -118.48 245 354 92 210 2014 7 4 17 53 6 1 8
16 77 33 34.351 -118.47 289 12 110 210 2014 7 4 17 54 15 1 8
16 77 33 34.423 -118.4 337 350 127 210 2014 7 4 17 55 15 1 8
16 77 33 34.479 -118.31 340 22 147 210 2014 7 4 17 56 6 1 32
16 77 33 34.551 -118.19 352 54 171 210 2014 7 4 17 57 16 1 22
16 77 33 34.605 -118.11 354 53 188 210 2014 7 4 17 58 6 1 22
16 77 33 34.64 -118 371 52 202 210 2014 7 4 17 59 6 1 22
16 77 33 34.656 -117.84 383 65 210 210 2014 7 4 18 0 16 1 22
16 77 33 34.656 -117.84 383 65 210 210 2014 7 4 18 1 6 1 22
16 77 33 34.713 -117.57 425 81 210 210 2014 7 4 18 2 8 1 22
16 77 33 34.713 -117.57 425 81 210 210 2014 7 4 18 3 6 1 22
16 77 33 34.79 -117.27 425 72 210 210 2014 7 4 18 4 6 1 22
16 77 33 34.824 -117.14 425 72 210 210 2014 7 4 18 5 15 1 22
16 77 33 34.823 -117.14 424 72 210 210 2014 7 4 18 6 15 1 22
16 77 33 34.858 -117 423 72 210 210 2014 7 4 18 7 6 1 22
16 77 33 34.891 -116.86 422 72 210 210 2014 7 4 18 8 6 1 22
16 77 33 34.971 -116.57 423 73 210 210 2014 7 4 18 9 16 1 22
16 77 33 35.053 -116.47 423 45 210 210 2014 7 4 18 10 16 1 22
16 77 33 35.05 -116.46 420 63 210 130 2014 7 4 18 11 15 1 22
16 77 33 35.134 -116.36 421 60 210 130 2014 7 4 18 12 16 1 31
16 77 33 35.214 -116.26 420 45 210 130 2014 7 4 18 13 6 1 31
16 77 33 35.296 -116.16 421 45 210 130 2014 7 4 18 14 16 1 31
16 77 33 35.378 -116.06 422 45 210 130 2014 7 4 18 15 16 1 31
16 77 33 35.475 -115.93 421 45 183 130 2014 7 4 18 16 16 1 31
16 77 33 35.557 -115.83 420 45 156 130 2014 7 4 18 17 6 1 31
16 77 33 35.657 -115.71 386 46 130 130 2014 7 4 18 18 6 1 31
16 77 33 35.723 -115.62 299 45 130 130 2014 7 4 18 19 16 1 3
16 77 33 35.788 -115.57 305 40 130 130 2014 7 4 18 20 15 1 3
16 77 33 35.858 -115.57 313 32 130 130 2014 7 4 18 21 6 1 3
16 77 33 35.956 -115.56 304 1 130 130 2014 7 4 18 22 6 1 3
16 77 33 36.003 -115.47 302 53 122 130 2014 7 4 18 23 6 1 3
16 77 33 36.031 -115.38 283 69 111 130 2014 7 4 18 24 15 1 3
16 77 33 36.026 -115.3 271 91 101 130 2014 7 4 18 25 15 1 3
16 77 33 36.019 -115.2 270 95 86 130 2014 7 4 18 26 6 1 3
16 77 33 36.044 -115.11 275 72 61 130 2014 7 4 18 27 16 1 3
16 77 33 36.098 -115.08 205 70 62 130 2014 7 4 18 28 6 1 3
16 77 33 36.116 -115.12 136 20 35 130 2014 7 4 18 29 6 1 3
16 77 33 36.092 -115.16 143 293 21 130 2014 7 4 18 30 6 1 3
17 77 33 34.182 -118.49 187 0 18 230 2014 7 4 16 21 6 1 8
17 77 33 34.156 -118.44 226 184 46 230 2014 7 4 16 22 16 1 8
17 77 33 34.186 -118.37 226 61 46 230 2014 7 4 16 23 6 1 8
17 77 33 34.292 -118.42 265 55 98 230 2014 7 4 16 24 15 1 8
17 77 33 34.366 -118.38 287 25 120 230 2014 7 4 16 25 15 1 8
17 77 33 34.447 -118.34 311 13 142 230 2014 7 4 16 26 15 1 32
17 77 33 34.447 -118.34 311 13 142 230 2014 7 4 16 27 6 1 32
17 77 33 34.577 -118.15 336 37 186 230 2014 7 4 16 28 16 1 22
17 77 33 34.577 -118.15 336 37 186 230 2014 7 4 16 29 6 1 22
17 77 33 34.626 -118.06 352 49 190 230 2014 7 4 16 30 16 1 22
17 77 33 34.649 -117.91 394 53 201 230 2014 7 4 16 31 6 1 22
17 77 33 34.663 -117.78 389 70 216 230 2014 7 4 16 32 16 1 22
17 77 33 34.692 -117.65 388 81 228 230 2014 7 4 16 33 6 1 22
17 77 33 34.725 -117.52 406 78 230 230 2014 7 4 16 34 16 1 22
17 77 33 34.758 -117.39 408 73 230 230 2014 7 4 16 35 15 1 22
17 77 33 34.797 -117.24 407 72 230 230 2014 7 4 16 36 6 1 22
17 77 33 34.829 -117.11 405 72 230 230 2014 7 4 16 37 16 1 22
17 77 33 34.862 -116.98 402 72 230 230 2014 7 4 16 38 6 1 22
17 77 33 34.895 -116.85 401 72 230 230 2014 7 4 16 39 6 1 22
17 77 33 34.926 -116.72 401 72 230 230 2014 7 4 16 40 7 1 22
17 77 33 34.977 -116.57 409 73 230 230 2014 7 4 16 41 15 1 22
17 77 33 35.049 -116.47 400 70 230 230 2014 7 4 16 42 16 1 22
17 77 33 35.127 -116.37 400 54 230 230 2014 7 4 16 43 6 1 31
17 77 33 35.204 -116.27 401 46 230 130 2014 7 4 16 44 16 1 31
17 77 33 35.282 -116.18 403 45 218 130 2014 7 4 16 45 6 1 31
17 77 33 35.362 -116.08 410 45 200 130 2014 7 4 16 46 15 1 31
17 77 33 35.448 -115.97 369 45 181 130 2014 7 4 16 47 6 1 31
17 77 33 35.516 -115.88 359 44 166 130 2014 7 4 16 48 6 1 31
17 77 33 35.58 -115.8 359 45 152 130 2014 7 4 16 49 15 1 31
17 77 33 35.654 -115.7 323 45 135 130 2014 7 4 16 50 6 1 31
17 77 33 35.715 -115.63 316 47 130 130 2014 7 4 16 51 6 1 31
17 77 33 35.79 -115.57 316 41 130 130 2014 7 4 16 52 6 1 3
17 77 33 35.884 -115.57 310 6 130 130 2014 7 4 16 53 15 1 3
17 77 33 35.938 -115.57 310 2 130 130 2014 7 4 16 54 16 1 3
17 77 33 36.004 -115.46 294 45 119 130 2014 7 4 16 55 6 1 3
17 77 33 36.022 -115.41 277 63 114 130 2014 7 4 16 56 6 1 3
17 77 33 36.023 -115.27 276 86 98 130 2014 7 4 16 57 16 1 3
17 77 33 36.016 -115.17 268 95 88 130 2014 7 4 16 58 16 1 3
17 77 33 36.011 -115.08 247 95 81 130 2014 7 4 16 59 15 1 3
17 77 33 36.009 -115.06 219 94 80 130 2014 7 4 17 0 6 1 3
17 77 33 36.005 -114.99 190 94 68 130 2014 7 4 17 1 6 1 3
17 77 33 36.049 -114.97 194 54 53 130 2014 7 4 17 2 6 1 3
17 77 33 36.072 -115.02 185 320 39 130 2014 7 4 17 3 6 1 3
17 77 33 36.074 -115.08 160 270 28 130 2014 7 4 17 4 6 1 3
17 77 33 36.074 -115.12 137 272 23 130 2014 7 4 17 5 15 1 3
19 77 33 34.21 -118.49 125 0 8 210 2014 7 4 20 7 16 1 8
19 77 33 34.179 -118.48 163 168 210 210 2014 7 4 20 8 16 1 32
19 77 33 34.186 -118.43 219 170 45 210 2014 7 4 20 9 16 1 8
19 77 33 34.249 -118.43 234 87 68 210 2014 7 4 20 10 6 1 8
19 77 33 34.311 -118.4 239 46 88 210 2014 7 4 20 11 15 1 8
19 77 33 34.377 -118.37 248 11 108 210 2014 7 4 20 12 6 1 8
19 77 33 34.456 -118.33 251 36 130 210 2014 7 4 20 13 15 1 8
19 77 33 34.502 -118.27 259 19 147 210 2014 7 4 20 14 16 1 22
19 77 33 34.546 -118.2 259 33 164 210 2014 7 4 20 15 16 1 22
19 77 33 34.587 -118.14 263 57 177 210 2014 7 4 20 16 6 1 22
19 77 33 34.617 -118.03 291 52 188 210 2014 7 4 20 17 6 1 22
19 77 33 34.64 -117.93 298 63 200 210 2014 7 4 20 18 6 1 22
19 77 33 34.664 -117.83 300 72 210 210 2014 7 4 20 19 6 1 22
19 77 33 34.689 -117.73 319 73 210 210 2014 7 4 20 20 16 1 22
19 77 33 34.716 -117.62 347 73 210 210 2014 7 4 20 21 16 1 22
19 77 33 34.749 -117.48 355 73 210 210 2014 7 4 20 22 6 1 22
19 77 33 34.777 -117.36 358 73 210 210 2014 7 4 20 23 6 1 22
19 77 33 34.805 -117.25 360 73 210 210 2014 7 4 20 24 6 1 22
19 77 33 34.832 -117.13 360 73 210 210 2014 7 4 20 25 15 1 22
19 77 33 34.859 -117.01 361 73 210 210 2014 7 4 20 26 15 1 22
19 77 33 34.894 -116.87 360 74 210 210 2014 7 4 20 27 6 1 22
19 77 33 34.921 -116.75 360 74 210 210 2014 7 4 20 28 6 1 22
19 77 33 34.947 -116.64 360 73 210 210 2014 7 4 20 29 15 1 22
19 77 33 34.997 -116.53 366 74 210 210 2014 7 4 20 30 6 1 22
19 77 33 35.067 -116.45 362 67 210 210 2014 7 4 20 31 6 1 31
19 77 33 35.137 -116.36 362 52 210 130 2014 7 4 20 32 6 1 31
19 77 33 35.207 -116.27 362 45 210 130 2014 7 4 20 33 6 1 31
19 77 33 35.22 -116.25 361 45 210 130 2014 7 4 20 34 6 1 31
19 77 33 35.29 -116.17 361 45 210 130 2014 7 4 20 35 6 1 31
19 77 33 35.36 -116.08 362 45 210 130 2014 7 4 20 36 15 1 31
19 77 33 35.464 -115.95 363 44 210 130 2014 7 4 20 37 6 1 31
19 77 33 35.548 -115.84 366 46 186 130 2014 7 4 20 38 6 1 31
19 77 33 35.624 -115.78 317 46 159 130 2014 7 4 20 39 15 1 31
19 77 33 35.692 -115.74 280 22 145 130 2014 7 4 20 40 6 1 31
19 77 33 35.769 -115.7 262 26 130 130 2014 7 4 20 41 6 1 31
19 77 33 35.835 -115.65 279 27 130 130 2014 7 4 20 42 6 1 3
19 77 33 35.874 -115.62 299 27 130 130 2014 7 4 20 43 6 1 3
19 77 33 35.98 -115.53 325 27 130 130 2014 7 4 20 44 6 1 3
19 77 33 36.009 -115.45 301 60 122 130 2014 7 4 20 45 6 1 3
19 77 33 36.029 -115.35 294 68 106 130 2014 7 4 20 46 16 1 3
19 77 33 36.024 -115.28 276 94 99 130 2014 7 4 20 47 16 1 3
19 77 33 36.017 -115.18 268 95 90 130 2014 7 4 20 48 6 1 3
19 77 33 36.056 -115.11 182 74 71 130 2014 7 4 20 49 15 1 3
19 77 33 36.104 -115.09 182 27 49 130 2014 7 4 20 50 16 1 3
19 77 33 36.133 -115.12 144 351 33 130 2014 7 4 20 51 16 1 3
19 77 33 36.109 -115.15 128 264 23 130 2014 7 4 20 52 15 1 3
19 77 33 36.089 -115.16 131 227 21 130 2014 7 4 20 53 6 1 3
