1 77 36 34.183 -118.48 174 0 19 90 2014 7 2 21 42 6 1 8
1 77 36 34.15 -118.43 197 168 53 90 2014 7 2 21 43 6 1 8
1 77 36 34.133 -118.37 232 141 82 90 2014 7 2 21 44 6 1 8
1 77 36 34.117 -118.28 279 103 91 90 2014 7 2 21 45 6 1 8
1 77 36 34.05 -118.22 288 112 90 90 2014 7 2 21 46 6 1 15
1 77 36 33.983 -118.2 291 147 90 90 2014 7 2 21 47 6 1 15
1 77 36 33.9 -118.22 285 180 82 90 2014 7 2 21 48 6 1 15
1 77 36 33.833 -118.23 253 193 67 90 2014 7 2 21 49 16 1 15
1 77 36 33.767 -118.25 224 192 60 90 2014 7 2 21 50 6 1 2
1 77 36 33.717 -118.22 207 176 52 90 2014 7 2 21 51 6 1 2
1 77 36 33.667 -118.18 210 152 42 90 2014 7 2 21 52 6 1 2
1 77 36 33.65 -118.13 202 147 40 90 2014 7 2 21 53 17 1 2
1 77 36 33.646 -118.11 204 111 35 90 2014 7 2 21 54 6 1 2
1 77 36 33.683 -118.03 190 62 16 90 2014 7 2 21 55 6 1 2
1 77 36 33.718 -118.04 185 51 16 90 2014 7 2 21 56 6 1 2
1 77 36 33.767 -118.08 164 324 16 90 2014 7 2 21 57 6 1 2
1 77 36 33.783 -118.12 136 314 6 90 2014 7 2 21 58 6 1 2
1 77 36 33.81 -118.14 145 301 1 90 2014 7 2 21 59 16 1 2
