1 77 66 34.184 -118.49 148 0 15 180 2014 7 2 13 45 6 1 8
1 77 66 34.161 -118.53 185 207 31 180 2014 7 2 13 46 15 1 8
1 77 66 34.197 -118.56 167 235 45 180 2014 7 2 13 47 6 1 8
1 77 66 34.241 -118.58 165 311 57 180 2014 7 2 13 48 6 1 8
1 77 66 34.286 -118.6 167 333 69 180 2014 7 2 13 49 6 1 8
1 77 66 34.331 -118.62 169 337 80 180 2014 7 2 13 50 6 1 8
1 77 66 34.374 -118.65 170 332 92 180 2014 7 2 13 51 6 1 8
1 77 66 34.427 -118.68 171 337 106 180 2014 7 2 13 52 16 1 8
1 77 66 34.473 -118.7 174 330 117 180 2014 7 2 13 53 16 1 8
1 77 66 34.522 -118.72 181 336 128 160 2014 7 2 13 54 6 1 32
1 77 66 34.572 -118.75 187 339 138 160 2014 7 2 13 55 16 1 32
1 77 66 34.622 -118.77 190 340 149 200 2014 7 2 13 56 6 1 32
1 77 66 34.673 -118.79 195 338 159 200 2014 7 2 13 57 6 1 32
1 77 66 34.722 -118.82 194 338 167 200 2014 7 2 13 58 15 1 32
1 77 66 34.783 -118.85 195 338 178 200 2014 7 2 13 59 6 1 32
1 77 66 34.831 -118.88 195 336 186 200 2014 7 2 14 0 6 1 32
1 77 66 34.874 -118.91 193 327 194 200 2014 7 2 14 1 6 1 32
1 77 66 34.903 -118.97 188 315 200 200 2014 7 2 14 2 6 1 33
1 77 66 34.932 -119.03 201 295 200 200 2014 7 2 14 3 6 1 33
1 77 66 34.962 -119.09 210 299 200 200 2014 7 2 14 4 6 1 33
1 77 66 34.981 -119.12 208 300 200 200 2014 7 2 14 5 16 1 33
1 77 66 35.013 -119.19 212 301 200 200 2014 7 2 14 6 6 1 33
1 77 66 35.046 -119.25 214 303 200 200 2014 7 2 14 7 6 1 33
1 77 66 35.095 -119.35 216 301 200 200 2014 7 2 14 8 16 1 25
1 77 66 35.109 -119.38 215 301 200 200 2014 7 2 14 9 6 1 25
1 77 66 35.139 -119.44 215 300 200 200 2014 7 2 14 10 16 1 25
1 77 66 35.177 -119.52 216 300 200 200 2014 7 2 14 11 7 1 23
1 77 66 35.208 -119.58 216 301 200 200 2014 7 2 14 12 6 1 23
1 77 66 35.238 -119.65 216 299 200 200 2014 7 2 14 13 6 1 23
1 77 66 35.269 -119.71 217 300 200 200 2014 7 2 14 14 16 1 23
1 77 66 35.3 -119.77 217 300 200 200 2014 7 2 14 15 15 1 23
1 77 66 35.332 -119.84 218 300 200 200 2014 7 2 14 16 16 1 23
1 77 66 35.363 -119.9 219 300 200 200 2014 7 2 14 17 16 1 23
1 77 66 35.395 -119.97 219 301 200 200 2014 7 2 14 18 16 1 23
1 77 66 35.427 -120.03 220 301 200 200 2014 7 2 14 19 7 1 23
1 77 66 35.465 -120.11 221 300 200 200 2014 7 2 14 20 16 1 23
1 77 66 35.496 -120.18 221 300 200 200 2014 7 2 14 21 6 1 23
1 77 66 35.527 -120.24 221 300 200 200 2014 7 2 14 22 16 1 23
1 77 66 35.557 -120.31 221 300 200 200 2014 7 2 14 23 15 1 23
1 77 66 35.588 -120.37 221 300 200 200 2014 7 2 14 24 15 1 23
1 77 66 35.619 -120.44 221 299 200 200 2014 7 2 14 25 16 1 23
1 77 66 35.644 -120.49 223 300 200 200 2014 7 2 14 26 6 4 188
1 77 66 35.675 -120.55 223 300 200 200 2014 7 2 14 27 6 4 188
1 77 66 35.705 -120.62 223 300 200 200 2014 7 2 14 28 6 4 188
1 77 66 35.737 -120.69 223 300 200 200 2014 7 2 14 29 6 4 188
1 77 66 35.781 -120.78 223 300 200 200 2014 7 2 14 30 16 4 188
1 77 66 35.806 -120.83 223 300 200 200 2014 7 2 14 31 6 4 188
1 77 66 35.838 -120.9 224 300 200 200 2014 7 2 14 32 16 4 188
1 77 66 35.844 -120.91 224 300 200 200 2014 7 2 14 33 16 4 188
1 77 66 35.869 -120.97 224 300 200 200 2014 7 2 14 34 16 4 188
1 77 66 35.907 -121.05 224 121 200 200 2014 7 2 14 35 6 4 188
1 77 66 35.945 -121.12 223 300 200 200 2014 7 2 14 36 6 4 188
1 77 66 36.006 -121.26 222 299 200 200 2014 7 2 14 37 16 4 188
1 77 66 36.006 -121.26 222 299 200 200 2014 7 2 14 38 6 4 188
1 77 66 36.035 -121.33 223 299 200 200 2014 7 2 14 39 6 4 188
1 77 66 36.066 -121.39 222 298 200 200 2014 7 2 14 40 6 4 188
1 77 66 36.097 -121.46 223 299 200 200 2014 7 2 14 41 6 4 188
1 77 66 36.129 -121.52 222 299 200 200 2014 7 2 14 42 6 4 188
1 77 66 36.158 -121.59 222 299 200 200 2014 7 2 14 43 6 4 188
1 77 66 36.206 -121.66 221 299 200 200 2014 7 2 14 44 6 4 188
1 77 66 36.268 -121.69 232 315 193 200 2014 7 2 14 45 6 4 188
1 77 66 36.335 -121.73 259 328 183 200 2014 7 2 14 46 11 4 154
1 77 66 36.403 -121.76 264 336 175 200 2014 7 2 14 47 6 4 154
1 77 66 36.473 -121.8 265 336 168 200 2014 7 2 14 48 6 4 154
1 77 66 36.542 -121.83 264 337 158 200 2014 7 2 14 49 6 4 154
1 77 66 36.61 -121.87 265 338 149 200 2014 7 2 14 50 6 4 173
1 77 66 36.679 -121.9 265 336 140 200 2014 7 2 14 51 6 4 173
1 77 66 36.746 -121.94 264 337 133 200 2014 7 2 14 52 16 4 173
1 77 66 36.826 -121.98 262 337 123 200 2014 7 2 14 53 6 4 173
1 77 66 36.894 -122.02 262 337 114 200 2014 7 2 14 54 7 4 173
1 77 66 36.961 -122.05 262 337 103 200 2014 7 2 14 55 16 4 173
1 77 66 37.026 -122.08 254 336 94 200 2014 7 2 14 56 6 4 173
1 77 66 37.09 -122.12 253 337 84 200 2014 7 2 14 57 16 4 156
1 77 66 37.153 -122.12 238 337 80 200 2014 7 2 14 58 6 4 154
1 77 66 37.214 -122.11 221 347 80 200 2014 7 2 14 59 6 4 154
1 77 66 37.276 -122.11 221 2 78 200 2014 7 2 15 0 6 4 154
1 77 66 37.351 -122.09 224 3 66 200 2014 7 2 15 1 6 4 156
1 77 66 37.41 -122.07 224 8 61 200 2014 7 2 15 2 6 4 156
1 77 66 37.468 -122.06 221 12 60 200 2014 7 2 15 3 16 4 156
1 77 66 37.505 -122.08 203 12 61 200 2014 7 2 15 4 6 4 156
1 77 66 37.53 -122.14 203 295 61 200 2014 7 2 15 5 6 4 156
1 77 66 37.518 -122.13 180 334 50 200 2014 7 2 15 6 6 4 156
1 77 66 37.554 -122.22 140 292 28 200 2014 7 2 15 7 6 4 156
1 77 66 37.567 -122.25 121 298 21 200 2014 7 2 15 8 16 4 156
1 77 66 37.589 -122.3 129 297 12 200 2014 7 2 15 9 6 4 156
2 77 66 34.18 -118.49 177 0 17 280 2014 7 2 14 5 16 1 8
2 77 66 34.156 -118.55 202 180 57 280 2014 7 2 14 6 6 1 8
2 77 66 34.215 -118.58 234 221 79 280 2014 7 2 14 7 6 1 8
2 77 66 34.284 -118.61 263 314 104 280 2014 7 2 14 8 16 1 8
2 77 66 34.355 -118.65 280 337 133 340 2014 7 2 14 9 6 1 32
2 77 66 34.429 -118.69 282 335 160 340 2014 7 2 14 10 16 1 32
2 77 66 34.506 -118.72 283 338 186 340 2014 7 2 14 11 7 1 32
2 77 66 34.567 -118.76 284 339 202 340 2014 7 2 14 12 6 1 32
2 77 66 34.583 -118.76 297 337 205 340 2014 7 2 14 13 6 1 32
2 77 66 34.759 -118.84 323 336 238 340 2014 7 2 14 14 16 1 32
2 77 66 34.847 -118.89 341 340 257 340 2014 7 2 14 15 15 1 53
2 77 66 34.922 -118.96 343 329 275 340 2014 7 2 14 16 16 1 53
2 77 66 34.996 -119.02 333 326 290 340 2014 7 2 14 17 16 1 53
2 77 66 35.066 -119.09 328 325 303 340 2014 7 2 14 18 16 1 53
2 77 66 35.103 -119.19 322 313 315 340 2014 7 2 14 19 7 1 53
2 77 66 35.117 -119.22 319 294 319 340 2014 7 2 14 20 16 1 53
2 77 66 35.163 -119.32 322 298 327 340 2014 7 2 14 21 6 1 54
2 77 66 35.243 -119.5 329 299 341 340 2014 7 2 14 22 16 1 54
2 77 66 35.29 -119.6 341 298 340 340 2014 7 2 14 23 15 1 54
2 77 66 35.339 -119.71 365 299 341 340 2014 7 2 14 24 15 1 54
2 77 66 35.388 -119.82 372 298 339 340 2014 7 2 14 25 16 1 54
2 77 66 35.41 -119.87 371 298 340 340 2014 7 2 14 26 6 1 54
2 77 66 35.441 -119.94 380 299 341 340 2014 7 2 14 27 6 1 54
2 77 66 35.512 -120.1 388 298 340 340 2014 7 2 14 28 6 1 54
2 77 66 35.565 -120.22 391 298 340 340 2014 7 2 14 29 6 1 54
2 77 66 35.617 -120.34 393 297 339 340 2014 7 2 14 30 16 1 54
2 77 66 35.678 -120.47 395 298 340 340 2014 7 2 14 31 6 4 188
2 77 66 35.729 -120.59 395 298 340 340 2014 7 2 14 32 16 4 188
2 77 66 35.779 -120.71 395 297 339 340 2014 7 2 14 33 16 4 188
2 77 66 35.832 -120.83 395 298 340 340 2014 7 2 14 34 16 4 188
2 77 66 35.891 -120.94 395 298 340 340 2014 7 2 14 35 6 4 188
2 77 66 35.991 -121.05 397 315 340 340 2014 7 2 14 36 6 4 188
2 77 66 36.042 -121.11 398 318 334 340 2014 7 2 14 37 16 4 188
2 77 66 36.123 -121.21 409 318 324 340 2014 7 2 14 38 6 4 188
2 77 66 36.204 -121.3 409 316 314 340 2014 7 2 14 39 6 4 188
2 77 66 36.283 -121.4 405 315 303 340 2014 7 2 14 40 6 4 188
2 77 66 36.367 -121.5 407 315 277 340 2014 7 2 14 41 6 4 188
2 77 66 36.446 -121.6 403 316 246 340 2014 7 2 14 42 6 4 188
2 77 66 36.52 -121.69 377 315 224 340 2014 7 2 14 43 6 4 188
2 77 66 36.606 -121.8 368 315 192 340 2014 7 2 14 44 6 4 174
2 77 66 36.68 -121.88 367 315 166 340 2014 7 2 14 45 6 4 173
2 77 66 36.753 -121.97 359 315 143 340 2014 7 2 14 46 11 4 173
2 77 66 36.849 -121.99 350 316 125 340 2014 7 2 14 47 6 4 173
2 77 66 36.94 -122.02 337 332 111 340 2014 7 2 14 48 6 4 173
2 77 66 37.029 -122.04 329 11 100 340 2014 7 2 14 49 6 4 173
2 77 66 37.118 -122.07 326 347 100 340 2014 7 2 14 50 6 4 154
2 77 66 37.201 -122.09 314 349 97 340 2014 7 2 14 51 6 4 154
2 77 66 37.297 -122.11 302 347 83 340 2014 7 2 14 52 16 4 154
2 77 66 37.377 -122.13 297 348 71 340 2014 7 2 14 53 6 4 156
2 77 66 37.458 -122.15 297 349 71 340 2014 7 2 14 54 7 4 156
2 77 66 37.517 -122.17 255 347 48 340 2014 7 2 14 55 16 4 156
2 77 66 37.556 -122.22 227 347 37 340 2014 7 2 14 56 6 4 156
2 77 66 37.581 -122.28 202 332 16 340 2014 7 2 14 57 16 4 156
2 77 66 37.6 -122.33 167 306 8 340 2014 7 2 14 58 6 4 156
2 77 66 37.618 -122.37 145 297 2 340 2014 7 2 14 59 6 4 155
