1 77 67 34.177 -118.49 200 168 300 300 2014 7 1 13 43 16 1 53
1 77 67 34.134 -118.52 253 175 39 300 2014 7 1 13 44 6 1 8
1 77 67 34.126 -118.63 266 214 64 300 2014 7 1 13 45 6 1 8
1 77 67 34.188 -118.67 290 246 84 300 2014 7 1 13 46 6 1 8
1 77 67 34.269 -118.65 299 293 101 300 2014 7 1 13 47 6 1 8
1 77 67 34.361 -118.64 324 8 113 300 2014 7 1 13 48 16 1 8
1 77 67 34.439 -118.69 327 337 124 300 2014 7 1 13 49 6 1 8
1 77 67 34.533 -118.73 341 337 135 300 2014 7 1 13 50 16 1 32
1 77 67 34.618 -118.77 350 338 146 300 2014 7 1 13 51 6 1 32
1 77 67 34.708 -118.82 350 338 155 300 2014 7 1 13 52 6 1 32
1 77 67 34.824 -118.87 361 338 170 300 2014 7 1 13 53 15 1 32
1 77 67 34.907 -118.94 369 324 179 300 2014 7 1 13 54 6 1 33
1 77 67 34.993 -119.02 370 325 190 300 2014 7 1 13 55 15 1 33
1 77 67 35.082 -119.09 377 325 201 300 2014 7 1 13 56 6 1 33
1 77 67 35.172 -119.16 384 325 211 300 2014 7 1 13 57 9 1 33
1 77 67 35.264 -119.24 390 326 221 300 2014 7 1 13 58 6 1 33
1 77 67 35.357 -119.32 398 326 232 300 2014 7 1 13 59 6 1 33
1 77 67 35.467 -119.41 402 325 246 300 2014 7 1 14 0 16 1 53
1 77 67 35.542 -119.5 399 325 256 300 2014 7 1 14 1 9 1 53
1 77 67 35.534 -119.48 403 317 254 300 2014 7 1 14 2 15 1 53
1 77 67 35.562 -119.6 386 283 266 300 2014 7 1 14 3 6 1 53
1 77 67 35.605 -119.87 368 280 299 300 2014 7 1 14 4 6 1 54
1 77 67 35.626 -119.99 363 281 300 300 2014 7 1 14 5 16 1 54
1 77 67 35.63 -120.02 365 281 300 300 2014 7 1 14 6 6 1 54
1 77 67 35.668 -120.25 382 281 300 300 2014 7 1 14 7 6 1 54
1 77 67 35.698 -120.37 392 281 300 300 2014 7 1 14 8 6 4 188
1 77 67 35.708 -120.4 389 286 300 300 2014 7 1 14 9 6 4 188
1 77 67 35.75 -120.49 397 298 300 300 2014 7 1 14 10 16 4 188
1 77 67 35.834 -120.65 400 298 300 300 2014 7 1 14 11 14 4 188
1 77 67 35.916 -120.75 410 314 300 300 2014 7 1 14 12 6 4 188
1 77 67 35.996 -120.85 405 315 300 300 2014 7 1 14 13 6 4 188
1 77 67 36.061 -120.93 408 315 300 300 2014 7 1 14 14 6 4 188
1 77 67 36.217 -121.13 459 315 263 300 2014 7 1 14 15 16 4 188
1 77 67 36.232 -121.14 442 313 260 300 2014 7 1 14 16 6 4 188
1 77 67 36.4 -121.35 430 315 216 300 2014 7 1 14 17 16 4 188
1 77 67 36.483 -121.45 417 314 195 300 2014 7 1 14 18 6 4 188
1 77 67 36.567 -121.52 400 315 173 300 2014 7 1 14 19 15 4 174
1 77 67 36.65 -121.6 387 327 147 300 2014 7 1 14 20 6 4 174
1 77 67 36.75 -121.65 407 324 124 300 2014 7 1 14 21 6 4 154
1 77 67 36.833 -121.7 356 335 102 300 2014 7 1 14 22 6 4 154
1 77 67 36.917 -121.75 308 335 83 300 2014 7 1 14 23 6 4 154
1 77 67 36.983 -121.78 286 333 80 300 2014 7 1 14 24 6 4 154
1 77 67 37.05 -121.83 292 335 73 300 2014 7 1 14 25 6 4 154
1 77 67 37.133 -121.88 286 336 61 300 2014 7 1 14 26 6 4 154
1 77 67 37.2 -121.92 279 334 46 300 2014 7 1 14 27 6 4 154
1 77 67 37.267 -121.95 271 338 32 300 2014 7 1 14 28 6 4 154
1 77 67 37.239 -121.94 278 329 44 300 2014 7 1 14 29 6 4 154
1 77 67 37.383 -122.02 200 334 20 300 2014 7 1 14 30 16 4 154
1 77 67 37.4 -121.98 170 10 13 300 2014 7 1 14 31 6 4 156
1 77 67 37.383 -121.95 132 113 4 300 2014 7 1 14 32 16 4 156
3 77 67 34.15 -118.5 166 181 27 260 2014 7 1 16 2 16 1 8
3 77 67 34.167 -118.55 189 241 43 260 2014 7 1 16 3 15 1 8
3 77 67 34.195 -118.57 197 291 52 260 2014 7 1 16 4 6 1 8
3 77 67 34.258 -118.6 233 329 68 260 2014 7 1 16 5 16 1 8
3 77 67 34.333 -118.64 275 336 86 260 2014 7 1 16 6 13 1 8
3 77 67 34.428 -118.68 300 338 111 260 2014 7 1 16 7 15 1 8
3 77 67 34.501 -118.72 283 339 135 260 2014 7 1 16 8 6 1 32
3 77 67 34.587 -118.76 338 338 142 260 2014 7 1 16 9 6 1 32
3 77 67 34.684 -118.8 369 337 156 260 2014 7 1 16 10 6 1 32
3 77 67 34.783 -118.85 377 338 174 260 2014 7 1 16 11 6 1 32
3 77 67 34.844 -118.88 375 339 180 260 2014 7 1 16 12 6 1 32
3 77 67 34.975 -119.01 390 316 210 260 2014 7 1 16 13 16 1 33
3 77 67 35.07 -119.08 398 330 224 260 2014 7 1 16 14 6 1 33
3 77 67 35.162 -119.16 408 327 241 260 2014 7 1 16 15 16 1 53
3 77 67 35.214 -119.28 408 307 252 260 2014 7 1 16 16 6 1 53
3 77 67 35.281 -119.43 410 296 259 260 2014 7 1 16 17 6 1 53
3 77 67 35.304 -119.48 409 299 260 260 2014 7 1 16 18 16 1 53
3 77 67 35.364 -119.61 433 299 260 260 2014 7 1 16 19 6 1 54
3 77 67 35.461 -119.83 450 299 260 260 2014 7 1 16 20 16 1 54
3 77 67 35.498 -119.91 451 298 260 260 2014 7 1 16 21 11 1 54
3 77 67 35.557 -120.04 452 299 260 260 2014 7 1 16 22 16 1 54
3 77 67 35.616 -120.18 452 298 260 260 2014 7 1 16 23 16 1 54
3 77 67 35.676 -120.31 452 298 260 260 2014 7 1 16 24 6 1 54
3 77 67 35.734 -120.44 451 298 260 260 2014 7 1 16 25 6 4 188
3 77 67 35.771 -120.52 451 298 260 260 2014 7 1 16 26 7 4 188
3 77 67 35.914 -120.7 457 309 260 260 2014 7 1 16 27 6 4 188
3 77 67 36.001 -120.82 457 313 260 260 2014 7 1 16 28 6 4 188
3 77 67 36.089 -120.93 459 313 260 260 2014 7 1 16 29 6 4 188
3 77 67 36.183 -121.05 466 313 251 260 2014 7 1 16 30 6 4 188
3 77 67 36.283 -121.18 471 314 234 260 2014 7 1 16 31 6 4 188
3 77 67 36.367 -121.3 461 311 222 260 2014 7 1 16 32 6 4 188
3 77 67 36.441 -121.4 456 311 213 260 2014 7 1 16 33 6 4 188
3 77 67 36.558 -121.51 445 326 187 260 2014 7 1 16 34 16 4 174
3 77 67 36.65 -121.58 410 322 153 260 2014 7 1 16 35 6 4 174
3 77 67 36.733 -121.65 382 325 127 260 2014 7 1 16 36 6 4 154
3 77 67 36.833 -121.7 340 333 99 260 2014 7 1 16 37 6 4 154
3 77 67 36.836 -121.7 354 338 99 260 2014 7 1 16 38 6 4 154
3 77 67 36.967 -121.78 290 334 65 260 2014 7 1 16 39 16 4 154
3 77 67 37.054 -121.83 291 338 61 260 2014 7 1 16 40 16 4 154
3 77 67 37.1 -121.87 243 335 59 260 2014 7 1 16 41 6 4 154
3 77 67 37.15 -121.9 240 335 54 260 2014 7 1 16 42 6 4 154
3 77 67 37.217 -121.93 242 335 41 260 2014 7 1 16 43 6 4 154
3 77 67 37.283 -121.97 233 334 30 260 2014 7 1 16 44 6 4 154
3 77 67 37.333 -122 214 334 21 260 2014 7 1 16 45 16 4 154
3 77 67 37.383 -122.02 179 335 15 260 2014 7 1 16 46 6 4 154
3 77 67 37.4 -121.98 139 20 11 260 2014 7 1 16 47 6 4 156
3 77 67 37.367 -121.95 134 103 2 260 2014 7 1 16 48 16 4 156
3 77 67 37.36 -121.93 137 141 260 260 2014 7 1 16 49 6 4 168
4 77 67 34.172 -118.49 174 150 20 380 2014 7 1 19 37 16 1 8
4 77 67 34.148 -118.53 175 179 30 380 2014 7 1 19 38 16 1 8
4 77 67 34.198 -118.57 228 262 42 380 2014 7 1 19 39 16 1 8
4 77 67 34.272 -118.6 272 291 68 380 2014 7 1 19 40 16 1 8
4 77 67 34.342 -118.64 272 338 68 380 2014 7 1 19 41 6 1 8
4 77 67 34.449 -118.69 334 339 112 380 2014 7 1 19 42 6 1 8
4 77 67 34.544 -118.74 367 338 130 380 2014 7 1 19 43 16 1 32
4 77 67 34.646 -118.79 388 337 152 380 2014 7 1 19 44 6 1 32
4 77 67 34.748 -118.84 394 338 178 380 2014 7 1 19 45 6 1 32
4 77 67 34.811 -118.87 395 338 190 380 2014 7 1 19 46 6 1 32
4 77 67 34.943 -118.93 412 337 219 380 2014 7 1 19 47 7 1 33
4 77 67 35.102 -119.01 449 339 248 380 2014 7 1 19 48 15 1 53
4 77 67 35.16 -119.07 447 337 259 380 2014 7 1 19 49 16 1 53
4 77 67 35.252 -119.17 452 318 280 380 2014 7 1 19 50 6 1 53
4 77 67 35.348 -119.27 450 319 309 380 2014 7 1 19 51 6 1 53
4 77 67 35.441 -119.36 440 321 331 380 2014 7 1 19 52 6 1 53
4 77 67 35.526 -119.47 441 320 340 380 2014 7 1 19 53 6 1 54
4 77 67 35.566 -119.64 450 300 346 360 2014 7 1 19 54 16 1 54
4 77 67 35.589 -119.79 441 279 360 360 2014 7 1 19 55 6 1 54
4 77 67 35.598 -119.85 433 281 360 360 2014 7 1 19 56 6 1 54
4 77 67 35.624 -119.99 433 282 360 360 2014 7 1 19 57 6 1 54
4 77 67 35.665 -120.23 450 281 360 360 2014 7 1 19 58 15 1 54
4 77 67 35.697 -120.38 449 281 360 360 2014 7 1 19 59 6 4 188
4 77 67 35.734 -120.46 448 285 360 360 2014 7 1 20 0 6 4 188
4 77 67 35.866 -120.64 453 310 360 360 2014 7 1 20 1 6 4 188
4 77 67 35.951 -120.75 451 313 341 360 2014 7 1 20 2 16 4 188
4 77 67 35.984 -120.8 445 315 332 360 2014 7 1 20 3 15 4 188
4 77 67 36.069 -120.91 445 313 308 360 2014 7 1 20 4 16 4 188
4 77 67 36.133 -121 466 313 289 360 2014 7 1 20 5 16 4 188
4 77 67 36.212 -121.09 459 314 269 360 2014 7 1 20 6 6 4 188
4 77 67 36.3 -121.21 465 311 245 360 2014 7 1 20 7 6 4 188
4 77 67 36.413 -121.34 470 321 215 360 2014 7 1 20 8 6 4 188
4 77 67 36.535 -121.39 453 338 189 360 2014 7 1 20 9 6 4 174
4 77 67 36.653 -121.45 454 338 162 360 2014 7 1 20 10 6 4 174
4 77 67 36.867 -121.55 381 338 105 360 2014 7 1 20 11 6 4 154
4 77 67 36.864 -121.56 412 341 106 360 2014 7 1 20 12 6 4 154
4 77 67 36.945 -121.6 337 334 98 360 2014 7 1 20 13 6 4 154
4 77 67 37.026 -121.64 317 337 81 360 2014 7 1 20 14 16 4 154
4 77 67 37.113 -121.68 310 341 61 360 2014 7 1 20 15 6 4 154
4 77 67 37.174 -121.72 284 329 49 360 2014 7 1 20 16 6 4 154
4 77 67 37.229 -121.79 253 321 33 360 2014 7 1 20 17 6 4 154
4 77 67 37.275 -121.84 235 321 22 360 2014 7 1 20 18 6 4 154
4 77 67 37.35 -121.92 161 318 4 360 2014 7 1 20 19 16 4 154
4 77 67 37.351 -121.92 186 309 3 360 2014 7 1 20 20 6 4 154
7 77 67 34.186 -118.49 160 0 260 260 2014 7 2 15 23 6 1 53
7 77 67 34.156 -118.53 236 174 38 260 2014 7 2 15 24 16 1 8
7 77 67 34.218 -118.57 229 211 61 260 2014 7 2 15 25 6 1 8
7 77 67 34.28 -118.6 231 295 80 260 2014 7 2 15 26 6 1 8
7 77 67 34.342 -118.63 235 335 96 260 2014 7 2 15 27 6 1 8
7 77 67 34.407 -118.66 247 337 112 260 2014 7 2 15 28 6 1 8
7 77 67 34.463 -118.69 260 337 125 260 2014 7 2 15 29 6 1 8
7 77 67 34.545 -118.73 267 337 143 260 2014 7 2 15 30 6 1 32
7 77 67 34.604 -118.76 270 337 153 260 2014 7 2 15 31 6 1 32
7 77 67 34.699 -118.81 285 337 169 260 2014 7 2 15 32 6 1 32
7 77 67 34.711 -118.82 294 338 172 260 2014 7 2 15 33 6 1 32
7 77 67 34.79 -118.86 305 338 187 260 2014 7 2 15 34 6 1 32
7 77 67 34.862 -118.91 308 331 201 260 2014 7 2 15 35 6 1 32
7 77 67 34.934 -118.97 306 324 217 260 2014 7 2 15 36 6 1 33
7 77 67 35.06 -119.07 305 325 242 260 2014 7 2 15 37 6 1 53
7 77 67 35.087 -119.09 308 325 247 260 2014 7 2 15 38 15 1 53
7 77 67 35.157 -119.15 308 325 259 260 2014 7 2 15 39 16 1 53
7 77 67 35.233 -119.22 330 325 260 260 2014 7 2 15 40 6 1 53
7 77 67 35.282 -119.32 351 304 260 260 2014 7 2 15 41 6 1 53
7 77 67 35.324 -119.43 351 295 260 260 2014 7 2 15 42 6 1 53
7 77 67 35.377 -119.56 358 296 260 260 2014 7 2 15 43 6 1 53
7 77 67 35.421 -119.67 361 295 260 260 2014 7 2 15 44 8 1 54
7 77 67 35.462 -119.78 359 295 260 260 2014 7 2 15 45 6 1 54
7 77 67 35.505 -119.88 353 296 260 260 2014 7 2 15 46 6 1 54
7 77 67 35.548 -120 355 296 260 260 2014 7 2 15 47 6 1 54
7 77 67 35.599 -120.13 358 295 260 260 2014 7 2 15 48 6 1 54
7 77 67 35.643 -120.24 358 295 260 260 2014 7 2 15 49 6 1 54
7 77 67 35.684 -120.35 360 295 260 260 2014 7 2 15 50 15 4 188
7 77 67 35.734 -120.45 360 295 260 260 2014 7 2 15 51 6 4 188
7 77 67 35.802 -120.54 361 309 260 260 2014 7 2 15 52 6 4 188
7 77 67 35.884 -120.65 361 313 260 260 2014 7 2 15 53 6 4 188
7 77 67 35.951 -120.74 361 312 260 260 2014 7 2 15 54 6 4 188
7 77 67 35.992 -120.79 361 312 260 260 2014 7 2 15 55 6 4 188
7 77 67 36.059 -120.88 361 313 260 260 2014 7 2 15 56 6 4 188
7 77 67 36.127 -120.97 360 312 260 260 2014 7 2 15 57 6 4 188
7 77 67 36.194 -121.07 360 312 260 260 2014 7 2 15 58 6 4 188
7 77 67 36.261 -121.16 359 318 245 260 2014 7 2 15 59 6 4 188
7 77 67 36.333 -121.25 367 312 229 260 2014 7 2 16 0 6 4 188
7 77 67 36.4 -121.34 363 315 213 260 2014 7 2 16 1 6 4 188
7 77 67 36.468 -121.44 366 316 198 260 2014 7 2 16 2 6 4 188
7 77 67 36.571 -121.52 366 324 171 260 2014 7 2 16 3 6 4 174
7 77 67 36.653 -121.59 364 321 148 260 2014 7 2 16 4 16 4 174
7 77 67 36.74 -121.65 357 330 130 260 2014 7 2 16 5 6 4 154
7 77 67 36.83 -121.7 348 334 117 260 2014 7 2 16 6 6 4 154
7 77 67 36.915 -121.75 340 329 106 260 2014 7 2 16 7 6 4 154
7 77 67 36.991 -121.8 310 334 96 260 2014 7 2 16 8 6 4 154
7 77 67 37.067 -121.84 304 334 86 260 2014 7 2 16 9 6 4 154
7 77 67 37.141 -121.89 296 338 70 260 2014 7 2 16 10 6 4 154
7 77 67 37.224 -121.94 274 329 60 260 2014 7 2 16 11 6 4 154
7 77 67 37.286 -121.97 253 338 49 260 2014 7 2 16 12 6 4 154
7 77 67 37.317 -121.98 217 336 42 260 2014 7 2 16 13 6 4 154
7 77 67 37.367 -122.02 226 330 22 260 2014 7 2 16 14 19 4 154
7 77 67 37.421 -122 211 345 20 260 2014 7 2 16 15 16 4 156
7 77 67 37.389 -121.96 183 89 9 260 2014 7 2 16 16 6 4 156
7 77 67 37.362 -121.93 149 141 1 260 2014 7 2 16 17 6 4 156
9 77 67 34.168 -118.49 180 168 380 380 2014 7 3 18 20 6 1 53
9 77 67 34.142 -118.53 232 185 35 380 2014 7 3 18 21 6 1 8
9 77 67 34.137 -118.6 214 226 51 380 2014 7 3 18 22 6 1 8
9 77 67 34.204 -118.65 251 283 74 380 2014 7 3 18 23 6 1 8
9 77 67 34.284 -118.65 280 303 92 380 2014 7 3 18 24 8 1 8
9 77 67 34.362 -118.66 331 344 114 380 2014 7 3 18 25 6 1 8
9 77 67 34.447 -118.68 315 355 135 380 2014 7 3 18 26 6 1 32
9 77 67 34.534 -118.73 332 348 155 380 2014 7 3 18 27 6 1 32
9 77 67 34.628 -118.77 358 337 174 380 2014 7 3 18 28 6 1 32
9 77 67 34.643 -118.78 372 336 176 380 2014 7 3 18 29 7 1 32
9 77 67 34.835 -118.88 401 337 203 380 2014 7 3 18 30 6 1 32
9 77 67 34.864 -118.91 410 336 209 380 2014 7 3 18 31 6 1 32
9 77 67 35.041 -119.05 412 325 249 380 2014 7 3 18 32 6 1 53
9 77 67 35.132 -119.13 402 326 278 380 2014 7 3 18 33 6 1 53
9 77 67 35.146 -119.14 386 326 282 380 2014 7 3 18 34 7 1 53
9 77 67 35.218 -119.2 386 325 294 380 2014 7 3 18 35 6 1 53
9 77 67 35.333 -119.3 410 325 308 380 2014 7 3 18 36 6 1 53
9 77 67 35.411 -119.44 423 313 324 380 2014 7 3 18 37 6 1 54
9 77 67 35.452 -119.58 441 289 341 380 2014 7 3 18 38 6 1 54
9 77 67 35.494 -119.72 435 290 364 380 2014 7 3 18 39 6 1 54
9 77 67 35.535 -119.85 423 291 377 380 2014 7 3 18 40 6 1 54
9 77 67 35.577 -119.99 429 290 379 380 2014 7 3 18 41 6 1 54
9 77 67 35.626 -120.15 416 290 379 380 2014 7 3 18 42 6 1 54
9 77 67 35.665 -120.28 414 290 379 380 2014 7 3 18 43 6 1 54
9 77 67 35.711 -120.41 420 291 379 380 2014 7 3 18 44 6 4 188
9 77 67 35.746 -120.54 410 292 379 380 2014 7 3 18 45 6 4 188
9 77 67 35.765 -120.71 416 277 379 380 2014 7 3 18 46 6 4 188
9 77 67 35.781 -120.85 415 278 379 380 2014 7 3 18 47 6 4 188
9 77 67 35.794 -120.98 402 277 379 380 2014 7 3 18 48 6 4 188
9 77 67 35.81 -121.09 400 277 361 380 2014 7 3 18 49 6 4 188
9 77 67 35.889 -121.21 454 278 333 380 2014 7 3 18 50 6 4 188
9 77 67 36.02 -121.25 477 327 304 380 2014 7 3 18 51 6 4 188
9 77 67 36.15 -121.3 461 345 274 380 2014 7 3 18 52 6 4 188
9 77 67 36.264 -121.34 445 344 241 380 2014 7 3 18 53 6 4 188
9 77 67 36.373 -121.38 414 338 214 380 2014 7 3 18 54 6 4 188
9 77 67 36.467 -121.43 371 339 194 380 2014 7 3 18 55 6 4 188
9 77 67 36.569 -121.51 355 321 168 380 2014 7 3 18 56 6 4 174
9 77 67 36.65 -121.53 368 327 148 380 2014 7 3 18 57 6 4 174
9 77 67 36.763 -121.57 356 345 124 380 2014 7 3 18 58 6 4 154
9 77 67 36.849 -121.61 320 342 104 380 2014 7 3 18 59 6 4 154
9 77 67 36.928 -121.63 299 342 88 380 2014 7 3 19 0 6 4 154
9 77 67 37.002 -121.66 282 348 74 380 2014 7 3 19 1 7 4 154
9 77 67 37.08 -121.69 254 338 57 380 2014 7 3 19 2 6 4 154
9 77 67 37.142 -121.71 242 348 50 380 2014 7 3 19 3 6 4 154
9 77 67 37.183 -121.72 217 345 49 380 2014 7 3 19 4 6 4 154
9 77 67 37.217 -121.78 218 326 36 380 2014 7 3 19 5 6 4 154
9 77 67 37.267 -121.82 177 319 21 380 2014 7 3 19 6 6 4 154
9 77 67 37.283 -121.85 141 318 14 380 2014 7 3 19 7 6 4 154
9 77 67 37.331 -121.9 147 321 7 380 2014 7 3 19 8 6 4 154
9 77 67 37.35 -121.92 141 319 3 380 2014 7 3 19 9 6 4 154
9 77 67 37.363 -121.93 138 321 380 380 2014 7 3 19 10 6 4 189
11 77 67 34.183 -118.48 175 179 21 260 2014 7 3 21 13 6 1 8
11 77 67 34.149 -118.54 213 168 43 260 2014 7 3 21 14 6 1 8
11 77 67 34.196 -118.58 216 292 69 260 2014 7 3 21 15 6 1 8
11 77 67 34.259 -118.61 244 304 88 260 2014 7 3 21 16 6 1 8
11 77 67 34.359 -118.65 308 330 121 260 2014 7 3 21 17 6 1 8
11 77 67 34.449 -118.69 338 340 149 260 2014 7 3 21 18 6 1 32
11 77 67 34.538 -118.74 346 338 173 260 2014 7 3 21 19 6 1 32
11 77 67 34.633 -118.78 367 338 194 260 2014 7 3 21 20 7 1 32
11 77 67 34.729 -118.83 370 339 217 260 2014 7 3 21 21 10 1 32
11 77 67 34.825 -118.88 374 338 237 260 2014 7 3 21 22 6 1 32
11 77 67 34.903 -118.94 383 336 255 260 2014 7 3 21 23 6 1 53
11 77 67 34.993 -119.02 390 326 260 260 2014 7 3 21 24 6 1 53
11 77 67 35.096 -119.1 433 326 259 260 2014 7 3 21 25 8 1 53
11 77 67 35.218 -119.2 438 326 259 260 2014 7 3 21 26 6 1 53
11 77 67 35.318 -119.28 438 326 259 260 2014 7 3 21 27 6 1 53
11 77 67 35.418 -119.37 438 326 259 260 2014 7 3 21 28 6 1 53
11 77 67 35.508 -119.46 439 326 259 260 2014 7 3 21 29 6 1 53
11 77 67 35.569 -119.59 434 315 259 260 2014 7 3 21 30 6 1 53
11 77 67 35.582 -119.65 429 301 259 260 2014 7 3 21 31 6 1 53
11 77 67 35.602 -119.79 425 281 259 260 2014 7 3 21 32 6 1 54
11 77 67 35.639 -120.04 422 279 259 260 2014 7 3 21 33 6 1 54
11 77 67 35.643 -120.07 418 280 259 260 2014 7 3 21 34 6 1 54
11 77 67 35.681 -120.32 422 280 259 260 2014 7 3 21 35 6 1 54
11 77 67 35.697 -120.37 425 280 259 260 2014 7 3 21 36 6 4 188
11 77 67 35.761 -120.49 418 295 259 260 2014 7 3 21 37 6 4 188
11 77 67 35.826 -120.58 426 312 259 260 2014 7 3 21 38 6 4 188
11 77 67 35.924 -120.71 427 313 259 260 2014 7 3 21 39 6 4 188
11 77 67 36.005 -120.81 427 313 259 260 2014 7 3 21 40 6 4 188
11 77 67 36.07 -120.9 427 313 259 260 2014 7 3 21 41 6 4 188
11 77 67 36.15 -121.01 429 269 253 260 2014 7 3 21 42 6 4 188
11 77 67 36.25 -121.13 419 312 236 260 2014 7 3 21 43 6 4 188
11 77 67 36.324 -121.24 414 313 223 260 2014 7 3 21 44 6 4 188
11 77 67 36.401 -121.34 414 309 210 260 2014 7 3 21 45 6 4 188
11 77 67 36.5 -121.45 395 315 191 260 2014 7 3 21 46 6 4 174
11 77 67 36.576 -121.51 388 337 173 260 2014 7 3 21 47 6 4 174
11 77 67 36.7 -121.55 379 340 146 260 2014 7 3 21 48 6 4 174
11 77 67 36.783 -121.58 359 346 125 260 2014 7 3 21 49 6 4 154
11 77 67 36.867 -121.61 341 341 107 260 2014 7 3 21 50 6 4 154
11 77 67 36.947 -121.64 300 348 89 260 2014 7 3 21 51 6 4 154
11 77 67 37.035 -121.67 279 338 67 260 2014 7 3 21 52 6 4 154
11 77 67 37.106 -121.69 272 342 50 260 2014 7 3 21 53 6 4 154
11 77 67 37.17 -121.72 255 348 50 260 2014 7 3 21 54 6 4 154
11 77 67 37.211 -121.77 217 309 38 260 2014 7 3 21 55 6 4 154
11 77 67 37.251 -121.81 204 332 26 260 2014 7 3 21 56 6 4 154
11 77 67 37.294 -121.86 202 309 16 260 2014 7 3 21 57 6 4 154
11 77 67 37.327 -121.89 179 321 8 260 2014 7 3 21 58 6 4 154
11 77 67 37.359 -121.93 144 319 260 260 2014 7 3 21 59 6 4 168
13 77 67 34.159 -118.5 198 190 30 280 2014 7 4 15 5 6 1 8
13 77 67 34.209 -118.53 198 335 30 280 2014 7 4 15 6 6 1 8
13 77 67 34.247 -118.59 249 285 79 280 2014 7 4 15 7 16 1 8
13 77 67 34.247 -118.59 249 285 79 280 2014 7 4 15 8 6 1 8
13 77 67 34.404 -118.66 308 341 149 280 2014 7 4 15 9 15 1 32
13 77 67 34.487 -118.7 319 338 179 280 2014 7 4 15 10 15 1 32
13 77 67 34.565 -118.75 325 338 207 280 2014 7 4 15 11 15 1 32
13 77 67 34.664 -118.79 349 336 237 280 2014 7 4 15 12 18 1 32
13 77 67 34.766 -118.84 356 338 263 280 2014 7 4 15 13 6 1 53
13 77 67 34.858 -118.91 377 337 280 280 2014 7 4 15 14 15 1 53
13 77 67 34.866 -118.91 381 331 280 280 2014 7 4 15 15 6 1 53
13 77 67 34.952 -118.99 406 325 280 280 2014 7 4 15 16 6 1 53
13 77 67 35.054 -119.07 431 325 280 280 2014 7 4 15 17 6 1 53
13 77 67 35.182 -119.17 454 327 280 280 2014 7 4 15 18 6 1 53
13 77 67 35.303 -119.39 435 315 280 280 2014 7 4 15 19 15 1 53
13 77 67 35.313 -119.42 435 296 280 280 2014 7 4 15 20 6 1 53
13 77 67 35.409 -119.65 435 296 280 280 2014 7 4 15 21 15 1 54
13 77 67 35.421 -119.68 436 296 280 280 2014 7 4 15 22 16 1 54
13 77 67 35.475 -119.82 443 295 280 280 2014 7 4 15 23 6 1 54
13 77 67 35.541 -119.98 447 295 280 280 2014 7 4 15 24 6 1 54
13 77 67 35.595 -120.12 453 296 280 280 2014 7 4 15 25 15 1 54
13 77 67 35.651 -120.26 453 295 280 280 2014 7 4 15 26 6 1 54
13 77 67 35.714 -120.39 455 298 280 200 2014 7 4 15 27 15 4 188
13 77 67 35.797 -120.5 448 312 276 200 2014 7 4 15 28 6 4 188
13 77 67 35.893 -120.64 433 312 264 200 2014 7 4 15 29 16 4 188
13 77 67 35.973 -120.75 433 311 254 200 2014 7 4 15 30 6 4 188
13 77 67 36.055 -120.86 439 312 244 200 2014 7 4 15 31 6 4 188
13 77 67 36.12 -120.95 442 310 236 200 2014 7 4 15 32 6 4 188
13 77 67 36.199 -121.06 438 311 226 200 2014 7 4 15 33 6 4 188
13 77 67 36.35 -121.27 422 311 208 200 2014 7 4 15 34 16 4 188
13 77 67 36.417 -121.37 411 312 193 200 2014 7 4 15 35 15 4 188
13 77 67 36.431 -121.39 416 309 190 200 2014 7 4 15 36 6 4 154
13 77 67 36.521 -121.45 393 321 170 200 2014 7 4 15 37 6 4 174
13 77 67 36.717 -121.5 387 350 133 200 2014 7 4 15 38 16 4 154
13 77 67 36.732 -121.5 384 345 130 200 2014 7 4 15 39 6 4 154
13 77 67 36.9 -121.53 313 350 95 200 2014 7 4 15 40 15 4 154
13 77 67 36.967 -121.58 273 348 82 200 2014 7 4 15 41 6 4 154
13 77 67 37.033 -121.62 293 330 67 200 2014 7 4 15 42 6 4 154
13 77 67 37.1 -121.67 289 329 50 200 2014 7 4 15 43 6 4 154
13 77 67 37.167 -121.72 264 331 50 200 2014 7 4 15 44 15 4 154
13 77 67 37.217 -121.78 256 327 37 200 2014 7 4 15 45 6 4 154
13 77 67 37.283 -121.83 251 315 21 200 2014 7 4 15 46 16 4 154
13 77 67 37.317 -121.88 196 319 11 200 2014 7 4 15 47 16 4 154
13 77 67 37.35 -121.92 130 318 3 200 2014 7 4 15 48 6 4 154
13 77 67 37.363 -121.93 150 321 200 200 2014 7 4 15 49 16 4 156
