1 51 77 34.21 -118.49 128 0 8 60 2014 7 2 1 33 16 1 8
1 51 77 34.132 -118.61 244 190 40 60 2014 7 2 1 35 6 1 8
1 51 77 34.133 -118.63 244 233 40 60 2014 7 2 1 36 6 1 8
1 51 77 34.161 -118.73 215 276 40 60 2014 7 2 1 37 15 1 8
1 51 77 34.176 -118.76 216 304 40 60 2014 7 2 1 38 6 1 8
1 51 77 34.198 -118.81 219 294 40 60 2014 7 2 1 39 6 1 8
1 51 77 34.197 -118.89 211 295 40 60 2014 7 2 1 40 6 1 14
1 51 77 34.198 -118.95 190 269 40 60 2014 7 2 1 41 6 1 14
1 51 77 34.198 -119 116 270 32 60 2014 7 2 1 42 6 1 14
1 51 77 34.199 -119.03 107 270 27 60 2014 7 2 1 43 6 1 14
1 51 77 34.199 -119.12 124 272 14 60 2014 7 2 1 44 16 1 14
1 51 77 34.199 -119.12 124 272 14 60 2014 7 2 1 45 6 1 14
1 51 77 34.201 -119.16 113 269 8 60 2014 7 2 1 46 8 1 14
1 51 77 34.201 -119.21 127 0 0 50 2014 7 2 1 48 16 1 14
1 51 77 34.199 -119.24 167 270 9 60 2014 7 2 1 49 15 1 14
1 51 77 34.263 -119.23 292 356 50 50 2014 7 2 1 50 15 1 14
1 51 77 34.263 -119.23 292 356 50 50 2014 7 2 1 51 6 1 14
1 51 77 34.243 -119.11 283 91 50 50 2014 7 2 1 52 16 1 14
1 51 77 34.231 -119.04 285 102 50 50 2014 7 2 1 53 15 1 14
1 51 77 34.25 -118.92 291 98 50 50 2014 7 2 1 54 6 1 14
1 51 77 34.314 -118.78 290 72 50 50 2014 7 2 1 55 15 1 8
1 51 77 34.314 -118.78 290 72 50 50 2014 7 2 1 56 8 1 8
1 51 77 34.35 -118.67 290 80 50 50 2014 7 2 1 57 6 1 8
1 51 77 34.383 -118.57 263 64 50 50 2014 7 2 1 58 6 1 8
1 51 77 34.386 -118.52 195 68 50 50 2014 7 2 1 59 16 1 8
1 51 77 34.333 -118.5 176 73 37 50 2014 7 2 2 0 16 1 8
1 51 77 34.3 -118.5 127 149 29 50 2014 7 2 2 1 6 1 8
1 51 77 34.265 -118.5 145 167 25 50 2014 7 2 2 2 6 1 8
1 51 77 34.236 -118.49 131 177 14 50 2014 7 2 2 3 15 1 8
2 51 77 34.2 -119.23 135 266 12 50 2014 7 2 16 6 6 1 14
2 51 77 34.208 -119.28 133 294 35 50 2014 7 2 16 7 6 1 14
2 51 77 34.234 -119.24 178 58 50 50 2014 7 2 16 8 6 1 14
2 51 77 34.251 -119.16 231 75 50 50 2014 7 2 16 9 6 1 14
2 51 77 34.251 -119.09 218 91 50 50 2014 7 2 16 10 6 1 14
2 51 77 34.249 -119 220 90 50 50 2014 7 2 16 11 6 1 14
2 51 77 34.264 -118.93 233 89 50 50 2014 7 2 16 12 6 1 14
2 51 77 34.295 -118.86 233 64 50 50 2014 7 2 16 13 6 1 8
2 51 77 34.326 -118.79 233 58 50 50 2014 7 2 16 14 19 1 8
2 51 77 34.383 -118.67 220 60 50 50 2014 7 2 16 15 16 1 8
2 51 77 34.388 -118.66 227 58 50 50 2014 7 2 16 16 6 1 8
2 51 77 34.417 -118.59 217 51 50 50 2014 7 2 16 17 6 1 8
2 51 77 34.415 -118.53 197 89 50 50 2014 7 2 16 18 6 1 8
2 51 77 34.377 -118.51 163 128 48 50 2014 7 2 16 19 6 1 8
2 51 77 34.342 -118.5 140 180 39 50 2014 7 2 16 20 9 1 8
2 51 77 34.302 -118.5 137 180 30 50 2014 7 2 16 21 6 1 8
2 51 77 34.261 -118.5 142 180 20 50 2014 7 2 16 22 16 1 8
2 51 77 34.216 -118.49 143 180 14 50 2014 7 2 16 23 16 1 8
3 51 77 34.2 -119.23 156 0 10 50 2014 7 2 18 57 6 1 14
3 51 77 34.199 -119.28 164 268 25 50 2014 7 2 18 58 6 1 14
3 51 77 34.238 -119.21 245 14 42 50 2014 7 2 18 59 6 1 14
3 51 77 34.25 -119.15 203 82 50 50 2014 7 2 19 0 6 1 14
3 51 77 34.25 -119.08 232 83 50 50 2014 7 2 19 1 6 1 14
3 51 77 34.267 -119 228 82 50 50 2014 7 2 19 2 6 1 14
3 51 77 34.261 -118.99 223 76 50 50 2014 7 2 19 3 6 1 14
3 51 77 34.281 -118.91 219 89 50 50 2014 7 2 19 4 6 1 14
3 51 77 34.333 -118.8 215 62 50 50 2014 7 2 19 5 16 1 8
3 51 77 34.35 -118.75 209 61 50 50 2014 7 2 19 6 6 1 8
3 51 77 34.367 -118.72 216 68 51 50 2014 7 2 19 7 6 1 8
3 51 77 34.417 -118.62 207 60 50 50 2014 7 2 19 8 6 1 8
3 51 77 34.433 -118.57 214 62 50 50 2014 7 2 19 9 6 1 8
3 51 77 34.417 -118.52 205 78 50 50 2014 7 2 19 10 6 1 8
3 51 77 34.367 -118.5 155 165 46 50 2014 7 2 19 11 6 1 8
3 51 77 34.333 -118.5 146 181 36 50 2014 7 2 19 12 6 1 8
3 51 77 34.283 -118.5 139 172 27 50 2014 7 2 19 13 6 1 8
3 51 77 34.25 -118.5 138 175 17 50 2014 7 2 19 14 6 1 8
3 51 77 34.224 -118.49 136 180 11 50 2014 7 2 19 15 6 1 8
4 51 77 34.21 -118.49 125 0 8 260 2014 7 2 23 33 6 1 8
4 51 77 34.167 -118.5 168 180 19 260 2014 7 2 23 34 6 1 8
4 51 77 34.148 -118.53 171 259 35 260 2014 7 2 23 35 6 1 8
4 51 77 34.138 -118.59 190 225 51 260 2014 7 2 23 36 6 1 8
4 51 77 34.169 -118.64 207 249 66 260 2014 7 2 23 37 16 1 8
4 51 77 34.227 -118.65 208 298 82 260 2014 7 2 23 38 6 1 8
4 51 77 34.283 -118.67 210 332 97 260 2014 7 2 23 39 6 1 8
4 51 77 34.352 -118.7 216 345 114 260 2014 7 2 23 40 6 1 8
4 51 77 34.413 -118.72 224 335 127 260 2014 7 2 23 41 6 1 8
4 51 77 34.472 -118.74 224 344 141 260 2014 7 2 23 42 6 1 32
4 51 77 34.534 -118.76 230 343 154 260 2014 7 2 23 43 6 1 32
4 51 77 34.599 -118.79 241 343 167 260 2014 7 2 23 44 6 1 32
4 51 77 34.662 -118.81 239 343 180 260 2014 7 2 23 45 6 1 32
4 51 77 34.741 -118.84 247 344 196 260 2014 7 2 23 46 6 1 32
4 51 77 34.805 -118.86 245 343 209 260 2014 7 2 23 47 6 1 32
4 51 77 34.836 -118.89 238 323 217 260 2014 7 2 23 48 6 1 32
4 51 77 34.9 -118.97 225 321 233 260 2014 7 2 23 49 16 1 33
4 51 77 34.945 -119.02 217 317 242 260 2014 7 2 23 50 6 1 53
4 51 77 34.99 -119.06 220 317 252 260 2014 7 2 23 51 6 1 53
4 51 77 35.018 -119.09 219 317 256 260 2014 7 2 23 52 6 1 53
4 51 77 35.09 -119.18 225 320 260 260 2014 7 2 23 53 15 1 53
4 51 77 35.143 -119.23 246 317 260 260 2014 7 2 23 54 16 1 53
4 51 77 35.199 -119.29 260 318 260 260 2014 7 2 23 55 16 1 53
4 51 77 35.255 -119.35 265 317 260 260 2014 7 2 23 56 6 1 53
4 51 77 35.309 -119.42 268 318 260 260 2014 7 2 23 57 6 1 53
4 51 77 35.339 -119.45 265 317 260 260 2014 7 2 23 58 15 1 53
4 51 77 35.429 -119.55 268 318 260 260 2014 7 2 23 59 6 1 53
4 51 77 35.484 -119.61 268 317 260 260 2014 7 3 0 0 6 1 53
4 51 77 35.515 -119.65 266 317 260 260 2014 7 3 0 1 6 1 53
4 51 77 35.571 -119.71 266 317 260 260 2014 7 3 0 2 6 1 53
4 51 77 35.659 -119.81 269 317 260 260 2014 7 3 0 3 16 1 53
4 51 77 35.681 -119.83 267 317 260 260 2014 7 3 0 4 16 1 53
4 51 77 35.736 -119.89 267 317 260 260 2014 7 3 0 5 6 1 53
4 51 77 35.792 -119.96 272 316 260 260 2014 7 3 0 6 6 1 53
4 51 77 35.858 -120.03 272 317 260 260 2014 7 3 0 7 6 4 168
4 51 77 35.916 -120.1 276 316 260 260 2014 7 3 0 8 6 4 168
4 51 77 35.971 -120.16 277 317 260 260 2014 7 3 0 9 6 4 168
4 51 77 36.028 -120.23 277 316 260 260 2014 7 3 0 10 6 4 168
4 51 77 36.062 -120.27 276 316 260 260 2014 7 3 0 11 6 4 168
4 51 77 36.119 -120.33 277 317 260 260 2014 7 3 0 12 6 4 168
4 51 77 36.141 -120.36 277 317 260 260 2014 7 3 0 13 6 4 168
4 51 77 36.2 -120.42 282 317 260 260 2014 7 3 0 14 6 4 168
4 51 77 36.268 -120.5 283 317 260 260 2014 7 3 0 15 6 4 168
4 51 77 36.382 -120.63 281 317 260 260 2014 7 3 0 16 7 4 168
4 51 77 36.439 -120.7 281 317 260 260 2014 7 3 0 17 6 4 168
4 51 77 36.496 -120.77 281 316 260 260 2014 7 3 0 18 6 4 168
4 51 77 36.554 -120.83 282 316 260 260 2014 7 3 0 19 6 4 168
4 51 77 36.612 -120.9 282 317 260 260 2014 7 3 0 20 16 4 168
4 51 77 36.669 -120.96 282 316 260 260 2014 7 3 0 21 6 4 168
4 51 77 36.682 -120.98 285 317 260 260 2014 7 3 0 22 6 4 168
4 51 77 36.798 -121.12 286 316 260 260 2014 7 3 0 23 15 4 168
4 51 77 36.798 -121.12 286 316 260 260 2014 7 3 0 24 6 4 168
4 51 77 36.914 -121.25 287 315 260 260 2014 7 3 0 25 16 4 168
4 51 77 36.914 -121.25 287 315 260 260 2014 7 3 0 26 6 4 168
4 51 77 36.972 -121.32 287 316 260 200 2014 7 3 0 27 6 4 168
4 51 77 37.029 -121.39 287 317 260 200 2014 7 3 0 28 16 4 168
4 51 77 37.091 -121.46 287 316 255 200 2014 7 3 0 29 16 4 168
4 51 77 37.183 -121.57 309 317 243 200 2014 7 3 0 30 6 4 168
4 51 77 37.25 -121.63 311 316 235 200 2014 7 3 0 31 6 4 168
4 51 77 37.3 -121.72 309 316 227 200 2014 7 3 0 32 6 4 168
4 51 77 37.367 -121.8 308 316 219 200 2014 7 3 0 33 6 4 168
4 51 77 37.433 -121.87 322 316 211 200 2014 7 3 0 34 6 4 156
4 51 77 37.479 -121.93 314 316 204 200 2014 7 3 0 35 15 4 156
4 51 77 37.543 -122 315 321 192 200 2014 7 3 0 36 16 4 156
4 51 77 37.608 -122.08 321 315 180 200 2014 7 3 0 37 6 4 176
4 51 77 37.683 -122.17 287 311 167 200 2014 7 3 0 38 16 4 176
4 51 77 37.751 -122.25 322 318 159 200 2014 7 3 0 39 6 4 155
4 51 77 37.828 -122.29 318 317 149 200 2014 7 3 0 40 6 4 155
4 51 77 37.914 -122.29 316 334 135 200 2014 7 3 0 41 6 4 155
4 51 77 37.993 -122.29 290 349 115 200 2014 7 3 0 42 6 4 155
4 51 77 38.066 -122.29 270 0 95 200 2014 7 3 0 43 15 4 155
4 51 77 38.133 -122.29 252 0 75 200 2014 7 3 0 44 16 4 165
4 51 77 38.203 -122.33 236 359 50 200 2014 7 3 0 45 6 4 165
4 51 77 38.233 -122.39 233 2 34 200 2014 7 3 0 46 16 4 165
4 51 77 38.192 -122.37 207 323 25 200 2014 7 3 0 47 6 4 165
4 51 77 38.226 -122.33 191 248 17 200 2014 7 3 0 48 6 4 165
4 51 77 38.259 -122.29 180 98 11 200 2014 7 3 0 49 6 4 165
4 51 77 38.22 -122.25 180 141 11 200 2014 7 3 0 50 6 4 165
4 51 77 38.181 -122.21 180 141 11 200 2014 7 3 0 51 6 4 165
4 51 77 38.142 -122.17 180 141 11 200 2014 7 3 0 52 6 4 151
4 51 77 38.103 -122.14 180 141 11 200 2014 7 3 0 53 6 4 151
4 51 77 38.063 -122.1 180 141 11 200 2014 7 3 0 54 15 4 151
4 51 77 38.024 -122.06 180 141 11 200 2014 7 3 0 55 16 4 151
4 51 77 37.985 -122.02 180 141 11 200 2014 7 3 0 56 6 4 151
4 51 77 37.946 -121.98 180 141 11 200 2014 7 3 0 57 6 4 155
4 51 77 37.906 -121.94 180 141 11 200 2014 7 3 0 58 16 4 155
4 51 77 37.867 -121.9 180 141 11 200 2014 7 3 0 59 16 4 152
4 51 77 37.828 -121.86 180 141 11 200 2014 7 3 1 0 6 4 152
4 51 77 37.789 -121.82 180 141 11 200 2014 7 3 1 1 16 4 152
4 51 77 37.749 -121.78 180 142 11 200 2014 7 3 1 2 6 4 152
4 51 77 37.71 -121.75 180 142 11 200 2014 7 3 1 3 6 4 152
4 51 77 37.671 -121.71 180 142 11 200 2014 7 3 1 4 15 4 152
4 51 77 37.631 -121.67 180 142 11 200 2014 7 3 1 5 6 4 152
4 51 77 37.592 -121.63 180 142 11 200 2014 7 3 1 6 6 4 152
4 51 77 37.552 -121.59 180 142 11 200 2014 7 3 1 7 6 4 152
4 51 77 37.513 -121.55 180 142 11 200 2014 7 3 1 8 6 4 152
4 51 77 37.474 -121.51 180 142 11 200 2014 7 3 1 9 6 4 152
4 51 77 37.434 -121.47 180 142 11 200 2014 7 3 1 10 6 4 152
4 51 77 37.395 -121.44 180 142 11 200 2014 7 3 1 11 16 4 152
4 51 77 37.355 -121.4 180 142 11 200 2014 7 3 1 12 6 4 152
4 51 77 37.316 -121.36 180 142 11 200 2014 7 3 1 13 6 4 152
4 51 77 37.276 -121.32 180 142 11 200 2014 7 3 1 14 6 4 154
4 51 77 37.237 -121.28 180 142 11 200 2014 7 3 1 15 16 4 154
4 51 77 37.197 -121.24 180 142 11 200 2014 7 3 1 16 15 4 154
4 51 77 37.158 -121.21 180 142 11 200 2014 7 3 1 17 6 4 154
4 51 77 37.118 -121.17 180 142 11 200 2014 7 3 1 18 6 4 154
4 51 77 37.079 -121.13 180 142 11 200 2014 7 3 1 19 15 4 154
4 51 77 37.039 -121.09 180 142 11 200 2014 7 3 1 20 6 4 154
4 51 77 36.999 -121.05 180 142 11 200 2014 7 3 1 21 15 4 154
4 51 77 36.96 -121.02 180 142 11 200 2014 7 3 1 22 6 4 154
4 51 77 36.92 -120.98 180 142 11 200 2014 7 3 1 23 6 4 152
4 51 77 36.881 -120.94 180 142 11 200 2014 7 3 1 24 16 4 152
4 51 77 36.841 -120.9 180 142 11 200 2014 7 3 1 25 6 4 152
4 51 77 36.801 -120.86 180 142 11 200 2014 7 3 1 26 6 4 152
4 51 77 36.762 -120.83 180 142 11 200 2014 7 3 1 27 6 4 152
4 51 77 36.722 -120.79 180 142 11 200 2014 7 3 1 28 15 4 152
4 51 77 36.682 -120.75 180 142 11 200 2014 7 3 1 29 16 4 152
4 51 77 36.643 -120.71 180 142 11 200 2014 7 3 1 30 16 4 152
4 51 77 36.603 -120.67 180 142 11 200 2014 7 3 1 31 6 4 169
4 51 77 36.563 -120.64 180 142 11 200 2014 7 3 1 32 17 4 169
4 51 77 36.524 -120.6 180 142 11 200 2014 7 3 1 33 6 4 169
4 51 77 36.484 -120.56 180 142 11 200 2014 7 3 1 34 15 4 169
4 51 77 36.444 -120.52 180 142 11 200 2014 7 3 1 35 16 4 169
4 51 77 36.404 -120.49 180 142 11 200 2014 7 3 1 36 6 4 169
4 51 77 36.365 -120.45 180 142 11 200 2014 7 3 1 37 15 4 169
4 51 77 36.325 -120.41 180 142 11 200 2014 7 3 1 38 6 4 169
4 51 77 36.285 -120.37 180 142 11 200 2014 7 3 1 39 6 4 169
4 51 77 36.245 -120.34 180 142 11 200 2014 7 3 1 40 16 4 169
4 51 77 36.206 -120.3 180 142 11 200 2014 7 3 1 41 15 4 169
4 51 77 36.166 -120.26 180 142 11 200 2014 7 3 1 42 6 4 169
4 51 77 36.126 -120.22 180 142 11 200 2014 7 3 1 43 6 4 157
4 51 77 36.086 -120.19 180 142 11 200 2014 7 3 1 44 6 4 157
4 51 77 36.046 -120.15 180 143 11 200 2014 7 3 1 45 6 4 157
4 51 77 36.006 -120.11 180 143 11 200 2014 7 3 1 46 6 4 157
4 51 77 35.966 -120.08 180 143 11 200 2014 7 3 1 47 6 4 157
4 51 77 35.926 -120.04 180 143 11 200 2014 7 3 1 48 6 4 157
4 51 77 35.887 -120 180 143 11 200 2014 7 3 1 49 15 4 157
4 51 77 35.847 -119.97 180 143 11 200 2014 7 3 1 50 16 4 157
4 51 77 35.807 -119.93 180 143 11 200 2014 7 3 1 51 6 4 157
4 51 77 35.767 -119.89 180 143 11 200 2014 7 3 1 52 6 4 157
4 51 77 35.727 -119.85 180 143 11 200 2014 7 3 1 53 6 4 157
4 51 77 35.687 -119.82 180 143 11 200 2014 7 3 1 54 6 1 23
4 51 77 35.647 -119.78 180 143 11 200 2014 7 3 1 55 6 1 23
4 51 77 35.607 -119.74 180 143 11 200 2014 7 3 1 56 6 1 23
4 51 77 35.567 -119.71 180 143 11 200 2014 7 3 1 57 6 1 23
4 51 77 35.527 -119.67 180 143 11 200 2014 7 3 1 58 16 1 23
4 51 77 35.487 -119.63 180 143 11 200 2014 7 3 1 59 7 1 23
4 51 77 35.447 -119.6 180 143 11 200 2014 7 3 2 0 6 1 23
4 51 77 35.407 -119.56 180 143 11 200 2014 7 3 2 1 6 1 16
4 51 77 35.367 -119.52 180 143 11 200 2014 7 3 2 2 6 1 16
4 51 77 35.327 -119.49 180 143 11 200 2014 7 3 2 3 16 1 16
4 51 77 35.287 -119.45 180 143 11 200 2014 7 3 2 4 15 1 16
4 51 77 35.246 -119.42 180 143 11 200 2014 7 3 2 5 16 1 16
4 51 77 35.206 -119.38 180 143 11 200 2014 7 3 2 6 6 1 16
4 51 77 35.166 -119.34 180 143 11 200 2014 7 3 2 7 16 1 16
4 51 77 35.126 -119.31 180 143 11 200 2014 7 3 2 8 6 1 16
4 51 77 35.086 -119.27 180 143 11 200 2014 7 3 2 9 6 1 16
4 51 77 35.046 -119.23 180 143 11 200 2014 7 3 2 10 6 1 16
4 51 77 35.006 -119.2 180 143 11 200 2014 7 3 2 11 6 1 16
4 51 77 34.966 -119.16 180 143 11 200 2014 7 3 2 12 6 1 16
4 51 77 34.925 -119.13 180 143 11 200 2014 7 3 2 13 15 1 16
4 51 77 34.885 -119.09 180 143 11 200 2014 7 3 2 14 6 1 25
4 51 77 34.845 -119.05 180 143 11 200 2014 7 3 2 15 16 1 25
4 51 77 34.805 -119.02 180 143 11 200 2014 7 3 2 16 6 1 25
4 51 77 34.765 -118.98 180 143 11 200 2014 7 3 2 17 6 1 25
4 51 77 34.724 -118.95 180 143 11 200 2014 7 3 2 18 15 1 25
4 51 77 34.684 -118.91 180 143 11 200 2014 7 3 2 19 6 1 25
4 51 77 34.644 -118.87 180 143 11 200 2014 7 3 2 20 6 1 32
4 51 77 34.604 -118.84 180 143 11 200 2014 7 3 2 21 6 1 32
4 51 77 34.563 -118.8 180 143 11 200 2014 7 3 2 22 16 1 32
4 51 77 34.523 -118.77 180 143 11 200 2014 7 3 2 23 15 1 32
4 51 77 34.483 -118.73 180 143 11 200 2014 7 3 2 24 6 1 8
4 51 77 34.443 -118.69 180 143 11 200 2014 7 3 2 25 16 1 8
4 51 77 34.402 -118.66 180 143 11 200 2014 7 3 2 26 6 1 8
4 51 77 34.362 -118.62 180 143 11 200 2014 7 3 2 27 6 1 8
4 51 77 34.321 -118.59 180 143 11 200 2014 7 3 2 28 6 1 8
4 51 77 34.281 -118.55 180 143 11 200 2014 7 3 2 29 16 1 8
5 51 77 34.217 -119.3 94 279 25 50 2014 7 3 16 27 6 1 14
5 51 77 34.224 -119.31 93 304 27 50 2014 7 3 16 28 6 1 14
5 51 77 34.241 -119.34 89 315 34 50 2014 7 3 16 29 6 1 14
5 51 77 34.256 -119.36 91 308 39 50 2014 7 3 16 30 6 1 14
5 51 77 34.271 -119.39 98 303 42 50 2014 7 3 16 31 6 1 14
5 51 77 34.29 -119.42 112 303 42 50 2014 7 3 16 32 6 1 13
5 51 77 34.297 -119.46 114 295 42 50 2014 7 3 16 33 6 1 13
5 51 77 34.299 -119.5 116 272 41 50 2014 7 3 16 34 6 1 13
5 51 77 34.301 -119.53 109 270 41 50 2014 7 3 16 35 6 1 13
5 51 77 34.303 -119.57 107 271 41 50 2014 7 3 16 36 6 1 13
5 51 77 34.304 -119.61 107 277 41 50 2014 7 3 16 37 6 1 13
5 51 77 34.307 -119.64 110 275 41 50 2014 7 3 16 38 6 1 13
5 51 77 34.309 -119.68 116 271 41 50 2014 7 3 16 39 6 1 13
5 51 77 34.311 -119.72 117 271 41 50 2014 7 3 16 40 6 1 13
5 51 77 34.312 -119.77 117 271 41 50 2014 7 3 16 41 6 1 13
5 51 77 34.313 -119.81 116 272 41 50 2014 7 3 16 42 6 1 13
5 51 77 34.316 -119.85 115 269 41 50 2014 7 3 16 43 6 1 13
5 51 77 34.328 -119.89 116 287 41 50 2014 7 3 16 44 6 1 13
5 51 77 34.338 -119.92 116 296 41 50 2014 7 3 16 45 6 1 13
5 51 77 34.353 -119.96 122 294 32 50 2014 7 3 16 46 6 1 13
5 51 77 34.367 -119.99 115 291 24 50 2014 7 3 16 47 6 1 13
5 51 77 34.379 -120.03 110 300 19 50 2014 7 3 16 48 6 1 13
5 51 77 34.39 -120.06 116 292 20 50 2014 7 3 16 49 6 1 13
5 51 77 34.413 -120.07 108 290 19 50 2014 7 3 16 50 6 1 13
5 51 77 34.421 -120.05 95 343 19 50 2014 7 3 16 51 10 1 13
5 51 77 34.422 -120.01 100 87 17 50 2014 7 3 16 52 6 1 13
5 51 77 34.423 -119.98 95 87 17 50 2014 7 3 16 53 6 1 13
5 51 77 34.424 -119.95 93 88 17 50 2014 7 3 16 54 6 1 13
5 51 77 34.426 -119.92 93 84 11 50 2014 7 3 16 55 6 1 13
5 51 77 34.426 -119.89 88 87 7 50 2014 7 3 16 56 6 1 13
5 51 77 34.426 -119.86 90 91 8 50 2014 7 3 16 57 6 1 13
5 51 77 34.412 -119.84 88 88 16 35 2014 7 3 16 58 6 1 13
5 51 77 34.396 -119.81 85 141 24 35 2014 7 3 16 59 6 1 13
5 51 77 34.382 -119.8 83 122 30 35 2014 7 3 17 0 6 1 13
5 51 77 34.376 -119.79 88 137 32 35 2014 7 3 17 1 6 1 13
5 51 77 34.378 -119.73 104 91 36 35 2014 7 3 17 2 6 1 13
5 51 77 34.371 -119.7 107 91 36 35 2014 7 3 17 3 6 1 13
5 51 77 34.365 -119.67 107 105 36 35 2014 7 3 17 4 6 1 13
5 51 77 34.359 -119.63 106 95 36 35 2014 7 3 17 5 6 1 13
5 51 77 34.354 -119.59 104 101 36 35 2014 7 3 17 6 14 1 13
5 51 77 34.351 -119.57 109 98 36 35 2014 7 3 17 7 6 1 13
5 51 77 34.345 -119.52 104 98 36 35 2014 7 3 17 8 16 1 13
5 51 77 34.341 -119.5 107 96 36 35 2014 7 3 17 9 6 1 13
5 51 77 34.337 -119.46 109 103 36 35 2014 7 3 17 10 6 1 13
5 51 77 34.33 -119.42 112 98 36 35 2014 7 3 17 11 6 1 13
5 51 77 34.326 -119.38 114 102 36 35 2014 7 3 17 12 6 1 14
5 51 77 34.318 -119.34 118 99 36 35 2014 7 3 17 13 6 1 14
5 51 77 34.316 -119.32 120 101 36 35 2014 7 3 17 14 6 1 14
5 51 77 34.309 -119.27 120 97 36 35 2014 7 3 17 15 6 1 14
5 51 77 34.302 -119.21 135 108 36 35 2014 7 3 17 16 6 1 14
5 51 77 34.297 -119.17 120 97 36 35 2014 7 3 17 17 16 1 14
5 51 77 34.292 -119.12 118 97 36 35 2014 7 3 17 18 6 1 14
5 51 77 34.289 -119.08 117 97 36 35 2014 7 3 17 19 6 1 14
5 51 77 34.287 -119.08 113 95 36 35 2014 7 3 17 20 6 1 14
5 51 77 34.282 -119.04 114 96 36 35 2014 7 3 17 21 6 1 14
5 51 77 34.282 -119 114 89 36 35 2014 7 3 17 22 6 1 14
5 51 77 34.281 -118.96 114 98 36 35 2014 7 3 17 23 6 1 14
5 51 77 34.279 -118.93 114 86 36 35 2014 7 3 17 24 6 1 14
5 51 77 34.276 -118.89 114 89 36 35 2014 7 3 17 25 6 1 14
5 51 77 34.283 -118.85 117 94 36 35 2014 7 3 17 26 6 1 8
5 51 77 34.267 -118.82 121 89 36 35 2014 7 3 17 27 6 1 8
5 51 77 34.283 -118.73 110 89 28 35 2014 7 3 17 28 6 1 8
5 51 77 34.273 -118.7 110 110 28 35 2014 7 3 17 29 6 1 8
5 51 77 34.274 -118.68 113 89 29 35 2014 7 3 17 30 6 1 8
5 51 77 34.267 -118.63 115 103 27 35 2014 7 3 17 31 6 1 8
5 51 77 34.253 -118.6 115 115 27 35 2014 7 3 17 32 6 1 8
5 51 77 34.243 -118.57 116 121 23 35 2014 7 3 17 33 6 1 8
5 51 77 34.239 -118.53 114 89 20 35 2014 7 3 17 34 6 1 8
5 51 77 34.233 -118.53 114 98 20 35 2014 7 3 17 35 6 1 8
5 51 77 34.229 -118.5 110 102 16 35 2014 7 3 17 36 6 1 8
