1 71 18 33.65 -117.88 138 0 14 370 1 2
1 71 18 33.615 -117.89 143 205 30 370 1 2
1 71 18 33.566 -117.89 179 146.5 45.5 370 1 2
1 71 18 33.552 -117.81 240.5 176.5 67 370 1 2
1 71 18 33.561 -117.72 274 134 92 370 1 2
1 71 18 33.571 -117.62 301 91.5 116 370 1 2
1 71 18 33.582 -117.48 340 83 143.5 370 1 26
1 71 18 33.586 -117.43 350 84 155.5 370 1 26
1 71 18 33.59 -117.31 361.5 84 180 370 1 18
1 71 18 33.595 -117.18 373 85.5 203 370 1 26
1 71 18 33.599 -117.05 392.5 87 225 370 1 26
1 71 18 33.605 -116.91 410.5 87 242 370 1 26
1 71 18 33.609 -116.75 427.5 87 260.5 370 1 41
1 71 18 33.617 -116.5 448 87 287 370 1 41
1 71 18 33.62 -116.35 458.5 87.5 303.5 370 1 41
1 71 18 33.623 -116.28 460 87.5 310.5 370 1 41
1 71 18 33.628 -116.12 470.5 86.5 325 370 1 41
1 71 18 33.634 -115.97 471.5 87.5 340 370 1 41
1 71 18 33.639 -115.81 468.5 87 354 370 1 41
1 71 18 33.678 -115.65 468.5 70.5 361.5 370 1 41
1 71 18 33.663 -115.56 469.5 81.5 369 370 1 41
1 71 18 33.736 -115.34 459.5 79 379.5 370 1 41
1 71 18 33.81 -115.22 458.5 68.5 379.5 370 1 41
1 71 18 33.86 -115.13 458 55 379.5 370 1 41
1 71 18 33.922 -115.03 457.75 54 379 370 1 42
1 71 18 34.003 -114.89 456.75 55 379 370 1 42
1 71 18 34.049 -114.81 455.5 54.5 379.5 370 1 42
1 71 18 34.113 -114.69 455 54.5 379.5 370 1 42
1 71 18 34.173 -114.59 454.5 55 379.5 370 1 42
1 71 18 34.233 -114.49 455.25 55 379.5 370 1 42
1 71 18 34.294 -114.38 455.38 54.5 379.5 370 1 42
1 71 18 34.356 -114.27 457.5 55 379.5 370 1 42
1 71 18 34.417 -114.16 457.5 55 379.5 370 1 42
1 71 18 34.504 -114.01 457.5 55 379.5 370 1 42
1 71 18 34.569 -113.9 458 55 379.5 370 2 89
1 71 18 34.641 -113.76 464 55 380 370 2 89
1 71 18 34.687 -113.68 457.5 55.5 380 370 2 89
1 71 18 34.758 -113.55 458 56 380 370 2 89
1 71 18 34.843 -113.39 459 55.5 380 370 2 89
1 71 18 34.914 -113.27 459.5 56 380 370 2 89
1 71 18 34.984 -113.13 458.5 55.5 380 370 2 89
1 71 18 35.052 -113.01 454.5 56 380 370 2 89
1 71 18 35.122 -112.88 452 56 380 370 2 89
1 71 18 35.188 -112.76 452 55.5 380 370 2 89
1 71 18 35.267 -112.61 456 56 380 370 2 89
1 71 18 35.327 -112.5 457.5 56.25 380 370 2 89
1 71 18 35.388 -112.39 458.75 56 380 370 1 45
1 71 18 35.438 -112.3 460.25 54 380 370 1 45
1 71 18 35.541 -112.1 459.5 56 380 370 1 45
1 71 18 35.595 -112 459.5 56 380 370 1 45
1 71 18 35.648 -111.9 460.5 56.5 380 370 1 45
1 71 18 35.724 -111.75 460 57.5 380 370 1 45
1 71 18 35.799 -111.61 458 57 380 370 2 101
1 71 18 35.867 -111.48 457.5 57 380 370 6 269
1 71 18 35.915 -111.39 456.5 57 380 370 6 269
1 71 18 36.008 -111.22 455.5 56.5 380 370 6 269
1 71 18 36.05 -111.13 456 57 380 370 6 269
1 71 18 36.124 -110.98 455.5 57 380 370 6 269
1 71 18 36.192 -110.85 455.5 57.5 380 370 6 269
1 71 18 36.26 -110.72 455.5 57 380 370 6 269
1 71 18 36.323 -110.6 455 56.5 380 370 6 269
1 71 18 36.401 -110.44 455 55.5 380 370 6 269
1 71 18 36.474 -110.3 455 57 380 370 6 269
1 71 18 36.542 -110.16 455 56 380 370 6 269
1 71 18 36.607 -110.03 455 57.5 380 370 6 269
1 71 18 36.677 -109.89 454.5 57.5 380 370 6 269
1 71 18 36.745 -109.75 454 57.5 380 370 6 269
1 71 18 36.815 -109.62 454 56.5 380 370 6 269
1 71 18 36.884 -109.47 454.5 56.5 380 370 6 269
1 71 18 36.952 -109.33 454.5 56.5 380 370 6 269
1 71 18 37.03 -109.19 455 54 380 370 6 259
1 71 18 37.052 -109.13 455.5 55 380 370 6 259
1 71 18 37.158 -108.91 455.5 58 380 370 6 259
1 71 18 37.23 -108.78 455.5 52 380 370 6 259
1 71 18 37.263 -108.69 456.5 56.5 380 370 6 259
1 71 18 37.33 -108.56 458 58 380 370 6 259
1 71 18 37.398 -108.44 456.5 57 380 370 6 259
1 71 18 37.478 -108.3 455.5 55.5 380 370 6 259
1 71 18 37.546 -108.17 455 55 380 370 6 254
1 71 18 37.624 -108.02 455 54.5 380 370 6 254
1 71 18 37.691 -107.89 454.5 55 380 370 6 254
1 71 18 37.769 -107.75 453.5 53.5 380 370 6 254
1 71 18 37.835 -107.62 450.5 55.5 380 370 6 254
1 71 18 37.912 -107.47 448 53.5 380 370 6 253
1 71 18 37.975 -107.35 448.5 55.5 380 370 6 253
1 71 18 38.049 -107.22 448 53 380 370 6 253
1 71 18 38.123 -107.07 449.5 55.5 380 370 6 253
1 71 18 38.196 -106.94 450.5 53 380 360 6 253
1 71 18 38.264 -106.8 452 56.5 375 270 6 253
1 71 18 38.32 -106.69 452.25 56.5 364.5 341 6 253
1 71 18 38.4 -106.53 453 56.5 351.5 270 6 253
1 71 18 38.479 -106.41 448.5 56.5 345.5 270 6 253
1 71 18 38.568 -106.28 448 53.5 336 270 6 268
1 71 18 38.66 -106.14 449 48.5 325.5 270 6 268
1 71 18 38.74 -106.02 447 48 315.5 270 6 268
1 71 18 38.82 -105.91 442 48.5 303 270 6 268
1 71 18 38.898 -105.8 435 48.5 280.5 270 6 240
1 71 18 38.972 -105.68 423 46 260 270 6 240
1 71 18 39.084 -105.53 396 51.5 231 270 6 240
1 71 18 39.159 -105.44 372 42 215 270 6 240
1 71 18 39.233 -105.35 358 41 196 270 6 233
1 71 18 39.3 -105.28 342.5 40 183.5 270 6 233
1 71 18 39.375 -105.19 330.5 41 172.5 270 6 233
1 71 18 39.423 -105.1 326.5 56.25 155.75 138 6 233
1 71 18 39.492 -104.98 331.5 54 146 270 6 233
1 71 18 39.567 -104.89 302.5 47 132 270 6 233
1 71 18 39.6 -104.88 299.5 30.5 127 270 6 233
1 71 18 39.659 -104.85 292.5 26.5 118 270 6 233
1 71 18 39.743 -104.81 289.5 196 102.5 270 6 233
1 71 18 39.804 -104.78 267 13.5 93.5 270 6 233
1 71 18 39.858 -104.73 253 36.5 85.5 270 6 233
1 71 18 39.884 -104.7 223.5 78 75 270 6 233
1 71 18 39.88 -104.69 190 259 69.5 270 6 233
1 71 18 39.869 -104.69 178 77 61.5 270 6 233
1 71 18 39.879 -104.68 167 88 58 270 6 233
2 71 18 33.652 -117.88 144.55 40.8 13.8 390 1 2
2 71 18 33.611 -117.89 154.15 202.85 29.9 390 1 2
2 71 18 33.568 -117.88 187.2 185 41.8 390 1 2
2 71 18 33.542 -117.83 239.65 159.45 59.8 390 1 2
2 71 18 33.55 -117.72 275.7 120.25 85.85 390 1 2
2 71 18 33.56 -117.63 292.45 90.75 105.55 390 1 2
2 71 18 33.573 -117.53 324.5 84.25 126.75 390 1 2
2 71 18 33.585 -117.42 344.5 80.9 150.95 390 1 26
2 71 18 33.59 -117.3 362.1 82.75 174.45 390 1 26
2 71 18 33.594 -117.18 373.55 84.85 193.7 390 1 26
2 71 18 33.599 -117.04 387.25 86.85 215.65 390 1 26
2 71 18 33.605 -116.91 401.45 87 233.4 390 1 26
2 71 18 33.619 -116.75 417.85 87.65 250.4 390 1 41
2 71 18 33.636 -116.62 428.3 85.525 266.07 390 1 41
2 71 18 33.671 -116.48 437.2 81.45 281.05 390 1 41
2 71 18 33.703 -116.34 444.5 76.05 295.1 390 1 41
2 71 18 33.747 -116.19 451.5 75.6 309.9 390 1 41
2 71 18 33.805 -116.06 458.52 72.925 322.3 390 1 41
2 71 18 33.875 -115.93 462.05 64.525 332.5 390 1 41
2 71 18 33.931 -115.82 462.77 58.675 342.73 390 1 42
2 71 18 34.008 -115.67 464.15 56.8 349.15 390 1 42
2 71 18 34.077 -115.55 464.7 57.15 354.95 390 1 42
2 71 18 34.155 -115.41 464.55 56.15 359.7 390 1 42
2 71 18 34.227 -115.27 465.55 55.65 362.6 390 1 42
2 71 18 34.289 -115.15 466.1 56.15 367.1 390 1 42
2 71 18 34.356 -115.02 467.9 56.8 371.1 390 1 42
2 71 18 34.436 -114.87 467.85 56.05 376.2 390 1 42
2 71 18 34.507 -114.74 466.82 55.85 379.85 390 1 42
2 71 18 34.571 -114.62 466.15 56.2 382.65 390 1 42
2 71 18 34.646 -114.48 466.6 56.65 384.65 390 1 45
2 71 18 34.709 -114.35 466.9 57.05 386.18 390 1 45
2 71 18 34.778 -114.21 466.1 57.775 386.7 390 1 45
2 71 18 34.85 -114.06 465.2 57.4 387 390 1 45
2 71 18 34.922 -113.92 465 57.2 387 390 1 45
2 71 18 34.985 -113.8 464.77 57.45 387.02 390 1 45
2 71 18 35.054 -113.66 465.15 56.95 386.95 390 1 45
2 71 18 35.12 -113.53 464.95 57 387 390 1 45
2 71 18 35.186 -113.4 465.1 57.4 386.9 390 1 45
2 71 18 35.259 -113.25 464.95 57.45 386.95 390 1 45
2 71 18 35.327 -113.12 464.6 57.85 386.95 390 1 45
2 71 18 35.389 -112.98 465 58.7 387 390 1 45
2 71 18 35.456 -112.84 466.32 59.2 387.05 390 1 45
2 71 18 35.518 -112.71 465.9 58.9 387.07 390 1 45
2 71 18 35.583 -112.57 465.68 58.8 387.05 390 1 45
2 71 18 35.652 -112.43 465.85 59.075 386.95 390 1 45
2 71 18 35.717 -112.29 465.3 59 386.95 390 1 45
2 71 18 35.781 -112.15 466.3 59.8 387 390 1 45
2 71 18 35.846 -112.02 466.7 59.55 387.05 390 1 45
2 71 18 35.912 -111.87 467 59.65 387 390 1 45
2 71 18 35.975 -111.74 467.25 59.975 387 390 1 45
2 71 18 36.045 -111.59 467.15 59.15 387 390 6 269
2 71 18 36.109 -111.46 467.43 58.85 387 390 6 269
2 71 18 36.18 -111.31 468.45 58.825 387 390 6 269
2 71 18 36.242 -111.18 468.55 58.05 387.05 390 6 269
2 71 18 36.301 -111.06 468.5 58.35 387 390 6 269
2 71 18 36.367 -110.93 468.95 57.45 387 390 6 269
2 71 18 36.429 -110.81 468.95 56.55 387 390 6 269
2 71 18 36.502 -110.66 468.8 57.25 387.05 390 6 269
2 71 18 36.58 -110.5 468.75 56.7 387.05 390 6 269
2 71 18 36.646 -110.37 468.95 57.25 386.95 390 6 269
2 71 18 36.716 -110.22 468.5 57.4 387 390 6 269
2 71 18 36.786 -110.08 468.77 56.975 387.07 390 6 269
2 71 18 36.85 -109.95 468.75 57.15 386.95 390 6 269
2 71 18 36.918 -109.81 468.77 57.425 387 390 6 269
2 71 18 36.987 -109.66 469.05 57.15 387 390 6 269
2 71 18 37.056 -109.52 468.8 57.5 387.05 390 6 269
2 71 18 37.122 -109.38 468.8 58.85 387 390 6 269
2 71 18 37.194 -109.24 468 57.45 387 390 6 269
2 71 18 37.266 -109.1 467.4 56.75 387 390 6 259
2 71 18 37.331 -108.97 467.3 56.5 386.95 390 6 259
2 71 18 37.406 -108.83 467.1 56.45 387.05 390 6 254
2 71 18 37.478 -108.68 466.77 56.15 387 390 6 254
2 71 18 37.551 -108.54 466.1 56.15 387 390 6 254
2 71 18 37.624 -108.4 466.35 55.75 387 390 6 254
2 71 18 37.697 -108.26 466.1 55.75 387.1 390 6 254
2 71 18 37.768 -108.12 465.7 55.6 387 390 6 254
2 71 18 37.836 -107.98 465.15 55.95 387 390 6 254
2 71 18 37.908 -107.85 464.5 55.125 387.05 390 6 254
2 71 18 37.972 -107.72 464.45 55.6 386.85 390 6 254
2 71 18 38.052 -107.57 464.3 55.675 386.85 390 6 253
2 71 18 38.12 -107.43 465.8 55.7 384.25 390 6 253
2 71 18 38.197 -107.29 465.62 54.775 381.6 390 6 253
2 71 18 38.261 -107.16 464.65 55.65 377 270 6 253
2 71 18 38.326 -107.03 464.15 55 371.9 270 6 253
2 71 18 38.407 -106.88 464.65 55.55 364.1 270 6 253
2 71 18 38.48 -106.74 463.4 55.8 356.7 270 6 268
2 71 18 38.552 -106.62 461.5 54.2 350.4 270 6 268
2 71 18 38.63 -106.48 460.62 54.4 342.07 270 6 268
2 71 18 38.707 -106.35 458.75 53.025 333.1 270 6 268
2 71 18 38.788 -106.2 456.55 52.6 321.8 270 6 268
2 71 18 38.863 -106.08 453.05 51.9 310.4 270 6 268
2 71 18 38.933 -105.95 447.18 52.3 291.52 270 6 268
2 71 18 39.003 -105.82 439.12 52.625 270.95 270 6 240
2 71 18 39.075 -105.7 429.18 52.375 247.35 270 6 240
2 71 18 39.159 -105.58 410.85 49.075 230.07 270 6 240
2 71 18 39.225 -105.47 394.35 48.6 215.25 270 6 240
2 71 18 39.302 -105.35 377.95 48 197.45 270 6 233
2 71 18 39.366 -105.26 367 48 183.5 270 6 233
2 71 18 39.436 -105.17 352.48 45.65 167.35 270 6 233
2 71 18 39.5 -105.07 344.35 47.95 154.8 270 6 233
2 71 18 39.549 -104.98 337.25 54.9 143.7 270 6 233
2 71 18 39.603 -104.91 315.82 45.65 131.43 270 6 233
2 71 18 39.675 -104.85 297.4 31.675 121.9 270 6 233
2 71 18 39.753 -104.81 275.82 36.525 113.4 270 6 233
2 71 18 39.816 -104.79 261.75 32.85 103.75 270 6 233
2 71 18 39.861 -104.76 249.95 42.55 92.3 270 6 233
2 71 18 39.889 -104.72 231.57 55.275 82.65 270 6 233
2 71 18 39.89 -104.7 201.6 88.65 74.05 270 6 233
2 71 18 39.885 -104.69 182.7 105.75 66.7 270 6 233
2 71 18 39.876 -104.68 158.2 127.5 58.6 270 6 233
2 71 18 39.872 -104.68 143.05 116 54.05 270 6 233
