1 71 34 33.659 -117.88 152 0 14.333 70 1 2
1 71 34 33.611 -117.9 192.33 137.33 36 70 1 2
1 71 34 33.572 -117.92 236.67 229.67 52 70 1 2
1 71 34 33.567 -117.98 261.67 226 63 70 1 2
1 71 34 33.624 -118 265 304.33 67.667 70 1 2
1 71 34 33.696 -118.03 274.33 331.17 70 70 1 2
1 71 34 33.742 -118.05 270.17 346.17 68.167 70 1 2
1 71 34 33.793 -118.06 253.67 349.5 63.333 70 1 15
1 71 34 33.878 -118.1 243 347 55.667 70 1 15
1 71 34 33.921 -118.12 235.33 335 49 70 1 15
1 71 34 33.939 -118.21 218.67 303.67 33 70 1 15
1 71 34 33.944 -118.26 207.67 269.33 23 70 1 15
1 71 34 33.948 -118.31 184 271.33 14 70 1 15
1 71 34 33.939 -118.36 153 256.33 6 70 1 15
1 71 34 33.938 -118.4 145 256.33 1.6667 70 1 15
