1 71 66 33.651 -117.88 146.95 43.632 28.895 380 1 2
1 71 66 33.601 -117.9 161.37 194.53 32.105 380 1 2
1 71 66 33.551 -117.92 205.95 202.11 51.632 380 1 2
1 71 66 33.495 -117.98 243.89 210.68 74.526 380 1 2
1 71 66 33.441 -118.02 271.26 215.95 94.632 380 1 2
1 71 66 33.385 -118.09 304.21 208.26 116.84 380 1 2
1 71 66 33.374 -118.21 335.79 232.26 140.95 380 1 17
1 71 66 33.396 -118.31 355.37 252.32 161.16 380 1 17
1 71 66 33.442 -118.41 372.79 272.16 186.89 380 1 17
1 71 66 33.516 -118.51 391.63 293.47 209.42 380 1 17
1 71 66 33.585 -118.6 402.84 295.37 230.53 380 1 17
1 71 66 33.676 -118.71 411.26 310.89 249.16 380 1 51
1 71 66 33.749 -118.8 418.79 314 267 380 1 55
1 71 66 33.838 -118.91 427.82 311.79 286.97 380 1 55
1 71 66 33.923 -119.01 432.47 314.42 303.29 380 1 55
1 71 66 33.999 -119.11 435.16 312.58 318.11 380 1 55
1 71 66 34.078 -119.21 435.47 313.68 331.79 380 1 55
1 71 66 34.165 -119.32 436.84 313.82 342.66 380 1 55
1 71 66 34.248 -119.42 439.89 303.82 349.63 380 1 55
1 71 66 34.334 -119.53 441.95 306.16 355.05 380 1 55
1 71 66 34.422 -119.63 441.11 313.68 358.74 380 1 55
1 71 66 34.51 -119.74 440.66 314.18 363.18 380 1 55
1 71 66 34.594 -119.84 440.24 314.74 365.74 380 1 55
1 71 66 34.683 -119.94 439.42 316.47 367.05 380 1 55
1 71 66 34.766 -120.03 438.61 317.39 368.63 380 1 55
1 71 66 34.856 -120.13 438.66 317.58 370.29 380 1 55
1 71 66 34.939 -120.22 439.05 317.34 370.79 380 1 55
1 71 66 35.025 -120.32 438.72 317.09 371.34 380 1 55
1 71 66 35.116 -120.42 439.24 316.74 371.53 380 1 55
1 71 66 35.194 -120.51 440.39 316.76 371.42 380 1 55
1 71 66 35.288 -120.62 440.45 316.5 371.42 380 1 55
1 71 66 35.376 -120.71 440.63 317.37 371.37 380 1 55
1 71 66 35.47 -120.8 440.21 318.82 371.37 380 1 55
1 71 66 35.557 -120.88 439.26 321.97 371.37 380 4 188
1 71 66 35.663 -120.98 439.39 323.24 370.21 380 4 188
1 71 66 35.76 -121.06 438.89 323.32 368.11 380 4 188
1 71 66 35.847 -121.14 438.21 323.11 367.53 380 4 188
1 71 66 35.944 -121.23 434.18 323.39 356.53 380 4 188
1 71 66 36.042 -121.32 432.42 322.37 345 380 4 188
1 71 66 36.148 -121.42 429.68 322.47 325.11 380 4 188
1 71 66 36.233 -121.5 427.32 320.05 309.11 380 4 188
1 71 66 36.332 -121.58 422.05 322.11 280.21 380 4 188
1 71 66 36.432 -121.68 416.05 322.84 255.89 380 4 188
1 71 66 36.525 -121.76 413.42 322.95 232.95 380 4 188
1 71 66 36.612 -121.84 417.21 322.32 210.68 380 4 188
1 71 66 36.698 -121.91 405.32 325.05 188.37 380 4 173
1 71 66 36.81 -121.97 382.32 331.58 162.84 380 4 173
1 71 66 36.909 -122 371.74 343.32 141.68 380 4 173
1 71 66 37.004 -122.03 360.21 345.74 120.42 380 4 173
1 71 66 37.092 -122.06 341.58 347 107.05 380 4 154
1 71 66 37.179 -122.08 312.16 346.63 97.684 380 4 154
1 71 66 37.26 -122.11 293.58 345.05 86.263 380 4 154
1 71 66 37.33 -122.13 281.74 328.95 73.895 380 4 156
1 71 66 37.405 -122.14 261.16 295 62.211 380 4 156
1 71 66 37.468 -122.15 248.95 293.26 50.632 380 4 156
1 71 66 37.526 -122.18 229.74 304.21 38.105 380 4 156
1 71 66 37.557 -122.22 205.89 326.11 26.316 380 4 156
1 71 66 37.58 -122.28 179.53 300.11 14.737 380 4 156
1 71 66 37.597 -122.32 150.11 296.16 6.4211 380 4 156
1 71 66 37.613 -122.36 144.26 297.47 33.632 380 4 152
2 71 66 33.634 -117.88 158.25 99.25 18.75 300 1 2
2 71 66 33.592 -117.9 173 206.75 36.25 300 1 2
2 71 66 33.539 -117.93 214.5 202.25 56 300 1 2
2 71 66 33.484 -117.99 242.5 218.75 76 300 1 2
2 71 66 33.428 -118.07 291 216.75 110 300 1 2
2 71 66 33.402 -118.17 328.5 225.5 134 300 1 2
2 71 66 33.424 -118.28 343 253.25 156.25 300 1 17
2 71 66 33.444 -118.36 358.5 270.75 177.75 300 1 17
2 71 66 33.458 -118.45 376.5 258.25 194.25 300 1 17
2 71 66 33.582 -118.56 395 297.75 220.5 300 1 17
2 71 66 33.667 -118.67 403.5 308 241.75 300 1 51
2 71 66 33.746 -118.78 413.5 312.5 257.75 300 1 55
2 71 66 33.828 -118.88 424.25 312.5 272.75 300 1 55
2 71 66 33.918 -118.99 436.75 312.5 287.75 300 1 55
2 71 66 33.997 -119.09 442.38 313.75 298.5 300 1 55
2 71 66 34.064 -119.18 438.5 313.25 309.5 300 1 55
2 71 66 34.179 -119.32 440.75 313.75 320 300 1 55
2 71 66 34.262 -119.43 434.25 313.75 323.5 300 1 55
2 71 66 34.319 -119.5 433.25 313.75 329.25 300 1 55
2 71 66 34.405 -119.6 426.25 313.75 330 300 1 55
2 71 66 34.47 -119.69 428.25 313.62 329.88 299 1 55
2 71 66 34.579 -119.81 432.75 314.25 329.75 300 1 55
2 71 66 34.661 -119.9 436 317.38 329.75 300 1 55
2 71 66 34.743 -119.99 441.5 317.25 329.75 300 1 55
2 71 66 34.826 -120.09 445.62 317.5 329.75 300 1 55
2 71 66 34.916 -120.19 445.75 317 329.75 300 1 55
2 71 66 35.01 -120.3 446.75 317 329.75 300 1 55
2 71 66 35.105 -120.4 446.25 316.5 329.75 300 1 55
2 71 66 35.19 -120.5 448.25 316.75 329.75 300 1 55
2 71 66 35.289 -120.62 448.75 316.25 329.75 300 1 55
2 71 66 35.393 -120.73 448.75 316.75 327.25 300 1 55
2 71 66 35.468 -120.81 448.25 316.62 325.75 300 1 55
2 71 66 35.536 -120.89 446.88 316.62 325 300 1 55
2 71 66 35.632 -121 443.25 316.62 319.75 292 4 188
2 71 66 35.719 -121.11 436.75 316.5 316.75 300 4 188
2 71 66 35.804 -121.23 413.88 312.88 304.5 300 4 188
2 71 66 35.849 -121.32 405 303.75 300.75 300 4 188
2 71 66 35.903 -121.44 388 303.5 287.25 300 4 188
2 71 66 35.969 -121.53 384.75 314.75 276.75 300 4 188
2 71 66 36.009 -121.66 380.5 305.5 261.5 300 4 188
2 71 66 36.088 -121.68 376.12 240.88 256.38 269 4 188
2 71 66 36.132 -121.78 368.75 320.88 245.38 240 4 188
2 71 66 36.205 -121.84 364 315 233.38 221 4 188
2 71 66 36.322 -121.88 372 317.75 224.25 300 4 188
2 71 66 36.409 -121.89 367.25 346.5 212.75 300 4 188
2 71 66 36.489 -121.92 364.25 254.75 204.25 300 4 188
2 71 66 36.602 -121.93 360.5 259.25 194.25 300 4 173
2 71 66 36.692 -121.95 355 259 185 300 4 173
2 71 66 36.779 -121.97 358.5 258.75 173.75 300 4 173
2 71 66 36.864 -122 348 259 155.75 300 4 173
2 71 66 36.965 -122.03 321.25 346.5 136.75 300 4 173
2 71 66 37.04 -122.06 306.75 345.5 124 300 4 154
2 71 66 37.132 -122.08 296.25 342 107.5 300 4 154
2 71 66 37.2 -122.09 288.75 344.75 95.75 300 4 154
2 71 66 37.28 -122.11 281.75 260.5 76.5 300 4 154
2 71 66 37.355 -122.12 273.5 262 61.5 300 4 156
2 71 66 37.43 -122.14 262.75 262.25 51.25 300 4 156
2 71 66 37.496 -122.17 238.5 343.5 39.25 300 4 156
2 71 66 37.542 -122.21 224 330 28.25 300 4 156
2 71 66 37.573 -122.27 200 314.75 18.75 300 4 156
2 71 66 37.593 -122.31 177.5 298 9.5 300 4 156
2 71 66 37.615 -122.36 160.5 297.25 2.75 300 4 155
