1 71 67 33.654 -117.88 148.6 55.6 38.8 400 1 2
1 71 67 33.622 -117.9 149.53 169.2 25 400 1 2
1 71 67 33.575 -117.91 182.13 207.6 43.867 400 1 2
1 71 67 33.516 -117.94 227.67 198.67 67.267 400 1 2
1 71 67 33.462 -118 251.67 210.07 88.533 400 1 2
1 71 67 33.399 -118.05 296.73 216 116.4 400 1 2
1 71 67 33.378 -118.15 329.8 221.8 142.07 400 1 17
1 71 67 33.395 -118.26 357.27 234.33 168.73 400 1 17
1 71 67 33.437 -118.38 380.67 267.13 198.07 400 1 17
1 71 67 33.506 -118.48 401.6 287.6 224.8 400 1 17
1 71 67 33.589 -118.59 417.87 300.33 253.07 400 1 51
1 71 67 33.673 -118.69 428.4 310 275.33 400 1 51
1 71 67 33.758 -118.8 433.43 314 298.03 400 1 55
1 71 67 33.832 -118.9 438.33 313.67 319.27 400 1 55
1 71 67 33.921 -119.01 436.87 313.27 339.33 400 1 55
1 71 67 34.008 -119.12 432.7 313 355.77 400 1 55
1 71 67 34.094 -119.22 429.57 313.8 370.03 400 1 55
1 71 67 34.176 -119.31 427.73 315.17 378.67 400 1 55
1 71 67 34.269 -119.41 428.57 316.47 384.87 400 1 55
1 71 67 34.353 -119.5 429.63 316.83 388 400 1 55
1 71 67 34.437 -119.59 429.47 316.8 389.8 400 1 55
1 71 67 34.522 -119.69 429.83 317.23 392 400 1 55
1 71 67 34.615 -119.78 429.77 319.43 393.33 400 1 55
1 71 67 34.706 -119.87 430.27 320.8 393.33 400 1 55
1 71 67 34.808 -119.96 431.73 322.2 393.33 400 1 55
1 71 67 34.902 -120.04 430.83 322.37 393.33 400 1 55
1 71 67 34.992 -120.13 432.03 323.23 393.33 400 1 55
1 71 67 35.087 -120.21 431.83 323.73 393.33 400 1 55
1 71 67 35.175 -120.29 433.97 323.63 393.33 400 1 55
1 71 67 35.278 -120.38 433.83 323.5 393 400 1 55
1 71 67 35.367 -120.46 433.93 323.27 392.87 400 1 55
1 71 67 35.458 -120.54 433.47 322.6 391.53 400 1 55
1 71 67 35.553 -120.62 434.7 323.47 386.93 400 1 55
1 71 67 35.653 -120.71 431.98 323.77 379.67 400 4 188
1 71 67 35.744 -120.79 430.77 323.67 365.57 400 4 188
1 71 67 35.838 -120.88 430.13 324.17 347.93 400 4 188
1 71 67 35.942 -120.97 428.5 323.67 328.5 400 4 188
1 71 67 36.023 -121.04 424.67 324.13 310.13 400 4 188
1 71 67 36.13 -121.14 419.87 324.6 284.8 400 4 188
1 71 67 36.222 -121.21 414.27 324.53 260.53 400 4 188
1 71 67 36.327 -121.3 403.53 327.07 234.4 400 4 188
1 71 67 36.416 -121.36 398.13 326.27 212.47 400 4 188
1 71 67 36.516 -121.43 393.67 329.27 188.33 400 4 174
1 71 67 36.599 -121.48 383.53 332.53 166.67 400 4 174
1 71 67 36.698 -121.52 373.2 340.13 147.13 400 4 174
1 71 67 36.799 -121.55 365.4 321 123.87 400 4 154
1 71 67 36.887 -121.58 347.13 251 104.87 400 4 154
1 71 67 36.971 -121.62 323.33 292.67 92.733 400 4 154
1 71 67 37.038 -121.65 305.27 315.13 78.8 400 4 154
1 71 67 37.112 -121.69 290.2 289.47 64.533 400 4 154
1 71 67 37.171 -121.74 263.67 329.4 53.8 400 4 154
1 71 67 37.228 -121.79 235.8 327.2 38.467 400 4 154
1 71 67 37.264 -121.83 215.8 319.67 28.933 400 4 154
1 71 67 37.296 -121.86 199.4 299.2 18.867 400 4 154
1 71 67 37.329 -121.9 162.27 306.33 8.8667 400 4 154
1 71 67 37.354 -121.92 143.2 306.4 93.8 400 4 154
