1 67 10 37.368 -121.94 175.27 25.364 15.545 330 4 156
1 67 10 37.385 -121.93 210.09 186.73 38.182 330 4 156
1 67 10 37.361 -121.87 237.18 114.27 59.727 330 4 156
1 67 10 37.324 -121.81 249 138.64 83.636 330 4 154
1 67 10 37.265 -121.74 274.82 123 113.09 330 4 154
1 67 10 37.202 -121.67 316.82 134.27 143.45 330 4 154
1 67 10 37.119 -121.58 348.27 136.18 178.36 330 4 174
1 67 10 37.045 -121.49 372.09 137.18 203.36 330 4 174
1 67 10 36.96 -121.4 394.45 138.18 228 330 4 168
1 67 10 36.866 -121.29 409.59 137.91 253.59 330 4 168
1 67 10 36.775 -121.19 420.68 138.55 271.14 330 4 168
1 67 10 36.68 -121.09 431.18 138.36 286 330 4 189
1 67 10 36.596 -121 438.09 138.09 301.36 330 4 189
1 67 10 36.506 -120.9 439.09 138.23 314.68 330 4 189
1 67 10 36.42 -120.81 437.64 138.14 320.45 330 4 189
1 67 10 36.328 -120.71 437.55 138.23 322.86 330 4 189
1 67 10 36.236 -120.61 439.23 138.32 324 330 4 189
1 67 10 36.138 -120.5 439.36 138.36 324.55 330 4 189
1 67 10 36.054 -120.41 438.27 138.64 325.91 330 4 189
1 67 10 35.961 -120.31 437.5 138.5 326.36 330 4 189
1 67 10 35.87 -120.21 437.36 138.77 326.36 330 4 189
1 67 10 35.799 -120.14 439.91 138.73 326.36 330 4 189
1 67 10 35.688 -120.02 441.64 138.64 324.64 330 1 54
1 67 10 35.593 -119.94 441.55 141.05 320.95 330 1 54
1 67 10 35.491 -119.84 440.55 141.64 310.91 330 1 54
1 67 10 35.382 -119.75 441.64 147.45 298.09 330 1 54
1 67 10 35.284 -119.68 442.14 147.36 282.64 330 1 54
1 67 10 35.181 -119.59 438.18 145.73 265.73 330 1 54
1 67 10 35.07 -119.5 431.55 145.82 251.73 330 1 54
1 67 10 34.98 -119.42 422.82 144.64 234.45 330 1 25
1 67 10 34.896 -119.35 412.36 144.18 215.64 330 1 25
1 67 10 34.807 -119.27 400 144 193.09 330 1 25
1 67 10 34.718 -119.19 382.73 144 167.09 330 1 25
1 67 10 34.638 -119.12 368.82 143.27 144.18 330 1 25
1 67 10 34.554 -119.05 350.09 143.27 124.91 330 1 25
1 67 10 34.464 -118.98 322.55 146.73 106.27 330 1 25
1 67 10 34.424 -118.94 312.91 143.91 98.091 330 1 25
1 67 10 34.352 -118.86 296 138.55 82.727 330 1 8
1 67 10 34.298 -118.79 282.27 133.73 69 330 1 8
1 67 10 34.262 -118.72 271.18 127.73 56.545 330 1 8
1 67 10 34.228 -118.65 256 119.64 46.818 330 1 8
1 67 10 34.209 -118.58 239 111.18 39.455 330 1 8
1 67 10 34.202 -118.51 203.45 100.36 31 330 1 8
1 67 10 34.199 -118.44 169 93.455 21 330 1 8
1 67 10 34.199 -118.41 147.09 89.818 13.909 330 1 8
1 67 10 34.199 -118.36 145.36 89.727 9.2727 330 1 8
