1 67 34 37.369 -121.94 163.16 0 10.96 330 4 156
1 67 34 37.391 -121.94 210.72 200.68 32.92 330 4 156
1 67 34 37.385 -121.88 237.84 135 50.8 330 4 156
1 67 34 37.345 -121.83 244.2 108.76 66.48 330 4 154
1 67 34 37.296 -121.77 254.64 133.24 89.68 330 4 154
1 67 34 37.232 -121.7 282.8 136.52 114.6 330 4 154
1 67 34 37.167 -121.63 311.6 136.88 135.6 330 4 154
1 67 34 37.107 -121.56 333.12 137.72 154.2 330 4 174
1 67 34 37.024 -121.47 354.04 137.6 178.48 330 4 174
1 67 34 36.947 -121.38 368.52 137.92 198.52 330 4 168
1 67 34 36.863 -121.29 382.48 137.9 216.4 330 4 168
1 67 34 36.779 -121.2 395.94 137.92 234.64 330 4 168
1 67 34 36.692 -121.1 408.28 138.32 250.32 330 4 168
1 67 34 36.597 -121 418.2 138.16 267.92 330 4 168
1 67 34 36.506 -120.9 428.24 137.28 283.44 330 4 189
1 67 34 36.413 -120.79 437.4 136.12 297.56 330 4 189
1 67 34 36.324 -120.68 442.64 135.8 309.44 330 4 189
1 67 34 36.227 -120.58 443.96 138 319.44 330 4 189
1 67 34 36.13 -120.48 446.52 139.44 326.52 330 4 189
1 67 34 36.036 -120.38 447.4 138.78 331.1 330 4 189
1 67 34 35.943 -120.28 448.24 138.76 334.14 330 4 189
1 67 34 35.84 -120.17 449.3 138.64 335.72 330 4 189
1 67 34 35.747 -120.07 450.02 139.36 335.98 330 1 54
1 67 34 35.646 -119.98 451.4 141.8 335.92 330 1 54
1 67 34 35.546 -119.89 450.62 143.26 334.42 330 1 54
1 67 34 35.445 -119.8 450.2 144.16 331.54 330 1 54
1 67 34 35.344 -119.71 449.06 144.34 326.52 330 1 54
1 67 34 35.251 -119.64 447 144.76 320.62 330 1 54
1 67 34 35.151 -119.55 443.94 144.68 313.56 330 1 54
1 67 34 35.052 -119.47 442.26 145.12 299.74 330 1 54
1 67 34 34.952 -119.39 440.3 145.92 284.42 330 1 54
1 67 34 34.85 -119.3 436.02 143.04 263.98 330 1 54
1 67 34 34.767 -119.23 426.32 145.78 244.02 330 1 54
1 67 34 34.678 -119.15 418.28 144.12 226.72 330 1 25
1 67 34 34.58 -119.07 400.54 144.92 203.84 330 1 25
1 67 34 34.488 -119 388.58 144.96 185.12 330 1 25
1 67 34 34.41 -118.94 372 148.54 163.7 330 1 25
1 67 34 34.31 -118.88 356.16 150.88 142.96 330 1 25
1 67 34 34.227 -118.84 338.8 154.56 128.04 330 1 25
1 67 34 34.156 -118.78 323.14 147.92 116.38 330 1 15
1 67 34 34.092 -118.72 309.6 141.08 105.44 330 1 15
1 67 34 34.055 -118.66 299.52 128.28 95.92 330 1 15
1 67 34 34.036 -118.57 287.4 108.84 86.6 330 1 15
1 67 34 34.026 -118.48 278.96 95.4 74.24 330 1 15
1 67 34 34.026 -118.4 267.36 91.84 62.16 330 1 15
1 67 34 34.025 -118.31 250.4 91.76 52.44 330 1 15
1 67 34 34.02 -118.26 234.48 106.52 43 330 1 15
1 67 34 34 -118.24 219.12 141.52 34.52 330 1 15
1 67 34 33.974 -118.27 194.88 197.88 25.08 330 1 15
1 67 34 33.961 -118.32 176.96 246.44 16.24 330 1 15
1 67 34 33.955 -118.37 157.84 252.44 7.64 330 1 15
1 67 34 33.952 -118.41 146.2 258.24 2.64 330 1 15
