1 67 53 37.384 -121.95 184.44 85 18.333 380 4 156
1 67 53 37.41 -121.92 230.22 291.22 40.111 380 4 156
1 67 53 37.373 -121.86 232.22 176.11 54.222 380 4 156
1 67 53 37.329 -121.82 232.78 152 76.778 380 4 154
1 67 53 37.304 -121.83 244.33 137.22 92.111 380 4 154
1 67 53 37.314 -121.87 256.11 203.56 111.11 380 4 154
1 67 53 37.365 -121.92 283.22 253.11 129.89 380 4 176
1 67 53 37.458 -121.94 328.56 288.72 147.89 380 4 176
1 67 53 37.561 -121.96 355.11 301.22 167.67 380 4 176
1 67 53 37.653 -121.98 367.11 349.78 185.67 380 4 152
1 67 53 37.766 -122.01 379.25 348.99 207.78 380 4 152
1 67 53 37.899 -122.03 393.5 349.19 228.67 380 4 185
1 67 53 38.017 -122.04 401.06 351.33 243.44 380 4 155
1 67 53 38.135 -122.06 410.33 352.64 261.22 380 4 186
1 67 53 38.279 -122.08 416.89 353.94 278.22 380 4 186
1 67 53 38.398 -122.07 420 322.47 292.64 380 4 186
1 67 53 38.52 -122.1 427.22 277.39 305.83 380 4 186
1 67 53 38.644 -122.09 426.56 247.56 316.56 380 4 186
1 67 53 38.761 -122.1 426.72 283.39 326.33 380 4 186
1 67 53 38.89 -122.12 429.22 297.11 333.39 380 4 186
1 67 53 39.005 -122.13 426.67 315.5 340.72 380 4 186
1 67 53 39.122 -122.15 425.06 318.11 343.33 380 4 186
1 67 53 39.253 -122.17 426.56 354.72 344.44 380 4 186
1 67 53 39.381 -122.18 426.56 354.56 344.44 380 4 186
1 67 53 39.513 -122.2 426.11 354.78 344.44 380 4 186
1 67 53 39.622 -122.21 426.22 354.67 344.44 380 4 186
1 67 53 39.743 -122.22 425.39 354.5 345.33 380 4 186
1 67 53 39.87 -122.24 422.22 354.78 345.56 380 4 186
1 67 53 39.99 -122.25 423.94 354.56 345.56 380 4 186
1 67 53 40.106 -122.26 425.33 355.22 345.56 380 4 186
1 67 53 40.251 -122.28 424.78 353.89 345.56 380 4 186
1 67 53 40.338 -122.29 427.56 354.44 345.56 380 4 186
1 67 53 40.459 -122.3 423.67 354.5 345.56 380 4 186
1 67 53 40.579 -122.32 423.33 354.33 345.56 380 4 186
1 67 53 40.695 -122.33 423 354.5 345.56 380 4 186
1 67 53 40.807 -122.34 422.89 354.78 345.56 380 4 186
1 67 53 40.935 -122.36 422.44 354.11 345.56 380 4 186
1 67 53 41.032 -122.37 421.89 354.33 345.56 380 4 186
1 67 53 41.166 -122.39 422.56 354.17 345.56 380 4 186
1 67 53 41.285 -122.4 422.06 315.61 345.56 380 3 141
1 67 53 41.414 -122.41 422.17 315.72 345.56 380 3 140
1 67 53 41.537 -122.42 422.06 315.83 345.56 380 3 141
1 67 53 41.647 -122.43 422.67 315.67 345.56 380 3 141
1 67 53 41.76 -122.45 421.42 354.17 345.56 380 3 140
1 67 53 41.891 -122.46 422.28 354.33 345.56 380 3 140
1 67 53 42.012 -122.48 423.06 354.42 345.56 380 3 140
1 67 53 42.15 -122.5 422.78 354.06 345.56 380 3 140
1 67 53 42.269 -122.51 423 354.22 345.56 380 3 140
1 67 53 42.387 -122.52 423.22 354.56 345.56 380 3 140
1 67 53 42.47 -122.53 424 354.56 345.56 380 3 140
1 67 53 42.6 -122.55 423 354.56 345.56 380 3 140
1 67 53 42.717 -122.56 423.11 354.44 345.56 380 3 140
1 67 53 42.832 -122.58 422.39 354.17 345.56 380 3 140
1 67 53 42.945 -122.59 423.11 354.22 345.56 380 3 140
1 67 53 43.056 -122.61 424.33 354 345.56 380 3 140
1 67 53 43.166 -122.62 425 354.11 345.56 380 3 140
1 67 53 43.28 -122.64 425 351.33 343.11 380 3 140
1 67 53 43.415 -122.65 424.22 354.22 339.44 380 3 140
1 67 53 43.533 -122.67 422.94 354.44 333 380 3 136
1 67 53 43.659 -122.68 422.89 354.56 324.56 380 3 136
1 67 53 43.769 -122.69 423.22 354.56 311.89 380 3 136
1 67 53 43.887 -122.71 427.11 354.67 292.67 380 3 136
1 67 53 44.035 -122.72 426.33 315.67 274.33 380 3 136
1 67 53 44.134 -122.73 421.67 315.39 255.56 380 3 136
1 67 53 44.25 -122.73 415.11 276.33 240.33 380 3 136
1 67 53 44.37 -122.72 405.11 277.78 223.11 380 3 130
1 67 53 44.487 -122.71 393.67 121.22 205.89 380 3 130
1 67 53 44.593 -122.7 384.78 42.444 188.78 380 3 130
1 67 53 44.708 -122.69 373.22 43.111 169.22 380 3 130
1 67 53 44.8 -122.69 365 42.556 153.78 380 3 130
1 67 53 44.915 -122.68 352.67 43.111 134.56 380 3 130
1 67 53 45.013 -122.67 334.89 43.333 118.44 380 3 130
1 67 53 45.103 -122.66 316.89 5 105.11 380 3 112
1 67 53 45.182 -122.64 305.56 47.111 91.333 380 3 112
1 67 53 45.26 -122.62 292.11 87.111 78.333 380 3 112
1 67 53 45.333 -122.61 275.11 124.22 66.444 380 3 112
1 67 53 45.394 -122.59 267.22 129.33 54.778 380 3 112
1 67 53 45.44 -122.56 258.22 141 47.667 380 3 112
1 67 53 45.495 -122.54 237 136.44 39.333 380 3 112
1 67 53 45.544 -122.54 205.78 131.78 28.556 380 3 112
1 67 53 45.57 -122.55 179.89 168.11 21.111 380 3 112
1 67 53 45.578 -122.57 159.89 229.33 11.889 380 3 112
1 67 53 45.585 -122.58 142.11 238.44 4.6667 380 3 112
1 67 53 45.59 -122.6 138.67 238.33 305.89 380 3 135
