1 10 49 34.2 -118.35 123 0 16 70 2014 7 2 12 7 6 1 8
1 10 49 34.159 -118.28 146 134 37 70 2014 7 2 12 8 16 1 8
1 10 49 34.15 -118.27 161 126 40 70 2014 7 2 12 9 6 1 8
1 10 49 34.133 -118.22 168 109 50 70 2014 7 2 12 10 6 1 8
1 10 49 34.128 -118.11 173 89 65 70 2014 7 2 12 11 16 1 8
1 10 49 34.119 -118.05 179 89 70 70 2014 7 2 12 12 16 1 8
1 10 49 34.1 -117.97 205 106 69 70 2014 7 2 12 13 16 1 6
1 10 49 34.109 -117.98 191 105 69 70 2014 7 2 12 14 15 1 6
1 10 49 34.098 -117.92 202 89 67 70 2014 7 2 12 15 6 1 6
1 10 49 34.087 -117.84 213 103 58 70 2014 7 2 12 16 6 1 6
1 10 49 34.077 -117.77 224 89 48 70 2014 7 2 12 17 6 1 6
1 10 49 34.083 -117.63 187 81 38 70 2014 7 2 12 18 16 1 6
1 10 49 34.083 -117.57 172 85 30 70 2014 7 2 12 19 6 1 6
1 10 49 34.088 -117.57 193 89 29 70 2014 7 2 12 20 8 1 6
1 10 49 34.05 -117.57 108 132 14 70 2014 7 2 12 21 6 1 6
1 10 49 34.05 -117.57 139 219 14 70 2014 7 2 12 22 16 1 6
2 10 49 34.201 -118.36 113 0 7 70 2014 7 2 12 37 16 1 8
2 10 49 34.15 -118.22 153 123 69 70 2014 7 2 12 40 16 1 8
2 10 49 34.133 -118.15 208 95 71 70 2014 7 2 12 41 6 1 8
2 10 49 34.136 -118.15 174 106 70 70 2014 7 2 12 42 6 1 8
2 10 49 34.124 -118.07 206 106 70 70 2014 7 2 12 43 6 1 8
2 10 49 34.112 -117.99 222 89 68 70 2014 7 2 12 44 6 1 6
2 10 49 34.083 -117.83 246 100 44 70 2014 7 2 12 45 16 1 6
2 10 49 34.077 -117.83 246 103 43 70 2014 7 2 12 46 6 1 6
2 10 49 34.057 -117.75 246 115 33 70 2014 7 2 12 47 16 1 6
2 10 49 34.056 -117.67 216 89 25 70 2014 7 2 12 48 16 1 6
2 10 49 34.057 -117.6 204 89 25 70 2014 7 2 12 49 15 1 6
2 10 49 34.042 -117.56 177 89 21 70 2014 7 2 12 50 6 1 6
2 10 49 34.057 -117.56 158 0 15 70 2014 7 2 12 51 16 1 6
