1 10 62 34.201 -118.36 119 0 7 110 2014 7 2 16 23 16 1 8
1 10 62 34.15 -118.27 281 157 109 110 2014 7 2 16 27 6 1 8
1 10 62 34.083 -118.22 292 128 110 110 2014 7 2 16 28 6 1 8
1 10 62 34 -118.18 306 154 110 110 2014 7 2 16 29 6 1 15
1 10 62 33.917 -118.13 299 154 110 110 2014 7 2 16 30 6 1 15
1 10 62 33.85 -118.1 300 154 110 110 2014 7 2 16 31 6 1 15
1 10 62 33.75 -118.1 305 173 110 110 2014 7 2 16 32 6 1 2
1 10 62 33.667 -118.08 302 174 110 110 2014 7 2 16 33 6 1 2
1 10 62 33.583 -118.07 304 174 110 110 2014 7 2 16 34 6 1 2
1 10 62 33.533 -117.98 306 146 110 110 2014 7 2 16 35 16 1 2
1 10 62 33.467 -117.92 306 128 110 110 2014 7 2 16 36 6 1 2
1 10 62 33.417 -117.83 308 129 110 110 2014 7 2 16 37 6 1 2
1 10 62 33.367 -117.77 309 130 110 110 2014 7 2 16 38 6 1 2
1 10 62 33.316 -117.69 305 136 110 110 2014 7 2 16 39 6 1 2
1 10 62 33.246 -117.64 305 147 104 110 2014 7 2 16 40 16 1 2
1 10 62 33.167 -117.57 288 138 88 110 2014 7 2 16 41 6 1 9
1 10 62 33.104 -117.51 284 148 71 110 2014 7 2 16 42 6 1 9
1 10 62 33.043 -117.46 279 140 70 110 2014 7 2 16 43 6 1 9
1 10 62 32.992 -117.39 283 143 70 110 2014 7 2 16 44 6 1 9
1 10 62 32.95 -117.32 260 134 70 110 2014 7 2 16 45 6 1 9
1 10 62 32.9 -117.25 256 127 70 110 2014 7 2 16 46 6 1 9
1 10 62 32.85 -117.19 258 129 70 110 2014 7 2 16 47 6 1 9
1 10 62 32.794 -117.11 259 133 56 110 2014 7 2 16 48 16 1 9
1 10 62 32.774 -117.05 219 106 49 110 2014 7 2 16 49 6 1 9
1 10 62 32.767 -117 192 110 50 110 2014 7 2 16 50 6 1 9
1 10 62 32.75 -116.93 195 100 50 110 2014 7 2 16 51 6 1 9
1 10 62 32.717 -116.9 203 102 47 110 2014 7 2 16 52 6 1 9
1 10 62 32.683 -116.95 188 171 40 110 2014 7 2 16 53 6 1 9
1 10 62 32.683 -117 172 250 37 110 2014 7 2 16 54 6 1 9
1 10 62 32.7 -117.05 190 285 26 110 2014 7 2 16 55 6 1 9
1 10 62 32.717 -117.12 146 287 15 110 2014 7 2 16 56 6 1 9
1 10 62 32.717 -117.15 128 286 7 110 2014 7 2 16 57 6 1 9
1 10 62 32.733 -117.18 130 284 3 110 2014 7 2 16 58 6 1 9
