1 67 46 37.35 -121.92 159 0 13 40 2014 7 1 17 37 6 4 154
1 67 46 37.333 -121.85 218 140 38 40 2014 7 1 17 38 6 4 154
1 67 46 37.4 -121.87 221 63 50 40 2014 7 1 17 39 6 4 156
1 67 46 37.45 -121.9 224 335 50 40 2014 7 1 17 40 6 4 156
1 67 46 37.517 -121.92 223 337 50 40 2014 7 1 17 41 6 4 156
1 67 46 37.55 -121.87 204 45 50 40 2014 7 1 17 42 6 4 156
1 67 46 37.6 -121.87 202 3 46 40 2014 7 1 17 43 6 4 156
1 67 46 37.623 -121.92 197 310 41 40 2014 7 1 17 44 15 4 156
1 67 46 37.65 -121.98 185 289 34 40 2014 7 1 17 45 6 4 152
1 67 46 37.667 -122.05 186 295 27 40 2014 7 1 17 46 6 4 152
1 67 46 37.683 -122.1 177 290 21 40 2014 7 1 17 47 6 4 152
1 67 46 37.704 -122.15 182 284 12 40 2014 7 1 17 48 16 4 152
1 67 46 37.722 -122.21 158 296 40 40 2014 7 1 17 49 16 4 155
2 67 46 37.362 -121.93 118 0 0 40 2014 7 2 16 25 16 4 156
2 67 46 37.333 -121.85 239 141 50 40 2014 7 2 16 26 6 4 154
2 67 46 37.4 -121.83 227 51 50 40 2014 7 2 16 27 6 4 156
2 67 46 37.467 -121.82 220 7 50 40 2014 7 2 16 28 6 4 156
2 67 46 37.494 -121.82 227 11 50 40 2014 7 2 16 29 6 4 156
2 67 46 37.557 -121.81 227 0 50 40 2014 7 2 16 30 6 4 156
2 67 46 37.619 -121.81 246 11 50 40 2014 7 2 16 31 6 4 156
2 67 46 37.664 -121.86 229 332 40 40 2014 7 2 16 32 6 4 152
2 67 46 37.65 -121.97 192 264 40 40 2014 7 2 16 33 6 4 152
2 67 46 37.667 -122.03 187 267 27 40 2014 7 2 16 34 6 4 152
2 67 46 37.683 -122.08 164 291 19 40 2014 7 2 16 35 16 4 152
2 67 46 37.7 -122.13 138 291 12 40 2014 7 2 16 36 6 4 152
2 67 46 37.711 -122.16 154 292 7 40 2014 7 2 16 37 6 4 152
2 67 46 37.724 -122.2 140 294 1 40 2014 7 2 16 38 6 4 155
3 67 46 37.362 -121.93 144 0 0 40 2014 7 2 0 39 15 4 156
4 67 46 37.362 -121.93 150 0 0 60 2014 7 2 15 33 6 4 156
4 67 46 37.333 -121.85 219 0 44 60 2014 7 2 15 34 6 4 154
4 67 46 37.36 -121.84 215 74 48 60 2014 7 2 15 35 6 4 154
4 67 46 37.433 -121.83 212 3 50 60 2014 7 2 15 36 6 4 156
4 67 46 37.489 -121.82 212 8 50 60 2014 7 2 15 37 6 4 156
4 67 46 37.551 -121.81 223 0 50 60 2014 7 2 15 38 15 4 156
4 67 46 37.602 -121.85 217 332 49 60 2014 7 2 15 39 16 4 156
4 67 46 37.633 -121.92 188 300 39 60 2014 7 2 15 40 6 4 156
4 67 46 37.646 -121.96 182 300 40 60 2014 7 2 15 41 6 4 152
4 67 46 37.666 -122.02 182 293 27 60 2014 7 2 15 42 6 4 152
4 67 46 37.681 -122.07 159 294 22 60 2014 7 2 15 43 6 4 152
4 67 46 37.693 -122.11 135 302 16 60 2014 7 2 15 44 8 4 152
4 67 46 37.709 -122.16 130 270 8 60 2014 7 2 15 45 6 4 152
4 67 46 37.723 -122.2 130 292 2 60 2014 7 2 15 46 6 4 152
5 67 46 37.333 -121.88 217 0 29 40 2014 7 2 16 15 16 4 154
5 67 46 37.333 -121.88 217 0 29 40 2014 7 2 16 16 6 4 154
5 67 46 37.307 -121.8 235 124 46 40 2014 7 2 16 17 6 4 154
5 67 46 37.378 -121.8 274 112 50 40 2014 7 2 16 18 6 4 154
5 67 46 37.44 -121.83 261 347 60 40 2014 7 2 16 19 6 4 156
5 67 46 37.527 -121.84 264 0 60 40 2014 7 2 16 20 9 4 156
5 67 46 37.584 -121.9 273 338 50 40 2014 7 2 16 21 6 4 156
5 67 46 37.667 -122.02 251 315 35 40 2014 7 2 16 22 16 4 152
5 67 46 37.672 -122.04 249 307 28 40 2014 7 2 16 23 16 4 152
5 67 46 37.7 -122.13 137 290 12 40 2014 7 2 16 24 6 4 152
5 67 46 37.709 -122.16 169 291 8 40 2014 7 2 16 25 16 4 152
5 67 46 37.722 -122.2 140 292 2 40 2014 7 2 16 26 6 4 152
