1 67 77 37.383 -121.95 193 0 12 250 2014 7 1 2 40 6 4 156
1 67 77 37.419 -121.99 213 322 31 250 2014 7 1 2 41 6 4 156
1 67 77 37.455 -121.93 247 320 50 250 2014 7 1 2 42 6 4 156
1 67 77 37.409 -121.85 285 72 59 250 2014 7 1 2 43 6 4 156
1 67 77 37.34 -121.77 279 95 95 250 2014 7 1 2 44 15 4 154
1 67 77 37.277 -121.71 288 133 122 250 2014 7 1 2 45 6 4 154
1 67 77 37.22 -121.65 298 139 143 250 2014 7 1 2 46 6 4 174
1 67 77 37.151 -121.57 315 138 167 250 2014 7 1 2 47 16 4 174
1 67 77 37.071 -121.48 326 141 195 250 2014 7 1 2 48 6 4 174
1 67 77 37.012 -121.42 326 137 211 250 2014 7 1 2 49 6 4 168
1 67 77 36.924 -121.33 344 139 233 250 2014 7 1 2 50 6 4 168
1 67 77 36.852 -121.25 358 141 245 250 2014 7 1 2 51 6 4 168
1 67 77 36.768 -121.16 387 138 250 250 2014 7 1 2 52 6 4 168
1 67 77 36.681 -121.07 403 139 250 250 2014 7 1 2 53 6 4 168
1 67 77 36.592 -120.97 415 140 250 270 2014 7 1 2 54 6 4 168
1 67 77 36.5 -120.87 428 139 254 270 2014 7 1 2 55 6 4 168
1 67 77 36.411 -120.78 427 139 266 270 2014 7 1 2 56 6 4 168
1 67 77 36.305 -120.67 422 139 270 270 2014 7 1 2 57 6 4 168
1 67 77 36.213 -120.57 425 139 270 270 2014 7 1 2 58 6 4 168
1 67 77 36.214 -120.57 433 139 270 270 2014 7 1 2 59 6 4 168
1 67 77 36.119 -120.47 436 139 270 270 2014 7 1 3 0 6 4 168
1 67 77 36.025 -120.37 442 139 270 270 2014 7 1 3 1 6 4 168
1 67 77 35.93 -120.27 443 139 270 270 2014 7 1 3 2 6 4 168
1 67 77 35.739 -120.07 444 139 270 270 2014 7 1 3 3 16 1 54
1 67 77 35.644 -119.98 444 140 270 270 2014 7 1 3 4 6 1 54
1 67 77 35.644 -119.97 444 139 270 270 2014 7 1 3 5 6 1 54
1 67 77 35.543 -119.89 443 144 270 270 2014 7 1 3 6 6 1 54
1 67 77 35.441 -119.8 444 145 270 270 2014 7 1 3 7 6 1 54
1 67 77 35.321 -119.7 441 144 256 270 2014 7 1 3 8 6 1 54
1 67 77 35.177 -119.57 359 144 226 270 2014 7 1 3 9 15 1 23
1 67 77 35.161 -119.56 354 144 223 270 2014 7 1 3 10 6 1 23
1 67 77 35.082 -119.49 347 145 206 270 2014 7 1 3 11 6 1 25
1 67 77 35.006 -119.43 334 144 190 270 2014 7 1 3 12 6 1 25
1 67 77 34.936 -119.37 314 145 173 270 2014 7 1 3 13 16 1 25
1 67 77 34.865 -119.31 312 145 160 270 2014 7 1 3 14 6 1 25
1 67 77 34.781 -119.24 309 145 146 270 2014 7 1 3 15 6 1 25
1 67 77 34.714 -119.18 298 145 134 270 2014 7 1 3 16 6 1 25
1 67 77 34.633 -119.12 289 145 120 270 2014 7 1 3 17 6 1 25
1 67 77 34.579 -119.07 288 148 111 270 2014 7 1 3 18 6 1 25
1 67 77 34.5 -119 270 140 110 270 2014 7 1 3 19 6 1 25
1 67 77 34.483 -118.92 290 115 101 270 2014 7 1 3 20 6 1 25
1 67 77 34.483 -118.82 278 93 86 270 2014 7 1 3 21 6 1 8
1 67 77 34.467 -118.73 268 99 71 270 2014 7 1 3 22 6 1 8
1 67 77 34.45 -118.63 270 99 57 270 2014 7 1 3 23 6 1 8
1 67 77 34.467 -118.57 240 75 49 270 2014 7 1 3 24 6 1 8
1 67 77 34.433 -118.52 208 119 49 270 2014 7 1 3 25 6 1 8
1 67 77 34.388 -118.51 211 167 50 270 2014 7 1 3 26 6 1 8
1 67 77 34.317 -118.5 210 182 35 270 2014 7 1 3 27 6 1 8
1 67 77 34.267 -118.5 180 176 22 270 2014 7 1 3 28 6 1 8
1 67 77 34.235 -118.49 170 157 13 270 2014 7 1 3 29 6 1 8
1 67 77 34.193 -118.49 155 175 9 270 2014 7 1 3 30 6 1 8
2 67 77 37.398 -121.97 215 0 26 330 2014 7 2 6 22 15 4 156
2 67 77 37.452 -121.96 238 316 48 330 2014 7 2 6 23 15 4 156
2 67 77 37.405 -121.9 238 135 48 330 2014 7 2 6 24 15 4 156
2 67 77 37.419 -121.88 275 29 50 330 2014 7 2 6 25 15 4 156
2 67 77 37.359 -121.82 269 73 67 330 2014 7 2 6 26 6 4 154
2 67 77 37.242 -121.69 288 140 125 330 2014 7 2 6 27 16 4 154
2 67 77 37.241 -121.69 284 137 127 330 2014 7 2 6 28 15 4 154
2 67 77 37.167 -121.61 334 137 143 330 2014 7 2 6 29 15 4 174
2 67 77 37.092 -121.52 358 138 172 330 2014 7 2 6 30 15 4 174
2 67 77 37.007 -121.44 382 139 190 330 2014 7 2 6 31 6 4 174
2 67 77 36.839 -121.25 411 138 237 330 2014 7 2 6 32 15 4 168
2 67 77 36.837 -121.25 410 139 237 330 2014 7 2 6 33 15 4 168
2 67 77 36.745 -121.15 431 140 258 330 2014 7 2 6 34 15 4 168
2 67 77 36.653 -121.05 440 138 280 330 2014 7 2 6 35 15 4 189
2 67 77 36.558 -120.94 446 139 306 330 2014 7 2 6 36 15 4 189
2 67 77 36.445 -120.82 446 138 330 330 2014 7 2 6 37 15 4 189
2 67 77 36.346 -120.72 458 138 330 330 2014 7 2 6 38 15 4 189
2 67 77 36.245 -120.61 478 139 330 330 2014 7 2 6 39 15 4 189
2 67 77 36.143 -120.5 479 139 330 330 2014 7 2 6 40 15 4 189
2 67 77 36.043 -120.39 476 138 330 330 2014 7 2 6 41 15 4 189
2 67 77 35.942 -120.29 475 139 330 330 2014 7 2 6 42 6 4 189
2 67 77 35.841 -120.18 476 139 330 330 2014 7 2 6 43 15 4 189
2 67 77 35.759 -120.1 477 139 330 330 2014 7 2 6 44 15 4 0
2 67 77 35.658 -119.99 477 139 328 330 2014 7 2 6 45 15 1 54
2 67 77 35.529 -119.87 474 144 310 330 2014 7 2 6 46 16 1 54
2 67 77 35.42 -119.78 474 144 289 330 2014 7 2 6 47 16 1 54
2 67 77 35.314 -119.69 466 145 269 330 2014 7 2 6 48 15 1 54
2 67 77 35.214 -119.61 448 144 249 330 2014 7 2 6 49 15 1 54
2 67 77 35.116 -119.52 435 144 230 330 2014 7 2 6 50 15 1 25
2 67 77 35.019 -119.44 423 145 211 330 2014 7 2 6 51 15 1 25
2 67 77 34.928 -119.36 408 145 194 330 2014 7 2 6 52 16 1 25
2 67 77 34.842 -119.29 387 145 176 330 2014 7 2 6 53 16 1 25
2 67 77 34.755 -119.22 386 144 158 330 2014 7 2 6 54 15 1 25
2 67 77 34.669 -119.14 381 144 142 330 2014 7 2 6 55 15 1 25
2 67 77 34.589 -119.07 370 146 128 330 2014 7 2 6 56 6 1 25
2 67 77 34.515 -119.01 319 145 114 330 2014 7 2 6 57 16 1 25
2 67 77 34.446 -118.96 304 140 109 330 2014 7 2 6 58 15 1 25
2 67 77 34.416 -118.86 317 121 99 330 2014 7 2 6 59 15 1 8
2 67 77 34.425 -118.77 294 89 86 330 2014 7 2 7 0 16 1 8
2 67 77 34.437 -118.68 286 78 72 330 2014 7 2 7 1 15 1 8
2 67 77 34.42 -118.58 238 103 60 330 2014 7 2 7 2 15 1 8
2 67 77 34.396 -118.51 214 103 50 330 2014 7 2 7 3 15 1 8
2 67 77 34.356 -118.5 184 164 43 330 2014 7 2 7 4 15 1 8
3 67 77 37.362 -121.93 148 0 0 250 2014 7 2 7 2 15 4 156
3 67 77 37.395 -121.97 192 137 17 250 2014 7 2 7 4 15 4 156
3 67 77 37.418 -121.89 268 139 61 250 2014 7 2 7 5 16 4 156
3 67 77 37.355 -121.83 280 29 86 250 2014 7 2 7 6 6 4 154
3 67 77 37.29 -121.76 286 110 111 250 2014 7 2 7 7 15 4 154
3 67 77 37.227 -121.69 315 138 125 250 2014 7 2 7 8 15 4 154
3 67 77 37.159 -121.61 322 137 143 250 2014 7 2 7 9 15 4 174
3 67 77 37.088 -121.53 330 139 162 250 2014 7 2 7 10 15 4 174
3 67 77 37.017 -121.46 333 139 181 250 2014 7 2 7 11 15 4 174
3 67 77 36.946 -121.38 340 139 197 250 2014 7 2 7 12 16 4 168
3 67 77 36.858 -121.28 350 139 211 250 2014 7 2 7 13 15 4 168
3 67 77 36.78 -121.2 361 138 226 250 2014 7 2 7 14 15 4 168
3 67 77 36.703 -121.11 364 138 238 250 2014 7 2 7 15 15 4 168
3 67 77 36.624 -121.03 371 139 247 250 2014 7 2 7 16 15 4 168
3 67 77 36.543 -120.94 379 138 250 250 2014 7 2 7 17 15 4 168
3 67 77 36.474 -120.87 399 138 250 250 2014 7 2 7 18 15 4 168
3 67 77 36.384 -120.77 421 138 250 250 2014 7 2 7 19 15 4 168
3 67 77 36.292 -120.67 433 138 250 250 2014 7 2 7 20 15 4 168
3 67 77 36.179 -120.55 442 139 250 250 2014 7 2 7 21 6 4 168
3 67 77 36.085 -120.44 447 138 250 250 2014 7 2 7 22 16 4 168
3 67 77 35.99 -120.34 447 138 250 250 2014 7 2 7 23 15 4 168
3 67 77 35.893 -120.24 455 139 250 250 2014 7 2 7 24 15 4 168
3 67 77 35.797 -120.14 454 138 250 250 2014 7 2 7 25 15 4 168
3 67 77 35.7 -120.03 454 139 250 250 2014 7 2 7 26 15 1 54
3 67 77 35.601 -119.94 455 141 250 250 2014 7 2 7 27 16 1 54
3 67 77 35.5 -119.85 451 145 238 250 2014 7 2 7 28 15 1 23
3 67 77 35.401 -119.76 439 144 224 250 2014 7 2 7 29 15 1 23
3 67 77 35.307 -119.68 420 145 211 250 2014 7 2 7 30 15 1 23
3 67 77 35.216 -119.61 404 144 198 250 2014 7 2 7 31 6 1 23
3 67 77 35.128 -119.53 390 145 186 250 2014 7 2 7 32 15 1 25
3 67 77 35.043 -119.46 380 144 174 250 2014 7 2 7 33 6 1 25
3 67 77 34.96 -119.39 371 145 163 250 2014 7 2 7 34 15 1 25
3 67 77 34.876 -119.32 368 146 152 250 2014 7 2 7 35 15 1 25
3 67 77 34.791 -119.25 368 144 141 250 2014 7 2 7 36 6 1 25
3 67 77 34.706 -119.17 368 144 130 250 2014 7 2 7 37 16 1 25
3 67 77 34.625 -119.11 369 138 123 250 2014 7 2 7 38 16 1 25
3 67 77 34.483 -118.98 349 144 110 250 2014 7 2 7 39 15 1 25
3 67 77 34.465 -118.96 346 140 110 250 2014 7 2 7 40 16 1 25
3 67 77 34.433 -118.78 270 100 110 250 2014 7 2 7 41 16 1 8
3 67 77 34.433 -118.72 243 98 108 250 2014 7 2 7 42 16 1 8
3 67 77 34.427 -118.69 240 89 105 250 2014 7 2 7 43 15 1 8
3 67 77 34.416 -118.6 250 101 88 250 2014 7 2 7 44 15 1 8
3 67 77 34.383 -118.5 191 98 61 250 2014 7 2 7 45 16 1 8
3 67 77 34.371 -118.5 183 111 56 250 2014 7 2 7 46 6 1 8
3 67 77 34.326 -118.5 171 180 37 250 2014 7 2 7 47 16 1 8
3 67 77 34.281 -118.5 159 180 27 250 2014 7 2 7 48 15 1 8
4 67 77 37.383 -121.95 195 0 21 330 2014 7 2 21 36 6 4 156
4 67 77 37.433 -121.95 256 322 49 330 2014 7 2 21 37 6 4 156
4 67 77 37.359 -121.84 278 127 86 330 2014 7 2 21 38 16 4 154
4 67 77 37.333 -121.8 285 135 105 330 2014 7 2 21 39 15 4 154
4 67 77 37.25 -121.72 354 138 126 330 2014 7 2 21 40 6 4 154
4 67 77 37.167 -121.63 368 138 155 330 2014 7 2 21 41 6 4 174
4 67 77 37.146 -121.61 361 141 164 330 2014 7 2 21 42 6 4 174
4 67 77 37.052 -121.5 381 139 189 330 2014 7 2 21 43 6 4 174
4 67 77 36.969 -121.41 398 137 211 330 2014 7 2 21 44 6 4 168
4 67 77 36.881 -121.31 414 139 229 330 2014 7 2 21 45 6 4 168
4 67 77 36.787 -121.22 430 137 250 290 2014 7 2 21 46 6 4 168
4 67 77 36.694 -121.11 443 138 268 290 2014 7 2 21 47 6 4 168
4 67 77 36.599 -121.01 452 138 287 290 2014 7 2 21 48 6 4 189
4 67 77 36.501 -120.9 464 138 290 290 2014 7 2 21 49 16 4 189
4 67 77 36.382 -120.77 471 138 290 290 2014 7 2 21 50 6 4 189
4 67 77 36.3 -120.68 475 138 290 290 2014 7 2 21 51 6 4 189
4 67 77 36.18 -120.55 478 139 290 290 2014 7 2 21 52 6 4 189
4 67 77 36.081 -120.44 478 138 290 290 2014 7 2 21 53 17 4 189
4 67 77 35.982 -120.33 475 138 290 290 2014 7 2 21 54 6 4 189
4 67 77 35.881 -120.23 477 138 290 290 2014 7 2 21 55 6 4 189
4 67 77 35.78 -120.12 477 139 290 290 2014 7 2 21 56 6 4 189
4 67 77 35.678 -120.01 477 139 290 290 2014 7 2 21 57 6 1 54
4 67 77 35.572 -119.91 476 142 290 290 2014 7 2 21 58 6 1 54
4 67 77 35.44 -119.8 478 144 289 290 2014 7 2 21 59 16 1 54
4 67 77 35.331 -119.7 478 145 276 290 2014 7 2 22 0 6 1 54
4 67 77 35.224 -119.61 471 144 261 290 2014 7 2 22 1 6 1 54
4 67 77 35.122 -119.53 456 145 241 110 2014 7 2 22 2 6 1 54
4 67 77 35.022 -119.44 437 144 220 110 2014 7 2 22 3 6 1 25
4 67 77 34.928 -119.36 419 144 201 110 2014 7 2 22 4 6 1 25
4 67 77 34.824 -119.27 391 145 179 110 2014 7 2 22 5 6 1 25
4 67 77 34.737 -119.2 381 144 161 110 2014 7 2 22 6 6 1 25
4 67 77 34.67 -119.14 380 145 146 110 2014 7 2 22 7 6 1 25
4 67 77 34.581 -119.07 333 145 128 110 2014 7 2 22 8 6 1 25
4 67 77 34.495 -119 310 143 111 110 2014 7 2 22 9 6 1 25
4 67 77 34.462 -118.91 307 148 101 110 2014 7 2 22 10 6 1 25
4 67 77 34.467 -118.9 299 114 100 110 2014 7 2 22 11 6 1 8
4 67 77 34.467 -118.82 285 87 84 110 2014 7 2 22 12 6 1 8
4 67 77 34.477 -118.72 287 77 65 110 2014 7 2 22 13 6 1 8
4 67 77 34.483 -118.63 244 85 52 110 2014 7 2 22 14 6 1 8
4 67 77 34.498 -118.56 229 80 50 110 2014 7 2 22 15 6 1 8
4 67 77 34.464 -118.52 192 140 50 110 2014 7 2 22 16 6 1 8
4 67 77 34.404 -118.51 184 168 50 110 2014 7 2 22 17 6 1 8
4 67 77 34.357 -118.51 170 180 43 110 2014 7 2 22 18 16 1 8
4 67 77 34.312 -118.5 165 180 32 110 2014 7 2 22 19 16 1 8
4 67 77 34.267 -118.5 168 176 22 110 2014 7 2 22 20 6 1 8
4 67 77 34.221 -118.49 155 184 10 110 2014 7 2 22 21 6 1 8
5 67 77 37.362 -121.93 144 0 0 370 2014 7 2 17 36 6 4 156
5 67 77 37.296 -121.86 170 143 27 370 2014 7 2 17 38 6 4 154
5 67 77 37.263 -121.78 216 134 39 370 2014 7 2 17 39 6 4 154
5 67 77 37.245 -121.7 257 101 62 370 2014 7 2 17 40 6 4 154
5 67 77 37.189 -121.63 274 133 88 370 2014 7 2 17 41 7 4 154
5 67 77 37.116 -121.55 287 136 113 370 2014 7 2 17 42 6 4 154
5 67 77 37.051 -121.49 312 140 137 370 2014 7 2 17 43 6 4 174
5 67 77 36.984 -121.41 319 138 161 370 2014 7 2 17 44 6 4 174
5 67 77 36.911 -121.33 342 139 171 370 2014 7 2 17 45 6 4 174
5 67 77 36.844 -121.26 373 138 189 370 2014 7 2 17 46 6 4 174
5 67 77 36.725 -121.13 398 138 215 310 2014 7 2 17 47 9 4 168
5 67 77 36.636 -121.03 416 139 233 310 2014 7 2 17 48 6 4 168
5 67 77 36.544 -120.94 429 139 251 310 2014 7 2 17 49 6 4 168
5 67 77 36.469 -120.86 433 139 265 310 2014 7 2 17 50 6 4 168
5 67 77 36.354 -120.73 453 138 287 310 2014 7 2 17 51 6 4 189
5 67 77 36.276 -120.65 457 139 301 310 2014 7 2 17 52 6 4 189
5 67 77 36.154 -120.52 472 138 309 310 2014 7 2 17 53 16 4 189
5 67 77 36.054 -120.41 476 139 309 310 2014 7 2 17 54 6 4 189
5 67 77 36.053 -120.41 477 139 309 310 2014 7 2 17 55 6 4 189
5 67 77 35.957 -120.3 465 138 297 310 2014 7 2 17 56 6 4 189
5 67 77 35.861 -120.2 461 140 289 310 2014 7 2 17 57 6 4 189
5 67 77 35.748 -120.08 443 138 289 310 2014 7 2 17 58 6 1 54
5 67 77 35.673 -120.01 439 139 289 310 2014 7 2 17 59 6 1 54
5 67 77 35.558 -119.9 433 142 288 310 2014 7 2 18 0 6 1 54
5 67 77 35.455 -119.81 440 146 272 310 2014 7 2 18 1 7 1 54
5 67 77 35.254 -119.64 437 144 244 310 2014 7 2 18 2 16 1 54
5 67 77 35.254 -119.64 441 144 244 310 2014 7 2 18 3 6 1 54
5 67 77 35.159 -119.56 419 145 240 310 2014 7 2 18 4 6 1 54
5 67 77 35.064 -119.48 414 144 240 310 2014 7 2 18 5 16 1 54
5 67 77 34.967 -119.39 423 144 216 310 2014 7 2 18 6 16 1 25
5 67 77 34.854 -119.3 420 146 186 310 2014 7 2 18 7 6 1 25
5 67 77 34.764 -119.22 406 145 160 310 2014 7 2 18 8 6 1 25
5 67 77 34.633 -119.12 356 146 131 310 2014 7 2 18 9 6 1 25
5 67 77 34.55 -119.05 342 144 115 310 2014 7 2 18 10 6 1 25
5 67 77 34.483 -118.98 309 144 109 310 2014 7 2 18 11 11 1 25
5 67 77 34.433 -118.93 288 145 95 310 2014 7 2 18 12 6 1 8
5 67 77 34.433 -118.83 295 100 80 310 2014 7 2 18 13 16 1 8
5 67 77 34.45 -118.72 285 85 65 310 2014 7 2 18 14 7 1 8
5 67 77 34.45 -118.63 264 82 54 310 2014 7 2 18 15 6 1 8
5 67 77 34.467 -118.57 221 81 50 310 2014 7 2 18 16 6 1 8
5 67 77 34.433 -118.52 191 100 51 310 2014 7 2 18 17 6 1 8
5 67 77 34.383 -118.5 181 163 49 310 2014 7 2 18 18 6 1 8
5 67 77 34.34 -118.5 182 176 42 310 2014 7 2 18 19 6 1 8
5 67 77 34.283 -118.5 154 177 26 310 2014 7 2 18 20 6 1 8
5 67 77 34.257 -118.5 147 176 18 310 2014 7 2 18 21 6 1 8
5 67 77 34.218 -118.49 134 180 9 310 2014 7 2 18 22 6 1 8
6 67 77 37.362 -121.93 144 0 0 290 2014 7 3 18 34 7 4 156
6 67 77 37.383 -121.95 191 137 25 290 2014 7 3 18 36 6 4 156
6 67 77 37.466 -121.93 267 322 50 290 2014 7 3 18 37 6 4 156
6 67 77 37.412 -121.87 278 44 56 290 2014 7 3 18 38 6 4 156
6 67 77 37.347 -121.81 278 104 90 290 2014 7 3 18 39 6 4 154
6 67 77 37.283 -121.74 305 140 121 290 2014 7 3 18 40 6 4 154
6 67 77 37.203 -121.65 372 139 148 290 2014 7 3 18 41 6 4 174
6 67 77 37.119 -121.55 402 135 177 290 2014 7 3 18 42 6 4 174
6 67 77 37.011 -121.43 443 140 210 290 2014 7 3 18 43 6 4 168
6 67 77 36.915 -121.33 467 139 238 290 2014 7 3 18 44 6 4 168
6 67 77 36.813 -121.22 494 137 261 290 2014 7 3 18 45 6 4 168
6 67 77 36.707 -121.1 514 139 270 290 2014 7 3 18 46 6 4 168
6 67 77 36.6 -120.99 513 138 270 290 2014 7 3 18 47 6 4 168
6 67 77 36.492 -120.87 518 137 270 290 2014 7 3 18 48 6 4 168
6 67 77 36.361 -120.73 517 139 287 290 2014 7 3 18 49 6 4 189
6 67 77 36.273 -120.64 523 139 290 290 2014 7 3 18 50 6 4 189
6 67 77 36.161 -120.52 528 139 290 290 2014 7 3 18 51 6 4 189
6 67 77 36.027 -120.38 520 139 290 290 2014 7 3 18 52 6 4 189
6 67 77 35.917 -120.26 520 139 290 290 2014 7 3 18 53 6 4 189
6 67 77 35.806 -120.14 519 139 290 290 2014 7 3 18 54 6 4 189
6 67 77 35.695 -120.03 522 139 290 290 2014 7 3 18 55 6 1 54
6 67 77 35.58 -119.92 517 142 290 290 2014 7 3 18 56 6 1 54
6 67 77 35.438 -119.8 514 145 290 290 2014 7 3 18 57 6 1 54
6 67 77 35.321 -119.7 517 144 281 290 2014 7 3 18 58 6 1 54
6 67 77 35.227 -119.62 503 144 262 290 2014 7 3 18 59 6 1 54
6 67 77 35.094 -119.5 480 144 234 290 2014 7 3 19 0 6 1 25
6 67 77 34.986 -119.41 466 145 211 290 2014 7 3 19 1 7 1 25
6 67 77 34.883 -119.32 443 145 189 290 2014 7 3 19 2 6 1 25
6 67 77 34.784 -119.24 436 144 175 290 2014 7 3 19 3 6 1 25
6 67 77 34.701 -119.11 433 143 168 290 2014 7 3 19 4 6 1 25
6 67 77 34.667 -119.05 426 129 155 290 2014 7 3 19 5 6 1 25
6 67 77 34.583 -118.95 397 128 139 290 2014 7 3 19 6 6 1 25
6 67 77 34.517 -118.85 348 131 109 290 2014 7 3 19 7 6 1 25
6 67 77 34.467 -118.77 287 133 95 290 2014 7 3 19 8 6 1 8
6 67 77 34.467 -118.67 288 106 76 290 2014 7 3 19 9 6 1 8
6 67 77 34.467 -118.58 225 88 73 290 2014 7 3 19 10 6 1 8
6 67 77 34.433 -118.53 217 105 63 290 2014 7 3 19 11 6 1 8
6 67 77 34.383 -118.52 185 155 57 290 2014 7 3 19 12 6 1 8
6 67 77 34.333 -118.5 178 170 44 290 2014 7 3 19 13 6 1 8
6 67 77 34.294 -118.5 182 177 29 290 2014 7 3 19 14 8 1 8
6 67 77 34.248 -118.49 177 180 16 290 2014 7 3 19 15 6 1 8
6 67 77 34.203 -118.49 160 175 11 290 2014 7 3 19 16 6 1 8
7 67 77 37.383 -121.95 177 0 17 270 2014 7 4 0 24 6 4 156
7 67 77 37.452 -121.99 229 327 49 270 2014 7 4 0 25 6 4 156
7 67 77 37.466 -121.9 283 75 50 270 2014 7 4 0 26 6 4 156
7 67 77 37.405 -121.84 283 141 50 270 2014 7 4 0 27 6 4 156
7 67 77 37.348 -121.75 285 123 93 270 2014 7 4 0 28 6 4 154
7 67 77 37.283 -121.7 285 145 93 270 2014 7 4 0 29 6 4 154
7 67 77 37.223 -121.63 311 140 145 270 2014 7 4 0 30 6 4 174
7 67 77 37.152 -121.55 331 140 170 270 2014 7 4 0 31 6 4 174
7 67 77 37.146 -121.53 332 139 175 270 2014 7 4 0 32 6 4 174
7 67 77 37 -121.39 358 140 213 270 2014 7 4 0 33 6 4 168
7 67 77 36.988 -121.37 358 140 216 270 2014 7 4 0 34 6 4 168
7 67 77 36.906 -121.29 371 137 236 270 2014 7 4 0 35 6 4 168
7 67 77 36.826 -121.2 381 141 252 270 2014 7 4 0 36 6 4 168
7 67 77 36.738 -121.11 399 139 268 270 2014 7 4 0 37 6 4 168
7 67 77 36.648 -121.02 412 139 270 270 2014 7 4 0 38 6 4 168
7 67 77 36.55 -120.91 450 139 269 270 2014 7 4 0 39 6 4 168
7 67 77 36.436 -120.79 452 139 269 270 2014 7 4 0 40 6 4 168
7 67 77 36.341 -120.69 447 139 269 270 2014 7 4 0 41 7 4 168
7 67 77 36.248 -120.6 443 141 269 270 2014 7 4 0 42 6 4 168
7 67 77 36.156 -120.5 439 139 269 270 2014 7 4 0 43 6 4 168
7 67 77 36.061 -120.4 439 139 270 270 2014 7 4 0 44 6 4 168
7 67 77 35.968 -120.31 439 141 269 270 2014 7 4 0 45 6 4 168
7 67 77 35.874 -120.21 437 140 269 270 2014 7 4 0 46 6 4 168
7 67 77 35.78 -120.11 436 140 269 270 2014 7 4 0 47 6 4 168
7 67 77 35.668 -120 435 140 269 270 2014 7 4 0 48 6 1 54
7 67 77 35.569 -119.91 433 143 269 270 2014 7 4 0 49 6 1 54
7 67 77 35.469 -119.83 433 144 269 270 2014 7 4 0 50 6 1 54
7 67 77 35.371 -119.74 433 144 270 270 2014 7 4 0 51 6 1 54
7 67 77 35.272 -119.65 435 144 264 270 2014 7 4 0 52 6 1 54
7 67 77 35.173 -119.57 433 145 254 270 2014 7 4 0 53 6 1 54
7 67 77 35.076 -119.49 431 144 245 270 2014 7 4 0 54 6 1 54
7 67 77 34.962 -119.39 417 145 224 270 2014 7 4 0 55 6 1 25
7 67 77 34.888 -119.33 416 145 206 270 2014 7 4 0 56 6 1 25
7 67 77 34.78 -119.24 395 144 180 270 2014 7 4 0 57 6 1 25
7 67 77 34.693 -119.17 383 145 159 270 2014 7 4 0 58 15 1 25
7 67 77 34.607 -119.09 349 145 138 270 2014 7 4 0 59 6 1 25
7 67 77 34.55 -119.03 311 144 122 270 2014 7 4 1 0 6 1 25
7 67 77 34.468 -118.97 301 148 101 270 2014 7 4 1 1 7 1 25
7 67 77 34.417 -118.91 290 148 81 270 2014 7 4 1 2 16 1 8
7 67 77 34.417 -118.83 269 132 76 270 2014 7 4 1 3 6 1 8
7 67 77 34.433 -118.75 268 82 61 270 2014 7 4 1 4 6 1 8
7 67 77 34.433 -118.65 256 82 50 270 2014 7 4 1 5 6 1 8
7 67 77 34.417 -118.58 205 95 50 270 2014 7 4 1 6 6 1 8
7 67 77 34.4 -118.53 201 102 50 270 2014 7 4 1 7 6 1 8
7 67 77 34.35 -118.5 176 134 41 270 2014 7 4 1 8 6 1 8
7 67 77 34.317 -118.5 154 165 31 270 2014 7 4 1 9 6 1 8
7 67 77 34.267 -118.5 135 177 21 270 2014 7 4 1 10 13 1 8
7 67 77 34.233 -118.5 132 176 13 270 2014 7 4 1 11 6 1 8
7 67 77 34.216 -118.49 142 180 12 270 2014 7 4 1 12 6 1 8
