1 49 18 34.054 -117.58 181 101 330 330 1 51
1 49 18 34.017 -117.52 246 135 43 330 1 6
1 49 18 34.033 -117.43 289 87 68 330 1 6
1 49 18 34.1 -117.37 306 49 97 330 1 6
1 49 18 34.144 -117.31 303 39 119 330 1 6
1 49 18 34.216 -117.24 330 42 130 330 1 6
1 49 18 34.304 -117.15 405 41 148 330 1 19
1 49 18 34.39 -117.06 420 40 173 330 1 19
1 49 18 34.462 -116.94 436 41 195 330 1 19
1 49 18 34.525 -116.81 455 47 215 330 1 19
1 49 18 34.591 -116.67 470 56 235 330 1 19
1 49 18 34.659 -116.53 487 59 250 330 1 44
1 49 18 34.729 -116.39 499 59 267 330 1 44
1 49 18 34.799 -116.24 500 59 287 330 1 44
1 49 18 34.868 -116.1 495 59 306 330 1 44
1 49 18 34.937 -115.95 494 59 320 330 1 44
1 49 18 35.006 -115.81 494 59 330 330 1 44
1 49 18 35.075 -115.66 498 59 330 330 1 44
1 49 18 35.144 -115.52 498 59 330 330 1 44
1 49 18 35.217 -115.36 497 59 330 330 1 44
1 49 18 35.285 -115.22 496 60 330 330 1 44
1 49 18 35.353 -115.07 495 59 330 330 1 44
1 49 18 35.42 -114.92 494 60 330 330 1 40
1 49 18 35.487 -114.78 495 60 330 330 1 40
1 49 18 35.555 -114.63 496 60 330 330 1 40
1 49 18 35.623 -114.48 497 60 330 330 1 40
1 49 18 35.69 -114.33 498 60 330 330 1 40
1 49 18 35.757 -114.19 497 60 330 330 1 46
1 49 18 35.824 -114.04 497 60 330 330 1 46
1 49 18 35.891 -113.89 498 60 330 330 1 46
1 49 18 35.958 -113.74 498 60 330 330 1 46
1 49 18 36.024 -113.59 497 60 330 330 1 46
1 49 18 36.102 -113.41 495 60 330 330 1 46
1 49 18 36.168 -113.26 494 61 330 330 1 46
1 49 18 36.232 -113.12 494 61 330 330 1 48
1 49 18 36.297 -112.97 495 61 330 330 1 48
1 49 18 36.362 -112.82 494 61 330 330 1 48
1 49 18 36.426 -112.67 493 61 330 330 1 48
1 49 18 36.491 -112.52 493 61 330 330 1 48
1 49 18 36.555 -112.37 493 61 330 330 1 48
1 49 18 36.619 -112.22 493 62 330 330 1 48
1 49 18 36.682 -112.07 493 61 330 330 1 48
1 49 18 36.746 -111.92 494 62 330 330 1 48
1 49 18 36.816 -111.78 487 59 330 330 1 48
1 49 18 36.884 -111.63 484 58 330 330 6 270
1 49 18 36.952 -111.49 481 59 330 330 6 270
1 49 18 37.02 -111.35 481 59 330 330 6 270
1 49 18 37.087 -111.2 481 59 330 330 6 270
1 49 18 37.141 -111.09 483 59 330 330 6 270
1 49 18 37.209 -110.95 483 59 330 330 6 270
1 49 18 37.276 -110.8 483 59 330 330 6 270
1 49 18 37.344 -110.65 484 59 330 330 6 270
1 49 18 37.413 -110.51 488 59 330 330 6 270
1 49 18 37.479 -110.36 488 59 330 330 6 270
1 49 18 37.547 -110.21 488 59 330 330 6 270
1 49 18 37.622 -110.05 488 60 330 330 6 270
1 49 18 37.685 -109.9 488 59 330 330 6 270
1 49 18 37.751 -109.76 488 60 330 330 6 270
1 49 18 37.813 -109.62 482 60 330 330 6 270
1 49 18 37.887 -109.46 481 60 330 330 6 270
1 49 18 37.949 -109.31 481 60 330 330 6 270
1 49 18 38.014 -109.17 481 60 330 330 6 270
1 49 18 38.087 -109 483 60 330 330 6 260
1 49 18 38.149 -108.86 483 60 330 330 6 260
1 49 18 38.211 -108.72 482 60 330 330 6 260
1 49 18 38.273 -108.57 483 60 330 330 6 260
1 49 18 38.345 -108.41 483 61 330 330 6 260
1 49 18 38.41 -108.26 484 61 330 330 6 260
1 49 18 38.474 -108.11 484 60 330 330 6 268
1 49 18 38.536 -107.96 476 61 330 330 6 268
1 49 18 38.599 -107.81 476 61 330 330 6 268
1 49 18 38.658 -107.67 477 61 330 270 6 268
1 49 18 38.721 -107.52 477 61 330 270 6 268
1 49 18 38.783 -107.38 476 61 330 270 6 268
1 49 18 38.845 -107.22 477 61 330 270 6 268
1 49 18 38.907 -107.07 477 61 330 170 6 268
1 49 18 38.969 -106.92 477 61 330 170 6 268
1 49 18 39.031 -106.77 477 61 330 170 6 268
1 49 18 39.091 -106.62 477 62 328 170 6 268
1 49 18 39.153 -106.47 477 62 309 170 6 268
1 49 18 39.215 -106.32 484 62 281 170 6 268
1 49 18 39.282 -106.15 498 62 253 170 6 240
1 49 18 39.342 -106 480 62 224 170 6 240
1 49 18 39.417 -105.82 453 62 191 170 6 240
1 49 18 39.483 -105.65 435 62 171 170 6 249
1 49 18 39.517 -105.56 431 62 170 170 6 249
1 49 18 39.57 -105.43 424 64 163 170 6 233
1 49 18 39.633 -105.25 413 63 160 170 6 233
1 49 18 39.683 -105.13 372 63 158 170 6 233
1 49 18 39.733 -105.02 332 63 147 170 6 233
1 49 18 39.8 -104.93 326 51 130 170 6 233
1 49 18 39.867 -104.88 313 30 111 170 6 233
1 49 18 39.92 -104.85 303 29 100 170 6 233
1 49 18 39.983 -104.78 271 33 74 170 6 233
1 49 18 39.983 -104.7 222 83 70 170 6 233
1 49 18 39.95 -104.67 201 129 70 170 6 233
1 49 18 39.9 -104.67 152 181 62 170 6 233
1 49 18 39.872 -104.66 140 180 57 170 6 233
1 49 18 39.841 -104.66 131 180 55 170 6 233
2 49 18 34.054 -117.64 176.2 51.4 22.2 330 1 6
2 49 18 34.055 -117.7 208.6 264.8 37.8 330 1 6
2 49 18 34.082 -117.77 237.6 270 56.4 330 1 6
2 49 18 34.135 -117.82 256.6 255.6 78.4 330 1 6
2 49 18 34.192 -117.91 268.6 313.4 106.6 330 1 6
2 49 18 34.219 -117.91 272.2 193.4 115.8 330 1 6
2 49 18 34.292 -117.95 312.8 328.8 132.4 330 1 21
2 49 18 34.336 -117.91 334 220.8 146.8 330 1 21
2 49 18 34.412 -117.84 356 159 165.2 330 1 21
2 49 18 34.474 -117.71 370.8 52 184.2 330 1 21
2 49 18 34.522 -117.6 385 60.3 201.1 330 1 22
2 49 18 34.578 -117.47 391.4 58.4 214.6 330 1 22
2 49 18 34.632 -117.35 401.6 65.2 229.2 330 1 22
2 49 18 34.684 -117.22 408 65.8 241.8 330 1 22
2 49 18 34.739 -117.09 413.6 61.6 252.8 330 1 22
2 49 18 34.801 -116.96 422 61.6 265.2 330 1 22
2 49 18 34.858 -116.86 422 60.6 274.6 330 1 22
2 49 18 34.931 -116.74 426.6 57.2 283.6 330 1 43
2 49 18 35.015 -116.6 433.8 54.6 293.6 330 1 43
2 49 18 35.08 -116.5 435.8 53 300.4 330 1 43
2 49 18 35.162 -116.39 439.6 52 305.4 330 1 43
2 49 18 35.25 -116.27 440 49.4 310.6 330 1 43
2 49 18 35.337 -116.15 443 47 314 330 1 43
2 49 18 35.422 -116.04 447.6 47 317.2 330 1 43
2 49 18 35.502 -115.91 447 42.2 320 330 1 43
2 49 18 35.582 -115.79 448.2 49.2 323 330 1 43
2 49 18 35.662 -115.67 447.4 50 325.2 330 1 47
2 49 18 35.741 -115.55 448 44.4 328.8 330 1 47
2 49 18 35.812 -115.43 446.8 50.6 331.6 330 1 47
2 49 18 35.882 -115.3 444.6 52.6 333.4 330 1 47
2 49 18 35.959 -115.17 445.8 53.8 337.2 330 1 47
2 49 18 36.032 -115.04 443.6 53.2 338.8 330 1 47
2 49 18 36.083 -114.94 444.4 53 341 330 1 47
2 49 18 36.132 -114.83 443.2 57.2 342.4 330 1 47
2 49 18 36.2 -114.7 445 56.4 344.2 330 1 47
2 49 18 36.261 -114.56 445.2 58.6 346.6 330 1 47
2 49 18 36.308 -114.43 445.8 61.2 347.8 330 1 47
2 49 18 36.382 -114.27 448.4 61.2 349.2 330 1 47
2 49 18 36.425 -114.15 451.4 57.2 349.8 330 1 47
2 49 18 36.461 -114.05 453.4 65.6 350.2 330 1 48
2 49 18 36.518 -113.89 455.8 64.4 350.2 330 1 48
2 49 18 36.599 -113.68 458.8 64.2 350.2 330 1 48
2 49 18 36.644 -113.55 460.4 63.8 350.2 330 1 48
2 49 18 36.703 -113.41 463 63.6 350.2 330 1 48
2 49 18 36.757 -113.26 462.6 64.1 350.2 330 1 48
2 49 18 36.809 -113.13 462.5 64.3 350.2 330 1 48
2 49 18 36.852 -113.01 463 63.6 350.2 330 1 48
2 49 18 36.902 -112.86 462.6 65.4 350.2 330 1 48
2 49 18 36.95 -112.72 462.2 66.8 350.2 330 1 48
2 49 18 37.005 -112.55 463.2 66.8 350.2 330 1 48
2 49 18 37.052 -112.38 462 68.6 350.2 330 1 48
2 49 18 37.091 -112.27 462.4 68.8 350.2 330 1 48
2 49 18 37.134 -112.12 461.8 68.8 350.2 330 1 48
2 49 18 37.179 -111.97 462.6 69 350.2 330 1 48
2 49 18 37.225 -111.81 463.2 69.2 350.2 330 1 48
2 49 18 37.274 -111.66 463.4 68.4 350.2 330 1 48
2 49 18 37.32 -111.5 464 68.6 350.2 330 6 270
2 49 18 37.368 -111.34 465.2 67.8 350.2 330 6 270
2 49 18 37.413 -111.2 465.4 68.2 350.2 330 6 270
2 49 18 37.463 -111.03 465.6 68 350.2 330 6 270
2 49 18 37.513 -110.87 464.8 67.6 350.2 330 6 270
2 49 18 37.552 -110.74 463.8 68.6 350.2 330 6 270
2 49 18 37.601 -110.58 463.4 68.2 350.2 330 6 270
2 49 18 37.653 -110.43 463.4 65.8 348.8 330 6 270
2 49 18 37.685 -110.29 463.8 68.2 346.8 330 6 270
2 49 18 37.725 -110.16 463 68.2 346.2 330 6 270
2 49 18 37.776 -109.99 462.9 68.2 346.2 330 6 270
2 49 18 37.816 -109.86 463 69 346.2 330 6 270
2 49 18 37.862 -109.7 462.6 68.5 346.2 330 6 270
2 49 18 37.914 -109.53 462.2 67.8 346.2 330 6 270
2 49 18 37.951 -109.41 461.2 67 346.2 330 6 270
2 49 18 37.999 -109.24 459.2 67.6 346.2 330 6 270
2 49 18 38.057 -109.07 458.8 67.8 346.2 330 6 270
2 49 18 38.102 -108.95 458.4 62.4 346.2 330 6 270
2 49 18 38.137 -108.82 457.4 66 346 330 6 254
2 49 18 38.192 -108.67 455 64.6 346 330 6 260
2 49 18 38.23 -108.54 454.8 65.2 346 330 6 260
2 49 18 38.283 -108.4 455 64 343.4 330 6 260
2 49 18 38.336 -108.24 455.2 65.2 339.2 330 6 260
2 49 18 38.398 -108.1 456.2 62.8 334.6 330 6 260
2 49 18 38.451 -107.95 458 63.6 330 330 6 260
2 49 18 38.498 -107.83 452.4 62.2 328 270 6 268
2 49 18 38.54 -107.71 445.6 61.4 324 270 6 268
2 49 18 38.596 -107.57 441.2 62.4 316.4 270 6 268
2 49 18 38.651 -107.43 437.6 63.5 309.8 270 6 268
2 49 18 38.702 -107.3 431.2 62.5 304 270 6 268
2 49 18 38.762 -107.15 426.6 61.8 300.4 270 6 268
2 49 18 38.813 -107.01 426.2 62.6 295.2 270 6 268
2 49 18 38.857 -106.9 426.4 62.6 294.2 270 6 268
2 49 18 38.916 -106.76 425.8 62.2 290.8 270 6 268
2 49 18 38.975 -106.62 427.6 61.6 287.6 270 6 268
2 49 18 39.032 -106.49 425.8 60 282.6 270 6 268
2 49 18 39.086 -106.34 423.8 60.4 275 270 6 268
2 49 18 39.14 -106.2 424 63.4 266 270 6 268
2 49 18 39.189 -106.06 421.6 66 256.6 270 6 268
2 49 18 39.239 -105.92 414.8 63 250.8 270 6 268
2 49 18 39.283 -105.8 399.9 60.1 238.1 270 6 240
2 49 18 39.332 -105.67 383.4 62.8 225.4 270 6 240
2 49 18 39.395 -105.54 370.6 61.2 206.2 270 6 240
2 49 18 39.413 -105.43 362.2 67 191.6 270 6 240
2 49 18 39.426 -105.3 342.2 78.4 177 270 6 233
2 49 18 39.451 -105.21 334.6 77.6 169.6 270 6 233
2 49 18 39.468 -105.12 321.2 76.4 156.2 270 6 233
2 49 18 39.495 -105.02 315.6 62.4 143.4 270 6 233
2 49 18 39.53 -104.95 292.4 55.6 134.4 270 6 233
2 49 18 39.578 -104.85 278.4 47.4 122.4 270 6 233
2 49 18 39.64 -104.8 264.4 34.8 110.2 270 6 233
2 49 18 39.705 -104.77 256.6 25.6 104.8 270 6 233
2 49 18 39.76 -104.74 248.4 101 98.4 270 6 233
2 49 18 39.798 -104.71 242.4 41.4 86.2 270 6 233
2 49 18 39.816 -104.68 225.8 46.2 77 270 6 233
2 49 18 39.835 -104.68 193.2 64.8 69.4 270 6 233
2 49 18 39.851 -104.68 166.2 71 59.2 270 6 233
2 49 18 39.856 -104.67 156.2 139.8 54.8 270 6 233
