1 49 10 34.05 -117.62 141.5 0 21.5 80 1 6
1 49 10 34.05 -117.67 173.5 259 36.5 80 1 6
1 49 10 34.067 -117.73 181 266.5 52.5 80 1 6
1 49 10 34.076 -117.78 174 285 66.5 80 1 6
1 49 10 34.089 -117.85 194.25 278 75.75 80 1 6
1 49 10 34.11 -117.94 202 282 77.5 71 1 6
1 49 10 34.126 -118.01 217.75 288 76.5 67 1 6
1 49 10 34.138 -118.07 225.38 288.38 68.5 61 1 6
1 49 10 34.15 -118.13 228.75 286.62 57 55 1 8
1 49 10 34.166 -118.2 229.25 285.75 38.75 42 1 8
1 49 10 34.193 -118.23 204.38 313.88 37.125 42 1 8
1 49 10 34.212 -118.26 198.69 141.19 35.438 40.5 1 8
1 49 10 34.204 -118.27 177.88 239.12 31.125 30 1 8
1 49 10 34.202 -118.3 159.88 250.88 24.25 21 1 8
1 49 10 34.197 -118.35 151 229.5 22 80 1 8
1 49 10 34.205 -118.36 141.25 167 14 15 1 8
1 49 10 34.203 -118.36 160.5 182.5 12 80 1 8
