1 49 46 34.055 -117.63 161.15 106.92 45.308 400 1 6
1 49 46 34.051 -117.68 205.23 231.77 63.846 400 1 6
1 49 46 34.074 -117.76 243.31 272.38 59.538 400 1 6
1 49 46 34.105 -117.82 268.23 280 79.231 400 1 6
1 49 46 34.164 -117.91 298.15 295.92 110.15 400 1 6
1 49 46 34.231 -118.01 342.31 306 137.23 400 1 21
1 49 46 34.286 -118.11 365.31 302.08 158.62 400 1 21
1 49 46 34.361 -118.2 387.92 307.31 183.92 360 1 21
1 49 46 34.43 -118.3 405.92 309.15 209.08 360 1 32
1 49 46 34.504 -118.41 412.38 307.54 229.69 360 1 32
1 49 46 34.58 -118.51 420 309.54 249.54 360 1 53
1 49 46 34.664 -118.63 427.85 310.46 268.62 360 1 53
1 49 46 34.759 -118.75 438.81 312.19 288 360 1 53
1 49 46 34.837 -118.85 442.23 312.92 300.15 360 1 53
1 49 46 34.939 -118.95 442.35 317.08 315.42 320 1 53
1 49 46 35.031 -119.04 441.27 319.88 325.85 320 1 53
1 49 46 35.125 -119.12 442.62 322.62 335.27 360 1 53
1 49 46 35.214 -119.21 440.46 295.77 340 320 1 53
1 49 46 35.307 -119.31 438.85 320.54 345.08 320 1 53
1 49 46 35.399 -119.4 438.54 319.69 347 320 1 54
1 49 46 35.484 -119.49 438.08 319.73 348.15 320 1 54
1 49 46 35.575 -119.58 437.62 319.58 349.15 320 1 54
1 49 46 35.673 -119.68 436.62 319.65 349.12 320 1 54
1 49 46 35.753 -119.77 436.19 319.35 349.12 320 1 54
1 49 46 35.835 -119.85 435.96 319.15 349.06 360 1 54
1 49 46 35.928 -119.95 436.27 319.46 348.92 280 4 189
1 49 46 36.011 -120.03 436.23 319.15 348.15 280 4 189
1 49 46 36.114 -120.14 436.15 319.58 345.54 280 4 189
1 49 46 36.199 -120.22 435.77 320.69 338.88 280 4 189
1 49 46 36.297 -120.32 435.85 320.54 331.77 280 4 189
1 49 46 36.394 -120.42 433.77 321.23 320 200 4 189
1 49 46 36.481 -120.52 430.23 320.08 304.85 200 4 189
1 49 46 36.57 -120.61 425.54 319.69 284.31 200 4 168
1 49 46 36.655 -120.71 420.58 317.19 266.62 200 4 168
1 49 46 36.733 -120.8 414.65 317.12 244.38 200 4 168
1 49 46 36.812 -120.89 405.58 316.23 224.31 200 4 168
1 49 46 36.897 -120.99 396.92 316.62 203.46 200 4 168
1 49 46 36.983 -121.09 384 315.31 181.08 200 4 174
1 49 46 37.048 -121.16 374.69 316.54 163.92 200 4 174
1 49 46 37.135 -121.26 363.23 317.31 143 200 4 174
1 49 46 37.203 -121.34 351.23 317 127.92 200 4 154
1 49 46 37.264 -121.4 331.46 316.46 112.31 200 4 152
1 49 46 37.327 -121.47 322.15 320.15 97.769 200 4 152
1 49 46 37.389 -121.54 307.23 292.08 83.923 200 4 152
1 49 46 37.45 -121.62 287.23 316.23 75 200 4 152
1 49 46 37.496 -121.69 268.77 310.15 69.077 200 4 156
1 49 46 37.529 -121.77 261.23 296.62 60.846 200 4 156
1 49 46 37.542 -121.84 248 284.77 53.615 200 4 156
1 49 46 37.555 -121.92 233.38 284.85 46.846 200 4 156
1 49 46 37.574 -121.99 227.38 286.23 39.769 200 4 156
1 49 46 37.6 -122.05 209.85 278.62 32.462 200 4 156
1 49 46 37.629 -122.1 197.69 302 23.769 200 4 152
1 49 46 37.656 -122.15 173 305.92 15.231 200 4 152
1 49 46 37.68 -122.18 154.54 307.54 7.8462 200 4 152
1 49 46 37.701 -122.22 144.54 312.38 69.615 200 4 152
