1 49 67 34.053 -117.62 153.29 73.429 19 380 1 6
1 49 67 34.054 -117.68 189.86 262 37.571 380 1 6
1 49 67 34.073 -117.76 227.57 277.29 56.429 380 1 6
1 49 67 34.099 -117.81 258.57 283.43 76.857 380 1 6
1 49 67 34.162 -117.9 300.43 296.29 112.86 380 1 6
1 49 67 34.221 -117.99 329.29 307.57 141.29 380 1 21
1 49 67 34.285 -118.09 361 308.14 166.14 380 1 21
1 49 67 34.35 -118.19 373.29 308 188.71 380 1 21
1 49 67 34.425 -118.29 391.29 304.29 222.14 380 1 21
1 49 67 34.487 -118.39 403.21 304.79 242.57 380 1 53
1 49 67 34.588 -118.53 410.14 310.14 267.14 380 1 53
1 49 67 34.653 -118.62 418.29 310.14 280.14 380 1 53
1 49 67 34.752 -118.76 429.71 310.71 300.71 380 1 53
1 49 67 34.834 -118.87 432.43 312 316.57 380 1 53
1 49 67 34.923 -118.96 436.86 314.43 331 380 1 53
1 49 67 35.01 -119.05 438 319.43 342.29 380 1 53
1 49 67 35.095 -119.15 436.57 318.57 355.57 380 1 53
1 49 67 35.174 -119.26 427.86 312.29 364.29 380 1 53
1 49 67 35.244 -119.35 427.14 312.43 367.86 380 1 54
1 49 67 35.317 -119.5 421.14 305 368.29 380 1 54
1 49 67 35.349 -119.6 415.79 294.07 369.93 380 1 54
1 49 67 35.407 -119.75 417.36 296.36 371.29 380 1 54
1 49 67 35.463 -119.89 415.71 297.14 371.43 380 1 54
1 49 67 35.518 -120.02 416.57 298 371.43 380 1 54
1 49 67 35.567 -120.13 418.86 297.86 371.29 380 1 54
1 49 67 35.638 -120.28 420.14 298.57 371.43 380 1 54
1 49 67 35.691 -120.39 420.71 299.71 371.29 380 4 188
1 49 67 35.758 -120.5 419.36 302.57 363.86 380 4 188
1 49 67 35.834 -120.62 418.57 307.43 356.71 380 4 188
1 49 67 35.918 -120.74 416.29 310.43 346.29 380 4 188
1 49 67 35.991 -120.83 418.86 312.29 335 380 4 188
1 49 67 36.048 -120.94 420 299.29 318.29 200 4 188
1 49 67 36.157 -121.04 415.86 313.71 289 200 4 188
1 49 67 36.234 -121.13 410.64 317.5 260.79 200 4 188
1 49 67 36.341 -121.23 398.57 319.86 237.29 200 4 188
1 49 67 36.43 -121.32 385.29 320.86 211.43 200 4 188
1 49 67 36.518 -121.39 380.71 323.14 186.57 200 4 174
1 49 67 36.586 -121.43 377.43 329.71 166.29 200 4 174
1 49 67 36.712 -121.49 375.71 334 133.71 200 4 154
1 49 67 36.791 -121.53 354.43 339.43 117.71 200 4 154
1 49 67 36.889 -121.58 316.29 338.14 101.14 200 4 154
1 49 67 36.953 -121.61 301.71 336.86 87.857 200 4 154
1 49 67 37.029 -121.65 292.86 341 74.571 200 4 154
1 49 67 37.104 -121.69 281.71 336 59.429 200 4 154
1 49 67 37.17 -121.72 267.71 334.29 50.571 200 4 154
1 49 67 37.213 -121.77 238.57 327.71 42 200 4 154
1 49 67 37.258 -121.82 215.29 319.43 28.143 200 4 154
1 49 67 37.301 -121.86 175.71 320.43 15 200 4 154
1 49 67 37.328 -121.89 153.29 318.86 8.1429 200 4 154
1 49 67 37.35 -121.92 148 315.43 85.571 200 4 154
