1 49 69 34.056 -117.6 145 0 9 350 1 6
1 49 69 34.05 -117.65 174 0 21 350 1 6
1 49 69 34.066 -117.73 214 276 42 350 1 6
1 49 69 34.093 -117.8 235 284 71 350 1 6
1 49 69 34.144 -117.86 258 290 91 350 1 6
1 49 69 34.214 -117.94 295 335 112 350 1 6
1 49 69 34.288 -118 322 315 136 350 1 21
1 49 69 34.362 -117.94 325 321 157 350 1 21
1 49 69 34.407 -117.84 322 0 178 350 1 21
1 49 69 34.451 -117.74 337 51 196 350 1 21
1 49 69 34.498 -117.64 347 61 213 350 1 22
1 49 69 34.545 -117.53 359 61 231 350 1 22
1 49 69 34.602 -117.4 365 61 247 350 1 43
1 49 69 34.654 -117.28 393 80 250 350 1 43
1 49 69 34.722 -117.18 391 61 253 350 1 43
1 49 69 34.79 -117.08 391 56 267 350 1 43
1 49 69 34.872 -116.96 402 50 280 350 1 43
1 49 69 34.944 -116.86 402 50 280 350 1 43
1 49 69 35.026 -116.74 421 47 290 350 1 43
1 49 69 35.026 -116.74 421 47 290 350 1 43
1 49 69 35.156 -116.55 414 50 301 350 1 43
1 49 69 35.174 -116.52 422 50 304 350 1 43
1 49 69 35.311 -116.32 424 50 311 350 1 43
1 49 69 35.326 -116.3 430 50 312 350 1 43
1 49 69 35.467 -116.09 443 51 325 350 1 43
1 49 69 35.548 -115.97 461 49 332 350 1 43
1 49 69 35.583 -115.91 465 50 335 350 1 43
1 49 69 35.666 -115.79 452 50 345 350 1 47
1 49 69 35.77 -115.69 470 40 350 350 1 47
1 49 69 35.898 -115.58 471 34 350 350 1 47
1 49 69 36.067 -115.44 467 34 350 350 1 47
1 49 69 36.109 -115.4 466 34 350 350 1 47
1 49 69 36.212 -115.31 466 34 350 350 1 47
1 49 69 36.338 -115.2 465 35 350 350 1 47
1 49 69 36.443 -115.11 465 34 350 350 1 38
1 49 69 36.547 -115.02 464 34 350 350 1 38
1 49 69 36.653 -114.93 464 35 350 350 1 38
1 49 69 36.759 -114.84 464 34 350 350 1 38
1 49 69 36.87 -114.74 464 35 350 330 1 38
1 49 69 36.976 -114.65 464 35 350 330 1 38
1 49 69 37.095 -114.54 464 35 349 330 1 38
1 49 69 37.201 -114.45 465 34 339 330 1 38
1 49 69 37.305 -114.36 463 35 330 330 1 38
1 49 69 37.415 -114.26 461 35 330 330 1 38
1 49 69 37.478 -114.2 461 36 330 330 1 38
1 49 69 37.624 -114.07 460 35 330 330 1 38
1 49 69 37.706 -114 459 35 330 330 1 38
1 49 69 37.853 -113.86 460 35 330 330 1 38
1 49 69 37.917 -113.8 462 35 330 330 1 38
1 49 69 37.959 -113.77 462 35 330 330 5 205
1 49 69 38.126 -113.61 463 36 330 330 5 205
1 49 69 38.23 -113.52 462 35 330 310 5 205
1 49 69 38.356 -113.4 463 35 318 310 5 205
1 49 69 38.459 -113.3 461 36 310 310 5 205
1 49 69 38.459 -113.3 461 36 310 310 5 205
1 49 69 38.665 -113.11 456 35 310 310 5 205
1 49 69 38.665 -113.11 456 35 310 170 5 205
1 49 69 38.769 -113.02 456 35 310 170 5 205
1 49 69 38.871 -112.92 461 35 310 170 5 205
1 49 69 38.975 -112.82 462 36 310 170 5 205
1 49 69 39.098 -112.7 462 36 310 170 5 205
1 49 69 39.209 -112.62 459 36 306 170 5 215
1 49 69 39.328 -112.57 447 28 287 170 5 215
1 49 69 39.438 -112.52 420 21 266 170 5 215
1 49 69 39.544 -112.48 410 18 246 170 5 215
1 49 69 39.647 -112.43 388 18 227 170 5 215
1 49 69 39.761 -112.38 368 18 205 170 5 215
1 49 69 39.854 -112.34 356 18 189 170 5 215
1 49 69 39.95 -112.3 362 12 175 170 5 215
1 49 69 40.05 -112.26 376 18 170 170 5 215
1 49 69 40.149 -112.22 368 15 159 170 5 215
1 49 69 40.243 -112.19 354 15 145 170 5 197
1 49 69 40.358 -112.15 356 15 136 170 5 197
1 49 69 40.453 -112.12 353 15 130 170 5 197
1 49 69 40.545 -112.09 343 14 122 170 5 197
1 49 69 40.638 -112.08 334 6 110 170 5 197
1 49 69 40.727 -112.09 315 357 110 170 5 197
1 49 69 40.801 -112.1 261 355 105 170 5 197
1 49 69 40.886 -112.11 257 356 84 170 5 197
1 49 69 40.944 -112.09 229 358 71 170 5 197
1 49 69 40.924 -112.02 202 81 61 170 5 197
1 49 69 40.895 -112.01 169 111 57 170 5 197
1 49 69 40.841 -112 145 172 48 170 5 197
1 49 69 40.804 -112 138 178 42 170 5 197
1 49 69 40.804 -112 138 178 42 170 5 197
2 49 69 34.055 -117.61 163.8 100.2 13.8 370 1 6
2 49 69 34.043 -117.64 204 155.6 35.2 370 1 6
2 49 69 34.066 -117.7 225.2 183.4 58.4 370 1 6
2 49 69 34.099 -117.78 256 276.6 83.2 370 1 6
2 49 69 34.127 -117.84 269.8 291.4 96.8 370 1 6
2 49 69 34.201 -117.91 303.4 311.4 124 370 1 6
2 49 69 34.289 -117.93 336.2 319 146.4 370 1 21
2 49 69 34.334 -117.89 365.6 307.6 160.4 370 1 21
2 49 69 34.403 -117.74 397 90.8 181.8 370 1 21
2 49 69 34.451 -117.63 405.4 52.4 194.2 370 1 21
2 49 69 34.498 -117.52 425.6 64.2 216.8 370 1 21
2 49 69 34.579 -117.37 440.2 61.8 239.2 370 1 22
2 49 69 34.652 -117.24 449.6 54 251.8 370 1 43
2 49 69 34.715 -117.15 458.2 57.2 266.2 370 1 43
2 49 69 34.818 -117 466.2 51.4 280.2 370 1 43
2 49 69 34.898 -116.88 465 49.6 296.4 370 1 43
2 49 69 34.966 -116.77 471.6 49.8 308 370 1 43
2 49 69 35.058 -116.65 474.2 50 319 370 1 43
2 49 69 35.138 -116.54 474.4 49.6 322 370 1 43
2 49 69 35.244 -116.37 478.2 49 332 350 1 43
2 49 69 35.317 -116.27 478.2 49.4 339.6 350 1 43
2 49 69 35.416 -116.13 475.8 49.4 344.4 350 1 43
2 49 69 35.502 -116 477 49.4 345.6 350 1 43
2 49 69 35.583 -115.88 476 49.6 346 350 1 43
2 49 69 35.642 -115.8 479.2 49 346 350 1 47
2 49 69 35.753 -115.64 481.4 49.4 346 350 1 47
2 49 69 35.816 -115.54 481.8 49.6 346 350 1 47
2 49 69 35.91 -115.38 481.7 51.3 346 330 1 47
2 49 69 35.989 -115.26 483.2 53 346.1 330 1 47
2 49 69 36.068 -115.14 483.3 51.7 347.1 350 1 47
2 49 69 36.162 -114.99 483.2 49.8 348.2 350 1 47
2 49 69 36.241 -114.89 483.6 49 348.4 350 1 47
2 49 69 36.333 -114.74 481.4 49 351 350 1 47
2 49 69 36.42 -114.64 480.6 49.4 351.6 350 1 49
2 49 69 36.523 -114.52 479.2 42.8 353.4 350 1 49
2 49 69 36.611 -114.43 476.8 40.4 356.2 350 1 49
2 49 69 36.698 -114.35 475 39.6 357 330 1 49
2 49 69 36.785 -114.28 473 35.4 356.6 330 1 49
2 49 69 36.934 -114.16 471.8 31.6 353.4 330 1 49
2 49 69 37.002 -114.11 471.8 31.5 350.6 330 1 49
2 49 69 37.134 -114 472.9 31.3 347.4 330 1 49
2 49 69 37.241 -113.92 472 31.5 344.6 330 1 48
2 49 69 37.354 -113.83 472.6 31.8 343.2 330 1 48
2 49 69 37.476 -113.73 472.2 31.8 342.2 330 1 48
2 49 69 37.587 -113.64 471.6 31.8 341.2 330 1 48
2 49 69 37.692 -113.56 471.4 32 340.2 330 5 205
2 49 69 37.755 -113.51 472.1 31.8 338.2 330 5 205
2 49 69 37.884 -113.42 469.3 28.8 336 330 5 205
2 49 69 38.02 -113.32 468.3 28.4 336 330 5 205
2 49 69 38.103 -113.27 468.2 27.2 336 330 5 205
2 49 69 38.259 -113.17 466.2 26.4 334.4 330 5 205
2 49 69 38.322 -113.13 465.8 26.4 333.8 320 5 205
2 49 69 38.44 -113.06 468.2 25.6 333 320 5 205
2 49 69 38.542 -113 470.6 24.8 332 150 5 205
2 49 69 38.693 -112.91 475.6 23.8 330.8 150 5 205
2 49 69 38.793 -112.84 476 25.2 329.6 150 5 205
2 49 69 38.916 -112.78 474.8 25.2 328.4 150 5 205
2 49 69 39.059 -112.69 473.2 24.4 316 150 5 205
2 49 69 39.179 -112.63 471.4 23.4 301.2 150 5 215
2 49 69 39.3 -112.56 466.4 22.6 283.8 150 5 215
2 49 69 39.443 -112.5 455.2 19.6 268.4 150 5 215
2 49 69 39.513 -112.46 442.2 21.4 249.8 150 5 215
2 49 69 39.625 -112.4 428.2 21.8 231.8 150 5 215
2 49 69 39.731 -112.34 414.2 21 210.6 150 5 215
2 49 69 39.837 -112.28 399.6 21.2 188.6 150 5 215
2 49 69 39.941 -112.23 387.2 20.2 172 150 5 215
2 49 69 40.053 -112.18 369 20.8 155.6 150 5 215
2 49 69 40.139 -112.13 356 21.4 147.4 150 5 215
2 49 69 40.236 -112.1 353 15.8 136.6 150 5 197
2 49 69 40.324 -112.05 337.4 17.6 124.8 150 5 197
2 49 69 40.399 -112.03 317.8 87.6 119.6 150 5 197
2 49 69 40.48 -112.02 304.4 80.2 113 150 5 197
2 49 69 40.561 -112.01 293.8 145.6 106.2 150 5 197
2 49 69 40.637 -112 263.8 149.4 96.6 150 5 197
2 49 69 40.677 -112 234.8 231.2 87.2 150 5 197
2 49 69 40.718 -111.99 218.8 239.2 75 150 5 197
2 49 69 40.748 -111.98 201.4 260.6 63.4 150 5 197
2 49 69 40.769 -111.98 178.4 273.4 56.2 150 5 197
2 49 69 40.779 -111.98 144.8 281.6 49.2 150 5 197
2 49 69 40.787 -111.98 139.8 282.2 43.4 150 5 197
