1 49 65 34.053 -117.63 182.6 104.8 20 320 1 6
1 49 65 34.058 -117.7 215.2 265.2 39.8 320 1 6
1 49 65 34.083 -117.77 243.8 279.2 60 320 1 6
1 49 65 34.126 -117.85 266.6 288 85.8 320 1 6
1 49 65 34.176 -117.93 290.6 298.6 107 320 1 6
1 49 65 34.239 -118.02 328.4 308.2 128.6 320 1 6
1 49 65 34.306 -118.11 341.6 312 148.6 320 1 21
1 49 65 34.358 -118.19 364.6 313.4 161.6 320 1 21
1 49 65 34.411 -118.27 387.2 311.8 184.4 320 1 21
1 49 65 34.488 -118.38 397.2 309 206.6 320 1 32
1 49 65 34.604 -118.49 416.2 313 228 320 1 32
1 49 65 34.715 -118.57 420.6 327.6 245.2 320 1 53
1 49 65 34.836 -118.63 428.6 333.6 260.4 320 1 53
1 49 65 34.907 -118.68 434.4 334 269.8 320 1 53
1 49 65 35.018 -118.74 445 334.2 282.6 320 1 53
1 49 65 35.179 -118.81 452.6 340 298.8 320 1 53
1 49 65 35.272 -118.85 453.2 339.4 310.6 320 1 53
1 49 65 35.37 -118.89 457.6 339.8 317.8 320 1 53
1 49 65 35.49 -118.93 455.1 341 325.8 320 1 53
1 49 65 35.621 -118.98 453.1 343.1 334.2 320 1 53
1 49 65 35.715 -119.01 447.4 344.5 338.6 320 1 53
1 49 65 35.845 -119.05 447 344.4 340.8 320 1 53
1 49 65 35.974 -119.1 445.4 344.6 343 320 1 53
1 49 65 36.079 -119.13 445.6 344.6 344 320 1 53
1 49 65 36.203 -119.17 445.4 345.2 344 320 4 187
1 49 65 36.319 -119.21 446 345.8 344 320 4 187
1 49 65 36.434 -119.24 445.6 345 344 320 4 187
1 49 65 36.559 -119.28 447.2 345.6 344 320 4 187
1 49 65 36.67 -119.31 446.2 345.4 344 320 4 187
1 49 65 36.799 -119.36 446.2 345 344 320 4 187
1 49 65 36.904 -119.39 446.8 345.4 344 320 4 187
1 49 65 37.048 -119.43 445.2 345.6 344 320 4 187
1 49 65 37.125 -119.46 445.8 345.4 344 320 4 187
1 49 65 37.246 -119.5 446 345.2 344 320 4 187
1 49 65 37.372 -119.54 447.2 345.4 344 320 4 187
1 49 65 37.527 -119.59 447.8 345.4 344 320 4 184
1 49 65 37.624 -119.62 448 345.4 344 320 4 184
1 49 65 37.746 -119.66 449.2 345.4 344 320 4 184
1 49 65 37.866 -119.7 448.6 345.2 344 320 4 184
1 49 65 37.988 -119.73 448.8 345.4 344 320 4 184
1 49 65 38.089 -119.77 448.6 345.2 344 320 4 184
1 49 65 38.21 -119.81 449.9 345 344 320 4 185
1 49 65 38.33 -119.85 449 345.2 344 320 4 185
1 49 65 38.444 -119.88 447.4 345.2 344 320 4 185
1 49 65 38.588 -119.93 442.6 345.2 344 320 4 185
1 49 65 38.709 -119.97 444.8 345.2 344 320 4 185
1 49 65 38.829 -120.01 446.6 345 344 320 4 185
1 49 65 38.95 -120.05 446.4 345 344 320 4 185
1 49 65 39.048 -120.08 445.4 345.2 344 320 4 181
1 49 65 39.168 -120.13 445.2 345 344 320 4 181
1 49 65 39.299 -120.17 444.2 345 344 320 4 181
1 49 65 39.421 -120.21 443 345 344 320 4 181
1 49 65 39.502 -120.24 441.8 344.8 344 320 4 181
1 49 65 39.664 -120.29 442.2 345 344 320 4 181
1 49 65 39.734 -120.32 442.5 345 344 320 4 181
1 49 65 39.866 -120.36 442.3 344.9 344 320 4 181
1 49 65 40.009 -120.41 443.6 344.2 344 320 4 181
1 49 65 40.103 -120.44 444 344.8 344 320 4 181
1 49 65 40.206 -120.48 445.2 345.2 344 320 4 186
1 49 65 40.331 -120.52 444 344.6 344 320 4 186
1 49 65 40.466 -120.57 442.2 344.4 344 320 4 186
1 49 65 40.576 -120.61 443 344.6 344 320 4 186
1 49 65 40.718 -120.66 443.2 344.6 344 320 4 186
1 49 65 40.828 -120.7 444.8 344.2 344 320 4 186
1 49 65 40.953 -120.74 446.4 344.8 344 320 3 142
1 49 65 41.077 -120.79 446.4 344.4 344 320 3 142
1 49 65 41.173 -120.82 447 344 344 320 3 142
1 49 65 41.277 -120.86 446.6 344.2 344 320 3 142
1 49 65 41.397 -120.9 446.4 344.2 344 320 3 142
1 49 65 41.536 -120.95 445 344.4 344 320 3 142
1 49 65 41.64 -120.99 446.2 344.2 344 320 3 142
1 49 65 41.753 -121.03 444.2 344.6 344 320 3 142
1 49 65 41.877 -121.08 445.1 344 344 320 3 142
1 49 65 41.996 -121.12 445.4 344.4 344 320 3 142
1 49 65 42.11 -121.16 446.4 344.3 344 320 3 142
1 49 65 42.243 -121.21 445 344 344 320 3 142
1 49 65 42.319 -121.24 446.8 344.6 344 320 3 142
1 49 65 42.443 -121.28 446.8 344.4 344 320 3 142
1 49 65 42.561 -121.33 444.6 344 344 320 3 142
1 49 65 42.707 -121.38 444 344.2 344 320 3 142
1 49 65 42.831 -121.43 445.4 344 344 320 3 142
1 49 65 42.925 -121.47 442.8 344 344 320 3 142
1 49 65 43.044 -121.51 444 344 344 320 3 142
1 49 65 43.185 -121.57 444 344.2 344 320 3 141
1 49 65 43.286 -121.6 444.2 343.8 344 320 3 141
1 49 65 43.407 -121.64 444.6 344.2 344 320 3 142
1 49 65 43.532 -121.68 445.8 345.6 344 320 3 142
1 49 65 43.66 -121.73 445.8 346 344 320 3 142
1 49 65 43.775 -121.77 445.8 345 344 320 3 141
1 49 65 43.9 -121.82 445.8 344.4 342.4 320 3 141
1 49 65 44.024 -121.87 446.6 343.4 340.2 320 3 135
1 49 65 44.142 -121.92 447.2 343.4 338.4 320 3 135
1 49 65 44.265 -121.97 446 343.4 336.4 320 3 135
1 49 65 44.385 -122.02 449 343.2 334.6 320 3 135
1 49 65 44.505 -122.07 451 343.2 332.8 320 3 135
1 49 65 44.624 -122.12 451.2 343.2 332 320 3 135
1 49 65 44.723 -122.16 447.8 342.8 332 320 3 135
1 49 65 44.84 -122.21 446.7 342.8 332 320 3 135
1 49 65 44.954 -122.25 447.3 343 332 320 3 135
1 49 65 45.05 -122.3 447.7 343 332 320 3 135
1 49 65 45.208 -122.36 449.2 343 332 320 3 135
1 49 65 45.327 -122.41 450.4 342.8 332 320 3 135
1 49 65 45.451 -122.46 451 342.8 326.4 320 3 135
1 49 65 45.572 -122.51 451.6 342.8 317.4 320 3 135
1 49 65 45.693 -122.56 453.2 342.6 311.8 320 3 135
1 49 65 45.801 -122.6 454.6 345.6 302.4 320 3 135
1 49 65 45.916 -122.63 451.9 345 291.3 302 3 135
1 49 65 46.049 -122.65 446.2 280.4 277.8 320 3 135
1 49 65 46.191 -122.69 440.6 350 259 320 3 147
1 49 65 46.291 -122.7 430.2 351.6 240.4 320 3 147
1 49 65 46.402 -122.72 415.4 351.8 219.2 320 3 147
1 49 65 46.55 -122.71 398 355.6 190 320 3 147
1 49 65 46.654 -122.68 393.6 155.6 177.2 320 3 147
1 49 65 46.748 -122.68 379.4 225.2 154.2 320 3 147
1 49 65 46.859 -122.68 354 148.2 127.4 320 3 147
1 49 65 46.923 -122.61 345 14.4 117.2 320 3 147
1 49 65 46.997 -122.55 317 31.2 101.2 320 3 147
1 49 65 47.075 -122.48 289.4 32.4 85.2 320 3 114
1 49 65 47.137 -122.44 277 28.2 74 320 3 114
1 49 65 47.217 -122.39 263 94.2 58.4 320 3 114
1 49 65 47.251 -122.38 248 15.8 53.2 320 3 114
1 49 65 47.314 -122.35 229 11 43 320 3 114
1 49 65 47.368 -122.32 199.6 22.6 32.6 320 3 114
1 49 65 47.396 -122.31 173.4 101.4 25.2 320 3 114
1 49 65 47.424 -122.31 156 180.2 14.8 320 3 114
1 49 65 47.448 -122.31 148.2 178.8 7 320 3 114
1 49 65 47.462 -122.31 146.6 108.2 3.6 320 3 114
