1 49 70 34.055 -117.62 161 0 81.75 360 1 6
1 49 70 34.056 -117.68 195.42 222.42 35.583 360 1 6
1 49 70 34.078 -117.76 235.5 275.83 59.833 360 1 6
1 49 70 34.123 -117.84 276 286.67 87.667 360 1 6
1 49 70 34.181 -117.92 304.17 301.75 111.83 360 1 6
1 49 70 34.226 -118 326.58 305.58 137 360 1 6
1 49 70 34.295 -118.1 355.83 309.33 168.33 360 1 21
1 49 70 34.366 -118.18 374.08 289.25 185.5 360 1 21
1 49 70 34.436 -118.29 394.83 311 214.67 360 1 32
1 49 70 34.512 -118.37 403.92 292.25 236.17 360 1 32
1 49 70 34.614 -118.47 412.67 317.42 258.33 360 1 53
1 49 70 34.714 -118.53 419.08 327.5 275.75 360 1 53
1 49 70 34.821 -118.6 425.29 333.46 292.38 360 1 53
1 49 70 34.928 -118.66 431.08 332.58 309.79 360 1 53
1 49 70 35.034 -118.73 434.21 331.88 323.88 360 1 53
1 49 70 35.142 -118.8 436.88 332 335.33 360 1 53
1 49 70 35.24 -118.86 437.79 331.83 346.42 360 1 53
1 49 70 35.358 -118.94 437.25 331.88 355.21 360 1 53
1 49 70 35.456 -119 434.83 332.17 359.67 360 1 53
1 49 70 35.568 -119.07 433.58 332.25 363.83 360 1 53
1 49 70 35.67 -119.12 434.25 334.92 366.67 360 1 53
1 49 70 35.787 -119.19 433.17 334.42 371.42 360 1 53
1 49 70 35.885 -119.25 431.17 333.92 373.08 360 1 53
1 49 70 35.991 -119.32 430.33 333 374.67 360 1 53
1 49 70 36.113 -119.4 430.25 332.17 374.92 360 4 187
1 49 70 36.205 -119.46 432 331 374.92 360 4 187
1 49 70 36.3 -119.53 430.92 330.71 374.92 360 4 187
1 49 70 36.402 -119.6 430.58 315.29 374.92 360 4 187
1 49 70 36.501 -119.66 430.96 330.71 374.83 360 4 187
1 49 70 36.587 -119.73 431.17 330 374.33 360 4 187
1 49 70 36.704 -119.8 429.83 332.92 372.17 240 4 187
1 49 70 36.786 -119.88 429.25 331 366.67 240 4 187
1 49 70 36.887 -119.95 429.29 329.04 358.17 240 4 187
1 49 70 36.986 -120.03 428.75 330.62 347.21 200 4 187
1 49 70 37.082 -120.1 426.46 329.29 325.88 200 4 187
1 49 70 37.197 -120.18 429.75 328.58 300.42 200 4 187
1 49 70 37.295 -120.26 432.25 329.29 277.38 200 4 187
1 49 70 37.393 -120.33 427.17 328.79 255.21 200 4 184
1 49 70 37.479 -120.41 420.38 325.08 228.79 200 4 152
1 49 70 37.579 -120.5 401.83 322.67 212.75 200 4 152
1 49 70 37.66 -120.59 391.5 319.75 198.5 200 4 152
1 49 70 37.742 -120.67 385.5 321.58 188.83 200 4 177
1 49 70 37.825 -120.75 382.29 319.75 177.92 200 4 177
1 49 70 37.918 -120.85 380 320.67 166 200 4 177
1 49 70 38 -120.94 376.58 319.75 154.17 200 4 172
1 49 70 38.071 -121.02 371.25 319.17 146 200 4 172
1 49 70 38.138 -121.11 364.79 314.29 135.42 200 4 172
1 49 70 38.206 -121.2 354.92 312 126.83 200 4 172
1 49 70 38.277 -121.3 346.08 311.17 115.58 200 4 172
1 49 70 38.331 -121.38 327.67 311.33 107.17 200 4 172
1 49 70 38.4 -121.48 313.08 311.33 91.75 200 4 153
1 49 70 38.45 -121.54 306.58 313 81.667 200 4 153
1 49 70 38.515 -121.61 294.08 318.75 66.417 200 4 153
1 49 70 38.583 -121.65 284.92 328.08 52.75 200 4 153
1 49 70 38.643 -121.69 273.5 334.67 42.75 200 4 153
1 49 70 38.72 -121.7 247.25 256.92 36.083 200 4 153
1 49 70 38.777 -121.69 225.25 118.92 29.5 200 4 153
1 49 70 38.798 -121.65 203.42 39.333 23.417 200 4 153
1 49 70 38.781 -121.6 174.75 99.75 15 200 4 153
1 49 70 38.74 -121.6 149.92 165.08 7.0833 200 4 153
1 49 70 38.715 -121.6 144.25 179.83 3.5 200 4 153
