1 51 49 34.197 -119.26 172 263 19 70 1 14
1 51 49 34.162 -119.28 197 138 33 70 1 14
1 51 49 34.15 -119.25 200 182 38 70 1 14
1 51 49 34.167 -119.19 219 83 51 70 1 14
1 51 49 34.174 -119.1 213 89 66 70 1 14
1 51 49 34.18 -119.03 215 76 70 70 1 14
1 51 49 34.193 -118.95 237 89 70 70 1 14
1 51 49 34.205 -118.87 235 76 70 70 1 14
1 51 49 34.215 -118.8 237 76 70 70 1 8
1 51 49 34.219 -118.72 233 89 70 70 1 8
1 51 49 34.222 -118.64 233 89 70 70 1 8
1 51 49 34.221 -118.54 236 89 70 70 1 8
1 51 49 34.219 -118.46 236 89 70 70 1 8
1 51 49 34.202 -118.39 235 103 70 70 1 8
1 51 49 34.178 -118.32 235 106 70 70 1 8
1 51 49 34.159 -118.24 234 106 70 70 1 8
1 51 49 34.144 -118.17 233 106 70 70 1 8
1 51 49 34.117 -118.05 231 103 70 70 1 8
1 51 49 34.116 -118 232 106 68 70 1 6
1 51 49 34.106 -117.92 235 89 57 70 1 6
1 51 49 34.091 -117.84 242 106 51 70 1 6
1 51 49 34.074 -117.76 242 103 51 70 1 6
1 51 49 34.083 -117.68 241 89 51 70 1 6
1 51 49 34.086 -117.61 235 89 50 70 1 6
1 51 49 34.083 -117.57 201 86 46 70 1 6
1 51 49 34.083 -117.53 147 84 28 70 1 6
1 51 49 34.046 -117.57 140 202 15 70 1 6
1 51 49 34.046 -117.57 140 202 15 70 1 6
2 51 77 34.2 -119.23 145.5 133 11 50 1 14
2 51 77 34.203 -119.28 148.5 281 30 50 1 14
2 51 77 34.236 -119.22 211.5 36 46 50 1 14
2 51 77 34.251 -119.16 217 78.5 50 50 1 14
2 51 77 34.251 -119.09 225 87 50 50 1 14
2 51 77 34.258 -119 224 86 50 50 1 14
2 51 77 34.263 -118.96 228 82.5 50 50 1 14
2 51 77 34.284 -118.89 226 82.75 50 50 1 8
2 51 77 34.322 -118.81 224 61.5 50 50 1 8
2 51 77 34.343 -118.76 217.75 60 50 50 1 8
2 51 77 34.375 -118.69 218 64 50.5 50 1 8
2 51 77 34.403 -118.64 217 59 50 50 1 8
2 51 77 34.425 -118.58 215.5 56.5 50 50 1 8
2 51 77 34.416 -118.53 201 83.5 50 50 1 8
2 51 77 34.372 -118.5 159 146.5 47 50 1 8
2 51 77 34.337 -118.5 143 180.5 37.5 50 1 8
2 51 77 34.293 -118.5 138 176 28.5 50 1 8
2 51 77 34.255 -118.5 140 177.5 18.5 50 1 8
2 51 77 34.22 -118.49 139.5 180 12.5 50 1 8
