1 51 77 34.2 -119.23 145.5 133 11 50 1 14
1 51 77 34.203 -119.28 148.5 281 30 50 1 14
1 51 77 34.236 -119.22 211.5 36 46 50 1 14
1 51 77 34.251 -119.16 217 78.5 50 50 1 14
1 51 77 34.251 -119.09 225 87 50 50 1 14
1 51 77 34.258 -119 224 86 50 50 1 14
1 51 77 34.263 -118.96 228 82.5 50 50 1 14
1 51 77 34.284 -118.89 226 82.75 50 50 1 8
1 51 77 34.322 -118.81 224 61.5 50 50 1 8
1 51 77 34.343 -118.76 217.75 60 50 50 1 8
1 51 77 34.375 -118.69 218 64 50.5 50 1 8
1 51 77 34.403 -118.64 217 59 50 50 1 8
1 51 77 34.425 -118.58 215.5 56.5 50 50 1 8
1 51 77 34.416 -118.53 201 83.5 50 50 1 8
1 51 77 34.372 -118.5 159 146.5 47 50 1 8
1 51 77 34.337 -118.5 143 180.5 37.5 50 1 8
1 51 77 34.293 -118.5 138 176 28.5 50 1 8
1 51 77 34.255 -118.5 140 177.5 18.5 50 1 8
1 51 77 34.22 -118.49 139.5 180 12.5 50 1 8
