1 1 33 35.039 -106.58 147 83 66 400 2 80
1 1 33 35.005 -106.58 193 94 74 400 2 80
1 1 33 34.998 -106.66 239 212 98 400 2 80
1 1 33 35.001 -106.75 282 272 128 400 2 80
1 1 33 35 -106.87 331 272 155 400 2 80
1 1 33 34.997 -106.99 343 270 185 400 2 80
1 1 33 34.996 -107.12 372 268 215 400 2 68
1 1 33 34.996 -107.26 386 268 245 400 2 68
1 1 33 34.994 -107.4 399 269 272 400 2 68
1 1 33 34.996 -107.52 401 242 293 400 2 100
1 1 33 35.016 -107.66 409 270 305 400 2 100
1 1 33 35.034 -107.81 426 275 320 400 2 100
1 1 33 35.053 -107.96 439 279 340 400 2 88
1 1 33 35.071 -108.1 439 278 362 400 2 88
1 1 33 35.091 -108.26 430 278 379 400 2 104
1 1 33 35.111 -108.42 425 278 395 400 2 104
1 1 33 35.128 -108.56 425 278 395 400 2 104
1 1 33 35.128 -108.55 420 278 400 400 2 104
1 1 33 35.144 -108.69 416 278 400 400 2 104
1 1 33 35.163 -108.84 415 278 400 400 2 104
1 1 33 35.197 -109.13 415 278 400 400 2 104
1 1 33 35.197 -109.13 415 278 400 400 2 104
1 1 33 35.212 -109.27 417 278 400 400 2 104
1 1 33 35.228 -109.41 418 278 400 400 2 104
1 1 33 35.246 -109.56 421 278 400 400 2 104
1 1 33 35.272 -109.81 422 277 400 400 2 104
1 1 33 35.276 -109.84 423 277 400 400 2 104
1 1 33 35.293 -110 423 276 400 400 2 101
1 1 33 35.306 -110.13 420 277 400 300 2 101
1 1 33 35.334 -110.4 419 276 400 300 2 101
1 1 33 35.335 -110.42 416 277 400 300 2 101
1 1 33 35.364 -110.68 419 277 400 300 2 101
1 1 33 35.366 -110.72 418 277 400 300 2 101
1 1 33 35.381 -110.85 417 277 395 300 2 101
1 1 33 35.395 -111 399 276 384 300 2 101
1 1 33 35.409 -111.13 396 276 375 300 2 101
1 1 33 35.42 -111.25 396 277 365 300 2 101
1 1 33 35.436 -111.41 396 276 342 300 2 101
1 1 33 35.45 -111.55 422 276 321 300 2 101
1 1 33 35.464 -111.69 422 276 301 300 2 101
1 1 33 35.477 -111.84 422 277 300 300 2 101
1 1 33 35.49 -111.98 422 276 300 300 1 46
1 1 33 35.503 -112.12 422 276 300 300 1 46
1 1 33 35.517 -112.26 422 276 300 240 1 46
1 1 33 35.529 -112.41 427 275 295 240 1 46
1 1 33 35.545 -112.59 430 276 279 240 1 46
1 1 33 35.559 -112.73 431 276 261 240 1 46
1 1 33 35.569 -112.87 416 275 251 240 1 46
1 1 33 35.581 -113 402 275 242 240 1 46
1 1 33 35.591 -113.12 392 276 233 240 1 29
1 1 33 35.601 -113.25 391 275 223 100 1 29
1 1 33 35.612 -113.39 391 275 212 100 1 29
1 1 33 35.623 -113.52 388 275 202 100 1 29
1 1 33 35.64 -113.65 387 275 193 100 1 29
1 1 33 35.659 -113.78 385 277 190 100 1 29
1 1 33 35.68 -113.93 382 279 190 100 1 29
1 1 33 35.697 -114.06 379 279 168 100 1 29
1 1 33 35.714 -114.18 364 279 145 100 1 29
1 1 33 35.749 -114.26 355 279 136 100 1 29
1 1 33 35.823 -114.37 353 301 119 100 1 29
1 1 33 35.876 -114.45 349 310 107 100 1 3
1 1 33 35.946 -114.55 337 310 100 100 1 3
1 1 33 36.01 -114.63 279 312 89 100 1 3
1 1 33 36.057 -114.71 270 309 80 100 1 3
1 1 33 36.072 -114.76 242 309 77 100 1 3
1 1 33 36.072 -114.83 225 283 66 100 1 3
1 1 33 36.074 -114.91 221 270 57 100 1 3
1 1 33 36.073 -114.98 194 271 43 100 1 3
1 1 33 36.074 -115.06 159 270 30 100 1 3
1 1 33 36.073 -115.09 138 270 26 100 1 3
1 1 33 36.073 -115.11 147 269 23 100 1 3
2 1 33 35.043 -106.58 170.86 11.857 63.571 400 2 80
2 1 33 35.069 -106.54 226.29 102.86 80.143 400 2 80
2 1 33 35.082 -106.57 273.43 150.71 98.571 400 2 80
2 1 33 35.087 -106.66 302.43 301.43 120.43 400 2 80
2 1 33 35.1 -106.75 332.57 290.71 139.43 400 2 80
2 1 33 35.122 -106.89 360.71 278.43 166.43 400 2 80
2 1 33 35.14 -107 375 279.14 188 400 2 80
2 1 33 35.173 -107.15 390.57 282.71 220.14 400 2 68
2 1 33 35.198 -107.31 408.29 282.86 244.71 400 2 68
2 1 33 35.221 -107.45 415 279.43 263.14 400 2 68
2 1 33 35.238 -107.56 427.57 280.57 278.14 400 2 68
2 1 33 35.255 -107.69 439.71 282.79 294.43 400 2 88
2 1 33 35.286 -107.82 442.64 288.71 310.93 360 2 88
2 1 33 35.287 -107.96 436.36 278.57 333.71 360 2 88
2 1 33 35.305 -108.1 433.64 278 348.21 360 2 88
2 1 33 35.324 -108.26 427 278 359.71 400 2 88
2 1 33 35.339 -108.39 420.29 278 370 400 2 104
2 1 33 35.358 -108.54 415.14 278.29 376.71 400 2 104
2 1 33 35.377 -108.68 412.57 278.29 379.86 400 2 104
2 1 33 35.395 -108.82 409.86 279 380.86 400 2 104
2 1 33 35.413 -108.96 410.86 278.71 380.86 400 2 104
2 1 33 35.427 -109.11 415.14 278.57 382.14 400 2 104
2 1 33 35.44 -109.24 417.36 277.29 382.86 400 2 104
2 1 33 35.448 -109.36 419.86 275.79 382.86 400 2 104
2 1 33 35.456 -109.52 419.43 275 382.86 400 2 104
2 1 33 35.462 -109.63 418.29 275 382.86 400 2 104
2 1 33 35.47 -109.79 417.5 273.14 382.86 400 2 101
2 1 33 35.478 -109.94 417.43 273.29 382.86 400 2 101
2 1 33 35.483 -110.04 417.43 273.29 382.86 400 2 101
2 1 33 35.491 -110.2 417 273.36 381.43 400 2 101
2 1 33 35.498 -110.32 417.07 273.36 381.29 300 2 101
2 1 33 35.506 -110.48 418.71 273.14 378.71 300 2 101
2 1 33 35.512 -110.6 418.71 273.29 378.43 300 2 101
2 1 33 35.519 -110.74 418.71 272.71 376 300 2 101
2 1 33 35.526 -110.91 419.71 272.86 374.71 300 2 101
2 1 33 35.533 -111.03 420.57 273.14 370.5 300 2 101
2 1 33 35.54 -111.19 421.14 247 363.71 300 2 101
2 1 33 35.547 -111.35 425.43 273.14 350 300 2 101
2 1 33 35.553 -111.49 425.43 272.57 336.57 300 2 101
2 1 33 35.559 -111.61 433 272.43 328.29 300 2 101
2 1 33 35.566 -111.78 432.86 272.57 325.43 300 2 101
2 1 33 35.572 -111.94 427.71 272.43 323.86 300 1 46
2 1 33 35.578 -112.08 426.43 272.57 321.43 240 1 46
2 1 33 35.585 -112.22 425.86 273.29 317.14 240 1 46
2 1 33 35.594 -112.37 425.43 273.29 313.29 240 1 46
2 1 33 35.602 -112.5 423.14 273.43 309.57 240 1 46
2 1 33 35.612 -112.64 418.14 274.14 305.57 240 1 46
2 1 33 35.622 -112.78 417.21 274.86 301 240 1 46
2 1 33 35.631 -112.91 410.71 274.86 292.21 240 1 46
2 1 33 35.631 -113.05 410.5 271 283.64 240 1 46
2 1 33 35.631 -113.18 410.32 269.14 278.46 100 1 46
2 1 33 35.631 -113.32 408.14 269.29 269.79 100 1 46
2 1 33 35.635 -113.43 403.29 269.21 258.21 100 1 46
2 1 33 35.645 -113.56 396.29 271.14 242 100 1 29
2 1 33 35.657 -113.68 392.86 274.29 226.86 100 1 29
2 1 33 35.667 -113.8 386.57 276 210.14 100 1 29
2 1 33 35.686 -113.94 374 277.43 187.57 100 1 29
2 1 33 35.698 -114.06 365.86 277.14 167.14 100 1 29
2 1 33 35.724 -114.18 352.29 282.14 149.71 100 1 29
2 1 33 35.767 -114.26 337.43 296.43 135.14 100 1 29
2 1 33 35.818 -114.36 329.29 308.57 117.43 100 1 29
2 1 33 35.876 -114.41 318.71 323.07 106 100 1 3
2 1 33 35.955 -114.47 302.04 325.04 97.286 100 1 3
2 1 33 36.02 -114.53 296.61 309.79 90.036 100 1 3
2 1 33 36.074 -114.61 278.93 297.43 84.786 100 1 3
2 1 33 36.099 -114.7 268.71 284.29 79 100 1 3
2 1 33 36.11 -114.76 265.29 277.57 72.571 100 1 3
2 1 33 36.107 -114.86 235.86 270 63.143 100 1 3
2 1 33 36.109 -114.92 220 267.86 56.571 100 1 3
2 1 33 36.108 -114.99 190.86 263.57 50.143 100 1 3
2 1 33 36.11 -115.06 185.14 271 36.857 100 1 3
2 1 33 36.106 -115.11 167 267.71 28.857 100 1 3
2 1 33 36.091 -115.14 151.14 255.29 22 100 1 3
