1 1 65 35.043 -106.57 176.5 0 63.5 380 2 80
1 1 65 35.045 -106.53 185.5 82 75.5 380 2 80
1 1 65 35.114 -106.53 261 54.5 100 380 2 80
1 1 65 35.139 -106.56 282 184.5 109 380 2 80
1 1 65 35.214 -106.67 312.5 318.5 145.5 380 2 80
1 1 65 35.266 -106.72 333.5 310.5 166 380 2 80
1 1 65 35.359 -106.79 357 316.5 187 380 2 80
1 1 65 35.438 -106.84 379.5 330 208 380 2 69
1 1 65 35.566 -106.91 403.5 335 236 380 2 69
1 1 65 35.679 -106.97 420 337 257.5 380 2 69
1 1 65 35.786 -107.02 428.5 337 275 380 2 69
1 1 65 35.913 -107.09 436.5 336.5 286.5 380 2 69
1 1 65 35.998 -107.13 442 337 299.5 380 2 99
1 1 65 36.125 -107.19 445 336.5 320.5 380 2 99
1 1 65 36.242 -107.26 445.5 337 340 380 2 99
1 1 65 36.358 -107.32 440.5 336.5 356 380 6 259
1 1 65 36.463 -107.4 439.5 333 366.5 380 6 259
1 1 65 36.559 -107.5 434 322.5 376.5 380 6 259
1 1 65 36.656 -107.59 432 320.5 380 380 6 259
1 1 65 36.727 -107.67 426 321 380 380 6 259
1 1 65 36.828 -107.77 421.5 320.5 380 380 6 259
1 1 65 36.917 -107.86 420.5 320 380 380 6 259
1 1 65 36.965 -107.92 420.5 320 380 380 6 259
1 1 65 37.102 -108.06 420 320 380 380 6 259
1 1 65 37.151 -108.11 420 320 380 380 6 259
1 1 65 37.29 -108.25 420.5 320 380 380 6 259
1 1 65 37.392 -108.35 423.5 320 380 380 6 259
1 1 65 37.48 -108.44 423.5 320 380 380 6 254
1 1 65 37.581 -108.55 425 320 380 380 6 254
1 1 65 37.669 -108.64 423 320 380 380 6 254
1 1 65 37.712 -108.69 423.5 320 380 380 6 254
1 1 65 37.841 -108.81 415.5 320 380 380 6 254
1 1 65 37.931 -108.91 415.5 320 380 380 6 254
1 1 65 38.006 -109 419.5 319.5 380 380 6 254
1 1 65 38.064 -109.06 416.5 320 380 380 6 254
1 1 65 38.153 -109.15 416.5 319.5 380 380 6 269
1 1 65 38.235 -109.23 420 319.5 380 380 6 269
1 1 65 38.379 -109.4 423 320 380 380 6 278
1 1 65 38.439 -109.46 422 319 380 380 6 278
1 1 65 38.563 -109.59 425 319.5 380 380 6 278
1 1 65 38.611 -109.65 425 319 380 380 6 278
1 1 65 38.709 -109.75 424.5 319.5 380 380 6 278
1 1 65 38.808 -109.86 424 319 380 380 6 278
1 1 65 38.888 -109.94 424 319.5 380 380 6 278
1 1 65 38.994 -110.06 424 319 380 380 5 203
1 1 65 39.075 -110.15 423 319 380 380 5 203
1 1 65 39.174 -110.26 421 319 380 380 5 203
1 1 65 39.25 -110.34 421.5 319 380 380 5 203
1 1 65 39.346 -110.45 422 319 380 380 5 203
1 1 65 39.432 -110.55 425 318 380 380 5 203
1 1 65 39.54 -110.67 424.5 319 380 380 5 203
1 1 65 39.632 -110.77 425.5 318.5 380 380 5 209
1 1 65 39.681 -110.83 424.5 319 380 380 5 209
1 1 65 39.772 -110.93 426 319 380 380 5 209
1 1 65 39.861 -111.03 429.5 319 380 380 5 209
1 1 65 39.947 -111.03 428.5 189 380 380 5 209
1 1 65 40.052 -111.24 427 318.5 380 380 5 209
1 1 65 40.156 -111.34 431 329.5 380 380 5 209
1 1 65 40.25 -111.44 426 321.5 380 380 5 209
1 1 65 40.295 -111.5 425.5 321.5 380 380 5 209
1 1 65 40.387 -111.59 425 321.5 380 380 5 209
1 1 65 40.489 -111.69 424 321.5 380 380 5 209
1 1 65 40.582 -111.79 421 321.5 380 380 5 209
1 1 65 40.675 -111.89 425 321.5 380 380 5 209
1 1 65 40.775 -112 422 321.5 380 380 5 209
1 1 65 40.861 -112.1 422.5 319.5 380 380 5 210
1 1 65 40.948 -112.2 423.5 318.5 380 380 5 212
1 1 65 41.035 -112.31 417.5 317 380 380 5 212
1 1 65 41.122 -112.41 419 319 380 380 5 212
1 1 65 41.218 -112.53 417 320 380 380 5 212
1 1 65 41.306 -112.62 419 318.5 380 380 5 212
1 1 65 41.389 -112.73 421 319 380 380 5 212
1 1 65 41.474 -112.84 421.5 323 380 380 5 212
1 1 65 41.567 -112.97 422.5 315 380 380 5 212
1 1 65 41.651 -113.07 423 315.5 380 380 5 212
1 1 65 41.744 -113.2 424.5 315 380 380 5 212
1 1 65 41.827 -113.31 422 315 380 380 5 212
1 1 65 41.911 -113.42 423.5 315 380 380 5 212
1 1 65 41.994 -113.53 424 315 380 380 5 212
1 1 65 42.086 -113.66 424 315 380 380 5 212
1 1 65 42.169 -113.77 423 315 380 380 5 213
1 1 65 42.252 -113.88 424 314.5 380 380 5 213
1 1 65 42.303 -113.95 427 314.5 380 380 5 213
1 1 65 42.387 -114.06 430.5 314.5 380 380 5 213
1 1 65 42.471 -114.18 429.5 314 380 380 5 213
1 1 65 42.555 -114.3 429.5 314 380 380 5 213
1 1 65 42.605 -114.37 430 314 380 380 5 213
1 1 65 42.693 -114.48 430 314 380 380 5 213
1 1 65 42.777 -114.6 430 314 380 380 5 213
1 1 65 42.907 -114.78 431 314 380 380 5 213
1 1 65 42.99 -114.9 430 314 380 380 5 213
1 1 65 43.041 -114.97 430.5 314 380 380 5 213
1 1 65 43.124 -115.09 429.5 314 380 380 5 213
1 1 65 43.207 -115.2 429.5 314 380 380 5 213
1 1 65 43.291 -115.32 430.5 314 380 380 5 213
1 1 65 43.326 -115.37 430.75 314 380 380 5 213
1 1 65 43.41 -115.5 430.5 313.5 380 380 5 213
1 1 65 43.487 -115.61 431 313.25 380 380 5 213
1 1 65 43.597 -115.77 431.5 313 380 380 5 213
1 1 65 43.681 -115.89 430 313 380 380 5 213
1 1 65 43.763 -116.01 429.5 313 380 380 5 213
1 1 65 43.845 -116.13 430 313 380 380 5 213
1 1 65 43.927 -116.25 429 312.5 380 380 5 213
1 1 65 44.017 -116.39 431.5 313 380 380 5 213
1 1 65 44.1 -116.5 431 313 380 380 5 213
1 1 65 44.156 -116.59 431 313 380 380 5 213
1 1 65 44.272 -116.76 430 313 380 380 5 213
1 1 65 44.321 -116.84 431 312 380 380 5 213
1 1 65 44.436 -117.01 431.5 312.5 380 380 5 213
1 1 65 44.519 -117.13 432 312.5 380 380 5 213
1 1 65 44.593 -117.25 432.5 312.5 380 380 5 213
1 1 65 44.674 -117.37 431.5 312 380 380 5 213
1 1 65 44.755 -117.49 432.5 311.5 380 380 5 213
1 1 65 44.836 -117.62 433 311.5 380 380 5 213
1 1 65 44.916 -117.75 431 312 380 380 5 213
1 1 65 44.995 -117.87 430.5 312 380 380 5 213
1 1 65 45.085 -118.01 430 311.5 380 380 5 213
1 1 65 45.162 -118.13 431 312 380 380 3 134
1 1 65 45.234 -118.24 433 311 380 380 3 134
1 1 65 45.314 -118.37 433 311.5 380 380 3 134
1 1 65 45.393 -118.5 432.5 311 380 380 3 134
1 1 65 45.489 -118.65 432.5 311.5 380 380 3 134
1 1 65 45.568 -118.78 433 311 380 380 3 134
1 1 65 45.647 -118.91 429.5 311.5 380 380 3 134
1 1 65 45.725 -119.03 430 311 380 380 3 134
1 1 65 45.803 -119.16 429.5 311 380 380 3 134
1 1 65 45.882 -119.29 429.5 311 380 380 3 134
1 1 65 45.96 -119.42 432.5 310.5 380 380 3 134
1 1 65 46.039 -119.54 434 311 380 380 3 134
1 1 65 46.123 -119.69 432 311 380 380 3 134
1 1 65 46.202 -119.82 431 310.5 380 380 3 134
1 1 65 46.248 -119.9 428.5 310.5 373.5 380 3 134
1 1 65 46.362 -120.09 427 310.5 359.5 380 3 134
1 1 65 46.439 -120.22 426.5 310 346.5 380 3 134
1 1 65 46.479 -120.29 427 310.5 346.5 380 3 134
1 1 65 46.552 -120.42 423.5 310 326.5 380 3 134
1 1 65 46.626 -120.54 416 312 316 380 3 134
1 1 65 46.65 -120.62 405 309.5 294.5 380 3 134
1 1 65 46.716 -120.75 383 306.5 277.5 380 3 148
1 1 65 46.773 -120.88 369.5 304.5 258.5 380 3 148
1 1 65 46.847 -120.98 371.5 304 238.5 380 3 148
1 1 65 46.923 -121.06 363 307 220.5 380 3 148
1 1 65 46.99 -121.13 349 319 204.5 380 3 148
1 1 65 47.074 -121.2 337.5 326.5 185 380 3 148
1 1 65 47.054 -121.2 342.5 157 180.5 380 3 148
1 1 65 47.055 -121.3 339.5 195.5 173 380 3 148
1 1 65 47.1 -121.48 328.5 282 158.5 380 3 148
1 1 65 47.126 -121.55 325.5 291 148.5 380 3 148
1 1 65 47.161 -121.67 313 291.5 131.5 380 3 114
1 1 65 47.194 -121.78 295.5 293.5 121 380 3 114
1 1 65 47.233 -121.88 285.5 301.5 113 380 3 114
1 1 65 47.281 -121.97 288.5 302 95 380 3 114
1 1 65 47.333 -122.02 278 324.5 83.5 380 3 114
1 1 65 47.383 -122.08 250 146.5 75.5 380 3 114
1 1 65 47.433 -122.12 227 150 61 380 3 114
1 1 65 47.468 -122.19 223.5 315.5 43 380 3 114
1 1 65 47.471 -122.27 226 280 35 380 3 114
1 1 65 47.456 -122.31 205.5 239 26.5 380 3 114
1 1 65 47.456 -122.31 161 266.5 19 380 3 114
1 1 65 47.456 -122.31 136 268.5 10.5 380 3 114
1 1 65 47.453 -122.31 137 269.5 5 380 3 114
2 1 65 35.049 -106.57 160 79 70 380 2 80
2 1 65 35.103 -106.59 238 76 87 380 2 80
2 1 65 35.152 -106.66 282 356 97 380 2 80
2 1 65 35.196 -106.75 298 322 109 380 2 80
2 1 65 35.231 -106.84 302 305 124 380 2 80
2 1 65 35.267 -106.93 300 298 145 380 2 80
2 1 65 35.328 -107 308 306 150 380 2 80
2 1 65 35.401 -107.09 310 306 156 380 2 80
2 1 65 35.481 -107.15 334 319 170 380 2 68
2 1 65 35.566 -107.22 357 329 182 380 2 68
2 1 65 35.653 -107.28 369 329 204 380 2 68
2 1 65 35.757 -107.36 388 329 231 380 2 68
2 1 65 35.85 -107.42 399 328 252 380 2 68
2 1 65 35.96 -107.51 410 329 267 380 2 68
2 1 65 36.063 -107.58 436 328 282 380 2 68
2 1 65 36.168 -107.66 452 328 298 380 6 260
2 1 65 36.289 -107.75 455 329 322 380 6 260
2 1 65 36.357 -107.8 455 328 336 380 6 260
2 1 65 36.504 -107.92 438 328 361 380 6 259
2 1 65 36.6 -107.99 429 329 379 380 6 259
2 1 65 36.662 -108.03 417 329 380 380 6 259
2 1 65 36.757 -108.1 415 328 380 380 6 259
2 1 65 36.87 -108.17 414 330 380 380 6 259
2 1 65 36.953 -108.26 406 328 380 380 6 259
2 1 65 37.051 -108.36 406 326 380 380 6 259
2 1 65 37.134 -108.44 406 320 380 380 6 259
2 1 65 37.218 -108.53 407 321 380 380 6 259
2 1 65 37.316 -108.63 407 320 380 380 6 259
2 1 65 37.403 -108.72 407 320 380 380 6 259
2 1 65 37.399 -108.71 404 320 380 380 6 259
2 1 65 37.498 -108.82 410 321 380 380 6 254
2 1 65 37.667 -108.99 412 320 380 380 6 254
2 1 65 37.768 -109.1 416 320 380 380 6 269
2 1 65 37.855 -109.19 420 321 380 380 6 269
2 1 65 37.941 -109.28 420 319 380 380 6 269
2 1 65 38.017 -109.36 417 320 380 380 6 269
2 1 65 38.109 -109.45 418 320 380 380 6 269
2 1 65 38.214 -109.56 418 320 380 380 6 278
2 1 65 38.316 -109.67 421 319 380 380 6 278
2 1 65 38.401 -109.77 421 320 380 380 6 278
2 1 65 38.483 -109.85 420 319 380 380 6 278
2 1 65 38.502 -109.87 421 320 380 380 6 278
2 1 65 38.571 -109.95 420 319 380 380 6 278
2 1 65 38.75 -110.14 420 319 380 380 5 203
2 1 65 38.769 -110.16 421 320 380 380 5 203
2 1 65 38.947 -110.35 422 320 380 380 5 203
2 1 65 39.023 -110.44 421 319 380 380 5 203
2 1 65 39.13 -110.55 417 319 380 380 5 203
2 1 65 39.135 -110.56 421 320 380 380 5 203
2 1 65 39.212 -110.64 418 319 380 380 5 203
2 1 65 39.305 -110.75 415 319 380 380 5 203
2 1 65 39.383 -110.87 408 308 380 380 5 203
2 1 65 39.449 -110.97 409 309 380 380 5 203
2 1 65 39.519 -111.09 412 308 380 380 5 209
2 1 65 39.591 -111.21 416 308 380 380 5 209
2 1 65 39.678 -111.31 413 312 380 380 5 209
2 1 65 39.784 -111.42 416 313 380 380 5 209
2 1 65 39.871 -111.52 415 319 380 380 5 209
2 1 65 39.959 -111.62 415 319 380 380 5 209
2 1 65 40.046 -111.72 418 319 380 380 5 209
2 1 65 40.136 -111.82 422 319 380 380 5 209
2 1 65 40.224 -111.92 426 319 380 380 5 209
2 1 65 40.312 -112.02 419 319 380 380 5 209
2 1 65 40.401 -112.12 420 319 380 380 5 209
2 1 65 40.49 -112.22 419 319 380 380 5 209
2 1 65 40.58 -112.32 425 319 380 380 5 209
2 1 65 40.686 -112.45 423 319 380 400 5 216
2 1 65 40.776 -112.55 424 318 385 400 5 216
2 1 65 40.866 -112.65 426 318 394 400 5 216
2 1 65 40.952 -112.75 420 319 400 400 5 216
2 1 65 41.041 -112.86 423 318 400 400 5 200
2 1 65 41.13 -112.96 424 318 400 400 5 200
2 1 65 41.219 -113.07 426 318 400 400 5 212
2 1 65 41.308 -113.17 430 318 400 400 5 212
2 1 65 41.398 -113.28 430 318 400 400 5 212
2 1 65 41.487 -113.38 430 318 400 400 5 212
2 1 65 41.577 -113.49 430 318 400 400 5 212
2 1 65 41.683 -113.62 432 318 400 400 5 212
2 1 65 41.771 -113.72 429 318 400 400 5 212
2 1 65 41.86 -113.83 429 317 400 400 5 212
2 1 65 41.95 -113.94 432 317 400 400 5 212
2 1 65 42.038 -114.05 430 318 400 400 5 213
2 1 65 42.126 -114.16 430 318 400 400 5 213
2 1 65 42.213 -114.26 426 317 400 400 5 213
2 1 65 42.213 -114.26 426 317 400 400 5 213
2 1 65 42.391 -114.48 432 317 400 400 5 213
2 1 65 42.48 -114.6 434 317 400 400 5 213
2 1 65 42.569 -114.71 436 317 400 400 5 213
2 1 65 42.668 -114.83 435 317 400 400 5 213
2 1 65 42.756 -114.94 433 317 400 400 5 213
2 1 65 42.845 -115.06 436 317 400 400 5 213
2 1 65 42.933 -115.17 436 317 400 400 5 213
2 1 65 42.933 -115.17 433 317 400 400 5 213
2 1 65 43.022 -115.28 433 317 400 400 5 213
2 1 65 43.109 -115.39 433 317 400 400 5 213
2 1 65 43.286 -115.62 435 316 400 400 5 213
2 1 65 43.391 -115.76 435 316 400 400 5 213
2 1 65 43.481 -115.87 439 316 400 400 5 213
2 1 65 43.481 -115.87 439 316 400 400 5 213
2 1 65 43.568 -115.99 438 316 400 400 5 213
2 1 65 43.656 -116.11 436 316 400 400 5 213
2 1 65 43.796 -116.29 436 316 400 400 5 213
2 1 65 43.885 -116.41 436 316 400 400 5 213
2 1 65 43.973 -116.53 436 315 400 400 5 213
2 1 65 44.06 -116.64 436 316 400 400 5 213
2 1 65 44.096 -116.69 437 315 400 400 5 213
2 1 65 44.236 -116.88 437 316 400 400 5 213
2 1 65 44.325 -117 437 315 400 400 5 213
2 1 65 44.412 -117.12 437 315 400 400 5 213
2 1 65 44.5 -117.24 437 315 400 400 5 213
2 1 65 44.587 -117.36 438 315 400 400 5 213
2 1 65 44.674 -117.48 438 315 400 400 5 213
2 1 65 44.763 -117.6 441 315 400 400 5 213
2 1 65 44.851 -117.72 441 315 400 400 5 213
2 1 65 44.937 -117.84 442 316 400 400 5 213
2 1 65 44.989 -117.92 442 315 400 400 5 213
2 1 65 45.112 -118.09 443 315 400 400 3 139
2 1 65 45.203 -118.22 443 314 400 400 3 134
2 1 65 45.288 -118.35 441 314 400 400 3 134
2 1 65 45.375 -118.47 441 315 400 400 3 134
2 1 65 45.459 -118.59 440 314 400 400 3 134
2 1 65 45.545 -118.72 440 314 400 400 3 134
2 1 65 45.648 -118.87 441 314 400 400 3 134
2 1 65 45.683 -118.92 441 314 400 400 3 134
2 1 65 45.764 -119.05 443 312 400 400 3 134
2 1 65 45.811 -119.13 444 310 400 400 3 134
2 1 65 45.889 -119.26 443 310 400 400 3 134
2 1 65 45.968 -119.4 443 310 400 400 3 134
2 1 65 46.126 -119.67 443 310 400 400 3 134
2 1 65 46.203 -119.8 439 310 394 400 3 134
2 1 65 46.279 -119.93 435 310 369 400 3 134
2 1 65 46.356 -120.07 435 309 344 400 3 134
2 1 65 46.356 -120.07 435 309 344 400 3 134
2 1 65 46.438 -120.21 433 308 320 400 3 134
2 1 65 46.506 -120.33 422 309 301 400 3 134
2 1 65 46.578 -120.46 414 309 281 400 3 134
2 1 65 46.639 -120.59 399 309 261 400 3 134
2 1 65 46.7 -120.72 390 306 241 400 3 148
2 1 65 46.77 -120.87 382 304 218 400 3 148
2 1 65 46.83 -120.99 373 304 198 400 3 148
2 1 65 46.888 -121.12 367 304 177 400 3 148
2 1 65 46.944 -121.24 357 304 159 400 3 148
2 1 65 47.018 -121.4 342 304 136 400 3 148
2 1 65 47.081 -121.54 327 302 120 400 3 148
2 1 65 47.125 -121.63 300 305 120 400 3 148
2 1 65 47.16 -121.73 273 305 113 400 3 114
2 1 65 47.176 -121.87 308 283 94 400 3 114
2 1 65 47.192 -121.98 278 281 74 400 3 114
2 1 65 47.206 -122.08 296 281 57 400 3 114
2 1 65 47.221 -122.2 287 280 40 400 3 114
2 1 65 47.245 -122.29 219 287 40 400 3 114
2 1 65 47.282 -122.31 170 292 32 400 3 114
2 1 65 47.304 -122.31 188 335 29 400 3 114
2 1 65 47.378 -122.31 161 0 15 400 3 114
2 1 65 47.416 -122.31 144 0 9 400 3 114
2 1 65 47.428 -122.31 143 1 6 400 3 114
