1 1 66 35.043 -106.58 176 0 61 320 2 80
1 1 66 35.002 -106.56 214 129 82 320 2 80
1 1 66 34.974 -106.62 247.5 206.5 102.5 320 2 80
1 1 66 34.96 -106.66 255.5 225 113 320 2 80
1 1 66 34.983 -106.74 273 247 132.5 320 2 80
1 1 66 35.006 -106.84 283 275.5 152 320 2 80
1 1 66 35.023 -106.93 295 286.5 166 320 2 80
1 1 66 35.044 -107.03 312 284 178.5 320 2 80
1 1 66 35.082 -107.21 330.5 283 199 320 2 68
1 1 66 35.053 -107.3 340.5 249.5 203 320 2 68
1 1 66 35.12 -107.44 353.5 283 219.5 320 2 68
1 1 66 35.139 -107.56 360.5 281 229.5 320 2 68
1 1 66 35.148 -107.63 367 281 234.5 320 2 68
1 1 66 35.166 -107.75 374 280 244.5 320 2 68
1 1 66 35.184 -107.87 376.5 280 254 320 2 68
1 1 66 35.203 -108 378 279.5 260.5 320 2 68
1 1 66 35.224 -108.13 384.5 279.5 268 320 2 68
1 1 66 35.242 -108.27 390 280 273.5 320 2 68
1 1 66 35.261 -108.41 394 279.5 279 320 2 68
1 1 66 35.281 -108.54 396.5 279.5 284 320 2 68
1 1 66 35.296 -108.65 400 279.5 292.5 294 2 88
1 1 66 35.318 -108.81 400 279.5 296 320 2 88
1 1 66 35.347 -109.01 404 279.5 304.5 320 2 88
1 1 66 35.366 -109.16 405.5 279.5 309.5 320 2 88
1 1 66 35.386 -109.3 407.5 279.5 315 320 2 88
1 1 66 35.404 -109.43 407.5 278.5 320 320 2 88
1 1 66 35.421 -109.57 408 279 320 320 2 88
1 1 66 35.438 -109.7 410 278.5 320 320 2 88
1 1 66 35.446 -109.78 415.5 278.5 320 320 2 88
1 1 66 35.474 -110 425 278.5 320 320 2 101
1 1 66 35.493 -110.15 429 278 322.5 320 2 101
1 1 66 35.501 -110.22 426 278.5 322.5 320 2 101
1 1 66 35.527 -110.42 418.5 278.5 327.5 320 2 101
1 1 66 35.545 -110.57 417.5 278.5 330 320 2 101
1 1 66 35.554 -110.63 417 278 330 320 2 101
1 1 66 35.571 -110.78 416.5 278 330 320 2 101
1 1 66 35.589 -110.92 414.5 277.5 330 320 2 101
1 1 66 35.614 -111.13 416.5 277.5 330 320 2 101
1 1 66 35.63 -111.27 419.5 278 330 320 2 101
1 1 66 35.647 -111.41 418.5 277.5 332.5 320 2 101
1 1 66 35.662 -111.55 415.5 277.5 335 320 2 101
1 1 66 35.678 -111.69 410 277.5 337.5 320 2 101
1 1 66 35.691 -111.79 404 277.5 339.75 320 1 45
1 1 66 35.71 -111.97 402.5 277.5 340 320 1 45
1 1 66 35.733 -112.16 401.5 277 340 320 1 45
1 1 66 35.739 -112.23 400.5 277.5 340 320 1 45
1 1 66 35.764 -112.45 402.5 277.5 340 320 1 45
1 1 66 35.778 -112.59 401.5 277 340 320 1 45
1 1 66 35.793 -112.72 402 277.5 340 320 1 45
1 1 66 35.8 -112.8 405 277 340 320 1 45
1 1 66 35.819 -112.98 404 277.5 340 320 1 45
1 1 66 35.834 -113.12 404.5 276.5 340 320 1 45
1 1 66 35.847 -113.25 404.5 276.5 340 320 1 45
1 1 66 35.862 -113.41 405 276.5 340 320 1 45
1 1 66 35.876 -113.55 406.5 276.5 340 320 1 45
1 1 66 35.888 -113.69 406.5 276.5 340 320 1 45
1 1 66 35.909 -113.89 407 276 340 320 1 45
1 1 66 35.919 -114 404 276.5 340 320 1 46
1 1 66 35.933 -114.16 401.5 276.5 340 320 1 47
1 1 66 35.946 -114.3 402.5 276 340 320 1 47
1 1 66 35.964 -114.44 400.5 281.5 340 320 1 47
1 1 66 35.99 -114.57 405.5 277 340 320 1 47
1 1 66 36.025 -114.7 405 280.5 340 320 1 47
1 1 66 36.063 -114.84 405 285.5 340 320 1 47
1 1 66 36.101 -114.96 405 288.5 340 320 1 47
1 1 66 36.139 -115.09 405 289 340 320 1 47
1 1 66 36.176 -115.22 405 289 340 320 1 47
1 1 66 36.215 -115.36 408.5 289 340 320 1 47
1 1 66 36.251 -115.49 406.5 289 340 320 1 47
1 1 66 36.288 -115.64 417 289 340 320 1 56
1 1 66 36.328 -115.78 412.5 288 340 320 1 56
1 1 66 36.365 -115.91 409.5 288.5 340 320 1 56
1 1 66 36.406 -116.05 407.5 289.5 340 320 1 56
1 1 66 36.441 -116.18 407.5 288.5 340 320 1 56
1 1 66 36.475 -116.31 406.5 288.5 340 320 1 56
1 1 66 36.513 -116.44 406.5 288.5 340 320 1 56
1 1 66 36.549 -116.58 404.5 288 340 320 1 56
1 1 66 36.585 -116.71 405 288 340 320 1 56
1 1 66 36.62 -116.84 405 288 340 320 1 56
1 1 66 36.651 -116.96 405 288.5 340 320 1 34
1 1 66 36.691 -117.11 405 287.5 340 320 1 34
1 1 66 36.721 -117.22 405 288 340 320 1 34
1 1 66 36.763 -117.38 404.5 287 340 320 1 34
1 1 66 36.793 -117.5 401.5 288 340 320 1 34
1 1 66 36.821 -117.61 401.75 287.75 340 320 1 34
1 1 66 36.848 -117.71 401.5 287.5 340 320 1 34
1 1 66 36.876 -117.82 402 287.25 340 320 1 34
1 1 66 36.9 -117.92 401.25 287.12 340 320 1 34
1 1 66 36.932 -118.04 402.75 286.75 340 320 1 34
1 1 66 36.959 -118.15 401 287 340 320 1 34
1 1 66 36.99 -118.27 400.5 287.5 340 320 1 34
1 1 66 37.019 -118.38 399.25 286.75 340 320 1 34
1 1 66 37.046 -118.5 397.5 286 340 320 1 34
1 1 66 37.074 -118.6 397 287 340 320 1 34
1 1 66 37.102 -118.71 396.5 286.25 340 320 4 187
1 1 66 37.127 -118.82 396.5 286.75 340 320 4 187
1 1 66 37.165 -118.98 396.5 286.5 340 320 4 187
1 1 66 37.197 -119.12 396.5 286 340 320 4 187
1 1 66 37.217 -119.2 397.5 286.5 340 320 4 187
1 1 66 37.249 -119.33 398 287 340 320 4 187
1 1 66 37.284 -119.47 399 286 340 320 4 187
1 1 66 37.316 -119.61 399.5 286.5 340 320 4 187
1 1 66 37.348 -119.75 400 286.5 340 320 4 187
1 1 66 37.38 -119.89 399.5 286.5 340 320 4 187
1 1 66 37.412 -120.02 398.5 286 340 320 4 184
1 1 66 37.442 -120.15 397.5 286 340 320 4 184
1 1 66 37.469 -120.26 397 286 333 320 4 184
1 1 66 37.495 -120.37 398.5 286.25 322.5 320 4 184
1 1 66 37.521 -120.48 404.5 285 311.5 320 4 184
1 1 66 37.558 -120.63 407 283.5 300.5 320 4 184
1 1 66 37.581 -120.77 398 286 289.5 320 4 184
1 1 66 37.611 -120.91 387.5 285.5 274 320 4 152
1 1 66 37.616 -121.03 388.5 285 243 320 4 152
1 1 66 37.606 -121.15 380 267 218 320 4 170
1 1 66 37.594 -121.29 372 266 183.5 320 4 152
1 1 66 37.577 -121.41 361.5 263 156 320 4 170
1 1 66 37.566 -121.53 343 260.5 127 320 4 152
1 1 66 37.549 -121.64 332 261.5 110.5 320 4 156
1 1 66 37.526 -121.73 298.5 254 98.5 320 4 156
1 1 66 37.508 -121.82 285.5 256.5 85 320 4 156
1 1 66 37.504 -121.94 279 268 72 320 4 156
1 1 66 37.511 -122.03 275.5 266.5 52.5 320 4 156
1 1 66 37.519 -122.09 253 276 39 320 4 156
1 1 66 37.539 -122.16 204 279.5 31.5 320 4 156
1 1 66 37.567 -122.23 184.5 285.5 21.5 320 4 156
1 1 66 37.585 -122.28 174 294 15.5 320 4 156
1 1 66 37.602 -122.33 158.5 300 6.5 320 4 156
1 1 66 37.617 -122.37 151 293.5 2.5 320 4 155
