1 69 1 40.799 -111.97 193 0 47 370 5 197
1 69 1 40.861 -111.98 215.5 174.5 66.5 370 5 197
1 69 1 40.938 -112 248.5 352.5 91 370 5 197
1 69 1 40.981 -112 278 356.5 104 370 5 197
1 69 1 41.008 -111.91 282 64.5 129.5 370 5 197
1 69 1 40.959 -111.81 322.5 59 147 370 5 197
1 69 1 40.903 -111.71 335.5 113 171 370 5 197
1 69 1 40.847 -111.6 355 124 190.5 370 5 197
1 69 1 40.788 -111.49 372 124 209.5 370 5 210
1 69 1 40.73 -111.35 391.5 124 231 370 5 210
1 69 1 40.684 -111.22 397 122 250 370 5 210
1 69 1 40.636 -111.09 402.5 116.5 267 370 5 210
1 69 1 40.582 -110.94 416 114.5 284.5 370 5 210
1 69 1 40.534 -110.79 429 113.5 297.5 370 5 210
1 69 1 40.481 -110.65 443.5 114 309 370 5 210
1 69 1 40.422 -110.5 453.5 115.5 321 370 5 210
1 69 1 40.337 -110.37 466 128 332.5 370 5 209
1 69 1 40.236 -110.24 467.5 135.5 349 370 5 209
1 69 1 40.145 -110.12 461 135.5 362.5 370 5 209
1 69 1 40.046 -110 452 136 373 370 5 209
1 69 1 39.954 -109.89 451.5 136.5 378 370 5 209
1 69 1 39.864 -109.78 453.5 136 380 370 5 209
1 69 1 39.77 -109.66 461 136 380 370 5 209
1 69 1 39.674 -109.54 468.5 136 380 370 6 279
1 69 1 39.578 -109.42 472 136 380 370 6 279
1 69 1 39.481 -109.31 474.5 136 380 370 6 279
1 69 1 39.415 -109.22 475.5 136 380 370 6 279
1 69 1 39.275 -109.06 477.5 136.5 380 370 6 279
1 69 1 39.181 -108.94 478 136 380 370 6 278
1 69 1 39.117 -108.89 475.5 137.5 380 370 6 278
1 69 1 38.947 -108.76 469 148.5 380 370 6 278
1 69 1 38.823 -108.72 468.5 157.5 380 370 6 278
1 69 1 38.781 -108.71 466 166 380 370 6 278
1 69 1 38.585 -108.65 467.5 166.5 380 370 6 278
1 69 1 38.518 -108.62 467 166.5 380 370 6 278
1 69 1 38.391 -108.59 469 166 380 370 6 254
1 69 1 38.261 -108.55 468 166 380 370 6 254
1 69 1 38.136 -108.52 472.5 166 380 370 6 254
1 69 1 38.002 -108.47 472.5 166.5 380 370 6 254
1 69 1 37.87 -108.43 472.5 165.5 380 370 6 254
1 69 1 37.745 -108.39 473.5 166 380 370 6 254
1 69 1 37.614 -108.35 473 166 380 360 6 254
1 69 1 37.48 -108.31 472.5 166 380 360 6 259
1 69 1 37.347 -108.28 472.5 166.5 375.5 290 6 259
1 69 1 37.238 -108.24 469.25 166.25 375.25 360 6 259
1 69 1 37.128 -108.21 470 166 372 348 6 259
1 69 1 37.009 -108.17 487.5 166 359.75 290 6 259
1 69 1 36.861 -108.13 501.5 166 349 290 6 259
1 69 1 36.778 -108.09 463.5 159.5 338.5 290 6 260
1 69 1 36.646 -108.01 467 155.5 323.5 290 6 260
1 69 1 36.538 -107.93 474.5 150 311.5 290 6 260
1 69 1 36.422 -107.83 474.5 146 298 290 6 260
1 69 1 36.326 -107.75 474 146 290 290 6 260
1 69 1 36.213 -107.66 470 146 290 290 2 88
1 69 1 36.094 -107.59 467 148 290 290 2 88
1 69 1 35.984 -107.51 467 151 281 290 2 68
1 69 1 35.853 -107.44 460 156 260.5 290 2 68
1 69 1 35.745 -107.38 450.5 157.5 241 290 2 68
1 69 1 35.672 -107.35 440 156.5 229.5 290 2 68
1 69 1 35.591 -107.31 424 156 212 290 2 68
1 69 1 35.453 -107.23 391.5 157 189 290 2 68
1 69 1 35.356 -107.17 373 155.5 178 290 2 68
1 69 1 35.305 -107.1 353.5 137 167 290 2 68
1 69 1 35.209 -107.02 339 139.5 141.5 290 2 80
1 69 1 35.145 -106.96 324.5 148 122.5 290 2 80
1 69 1 35.103 -106.88 278 137.5 102.5 290 2 80
1 69 1 35.075 -106.84 232 114.5 91.5 290 2 80
1 69 1 35.041 -106.81 185.5 128.5 80 290 2 80
1 69 1 35.041 -106.75 183.5 89 73 290 2 80
1 69 1 35.044 -106.69 176 87.5 65.5 290 2 80
1 69 1 35.044 -106.64 139.5 89 58 290 2 80
2 69 1 40.816 -111.98 163 173 53 350 5 197
2 69 1 40.923 -111.99 252.5 354.5 83.5 350 5 197
2 69 1 40.953 -112 263.5 354.5 91.5 350 5 197
2 69 1 41.001 -111.97 274 353 109.5 350 5 197
2 69 1 41 -111.9 300 189 127 350 5 197
2 69 1 40.934 -111.81 329.5 81 144.5 350 5 197
2 69 1 40.864 -111.71 354.5 112.5 162.5 350 5 197
2 69 1 40.79 -111.6 379 136 181.5 350 5 197
2 69 1 40.728 -111.49 384 133 199.5 350 5 197
2 69 1 40.666 -111.38 392 129.5 216 350 5 210
2 69 1 40.602 -111.27 400 128 234 350 5 210
2 69 1 40.513 -111.17 408 133.5 249.5 350 5 210
2 69 1 40.406 -111.09 418 145.5 267 350 5 210
2 69 1 40.288 -110.98 428.5 146.5 281 350 5 215
2 69 1 40.181 -110.89 439 146.5 290.5 350 5 215
2 69 1 40.086 -110.81 454.5 146 299 350 5 215
2 69 1 39.978 -110.72 467.5 146.5 309.5 350 5 215
2 69 1 39.853 -110.61 465 146.5 324 350 5 209
2 69 1 39.733 -110.5 465.5 146 338.5 350 5 209
2 69 1 39.63 -110.41 461 146.5 345.5 350 5 209
2 69 1 39.526 -110.33 464.5 146.5 350 350 5 209
2 69 1 39.416 -110.24 480.5 146.5 350 350 5 203
2 69 1 39.293 -110.13 494.5 146.5 350 350 5 203
2 69 1 39.18 -110.04 496 146.5 350 350 5 203
2 69 1 39.07 -109.95 489 146.5 350 350 5 203
2 69 1 38.952 -109.85 480.5 146.5 351 350 5 203
2 69 1 38.838 -109.76 476.5 146.5 358.5 350 6 278
2 69 1 38.721 -109.66 472 147.5 360 350 6 278
2 69 1 38.611 -109.58 474 146.5 360 350 6 278
2 69 1 38.501 -109.48 478 147 360 350 6 278
2 69 1 38.368 -109.38 485 147.5 360 350 6 278
2 69 1 38.292 -109.32 486.5 146.5 360 350 6 270
2 69 1 38.172 -109.22 487 147.5 360 350 6 270
2 69 1 38.056 -109.12 485 147 360 350 6 260
2 69 1 37.925 -109.03 483 147 360 350 6 260
2 69 1 37.835 -108.95 476.75 147.25 360 350 6 254
2 69 1 37.709 -108.85 476 147 360 350 6 254
2 69 1 37.586 -108.76 477.25 146.25 360 350 6 254
2 69 1 37.496 -108.68 479.25 147.5 360 350 6 254
2 69 1 37.397 -108.6 480.5 147.5 360 350 6 259
2 69 1 37.306 -108.53 481.75 147.5 360 350 6 259
2 69 1 37.207 -108.46 482.25 147.5 360 350 6 259
2 69 1 37.116 -108.38 484.25 147.5 360 350 6 259
2 69 1 36.977 -108.28 484.5 147.5 360 350 6 259
2 69 1 36.858 -108.18 484.5 148.5 360 290 6 259
2 69 1 36.758 -108.11 491.25 147.5 347.25 343 6 260
2 69 1 36.618 -108 491.5 147 345 290 6 260
2 69 1 36.445 -107.85 492.5 146 324.5 290 6 260
2 69 1 36.383 -107.8 488 146 319 290 6 260
2 69 1 36.272 -107.7 489 146 305.5 290 6 260
2 69 1 36.099 -107.59 473.5 146.5 293.5 290 2 88
2 69 1 36.029 -107.56 471 154.5 290 290 2 88
2 69 1 35.91 -107.5 453.5 162 285.5 290 2 68
2 69 1 35.802 -107.44 443.5 156.5 262 290 2 68
2 69 1 35.72 -107.4 423 156.5 238.5 290 2 68
2 69 1 35.562 -107.32 428.5 156.5 196.5 290 2 68
2 69 1 35.499 -107.28 421 156.5 183.5 290 2 68
2 69 1 35.4 -107.19 398 141 156 290 2 68
2 69 1 35.341 -107.11 368 135 143.5 290 2 80
2 69 1 35.27 -107.03 355.5 135 125.5 290 2 80
2 69 1 35.204 -106.95 317.5 133.5 109.5 290 2 80
2 69 1 35.163 -106.88 300.5 124 97.5 290 2 80
2 69 1 35.133 -106.79 271 115 83.5 290 2 80
2 69 1 35.131 -106.72 230.5 93 80 290 2 80
2 69 1 35.097 -106.67 216.5 128.5 75.5 290 2 80
2 69 1 35.073 -106.63 189 134.5 68 290 2 80
2 69 1 35.056 -106.62 154.5 152.5 60.5 290 2 80
2 69 1 35.042 -106.62 138.5 151 54 290 2 80
3 69 1 40.767 -111.97 187.71 27 49.286 390 5 197
3 69 1 40.704 -111.96 204.71 143.14 63.429 390 5 197
3 69 1 40.645 -111.96 253.43 177.71 81.714 390 5 197
3 69 1 40.571 -111.95 281.43 174.43 101.29 390 5 197
3 69 1 40.495 -111.94 295.43 172 117.14 390 5 197
3 69 1 40.394 -111.92 327.71 169.71 137.43 390 5 197
3 69 1 40.301 -111.89 350 170 145 390 5 197
3 69 1 40.205 -111.86 358.86 165.86 157 390 5 197
3 69 1 40.109 -111.81 363.86 166.29 177.86 390 5 215
3 69 1 40.019 -111.74 370.86 160.71 197 390 5 215
3 69 1 39.924 -111.67 374 153.71 215 390 5 215
3 69 1 39.844 -111.61 387.14 150.14 229.43 390 5 215
3 69 1 39.729 -111.52 396.29 149.14 250.43 390 5 215
3 69 1 39.632 -111.44 401.14 150.14 262.29 390 5 215
3 69 1 39.542 -111.36 409.71 146.71 276.43 390 5 215
3 69 1 39.45 -111.29 415.14 147.43 288.29 390 5 215
3 69 1 39.346 -111.22 421.14 149.07 298.43 350 5 202
3 69 1 39.251 -111.13 436.14 147.36 306.36 350 5 202
3 69 1 39.149 -111.03 445.07 143.43 317.71 350 5 202
3 69 1 39.04 -110.93 447.29 143.86 327 390 5 202
3 69 1 38.943 -110.84 449.71 143.71 338.14 390 5 202
3 69 1 38.848 -110.75 449.43 143.71 348.43 390 5 202
3 69 1 38.746 -110.65 449.71 142.71 354.43 390 5 202
3 69 1 38.653 -110.57 449.14 142.71 359 390 5 203
3 69 1 38.567 -110.48 457.14 141.71 364.14 390 5 203
3 69 1 38.467 -110.36 461.71 137.86 367.86 390 5 203
3 69 1 38.371 -110.23 462.57 135.43 370 390 5 203
3 69 1 38.278 -110.12 465.14 133.71 370 390 6 203
3 69 1 38.186 -109.99 464.29 133.86 371.14 390 6 278
3 69 1 38.094 -109.87 465 133.57 372.57 350 6 269
3 69 1 38.011 -109.76 467.71 133.71 372.86 350 6 269
3 69 1 37.927 -109.65 467.71 133.93 371.5 390 6 269
3 69 1 37.832 -109.53 471.07 133.93 370.21 350 6 269
3 69 1 37.744 -109.42 469.5 134 370 350 6 269
3 69 1 37.642 -109.29 468.57 134.71 370 350 6 269
3 69 1 37.57 -109.2 467.57 134.57 370 350 6 269
3 69 1 37.47 -109.08 470.14 134.43 370 350 6 254
3 69 1 37.38 -108.97 471.86 135.36 369.36 350 6 260
3 69 1 37.298 -108.87 472.5 135.5 368 390 6 259
3 69 1 37.219 -108.78 473.21 135.43 366.43 350 6 260
3 69 1 37.114 -108.65 473.57 135.14 363.14 350 6 260
3 69 1 37.018 -108.54 471.57 135.29 359.43 350 6 260
3 69 1 36.922 -108.42 465 135.71 348.14 290 6 260
3 69 1 36.817 -108.3 467 136.57 343.14 290 6 260
3 69 1 36.723 -108.19 464 136.57 341 290 6 260
3 69 1 36.625 -108.09 459.86 138 338 290 6 260
3 69 1 36.531 -107.99 461 139.43 328.29 290 6 260
3 69 1 36.431 -107.89 460.29 139.86 318.57 290 6 260
3 69 1 36.352 -107.81 455.57 141.43 310.14 290 6 260
3 69 1 36.244 -107.72 448.86 143.71 300.14 290 6 260
3 69 1 36.126 -107.63 446.14 147 291.14 290 2 260
3 69 1 36.039 -107.57 445.14 148.86 283.71 290 2 68
3 69 1 35.935 -107.52 441.57 155.14 271.71 290 2 68
3 69 1 35.82 -107.45 430.14 154.86 254.86 290 2 68
3 69 1 35.725 -107.4 418.43 159.14 235.14 290 2 68
3 69 1 35.622 -107.35 405.29 155.43 210.29 290 2 68
3 69 1 35.527 -107.28 388.86 152.29 187.14 290 2 68
3 69 1 35.445 -107.22 367 150.43 168.43 290 2 68
3 69 1 35.374 -107.16 345.71 141.86 151 290 2 68
3 69 1 35.293 -107.08 322.14 142.43 129.43 290 2 80
3 69 1 35.223 -107.02 310.43 144.86 112.86 290 2 80
3 69 1 35.17 -106.96 300.57 139.14 103.14 290 2 80
3 69 1 35.117 -106.9 268.71 135.43 94.429 290 2 80
3 69 1 35.076 -106.84 239.43 129.71 87.857 290 2 80
3 69 1 35.048 -106.78 211.43 116 79.714 290 2 80
3 69 1 35.034 -106.73 194.86 103.71 71.143 290 2 80
3 69 1 35.033 -106.66 164.29 93.714 61.143 290 2 80
3 69 1 35.037 -106.62 150.86 84.429 54.857 290 2 80
