1 69 46 40.797 -111.99 165 158 53 300 5 197
1 69 46 40.808 -112.06 189.5 294 57 300 5 197
1 69 46 40.814 -112.12 258.5 269 80 300 5 197
1 69 46 40.834 -112.22 283.5 269.5 101.5 300 5 197
1 69 46 40.847 -112.33 326 288.5 119.5 300 5 197
1 69 46 40.865 -112.47 348 282 148.5 300 5 197
1 69 46 40.861 -112.61 358 274 169.5 300 5 216
1 69 46 40.85 -112.75 367.5 273 189 300 5 216
1 69 46 40.841 -112.88 381.5 265 207.5 300 5 216
1 69 46 40.843 -113.03 391 264.5 226 300 5 216
1 69 46 40.843 -113.18 401 267 243.5 300 5 216
1 69 46 40.843 -113.36 415.5 270 261 300 5 216
1 69 46 40.843 -113.52 423 269 274.5 300 5 216
1 69 46 40.842 -113.68 433.5 270 288.5 300 5 216
1 69 46 40.841 -113.84 442 269 298.5 300 5 216
1 69 46 40.841 -114 452.5 269 303 300 5 216
1 69 46 40.841 -114.17 452.5 268.5 310 280 5 216
1 69 46 40.833 -114.33 452 266 317 280 5 216
1 69 46 40.837 -114.53 444.5 269 312 280 5 207
1 69 46 40.835 -114.69 445.5 268 318 280 5 207
1 69 46 40.825 -114.85 438.5 268.5 320 280 5 207
1 69 46 40.811 -114.97 439.5 262.5 320 280 5 207
1 69 46 40.795 -115.09 435.5 259.5 320 280 5 207
1 69 46 40.782 -115.22 435.5 260 320 280 5 207
1 69 46 40.746 -115.51 440 260.5 320 280 5 207
1 69 46 40.732 -115.63 442 260 320 280 5 207
1 69 46 40.724 -115.71 441 261 320 280 5 207
1 69 46 40.701 -115.88 441.5 260.5 320 280 5 207
1 69 46 40.683 -116.03 441.5 260 320 280 5 207
1 69 46 40.662 -116.2 440 260.5 320 280 5 207
1 69 46 40.642 -116.36 438.5 259.5 320 280 5 207
1 69 46 40.623 -116.52 441 260 320 280 5 207
1 69 46 40.602 -116.68 441 260 320 280 5 207
1 69 46 40.581 -116.84 441 260.5 320 280 5 207
1 69 46 40.547 -117.02 443 258 320 280 5 207
1 69 46 40.511 -117.15 442.5 252 320 280 5 207
1 69 46 40.474 -117.29 441 250.5 320 280 5 207
1 69 46 40.423 -117.48 437.5 250.5 320 280 5 207
1 69 46 40.382 -117.63 436 250.5 320 280 5 207
1 69 46 40.344 -117.78 433.5 250 320 280 5 207
1 69 46 40.308 -117.91 433.5 250 320 280 5 207
1 69 46 40.261 -118.08 432.5 249.5 320 280 4 181
1 69 46 40.224 -118.21 432 250 320 280 4 181
1 69 46 40.185 -118.35 428 250 320 280 4 181
1 69 46 40.148 -118.49 420 250.5 320.5 280 4 181
1 69 46 40.117 -118.64 421.5 254 324.5 280 4 181
1 69 46 40.076 -118.79 421 250.5 327.5 280 4 181
1 69 46 40.03 -118.95 425 249 329.5 280 4 181
1 69 46 39.986 -119.09 426.5 248 330 280 4 181
1 69 46 39.939 -119.25 430.5 248.5 330 280 4 181
1 69 46 39.903 -119.41 432 250.5 330 280 4 181
1 69 46 39.882 -119.51 432.5 253 330 280 4 181
1 69 46 39.849 -119.64 432.5 253 330 280 4 181
1 69 46 39.816 -119.79 432 252.5 330 280 4 181
1 69 46 39.779 -119.96 432 253 330 280 4 181
1 69 46 39.736 -120.09 432.5 253.5 330 280 4 181
1 69 46 39.686 -120.25 431.5 250.5 330 280 4 181
1 69 46 39.638 -120.39 432 246.5 330 280 4 181
1 69 46 39.59 -120.53 432 246 330 280 4 186
1 69 46 39.541 -120.68 432 246 330 280 4 186
1 69 46 39.493 -120.81 431.5 246 330 280 4 186
1 69 46 39.445 -120.96 432 246 330 280 4 186
1 69 46 39.392 -121.12 431 246 330 240 4 186
1 69 46 39.344 -121.25 431 246 326 240 4 186
1 69 46 39.291 -121.41 430.5 245.5 321.5 240 4 186
1 69 46 39.241 -121.55 432 246 318.5 240 4 186
1 69 46 39.192 -121.69 431 245 318.5 240 4 186
1 69 46 39.169 -121.75 430 245 313 240 4 186
1 69 46 39.094 -121.96 423.5 245 300 240 4 186
1 69 46 39.022 -122.08 428.5 245.5 290 240 4 186
1 69 46 38.938 -122.19 427.5 238.5 273.5 240 4 186
1 69 46 38.847 -122.33 427 228.5 247.5 70 4 164
1 69 46 38.765 -122.43 419.5 227.5 232 70 4 164
1 69 46 38.651 -122.43 416.5 202 227 70 4 164
1 69 46 38.566 -122.55 417.5 214.5 184.5 70 4 164
1 69 46 38.516 -122.56 410.5 204.5 172 70 4 164
1 69 46 38.411 -122.56 385.5 193.5 141.5 70 4 164
1 69 46 38.273 -122.56 330.5 181 110 70 4 164
1 69 46 38.226 -122.56 321 182.5 102.5 70 4 164
1 69 46 38.147 -122.53 302 171 87 70 4 164
1 69 46 38.037 -122.46 284.5 159 65.5 70 4 165
1 69 46 38.002 -122.44 280 156.5 57.5 70 4 155
1 69 46 37.956 -122.4 278 150.5 54.5 70 4 155
1 69 46 37.899 -122.34 278 142.5 50 70 4 155
1 69 46 37.855 -122.28 273 133 49.5 70 4 155
1 69 46 37.819 -122.2 252.5 134 49.5 70 4 155
1 69 46 37.781 -122.12 250.5 122.5 49.5 70 4 152
1 69 46 37.739 -122.06 243.5 128.5 49.5 70 4 152
1 69 46 37.664 -122 215 128.5 45 70 4 152
1 69 46 37.621 -122 210 154 39.5 70 4 152
1 69 46 37.597 -122 199.5 187 39.5 70 4 156
1 69 46 37.602 -122.06 200.5 226.5 30.5 70 4 156
1 69 46 37.639 -122.12 202.5 266 19.5 70 4 152
1 69 46 37.674 -122.18 151 299 9 70 4 152
1 69 46 37.694 -122.2 141.5 305.5 4 70 4 152
2 69 46 40.786 -111.99 165.78 44.778 51.556 360 5 197
2 69 46 40.776 -112.03 194 210.22 60.667 360 5 197
2 69 46 40.796 -112.11 250.67 266 78.111 360 5 197
2 69 46 40.822 -112.21 283.56 276.89 106.22 360 5 197
2 69 46 40.847 -112.3 299.78 288.33 133 360 5 197
2 69 46 40.858 -112.41 326.11 281.44 151.56 360 5 197
2 69 46 40.865 -112.55 349.22 280.89 179.44 360 5 216
2 69 46 40.852 -112.68 359.56 273.56 201 360 5 216
2 69 46 40.831 -112.82 378.11 263.56 224.22 360 5 216
2 69 46 40.809 -112.97 388.89 258.56 246.11 360 5 216
2 69 46 40.784 -113.11 401.56 259.78 264.33 360 5 216
2 69 46 40.757 -113.25 410.11 257 282.44 360 5 216
2 69 46 40.718 -113.39 418.67 258.67 295.78 360 5 216
2 69 46 40.673 -113.53 419 250.33 311.67 360 5 216
2 69 46 40.628 -113.67 421.78 248.44 327.89 360 5 216
2 69 46 40.572 -113.82 423.56 246.67 339.56 360 5 200
2 69 46 40.519 -113.96 422.56 244.22 348.78 360 5 200
2 69 46 40.461 -114.09 420.11 241.11 355.22 360 5 200
2 69 46 40.403 -114.22 418.33 241.11 361.44 360 5 200
2 69 46 40.338 -114.35 418.22 238.78 365.89 360 5 200
2 69 46 40.276 -114.49 417.89 238 368.78 360 5 208
2 69 46 40.216 -114.62 418.22 238 371.33 360 5 208
2 69 46 40.151 -114.75 416.94 238 372.22 360 5 208
2 69 46 40.09 -114.89 416 238.78 372.22 360 5 208
2 69 46 40.027 -115.01 416 238 372.33 360 5 208
2 69 46 39.957 -115.16 416.67 238 373.22 360 5 208
2 69 46 39.909 -115.26 416.22 237.89 374.11 360 5 208
2 69 46 39.847 -115.39 415.83 237.78 374.44 360 5 208
2 69 46 39.784 -115.52 417.22 237.44 375.89 360 5 208
2 69 46 39.713 -115.66 415 237.22 376.67 360 5 208
2 69 46 39.649 -115.8 413.67 237.44 376.67 360 5 208
2 69 46 39.59 -115.92 414.11 237.22 376.67 360 5 208
2 69 46 39.529 -116.04 413.89 237 377.78 360 5 208
2 69 46 39.478 -116.14 413.44 236.89 377.78 360 5 208
2 69 46 39.406 -116.28 413.22 237 377.78 360 5 208
2 69 46 39.347 -116.4 414.22 236.78 377.89 360 5 208
2 69 46 39.295 -116.51 414.22 237.44 377.78 360 5 208
2 69 46 39.221 -116.67 413.89 238.11 377.78 360 5 208
2 69 46 39.171 -116.77 413.22 238.33 377.78 360 5 208
2 69 46 39.1 -116.92 412.22 238.33 377.78 360 5 208
2 69 46 39.046 -117.04 411.56 238 377.78 360 5 208
2 69 46 38.989 -117.16 411.67 238 377.78 360 5 208
2 69 46 38.924 -117.29 411.44 238.11 377.78 360 5 208
2 69 46 38.865 -117.41 411.11 238 377.78 360 4 180
2 69 46 38.804 -117.54 410.78 217.56 376.89 360 4 180
2 69 46 38.752 -117.65 410.56 237.78 375.78 360 4 180
2 69 46 38.683 -117.79 411.89 237.56 375.56 360 4 180
2 69 46 38.632 -117.9 411 217.44 375.56 360 4 180
2 69 46 38.562 -118.04 412.89 237.67 375.56 360 4 180
2 69 46 38.505 -118.17 412.56 238.89 375.56 360 4 180
2 69 46 38.456 -118.29 412.33 241.22 375 360 4 180
2 69 46 38.395 -118.43 412.44 241 372.33 360 4 180
2 69 46 38.347 -118.55 413.22 240.89 370.11 360 4 180
2 69 46 38.294 -118.68 413.11 243.89 368.44 360 4 180
2 69 46 38.244 -118.8 413.33 244 367.78 360 4 180
2 69 46 38.191 -118.91 413.33 241.56 367 360 4 180
2 69 46 38.143 -119.03 414.56 240 365.22 360 4 180
2 69 46 38.095 -119.19 415.56 242.44 363 360 4 184
2 69 46 38.053 -119.34 418.11 246.22 360.44 360 4 184
2 69 46 38 -119.49 418.11 249.67 355.67 360 4 184
2 69 46 37.974 -119.6 421.61 247.78 352.33 360 4 184
2 69 46 37.953 -119.76 423.78 253.22 348 400 4 184
2 69 46 37.938 -119.89 427.39 256.67 341.06 400 4 184
2 69 46 37.924 -120.04 425.67 260.56 323.11 360 4 184
2 69 46 37.913 -120.18 424 262.56 308.67 360 4 184
2 69 46 37.896 -120.34 417.89 262.22 287 360 4 184
2 69 46 37.882 -120.49 409.44 262.44 262.22 360 4 184
2 69 46 37.869 -120.62 402.22 262.56 242.44 360 4 184
2 69 46 37.86 -120.73 398.56 263.67 225.44 360 4 177
2 69 46 37.845 -120.88 390.56 263.33 202.89 360 4 177
2 69 46 37.829 -121.01 377.56 258.44 179.56 360 4 177
2 69 46 37.801 -121.15 364.44 257.33 156 360 4 177
2 69 46 37.776 -121.26 339.56 254 139.67 360 4 177
2 69 46 37.744 -121.38 335.33 253.44 121.11 360 4 152
2 69 46 37.718 -121.47 320.89 247.44 107.89 360 4 152
2 69 46 37.682 -121.58 305.33 250 93.111 360 4 156
2 69 46 37.656 -121.67 286.89 248.22 80.333 360 4 156
2 69 46 37.624 -121.77 266.67 249.22 69.111 360 4 156
2 69 46 37.608 -121.84 248.44 249.56 59.667 360 4 156
2 69 46 37.591 -121.92 240.56 257.22 50.222 360 4 156
2 69 46 37.594 -122 224.44 258.44 40.222 360 4 156
2 69 46 37.609 -122.05 211.67 281 34 360 4 156
2 69 46 37.638 -122.11 182.11 290.56 22.444 360 4 152
2 69 46 37.66 -122.15 172.44 303.56 14.222 360 4 152
2 69 46 37.687 -122.19 144.22 306.44 6.2222 360 4 152
2 69 46 37.706 -122.22 138.56 308.22 203.22 360 4 185
