1 69 55 40.768 -111.97 163.82 35.455 53.636 370 5 197
1 69 55 40.721 -111.97 190.27 185.82 66.909 370 5 197
1 69 55 40.659 -111.96 248.18 177.55 85.455 370 5 197
1 69 55 40.589 -111.96 275.91 178 104.09 370 5 197
1 69 55 40.513 -111.96 308.91 178.82 125.09 370 5 197
1 69 55 40.405 -111.95 344.09 178.64 145.73 370 5 197
1 69 55 40.304 -111.94 359.45 179 159.55 370 5 197
1 69 55 40.218 -111.95 376.64 177.45 176.45 370 5 215
1 69 55 40.096 -111.97 382.82 180.18 201.55 370 5 215
1 69 55 39.995 -111.98 392.36 184.09 223.45 370 5 215
1 69 55 39.891 -112 395.91 186 244.64 370 5 215
1 69 55 39.777 -112.01 402.36 186.55 262.18 370 5 215
1 69 55 39.658 -112.03 414.18 190.36 275.64 370 5 215
1 69 55 39.532 -112.05 424.82 183.64 284.27 370 5 215
1 69 55 39.408 -112.06 432.73 186.14 296.36 370 5 215
1 69 55 39.281 -112.08 433.27 185.59 309.91 370 5 205
1 69 55 39.156 -112.1 433.64 185.09 320.09 370 5 205
1 69 55 39.032 -112.11 437.36 185.18 331.27 370 5 205
1 69 55 38.908 -112.13 441.36 185.55 342.91 370 5 205
1 69 55 38.796 -112.15 441.09 187.55 349.55 370 5 205
1 69 55 38.667 -112.19 438.09 190 353.73 370 5 205
1 69 55 38.57 -112.21 436.82 192.27 355.55 370 5 206
1 69 55 38.44 -112.23 436.82 188 357 370 5 206
1 69 55 38.323 -112.25 437.64 187.64 358.27 370 5 206
1 69 55 38.203 -112.26 439.18 184.45 358.09 370 5 206
1 69 55 38.087 -112.27 438.09 182.91 357 370 5 203
1 69 55 37.958 -112.29 440.45 184.18 355.91 370 5 203
1 69 55 37.839 -112.3 443.27 184 355.45 370 5 203
1 69 55 37.718 -112.31 442.55 183.82 355.45 370 5 203
1 69 55 37.591 -112.32 442.36 183 354.55 370 5 203
1 69 55 37.461 -112.33 444.55 181.82 353.27 330 1 49
1 69 55 37.341 -112.33 445.91 182.09 349.55 330 1 49
1 69 55 37.22 -112.34 447.18 181.91 344.36 330 1 49
1 69 55 37.101 -112.34 448.82 181.95 341.91 330 1 49
1 69 55 36.995 -112.35 449.18 182.18 339.41 330 1 49
1 69 55 36.857 -112.36 449.05 182.18 334.73 330 1 48
1 69 55 36.737 -112.36 448.64 182.09 332.36 330 1 48
1 69 55 36.612 -112.37 451.55 181.91 329.55 330 1 48
1 69 55 36.493 -112.38 448.27 182.18 329.18 330 1 48
1 69 55 36.361 -112.39 448.36 182.36 326 290 1 46
1 69 55 36.239 -112.39 445.09 181.91 322.23 290 1 46
1 69 55 36.117 -112.4 445.18 181.64 316.64 290 1 46
1 69 55 35.998 -112.4 443 181.91 310 290 1 46
1 69 55 35.881 -112.41 441.64 182 304.18 290 1 46
1 69 55 35.754 -112.42 443.18 181.91 299 290 1 46
1 69 55 35.636 -112.42 444.64 181.55 296.18 290 1 46
1 69 55 35.514 -112.43 447.18 182 293.55 290 1 46
1 69 55 35.405 -112.42 447.77 179.14 290.27 290 2 108
1 69 55 35.283 -112.4 443.14 175.14 289.27 290 2 108
1 69 55 35.164 -112.39 440.36 172.5 283.95 290 2 108
1 69 55 35.043 -112.36 439.82 169.36 277.36 290 2 108
1 69 55 34.943 -112.33 432.64 169.64 271.09 290 2 108
1 69 55 34.823 -112.3 423.73 168.64 257.45 290 2 108
1 69 55 34.72 -112.27 415.45 167.64 240.82 290 2 62
1 69 55 34.599 -112.25 409.45 166.91 223.55 290 2 62
1 69 55 34.479 -112.22 395 168.91 203.82 290 2 62
1 69 55 34.386 -112.2 383.73 170.27 189.45 290 2 62
1 69 55 34.27 -112.18 361.45 169.55 171 290 2 62
1 69 55 34.176 -112.16 335.36 169.27 159.36 290 2 62
1 69 55 34.097 -112.14 321.45 165.86 146.23 290 2 79
1 69 55 34.002 -112.12 315.18 168.36 130.27 290 2 79
1 69 55 33.922 -112.11 306.27 177.27 118.18 290 2 79
1 69 55 33.834 -112.11 294.36 175.55 106.73 290 2 79
1 69 55 33.768 -112.1 281 180.18 98.545 290 2 79
1 69 55 33.684 -112.1 262.55 179.27 89.636 290 2 79
1 69 55 33.629 -112.09 249.64 173.64 82.455 290 2 79
1 69 55 33.58 -112.06 240.73 155.55 71 290 2 79
1 69 55 33.546 -112.02 229 142.91 59.909 290 2 79
1 69 55 33.496 -112.01 212.64 148.36 49.091 290 2 79
1 69 55 33.46 -112.01 201.82 183.55 36.727 290 2 79
1 69 55 33.441 -112.02 183 188.55 25.727 290 2 79
1 69 55 33.437 -112.01 154.45 182.36 17.909 290 2 79
1 69 55 33.44 -112.02 144.45 186.55 12.636 290 2 79
2 69 55 40.812 -111.99 168.92 61.231 52.154 370 5 197
2 69 55 40.822 -112.06 219.77 297.08 67.769 370 5 197
2 69 55 40.821 -112.15 285.31 279.46 88.923 370 5 197
2 69 55 40.793 -112.23 295.15 260.92 108.31 370 5 197
2 69 55 40.73 -112.28 312.54 243.31 127.77 370 5 197
2 69 55 40.633 -112.3 345.15 213.54 147.31 370 5 197
2 69 55 40.528 -112.32 367.85 196.85 171.23 370 5 197
2 69 55 40.419 -112.34 384.92 188.08 193.92 370 5 197
2 69 55 40.309 -112.39 397 188 216.08 370 5 197
2 69 55 40.205 -112.44 405.23 191.46 237.54 370 5 215
2 69 55 40.099 -112.49 409.08 197 257.38 370 5 215
2 69 55 39.979 -112.54 421.31 197.92 273.54 370 5 215
2 69 55 39.856 -112.58 430.38 196.69 288.46 370 5 215
2 69 55 39.75 -112.62 435 194.31 299.08 370 5 215
2 69 55 39.622 -112.63 440.85 186.23 308.62 370 5 215
2 69 55 39.499 -112.63 448.23 181.46 316.08 370 5 215
2 69 55 39.366 -112.63 452.38 179.85 324.15 370 5 215
2 69 55 39.236 -112.63 454.08 179.31 329.08 370 5 209
2 69 55 39.112 -112.63 455.46 179.38 334.85 370 5 205
2 69 55 38.985 -112.63 454.23 179.08 341.77 370 5 205
2 69 55 38.869 -112.62 453.92 178.04 350.77 370 5 206
2 69 55 38.753 -112.62 450.58 177.81 357.46 370 5 206
2 69 55 38.637 -112.61 449.65 177 362.88 370 5 206
2 69 55 38.519 -112.6 449.81 176.85 367.15 370 5 206
2 69 55 38.384 -112.59 448.19 176 369.31 370 5 206
2 69 55 38.271 -112.58 449 175.69 370 370 5 206
2 69 55 38.14 -112.57 451 175.38 370.77 370 5 206
2 69 55 38.045 -112.55 451.35 172 371.46 370 5 206
2 69 55 37.914 -112.53 451.92 173.77 371.54 370 5 203
2 69 55 37.792 -112.52 452.38 174.04 371.62 370 5 203
2 69 55 37.674 -112.5 452.88 174.12 371.62 370 5 203
2 69 55 37.543 -112.49 452.23 174.92 370.85 370 5 203
2 69 55 37.408 -112.48 453 174.46 369.31 370 1 49
2 69 55 37.289 -112.47 451 175.69 367.08 330 1 49
2 69 55 37.167 -112.46 449.46 176.46 364.15 330 1 49
2 69 55 37.071 -112.46 449.62 176.46 360.38 330 1 49
2 69 55 36.946 -112.45 448.69 176.5 356.04 330 1 49
2 69 55 36.816 -112.44 449.27 176.38 350.62 330 1 49
2 69 55 36.693 -112.43 449.69 176.38 342.27 330 1 48
2 69 55 36.567 -112.42 447 176.62 336.69 330 1 48
2 69 55 36.436 -112.42 454.38 177.23 330.92 330 1 48
2 69 55 36.302 -112.42 452.69 177.69 324.08 290 1 46
2 69 55 36.197 -112.42 453.38 178.23 318.92 290 1 46
2 69 55 36.074 -112.41 458 177.38 313.92 290 1 46
2 69 55 35.94 -112.41 458.31 180.73 307.08 290 1 46
2 69 55 35.818 -112.4 459.19 179.04 299.38 290 1 46
2 69 55 35.706 -112.41 459.35 180.04 294.92 290 1 46
2 69 55 35.578 -112.41 461.69 179.58 289.77 290 1 46
2 69 55 35.454 -112.42 458.96 181.38 289.23 290 1 46
2 69 55 35.339 -112.41 455.65 178 286.15 290 2 46
2 69 55 35.221 -112.39 454 173 279.85 290 2 108
2 69 55 35.123 -112.37 450.85 172.54 276.81 290 2 108
2 69 55 34.991 -112.35 448.31 172.65 270.92 290 2 108
2 69 55 34.871 -112.32 447.85 168.52 267.31 290 2 108
2 69 55 34.777 -112.3 444.46 168.42 257.77 290 2 108
2 69 55 34.672 -112.27 438.23 168.35 245.08 290 2 62
2 69 55 34.55 -112.24 426.77 168.23 228.31 290 2 62
2 69 55 34.428 -112.21 412.23 167.92 209.54 290 2 62
2 69 55 34.301 -112.19 390.31 168.54 181.08 290 2 62
2 69 55 34.2 -112.17 374.92 169.08 160.31 290 2 62
2 69 55 34.104 -112.15 353.38 168.31 146 290 2 62
2 69 55 34.011 -112.12 338.38 168.46 133.77 290 2 79
2 69 55 33.922 -112.1 325.77 167.46 121.46 290 2 79
2 69 55 33.833 -112.07 312.62 166.85 110.08 290 2 79
2 69 55 33.752 -112.06 299.62 169.15 100.15 290 2 79
2 69 55 33.681 -112.04 288.54 171 93.615 290 2 79
2 69 55 33.608 -112.02 270.77 169.31 87.462 290 2 79
2 69 55 33.559 -111.98 252.69 152 79.692 290 2 79
2 69 55 33.537 -111.92 245.15 124.46 68.923 290 2 79
2 69 55 33.52 -111.86 231.69 109.38 60.154 290 2 79
2 69 55 33.479 -111.84 210.15 137.46 46.462 290 2 79
2 69 55 33.451 -111.87 191.38 200 36.615 290 2 79
2 69 55 33.435 -111.92 167.31 240.31 26.231 290 2 79
2 69 55 33.436 -111.96 150.62 253.77 19.231 290 2 79
2 69 55 33.439 -111.99 139.69 256.08 14.231 290 2 79
