1 69 65 40.791 -111.99 195.24 102.65 70.471 380 5 197
1 69 65 40.805 -112.05 230.65 216.65 67.529 380 5 197
1 69 65 40.83 -112.14 267.94 285.76 87 380 5 197
1 69 65 40.859 -112.22 295 293.12 104.53 380 5 197
1 69 65 40.927 -112.29 315.88 300.18 124.59 380 5 197
1 69 65 41.003 -112.37 343.47 311.29 145.94 380 5 197
1 69 65 41.089 -112.45 360.24 320.35 169.41 380 5 197
1 69 65 41.164 -112.52 372.82 322.53 186.18 380 5 197
1 69 65 41.244 -112.61 385.71 322.47 206.35 380 5 197
1 69 65 41.33 -112.72 397.94 321.06 226.65 380 5 212
1 69 65 41.415 -112.84 410.24 317.88 243.59 380 5 212
1 69 65 41.49 -112.94 419.97 314.79 255.5 380 5 212
1 69 65 41.561 -113.05 431.53 312.88 267.79 380 5 212
1 69 65 41.645 -113.17 439.76 312.59 283.29 380 5 212
1 69 65 41.733 -113.29 441.41 312.65 297.35 380 5 212
1 69 65 41.824 -113.43 440.18 312.82 310.47 380 5 212
1 69 65 41.909 -113.55 439.65 312.35 321.94 380 5 212
1 69 65 41.987 -113.66 439.59 311.82 330.18 380 5 212
1 69 65 42.066 -113.78 440.12 311.71 335.29 360 5 213
1 69 65 42.149 -113.9 440.76 312.53 340.59 360 5 213
1 69 65 42.234 -114.02 439.35 312.76 343.82 360 5 213
1 69 65 42.321 -114.14 438.82 314.41 346.18 360 5 213
1 69 65 42.409 -114.27 439.24 312.88 349.59 360 5 213
1 69 65 42.5 -114.4 437.35 313.12 351.65 360 5 213
1 69 65 42.58 -114.51 437.65 313.65 352.24 360 5 213
1 69 65 42.664 -114.62 437.12 313.94 353.82 360 5 213
1 69 65 42.748 -114.74 437.91 314.24 354.53 360 5 213
1 69 65 42.84 -114.86 438.12 314.18 355.06 360 5 213
1 69 65 42.932 -114.99 439.71 314 355.29 360 5 213
1 69 65 43.009 -115.1 439.59 313.82 354.76 360 5 213
1 69 65 43.092 -115.22 440.24 313.94 353.76 360 5 213
1 69 65 43.179 -115.34 439.71 313.76 352.29 360 5 213
1 69 65 43.265 -115.46 439.71 313.71 351.18 360 5 213
1 69 65 43.348 -115.58 438.47 313.65 351.53 360 5 213
1 69 65 43.438 -115.71 437.94 313.53 351.76 360 5 213
1 69 65 43.518 -115.83 438 313.41 351.76 360 5 213
1 69 65 43.605 -115.95 437.59 313.82 351.76 360 5 213
1 69 65 43.698 -116.08 437.18 314.12 351.76 380 5 213
1 69 65 43.772 -116.18 435.94 314.44 352.06 380 5 213
1 69 65 43.859 -116.31 436.62 314.38 353 380 5 213
1 69 65 43.934 -116.41 436.47 314.43 353.82 380 5 213
1 69 65 44.027 -116.54 435.47 314.18 354.41 380 5 213
1 69 65 44.114 -116.66 435.4 314.29 354.82 380 5 213
1 69 65 44.21 -116.8 436.18 314.06 354.82 380 5 213
1 69 65 44.292 -116.92 437.12 314.12 354.18 380 5 213
1 69 65 44.378 -117.04 437.76 314.12 353.71 380 5 213
1 69 65 44.466 -117.17 437.76 313.94 353.59 380 5 213
1 69 65 44.542 -117.28 436.94 313.35 353.53 380 5 213
1 69 65 44.631 -117.41 437.21 313.53 353.53 380 5 213
1 69 65 44.707 -117.52 436.41 313.26 353.53 380 5 213
1 69 65 44.792 -117.64 435.88 313.15 353.47 380 5 213
1 69 65 44.875 -117.77 435.35 312.91 351.35 380 5 213
1 69 65 44.957 -117.89 436.15 312.94 351.18 380 5 213
1 69 65 45.042 -118.02 436.12 312.65 351.24 380 5 213
1 69 65 45.123 -118.14 436.65 312.94 351.24 380 3 213
1 69 65 45.205 -118.26 437.26 312.74 351.24 380 3 134
1 69 65 45.281 -118.37 439.47 312.85 351.71 380 3 134
1 69 65 45.364 -118.5 440.71 313.06 352.41 380 3 134
1 69 65 45.452 -118.63 441.79 312.97 352.35 380 3 134
1 69 65 45.537 -118.76 442.76 312.74 352.35 380 3 134
1 69 65 45.61 -118.88 442.82 311.76 352.35 380 3 134
1 69 65 45.691 -119.01 443.71 311.74 352.35 380 3 134
1 69 65 45.766 -119.12 444.41 311.71 352.35 380 3 134
1 69 65 45.85 -119.26 444.71 311.5 352.35 380 3 134
1 69 65 45.942 -119.41 444.53 311.24 352.29 380 3 134
1 69 65 46.014 -119.53 444.76 310.94 352.29 380 3 134
1 69 65 46.085 -119.64 444.65 311.18 352.12 380 3 134
1 69 65 46.17 -119.78 444.59 310.88 351.35 380 3 134
1 69 65 46.237 -119.89 444.68 310.88 350.26 380 3 134
1 69 65 46.323 -120.03 443.88 310.91 347.29 380 3 134
1 69 65 46.409 -120.18 444.82 310.53 338.12 380 3 134
1 69 65 46.49 -120.32 445.06 310.12 326.12 380 3 134
1 69 65 46.567 -120.46 443.47 309.88 309.35 380 3 134
1 69 65 46.643 -120.61 439 308.65 288.41 380 3 134
1 69 65 46.708 -120.74 433.18 307.18 267.53 380 3 148
1 69 65 46.783 -120.9 424.71 305.94 239.47 380 3 148
1 69 65 46.846 -121.03 413.79 304.79 219.18 380 3 148
1 69 65 46.91 -121.17 395.18 304.26 198.29 380 3 148
1 69 65 46.964 -121.28 383.76 303.88 176.21 380 3 148
1 69 65 47.026 -121.41 367.82 304.06 157.88 380 3 148
1 69 65 47.082 -121.54 354.82 303.82 142.71 380 3 148
1 69 65 47.135 -121.65 332.65 303.71 129.59 380 3 148
1 69 65 47.185 -121.76 316.18 302.71 118 380 3 148
1 69 65 47.232 -121.87 302.24 303.12 108 380 3 114
1 69 65 47.28 -121.95 290.29 288.88 97.588 380 3 114
1 69 65 47.327 -122.01 279.94 294.35 83 380 3 114
1 69 65 47.36 -122.07 271.12 245.82 69.588 380 3 114
1 69 65 47.39 -122.14 258.59 308.29 60.412 380 3 114
1 69 65 47.409 -122.22 230.59 297.65 50.647 380 3 114
1 69 65 47.411 -122.28 211 270.41 42.294 380 3 114
1 69 65 47.413 -122.3 202.35 245.82 33.471 380 3 114
1 69 65 47.424 -122.31 184.76 231.47 22.765 380 3 114
1 69 65 47.43 -122.31 156.76 157.59 13.824 380 3 114
1 69 65 47.439 -122.31 140.18 157.59 7.4706 380 3 114
1 69 65 47.447 -122.31 140.18 158.29 4.1176 380 3 114
