1 69 76 40.81 -112 176 0 47.5 330 5 197
1 69 76 40.832 -112.05 213.5 322 60.5 330 5 197
1 69 76 40.829 -112.1 243.5 282 72 330 5 197
1 69 76 40.817 -112.18 264.5 258 90 330 5 197
1 69 76 40.778 -112.25 279 258 108 330 5 197
1 69 76 40.681 -112.29 303 232 130 330 5 197
1 69 76 40.596 -112.31 308.5 206.5 147.5 330 5 197
1 69 76 40.508 -112.32 321.5 191.5 163.5 330 5 197
1 69 76 40.415 -112.34 335.5 186 175.5 330 5 197
1 69 76 40.321 -112.38 349.5 188 189 330 5 197
1 69 76 40.234 -112.44 352.5 189.5 201 330 5 215
1 69 76 40.137 -112.5 358 200 214 330 5 215
1 69 76 40.037 -112.57 369.5 202.5 226.5 330 5 215
1 69 76 39.947 -112.64 372.5 208 238 330 5 215
1 69 76 39.853 -112.7 376.5 196.5 247.5 330 5 215
1 69 76 39.757 -112.77 378 208 258.5 330 5 215
1 69 76 39.656 -112.81 382.5 204.5 268 330 5 215
1 69 76 39.55 -112.82 387.5 183.5 277.5 330 5 215
1 69 76 39.444 -112.82 389 179.5 285.5 330 5 215
1 69 76 39.323 -112.81 389 179 293.5 330 5 215
1 69 76 39.213 -112.82 394.5 179.5 299 330 5 205
1 69 76 39.092 -112.82 397.5 181 305 330 5 205
1 69 76 38.98 -112.81 403 179.5 310.5 330 5 205
1 69 76 38.868 -112.82 404 180 316 330 5 205
1 69 76 38.755 -112.82 407 184 320.5 330 5 205
1 69 76 38.633 -112.84 407 184.5 325 330 5 205
1 69 76 38.534 -112.85 405.5 184.5 327.5 330 5 205
1 69 76 38.407 -112.84 417.5 175.5 330 330 5 205
1 69 76 38.278 -112.81 421 171.5 330 330 5 205
1 69 76 38.183 -112.8 427 171 330 330 5 205
1 69 76 38.112 -112.78 430.5 171.5 330 330 5 205
1 69 76 37.982 -112.76 431.5 171 330 330 5 202
1 69 76 37.892 -112.74 433 171.25 330 330 5 202
1 69 76 37.764 -112.72 433.25 171.5 330 330 5 202
1 69 76 37.655 -112.7 434 171.5 330 330 1 48
1 69 76 37.49 -112.66 450.5 171 330 330 1 48
1 69 76 37.419 -112.66 441.5 171 330 330 1 48
1 69 76 37.3 -112.63 434.5 171.5 330 330 1 48
1 69 76 37.135 -112.6 435.25 171.5 330 330 1 48
1 69 76 37.072 -112.59 435.75 171 330 330 1 48
1 69 76 36.963 -112.57 437.5 171.5 330 330 1 48
1 69 76 36.804 -112.55 438.5 171.5 330 330 1 48
1 69 76 36.747 -112.53 438.5 171.5 330 330 1 48
1 69 76 36.65 -112.51 436.5 216 330 330 1 48
1 69 76 36.545 -112.5 434 216 330 330 1 48
1 69 76 36.448 -112.48 437.5 171.75 330 330 1 46
1 69 76 36.341 -112.46 439.25 171.38 330 330 1 46
1 69 76 36.24 -112.44 438 171.75 330 330 1 46
1 69 76 36.144 -112.42 436.5 171.5 330 330 1 46
1 69 76 35.987 -112.4 436.5 171 330 330 1 46
1 69 76 35.865 -112.38 436.5 171.5 330 330 1 46
1 69 76 35.745 -112.36 436.5 172 330 330 1 46
1 69 76 35.624 -112.34 436.5 171.5 330 330 1 46
1 69 76 35.507 -112.32 436 171 330 330 1 46
1 69 76 35.386 -112.3 435.5 171 330 330 1 46
1 69 76 35.254 -112.28 434.5 173 330 330 2 89
1 69 76 35.133 -112.25 435.5 171.5 330 330 2 89
1 69 76 35.014 -112.23 434.5 171 330 330 2 89
1 69 76 34.895 -112.22 434 171.5 330 330 2 89
1 69 76 34.791 -112.2 434 171.5 330 290 2 89
1 69 76 34.649 -112.18 434.5 171.5 329 290 2 89
1 69 76 34.474 -112.15 434.5 171.5 329 290 2 89
1 69 76 34.374 -112.13 437 171.5 326 310 2 89
1 69 76 34.33 -112.12 445 171.75 318 296 2 89
1 69 76 34.162 -112.09 451.5 171.75 308 296 2 89
1 69 76 34.018 -112.07 453 171.5 305.5 290 2 89
1 69 76 33.96 -112.06 458.5 171.5 302.5 290 2 89
1 69 76 33.881 -112.05 454.5 171.5 300 290 2 89
1 69 76 33.765 -112.02 448.5 171.5 300 290 2 89
1 69 76 33.656 -112 446.75 171.5 300 290 2 90
1 69 76 33.516 -111.98 446 171.5 300 290 2 90
1 69 76 33.394 -111.97 445 171.5 294.5 290 2 90
1 69 76 33.294 -111.96 445.75 172.5 287 276 2 90
1 69 76 33.194 -111.94 447.25 173.5 277 266 2 90
1 69 76 33.094 -111.93 448 173.5 266.5 254 2 60
1 69 76 32.953 -111.91 445.5 173.5 256.5 290 2 60
1 69 76 32.841 -111.87 440 173 238 290 2 60
1 69 76 32.71 -111.76 431.5 159 210 290 2 60
1 69 76 32.584 -111.66 393.5 145 179 290 2 60
1 69 76 32.531 -111.6 376.5 142.5 163 290 2 60
1 69 76 32.466 -111.52 345.5 134 142 290 2 60
1 69 76 32.406 -111.43 322.5 129.5 121 290 2 77
1 69 76 32.36 -111.37 298.5 130.25 100.25 82 2 77
1 69 76 32.296 -111.28 284.5 129.5 91.5 290 2 77
1 69 76 32.227 -111.19 278.5 129 73 290 2 77
1 69 76 32.178 -111.11 278 129.5 63 290 2 77
1 69 76 32.143 -111.04 236.75 115.75 52.5 50 2 77
1 69 76 32.093 -110.95 225.5 114 45 290 2 77
1 69 76 32.094 -110.9 224 85 44 290 2 77
1 69 76 32.115 -110.91 191.5 87.5 38.5 290 2 77
2 69 76 40.776 -111.99 186.5 76.5 58.25 330 5 197
2 69 76 40.762 -112.01 218.75 243.5 70 330 5 197
2 69 76 40.734 -112.04 247.25 229 82.25 330 5 197
2 69 76 40.672 -112.09 279.75 220.75 105.25 330 5 197
2 69 76 40.605 -112.12 284.75 217.5 124.75 330 5 197
2 69 76 40.52 -112.12 313.75 202 136.5 330 5 197
2 69 76 40.427 -112.13 335.5 190 152 330 5 197
2 69 76 40.332 -112.14 343.75 182.25 168.75 330 5 197
2 69 76 40.237 -112.15 345.5 183.5 185.5 330 5 197
2 69 76 40.136 -112.16 348 183.25 201 330 5 197
2 69 76 40.03 -112.17 354.75 185.5 217.5 330 5 215
2 69 76 39.926 -112.18 358.25 181.5 226.75 330 5 215
2 69 76 39.823 -112.19 370 183.5 241 330 5 215
2 69 76 39.719 -112.19 371.5 179.25 252 330 5 215
2 69 76 39.614 -112.2 376.75 182.25 262.5 330 5 215
2 69 76 39.508 -112.2 382 181.5 268.75 330 5 215
2 69 76 39.387 -112.2 387.5 179.25 275 330 5 215
2 69 76 39.271 -112.19 396 179.75 281 330 5 205
2 69 76 39.157 -112.2 406.75 179.5 285.75 330 5 205
2 69 76 39.043 -112.19 411 179 290.5 330 5 205
2 69 76 38.915 -112.19 416.5 179 293.75 330 5 205
2 69 76 38.828 -112.19 418.25 178.25 296 330 5 205
2 69 76 38.711 -112.18 422 176.25 298.75 330 5 205
2 69 76 38.593 -112.17 424 176.5 301.5 330 5 205
2 69 76 38.459 -112.15 423 176.25 306.25 330 5 205
2 69 76 38.343 -112.15 425 176 307.25 330 5 205
2 69 76 38.214 -112.14 424.25 176 308.75 330 5 205
2 69 76 38.102 -112.13 425.5 177 310 330 5 202
2 69 76 37.969 -112.13 427.25 178.5 310 330 5 202
2 69 76 37.884 -112.13 429 178.25 310 330 5 202
2 69 76 37.738 -112.14 433.5 180 310 330 5 202
2 69 76 37.621 -112.13 438 179.5 310 330 5 202
2 69 76 37.492 -112.13 440.25 179.25 310 330 1 48
2 69 76 37.362 -112.13 440.25 178.75 310 330 1 48
2 69 76 37.239 -112.13 439 179 310 330 1 48
2 69 76 37.16 -112.13 440 179 310 330 1 48
2 69 76 36.994 -112.13 438 179.25 310 330 1 48
2 69 76 36.898 -112.12 435.75 179.25 310 330 1 48
2 69 76 36.774 -112.13 432.25 179 307.25 330 1 48
2 69 76 36.676 -112.12 437.75 178.75 305 330 1 48
2 69 76 36.556 -112.12 441 179.25 305 330 1 48
2 69 76 36.396 -112.12 441 178.5 305 330 1 48
2 69 76 36.277 -112.11 438 176.5 305 330 1 46
2 69 76 36.181 -112.11 437 176 305 330 1 46
2 69 76 36.071 -112.1 436.75 175.75 305 330 1 46
2 69 76 35.964 -112.08 436.5 175.75 305 330 1 46
2 69 76 35.861 -112.07 436 173 305 330 1 46
2 69 76 35.74 -112.06 435.62 174.38 305 330 1 46
2 69 76 35.632 -112.05 434.75 175.5 305 330 1 46
2 69 76 35.524 -112.05 434 177.75 305 330 1 46
2 69 76 35.394 -112.04 434.62 178 305 270 2 101
2 69 76 35.271 -112.03 434.5 177.75 303 270 2 101
2 69 76 35.174 -112.03 440.75 177.5 300.25 270 2 101
2 69 76 35.028 -112.03 441 177.75 300 270 2 101
2 69 76 34.906 -112.02 439.25 177.5 300 270 2 101
2 69 76 34.811 -112.02 435.5 177.5 300 270 2 101
2 69 76 34.667 -112.01 435.25 177.25 300 270 2 61
2 69 76 34.549 -112 434.75 177.5 300 270 2 61
2 69 76 34.454 -112 434.75 177.5 300 270 2 89
2 69 76 34.319 -112 432.25 177.25 300 310 2 89
2 69 76 34.199 -111.99 433.25 177.25 299.75 310 2 89
2 69 76 34.071 -111.99 433.25 177.25 297 310 2 89
2 69 76 33.951 -111.98 433.25 177.5 295 310 2 89
2 69 76 33.831 -111.98 430.5 177.5 295 310 2 89
2 69 76 33.712 -111.98 430.5 178 295 310 2 89
2 69 76 33.619 -111.97 431.25 177.5 295 310 2 108
2 69 76 33.47 -111.96 431.25 177.25 291.75 310 2 90
2 69 76 33.349 -111.95 432.5 177 281.75 310 2 90
2 69 76 33.215 -111.93 438.25 176.25 267 310 2 90
2 69 76 33.12 -111.93 433.75 175.5 254.75 310 2 60
2 69 76 32.978 -111.9 424.25 175 232 310 2 60
2 69 76 32.878 -111.84 419.5 168.75 207 110 2 60
2 69 76 32.779 -111.76 405.25 161 192.75 110 2 60
2 69 76 32.677 -111.67 385 150 170.75 110 2 60
2 69 76 32.58 -111.58 371 139.5 149 110 2 60
2 69 76 32.517 -111.52 354.5 138.88 133.75 103 2 60
2 69 76 32.452 -111.44 341.5 136.25 124.5 110 2 60
2 69 76 32.378 -111.35 308.75 134.25 112.75 110 2 77
2 69 76 32.321 -111.28 299.38 132.88 95 73 2 77
2 69 76 32.269 -111.22 293.25 134.5 85.5 110 2 77
2 69 76 32.206 -111.13 271.25 133.75 72.75 110 2 77
2 69 76 32.166 -111.08 256.5 127.25 64.5 110 2 77
2 69 76 32.139 -111.03 237 124.25 58 110 2 77
2 69 76 32.101 -110.96 200.5 126 46.5 110 2 77
2 69 76 32.093 -110.92 168.75 120.5 37.5 110 2 77
2 69 76 32.106 -110.93 148 98 31.75 110 2 77
