0 12.789 14.226 12.893 17.561 11.192 20.172 13.826 20.193 15.582 20.77 19.503 20.639 22.441 21.957
0 0 16.222 13.903 20.585 10.523 20.448 14.037 20.088 12.477 20.078 20.14 20.392 22.341 21.85
0 0 0 16.695 21.017 16.132 19.453 18.54 19.803 15.174 19.809 19.423 19.943 22.044 21.528
0 0 0 0 20.252 14.561 20.532 14.402 21.034 13.111 20.898 20.354 20.671 23.24 22.816
0 0 0 0 0 20.539 20.672 21.438 20.903 21.107 21.026 21.455 21.541 23.224 22.622
0 0 0 0 0 0 21.268 10.671 21.88 14.63 21.64 21.208 21.471 24.045 23.678
0 0 0 0 0 0 0 23.678 14.539 18.828 14.539 18.782 19.23 13.7 17.95
0 0 0 0 0 0 0 0 24.329 14.34 23.828 23.678 23.807 26.391 26.166
0 0 0 0 0 0 0 0 0 20.027 9.8435 11.906 14.585 11.32 18.614
0 0 0 0 0 0 0 0 0 0 19.1 18.234 18.706 21.256 20.673
0 0 0 0 0 0 0 0 0 0 0 12.259 14.462 15.333 18.18
0 0 0 0 0 0 0 0 0 0 0 0 15.386 14.094 15.068
0 0 0 0 0 0 0 0 0 0 0 0 0 16.093 16.835
0 0 0 0 0 0 0 0 0 0 0 0 0 0 14.771
0 0 0 0 0 0 0 0 0 0 0 0 0 0 0
