0 40.463 26.684 24.837 112.61 25.072 36.725 25.121 98.663 54.934 152.39 148.21 39.45 26.06
0 0 30.191 39.122 141.15 39.642 44.157 39.818 117.42 67.234 160.84 156.14 16.751 40.181
0 0 0 26.514 120.35 26.56 32.988 26.656 105.35 63.295 145.95 142.69 29.872 27.323
0 0 0 0 118.46 19.537 31.621 25.998 98.529 54.775 147.1 143.56 39.087 16.383
0 0 0 0 0 118.1 141.38 118.62 103.56 148.44 138.51 135.16 141.35 106.42
0 0 0 0 0 0 30.537 13.574 98.936 55.066 146.93 143.37 39.118 19.838
0 0 0 0 0 0 0 31.351 108.12 51.6 160.53 156.29 44.019 39.151
0 0 0 0 0 0 0 0 98.4 54.775 147.57 144.12 39.289 26.138
0 0 0 0 0 0 0 0 0 123.16 145.38 141.98 117.48 98.404
0 0 0 0 0 0 0 0 0 0 173.36 169.14 67.401 55.632
0 0 0 0 0 0 0 0 0 0 0 24.417 160.24 145.45
0 0 0 0 0 0 0 0 0 0 0 0 155.89 141.98
0 0 0 0 0 0 0 0 0 0 0 0 0 39.956
0 0 0 0 0 0 0 0 0 0 0 0 0 0
