1 49 18 34.056 -117.64 168 0 22 390 2014 7 1 23 18 6 1 6
1 49 18 34.059 -117.7 189 269 37 390 2014 7 1 23 19 6 1 6
1 49 18 34.076 -117.78 236 272 53 390 2014 7 1 23 20 15 1 6
1 49 18 34.146 -117.86 285 311 91 390 2014 7 1 23 21 6 1 6
1 49 18 34.204 -117.93 290 302 117 390 2014 7 1 23 22 16 1 6
1 49 18 34.25 -117.85 290 55 117 390 2014 7 1 23 23 6 1 6
1 49 18 34.286 -117.99 361 341 135 390 2014 7 1 23 24 6 1 21
1 49 18 34.4 -117.98 381 300 164 390 2014 7 1 23 25 6 1 21
1 49 18 34.509 -117.97 390 348 191 390 2014 7 1 23 26 6 1 22
1 49 18 34.572 -117.86 397 26 216 390 2014 7 1 23 27 6 1 22
1 49 18 34.611 -117.73 418 29 237 390 2014 7 1 23 28 6 1 22
1 49 18 34.654 -117.59 430 59 256 390 2014 7 1 23 29 6 1 43
1 49 18 34.707 -117.42 456 69 276 390 2014 7 1 23 30 15 1 43
1 49 18 34.752 -117.27 470 69 296 390 2014 7 1 23 31 7 1 43
1 49 18 34.796 -117.12 472 69 312 390 2014 7 1 23 32 6 1 43
1 49 18 34.844 -116.97 478 69 329 390 2014 7 1 23 33 6 1 43
1 49 18 34.925 -116.84 473 69 346 390 2014 7 1 23 34 6 1 43
1 49 18 35.028 -116.7 475 60 364 390 2014 7 1 23 35 6 1 43
1 49 18 35.113 -116.58 477 50 376 390 2014 7 1 23 36 6 1 43
1 49 18 35.216 -116.43 474 49 390 390 2014 7 1 23 37 16 1 43
1 49 18 35.299 -116.31 473 50 391 390 2014 7 1 23 38 6 1 43
1 49 18 35.381 -116.19 466 50 391 390 2014 7 1 23 39 6 1 43
1 49 18 35.479 -116.04 463 49 391 390 2014 7 1 23 40 6 1 43
1 49 18 35.563 -115.92 462 50 391 390 2014 7 1 23 41 8 1 43
1 49 18 35.644 -115.8 462 49 391 390 2014 7 1 23 42 6 1 47
1 49 18 35.727 -115.68 462 49 391 390 2014 7 1 23 43 15 1 47
1 49 18 35.809 -115.56 462 50 391 390 2014 7 1 23 44 16 1 47
1 49 18 35.907 -115.42 463 49 391 390 2014 7 1 23 45 16 1 47
1 49 18 35.989 -115.3 463 50 391 390 2014 7 1 23 46 11 1 47
1 49 18 36.053 -115.2 454 50 391 390 2014 7 1 23 47 6 1 47
1 49 18 36.14 -115.08 460 50 391 390 2014 7 1 23 48 6 1 47
1 49 18 36.229 -114.97 461 46 391 390 2014 7 1 23 49 15 1 47
1 49 18 36.318 -114.86 461 45 391 390 2014 7 1 23 50 6 1 47
1 49 18 36.336 -114.83 462 45 391 390 2014 7 1 23 51 6 1 47
1 49 18 36.514 -114.61 460 45 391 390 2014 7 1 23 52 6 1 49
1 49 18 36.603 -114.49 460 46 391 390 2014 7 1 23 53 6 1 49
1 49 18 36.621 -114.47 461 45 391 390 2014 7 1 23 54 6 1 49
1 49 18 36.775 -114.25 460 45 391 390 2014 7 1 23 55 16 1 49
1 49 18 36.783 -114.22 466 49 391 390 2014 7 1 23 56 6 1 49
1 49 18 36.818 -114.1 464 69 391 390 2014 7 1 23 57 15 1 49
1 49 18 36.872 -113.96 464 63 391 390 2014 7 1 23 58 6 1 49
1 49 18 36.961 -113.76 464 60 391 390 2014 7 1 23 59 6 1 49
1 49 18 37.028 -113.62 465 59 391 390 2014 7 2 0 0 15 1 49
1 49 18 37.118 -113.42 474 59 391 390 2014 7 2 0 1 6 1 49
1 49 18 37.185 -113.28 475 59 391 390 2014 7 2 0 2 6 1 49
1 49 18 37.25 -113.14 475 60 391 390 2014 7 2 0 3 6 1 49
1 49 18 37.321 -112.96 475 59 391 390 2014 7 2 0 4 16 1 49
1 49 18 37.357 -112.81 475 73 391 390 2014 7 2 0 5 15 1 49
1 49 18 37.38 -112.71 473 73 391 390 2014 7 2 0 6 6 1 49
1 49 18 37.431 -112.5 475 72 391 390 2014 7 2 0 7 16 1 49
1 49 18 37.475 -112.31 473 73 391 390 2014 7 2 0 8 15 1 49
1 49 18 37.489 -112.25 473 73 391 390 2014 7 2 0 9 6 1 49
1 49 18 37.525 -112.09 472 73 391 390 2014 7 2 0 10 6 5 203
1 49 18 37.561 -111.93 471 73 391 390 2014 7 2 0 11 6 5 203
1 49 18 37.597 -111.77 471 73 391 390 2014 7 2 0 12 6 5 203
1 49 18 37.641 -111.58 473 73 391 390 2014 7 2 0 13 15 5 203
1 49 18 37.677 -111.42 473 75 391 390 2014 7 2 0 14 6 5 203
1 49 18 37.713 -111.25 477 73 391 390 2014 7 2 0 15 6 5 203
1 49 18 37.749 -111.09 478 74 391 390 2014 7 2 0 16 6 5 203
1 49 18 37.792 -110.9 478 74 391 390 2014 7 2 0 17 16 6 269
1 49 18 37.826 -110.74 478 74 391 390 2014 7 2 0 18 16 6 269
1 49 18 37.861 -110.58 476 74 391 390 2014 7 2 0 19 6 6 269
1 49 18 37.895 -110.42 473 74 391 370 2014 7 2 0 20 16 6 269
1 49 18 37.929 -110.26 474 75 384 370 2014 7 2 0 21 6 6 269
1 49 18 37.964 -110.09 475 75 374 370 2014 7 2 0 22 16 6 269
1 49 18 37.981 -109.99 477 74 371 370 2014 7 2 0 23 16 6 269
1 49 18 38.031 -109.77 476 75 371 370 2014 7 2 0 24 15 6 269
1 49 18 38.051 -109.65 478 75 371 370 2014 7 2 0 25 6 6 269
1 49 18 38.082 -109.5 477 75 371 370 2014 7 2 0 26 6 6 269
1 49 18 38.118 -109.32 476 75 371 370 2014 7 2 0 27 6 6 269
1 49 18 38.149 -109.16 474 77 371 370 2014 7 2 0 28 6 6 269
1 49 18 38.197 -108.93 473 75 371 370 2014 7 2 0 29 6 6 254
1 49 18 38.229 -108.83 472 75 371 370 2014 7 2 0 30 6 6 254
1 49 18 38.29 -108.67 470 65 371 370 2014 7 2 0 31 6 6 254
1 49 18 38.344 -108.52 467 65 370 370 2014 7 2 0 32 16 6 254
1 49 18 38.4 -108.36 458 63 370 370 2014 7 2 0 33 15 6 254
1 49 18 38.451 -108.22 457 65 370 370 2014 7 2 0 34 15 6 253
1 49 18 38.508 -108.05 458 64 370 370 2014 7 2 0 35 15 6 253
1 49 18 38.508 -108.05 458 64 370 370 2014 7 2 0 36 6 6 253
1 49 18 38.56 -107.9 460 65 370 350 2014 7 2 0 37 6 6 253
1 49 18 38.661 -107.62 461 65 358 350 2014 7 2 0 38 16 6 268
1 49 18 38.722 -107.47 461 61 358 270 2014 7 2 0 39 15 6 268
1 49 18 38.713 -107.46 463 64 350 270 2014 7 2 0 40 6 6 268
1 49 18 38.777 -107.28 467 65 342 270 2014 7 2 0 41 6 6 268
1 49 18 38.829 -107.13 468 66 332 270 2014 7 2 0 42 16 6 268
1 49 18 38.881 -106.97 469 66 322 270 2014 7 2 0 43 6 6 268
1 49 18 38.932 -106.82 470 66 312 270 2014 7 2 0 44 6 6 268
1 49 18 39.032 -106.52 467 66 291 270 2014 7 2 0 45 16 6 268
1 49 18 39.032 -106.52 467 66 291 270 2014 7 2 0 46 6 6 268
1 49 18 39.104 -106.35 452 64 279 270 2014 7 2 0 47 15 6 268
1 49 18 39.17 -106.22 444 62 269 270 2014 7 2 0 48 16 6 240
1 49 18 39.236 -106.1 428 58 258 270 2014 7 2 0 49 15 6 240
1 49 18 39.3 -105.97 423 56 249 270 2014 7 2 0 50 6 6 240
1 49 18 39.35 -105.77 433 63 234 270 2014 7 2 0 51 6 6 240
1 49 18 39.367 -105.62 427 78 219 270 2014 7 2 0 52 15 6 240
1 49 18 39.4 -105.48 385 77 211 270 2014 7 2 0 53 15 6 240
1 49 18 39.45 -105.38 354 58 196 270 2014 7 2 0 54 16 6 233
1 49 18 39.5 -105.27 343 56 181 270 2014 7 2 0 55 16 6 233
1 49 18 39.567 -105.17 344 56 171 270 2014 7 2 0 56 16 6 233
1 49 18 39.617 -105.07 341 55 167 270 2014 7 2 0 57 16 6 233
1 49 18 39.667 -104.97 335 55 154 270 2014 7 2 0 58 15 6 233
1 49 18 39.717 -104.88 297 56 146 270 2014 7 2 0 59 16 6 233
1 49 18 39.774 -104.84 259 31 132 270 2014 7 2 1 0 16 6 233
1 49 18 39.847 -104.84 258 0 118 270 2014 7 2 1 1 6 6 233
1 49 18 39.922 -104.84 255 0 111 270 2014 7 2 1 2 15 6 233
1 49 18 39.991 -104.84 247 0 106 270 2014 7 2 1 3 6 6 233
1 49 18 40.061 -104.84 250 0 95 270 2014 7 2 1 4 6 6 233
1 49 18 40.13 -104.82 250 0 91 270 2014 7 2 1 5 6 6 233
1 49 18 40.109 -104.75 243 89 90 270 2014 7 2 1 6 8 6 233
1 49 18 40.049 -104.72 222 159 80 270 2014 7 2 1 7 6 6 233
1 49 18 40.001 -104.69 189 159 71 270 2014 7 2 1 8 6 6 233
1 49 18 39.954 -104.7 168 180 65 270 2014 7 2 1 9 6 6 233
1 49 18 39.91 -104.7 154 180 57 270 2014 7 2 1 10 6 6 233
1 49 18 39.872 -104.7 150 180 54 270 2014 7 2 1 11 6 6 233
5 49 18 34.056 -117.6 149 0 9 330 2014 7 1 19 40 16 1 6
5 49 18 34.054 -117.63 172 257 330 330 2014 7 1 19 41 6 1 51
5 49 18 34.054 -117.7 222 265 31 330 2014 7 1 19 42 6 1 6
5 49 18 34.073 -117.78 259 350 55 330 2014 7 1 19 43 16 1 6
5 49 18 34.136 -117.85 265 278 83 330 2014 7 1 19 44 6 1 6
5 49 18 34.19 -117.91 265 330 102 330 2014 7 1 19 45 6 1 6
5 49 18 34.246 -117.98 275 316 123 330 2014 7 1 19 46 6 1 6
5 49 18 34.31 -118.02 288 315 141 330 2014 7 1 19 47 7 1 21
5 49 18 34.357 -117.94 292 323 149 330 2014 7 1 19 48 15 1 21
5 49 18 34.401 -117.83 336 15 161 330 2014 7 1 19 49 16 1 21
5 49 18 34.446 -117.73 339 59 174 330 2014 7 1 19 50 6 1 21
5 49 18 34.492 -117.63 343 62 189 330 2014 7 1 19 51 6 1 22
5 49 18 34.547 -117.51 343 61 204 330 2014 7 1 19 52 6 1 22
5 49 18 34.594 -117.4 354 61 213 330 2014 7 1 19 53 6 1 22
5 49 18 34.642 -117.3 363 61 222 330 2014 7 1 19 54 16 1 22
5 49 18 34.693 -117.19 373 61 231 330 2014 7 1 19 55 6 1 22
5 49 18 34.742 -117.07 377 61 241 330 2014 7 1 19 56 6 1 43
5 49 18 34.816 -116.95 383 61 251 330 2014 7 1 19 57 6 1 43
5 49 18 34.887 -116.84 393 54 258 330 2014 7 1 19 58 15 1 43
5 49 18 34.961 -116.75 395 52 266 330 2014 7 1 19 59 6 1 43
5 49 18 35.033 -116.64 395 48 266 330 2014 7 1 20 0 6 1 43
5 49 18 35.111 -116.54 407 48 279 330 2014 7 1 20 1 6 1 43
5 49 18 35.186 -116.43 409 48 286 330 2014 7 1 20 2 16 1 43
5 49 18 35.275 -116.3 409 48 293 330 2014 7 1 20 3 15 1 43
5 49 18 35.352 -116.2 417 49 297 330 2014 7 1 20 4 16 1 43
5 49 18 35.43 -116.09 423 48 302 330 2014 7 1 20 5 16 1 43
5 49 18 35.43 -116.09 423 48 302 330 2014 7 1 20 6 6 1 43
5 49 18 35.506 -115.97 424 48 307 330 2014 7 1 20 7 6 1 43
5 49 18 35.594 -115.86 424 49 313 330 2014 7 1 20 8 6 1 43
5 49 18 35.67 -115.75 421 48 318 330 2014 7 1 20 9 6 1 47
5 49 18 35.746 -115.64 421 47 323 330 2014 7 1 20 10 6 1 47
5 49 18 35.913 -115.4 421 49 330 330 2014 7 1 20 11 6 1 47
5 49 18 35.988 -115.29 421 49 330 330 2014 7 1 20 12 6 1 47
5 49 18 35.989 -115.29 421 49 330 330 2014 7 1 20 13 6 1 47
5 49 18 36.064 -115.18 425 49 330 330 2014 7 1 20 14 16 1 47
5 49 18 36.114 -115.04 432 47 330 330 2014 7 1 20 15 6 1 47
5 49 18 36.165 -114.88 432 57 330 330 2014 7 1 20 16 6 1 47
5 49 18 36.207 -114.74 432 67 330 330 2014 7 1 20 17 6 1 47
5 49 18 36.25 -114.6 433 69 330 330 2014 7 1 20 18 6 1 47
5 49 18 36.292 -114.46 433 69 330 330 2014 7 1 20 19 16 1 47
5 49 18 36.335 -114.32 433 69 330 330 2014 7 1 20 20 6 1 47
5 49 18 36.376 -114.18 433 69 330 330 2014 7 1 20 21 6 1 48
5 49 18 36.426 -114.02 429 69 330 330 2014 7 1 20 22 6 1 48
5 49 18 36.467 -113.88 430 69 330 330 2014 7 1 20 23 16 1 48
5 49 18 36.508 -113.74 428 69 330 330 2014 7 1 20 24 6 1 48
5 49 18 36.548 -113.6 428 69 330 330 2014 7 1 20 25 6 1 48
5 49 18 36.588 -113.47 428 69 330 330 2014 7 1 20 26 10 1 48
5 49 18 36.628 -113.33 427 70 330 330 2014 7 1 20 27 6 1 48
5 49 18 36.668 -113.19 428 69 330 330 2014 7 1 20 28 6 1 48
5 49 18 36.716 -113.02 427 70 330 330 2014 7 1 20 29 6 1 48
5 49 18 36.756 -112.89 427 69 330 330 2014 7 1 20 30 6 1 48
5 49 18 36.796 -112.75 427 69 330 330 2014 7 1 20 31 6 1 48
5 49 18 36.835 -112.61 426 70 330 330 2014 7 1 20 32 6 1 48
5 49 18 36.883 -112.44 426 69 330 330 2014 7 1 20 33 16 1 48
5 49 18 36.921 -112.31 425 70 330 330 2014 7 1 20 34 16 1 48
5 49 18 36.961 -112.17 426 70 330 330 2014 7 1 20 35 6 1 48
5 49 18 36.999 -112.03 425 70 330 330 2014 7 1 20 36 6 1 48
5 49 18 37.038 -111.89 425 70 330 330 2014 7 1 20 37 6 1 48
5 49 18 37.074 -111.75 425 71 330 330 2014 7 1 20 38 16 1 48
5 49 18 37.114 -111.61 424 71 330 330 2014 7 1 20 39 16 6 270
5 49 18 37.161 -111.48 419 70 330 330 2014 7 1 20 40 16 6 270
5 49 18 37.171 -111.46 422 65 330 330 2014 7 1 20 41 6 6 270
5 49 18 37.253 -111.22 417 65 330 330 2014 7 1 20 42 6 6 270
5 49 18 37.309 -111.09 417 61 330 330 2014 7 1 20 43 15 6 270
5 49 18 37.31 -111.06 416 63 330 330 2014 7 1 20 44 6 6 270
5 49 18 37.355 -110.93 416 66 330 330 2014 7 1 20 45 6 6 270
5 49 18 37.399 -110.8 412 66 330 330 2014 7 1 20 46 6 6 270
5 49 18 37.446 -110.66 413 66 330 330 2014 7 1 20 47 6 6 270
5 49 18 37.495 -110.52 413 66 330 330 2014 7 1 20 48 6 6 270
5 49 18 37.546 -110.38 413 66 330 330 2014 7 1 20 49 16 6 270
5 49 18 37.589 -110.25 414 66 330 330 2014 7 1 20 50 15 6 270
5 49 18 37.633 -110.12 416 64 330 330 2014 7 1 20 51 6 6 270
5 49 18 37.684 -109.97 416 64 330 330 2014 7 1 20 52 6 6 270
5 49 18 37.727 -109.84 416 66 330 330 2014 7 1 20 53 16 6 270
5 49 18 37.778 -109.69 416 66 330 330 2014 7 1 20 54 6 6 270
5 49 18 37.821 -109.56 416 66 330 330 2014 7 1 20 55 6 6 270
5 49 18 37.871 -109.41 416 64 330 330 2014 7 1 20 56 6 6 270
5 49 18 37.914 -109.28 417 67 330 330 2014 7 1 20 57 6 6 270
5 49 18 37.964 -109.12 417 67 330 330 2014 7 1 20 58 15 6 270
5 49 18 38.006 -108.99 417 67 330 330 2014 7 1 20 59 6 6 260
5 49 18 38.049 -108.86 417 67 330 330 2014 7 1 21 0 6 6 260
5 49 18 38.099 -108.71 418 67 330 330 2014 7 1 21 1 6 6 260
5 49 18 38.141 -108.58 418 67 330 330 2014 7 1 21 2 6 6 260
5 49 18 38.189 -108.42 418 67 330 330 2014 7 1 21 3 6 6 260
5 49 18 38.231 -108.29 418 68 330 330 2014 7 1 21 4 6 6 260
5 49 18 38.28 -108.14 418 67 330 330 2014 7 1 21 5 6 6 260
5 49 18 38.321 -108.01 418 64 330 330 2014 7 1 21 6 6 6 260
5 49 18 38.382 -107.88 418 58 330 330 2014 7 1 21 7 6 6 268
5 49 18 38.411 -107.72 418 68 330 330 2014 7 1 21 8 6 6 268
5 49 18 38.473 -107.6 418 57 330 330 2014 7 1 21 9 6 6 268
5 49 18 38.508 -107.47 417 67 330 330 2014 7 1 21 10 15 6 268
5 49 18 38.571 -107.35 417 57 330 330 2014 7 1 21 11 6 6 268
5 49 18 38.633 -107.19 415 59 330 270 2014 7 1 21 12 16 6 268
5 49 18 38.688 -107.06 414 60 330 270 2014 7 1 21 13 6 6 268
5 49 18 38.75 -106.94 414 56 330 270 2014 7 1 21 14 16 6 268
5 49 18 38.745 -106.94 413 59 326 270 2014 7 1 21 15 16 6 268
5 49 18 38.803 -106.81 421 59 316 270 2014 7 1 21 16 6 6 268
5 49 18 38.861 -106.67 423 60 306 270 2014 7 1 21 17 6 6 268
5 49 18 38.931 -106.52 423 60 294 270 2014 7 1 21 18 6 6 268
5 49 18 39.047 -106.26 417 59 274 270 2014 7 1 21 19 16 6 268
5 49 18 39.111 -106.14 417 56 274 270 2014 7 1 21 20 16 6 268
5 49 18 39.107 -106.13 406 58 263 270 2014 7 1 21 21 6 6 240
5 49 18 39.16 -106.01 386 59 253 270 2014 7 1 21 22 16 6 240
5 49 18 39.213 -105.89 383 59 243 270 2014 7 1 21 23 15 6 240
5 49 18 39.269 -105.77 396 60 232 270 2014 7 1 21 24 21 6 240
5 49 18 39.367 -105.55 373 61 210 270 2014 7 1 21 25 16 6 240
5 49 18 39.385 -105.5 374 60 207 270 2014 7 1 21 26 6 6 240
5 49 18 39.436 -105.4 361 57 192 270 2014 7 1 21 27 6 6 233
5 49 18 39.517 -105.25 334 54 171 270 2014 7 1 21 28 16 6 233
5 49 18 39.567 -105.15 344 56 155 270 2014 7 1 21 29 6 6 233
5 49 18 39.617 -105.05 340 55 142 270 2014 7 1 21 30 15 6 233
5 49 18 39.683 -104.95 320 56 136 270 2014 7 1 21 31 6 6 233
5 49 18 39.717 -104.87 317 55 131 270 2014 7 1 21 32 16 6 233
5 49 18 39.8 -104.83 294 25 119 270 2014 7 1 21 33 16 6 233
5 49 18 39.867 -104.83 259 1 111 270 2014 7 1 21 34 6 6 233
5 49 18 39.926 -104.84 246 0 109 270 2014 7 1 21 35 16 6 233
5 49 18 39.992 -104.84 223 0 98 270 2014 7 1 21 36 6 6 233
5 49 18 40.056 -104.84 225 3 86 270 2014 7 1 21 37 6 6 233
5 49 18 40.05 -104.77 223 87 80 270 2014 7 1 21 38 16 6 233
5 49 18 40 -104.73 202 154 72 270 2014 7 1 21 39 6 6 233
5 49 18 39.959 -104.7 177 152 65 270 2014 7 1 21 40 6 6 233
5 49 18 39.917 -104.7 155 171 58 270 2014 7 1 21 41 6 6 233
5 49 18 39.874 -104.7 151 180 54 270 2014 7 1 21 42 6 6 233
6 49 18 34.05 -117.63 166 0 22 330 2014 7 2 19 44 6 1 6
6 49 18 34.05 -117.7 218 268 36 330 2014 7 2 19 45 6 1 6
6 49 18 34.077 -117.78 258 270 51 330 2014 7 2 19 46 6 1 6
6 49 18 34.127 -117.84 267 338 76 330 2014 7 2 19 47 6 1 6
6 49 18 34.181 -117.9 267 302 96 330 2014 7 2 19 48 6 1 6
6 49 18 34.236 -117.97 271 315 116 330 2014 7 2 19 49 6 1 6
6 49 18 34.306 -117.96 290 316 130 330 2014 7 2 19 50 6 1 6
6 49 18 34.361 -117.85 299 9 142 330 2014 7 2 19 51 6 1 21
6 49 18 34.4 -117.77 324 36 153 330 2014 7 2 19 52 16 1 21
6 49 18 34.449 -117.67 350 58 163 330 2014 7 2 19 53 6 1 21
6 49 18 34.51 -117.54 364 60 176 330 2014 7 2 19 54 6 1 22
6 49 18 34.561 -117.43 366 60 188 330 2014 7 2 19 55 6 1 22
6 49 18 34.612 -117.32 373 60 198 330 2014 7 2 19 56 6 1 22
6 49 18 34.666 -117.21 376 60 208 330 2014 7 2 19 57 15 1 22
6 49 18 34.718 -117.1 383 59 217 330 2014 7 2 19 58 6 1 22
6 49 18 34.782 -116.96 392 59 227 330 2014 7 2 19 59 16 1 22
6 49 18 34.782 -116.96 392 59 227 330 2014 7 2 20 0 6 1 22
6 49 18 34.837 -116.84 401 60 232 330 2014 7 2 20 1 7 1 22
6 49 18 34.951 -116.6 413 60 245 330 2014 7 2 20 2 16 1 43
6 49 18 34.951 -116.6 413 60 245 330 2014 7 2 20 3 6 1 43
6 49 18 35.029 -116.49 419 60 251 330 2014 7 2 20 4 6 1 43
6 49 18 35.128 -116.37 421 51 258 330 2014 7 2 20 5 6 1 43
6 49 18 35.211 -116.26 428 46 263 330 2014 7 2 20 6 6 1 43
6 49 18 35.295 -116.16 434 45 268 330 2014 7 2 20 7 6 1 43
6 49 18 35.38 -116.05 438 19 274 330 2014 7 2 20 8 16 1 43
6 49 18 35.463 -115.94 435 45 280 330 2014 7 2 20 9 6 1 43
6 49 18 35.56 -115.82 433 45 285 330 2014 7 2 20 10 6 1 43
6 49 18 35.643 -115.72 431 45 290 330 2014 7 2 20 11 6 1 47
6 49 18 35.727 -115.61 431 45 295 330 2014 7 2 20 12 6 1 47
6 49 18 35.81 -115.51 431 45 295 330 2014 7 2 20 13 6 1 47
6 49 18 35.908 -115.38 430 46 306 330 2014 7 2 20 14 6 1 47
6 49 18 35.991 -115.28 430 46 306 330 2014 7 2 20 15 6 1 47
6 49 18 35.989 -115.28 428 45 311 330 2014 7 2 20 16 6 1 47
6 49 18 36.069 -115.17 419 45 315 330 2014 7 2 20 17 6 1 47
6 49 18 36.12 -115.04 430 51 318 330 2014 7 2 20 18 6 1 47
6 49 18 36.178 -114.88 430 55 322 330 2014 7 2 20 19 6 1 47
6 49 18 36.226 -114.74 430 65 324 330 2014 7 2 20 20 16 1 47
6 49 18 36.274 -114.6 435 66 326 330 2014 7 2 20 21 6 1 47
6 49 18 36.324 -114.46 436 66 328 330 2014 7 2 20 22 6 1 47
6 49 18 36.371 -114.32 440 66 330 330 2014 7 2 20 23 6 1 48
6 49 18 36.43 -114.16 441 65 330 330 2014 7 2 20 24 16 1 48
6 49 18 36.531 -113.86 451 66 330 330 2014 7 2 20 25 16 1 48
6 49 18 36.58 -113.72 452 65 330 330 2014 7 2 20 26 6 1 48
6 49 18 36.638 -113.58 452 62 330 330 2014 7 2 20 27 6 1 48
6 49 18 36.676 -113.44 451 67 330 330 2014 7 2 20 28 6 1 48
6 49 18 36.723 -113.29 449 66 330 330 2014 7 2 20 29 16 1 48
6 49 18 36.724 -113.29 451 67 330 330 2014 7 2 20 30 6 1 48
6 49 18 36.781 -113.12 450 66 330 330 2014 7 2 20 31 12 1 48
6 49 18 36.828 -112.98 450 68 330 330 2014 7 2 20 32 6 1 48
6 49 18 36.875 -112.83 450 67 330 330 2014 7 2 20 33 6 1 48
6 49 18 36.947 -112.53 448 73 330 330 2014 7 2 20 34 15 1 48
6 49 18 36.948 -112.53 452 72 330 330 2014 7 2 20 35 6 1 48
6 49 18 36.993 -112.35 450 72 330 330 2014 7 2 20 36 6 1 48
6 49 18 37.031 -112.2 453 72 330 330 2014 7 2 20 37 6 1 48
6 49 18 37.066 -112.05 454 73 330 330 2014 7 2 20 38 15 1 48
6 49 18 37.106 -111.91 454 70 330 330 2014 7 2 20 39 6 1 48
6 49 18 37.151 -111.76 455 69 330 330 2014 7 2 20 40 6 6 270
6 49 18 37.201 -111.61 455 66 330 330 2014 7 2 20 41 6 6 270
6 49 18 37.258 -111.44 455 67 330 330 2014 7 2 20 42 6 6 270
6 49 18 37.307 -111.29 456 67 330 330 2014 7 2 20 43 6 6 270
6 49 18 37.356 -111.14 455 66 330 330 2014 7 2 20 44 6 6 270
6 49 18 37.404 -110.99 456 67 330 330 2014 7 2 20 45 6 6 270
6 49 18 37.453 -110.85 456 67 330 330 2014 7 2 20 46 6 6 270
6 49 18 37.509 -110.67 456 65 330 330 2014 7 2 20 47 6 6 270
6 49 18 37.556 -110.52 456 67 330 330 2014 7 2 20 48 6 6 270
6 49 18 37.604 -110.38 456 67 330 330 2014 7 2 20 49 6 6 270
6 49 18 37.656 -110.22 456 65 330 330 2014 7 2 20 50 6 6 270
6 49 18 37.7 -110.07 455 67 330 330 2014 7 2 20 51 6 6 270
6 49 18 37.752 -109.91 455 68 330 330 2014 7 2 20 52 9 6 270
6 49 18 37.797 -109.77 454 68 330 330 2014 7 2 20 53 6 6 270
6 49 18 37.849 -109.6 454 68 330 330 2014 7 2 20 54 16 6 270
6 49 18 37.892 -109.46 454 67 330 330 2014 7 2 20 55 6 6 270
6 49 18 37.936 -109.32 454 68 330 330 2014 7 2 20 56 6 6 270
6 49 18 37.998 -109.18 454 60 330 330 2014 7 2 20 57 6 6 270
6 49 18 38.031 -109.01 453 68 330 330 2014 7 2 20 58 6 6 260
6 49 18 38.094 -108.87 453 60 330 330 2014 7 2 20 59 6 6 260
6 49 18 38.083 -108.84 454 65 330 330 2014 7 2 21 0 6 6 260
6 49 18 38.126 -108.7 454 68 330 330 2014 7 2 21 1 6 6 260
6 49 18 38.22 -108.39 453 69 330 330 2014 7 2 21 2 6 6 260
6 49 18 38.284 -108.25 453 59 330 330 2014 7 2 21 3 6 6 260
6 49 18 38.268 -108.22 454 65 330 330 2014 7 2 21 4 6 6 260
6 49 18 38.311 -108.07 455 69 330 330 2014 7 2 21 5 6 6 260
6 49 18 38.359 -107.91 453 66 330 330 2014 7 2 21 6 6 6 268
6 49 18 38.413 -107.76 452 69 330 330 2014 7 2 21 7 6 6 268
6 49 18 38.484 -107.62 449 67 330 270 2014 7 2 21 8 6 6 268
6 49 18 38.549 -107.49 449 59 325 270 2014 7 2 21 9 16 6 268
6 49 18 38.613 -107.35 448 57 320 270 2014 7 2 21 10 6 6 268
6 49 18 38.678 -107.22 448 58 315 270 2014 7 2 21 11 6 6 268
6 49 18 38.743 -107.08 447 58 310 270 2014 7 2 21 12 6 6 268
6 49 18 38.811 -106.95 449 58 305 270 2014 7 2 21 13 6 6 268
6 49 18 38.889 -106.78 450 57 299 270 2014 7 2 21 14 6 6 268
6 49 18 38.952 -106.64 458 57 294 270 2014 7 2 21 15 6 6 268
6 49 18 39.006 -106.5 455 58 290 270 2014 7 2 21 16 6 6 268
6 49 18 39.081 -106.37 458 62 284 270 2014 7 2 21 17 15 6 268
6 49 18 39.156 -106.24 457 58 279 270 2014 7 2 21 18 6 6 268
6 49 18 39.208 -106.08 466 53 279 270 2014 7 2 21 19 16 6 268
6 49 18 39.254 -105.93 454 60 279 270 2014 7 2 21 20 6 6 268
6 49 18 39.316 -105.77 408 67 265 270 2014 7 2 21 21 6 6 240
6 49 18 39.389 -105.67 393 55 241 270 2014 7 2 21 22 6 6 240
6 49 18 39.4 -105.55 394 48 216 270 2014 7 2 21 23 6 6 240
6 49 18 39.432 -105.41 339 79 196 270 2014 7 2 21 24 6 6 233
6 49 18 39.483 -105.32 331 53 183 270 2014 7 2 21 25 6 6 233
6 49 18 39.533 -105.22 323 54 165 270 2014 7 2 21 26 6 6 233
6 49 18 39.596 -105.1 333 52 142 270 2014 7 2 21 27 15 6 233
6 49 18 39.645 -105.01 314 56 133 270 2014 7 2 21 28 6 6 233
6 49 18 39.697 -104.9 312 56 130 270 2014 7 2 21 29 6 6 233
6 49 18 39.733 -104.85 314 56 128 270 2014 7 2 21 30 6 6 233
6 49 18 39.846 -104.84 302 8 116 270 2014 7 2 21 31 6 6 233
6 49 18 39.9 -104.83 272 0 110 270 2014 7 2 21 32 6 6 233
6 49 18 39.967 -104.83 259 1 103 270 2014 7 2 21 33 6 6 233
6 49 18 40.033 -104.78 259 11 87 270 2014 7 2 21 34 6 6 233
6 49 18 40.017 -104.72 228 51 76 270 2014 7 2 21 35 6 6 233
6 49 18 39.983 -104.7 185 130 68 270 2014 7 2 21 36 6 6 233
6 49 18 39.933 -104.68 160 168 60 270 2014 7 2 21 37 6 6 233
6 49 18 39.902 -104.69 157 165 56 270 2014 7 2 21 38 16 6 233
7 49 18 34.055 -117.63 153 244 22 390 2014 7 2 23 31 6 1 6
7 49 18 34.057 -117.69 194 270 37 390 2014 7 2 23 32 6 1 6
7 49 18 34.069 -117.77 223 286 51 390 2014 7 2 23 33 6 1 6
7 49 18 34.125 -117.84 278 280 75 390 2014 7 2 23 34 6 1 6
7 49 18 34.196 -117.92 299 308 111 390 2014 7 2 23 35 6 1 6
7 49 18 34.271 -117.96 324 315 141 390 2014 7 2 23 36 6 1 21
7 49 18 34.301 -117.86 320 353 162 390 2014 7 2 23 37 16 1 21
7 49 18 34.324 -117.73 362 26 183 390 2014 7 2 23 38 6 1 21
7 49 18 34.381 -117.63 362 55 183 390 2014 7 2 23 39 6 1 21
7 49 18 34.349 -117.6 388 67 208 390 2014 7 2 23 40 6 1 21
7 49 18 34.461 -117.35 426 73 234 390 2014 7 2 23 41 6 1 21
7 49 18 34.535 -117.24 428 61 241 390 2014 7 2 23 42 6 1 43
7 49 18 34.609 -117.13 428 51 241 390 2014 7 2 23 43 6 1 43
7 49 18 34.627 -117.1 443 51 260 390 2014 7 2 23 44 6 1 43
7 49 18 34.704 -116.98 449 51 277 390 2014 7 2 23 45 6 1 43
7 49 18 34.781 -116.86 449 51 295 390 2014 7 2 23 46 6 1 43
7 49 18 34.859 -116.74 460 51 308 390 2014 7 2 23 47 6 1 43
7 49 18 34.957 -116.58 477 51 327 390 2014 7 2 23 48 6 1 43
7 49 18 35.049 -116.47 479 52 343 390 2014 7 2 23 49 16 1 43
7 49 18 35.142 -116.35 479 49 357 390 2014 7 2 23 50 6 1 43
7 49 18 35.234 -116.24 477 45 369 390 2014 7 2 23 51 6 1 43
7 49 18 35.324 -116.12 477 45 380 390 2014 7 2 23 52 6 1 43
7 49 18 35.416 -116 477 46 390 390 2014 7 2 23 53 15 1 43
7 49 18 35.508 -115.84 482 46 390 390 2014 7 2 23 54 16 1 43
7 49 18 35.566 -115.7 471 51 390 390 2014 7 2 23 55 16 1 43
7 49 18 35.625 -115.55 474 59 390 390 2014 7 2 23 56 6 1 43
7 49 18 35.683 -115.41 474 63 390 390 2014 7 2 23 57 6 1 47
7 49 18 35.739 -115.27 472 63 390 390 2014 7 2 23 58 15 1 47
7 49 18 35.807 -115.1 463 62 390 390 2014 7 2 23 59 6 1 47
7 49 18 35.863 -114.95 471 63 390 390 2014 7 3 0 0 6 1 47
7 49 18 35.921 -114.81 471 62 390 390 2014 7 3 0 1 6 1 47
7 49 18 35.977 -114.66 471 64 390 390 2014 7 3 0 2 6 1 47
7 49 18 36.034 -114.52 471 63 390 390 2014 7 3 0 3 16 1 47
7 49 18 36.103 -114.34 472 63 390 390 2014 7 3 0 4 16 1 47
7 49 18 36.159 -114.19 472 63 390 390 2014 7 3 0 5 6 1 47
7 49 18 36.216 -114.05 472 64 390 390 2014 7 3 0 6 6 1 47
7 49 18 36.272 -113.9 474 63 390 390 2014 7 3 0 7 6 1 49
7 49 18 36.328 -113.75 473 64 390 390 2014 7 3 0 8 6 1 49
7 49 18 36.384 -113.61 473 64 390 390 2014 7 3 0 9 6 1 49
7 49 18 36.448 -113.47 473 61 390 390 2014 7 3 0 10 6 1 49
7 49 18 36.451 -113.43 472 63 390 390 2014 7 3 0 11 6 1 49
7 49 18 36.507 -113.28 473 63 390 390 2014 7 3 0 12 6 1 49
7 49 18 36.563 -113.13 473 65 390 390 2014 7 3 0 13 6 1 49
7 49 18 36.619 -112.98 477 64 390 390 2014 7 3 0 14 6 1 49
7 49 18 36.673 -112.84 476 65 390 390 2014 7 3 0 15 6 1 49
7 49 18 36.771 -112.57 472 65 390 390 2014 7 3 0 16 7 1 49
7 49 18 36.794 -112.51 476 65 390 390 2014 7 3 0 17 6 1 49
7 49 18 36.891 -112.24 475 65 390 390 2014 7 3 0 18 6 1 49
7 49 18 36.903 -112.21 476 65 390 390 2014 7 3 0 19 6 1 49
7 49 18 36.957 -112.06 478 65 390 390 2014 7 3 0 20 16 1 49
7 49 18 37.013 -111.91 481 65 390 390 2014 7 3 0 21 6 1 49
7 49 18 37.076 -111.73 480 65 390 390 2014 7 3 0 22 6 6 269
7 49 18 37.165 -111.48 479 65 390 390 2014 7 3 0 23 15 6 269
7 49 18 37.186 -111.42 480 65 390 390 2014 7 3 0 24 6 6 269
7 49 18 37.239 -111.28 479 66 390 390 2014 7 3 0 25 16 6 269
7 49 18 37.279 -111.16 470 65 390 390 2014 7 3 0 26 6 6 269
7 49 18 37.349 -111.03 459 66 390 390 2014 7 3 0 27 6 6 269
7 49 18 37.421 -110.89 459 60 390 390 2014 7 3 0 28 16 6 269
7 49 18 37.48 -110.75 469 56 390 390 2014 7 3 0 29 16 6 269
7 49 18 37.538 -110.57 464 59 390 390 2014 7 3 0 30 6 6 269
7 49 18 37.587 -110.42 464 65 390 390 2014 7 3 0 31 6 6 269
7 49 18 37.633 -110.27 464 65 390 390 2014 7 3 0 32 6 6 269
7 49 18 37.686 -110.11 462 67 390 390 2014 7 3 0 33 6 6 269
7 49 18 37.732 -109.96 462 65 390 390 2014 7 3 0 34 6 6 269
7 49 18 37.785 -109.79 462 68 390 390 2014 7 3 0 35 15 6 269
7 49 18 37.832 -109.64 466 68 390 390 2014 7 3 0 36 16 6 269
7 49 18 37.877 -109.5 469 65 390 390 2014 7 3 0 37 6 6 269
7 49 18 37.932 -109.32 469 68 390 390 2014 7 3 0 38 16 6 269
7 49 18 37.977 -109.18 469 68 390 390 2014 7 3 0 39 6 6 269
7 49 18 38.03 -109 469 68 390 390 2014 7 3 0 40 6 6 254
7 49 18 38.075 -108.86 469 68 390 390 2014 7 3 0 41 6 6 254
7 49 18 38.127 -108.69 466 68 390 390 2014 7 3 0 42 6 6 254
7 49 18 38.17 -108.54 466 65 390 390 2014 7 3 0 43 15 6 254
7 49 18 38.221 -108.37 466 69 390 390 2014 7 3 0 44 16 6 254
7 49 18 38.265 -108.22 462 66 390 390 2014 7 3 0 45 6 6 254
7 49 18 38.308 -108.08 459 69 390 350 2014 7 3 0 46 16 6 254
7 49 18 38.359 -107.91 459 68 384 350 2014 7 3 0 47 6 6 253
7 49 18 38.407 -107.75 459 68 374 350 2014 7 3 0 48 6 6 253
7 49 18 38.453 -107.59 467 65 364 350 2014 7 3 0 49 6 6 253
7 49 18 38.519 -107.44 468 69 350 350 2014 7 3 0 50 6 6 268
7 49 18 38.589 -107.31 468 57 350 310 2014 7 3 0 51 6 6 268
7 49 18 38.582 -107.3 462 61 344 310 2014 7 3 0 52 6 6 268
7 49 18 38.705 -107.03 446 60 324 310 2014 7 3 0 53 6 6 268
7 49 18 38.751 -106.88 440 60 315 310 2014 7 3 0 54 15 6 268
7 49 18 38.798 -106.71 431 63 303 270 2014 7 3 0 55 16 6 268
7 49 18 38.865 -106.59 431 55 303 270 2014 7 3 0 56 6 6 268
7 49 18 38.842 -106.57 426 64 293 270 2014 7 3 0 57 6 6 268
7 49 18 38.883 -106.44 419 69 283 270 2014 7 3 0 58 16 6 268
7 49 18 38.924 -106.3 416 68 273 270 2014 7 3 0 59 16 6 268
7 49 18 38.968 -106.16 405 68 262 270 2014 7 3 1 0 6 6 240
7 49 18 39.008 -106.03 400 68 253 270 2014 7 3 1 1 16 6 240
7 49 18 39.047 -105.88 388 68 240 270 2014 7 3 1 2 6 6 240
7 49 18 39.079 -105.75 380 63 230 270 2014 7 3 1 3 6 6 240
7 49 18 39.115 -105.63 365 71 221 270 2014 7 3 1 4 15 6 240
7 49 18 39.233 -105.57 343 46 207 270 2014 7 3 1 5 6 6 240
7 49 18 39.317 -105.52 336 23 200 270 2014 7 3 1 6 6 6 240
7 49 18 39.4 -105.47 334 22 200 270 2014 7 3 1 7 6 6 240
7 49 18 39.467 -105.35 347 49 189 270 2014 7 3 1 8 6 6 233
7 49 18 39.517 -105.25 340 55 180 270 2014 7 3 1 9 6 6 233
7 49 18 39.567 -105.17 354 55 170 270 2014 7 3 1 10 6 6 233
7 49 18 39.617 -105.05 349 55 159 270 2014 7 3 1 11 16 6 233
7 49 18 39.667 -104.95 338 55 148 270 2014 7 3 1 12 6 6 233
7 49 18 39.733 -104.85 325 55 131 270 2014 7 3 1 13 6 6 233
7 49 18 39.817 -104.83 289 10 117 270 2014 7 3 1 14 6 6 233
7 49 18 39.884 -104.84 287 4 112 270 2014 7 3 1 15 16 6 233
7 49 18 39.967 -104.83 242 356 105 270 2014 7 3 1 16 15 6 233
7 49 18 40.017 -104.82 233 10 93 270 2014 7 3 1 17 6 6 233
7 49 18 40.017 -104.75 214 88 80 270 2014 7 3 1 18 6 6 233
7 49 18 39.974 -104.71 199 151 67 270 2014 7 3 1 19 15 6 233
7 49 18 39.932 -104.7 151 165 60 270 2014 7 3 1 20 6 6 233
7 49 18 39.891 -104.7 147 169 53 270 2014 7 3 1 21 15 6 233
8 49 18 34.054 -117.58 181 101 330 330 2014 7 2 8 54 15 1 51
8 49 18 34.017 -117.52 246 135 43 330 2014 7 2 8 55 16 1 6
8 49 18 34.033 -117.43 289 87 68 330 2014 7 2 8 56 15 1 6
8 49 18 34.1 -117.37 306 49 97 330 2014 7 2 8 57 15 1 6
8 49 18 34.144 -117.31 303 39 119 330 2014 7 2 8 58 15 1 6
8 49 18 34.216 -117.24 330 42 130 330 2014 7 2 8 59 15 1 6
8 49 18 34.304 -117.15 405 41 148 330 2014 7 2 9 0 15 1 19
8 49 18 34.39 -117.06 420 40 173 330 2014 7 2 9 1 16 1 19
8 49 18 34.462 -116.94 436 41 195 330 2014 7 2 9 2 6 1 19
8 49 18 34.525 -116.81 455 47 215 330 2014 7 2 9 3 15 1 19
8 49 18 34.591 -116.67 470 56 235 330 2014 7 2 9 4 16 1 19
8 49 18 34.659 -116.53 487 59 250 330 2014 7 2 9 5 15 1 44
8 49 18 34.729 -116.39 499 59 267 330 2014 7 2 9 6 15 1 44
8 49 18 34.799 -116.24 500 59 287 330 2014 7 2 9 7 16 1 44
8 49 18 34.868 -116.1 495 59 306 330 2014 7 2 9 8 15 1 44
8 49 18 34.937 -115.95 494 59 320 330 2014 7 2 9 9 15 1 44
8 49 18 35.006 -115.81 494 59 330 330 2014 7 2 9 10 6 1 44
8 49 18 35.075 -115.66 498 59 330 330 2014 7 2 9 11 15 1 44
8 49 18 35.144 -115.52 498 59 330 330 2014 7 2 9 12 16 1 44
8 49 18 35.217 -115.36 497 59 330 330 2014 7 2 9 13 15 1 44
8 49 18 35.285 -115.22 496 60 330 330 2014 7 2 9 14 6 1 44
8 49 18 35.353 -115.07 495 59 330 330 2014 7 2 9 15 6 1 44
8 49 18 35.42 -114.92 494 60 330 330 2014 7 2 9 16 15 1 40
8 49 18 35.487 -114.78 495 60 330 330 2014 7 2 9 17 15 1 40
8 49 18 35.555 -114.63 496 60 330 330 2014 7 2 9 18 6 1 40
8 49 18 35.623 -114.48 497 60 330 330 2014 7 2 9 19 15 1 40
8 49 18 35.69 -114.33 498 60 330 330 2014 7 2 9 20 6 1 40
8 49 18 35.757 -114.19 497 60 330 330 2014 7 2 9 21 16 1 46
8 49 18 35.824 -114.04 497 60 330 330 2014 7 2 9 22 6 1 46
8 49 18 35.891 -113.89 498 60 330 330 2014 7 2 9 23 15 1 46
8 49 18 35.958 -113.74 498 60 330 330 2014 7 2 9 24 15 1 46
8 49 18 36.024 -113.59 497 60 330 330 2014 7 2 9 25 15 1 46
8 49 18 36.102 -113.41 495 60 330 330 2014 7 2 9 26 15 1 46
8 49 18 36.168 -113.26 494 61 330 330 2014 7 2 9 27 15 1 46
8 49 18 36.232 -113.12 494 61 330 330 2014 7 2 9 28 16 1 48
8 49 18 36.297 -112.97 495 61 330 330 2014 7 2 9 29 15 1 48
8 49 18 36.362 -112.82 494 61 330 330 2014 7 2 9 30 16 1 48
8 49 18 36.426 -112.67 493 61 330 330 2014 7 2 9 31 15 1 48
8 49 18 36.491 -112.52 493 61 330 330 2014 7 2 9 32 15 1 48
8 49 18 36.555 -112.37 493 61 330 330 2014 7 2 9 33 15 1 48
8 49 18 36.619 -112.22 493 62 330 330 2014 7 2 9 34 15 1 48
8 49 18 36.682 -112.07 493 61 330 330 2014 7 2 9 35 16 1 48
8 49 18 36.746 -111.92 494 62 330 330 2014 7 2 9 36 15 1 48
8 49 18 36.816 -111.78 487 59 330 330 2014 7 2 9 37 15 1 48
8 49 18 36.884 -111.63 484 58 330 330 2014 7 2 9 38 15 6 270
8 49 18 36.952 -111.49 481 59 330 330 2014 7 2 9 39 15 6 270
8 49 18 37.02 -111.35 481 59 330 330 2014 7 2 9 40 15 6 270
8 49 18 37.087 -111.2 481 59 330 330 2014 7 2 9 41 6 6 270
8 49 18 37.141 -111.09 483 59 330 330 2014 7 2 9 42 15 6 270
8 49 18 37.209 -110.95 483 59 330 330 2014 7 2 9 43 15 6 270
8 49 18 37.276 -110.8 483 59 330 330 2014 7 2 9 44 15 6 270
8 49 18 37.344 -110.65 484 59 330 330 2014 7 2 9 45 6 6 270
8 49 18 37.413 -110.51 488 59 330 330 2014 7 2 9 46 15 6 270
8 49 18 37.479 -110.36 488 59 330 330 2014 7 2 9 47 15 6 270
8 49 18 37.547 -110.21 488 59 330 330 2014 7 2 9 48 15 6 270
8 49 18 37.622 -110.05 488 60 330 330 2014 7 2 9 49 15 6 270
8 49 18 37.685 -109.9 488 59 330 330 2014 7 2 9 50 16 6 270
8 49 18 37.751 -109.76 488 60 330 330 2014 7 2 9 51 6 6 270
8 49 18 37.813 -109.62 482 60 330 330 2014 7 2 9 52 15 6 270
8 49 18 37.887 -109.46 481 60 330 330 2014 7 2 9 53 15 6 270
8 49 18 37.949 -109.31 481 60 330 330 2014 7 2 9 54 15 6 270
8 49 18 38.014 -109.17 481 60 330 330 2014 7 2 9 55 16 6 270
8 49 18 38.087 -109 483 60 330 330 2014 7 2 9 56 6 6 260
8 49 18 38.149 -108.86 483 60 330 330 2014 7 2 9 57 15 6 260
8 49 18 38.211 -108.72 482 60 330 330 2014 7 2 9 58 15 6 260
8 49 18 38.273 -108.57 483 60 330 330 2014 7 2 9 59 6 6 260
8 49 18 38.345 -108.41 483 61 330 330 2014 7 2 10 0 15 6 260
8 49 18 38.41 -108.26 484 61 330 330 2014 7 2 10 1 6 6 260
8 49 18 38.474 -108.11 484 60 330 330 2014 7 2 10 2 15 6 268
8 49 18 38.536 -107.96 476 61 330 330 2014 7 2 10 3 6 6 268
8 49 18 38.599 -107.81 476 61 330 330 2014 7 2 10 4 15 6 268
8 49 18 38.658 -107.67 477 61 330 270 2014 7 2 10 5 15 6 268
8 49 18 38.721 -107.52 477 61 330 270 2014 7 2 10 6 6 6 268
8 49 18 38.783 -107.38 476 61 330 270 2014 7 2 10 7 6 6 268
8 49 18 38.845 -107.22 477 61 330 270 2014 7 2 10 8 15 6 268
8 49 18 38.907 -107.07 477 61 330 170 2014 7 2 10 9 16 6 268
8 49 18 38.969 -106.92 477 61 330 170 2014 7 2 10 10 16 6 268
8 49 18 39.031 -106.77 477 61 330 170 2014 7 2 10 11 6 6 268
8 49 18 39.091 -106.62 477 62 328 170 2014 7 2 10 12 15 6 268
8 49 18 39.153 -106.47 477 62 309 170 2014 7 2 10 13 6 6 268
8 49 18 39.215 -106.32 484 62 281 170 2014 7 2 10 14 15 6 268
8 49 18 39.282 -106.15 498 62 253 170 2014 7 2 10 15 15 6 240
8 49 18 39.342 -106 480 62 224 170 2014 7 2 10 16 6 6 240
8 49 18 39.417 -105.82 453 62 191 170 2014 7 2 10 17 15 6 240
8 49 18 39.483 -105.65 435 62 171 170 2014 7 2 10 18 15 6 249
8 49 18 39.517 -105.56 431 62 170 170 2014 7 2 10 19 6 6 249
8 49 18 39.57 -105.43 424 64 163 170 2014 7 2 10 20 15 6 233
8 49 18 39.633 -105.25 413 63 160 170 2014 7 2 10 21 6 6 233
8 49 18 39.683 -105.13 372 63 158 170 2014 7 2 10 22 15 6 233
8 49 18 39.733 -105.02 332 63 147 170 2014 7 2 10 23 15 6 233
8 49 18 39.8 -104.93 326 51 130 170 2014 7 2 10 24 15 6 233
8 49 18 39.867 -104.88 313 30 111 170 2014 7 2 10 25 16 6 233
8 49 18 39.92 -104.85 303 29 100 170 2014 7 2 10 26 6 6 233
8 49 18 39.983 -104.78 271 33 74 170 2014 7 2 10 27 15 6 233
8 49 18 39.983 -104.7 222 83 70 170 2014 7 2 10 28 15 6 233
8 49 18 39.95 -104.67 201 129 70 170 2014 7 2 10 29 15 6 233
8 49 18 39.9 -104.67 152 181 62 170 2014 7 2 10 30 16 6 233
8 49 18 39.872 -104.66 140 180 57 170 2014 7 2 10 31 15 6 233
8 49 18 39.841 -104.66 131 180 55 170 2014 7 2 10 32 15 6 233
10 49 18 34.056 -117.6 158 0 9 370 2014 7 2 13 18 15 1 6
10 49 18 34.056 -117.63 175 0 20 370 2014 7 2 13 19 15 1 6
10 49 18 34.071 -117.7 208 269 43 370 2014 7 2 13 20 6 1 6
10 49 18 34.114 -117.76 231 280 69 370 2014 7 2 13 21 6 1 6
10 49 18 34.156 -117.82 239 330 94 370 2014 7 2 13 22 6 1 6
10 49 18 34.202 -117.9 268 309 113 370 2014 7 2 13 23 6 1 6
10 49 18 34.278 -117.92 336 308 129 370 2014 7 2 13 24 6 1 6
10 49 18 34.307 -117.82 323 326 156 370 2014 7 2 13 25 6 1 21
10 49 18 34.366 -117.71 331 41 185 370 2014 7 2 13 26 6 1 21
10 49 18 34.411 -117.63 343 63 203 370 2014 7 2 13 27 6 1 21
10 49 18 34.463 -117.53 343 57 203 370 2014 7 2 13 28 16 1 21
10 49 18 34.465 -117.52 359 57 224 370 2014 7 2 13 29 6 1 21
10 49 18 34.591 -117.29 385 57 261 370 2014 7 2 13 30 6 1 43
10 49 18 34.651 -117.17 399 57 279 370 2014 7 2 13 31 6 1 43
10 49 18 34.711 -117.06 403 57 293 370 2014 7 2 13 32 16 1 43
10 49 18 34.773 -116.94 415 57 305 370 2014 7 2 13 33 6 1 43
10 49 18 34.837 -116.81 427 57 316 370 2014 7 2 13 34 15 1 43
10 49 18 34.902 -116.69 434 57 327 370 2014 7 2 13 35 6 1 43
10 49 18 34.969 -116.57 437 57 336 370 2014 7 2 13 36 9 1 43
10 49 18 35.057 -116.46 446 53 346 370 2014 7 2 13 37 6 1 43
10 49 18 35.163 -116.32 448 50 356 370 2014 7 2 13 38 6 1 43
10 49 18 35.249 -116.21 449 45 363 370 2014 7 2 13 39 16 1 43
10 49 18 35.337 -116.1 456 45 369 370 2014 7 2 13 40 6 1 43
10 49 18 35.428 -115.99 461 45 370 370 2014 7 2 13 41 6 1 43
10 49 18 35.53 -115.86 468 45 370 370 2014 7 2 13 42 6 1 43
10 49 18 35.619 -115.75 467 45 370 370 2014 7 2 13 43 6 1 43
10 49 18 35.709 -115.63 469 45 370 370 2014 7 2 13 44 6 1 47
10 49 18 35.8 -115.52 469 46 370 370 2014 7 2 13 45 6 1 47
10 49 18 35.889 -115.4 469 45 370 370 2014 7 2 13 46 15 1 47
10 49 18 35.98 -115.29 470 45 370 370 2014 7 2 13 47 6 1 47
10 49 18 36.07 -115.17 470 45 370 370 2014 7 2 13 48 6 1 47
10 49 18 36.131 -114.99 479 46 370 370 2014 7 2 13 49 6 1 47
10 49 18 36.178 -114.84 479 57 370 370 2014 7 2 13 50 6 1 47
10 49 18 36.224 -114.69 479 67 370 370 2014 7 2 13 51 6 1 47
10 49 18 36.273 -114.53 479 69 370 370 2014 7 2 13 52 16 1 47
10 49 18 36.318 -114.38 479 68 370 370 2014 7 2 13 53 16 1 47
10 49 18 36.365 -114.22 479 69 370 370 2014 7 2 13 54 6 1 49
10 49 18 36.422 -114.04 479 69 370 370 2014 7 2 13 55 16 1 49
10 49 18 36.466 -113.88 479 69 370 370 2014 7 2 13 56 6 1 49
10 49 18 36.512 -113.73 478 69 370 370 2014 7 2 13 57 6 1 49
10 49 18 36.561 -113.56 478 70 370 370 2014 7 2 13 58 15 1 49
10 49 18 36.607 -113.41 479 69 370 370 2014 7 2 13 59 6 1 49
10 49 18 36.624 -113.35 476 69 370 370 2014 7 2 14 0 6 1 49
10 49 18 36.669 -113.19 480 69 370 370 2014 7 2 14 1 6 1 49
10 49 18 36.729 -113.01 480 70 370 370 2014 7 2 14 2 6 1 49
10 49 18 36.782 -112.86 478 65 370 370 2014 7 2 14 3 6 1 49
10 49 18 36.833 -112.71 474 66 370 370 2014 7 2 14 4 6 1 49
10 49 18 36.884 -112.56 473 66 370 370 2014 7 2 14 5 16 1 49
10 49 18 36.936 -112.41 473 66 370 370 2014 7 2 14 6 6 1 49
10 49 18 36.987 -112.27 472 66 370 370 2014 7 2 14 7 6 1 49
10 49 18 37.047 -112.09 471 67 370 370 2014 7 2 14 8 16 1 49
10 49 18 37.097 -111.94 468 66 370 370 2014 7 2 14 9 6 1 49
10 49 18 37.146 -111.79 466 67 370 370 2014 7 2 14 10 16 1 49
10 49 18 37.196 -111.64 466 67 370 370 2014 7 2 14 11 7 6 269
10 49 18 37.246 -111.49 467 67 370 370 2014 7 2 14 12 6 6 269
10 49 18 37.296 -111.34 468 67 370 370 2014 7 2 14 13 6 6 269
10 49 18 37.347 -111.19 468 67 370 370 2014 7 2 14 14 16 6 269
10 49 18 37.406 -111 469 67 370 370 2014 7 2 14 15 15 6 269
10 49 18 37.454 -110.85 469 67 370 370 2014 7 2 14 16 16 6 269
10 49 18 37.505 -110.7 469 67 370 370 2014 7 2 14 17 16 6 269
10 49 18 37.566 -110.56 469 61 370 370 2014 7 2 14 18 16 6 269
10 49 18 37.553 -110.55 469 65 370 370 2014 7 2 14 19 7 6 269
10 49 18 37.601 -110.4 468 67 370 370 2014 7 2 14 20 16 6 269
10 49 18 37.655 -110.23 467 67 370 370 2014 7 2 14 21 6 6 269
10 49 18 37.7 -110.08 466 68 370 370 2014 7 2 14 22 16 6 269
10 49 18 37.8 -109.77 466 68 370 370 2014 7 2 14 23 15 6 269
10 49 18 37.862 -109.63 466 61 370 370 2014 7 2 14 24 15 6 269
10 49 18 37.845 -109.62 466 65 370 370 2014 7 2 14 25 16 6 269
10 49 18 37.898 -109.45 466 68 370 370 2014 7 2 14 26 6 6 269
10 49 18 37.943 -109.31 466 68 370 370 2014 7 2 14 27 6 6 269
10 49 18 37.994 -109.14 466 68 370 370 2014 7 2 14 28 6 6 269
10 49 18 38.039 -108.99 460 68 370 370 2014 7 2 14 29 6 6 254
10 49 18 38.089 -108.82 458 65 370 370 2014 7 2 14 30 16 6 254
10 49 18 38.133 -108.68 458 68 370 370 2014 7 2 14 31 6 6 254
10 49 18 38.184 -108.51 459 66 370 370 2014 7 2 14 32 16 6 254
10 49 18 38.226 -108.36 459 69 370 370 2014 7 2 14 33 16 6 254
10 49 18 38.278 -108.19 461 69 370 370 2014 7 2 14 34 16 6 254
10 49 18 38.32 -108.04 461 69 370 370 2014 7 2 14 35 6 6 254
10 49 18 38.368 -107.88 462 65 370 360 2014 7 2 14 36 6 6 253
10 49 18 38.415 -107.72 462 65 364 270 2014 7 2 14 37 16 6 253
10 49 18 38.463 -107.57 465 69 355 270 2014 7 2 14 38 6 6 268
10 49 18 38.525 -107.43 446 64 344 270 2014 7 2 14 39 6 6 268
10 49 18 38.585 -107.3 437 63 334 270 2014 7 2 14 40 6 6 268
10 49 18 38.644 -107.16 436 59 324 270 2014 7 2 14 41 6 6 268
10 49 18 38.709 -107.03 436 57 324 270 2014 7 2 14 42 6 6 268
10 49 18 38.773 -106.88 414 60 301 270 2014 7 2 14 43 6 6 268
10 49 18 38.829 -106.76 410 59 291 270 2014 7 2 14 44 6 6 268
10 49 18 38.891 -106.63 410 56 291 270 2014 7 2 14 45 6 6 268
10 49 18 38.937 -106.52 396 60 271 270 2014 7 2 14 46 11 6 268
10 49 18 38.937 -106.52 396 60 271 270 2014 7 2 14 47 6 6 268
10 49 18 38.993 -106.39 392 60 270 270 2014 7 2 14 48 6 6 268
10 49 18 39.047 -106.27 402 59 265 270 2014 7 2 14 49 6 6 240
10 49 18 39.108 -106.13 407 58 254 270 2014 7 2 14 50 6 6 240
10 49 18 39.171 -106.01 407 55 254 270 2014 7 2 14 51 6 6 240
10 49 18 39.234 -105.89 407 56 254 270 2014 7 2 14 52 16 6 240
10 49 18 39.297 -105.77 407 56 254 270 2014 7 2 14 53 6 6 240
10 49 18 39.333 -105.62 383 59 212 270 2014 7 2 14 54 7 6 240
10 49 18 39.433 -105.42 329 59 194 270 2014 7 2 14 55 16 6 233
10 49 18 39.44 -105.39 336 57 192 270 2014 7 2 14 56 6 6 233
10 49 18 39.533 -105.23 326 55 173 270 2014 7 2 14 57 16 6 233
10 49 18 39.545 -105.2 327 52 170 270 2014 7 2 14 58 6 6 233
10 49 18 39.595 -105.1 325 60 171 270 2014 7 2 14 59 6 6 233
10 49 18 39.649 -105 321 52 156 270 2014 7 2 15 0 6 6 233
10 49 18 39.697 -104.9 312 56 141 270 2014 7 2 15 1 6 6 233
10 49 18 39.762 -104.84 300 52 127 270 2014 7 2 15 2 6 6 233
10 49 18 39.883 -104.83 278 0 112 270 2014 7 2 15 3 16 6 233
10 49 18 39.967 -104.83 260 0 107 270 2014 7 2 15 4 6 6 233
10 49 18 40.033 -104.83 258 359 100 270 2014 7 2 15 5 6 6 233
10 49 18 40.075 -104.84 260 0 100 270 2014 7 2 15 6 6 6 233
10 49 18 40.167 -104.83 220 0 100 270 2014 7 2 15 7 6 6 233
10 49 18 40.217 -104.83 214 0 99 270 2014 7 2 15 8 16 6 233
10 49 18 40.238 -104.78 209 0 91 270 2014 7 2 15 9 6 6 233
10 49 18 40.213 -104.73 190 71 80 270 2014 7 2 15 10 6 6 233
10 49 18 40.169 -104.7 179 131 81 270 2014 7 2 15 11 6 6 233
10 49 18 40.119 -104.68 178 159 80 270 2014 7 2 15 12 6 6 233
10 49 18 40.069 -104.69 177 169 80 270 2014 7 2 15 13 6 6 233
10 49 18 40.05 -104.68 176 180 79 270 2014 7 2 15 14 6 6 233
10 49 18 40.017 -104.68 183 180 74 270 2014 7 2 15 15 6 6 233
10 49 18 39.919 -104.69 159 180 59 270 2014 7 2 15 16 6 6 233
10 49 18 39.878 -104.69 155 180 54 270 2014 7 2 15 17 6 6 233
11 49 18 34.056 -117.6 150 0 9 390 2014 7 3 23 46 6 1 6
11 49 18 34.054 -117.69 195 0 35 390 2014 7 3 23 47 6 1 6
11 49 18 34.069 -117.77 253 317 54 390 2014 7 3 23 48 6 1 6
11 49 18 34.125 -117.84 286 275 85 390 2014 7 3 23 49 6 1 6
11 49 18 34.196 -117.92 296 331 121 390 2014 7 3 23 50 6 1 6
11 49 18 34.273 -117.9 322 314 150 390 2014 7 3 23 51 6 1 21
11 49 18 34.337 -117.82 339 306 167 390 2014 7 3 23 52 6 1 21
11 49 18 34.409 -117.7 396 32 189 390 2014 7 3 23 53 6 1 21
11 49 18 34.48 -117.6 398 18 210 390 2014 7 3 23 54 6 1 22
11 49 18 34.556 -117.49 426 50 216 390 2014 7 3 23 55 6 1 22
11 49 18 34.632 -117.38 432 50 230 390 2014 7 3 23 56 7 1 22
11 49 18 34.724 -117.24 441 50 240 390 2014 7 3 23 57 6 1 43
11 49 18 34.801 -117.12 445 50 244 390 2014 7 3 23 58 6 1 43
11 49 18 34.881 -117 455 50 251 390 2014 7 3 23 59 6 1 43
11 49 18 34.962 -116.88 467 50 266 390 2014 7 4 0 0 6 1 43
11 49 18 35.064 -116.73 480 50 287 390 2014 7 4 0 1 9 1 43
11 49 18 35.146 -116.6 480 50 290 390 2014 7 4 0 2 6 1 43
11 49 18 35.229 -116.48 479 51 305 390 2014 7 4 0 3 6 1 43
11 49 18 35.311 -116.35 476 51 315 390 2014 7 4 0 4 6 1 43
11 49 18 35.39 -116.23 473 50 330 390 2014 7 4 0 5 6 1 43
11 49 18 35.472 -116.1 473 51 330 390 2014 7 4 0 6 6 1 43
11 49 18 35.569 -115.95 473 51 330 390 2014 7 4 0 7 6 1 43
11 49 18 35.651 -115.83 473 51 330 390 2014 7 4 0 8 6 1 47
11 49 18 35.733 -115.71 460 50 330 390 2014 7 4 0 9 6 1 47
11 49 18 35.812 -115.58 460 51 330 390 2014 7 4 0 10 6 1 47
11 49 18 35.834 -115.6 480 50 330 390 2014 7 4 0 11 6 1 47
11 49 18 36.051 -115.37 473 40 355 390 2014 7 4 0 12 6 1 47
11 49 18 36.111 -115.23 473 62 355 390 2014 7 4 0 13 6 1 47
11 49 18 36.115 -115.23 483 47 365 390 2014 7 4 0 14 8 1 47
11 49 18 36.168 -115.07 488 54 375 390 2014 7 4 0 15 7 1 47
11 49 18 36.221 -114.92 489 63 387 390 2014 7 4 0 16 6 1 47
11 49 18 36.284 -114.74 486 66 390 390 2014 7 4 0 17 6 1 47
11 49 18 36.336 -114.59 484 66 390 390 2014 7 4 0 18 6 1 47
11 49 18 36.387 -114.43 482 66 390 390 2014 7 4 0 19 6 1 49
11 49 18 36.438 -114.28 481 66 390 390 2014 7 4 0 20 6 1 49
11 49 18 36.489 -114.13 480 65 390 390 2014 7 4 0 21 6 1 49
11 49 18 36.542 -113.97 480 67 390 390 2014 7 4 0 22 6 1 49
11 49 18 36.594 -113.82 479 67 391 390 2014 7 4 0 23 6 1 49
11 49 18 36.653 -113.64 478 65 390 390 2014 7 4 0 24 6 1 49
11 49 18 36.705 -113.49 477 67 390 390 2014 7 4 0 25 6 1 49
11 49 18 36.754 -113.33 477 67 390 390 2014 7 4 0 26 6 1 49
11 49 18 36.803 -113.18 477 67 390 390 2014 7 4 0 27 6 1 49
11 49 18 36.852 -113.03 477 67 390 390 2014 7 4 0 28 6 1 49
11 49 18 36.912 -112.85 476 67 390 390 2014 7 4 0 29 6 1 49
11 49 18 36.961 -112.69 477 67 390 390 2014 7 4 0 30 6 1 49
11 49 18 37.011 -112.54 477 67 390 390 2014 7 4 0 31 6 1 49
11 49 18 37.06 -112.39 477 68 390 390 2014 7 4 0 32 6 1 49
11 49 18 37.109 -112.23 477 68 390 390 2014 7 4 0 33 6 1 49
11 49 18 37.148 -112.11 478 68 390 390 2014 7 4 0 34 6 1 49
11 49 18 37.196 -111.95 479 68 390 390 2014 7 4 0 35 6 1 49
11 49 18 37.261 -111.74 477 68 390 390 2014 7 4 0 36 6 6 269
11 49 18 37.293 -111.65 478 68 390 390 2014 7 4 0 37 6 6 269
11 49 18 37.341 -111.49 477 68 390 390 2014 7 4 0 38 6 6 269
11 49 18 37.396 -111.3 478 68 390 390 2014 7 4 0 39 6 6 269
11 49 18 37.444 -111.15 478 68 390 390 2014 7 4 0 40 6 6 269
11 49 18 37.493 -110.99 478 70 390 390 2014 7 4 0 41 7 6 269
11 49 18 37.537 -110.83 479 68 391 390 2014 7 4 0 42 6 6 269
11 49 18 37.587 -110.68 478 70 390 390 2014 7 4 0 43 6 6 269
11 49 18 37.675 -110.56 475 56 390 390 2014 7 4 0 44 6 6 269
11 49 18 37.786 -110.44 476 38 390 390 2014 7 4 0 45 6 6 269
11 49 18 37.898 -110.32 472 39 390 390 2014 7 4 0 46 6 6 269
11 49 18 37.995 -110.22 475 221 390 390 2014 7 4 0 47 6 6 269
11 49 18 38.096 -110.11 472 41 390 390 2014 7 4 0 48 6 6 269
11 49 18 38.095 -110.11 472 39 390 370 2014 7 4 0 49 6 6 269
11 49 18 38.216 -109.98 473 39 375 370 2014 7 4 0 50 6 6 278
11 49 18 38.314 -109.87 469 40 370 370 2014 7 4 0 51 6 6 278
11 49 18 38.411 -109.77 470 40 370 370 2014 7 4 0 52 6 6 278
11 49 18 38.494 -109.68 471 40 370 370 2014 7 4 0 53 6 6 278
11 49 18 38.716 -109.44 472 41 367 360 2014 7 4 0 54 6 6 278
11 49 18 38.733 -109.42 475 39 365 360 2014 7 4 0 55 6 6 278
11 49 18 38.831 -109.31 471 40 360 360 2014 7 4 0 56 6 6 278
11 49 18 38.935 -109.2 459 40 360 350 2014 7 4 0 57 6 6 278
11 49 18 39.034 -109.09 463 40 359 350 2014 7 4 0 58 15 6 278
11 49 18 39.132 -108.98 464 40 354 350 2014 7 4 0 59 6 6 278
11 49 18 39.238 -108.86 465 40 350 350 2014 7 4 1 0 6 6 279
11 49 18 39.338 -108.75 467 40 350 350 2014 7 4 1 1 7 6 279
11 49 18 39.444 -108.63 467 40 350 350 2014 7 4 1 2 16 6 279
11 49 18 39.54 -108.52 467 41 350 350 2014 7 4 1 3 6 6 279
11 49 18 39.612 -108.38 473 53 350 350 2014 7 4 1 4 6 6 279
11 49 18 39.681 -108.25 479 56 350 350 2014 7 4 1 5 6 6 279
11 49 18 39.766 -108.08 476 56 349 330 2014 7 4 1 6 6 6 279
11 49 18 39.838 -107.93 482 56 340 330 2014 7 4 1 7 6 6 279
11 49 18 39.901 -107.78 487 72 330 330 2014 7 4 1 8 6 6 279
11 49 18 39.94 -107.61 489 61 330 330 2014 7 4 1 9 6 6 279
11 49 18 39.987 -107.42 489 67 330 330 2014 7 4 1 10 13 6 279
11 49 18 40.028 -107.26 489 78 330 330 2014 7 4 1 11 6 6 279
11 49 18 40.066 -107.1 489 71 330 330 2014 7 4 1 12 6 6 279
11 49 18 40.115 -106.89 489 72 330 330 2014 7 4 1 13 6 6 277
11 49 18 40.157 -106.72 490 72 330 330 2014 7 4 1 14 6 6 274
11 49 18 40.196 -106.55 490 72 330 330 2014 7 4 1 15 6 6 274
11 49 18 40.167 -106.38 490 102 330 330 2014 7 4 1 16 6 6 274
11 49 18 40.277 -106.21 489 72 304 330 2014 7 4 1 17 6 6 274
11 49 18 40.318 -106.03 475 72 278 330 2014 7 4 1 18 6 6 274
11 49 18 40.266 -105.87 475 113 278 330 2014 7 4 1 19 16 6 274
11 49 18 40.355 -105.87 464 85 256 330 2014 7 4 1 20 6 6 245
11 49 18 40.39 -105.72 448 72 239 330 2014 7 4 1 21 6 6 245
11 49 18 40.365 -105.41 406 95 209 330 2014 7 4 1 22 6 6 245
11 49 18 40.367 -105.42 386 90 210 330 2014 7 4 1 23 6 6 245
11 49 18 40.217 -105.28 347 141 186 330 2014 7 4 1 24 6 6 233
11 49 18 40.212 -105.25 347 148 184 330 2014 7 4 1 25 6 6 233
11 49 18 40.117 -105.07 345 126 168 330 2014 7 4 1 26 6 6 233
11 49 18 40.05 -104.98 342 127 159 330 2014 7 4 1 27 6 6 233
11 49 18 40 -104.88 332 127 144 330 2014 7 4 1 28 6 6 233
11 49 18 39.979 -104.85 334 123 138 330 2014 7 4 1 29 6 6 233
11 49 18 39.833 -104.8 303 157 114 330 2014 7 4 1 30 6 6 233
11 49 18 39.767 -104.82 262 180 108 330 2014 7 4 1 31 7 6 233
11 49 18 39.7 -104.82 258 180 97 330 2014 7 4 1 32 6 6 233
11 49 18 39.683 -104.73 237 160 88 330 2014 7 4 1 33 6 6 233
11 49 18 39.675 -104.69 236 104 86 330 2014 7 4 1 34 7 6 233
11 49 18 39.733 -104.67 194 28 71 330 2014 7 4 1 35 6 6 233
11 49 18 39.783 -104.67 152 0 63 330 2014 7 4 1 36 6 6 233
11 49 18 39.812 -104.66 149 0 58 330 2014 7 4 1 37 6 6 233
12 49 18 34.033 -117.55 189 0 38 330 2014 7 3 8 49 16 1 6
12 49 18 34.014 -117.57 193 118 45 330 2014 7 3 8 50 15 1 6
12 49 18 34.03 -117.65 219 148 62 330 2014 7 3 8 51 15 1 6
12 49 18 34.062 -117.73 266 267 92 330 2014 7 3 8 52 15 1 2
12 49 18 34.104 -117.82 299 289 118 330 2014 7 3 8 53 15 1 6
12 49 18 34.182 -117.87 342 297 143 330 2014 7 3 8 54 15 1 21
12 49 18 34.259 -117.78 400 316 154 330 2014 7 3 8 55 15 1 21
12 49 18 34.332 -117.67 421 326 178 330 2014 7 3 8 56 6 1 21
12 49 18 34.4 -117.58 439 47 192 330 2014 7 3 8 57 6 1 21
12 49 18 34.483 -117.46 453 50 216 330 2014 7 3 8 58 15 1 21
12 49 18 34.566 -117.34 467 48 237 330 2014 7 3 8 59 15 1 21
12 49 18 34.664 -117.19 479 49 258 330 2014 7 3 9 0 16 1 43
12 49 18 34.747 -117.07 479 50 280 330 2014 7 3 9 1 6 1 43
12 49 18 34.829 -116.95 473 51 301 330 2014 7 3 9 2 15 1 43
12 49 18 34.91 -116.82 471 50 316 330 2014 7 3 9 3 15 1 43
12 49 18 34.994 -116.7 471 50 327 330 2014 7 3 9 4 15 1 43
12 49 18 35.072 -116.58 473 51 330 330 2014 7 3 9 5 6 1 43
12 49 18 35.161 -116.44 478 51 330 330 2014 7 3 9 6 6 1 43
12 49 18 35.246 -116.31 485 51 330 330 2014 7 3 9 7 6 1 43
12 49 18 35.33 -116.18 486 51 330 330 2014 7 3 9 8 15 1 43
12 49 18 35.415 -116.05 490 51 330 330 2014 7 3 9 9 16 1 43
12 49 18 35.499 -115.92 489 51 330 330 2014 7 3 9 10 15 1 43
12 49 18 35.583 -115.79 487 51 330 330 2014 7 3 9 11 15 1 43
12 49 18 35.666 -115.66 487 51 330 330 2014 7 3 9 12 15 1 47
12 49 18 35.749 -115.53 486 51 330 330 2014 7 3 9 13 6 1 47
12 49 18 35.832 -115.4 486 52 330 330 2014 7 3 9 14 6 1 47
12 49 18 35.914 -115.27 485 51 330 330 2014 7 3 9 15 6 1 47
12 49 18 35.996 -115.14 485 51 330 330 2014 7 3 9 16 6 1 47
12 49 18 36.091 -114.98 487 52 330 330 2014 7 3 9 17 15 1 47
12 49 18 36.174 -114.85 487 52 330 330 2014 7 3 9 18 15 1 47
12 49 18 36.238 -114.7 500 60 330 330 2014 7 3 9 19 6 1 47
12 49 18 36.301 -114.55 492 62 330 330 2014 7 3 9 20 15 1 47
12 49 18 36.363 -114.4 491 62 330 330 2014 7 3 9 21 16 1 47
12 49 18 36.415 -114.28 491 62 330 330 2014 7 3 9 22 6 1 48
12 49 18 36.478 -114.13 491 62 330 330 2014 7 3 9 23 15 1 48
12 49 18 36.543 -113.97 491 62 330 330 2014 7 3 9 24 15 1 48
12 49 18 36.605 -113.82 491 62 330 330 2014 7 3 9 25 15 1 48
12 49 18 36.667 -113.67 492 62 330 330 2014 7 3 9 26 16 1 48
12 49 18 36.74 -113.49 493 63 330 330 2014 7 3 9 27 16 1 48
12 49 18 36.802 -113.34 496 62 330 330 2014 7 3 9 28 15 1 48
12 49 18 36.862 -113.19 495 62 330 330 2014 7 3 9 29 15 1 48
12 49 18 36.926 -113.03 496 62 330 330 2014 7 3 9 30 15 1 48
12 49 18 36.988 -112.88 500 63 330 330 2014 7 3 9 31 15 1 48
12 49 18 37.049 -112.72 500 63 330 330 2014 7 3 9 32 6 1 48
12 49 18 37.111 -112.57 500 63 330 330 2014 7 3 9 33 6 1 48
12 49 18 37.174 -112.41 500 63 330 330 2014 7 3 9 34 15 1 48
12 49 18 37.235 -112.26 500 64 330 330 2014 7 3 9 35 15 1 48
12 49 18 37.296 -112.1 500 63 330 330 2014 7 3 9 36 15 1 48
12 49 18 37.356 -111.95 499 63 330 330 2014 7 3 9 37 16 1 48
12 49 18 37.417 -111.79 500 63 330 330 2014 7 3 9 38 15 6 270
12 49 18 37.477 -111.63 500 64 330 330 2014 7 3 9 39 6 6 270
12 49 18 37.537 -111.48 499 64 330 330 2014 7 3 9 40 15 6 270
12 49 18 37.597 -111.32 499 64 330 330 2014 7 3 9 41 6 6 270
12 49 18 37.644 -111.2 498 64 330 330 2014 7 3 9 42 16 6 270
12 49 18 37.703 -111.04 498 64 330 330 2014 7 3 9 43 15 6 270
12 49 18 37.762 -110.88 498 64 330 330 2014 7 3 9 44 15 6 270
12 49 18 37.821 -110.73 497 64 330 330 2014 7 3 9 45 15 6 270
12 49 18 37.88 -110.57 497 64 330 330 2014 7 3 9 46 15 6 270
12 49 18 37.938 -110.41 500 64 330 330 2014 7 3 9 47 15 6 270
12 49 18 37.995 -110.26 499 64 330 330 2014 7 3 9 48 15 6 270
12 49 18 38.055 -110.09 500 64 330 330 2014 7 3 9 49 15 6 270
12 49 18 38.115 -109.93 500 64 330 330 2014 7 3 9 50 15 6 270
12 49 18 38.173 -109.77 503 64 330 330 2014 7 3 9 51 6 6 270
12 49 18 38.229 -109.61 503 78 330 330 2014 7 3 9 52 6 6 278
12 49 18 38.293 -109.43 504 65 330 330 2014 7 3 9 53 15 6 278
12 49 18 38.348 -109.27 503 65 330 330 2014 7 3 9 54 6 6 278
12 49 18 38.407 -109.11 505 65 330 330 2014 7 3 9 55 15 6 278
12 49 18 38.468 -108.94 495 65 330 330 2014 7 3 9 56 16 6 278
12 49 18 38.522 -108.78 480 65 330 330 2014 7 3 9 57 6 6 278
12 49 18 38.576 -108.63 481 65 330 330 2014 7 3 9 58 15 6 278
12 49 18 38.629 -108.47 485 65 330 330 2014 7 3 9 59 15 6 278
12 49 18 38.684 -108.32 483 66 330 330 2014 7 3 10 0 15 6 278
12 49 18 38.737 -108.16 483 66 330 330 2014 7 3 10 1 15 6 278
12 49 18 38.788 -108 478 66 330 330 2014 7 3 10 2 6 6 278
12 49 18 38.84 -107.86 477 66 330 330 2014 7 3 10 3 15 6 278
12 49 18 38.892 -107.7 481 66 330 330 2014 7 3 10 4 6 6 278
12 49 18 38.946 -107.54 481 66 330 330 2014 7 3 10 5 16 6 278
12 49 18 38.998 -107.38 481 66 330 330 2014 7 3 10 6 6 6 278
12 49 18 39.051 -107.23 481 66 330 330 2014 7 3 10 7 15 6 278
12 49 18 39.102 -107.07 480 66 330 330 2014 7 3 10 8 15 6 278
12 49 18 39.153 -106.91 480 66 329 330 2014 7 3 10 9 6 6 278
12 49 18 39.206 -106.76 480 67 317 330 2014 7 3 10 10 6 6 277
12 49 18 39.257 -106.6 487 66 303 330 2014 7 3 10 11 15 6 277
12 49 18 39.309 -106.44 487 66 285 330 2014 7 3 10 12 6 6 277
12 49 18 39.361 -106.28 486 67 266 330 2014 7 3 10 13 15 6 240
12 49 18 39.421 -106.09 475 67 244 330 2014 7 3 10 14 16 6 240
12 49 18 39.483 -105.9 466 67 221 330 2014 7 3 10 15 15 6 249
12 49 18 39.533 -105.75 458 67 202 330 2014 7 3 10 16 15 6 249
12 49 18 39.583 -105.6 440 67 184 330 2014 7 3 10 17 15 6 249
12 49 18 39.617 -105.45 429 68 170 330 2014 7 3 10 18 15 6 233
12 49 18 39.667 -105.32 427 67 165 330 2014 7 3 10 19 15 6 233
12 49 18 39.717 -105.17 416 68 144 330 2014 7 3 10 20 16 6 233
12 49 18 39.75 -105.03 379 68 129 330 2014 7 3 10 21 15 6 233
12 49 18 39.782 -104.96 335 71 119 330 2014 7 3 10 22 16 6 233
12 49 18 39.85 -104.87 301 47 97 330 2014 7 3 10 23 15 6 233
12 49 18 39.896 -104.8 299 45 81 330 2014 7 3 10 24 16 6 233
12 49 18 39.967 -104.75 233 25 75 330 2014 7 3 10 25 16 6 233
12 49 18 39.967 -104.75 233 25 75 330 2014 7 3 10 26 6 6 233
12 49 18 39.961 -104.66 163 71 69 330 2014 7 3 10 27 6 6 233
12 49 18 39.9 -104.67 153 178 63 330 2014 7 3 10 28 15 6 233
12 49 18 39.877 -104.66 151 180 57 330 2014 7 3 10 29 6 6 233
13 49 18 34.056 -117.6 149 0 9 330 2014 7 3 13 19 6 1 6
13 49 18 34.052 -117.7 209 263 36 330 2014 7 3 13 20 6 1 6
13 49 18 34.074 -117.77 226 270 58 330 2014 7 3 13 21 6 1 6
13 49 18 34.126 -117.83 252 291 73 330 2014 7 3 13 22 6 1 6
13 49 18 34.181 -117.89 275 348 94 330 2014 7 3 13 23 6 1 6
13 49 18 34.226 -117.82 275 53 94 330 2014 7 3 13 24 6 1 6
13 49 18 34.236 -117.97 286 343 111 330 2014 7 3 13 25 6 1 6
13 49 18 34.31 -118.01 311 314 127 330 2014 7 3 13 26 6 1 6
13 49 18 34.363 -117.93 311 324 143 330 2014 7 3 13 27 6 1 21
13 49 18 34.452 -117.72 340 57 168 330 2014 7 3 13 28 16 1 21
13 49 18 34.452 -117.72 340 57 168 330 2014 7 3 13 29 6 1 21
13 49 18 34.5 -117.62 361 62 179 330 2014 7 3 13 30 6 1 22
13 49 18 34.548 -117.51 369 61 192 330 2014 7 3 13 31 8 1 22
13 49 18 34.597 -117.4 369 61 202 330 2014 7 3 13 32 6 1 22
13 49 18 34.648 -117.28 377 61 211 330 2014 7 3 13 33 6 1 22
13 49 18 34.709 -117.15 387 61 221 330 2014 7 3 13 34 6 1 22
13 49 18 34.761 -117.03 389 61 232 330 2014 7 3 13 35 6 1 22
13 49 18 34.812 -116.92 390 61 238 330 2014 7 3 13 36 6 1 22
13 49 18 34.864 -116.8 391 61 245 330 2014 7 3 13 37 6 1 43
13 49 18 34.916 -116.68 396 61 251 330 2014 7 3 13 38 6 1 43
13 49 18 34.972 -116.56 404 61 257 330 2014 7 3 13 39 6 1 43
13 49 18 35.052 -116.46 408 55 262 330 2014 7 3 13 40 6 1 43
13 49 18 35.131 -116.36 408 52 267 330 2014 7 3 13 41 6 1 43
13 49 18 35.212 -116.26 411 45 272 330 2014 7 3 13 42 16 1 43
13 49 18 35.309 -116.14 419 45 278 330 2014 7 3 13 43 6 1 43
13 49 18 35.391 -116.04 419 45 281 330 2014 7 3 13 44 6 1 43
13 49 18 35.474 -115.93 427 45 285 330 2014 7 3 13 45 6 1 43
13 49 18 35.558 -115.83 425 45 291 330 2014 7 3 13 46 6 1 43
13 49 18 35.632 -115.71 428 19 294 330 2014 7 3 13 47 6 1 47
13 49 18 35.684 -115.58 432 48 298 330 2014 7 3 13 48 6 1 47
13 49 18 35.737 -115.45 432 57 301 330 2014 7 3 13 49 6 1 47
13 49 18 35.789 -115.32 433 63 304 330 2014 7 3 13 50 6 1 47
13 49 18 35.849 -115.16 428 63 307 330 2014 7 3 13 51 6 1 47
13 49 18 35.902 -115.02 432 64 310 330 2014 7 3 13 52 15 1 47
13 49 18 35.954 -114.89 434 63 313 330 2014 7 3 13 53 6 1 47
13 49 18 36.007 -114.75 435 64 316 330 2014 7 3 13 54 6 1 47
13 49 18 36.058 -114.62 436 64 320 330 2014 7 3 13 55 6 1 47
13 49 18 36.109 -114.48 436 64 324 330 2014 7 3 13 56 6 1 47
13 49 18 36.17 -114.32 434 64 329 330 2014 7 3 13 57 6 1 47
13 49 18 36.221 -114.19 434 63 330 330 2014 7 3 13 58 6 1 47
13 49 18 36.272 -114.05 437 63 330 330 2014 7 3 13 59 6 1 48
13 49 18 36.325 -113.91 443 64 330 330 2014 7 3 14 0 6 1 48
13 49 18 36.377 -113.77 446 64 330 330 2014 7 3 14 1 6 1 48
13 49 18 36.429 -113.63 454 64 330 330 2014 7 3 14 2 6 1 48
13 49 18 36.483 -113.49 454 65 330 330 2014 7 3 14 3 6 1 48
13 49 18 36.539 -113.33 454 65 330 330 2014 7 3 14 4 6 1 48
13 49 18 36.592 -113.19 454 65 330 330 2014 7 3 14 5 6 1 48
13 49 18 36.643 -113.05 454 65 330 330 2014 7 3 14 6 7 1 48
13 49 18 36.663 -112.99 452 65 330 330 2014 7 3 14 7 6 1 48
13 49 18 36.714 -112.85 452 65 330 330 2014 7 3 14 8 6 1 48
13 49 18 36.806 -112.6 451 65 330 330 2014 7 3 14 9 6 1 48
13 49 18 36.825 -112.54 449 65 330 330 2014 7 3 14 10 6 1 48
13 49 18 36.876 -112.4 449 65 330 330 2014 7 3 14 11 6 1 48
13 49 18 36.927 -112.26 449 65 330 330 2014 7 3 14 12 6 1 48
13 49 18 36.979 -112.11 451 66 330 330 2014 7 3 14 13 6 1 48
13 49 18 37.029 -111.97 454 66 330 330 2014 7 3 14 14 6 1 48
13 49 18 37.09 -111.8 454 66 330 330 2014 7 3 14 15 6 1 48
13 49 18 37.141 -111.65 456 66 330 330 2014 7 3 14 16 6 6 270
13 49 18 37.192 -111.5 458 66 330 330 2014 7 3 14 17 6 6 270
13 49 18 37.242 -111.36 458 66 330 330 2014 7 3 14 18 6 6 270
13 49 18 37.282 -111.24 459 66 330 330 2014 7 3 14 19 6 6 270
13 49 18 37.342 -111.06 458 64 330 330 2014 7 3 14 20 6 6 270
13 49 18 37.392 -110.92 458 68 330 330 2014 7 3 14 21 6 6 270
13 49 18 37.451 -110.74 459 66 330 330 2014 7 3 14 22 6 6 270
13 49 18 37.512 -110.6 459 61 330 330 2014 7 3 14 23 6 6 270
13 49 18 37.55 -110.44 460 66 330 330 2014 7 3 14 24 6 6 270
13 49 18 37.598 -110.3 460 67 330 330 2014 7 3 14 25 6 6 270
13 49 18 37.654 -110.13 462 65 330 330 2014 7 3 14 26 6 6 270
13 49 18 37.701 -109.99 462 67 330 330 2014 7 3 14 27 7 6 270
13 49 18 37.755 -109.82 461 67 330 330 2014 7 3 14 28 6 6 270
13 49 18 37.802 -109.68 461 67 330 330 2014 7 3 14 29 6 6 270
13 49 18 37.864 -109.54 461 60 330 330 2014 7 3 14 30 6 6 270
13 49 18 37.855 -109.51 461 65 330 330 2014 7 3 14 31 6 6 270
13 49 18 37.956 -109.2 461 67 330 330 2014 7 3 14 32 6 6 270
13 49 18 38.019 -109.06 461 60 330 330 2014 7 3 14 33 6 6 270
13 49 18 38.001 -109.05 462 65 330 330 2014 7 3 14 34 6 6 260
13 49 18 38.055 -108.88 460 68 330 330 2014 7 3 14 35 6 6 260
13 49 18 38.099 -108.74 460 68 330 330 2014 7 3 14 36 6 6 260
13 49 18 38.144 -108.6 460 65 330 330 2014 7 3 14 37 6 6 260
13 49 18 38.199 -108.43 460 65 330 330 2014 7 3 14 38 6 6 260
13 49 18 38.256 -108.29 461 67 330 330 2014 7 3 14 39 6 6 260
13 49 18 38.323 -108.13 460 65 330 330 2014 7 3 14 40 6 6 260
13 49 18 38.385 -107.99 453 60 330 270 2014 7 3 14 41 6 6 268
13 49 18 38.447 -107.83 453 61 328 270 2014 7 3 14 42 6 6 268
13 49 18 38.506 -107.69 451 61 308 270 2014 7 3 14 43 6 6 268
13 49 18 38.567 -107.55 440 61 287 270 2014 7 3 14 44 6 6 268
13 49 18 38.614 -107.43 405 62 273 270 2014 7 3 14 45 6 6 268
13 49 18 38.663 -107.31 381 61 270 270 2014 7 3 14 46 14 6 268
13 49 18 38.712 -107.19 381 62 270 270 2014 7 3 14 47 6 6 268
13 49 18 38.76 -107.07 382 60 270 270 2014 7 3 14 48 6 6 268
13 49 18 38.82 -106.92 388 62 270 270 2014 7 3 14 49 6 6 268
13 49 18 38.872 -106.79 403 62 270 270 2014 7 3 14 50 6 6 268
13 49 18 38.93 -106.67 403 58 270 270 2014 7 3 14 51 6 6 268
13 49 18 38.974 -106.53 409 62 270 270 2014 7 3 14 52 9 6 268
13 49 18 39.026 -106.4 407 63 270 270 2014 7 3 14 53 6 6 268
13 49 18 39.076 -106.27 406 62 270 270 2014 7 3 14 54 6 6 268
13 49 18 39.14 -106.11 408 60 270 270 2014 7 3 14 55 6 6 268
13 49 18 39.202 -105.99 408 56 270 270 2014 7 3 14 56 6 6 268
13 49 18 39.191 -105.98 407 61 253 270 2014 7 3 14 57 6 6 240
13 49 18 39.239 -105.86 390 60 236 270 2014 7 3 14 58 6 6 240
13 49 18 39.334 -105.61 382 60 203 270 2014 7 3 14 59 6 6 240
13 49 18 39.35 -105.57 367 62 197 270 2014 7 3 15 0 6 6 240
13 49 18 39.4 -105.45 371 59 182 270 2014 7 3 15 1 7 6 240
13 49 18 39.4 -105.33 375 82 171 270 2014 7 3 15 2 6 6 233
13 49 18 39.408 -105.21 374 90 157 270 2014 7 3 15 3 6 6 233
13 49 18 39.412 -105.08 349 79 144 270 2014 7 3 15 4 6 6 233
13 49 18 39.417 -104.97 304 89 137 270 2014 7 3 15 5 6 6 233
13 49 18 39.45 -104.8 262 75 115 270 2014 7 3 15 6 9 6 233
13 49 18 39.483 -104.7 256 71 108 270 2014 7 3 15 7 6 6 233
13 49 18 39.489 -104.7 262 66 107 270 2014 7 3 15 8 6 6 233
13 49 18 39.6 -104.67 245 19 100 270 2014 7 3 15 9 6 6 233
13 49 18 39.667 -104.67 245 0 86 270 2014 7 3 15 10 6 6 233
13 49 18 39.698 -104.66 244 0 81 270 2014 7 3 15 11 6 6 233
13 49 18 39.756 -104.66 195 0 73 270 2014 7 3 15 12 6 6 233
13 49 18 39.817 -104.67 151 0 57 270 2014 7 3 15 13 6 6 233
13 49 18 39.84 -104.66 153 0 54 270 2014 7 3 15 14 6 6 233
14 49 18 34.054 -117.66 205 257 26 390 2014 7 3 13 28 16 1 6
14 49 18 34.054 -117.66 205 257 26 390 2014 7 3 13 29 6 1 6
14 49 18 34.078 -117.73 229 267 48 390 2014 7 3 13 30 6 1 6
14 49 18 34.13 -117.8 240 289 80 390 2014 7 3 13 31 8 1 6
14 49 18 34.176 -117.87 250 302 107 390 2014 7 3 13 32 6 1 6
14 49 18 34.226 -117.94 264 336 133 390 2014 7 3 13 33 6 1 21
14 49 18 34.296 -117.98 312 310 145 390 2014 7 3 13 34 6 1 21
14 49 18 34.356 -117.89 364 322 160 390 2014 7 3 13 35 6 1 21
14 49 18 34.401 -117.76 403 17 185 390 2014 7 3 13 36 6 1 21
14 49 18 34.458 -117.64 406 60 208 390 2014 7 3 13 37 6 1 21
14 49 18 34.516 -117.52 415 63 229 370 2014 7 3 13 38 6 1 22
14 49 18 34.575 -117.39 420 53 246 370 2014 7 3 13 39 6 1 43
14 49 18 34.636 -117.27 438 54 262 370 2014 7 3 13 40 6 1 43
14 49 18 34.699 -117.13 453 59 277 370 2014 7 3 13 41 6 1 43
14 49 18 34.761 -117 455 60 292 370 2014 7 3 13 42 16 1 43
14 49 18 34.854 -116.85 462 60 308 370 2014 7 3 13 43 6 1 43
14 49 18 34.941 -116.73 465 55 323 370 2014 7 3 13 44 6 1 43
14 49 18 35.029 -116.62 469 50 332 370 2014 7 3 13 45 6 1 43
14 49 18 35.117 -116.5 476 47 343 370 2014 7 3 13 46 6 1 43
14 49 18 35.207 -116.37 477 47 352 370 2014 7 3 13 47 6 1 43
14 49 18 35.297 -116.25 485 48 360 370 2014 7 3 13 48 6 1 43
14 49 18 35.384 -116.13 486 47 368 370 2014 7 3 13 49 6 1 43
14 49 18 35.477 -116 490 48 370 370 2014 7 3 13 50 6 1 43
14 49 18 35.557 -115.86 496 48 370 370 2014 7 3 13 51 6 1 43
14 49 18 35.627 -115.68 489 51 370 370 2014 7 3 13 52 15 1 43
14 49 18 35.688 -115.53 490 60 370 370 2014 7 3 13 53 6 1 47
14 49 18 35.747 -115.38 490 63 370 370 2014 7 3 13 54 6 1 47
14 49 18 35.806 -115.23 490 63 370 370 2014 7 3 13 55 6 1 47
14 49 18 35.862 -115.09 479 63 370 370 2014 7 3 13 56 6 1 47
14 49 18 35.92 -114.94 483 64 370 370 2014 7 3 13 57 6 1 47
14 49 18 35.99 -114.75 485 63 370 370 2014 7 3 13 58 6 1 47
14 49 18 36.048 -114.6 485 63 370 370 2014 7 3 13 59 6 1 47
14 49 18 36.105 -114.45 485 64 370 370 2014 7 3 14 0 6 1 47
14 49 18 36.162 -114.31 485 64 370 370 2014 7 3 14 1 6 1 47
14 49 18 36.22 -114.16 484 64 370 370 2014 7 3 14 2 6 1 47
14 49 18 36.276 -114.01 483 64 370 370 2014 7 3 14 3 6 1 49
14 49 18 36.344 -113.82 483 64 370 370 2014 7 3 14 4 6 1 49
14 49 18 36.401 -113.67 484 64 370 370 2014 7 3 14 5 6 1 49
14 49 18 36.457 -113.52 485 64 370 370 2014 7 3 14 6 7 1 49
14 49 18 36.457 -113.52 485 64 370 370 2014 7 3 14 7 6 1 49
14 49 18 36.518 -113.36 484 65 370 370 2014 7 3 14 8 6 1 49
14 49 18 36.629 -113.06 481 65 370 370 2014 7 3 14 9 6 1 49
14 49 18 36.639 -113.02 479 65 370 370 2014 7 3 14 10 6 1 49
14 49 18 36.682 -112.91 480 66 370 370 2014 7 3 14 11 6 1 49
14 49 18 36.748 -112.73 477 64 370 370 2014 7 3 14 12 6 1 49
14 49 18 36.802 -112.58 477 65 370 370 2014 7 3 14 13 6 1 49
14 49 18 36.856 -112.43 477 65 370 370 2014 7 3 14 14 6 1 49
14 49 18 36.91 -112.27 478 65 370 370 2014 7 3 14 15 6 1 49
14 49 18 36.974 -112.09 478 65 370 370 2014 7 3 14 16 6 1 49
14 49 18 37.029 -111.94 479 66 370 370 2014 7 3 14 17 6 1 49
14 49 18 37.083 -111.79 481 65 370 370 2014 7 3 14 18 6 1 49
14 49 18 37.137 -111.64 483 66 370 370 2014 7 3 14 19 6 6 269
14 49 18 37.191 -111.48 482 66 370 370 2014 7 3 14 20 6 6 269
14 49 18 37.244 -111.33 483 66 370 370 2014 7 3 14 21 6 6 269
14 49 18 37.307 -111.14 483 66 370 370 2014 7 3 14 22 6 6 269
14 49 18 37.359 -110.99 483 66 370 370 2014 7 3 14 23 6 6 269
14 49 18 37.413 -110.83 483 66 370 370 2014 7 3 14 24 6 6 269
14 49 18 37.463 -110.68 483 66 370 370 2014 7 3 14 25 6 6 269
14 49 18 37.521 -110.51 482 66 370 370 2014 7 3 14 26 6 6 269
14 49 18 37.571 -110.36 481 65 370 370 2014 7 3 14 27 7 6 269
14 49 18 37.628 -110.19 479 66 370 370 2014 7 3 14 28 6 6 269
14 49 18 37.676 -110.04 475 66 370 370 2014 7 3 14 29 6 6 269
14 49 18 37.725 -109.89 475 65 370 370 2014 7 3 14 30 6 6 269
14 49 18 37.789 -109.75 475 60 370 370 2014 7 3 14 31 6 6 269
14 49 18 37.782 -109.72 475 64 370 370 2014 7 3 14 32 6 6 269
14 49 18 37.829 -109.58 470 67 370 370 2014 7 3 14 33 6 6 269
14 49 18 37.931 -109.26 469 67 370 370 2014 7 3 14 34 6 6 269
14 49 18 37.993 -109.09 469 67 370 370 2014 7 3 14 35 6 6 269
14 49 18 38.058 -108.95 469 60 370 370 2014 7 3 14 36 6 6 254
14 49 18 38.049 -108.96 466 64 370 370 2014 7 3 14 37 6 6 254
14 49 18 38.169 -108.66 457 62 370 370 2014 7 3 14 38 6 6 254
14 49 18 38.232 -108.52 457 60 370 370 2014 7 3 14 39 6 6 254
14 49 18 38.233 -108.5 457 61 370 370 2014 7 3 14 40 6 6 254
14 49 18 38.288 -108.36 455 63 370 370 2014 7 3 14 41 6 6 254
14 49 18 38.35 -108.21 455 62 370 270 2014 7 3 14 42 6 6 254
14 49 18 38.406 -108.06 455 61 370 270 2014 7 3 14 43 6 6 253
14 49 18 38.467 -107.91 455 63 357 270 2014 7 3 14 44 6 6 268
14 49 18 38.522 -107.77 454 63 336 270 2014 7 3 14 45 6 6 268
14 49 18 38.583 -107.61 457 62 313 270 2014 7 3 14 46 14 6 268
14 49 18 38.637 -107.47 465 63 302 270 2014 7 3 14 47 6 6 268
14 49 18 38.688 -107.33 446 63 292 270 2014 7 3 14 48 6 6 268
14 49 18 38.738 -107.21 412 63 282 270 2014 7 3 14 49 6 6 268
14 49 18 38.795 -107.06 389 62 272 270 2014 7 3 14 50 6 6 268
14 49 18 38.841 -106.94 382 63 270 270 2014 7 3 14 51 6 6 268
14 49 18 38.887 -106.82 382 63 270 270 2014 7 3 14 52 9 6 268
14 49 18 38.933 -106.69 383 64 270 270 2014 7 3 14 53 6 6 268
14 49 18 38.98 -106.57 383 64 270 270 2014 7 3 14 54 6 6 268
14 49 18 39.035 -106.42 384 64 270 270 2014 7 3 14 55 6 6 268
14 49 18 39.081 -106.3 388 62 270 270 2014 7 3 14 56 6 6 268
14 49 18 39.127 -106.17 389 64 270 270 2014 7 3 14 57 6 6 268
14 49 18 39.176 -106.04 388 62 261 270 2014 7 3 14 58 6 6 240
14 49 18 39.221 -105.92 380 61 245 270 2014 7 3 14 59 6 6 240
14 49 18 39.264 -105.8 370 64 229 270 2014 7 3 15 0 6 6 240
14 49 18 39.316 -105.66 366 66 210 270 2014 7 3 15 1 7 6 240
14 49 18 39.364 -105.55 358 60 197 270 2014 7 3 15 2 6 6 240
14 49 18 39.399 -105.45 331 57 190 270 2014 7 3 15 3 6 6 240
14 49 18 39.4 -105.42 312 66 187 270 2014 7 3 15 4 6 6 240
14 49 18 39.433 -105.34 295 71 180 270 2014 7 3 15 5 6 6 233
14 49 18 39.417 -105.23 303 105 164 270 2014 7 3 15 6 9 6 233
14 49 18 39.333 -105.05 290 122 157 270 2014 7 3 15 7 6 6 233
14 49 18 39.334 -105.06 295 117 158 270 2014 7 3 15 8 6 6 233
14 49 18 39.29 -104.97 293 127 150 270 2014 7 3 15 9 6 6 233
14 49 18 39.266 -104.87 287 102 150 270 2014 7 3 15 10 6 6 233
14 49 18 39.3 -104.8 272 54 142 270 2014 7 3 15 11 6 6 233
14 49 18 39.367 -104.74 258 28 130 270 2014 7 3 15 12 6 6 233
14 49 18 39.467 -104.67 251 33 110 270 2014 7 3 15 13 6 6 233
14 49 18 39.533 -104.67 239 17 102 270 2014 7 3 15 14 6 6 233
14 49 18 39.6 -104.67 237 359 97 270 2014 7 3 15 15 6 6 233
14 49 18 39.65 -104.67 238 0 86 270 2014 7 3 15 16 6 6 233
14 49 18 39.717 -104.67 222 0 74 270 2014 7 3 15 17 6 6 233
14 49 18 39.767 -104.67 178 0 64 270 2014 7 3 15 18 6 6 233
14 49 18 39.817 -104.67 162 0 56 270 2014 7 3 15 19 6 6 233
14 49 18 39.846 -104.66 160 0 53 270 2014 7 3 15 20 6 6 233
15 49 18 34.054 -117.68 193 0 32 330 2014 7 3 19 54 6 1 6
15 49 18 34.059 -117.75 222 267 54 330 2014 7 3 19 55 6 1 6
15 49 18 34.104 -117.81 239 271 72 330 2014 7 3 19 56 6 1 6
15 49 18 34.147 -117.75 239 49 72 330 2014 7 3 19 57 6 1 6
15 49 18 34.219 -117.95 261 313 119 330 2014 7 3 19 58 6 1 6
15 49 18 34.155 -117.99 261 208 119 330 2014 7 3 19 59 6 1 6
15 49 18 34.335 -117.87 315 334 141 330 2014 7 3 20 0 6 1 21
15 49 18 34.253 -117.83 315 159 141 330 2014 7 3 20 1 6 1 21
15 49 18 34.388 -117.76 352 70 154 330 2014 7 3 20 2 6 1 21
15 49 18 34.44 -117.66 361 59 166 330 2014 7 3 20 3 6 1 21
15 49 18 34.491 -117.55 363 88 178 330 2014 7 3 20 4 6 1 21
15 49 18 34.554 -117.42 372 59 191 330 2014 7 3 20 5 6 1 22
15 49 18 34.606 -117.32 372 82 208 330 2014 7 3 20 6 7 1 22
15 49 18 34.656 -117.21 364 80 217 330 2014 7 3 20 7 6 1 22
15 49 18 34.709 -117.1 371 59 222 330 2014 7 3 20 8 6 1 22
15 49 18 34.764 -116.99 389 59 230 330 2014 7 3 20 9 6 1 22
15 49 18 34.829 -116.85 390 59 239 330 2014 7 3 20 10 16 1 22
15 49 18 34.899 -116.75 397 55 245 330 2014 7 3 20 11 6 1 43
15 49 18 34.976 -116.65 407 55 253 330 2014 7 3 20 12 6 1 43
15 49 18 35.054 -116.54 411 48 258 330 2014 7 3 20 13 6 1 43
15 49 18 35.132 -116.44 413 47 263 330 2014 7 3 20 14 6 1 43
15 49 18 35.227 -116.31 419 47 269 330 2014 7 3 20 15 6 1 43
15 49 18 35.307 -116.2 423 47 274 330 2014 7 3 20 16 6 1 43
15 49 18 35.387 -116.1 427 47 279 330 2014 7 3 20 17 6 1 43
15 49 18 35.467 -115.99 427 47 284 330 2014 7 3 20 18 6 1 43
15 49 18 35.557 -115.87 427 47 289 330 2014 7 3 20 19 6 1 43
15 49 18 35.636 -115.76 427 47 289 330 2014 7 3 20 20 6 1 47
15 49 18 35.716 -115.66 428 46 299 330 2014 7 3 20 21 6 1 47
15 49 18 35.796 -115.55 429 47 304 330 2014 7 3 20 22 9 1 47
15 49 18 35.889 -115.42 423 47 310 330 2014 7 3 20 23 6 1 47
15 49 18 35.966 -115.32 421 47 315 330 2014 7 3 20 24 6 1 47
15 49 18 36.042 -115.21 414 48 320 330 2014 7 3 20 25 6 1 47
15 49 18 36.099 -115.09 416 47 323 330 2014 7 3 20 26 6 1 47
15 49 18 36.141 -114.95 416 69 323 330 2014 7 3 20 27 6 1 47
15 49 18 36.141 -114.95 416 58 326 330 2014 7 3 20 28 6 1 47
15 49 18 36.192 -114.79 417 64 330 330 2014 7 3 20 29 6 1 47
15 49 18 36.24 -114.66 419 68 330 330 2014 7 3 20 30 6 1 47
15 49 18 36.289 -114.52 429 67 330 330 2014 7 3 20 31 6 1 47
15 49 18 36.338 -114.38 436 44 330 330 2014 7 3 20 32 6 1 47
15 49 18 36.387 -114.24 441 66 330 330 2014 7 3 20 33 6 1 48
15 49 18 36.447 -114.07 447 65 330 330 2014 7 3 20 34 6 1 48
15 49 18 36.497 -113.93 452 66 330 330 2014 7 3 20 35 6 1 48
15 49 18 36.546 -113.78 452 66 330 330 2014 7 3 20 36 6 1 48
15 49 18 36.596 -113.64 455 66 330 330 2014 7 3 20 37 6 1 48
15 49 18 36.645 -113.49 457 65 330 330 2014 7 3 20 38 6 1 48
15 49 18 36.734 -113.26 458 66 330 330 2014 7 3 20 39 6 1 48
15 49 18 36.799 -113.12 458 58 330 330 2014 7 3 20 40 7 1 48
15 49 18 36.854 -112.98 458 63 330 330 2014 7 3 20 41 7 1 48
15 49 18 36.884 -112.9 461 64 330 330 2014 7 3 20 42 6 1 48
15 49 18 36.931 -112.75 459 67 330 330 2014 7 3 20 43 6 1 48
15 49 18 37.006 -112.52 455 68 330 330 2014 7 3 20 44 6 1 48
15 49 18 37.034 -112.43 456 68 330 330 2014 7 3 20 45 6 1 48
15 49 18 37.08 -112.29 455 68 330 330 2014 7 3 20 46 17 1 48
15 49 18 37.126 -112.14 454 68 330 330 2014 7 3 20 47 6 1 48
15 49 18 37.173 -112 453 67 330 330 2014 7 3 20 48 6 1 48
15 49 18 37.219 -111.85 453 67 330 330 2014 7 3 20 49 7 1 48
15 49 18 37.273 -111.68 453 68 330 330 2014 7 3 20 50 6 6 270
15 49 18 37.294 -111.62 454 68 330 330 2014 7 3 20 51 6 6 270
15 49 18 37.365 -111.38 454 68 330 330 2014 7 3 20 52 10 6 270
15 49 18 37.411 -111.23 454 68 330 330 2014 7 3 20 53 6 6 270
15 49 18 37.428 -111.17 454 68 330 330 2014 7 3 20 54 6 6 270
15 49 18 37.483 -111 454 69 330 330 2014 7 3 20 55 6 6 270
15 49 18 37.526 -110.85 453 68 330 330 2014 7 3 20 56 6 6 270
15 49 18 37.572 -110.7 453 69 330 330 2014 7 3 20 57 6 6 270
15 49 18 37.614 -110.56 452 66 330 330 2014 7 3 20 58 6 6 270
15 49 18 37.662 -110.39 451 69 330 330 2014 7 3 20 59 6 6 270
15 49 18 37.705 -110.25 451 69 330 330 2014 7 3 21 0 6 6 270
15 49 18 37.753 -110.09 451 69 330 330 2014 7 3 21 1 6 6 270
15 49 18 37.795 -109.94 451 69 330 330 2014 7 3 21 2 6 6 270
15 49 18 37.843 -109.78 451 66 330 330 2014 7 3 21 3 6 6 270
15 49 18 37.884 -109.64 451 69 330 330 2014 7 3 21 4 6 6 270
15 49 18 37.932 -109.47 450 69 330 330 2014 7 3 21 5 6 6 270
15 49 18 37.972 -109.33 450 66 330 330 2014 7 3 21 6 6 6 270
15 49 18 38.019 -109.16 450 69 330 330 2014 7 3 21 7 6 6 270
15 49 18 38.06 -109.02 449 70 330 330 2014 7 3 21 8 6 6 260
15 49 18 38.111 -108.86 448 67 330 330 2014 7 3 21 9 6 6 260
15 49 18 38.172 -108.72 448 60 330 330 2014 7 3 21 10 6 6 260
15 49 18 38.233 -108.56 451 65 330 330 2014 7 3 21 11 6 6 260
15 49 18 38.305 -108.44 450 61 330 330 2014 7 3 21 12 6 6 260
15 49 18 38.366 -108.31 450 60 330 330 2014 7 3 21 13 6 6 260
15 49 18 38.384 -108.3 447 58 330 330 2014 7 3 21 14 6 6 260
15 49 18 38.443 -108.16 447 53 330 330 2014 7 3 21 15 6 6 268
15 49 18 38.504 -108.01 447 57 330 330 2014 7 3 21 16 6 6 268
15 49 18 38.61 -107.71 451 64 330 330 2014 7 3 21 17 6 6 268
15 49 18 38.67 -107.57 451 61 330 330 2014 7 3 21 18 6 6 268
15 49 18 38.663 -107.56 452 63 330 330 2014 7 3 21 19 6 6 268
15 49 18 38.714 -107.42 452 65 330 330 2014 7 3 21 20 7 6 268
15 49 18 38.766 -107.27 452 65 330 330 2014 7 3 21 21 10 6 268
15 49 18 38.817 -107.12 452 63 330 270 2014 7 3 21 22 6 6 268
15 49 18 38.867 -106.98 452 65 330 270 2014 7 3 21 23 6 6 268
15 49 18 38.928 -106.8 452 65 321 270 2014 7 3 21 24 6 6 268
15 49 18 38.978 -106.66 452 65 313 270 2014 7 3 21 25 8 6 268
15 49 18 39.03 -106.51 452 66 305 270 2014 7 3 21 26 6 6 268
15 49 18 39.084 -106.36 457 65 297 190 2014 7 3 21 27 6 6 268
15 49 18 39.138 -106.21 462 65 281 190 2014 7 3 21 28 6 6 268
15 49 18 39.204 -106.03 464 65 258 190 2014 7 3 21 29 6 6 240
15 49 18 39.253 -105.89 439 64 236 190 2014 7 3 21 30 6 6 240
15 49 18 39.282 -105.75 406 65 214 190 2014 7 3 21 31 6 6 240
15 49 18 39.3 -105.6 376 77 196 190 2014 7 3 21 32 6 6 240
15 49 18 39.32 -105.47 375 80 190 190 2014 7 3 21 33 6 6 240
15 49 18 39.336 -105.35 357 80 177 190 2014 7 3 21 34 6 6 240
15 49 18 39.352 -105.22 351 79 163 190 2014 7 3 21 35 6 6 233
15 49 18 39.367 -105.12 317 79 149 190 2014 7 3 21 36 6 6 233
15 49 18 39.383 -104.99 313 78 131 190 2014 7 3 21 37 6 6 233
15 49 18 39.422 -104.9 278 66 125 190 2014 7 3 21 38 6 6 233
15 49 18 39.473 -104.82 260 45 114 190 2014 7 3 21 39 6 6 233
15 49 18 39.525 -104.76 258 37 102 190 2014 7 3 21 40 6 6 233
15 49 18 39.59 -104.72 248 37 92 190 2014 7 3 21 41 6 6 233
15 49 18 39.649 -104.68 246 21 83 190 2014 7 3 21 42 6 6 233
15 49 18 39.714 -104.66 240 14 77 190 2014 7 3 21 43 6 6 233
15 49 18 39.776 -104.66 204 7 66 190 2014 7 3 21 44 6 6 233
15 49 18 39.82 -104.66 161 354 57 190 2014 7 3 21 45 6 6 233
