2 49 10 34.05 -117.62 143 0 23 80 2014 7 2 2 27 16 1 6
2 49 10 34.033 -117.67 185 274 41 80 2014 7 2 2 28 16 1 6
2 49 10 34.067 -117.73 190 247 58 80 2014 7 2 2 29 15 1 6
2 49 10 34.061 -117.74 181 279 59 80 2014 7 2 2 30 6 1 6
2 49 10 34.073 -117.8 191 270 71 80 2014 7 2 2 31 6 1 6
2 49 10 34.088 -117.87 205 286 79 80 2014 7 2 2 32 6 1 6
2 49 10 34.127 -118.03 244 294 67 80 2014 7 2 2 33 16 1 8
2 49 10 34.15 -118.1 230 289 55 80 2014 7 2 2 34 16 1 8
2 49 10 34.15 -118.17 219 286 42 80 2014 7 2 2 35 15 1 8
2 49 10 34.16 -118.19 231 270 39 80 2014 7 2 2 36 6 1 8
2 49 10 34.183 -118.3 166 279 21 80 2014 7 2 2 37 16 1 8
2 49 10 34.2 -118.33 139 302 10 80 2014 7 2 2 38 16 1 8
2 49 10 34.197 -118.36 178 301 9 80 2014 7 2 2 39 15 1 8
3 49 10 34.05 -117.62 140 0 20 80 2014 7 2 17 31 6 1 6
3 49 10 34.067 -117.67 162 244 32 80 2014 7 2 17 32 6 1 6
3 49 10 34.067 -117.73 172 286 47 80 2014 7 2 17 33 6 1 6
3 49 10 34.091 -117.83 167 291 74 80 2014 7 2 17 34 16 1 6
3 49 10 34.1 -117.85 172 284 76 80 2014 7 2 17 35 16 1 6
3 49 10 34.104 -117.89 168 279 81 80 2014 7 2 17 36 6 1 6
3 49 10 34.116 -117.95 189 286 81 80 2014 7 2 17 37 6 1 6
3 49 10 34.131 -118.02 206 286 80 80 2014 7 2 17 38 6 1 8
3 49 10 34.148 -118.11 211 286 80 80 2014 7 2 17 39 6 1 8
3 49 10 34.162 -118.18 220 286 70 80 2014 7 2 17 40 6 1 8
3 49 10 34.178 -118.25 224 283 56 80 2014 7 2 17 41 7 1 8
3 49 10 34.2 -118.33 234 284 29 80 2014 7 2 17 42 6 1 8
3 49 10 34.245 -118.34 187 341 29 80 2014 7 2 17 43 6 1 8
3 49 10 34.273 -118.37 174 0 28 80 2014 7 2 17 44 6 1 8
3 49 10 34.25 -118.36 144 202 27 80 2014 7 2 17 45 6 1 8
3 49 10 34.232 -118.39 147 219 25 80 2014 7 2 17 46 6 1 8
3 49 10 34.224 -118.43 139 270 23 80 2014 7 2 17 47 9 1 8
3 49 10 34.21 -118.41 136 180 23 80 2014 7 2 17 48 6 1 8
3 49 10 34.237 -118.38 134 58 23 80 2014 7 2 17 49 6 1 8
3 49 10 34.242 -118.37 144 0 21 80 2014 7 2 17 50 6 1 8
3 49 10 34.209 -118.36 143 64 15 80 2014 7 2 17 51 6 1 8
4 49 10 34.05 -117.62 149 0 20 80 2014 7 3 2 22 16 1 6
4 49 10 34.06 -117.71 162 264 41 80 2014 7 3 2 23 15 1 6
4 49 10 34.075 -117.76 170 291 53 80 2014 7 3 2 24 6 1 6
4 49 10 34.083 -117.78 178 287 60 80 2014 7 3 2 25 16 1 6
4 49 10 34.083 -117.85 180 284 74 80 2014 7 3 2 26 6 1 6
4 49 10 34.1 -117.92 203 284 80 80 2014 7 3 2 27 6 1 6
4 49 10 34.117 -117.98 212 284 80 80 2014 7 3 2 28 6 1 6
4 49 10 34.133 -118.05 235 283 69 80 2014 7 3 2 29 16 1 8
4 49 10 34.15 -118.13 232 282 60 80 2014 7 3 2 30 16 1 8
4 49 10 34.167 -118.2 230 283 44 80 2014 7 3 2 31 6 1 8
4 49 10 34.183 -118.27 214 284 30 80 2014 7 3 2 32 16 1 8
4 49 10 34.2 -118.32 145 293 15 80 2014 7 3 2 33 15 1 8
4 49 10 34.193 -118.35 190 291 10 80 2014 7 3 2 34 6 1 8
