2 49 33 34.05 -117.63 149 270 23 290 2014 7 1 3 57 6 1 6
2 49 33 34.055 -117.69 189 257 37 290 2014 7 1 3 58 6 1 6
2 49 33 34.062 -117.76 227 269 67 290 2014 7 1 3 59 6 1 6
2 49 33 34.129 -117.84 288 276 95 290 2014 7 1 4 0 6 1 6
2 49 33 34.197 -117.9 317 299 117 290 2014 7 1 4 1 6 1 6
2 49 33 34.289 -117.88 349 318 140 290 2014 7 1 4 2 16 1 21
2 49 33 34.386 -117.82 361 333 176 290 2014 7 1 4 3 6 1 21
2 49 33 34.441 -117.72 353 20 207 290 2014 7 1 4 4 6 1 21
2 49 33 34.491 -117.62 370 40 228 290 2014 7 1 4 5 6 1 22
2 49 33 34.547 -117.49 413 57 245 290 2014 7 1 4 6 6 1 43
2 49 33 34.603 -117.37 420 60 270 290 2014 7 1 4 7 15 1 43
2 49 33 34.661 -117.24 427 60 288 290 2014 7 1 4 8 16 1 43
2 49 33 34.726 -117.12 427 57 288 290 2014 7 1 4 9 6 1 43
2 49 33 34.723 -117.12 435 59 290 290 2014 7 1 4 10 6 1 43
2 49 33 34.804 -116.97 442 59 290 290 2014 7 1 4 11 6 1 43
2 49 33 34.87 -116.84 444 57 290 290 2014 7 1 4 12 6 1 43
2 49 33 34.935 -116.72 444 56 290 290 2014 7 1 4 13 6 1 43
2 49 33 35.065 -116.47 434 57 253 290 2014 7 1 4 14 6 1 43
2 49 33 35.132 -116.36 413 56 240 290 2014 7 1 4 15 6 1 43
2 49 33 35.212 -116.26 413 45 240 290 2014 7 1 4 16 6 1 43
2 49 33 35.221 -116.25 389 51 240 290 2014 7 1 4 17 6 1 43
2 49 33 35.297 -116.16 388 49 240 290 2014 7 1 4 18 6 1 43
2 49 33 35.373 -116.06 397 45 220 290 2014 7 1 4 19 6 1 31
2 49 33 35.449 -115.96 397 46 197 290 2014 7 1 4 20 16 1 31
2 49 33 35.579 -115.81 359 45 156 290 2014 7 1 4 21 6 1 31
2 49 33 35.619 -115.75 342 45 143 290 2014 7 1 4 22 6 1 31
2 49 33 35.684 -115.67 329 45 130 290 2014 7 1 4 23 15 1 31
2 49 33 35.743 -115.59 307 45 130 290 2014 7 1 4 24 6 1 3
2 49 33 35.837 -115.57 306 19 130 290 2014 7 1 4 25 6 1 3
2 49 33 35.922 -115.57 307 2 130 290 2014 7 1 4 26 6 1 3
2 49 33 35.986 -115.52 310 15 130 290 2014 7 1 4 27 7 1 3
2 49 33 36.016 -115.42 313 67 113 290 2014 7 1 4 28 16 1 3
2 49 33 36.028 -115.32 281 77 109 290 2014 7 1 4 29 6 1 3
2 49 33 36.021 -115.23 284 95 94 290 2014 7 1 4 30 15 1 3
2 49 33 36.013 -115.12 279 93 80 290 2014 7 1 4 31 6 1 3
2 49 33 36.008 -115.03 204 95 76 290 2014 7 1 4 32 15 1 3
2 49 33 36.013 -114.97 206 91 64 290 2014 7 1 4 33 6 1 3
2 49 33 36.058 -114.97 193 18 49 290 2014 7 1 4 34 15 1 3
2 49 33 36.072 -115.03 177 293 35 290 2014 7 1 4 35 6 1 3
2 49 33 36.074 -115.07 149 270 29 290 2014 7 1 4 36 6 1 3
2 49 33 36.074 -115.11 127 273 23 290 2014 7 1 4 37 15 1 3
4 49 33 34.055 -117.63 168 0 18 290 2014 7 1 17 32 6 1 6
4 49 33 34.054 -117.69 231 267 36 290 2014 7 1 17 33 6 1 6
4 49 33 34.1 -117.64 231 45 36 290 2014 7 1 17 34 6 1 6
4 49 33 34.139 -117.86 275 277 85 290 2014 7 1 17 35 16 1 6
4 49 33 34.186 -117.78 275 51 85 290 2014 7 1 17 36 6 1 6
4 49 33 34.198 -117.93 291 330 105 290 2014 7 1 17 37 6 1 6
4 49 33 34.285 -117.93 355 315 125 290 2014 7 1 17 38 6 1 6
4 49 33 34.336 -117.83 350 337 146 290 2014 7 1 17 39 6 1 21
4 49 33 34.447 -117.61 373 58 188 290 2014 7 1 17 40 6 1 21
4 49 33 34.503 -117.5 382 58 206 290 2014 7 1 17 41 6 1 21
4 49 33 34.558 -117.39 382 58 206 290 2014 7 1 17 42 6 1 22
4 49 33 34.57 -117.36 391 58 227 290 2014 7 1 17 43 6 1 22
4 49 33 34.629 -117.25 401 58 238 290 2014 7 1 17 44 15 1 22
4 49 33 34.693 -117.12 428 58 253 290 2014 7 1 17 45 6 1 43
4 49 33 34.763 -117 443 57 265 290 2014 7 1 17 46 6 1 43
4 49 33 34.833 -116.88 444 55 270 290 2014 7 1 17 47 6 1 43
4 49 33 34.921 -116.72 456 55 270 290 2014 7 1 17 48 16 1 43
4 49 33 34.991 -116.6 455 55 269 290 2014 7 1 17 49 16 1 43
4 49 33 35.063 -116.47 455 55 252 290 2014 7 1 17 50 6 1 43
4 49 33 35.133 -116.36 432 55 240 290 2014 7 1 17 51 18 1 43
4 49 33 35.209 -116.27 402 50 240 290 2014 7 1 17 52 6 1 43
4 49 33 35.297 -116.15 389 49 230 290 2014 7 1 17 53 6 1 31
4 49 33 35.375 -116.06 386 46 209 290 2014 7 1 17 54 6 1 31
4 49 33 35.443 -115.97 370 45 190 290 2014 7 1 17 55 16 1 31
4 49 33 35.517 -115.88 360 45 169 290 2014 7 1 17 56 8 1 31
4 49 33 35.601 -115.78 338 46 147 290 2014 7 1 17 57 6 1 31
4 49 33 35.648 -115.71 340 41 133 290 2014 7 1 17 58 6 1 31
4 49 33 35.703 -115.63 324 50 123 290 2014 7 1 17 59 6 1 31
4 49 33 35.764 -115.53 315 51 108 290 2014 7 1 18 0 6 1 3
4 49 33 35.819 -115.44 300 51 95 290 2014 7 1 18 1 6 1 3
4 49 33 35.867 -115.37 283 53 85 290 2014 7 1 18 2 15 1 3
4 49 33 35.918 -115.3 265 52 76 290 2014 7 1 18 3 6 1 3
4 49 33 35.978 -115.32 232 23 64 290 2014 7 1 18 4 6 1 3
4 49 33 36.038 -115.31 207 341 50 290 2014 7 1 18 5 6 1 3
4 49 33 36.073 -115.28 189 21 40 290 2014 7 1 18 6 9 1 3
4 49 33 36.073 -115.22 159 76 31 290 2014 7 1 18 7 16 1 3
4 49 33 36.073 -115.19 152 89 27 290 2014 7 1 18 8 6 1 3
4 49 33 36.073 -115.17 153 89 22 290 2014 7 1 18 9 6 1 3
5 49 33 34.05 -117.63 166 0 22 290 2014 7 2 20 38 15 1 6
5 49 33 34.05 -117.72 226 257 45 290 2014 7 2 20 39 6 1 6
5 49 33 34.056 -117.75 213 266 58 290 2014 7 2 20 40 6 1 6
5 49 33 34.096 -117.81 233 312 83 290 2014 7 2 20 41 6 1 6
5 49 33 34.154 -117.87 275 301 101 290 2014 7 2 20 42 6 1 6
5 49 33 34.22 -117.94 318 280 126 290 2014 7 2 20 43 6 1 6
5 49 33 34.304 -117.87 343 317 146 290 2014 7 2 20 44 6 1 21
5 49 33 34.359 -117.76 365 34 162 290 2014 7 2 20 45 6 1 21
5 49 33 34.41 -117.67 391 76 177 290 2014 7 2 20 46 6 1 21
5 49 33 34.481 -117.53 406 57 204 240 2014 7 2 20 47 6 1 21
5 49 33 34.542 -117.41 412 86 218 240 2014 7 2 20 48 6 1 21
5 49 33 34.606 -117.28 431 58 234 240 2014 7 2 20 49 6 1 22
5 49 33 34.67 -117.15 444 84 240 240 2014 7 2 20 50 6 1 43
5 49 33 34.75 -117 454 58 240 240 2014 7 2 20 51 6 1 43
5 49 33 34.815 -116.87 452 58 240 240 2014 7 2 20 52 9 1 43
5 49 33 34.881 -116.74 452 58 240 240 2014 7 2 20 53 6 1 43
5 49 33 34.945 -116.61 450 76 240 240 2014 7 2 20 54 16 1 43
5 49 33 35.025 -116.49 451 58 240 240 2014 7 2 20 55 6 1 43
5 49 33 35.131 -116.36 451 66 240 130 2014 7 2 20 56 6 1 43
5 49 33 35.219 -116.25 451 47 240 130 2014 7 2 20 57 6 1 43
5 49 33 35.305 -116.15 449 45 224 130 2014 7 2 20 58 6 1 31
5 49 33 35.387 -116.04 437 45 200 130 2014 7 2 20 59 6 1 31
5 49 33 35.468 -115.94 422 46 176 130 2014 7 2 21 0 6 1 31
5 49 33 35.559 -115.82 406 40 148 130 2014 7 2 21 1 6 1 31
5 49 33 35.633 -115.73 390 46 134 130 2014 7 2 21 2 6 1 31
5 49 33 35.672 -115.63 353 47 120 130 2014 7 2 21 3 6 1 31
5 49 33 35.7 -115.54 324 71 115 130 2014 7 2 21 4 6 1 3
5 49 33 35.708 -115.51 270 70 113 130 2014 7 2 21 5 6 1 3
5 49 33 35.736 -115.41 263 70 104 130 2014 7 2 21 6 6 1 3
5 49 33 35.804 -115.37 275 40 93 130 2014 7 2 21 7 6 1 3
5 49 33 35.868 -115.32 265 28 82 130 2014 7 2 21 8 6 1 3
5 49 33 35.922 -115.29 233 28 76 130 2014 7 2 21 9 16 1 3
5 49 33 35.971 -115.31 225 342 66 130 2014 7 2 21 10 6 1 3
5 49 33 36.041 -115.31 216 2 50 130 2014 7 2 21 11 6 1 3
5 49 33 36.071 -115.27 177 38 42 130 2014 7 2 21 12 6 1 3
5 49 33 36.073 -115.22 162 88 31 130 2014 7 2 21 13 6 1 3
5 49 33 36.073 -115.16 162 87 23 130 2014 7 2 21 14 6 1 3
6 49 33 34.055 -117.64 164 0 25 290 2014 7 2 0 29 6 1 6
6 49 33 34.056 -117.7 190 267 49 290 2014 7 2 0 30 6 1 6
6 49 33 34.108 -117.8 264 269 80 290 2014 7 2 0 31 6 1 6
6 49 33 34.165 -117.87 296 292 108 290 2014 7 2 0 32 16 1 6
6 49 33 34.232 -117.96 353 308 137 290 2014 7 2 0 33 15 1 21
6 49 33 34.334 -117.95 396 313 161 290 2014 7 2 0 34 15 1 21
6 49 33 34.395 -117.82 406 303 193 290 2014 7 2 0 35 15 1 21
6 49 33 34.453 -117.7 424 34 218 290 2014 7 2 0 36 6 1 21
6 49 33 34.512 -117.57 438 60 228 290 2014 7 2 0 37 6 1 22
6 49 33 34.571 -117.44 439 60 240 290 2014 7 2 0 38 16 1 43
6 49 33 34.644 -117.28 453 60 249 290 2014 7 2 0 39 15 1 43
6 49 33 34.644 -117.28 453 60 249 290 2014 7 2 0 40 6 1 43
6 49 33 34.707 -117.14 463 60 250 290 2014 7 2 0 41 6 1 43
6 49 33 34.828 -116.87 458 61 250 290 2014 7 2 0 42 16 1 43
6 49 33 34.89 -116.74 458 60 250 290 2014 7 2 0 43 6 1 43
6 49 33 34.89 -116.73 467 61 250 290 2014 7 2 0 44 6 1 43
6 49 33 34.957 -116.59 476 61 250 290 2014 7 2 0 45 16 1 43
6 49 33 35.064 -116.45 480 60 247 130 2014 7 2 0 46 6 1 43
6 49 33 35.238 -116.23 447 46 240 130 2014 7 2 0 47 15 1 43
6 49 33 35.325 -116.12 447 45 240 130 2014 7 2 0 48 16 1 43
6 49 33 35.324 -116.12 446 45 225 130 2014 7 2 0 49 15 1 31
6 49 33 35.407 -116.02 431 45 199 130 2014 7 2 0 50 6 1 31
6 49 33 35.502 -115.9 414 45 168 130 2014 7 2 0 51 6 1 31
6 49 33 35.621 -115.75 374 45 135 130 2014 7 2 0 52 15 1 31
6 49 33 35.681 -115.66 336 46 124 130 2014 7 2 0 53 15 1 31
6 49 33 35.735 -115.58 301 51 108 130 2014 7 2 0 54 16 1 3
6 49 33 35.789 -115.49 298 50 90 130 2014 7 2 0 55 16 1 3
6 49 33 35.841 -115.41 299 51 78 130 2014 7 2 0 56 16 1 3
6 49 33 35.886 -115.34 259 51 77 130 2014 7 2 0 57 16 1 3
6 49 33 35.938 -115.3 230 51 74 130 2014 7 2 0 58 15 1 3
6 49 33 35.994 -115.33 213 351 60 130 2014 7 2 0 59 16 1 3
6 49 33 36.052 -115.31 215 358 48 130 2014 7 2 1 0 16 1 3
6 49 33 36.073 -115.28 196 14 41 130 2014 7 2 1 1 6 1 3
6 49 33 36.073 -115.22 157 61 32 130 2014 7 2 1 2 15 1 3
6 49 33 36.073 -115.17 150 88 24 130 2014 7 2 1 3 6 1 3
7 49 33 34.054 -117.62 148 0 290 290 2014 7 2 4 2 16 1 51
7 49 33 34.069 -117.68 272 263 41 290 2014 7 2 4 3 15 1 6
7 49 33 34.122 -117.76 259 281 86 290 2014 7 2 4 4 15 1 6
7 49 33 34.175 -117.85 309 330 118 290 2014 7 2 4 5 15 1 6
7 49 33 34.263 -117.88 359 307 156 290 2014 7 2 4 6 16 1 21
7 49 33 34.263 -117.88 359 307 156 290 2014 7 2 4 7 6 1 21
7 49 33 34.388 -117.66 393 21 226 290 2014 7 2 4 8 15 1 21
7 49 33 34.45 -117.54 411 54 239 290 2014 7 2 4 9 16 1 21
7 49 33 34.512 -117.43 411 57 276 290 2014 7 2 4 10 15 1 43
7 49 33 34.572 -117.31 408 56 290 290 2014 7 2 4 11 6 1 43
7 49 33 34.634 -117.2 408 56 290 290 2014 7 2 4 12 15 1 43
7 49 33 34.632 -117.2 408 56 290 290 2014 7 2 4 13 15 1 43
7 49 33 34.703 -117.06 405 57 290 290 2014 7 2 4 14 15 1 43
7 49 33 34.764 -116.95 404 57 290 290 2014 7 2 4 15 15 1 43
7 49 33 34.824 -116.84 404 57 290 290 2014 7 2 4 16 6 1 43
7 49 33 34.884 -116.72 403 57 290 290 2014 7 2 4 17 15 1 43
7 49 33 34.944 -116.61 402 57 289 130 2014 7 2 4 18 15 1 43
7 49 33 35.017 -116.5 403 55 265 130 2014 7 2 4 19 15 1 43
7 49 33 35.112 -116.39 403 53 240 130 2014 7 2 4 20 15 1 43
7 49 33 35.189 -116.29 399 46 240 130 2014 7 2 4 21 6 1 43
7 49 33 35.263 -116.2 392 45 240 130 2014 7 2 4 22 16 1 43
7 49 33 35.339 -116.1 394 45 225 130 2014 7 2 4 23 15 1 31
7 49 33 35.405 -116.02 391 45 210 130 2014 7 2 4 24 15 1 31
7 49 33 35.474 -115.93 375 45 189 130 2014 7 2 4 25 15 1 31
7 49 33 35.556 -115.83 357 43 164 130 2014 7 2 4 26 6 1 31
7 49 33 35.621 -115.75 343 44 144 130 2014 7 2 4 27 6 1 31
7 49 33 35.685 -115.67 335 46 130 130 2014 7 2 4 28 6 1 31
7 49 33 35.805 -115.57 352 42 130 130 2014 7 2 4 29 15 1 3
7 49 33 35.933 -115.57 351 2 130 130 2014 7 2 4 30 15 1 3
7 49 33 35.96 -115.56 354 2 130 130 2014 7 2 4 31 6 1 3
7 49 33 36.017 -115.42 329 61 114 130 2014 7 2 4 32 15 1 3
7 49 33 36.028 -115.32 284 75 108 130 2014 7 2 4 33 15 1 3
7 49 33 36.02 -115.21 271 95 93 130 2014 7 2 4 34 15 1 3
7 49 33 36.013 -115.12 258 94 86 130 2014 7 2 4 35 15 1 3
7 49 33 36.023 -115.06 223 93 79 130 2014 7 2 4 36 15 1 3
7 49 33 36.075 -115.02 199 32 69 130 2014 7 2 4 37 15 1 3
7 49 33 36.116 -115.05 175 351 56 130 2014 7 2 4 38 15 1 3
7 49 33 36.142 -115.09 150 310 41 130 2014 7 2 4 39 15 1 3
7 49 33 36.13 -115.14 128 259 29 130 2014 7 2 4 40 15 1 3
7 49 33 36.106 -115.15 120 250 23 130 2014 7 2 4 41 15 1 3
8 49 33 34.05 -117.57 174 0 24 290 2014 7 2 13 0 6 1 6
8 49 33 34.028 -117.58 238 101 32 290 2014 7 2 13 1 6 1 6
8 49 33 34.057 -117.65 240 248 56 290 2014 7 2 13 2 6 1 6
8 49 33 34.102 -117.72 259 298 88 290 2014 7 2 13 3 16 1 6
8 49 33 34.156 -117.81 320 308 111 290 2014 7 2 13 4 6 1 6
8 49 33 34.216 -117.91 363 337 141 290 2014 7 2 13 5 6 1 21
8 49 33 34.312 -117.92 375 306 175 290 2014 7 2 13 6 6 1 21
8 49 33 34.374 -117.82 383 357 205 290 2014 7 2 13 7 16 1 21
8 49 33 34.434 -117.7 402 23 234 290 2014 7 2 13 8 6 1 21
8 49 33 34.494 -117.57 424 56 262 290 2014 7 2 13 9 6 1 43
8 49 33 34.552 -117.45 425 59 289 290 2014 7 2 13 10 6 1 43
8 49 33 34.609 -117.33 424 59 290 290 2014 7 2 13 11 6 1 43
8 49 33 34.667 -117.21 423 60 290 290 2014 7 2 13 12 6 1 43
8 49 33 34.725 -117.08 422 60 290 290 2014 7 2 13 13 16 1 43
8 49 33 34.8 -116.92 455 59 290 290 2014 7 2 13 14 6 1 43
8 49 33 34.872 -116.8 455 60 290 290 2014 7 2 13 15 6 1 43
8 49 33 34.944 -116.67 454 59 290 290 2014 7 2 13 16 6 1 43
8 49 33 35.016 -116.55 453 54 269 290 2014 7 2 13 17 15 1 43
8 49 33 35.086 -116.43 441 54 244 130 2014 7 2 13 18 15 1 43
8 49 33 35.164 -116.32 427 51 240 130 2014 7 2 13 19 15 1 43
8 49 33 35.245 -116.22 425 51 240 130 2014 7 2 13 20 6 1 43
8 49 33 35.326 -116.12 422 46 224 130 2014 7 2 13 21 6 1 31
8 49 33 35.404 -116.02 409 45 201 130 2014 7 2 13 22 6 1 31
8 49 33 35.481 -115.92 401 45 178 130 2014 7 2 13 23 6 1 31
8 49 33 35.559 -115.82 383 44 155 130 2014 7 2 13 24 6 1 31
8 49 33 35.631 -115.73 371 46 134 130 2014 7 2 13 25 6 1 31
8 49 33 35.723 -115.62 345 46 130 130 2014 7 2 13 26 6 1 3
8 49 33 35.783 -115.57 350 45 130 130 2014 7 2 13 27 6 1 3
8 49 33 35.931 -115.57 358 2 130 130 2014 7 2 13 28 16 1 3
8 49 33 35.931 -115.57 358 2 130 130 2014 7 2 13 29 6 1 3
8 49 33 36.017 -115.42 341 31 118 130 2014 7 2 13 30 6 1 3
8 49 33 36.026 -115.31 323 67 104 130 2014 7 2 13 31 6 1 3
8 49 33 36.019 -115.2 309 93 90 130 2014 7 2 13 32 16 1 3
8 49 33 36.011 -115.1 290 94 81 130 2014 7 2 13 33 6 1 3
8 49 33 36.007 -115.02 229 95 78 130 2014 7 2 13 34 15 1 3
8 49 33 36.005 -114.99 192 93 73 130 2014 7 2 13 35 6 1 3
8 49 33 36 -114.93 192 94 70 130 2014 7 2 13 36 9 1 3
8 49 33 36.046 -114.9 194 84 59 130 2014 7 2 13 37 6 1 3
8 49 33 36.074 -114.94 167 347 47 130 2014 7 2 13 38 6 1 3
8 49 33 36.074 -115.03 159 270 35 130 2014 7 2 13 39 16 1 3
8 49 33 36.074 -115.03 159 270 35 130 2014 7 2 13 40 6 1 3
8 49 33 36.073 -115.08 142 269 27 130 2014 7 2 13 41 6 1 3
8 49 33 36.073 -115.12 139 268 22 130 2014 7 2 13 42 6 1 3
9 49 33 34.05 -117.67 204 0 29 290 2014 7 2 17 30 6 1 6
9 49 33 34.057 -117.7 222 263 39 290 2014 7 2 17 31 6 1 6
9 49 33 34.072 -117.78 236 319 59 290 2014 7 2 17 32 6 1 6
9 49 33 34.139 -117.86 282 327 92 290 2014 7 2 17 33 6 1 6
9 49 33 34.2 -117.93 301 302 114 290 2014 7 2 17 34 16 1 6
9 49 33 34.282 -117.9 327 315 133 290 2014 7 2 17 35 16 1 21
9 49 33 34.332 -117.8 353 12 156 290 2014 7 2 17 36 6 1 21
9 49 33 34.391 -117.69 358 39 178 290 2014 7 2 17 37 6 1 21
9 49 33 34.445 -117.58 371 57 197 290 2014 7 2 17 38 6 1 21
9 49 33 34.502 -117.47 381 57 215 290 2014 7 2 17 39 6 1 21
9 49 33 34.572 -117.33 399 58 236 290 2014 7 2 17 40 6 1 21
9 49 33 34.634 -117.22 415 57 248 290 2014 7 2 17 41 7 1 43
9 49 33 34.699 -117.09 439 57 250 290 2014 7 2 17 42 6 1 43
9 49 33 34.765 -116.96 448 57 250 290 2014 7 2 17 43 6 1 43
9 49 33 34.833 -116.83 460 57 250 290 2014 7 2 17 44 6 1 43
9 49 33 34.9 -116.69 463 57 250 290 2014 7 2 17 45 6 1 43
9 49 33 34.988 -116.54 465 58 250 290 2014 7 2 17 46 6 1 43
9 49 33 35.078 -116.43 460 53 247 290 2014 7 2 17 47 9 1 43
9 49 33 35.078 -116.43 460 53 247 290 2014 7 2 17 48 6 1 43
9 49 33 35.243 -116.23 414 45 240 290 2014 7 2 17 49 6 1 43
9 49 33 35.338 -116.1 414 45 214 130 2014 7 2 17 50 6 1 31
9 49 33 35.415 -116.01 401 45 193 130 2014 7 2 17 51 6 1 31
9 49 33 35.488 -115.91 388 45 172 130 2014 7 2 17 52 6 1 31
9 49 33 35.569 -115.81 370 44 150 130 2014 7 2 17 53 16 1 31
9 49 33 35.606 -115.77 357 44 140 130 2014 7 2 17 54 6 1 31
9 49 33 35.687 -115.63 337 50 119 130 2014 7 2 17 55 6 1 31
9 49 33 35.73 -115.59 316 56 108 130 2014 7 2 17 56 6 1 3
9 49 33 35.794 -115.53 293 38 92 130 2014 7 2 17 57 6 1 3
9 49 33 35.851 -115.48 284 36 77 130 2014 7 2 17 58 6 1 3
9 49 33 35.914 -115.42 262 37 71 130 2014 7 2 17 59 6 1 3
9 49 33 35.978 -115.35 254 37 58 130 2014 7 2 18 0 6 1 3
9 49 33 36.033 -115.31 232 37 49 130 2014 7 2 18 1 7 1 3
9 49 33 36.076 -115.27 164 32 41 130 2014 7 2 18 2 16 1 3
9 49 33 36.074 -115.24 163 37 35 130 2014 7 2 18 3 6 1 3
9 49 33 36.073 -115.19 155 92 27 130 2014 7 2 18 4 6 1 3
10 49 33 34.056 -117.6 150 0 9 290 2014 7 3 13 3 6 1 6
10 49 33 34.048 -117.57 147 0 23 290 2014 7 3 13 4 6 1 6
10 49 33 34.023 -117.61 209 67 42 290 2014 7 3 13 5 6 1 6
10 49 33 34.068 -117.68 241 197 68 290 2014 7 3 13 6 6 1 6
10 49 33 34.117 -117.76 268 282 102 290 2014 7 3 13 7 9 1 6
10 49 33 34.169 -117.84 300 308 128 290 2014 7 3 13 8 6 1 6
10 49 33 34.253 -117.89 359 307 156 290 2014 7 3 13 9 6 1 21
10 49 33 34.325 -117.8 387 320 184 290 2014 7 3 13 10 6 1 21
10 49 33 34.387 -117.68 395 29 213 290 2014 7 3 13 11 6 1 21
10 49 33 34.449 -117.56 409 52 240 290 2014 7 3 13 12 6 1 43
10 49 33 34.512 -117.44 420 57 264 290 2014 7 3 13 13 6 1 43
10 49 33 34.574 -117.32 425 57 289 290 2014 7 3 13 14 6 1 43
10 49 33 34.637 -117.2 424 57 290 290 2014 7 3 13 15 6 1 43
10 49 33 34.697 -117.09 417 57 291 290 2014 7 3 13 16 6 1 43
10 49 33 34.758 -116.97 416 57 290 290 2014 7 3 13 17 6 1 43
10 49 33 34.821 -116.85 417 57 290 290 2014 7 3 13 18 6 1 43
10 49 33 34.881 -116.73 417 57 291 290 2014 7 3 13 19 6 1 43
10 49 33 34.955 -116.59 416 57 286 290 2014 7 3 13 20 6 1 43
10 49 33 35.035 -116.49 418 57 259 290 2014 7 3 13 21 6 1 43
10 49 33 35.115 -116.38 418 52 249 290 2014 7 3 13 22 6 1 43
10 49 33 35.194 -116.28 415 46 239 290 2014 7 3 13 23 6 1 31
10 49 33 35.276 -116.19 415 45 229 290 2014 7 3 13 24 6 1 31
10 49 33 35.351 -116.09 403 45 210 290 2014 7 3 13 25 6 1 31
10 49 33 35.453 -115.95 389 46 183 290 2014 7 3 13 26 6 1 31
10 49 33 35.536 -115.86 378 44 161 290 2014 7 3 13 27 6 1 31
10 49 33 35.609 -115.76 353 46 140 290 2014 7 3 13 28 16 1 31
10 49 33 35.636 -115.73 359 46 133 290 2014 7 3 13 29 6 1 31
10 49 33 35.701 -115.65 348 44 130 290 2014 7 3 13 30 6 1 31
10 49 33 35.735 -115.61 324 46 131 290 2014 7 3 13 31 8 1 3
10 49 33 35.929 -115.57 330 1 131 290 2014 7 3 13 32 6 1 3
10 49 33 35.968 -115.55 332 2 129 290 2014 7 3 13 33 6 1 3
10 49 33 36.004 -115.46 299 40 117 290 2014 7 3 13 34 6 1 3
10 49 33 36.03 -115.36 287 67 110 290 2014 7 3 13 35 6 1 3
10 49 33 36.023 -115.27 271 89 98 290 2014 7 3 13 36 6 1 3
10 49 33 36.017 -115.18 269 95 87 290 2014 7 3 13 37 6 1 3
10 49 33 36.011 -115.08 255 94 77 290 2014 7 3 13 38 6 1 3
10 49 33 36.006 -115 250 94 62 290 2014 7 3 13 39 6 1 3
10 49 33 36.042 -114.95 239 91 54 290 2014 7 3 13 40 6 1 3
10 49 33 36.074 -114.99 192 2 40 290 2014 7 3 13 41 6 1 3
10 49 33 36.074 -115.05 174 269 32 290 2014 7 3 13 42 16 1 3
10 49 33 36.074 -115.1 154 270 24 290 2014 7 3 13 43 6 1 3
10 49 33 36.073 -115.15 139 270 21 290 2014 7 3 13 44 6 1 3
12 49 33 34.055 -117.63 155 257 290 290 2014 7 3 0 33 6 1 51
12 49 33 34.055 -117.7 219 16 38 290 2014 7 3 0 34 6 1 6
12 49 33 34.076 -117.78 259 275 67 290 2014 7 3 0 35 15 1 6
12 49 33 34.134 -117.85 282 279 92 290 2014 7 3 0 36 16 1 6
12 49 33 34.196 -117.92 311 332 114 290 2014 7 3 0 37 6 1 6
12 49 33 34.289 -117.95 362 315 143 290 2014 7 3 0 38 16 1 21
12 49 33 34.33 -117.82 378 331 170 290 2014 7 3 0 39 6 1 21
12 49 33 34.326 -117.69 382 33 171 290 2014 7 3 0 40 6 1 21
12 49 33 34.331 -117.56 382 71 195 290 2014 7 3 0 41 6 1 21
12 49 33 34.405 -117.44 412 89 207 290 2014 7 3 0 42 6 1 21
12 49 33 34.475 -117.34 410 68 221 290 2014 7 3 0 43 15 1 21
12 49 33 34.545 -117.23 414 51 230 290 2014 7 3 0 44 16 1 21
12 49 33 34.619 -117.11 429 52 240 290 2014 7 3 0 45 6 1 43
12 49 33 34.708 -116.97 434 51 250 290 2014 7 3 0 46 16 1 43
12 49 33 34.784 -116.85 439 51 251 290 2014 7 3 0 47 6 1 43
12 49 33 34.864 -116.73 470 52 256 290 2014 7 3 0 48 6 1 43
12 49 33 34.945 -116.61 470 51 256 290 2014 7 3 0 49 6 1 43
12 49 33 35.043 -116.47 496 52 262 290 2014 7 3 0 50 6 1 43
12 49 33 35.139 -116.35 496 45 262 290 2014 7 3 0 51 6 1 43
12 49 33 35.157 -116.33 493 48 240 290 2014 7 3 0 52 6 1 43
12 49 33 35.254 -116.21 496 45 240 290 2014 7 3 0 53 6 1 43
12 49 33 35.404 -116.02 457 46 207 290 2014 7 3 0 54 15 1 31
12 49 33 35.5 -115.9 398 45 175 290 2014 7 3 0 55 16 1 31
12 49 33 35.531 -115.87 379 46 167 290 2014 7 3 0 56 6 1 31
12 49 33 35.604 -115.77 336 45 148 290 2014 7 3 0 57 6 1 31
12 49 33 35.643 -115.72 343 44 137 290 2014 7 3 0 58 16 1 31
12 49 33 35.724 -115.61 318 52 119 290 2014 7 3 0 59 16 1 3
12 49 33 35.785 -115.51 310 52 102 290 2014 7 3 1 0 6 1 3
12 49 33 35.826 -115.44 300 52 94 290 2014 7 3 1 1 16 1 3
12 49 33 35.895 -115.39 273 37 82 290 2014 7 3 1 2 6 1 3
12 49 33 35.972 -115.35 279 22 64 290 2014 7 3 1 3 6 1 3
12 49 33 36.042 -115.31 271 22 49 290 2014 7 3 1 4 15 1 3
12 49 33 36.076 -115.26 208 36 37 290 2014 7 3 1 5 6 1 3
12 49 33 36.072 -115.2 184 93 29 290 2014 7 3 1 6 6 1 3
12 49 33 36.073 -115.15 165 96 21 290 2014 7 3 1 7 6 1 3
13 49 33 34.056 -117.66 187 0 28 290 2014 7 3 4 3 15 1 6
13 49 33 34.05 -117.67 195 270 31 290 2014 7 3 4 4 16 1 6
13 49 33 34.102 -117.8 276 269 79 290 2014 7 3 4 5 16 1 6
13 49 33 34.102 -117.8 276 269 79 290 2014 7 3 4 6 6 1 6
13 49 33 34.159 -117.87 288 295 108 290 2014 7 3 4 7 6 1 6
13 49 33 34.23 -117.93 328 340 140 290 2014 7 3 4 8 15 1 21
13 49 33 34.301 -117.88 334 318 169 290 2014 7 3 4 9 15 1 21
13 49 33 34.362 -117.76 342 356 193 290 2014 7 3 4 10 16 1 21
13 49 33 34.41 -117.66 386 47 210 290 2014 7 3 4 11 6 1 21
13 49 33 34.468 -117.55 393 58 232 290 2014 7 3 4 12 6 1 21
13 49 33 34.539 -117.41 403 58 254 290 2014 7 3 4 13 15 1 43
13 49 33 34.602 -117.29 420 57 274 290 2014 7 3 4 14 16 1 43
13 49 33 34.664 -117.17 430 57 290 290 2014 7 3 4 15 6 1 43
13 49 33 34.731 -117.03 458 58 290 290 2014 7 3 4 16 6 1 43
13 49 33 34.798 -116.9 462 58 290 130 2014 7 3 4 17 16 1 43
13 49 33 34.863 -116.77 460 58 290 130 2014 7 3 4 18 16 1 43
13 49 33 34.943 -116.61 459 58 277 130 2014 7 3 4 19 6 1 43
13 49 33 35.021 -116.5 445 58 263 130 2014 7 3 4 20 16 1 43
13 49 33 35.108 -116.39 444 51 240 130 2014 7 3 4 21 6 1 43
13 49 33 35.19 -116.29 429 47 240 130 2014 7 3 4 22 16 1 43
13 49 33 35.275 -116.19 433 45 240 130 2014 7 3 4 23 16 1 43
13 49 33 35.361 -116.07 445 45 220 130 2014 7 3 4 24 16 1 31
13 49 33 35.446 -115.97 444 45 194 130 2014 7 3 4 25 16 1 31
13 49 33 35.521 -115.88 418 45 170 130 2014 7 3 4 26 6 1 31
13 49 33 35.609 -115.76 379 41 141 130 2014 7 3 4 27 6 1 31
13 49 33 35.677 -115.68 366 44 126 130 2014 7 3 4 28 6 1 31
13 49 33 35.745 -115.59 349 46 119 130 2014 7 3 4 29 6 1 3
13 49 33 35.837 -115.57 342 30 112 130 2014 7 3 4 30 15 1 3
13 49 33 35.941 -115.48 312 30 109 130 2014 7 3 4 31 15 1 3
13 49 33 35.979 -115.44 312 44 110 130 2014 7 3 4 32 6 1 3
13 49 33 36.028 -115.32 304 52 95 130 2014 7 3 4 33 15 1 3
13 49 33 36.022 -115.25 299 94 89 130 2014 7 3 4 34 15 1 3
13 49 33 36.013 -115.12 286 95 70 130 2014 7 3 4 35 15 1 3
13 49 33 36.009 -115.05 255 95 69 130 2014 7 3 4 36 15 1 3
13 49 33 36.005 -114.98 219 93 60 130 2014 7 3 4 37 15 1 3
13 49 33 36.042 -114.94 218 91 49 130 2014 7 3 4 38 15 1 3
13 49 33 36.075 -114.99 196 10 39 130 2014 7 3 4 39 15 1 3
13 49 33 36.073 -115.01 167 309 39 130 2014 7 3 4 40 15 1 3
13 49 33 36.074 -115.06 135 268 30 130 2014 7 3 4 41 6 1 3
13 49 33 36.073 -115.11 141 269 24 130 2014 7 3 4 42 6 1 3
13 49 33 36.073 -115.14 144 268 20 130 2014 7 3 4 43 16 1 3
14 49 33 34.056 -117.64 178 0 21 290 2014 7 3 17 33 6 1 6
14 49 33 34.055 -117.71 208 269 42 290 2014 7 3 17 34 6 1 6
14 49 33 34.08 -117.79 255 310 62 290 2014 7 3 17 35 6 1 6
14 49 33 34.136 -117.85 284 280 91 290 2014 7 3 17 36 6 1 6
14 49 33 34.185 -117.78 284 51 91 290 2014 7 3 17 37 6 1 6
14 49 33 34.283 -117.99 323 315 146 290 2014 7 3 17 38 16 1 21
14 49 33 34.362 -117.92 374 349 162 290 2014 7 3 17 39 6 1 21
14 49 33 34.417 -117.8 388 5 185 290 2014 7 3 17 40 6 1 21
14 49 33 34.469 -117.68 388 61 185 290 2014 7 3 17 41 6 1 22
14 49 33 34.471 -117.68 394 53 207 290 2014 7 3 17 42 6 1 22
14 49 33 34.524 -117.56 405 61 224 290 2014 7 3 17 43 6 1 22
14 49 33 34.579 -117.44 409 61 241 290 2014 7 3 17 44 6 1 43
14 49 33 34.636 -117.31 427 61 255 290 2014 7 3 17 45 6 1 43
14 49 33 34.709 -117.16 442 61 276 290 2014 7 3 17 46 7 1 43
14 49 33 34.775 -117.03 442 60 290 290 2014 7 3 17 47 6 1 43
14 49 33 34.841 -116.91 444 58 290 290 2014 7 3 17 48 6 1 43
14 49 33 34.906 -116.78 444 60 290 290 2014 7 3 17 49 6 1 43
14 49 33 34.972 -116.65 442 57 287 290 2014 7 3 17 50 6 1 43
14 49 33 35.052 -116.5 451 70 257 290 2014 7 3 17 51 7 1 43
14 49 33 35.119 -116.38 444 57 240 130 2014 7 3 17 52 6 1 43
14 49 33 35.199 -116.28 413 56 240 130 2014 7 3 17 53 6 1 43
14 49 33 35.279 -116.18 412 50 231 130 2014 7 3 17 54 6 1 31
14 49 33 35.356 -116.08 406 45 211 130 2014 7 3 17 55 6 1 31
14 49 33 35.444 -115.97 384 46 188 130 2014 7 3 17 56 6 1 31
14 49 33 35.538 -115.86 374 45 164 130 2014 7 3 17 57 6 1 31
14 49 33 35.589 -115.78 358 43 149 130 2014 7 3 17 58 6 1 31
14 49 33 35.657 -115.7 352 46 132 130 2014 7 3 17 59 6 1 31
14 49 33 35.725 -115.58 314 54 117 130 2014 7 3 18 0 6 1 3
14 49 33 35.767 -115.49 315 59 100 130 2014 7 3 18 1 6 1 3
14 49 33 35.821 -115.4 308 60 87 130 2014 7 3 18 2 6 1 3
14 49 33 35.877 -115.36 296 54 78 130 2014 7 3 18 3 6 1 3
14 49 33 35.963 -115.32 258 21 73 130 2014 7 3 18 4 6 1 3
14 49 33 36.009 -115.26 258 50 73 130 2014 7 3 18 5 6 1 3
14 49 33 36.068 -115.28 198 23 47 130 2014 7 3 18 6 6 1 3
14 49 33 36.073 -115.21 157 85 32 130 2014 7 3 18 7 6 1 3
15 49 33 34.05 -117.63 149 0 24 290 2014 7 4 20 39 15 1 6
15 49 33 34.055 -117.63 161 257 23 290 2014 7 4 20 40 6 1 6
15 49 33 34.084 -117.7 219 13 49 290 2014 7 4 20 41 6 1 6
15 49 33 34.127 -117.76 236 303 69 290 2014 7 4 20 42 6 1 6
15 49 33 34.176 -117.84 270 302 98 290 2014 7 4 20 43 6 1 6
15 49 33 34.23 -117.93 331 307 123 290 2014 7 4 20 44 6 1 6
15 49 33 34.309 -117.99 361 307 156 290 2014 7 4 20 45 6 1 21
15 49 33 34.374 -117.91 334 349 177 290 2014 7 4 20 46 16 1 21
15 49 33 34.423 -117.8 339 6 190 290 2014 7 4 20 47 16 1 21
15 49 33 34.473 -117.71 341 43 197 290 2014 7 4 20 48 6 1 22
15 49 33 34.526 -117.59 376 59 210 290 2014 7 4 20 49 15 1 22
15 49 33 34.591 -117.46 385 58 230 290 2014 7 4 20 50 16 1 22
15 49 33 34.646 -117.35 387 56 238 290 2014 7 4 20 51 16 1 22
15 49 33 34.703 -117.23 405 59 255 290 2014 7 4 20 52 15 1 43
15 49 33 34.762 -117.11 417 59 269 270 2014 7 4 20 53 6 1 43
15 49 33 34.821 -116.99 419 59 270 270 2014 7 4 20 54 6 1 43
15 49 33 34.882 -116.86 436 59 270 270 2014 7 4 20 55 15 1 43
15 49 33 34.955 -116.71 434 59 261 270 2014 7 4 20 56 6 1 43
15 49 33 35.013 -116.59 425 59 250 270 2014 7 4 20 57 6 1 43
15 49 33 35.07 -116.47 414 59 240 270 2014 7 4 20 58 6 1 43
15 49 33 35.134 -116.36 407 59 240 130 2014 7 4 20 59 16 1 43
15 49 33 35.214 -116.26 398 53 240 130 2014 7 4 21 0 15 1 43
15 49 33 35.291 -116.16 399 49 230 130 2014 7 4 21 1 16 1 31
15 49 33 35.38 -116.05 388 45 205 130 2014 7 4 21 2 15 1 31
15 49 33 35.452 -115.96 378 46 184 130 2014 7 4 21 3 6 1 31
15 49 33 35.519 -115.87 372 44 164 130 2014 7 4 21 4 15 1 31
15 49 33 35.588 -115.79 359 49 144 130 2014 7 4 21 5 15 1 31
15 49 33 35.675 -115.69 358 41 130 130 2014 7 4 21 6 6 1 31
15 49 33 35.739 -115.66 313 43 129 130 2014 7 4 21 7 6 1 31
15 49 33 35.82 -115.62 303 20 120 130 2014 7 4 21 8 6 1 3
15 49 33 35.912 -115.59 317 19 120 130 2014 7 4 21 9 18 1 3
15 49 33 35.982 -115.53 308 40 120 130 2014 7 4 21 10 15 1 3
15 49 33 35.982 -115.53 308 40 120 130 2014 7 4 21 11 6 1 3
15 49 33 36.026 -115.31 288 76 105 130 2014 7 4 21 12 16 1 3
15 49 33 36.026 -115.31 288 76 105 130 2014 7 4 21 13 6 1 3
15 49 33 36.016 -115.15 262 95 85 130 2014 7 4 21 14 15 1 3
15 49 33 36.009 -115.07 228 94 80 130 2014 7 4 21 15 15 1 3
15 49 33 36.005 -115 193 94 72 130 2014 7 4 21 16 16 1 3
15 49 33 36.011 -114.93 212 94 60 130 2014 7 4 21 17 16 1 3
15 49 33 36.066 -114.95 216 57 53 130 2014 7 4 21 18 6 1 3
15 49 33 36.072 -115.01 189 320 40 130 2014 7 4 21 19 6 1 3
15 49 33 36.072 -115.07 175 270 29 130 2014 7 4 21 20 16 1 3
15 49 33 36.073 -115.1 171 270 25 130 2014 7 4 21 21 15 1 3
15 49 33 36.072 -115.15 159 269 20 130 2014 7 4 21 22 6 1 3
17 49 33 34.056 -117.64 171 0 24 290 2014 7 4 4 7 6 1 6
17 49 33 34.054 -117.71 201 269 46 290 2014 7 4 4 8 6 1 6
17 49 33 34.089 -117.8 253 307 70 290 2014 7 4 4 9 6 1 6
17 49 33 34.148 -117.86 278 283 96 290 2014 7 4 4 10 6 1 6
17 49 33 34.204 -117.93 289 306 125 290 2014 7 4 4 11 6 1 6
17 49 33 34.279 -117.92 309 316 145 290 2014 7 4 4 12 15 1 21
17 49 33 34.328 -117.82 338 339 158 290 2014 7 4 4 13 6 1 21
17 49 33 34.389 -117.71 382 36 179 290 2014 7 4 4 14 6 1 21
17 49 33 34.444 -117.6 383 58 206 290 2014 7 4 4 15 6 1 21
17 49 33 34.501 -117.49 383 57 206 290 2014 7 4 4 16 6 1 21
17 49 33 34.5 -117.49 378 57 222 290 2014 7 4 4 17 6 1 21
17 49 33 34.616 -117.26 401 58 253 290 2014 7 4 4 18 16 1 43
17 49 33 34.679 -117.14 425 58 264 290 2014 7 4 4 19 15 1 43
17 49 33 34.755 -116.99 436 58 283 290 2014 7 4 4 20 15 1 43
17 49 33 34.82 -116.86 444 58 290 290 2014 7 4 4 21 6 1 43
17 49 33 34.884 -116.73 448 58 290 290 2014 7 4 4 22 6 1 43
17 49 33 34.95 -116.6 448 57 290 290 2014 7 4 4 23 6 1 43
17 49 33 35.028 -116.49 429 58 258 130 2014 7 4 4 24 15 1 43
17 49 33 35.109 -116.39 423 53 241 130 2014 7 4 4 25 15 1 43
17 49 33 35.184 -116.3 395 47 240 130 2014 7 4 4 26 15 1 43
17 49 33 35.184 -116.3 395 47 240 130 2014 7 4 4 27 8 1 43
17 49 33 35.272 -116.19 385 45 240 130 2014 7 4 4 28 6 1 43
17 49 33 35.35 -116.09 402 45 216 130 2014 7 4 4 29 6 1 31
17 49 33 35.452 -115.96 398 45 188 130 2014 7 4 4 30 6 1 31
17 49 33 35.513 -115.89 390 45 172 130 2014 7 4 4 31 6 1 31
17 49 33 35.587 -115.8 364 45 150 130 2014 7 4 4 32 6 1 31
17 49 33 35.635 -115.73 361 44 136 130 2014 7 4 4 33 15 1 31
17 49 33 35.714 -115.63 342 45 130 130 2014 7 4 4 34 6 1 31
17 49 33 35.801 -115.57 313 31 130 130 2014 7 4 4 35 6 1 3
17 49 33 35.884 -115.57 302 3 130 130 2014 7 4 4 36 6 1 3
17 49 33 35.964 -115.55 323 8 130 130 2014 7 4 4 37 6 1 3
17 49 33 36.009 -115.45 339 64 116 130 2014 7 4 4 38 16 1 3
17 49 33 36.029 -115.35 312 74 110 130 2014 7 4 4 39 16 1 3
17 49 33 36.022 -115.25 287 95 96 130 2014 7 4 4 40 15 1 3
17 49 33 36.016 -115.15 283 94 83 130 2014 7 4 4 41 6 1 3
17 49 33 36.01 -115.06 270 93 80 130 2014 7 4 4 42 15 1 3
17 49 33 36.014 -114.98 220 87 74 130 2014 7 4 4 43 15 1 3
17 49 33 36.053 -114.95 203 39 63 130 2014 7 4 4 44 16 1 3
17 49 33 36.074 -115 185 299 46 130 2014 7 4 4 45 15 1 3
17 49 33 36.074 -115.05 166 269 34 130 2014 7 4 4 46 6 1 3
17 49 33 36.074 -115.11 154 270 24 130 2014 7 4 4 47 16 1 3
18 49 33 34.056 -117.63 165 0 290 290 2014 7 4 13 53 6 1 43
18 49 33 34.055 -117.68 201 268 28 290 2014 7 4 13 54 16 1 6
18 49 33 34.076 -117.78 249 268 62 290 2014 7 4 13 55 15 1 6
18 49 33 34.126 -117.84 256 312 91 290 2014 7 4 13 56 15 1 6
18 49 33 34.186 -117.91 293 298 124 290 2014 7 4 13 57 16 1 6
18 49 33 34.27 -117.89 348 315 144 290 2014 7 4 13 58 15 1 21
18 49 33 34.325 -117.79 366 343 173 290 2014 7 4 13 59 6 1 21
18 49 33 34.225 -117.77 366 171 173 290 2014 7 4 14 0 15 1 21
18 49 33 34.445 -117.56 388 71 230 290 2014 7 4 14 1 6 1 21
18 49 33 34.506 -117.45 400 57 250 290 2014 7 4 14 2 6 1 43
18 49 33 34.569 -117.33 418 71 250 290 2014 7 4 14 3 16 1 43
18 49 33 34.569 -117.33 418 71 250 290 2014 7 4 14 4 6 1 43
18 49 33 34.636 -117.21 419 57 271 290 2014 7 4 14 5 16 1 43
18 49 33 34.77 -116.98 419 54 271 290 2014 7 4 14 6 16 1 43
18 49 33 34.849 -116.84 419 55 290 290 2014 7 4 14 7 16 1 43
18 49 33 34.915 -116.73 420 54 290 290 2014 7 4 14 8 6 1 43
18 49 33 34.983 -116.61 422 54 281 290 2014 7 4 14 9 6 1 43
18 49 33 35.049 -116.49 423 55 256 290 2014 7 4 14 10 16 1 43
18 49 33 35.117 -116.38 421 55 240 130 2014 7 4 14 11 15 1 43
18 49 33 35.198 -116.28 421 45 240 130 2014 7 4 14 12 15 1 43
18 49 33 35.196 -116.28 401 51 240 130 2014 7 4 14 13 6 1 43
18 49 33 35.273 -116.19 398 49 230 130 2014 7 4 14 14 6 1 31
18 49 33 35.347 -116.09 392 45 210 130 2014 7 4 14 15 6 1 31
18 49 33 35.452 -115.96 378 45 183 130 2014 7 4 14 16 6 1 31
18 49 33 35.56 -115.83 355 46 156 130 2014 7 4 14 17 6 1 31
18 49 33 35.628 -115.74 348 45 143 130 2014 7 4 14 18 6 1 31
18 49 33 35.679 -115.68 349 45 130 130 2014 7 4 14 19 15 1 31
18 49 33 35.78 -115.58 347 45 130 130 2014 7 4 14 20 16 1 3
18 49 33 35.794 -115.57 352 39 130 130 2014 7 4 14 21 6 1 3
18 49 33 35.961 -115.55 353 1 130 130 2014 7 4 14 22 6 1 3
18 49 33 36.005 -115.46 352 20 114 130 2014 7 4 14 23 6 1 3
18 49 33 36.03 -115.36 308 67 109 130 2014 7 4 14 24 6 1 3
18 49 33 36.02 -115.23 268 84 93 130 2014 7 4 14 25 15 1 3
18 49 33 36.02 -115.22 278 95 92 130 2014 7 4 14 26 15 1 3
18 49 33 36.014 -115.12 271 94 80 130 2014 7 4 14 27 15 1 3
18 49 33 36.009 -115.04 254 94 68 130 2014 7 4 14 28 6 1 3
18 49 33 36.021 -114.92 223 94 52 130 2014 7 4 14 29 16 1 3
18 49 33 36.047 -114.92 218 71 47 130 2014 7 4 14 30 6 1 3
18 49 33 36.074 -115.01 176 302 38 130 2014 7 4 14 31 16 1 3
18 49 33 36.072 -115.06 159 270 30 130 2014 7 4 14 32 6 1 3
18 49 33 36.074 -115.09 154 267 26 130 2014 7 4 14 33 6 1 3
18 49 33 36.073 -115.14 150 270 20 130 2014 7 4 14 34 15 1 3
20 49 33 34.056 -117.62 125 244 20 290 2014 7 4 23 39 15 1 6
20 49 33 34.056 -117.68 178 270 39 290 2014 7 4 23 40 15 1 6
20 49 33 34.06 -117.75 205 276 60 290 2014 7 4 23 41 6 1 6
20 49 33 34.116 -117.83 284 272 85 290 2014 7 4 23 42 6 1 6
20 49 33 34.174 -117.9 294 296 122 290 2014 7 4 23 43 6 1 6
20 49 33 34.263 -117.86 340 313 153 290 2014 7 4 23 44 6 1 21
20 49 33 34.267 -117.74 353 349 186 290 2014 7 4 23 45 16 1 21
20 49 33 34.303 -117.62 383 17 215 290 2014 7 4 23 46 6 1 21
20 49 33 34.37 -117.52 389 78 240 290 2014 7 4 23 47 6 1 43
20 49 33 34.428 -117.39 408 60 267 290 2014 7 4 23 48 6 1 43
20 49 33 34.484 -117.27 410 56 290 290 2014 7 4 23 49 6 1 43
20 49 33 34.536 -117.15 409 60 290 290 2014 7 4 23 50 6 1 43
20 49 33 34.587 -117.03 408 61 290 290 2014 7 4 23 51 6 1 43
20 49 33 34.644 -116.91 431 62 306 290 2014 7 4 23 52 16 1 43
20 49 33 34.731 -116.8 435 54 310 290 2014 7 4 23 53 6 1 43
20 49 33 34.844 -116.69 435 52 310 290 2014 7 4 23 54 6 1 43
20 49 33 34.939 -116.6 444 40 294 290 2014 7 4 23 55 6 1 43
20 49 33 35.028 -116.49 444 38 262 290 2014 7 4 23 56 6 1 43
20 49 33 35.112 -116.39 443 41 240 130 2014 7 4 23 57 16 1 43
20 49 33 35.189 -116.29 400 44 240 130 2014 7 4 23 58 6 1 43
20 49 33 35.264 -116.2 389 45 240 130 2014 7 4 23 59 6 1 43
20 49 33 35.337 -116.1 388 45 219 130 2014 7 5 0 0 6 1 31
20 49 33 35.409 -116.01 376 45 198 130 2014 7 5 0 1 16 1 31
20 49 33 35.494 -115.91 368 46 174 130 2014 7 5 0 2 6 1 31
20 49 33 35.564 -115.82 365 41 154 130 2014 7 5 0 3 6 1 31
20 49 33 35.636 -115.74 355 42 134 130 2014 7 5 0 4 16 1 31
20 49 33 35.705 -115.66 340 48 121 130 2014 7 5 0 5 16 1 31
20 49 33 35.75 -115.54 349 61 105 130 2014 7 5 0 6 6 1 3
20 49 33 35.791 -115.44 323 62 100 130 2014 7 5 0 7 16 1 3
20 49 33 35.844 -115.39 264 44 91 130 2014 7 5 0 8 15 1 3
20 49 33 35.915 -115.35 259 22 73 130 2014 7 5 0 9 16 1 3
20 49 33 35.977 -115.32 238 21 63 130 2014 7 5 0 10 6 1 3
20 49 33 36.026 -115.31 186 16 53 130 2014 7 5 0 11 6 1 3
20 49 33 36.071 -115.29 158 16 43 130 2014 7 5 0 12 16 1 3
20 49 33 36.073 -115.24 146 87 34 130 2014 7 5 0 13 15 1 3
20 49 33 36.072 -115.2 140 86 27 130 2014 7 5 0 14 6 1 3
20 49 33 36.074 -115.19 141 92 26 130 2014 7 5 0 15 6 1 3
20 49 33 36.074 -115.15 141 89 20 130 2014 7 5 0 16 6 1 3
