6 49 53 34.056 -117.6 158 0 9 320 2014 7 2 9 36 15 1 6
6 49 53 34.055 -117.57 177 0 21 320 2014 7 2 9 37 15 1 6
6 49 53 34.018 -117.57 184 93 45 320 2014 7 2 9 38 15 1 6
6 49 53 34.046 -117.65 225 150 62 320 2014 7 2 9 39 15 1 6
6 49 53 34.139 -117.82 316 300 113 320 2014 7 2 9 40 15 1 6
6 49 53 34.139 -117.82 316 300 113 320 2014 7 2 9 41 6 1 6
6 49 53 34.263 -118.05 416 302 161 320 2014 7 2 9 42 15 1 21
6 49 53 34.348 -118.14 432 303 188 320 2014 7 2 9 43 15 1 21
6 49 53 34.458 -118.21 447 310 211 320 2014 7 2 9 44 15 1 22
6 49 53 34.458 -118.21 447 310 211 320 2014 7 2 9 45 6 1 22
6 49 53 34.674 -118.35 469 331 250 320 2014 7 2 9 46 15 1 53
6 49 53 34.704 -118.38 463 331 254 320 2014 7 2 9 47 15 1 53
6 49 53 34.822 -118.45 472 331 277 320 2014 7 2 9 48 15 1 53
6 49 53 34.938 -118.53 473 331 299 340 2014 7 2 9 49 15 1 53
6 49 53 35.056 -118.61 471 331 315 340 2014 7 2 9 50 16 1 53
6 49 53 35.168 -118.68 470 331 332 340 2014 7 2 9 51 6 1 53
6 49 53 35.281 -118.76 466 331 340 340 2014 7 2 9 52 15 1 53
6 49 53 35.481 -118.89 460 331 339 340 2014 7 2 9 53 15 1 53
6 49 53 35.593 -118.97 460 331 340 340 2014 7 2 9 54 15 1 53
6 49 53 35.706 -119.04 465 331 340 340 2014 7 2 9 55 16 1 53
6 49 53 35.729 -119.06 466 331 340 340 2014 7 2 9 56 6 1 53
6 49 53 35.948 -119.17 470 336 339 340 2014 7 2 9 57 15 1 53
6 49 53 36.073 -119.21 471 342 340 340 2014 7 2 9 58 15 1 53
6 49 53 36.123 -119.23 472 342 340 340 2014 7 2 9 59 6 4 187
6 49 53 36.248 -119.28 472 342 340 340 2014 7 2 10 0 15 4 187
6 49 53 36.373 -119.33 473 342 340 340 2014 7 2 10 1 6 4 187
6 49 53 36.498 -119.38 473 342 340 340 2014 7 2 10 2 15 4 187
6 49 53 36.624 -119.43 473 342 340 340 2014 7 2 10 3 6 4 187
6 49 53 36.749 -119.48 473 342 339 340 2014 7 2 10 4 15 4 187
6 49 53 36.875 -119.53 474 342 340 340 2014 7 2 10 5 15 4 187
6 49 53 37.001 -119.58 476 342 340 340 2014 7 2 10 6 6 4 187
6 49 53 37.128 -119.63 477 342 340 340 2014 7 2 10 7 6 4 187
6 49 53 37.254 -119.68 478 342 340 340 2014 7 2 10 8 15 4 187
6 49 53 37.393 -119.73 479 342 340 340 2014 7 2 10 9 16 4 187
6 49 53 37.519 -119.78 479 342 340 340 2014 7 2 10 10 16 4 184
6 49 53 37.645 -119.84 479 342 340 340 2014 7 2 10 11 6 4 184
6 49 53 37.772 -119.89 478 342 340 340 2014 7 2 10 12 15 4 184
6 49 53 37.898 -119.94 478 342 340 340 2014 7 2 10 13 6 4 184
6 49 53 38.025 -119.99 478 342 340 340 2014 7 2 10 14 15 4 184
6 49 53 38.15 -120.04 477 342 340 340 2014 7 2 10 15 15 4 185
6 49 53 38.276 -120.09 477 342 340 340 2014 7 2 10 16 6 4 185
6 49 53 38.401 -120.15 476 342 340 340 2014 7 2 10 17 15 4 185
6 49 53 38.526 -120.2 475 342 340 340 2014 7 2 10 18 15 4 185
6 49 53 38.652 -120.25 475 342 340 340 2014 7 2 10 19 6 4 185
6 49 53 38.778 -120.3 475 342 340 340 2014 7 2 10 20 15 4 185
6 49 53 38.902 -120.35 475 342 340 340 2014 7 2 10 21 6 4 185
6 49 53 39.029 -120.41 479 341 340 340 2014 7 2 10 22 15 4 185
6 49 53 39.156 -120.46 480 341 340 340 2014 7 2 10 23 15 4 185
6 49 53 39.282 -120.51 480 341 340 340 2014 7 2 10 24 15 4 186
6 49 53 39.408 -120.57 480 341 340 340 2014 7 2 10 25 16 4 186
6 49 53 39.514 -120.61 480 341 340 340 2014 7 2 10 26 6 4 186
6 49 53 39.661 -120.68 479 341 340 340 2014 7 2 10 27 15 4 186
6 49 53 39.767 -120.72 480 341 340 340 2014 7 2 10 28 15 4 186
6 49 53 39.894 -120.77 480 341 340 340 2014 7 2 10 29 15 4 186
6 49 53 40.019 -120.83 475 341 340 340 2014 7 2 10 30 16 4 186
6 49 53 40.168 -120.9 473 341 340 340 2014 7 2 10 31 15 4 186
6 49 53 40.292 -120.95 473 341 340 340 2014 7 2 10 32 15 4 186
6 49 53 40.416 -121.01 473 341 340 340 2014 7 2 10 33 15 4 186
6 49 53 40.541 -121.06 473 341 340 340 2014 7 2 10 34 6 4 186
6 49 53 40.651 -121.11 474 341 340 340 2014 7 2 10 35 15 4 186
6 49 53 40.776 -121.17 474 341 340 340 2014 7 2 10 36 6 4 186
6 49 53 40.914 -121.23 474 341 340 340 2014 7 2 10 37 15 4 186
6 49 53 41.028 -121.28 472 341 340 340 2014 7 2 10 38 15 3 141
6 49 53 41.153 -121.33 472 341 340 340 2014 7 2 10 39 7 3 141
6 49 53 41.276 -121.39 473 341 340 340 2014 7 2 10 40 6 3 141
6 49 53 41.401 -121.45 473 341 340 340 2014 7 2 10 41 6 3 141
6 49 53 41.525 -121.5 473 341 340 340 2014 7 2 10 42 15 3 141
6 49 53 41.649 -121.56 473 341 340 340 2014 7 2 10 43 15 3 141
6 49 53 41.771 -121.61 474 341 340 340 2014 7 2 10 44 15 3 141
6 49 53 41.896 -121.67 475 341 340 340 2014 7 2 10 45 6 3 141
6 49 53 42.019 -121.73 475 340 340 340 2014 7 2 10 46 6 3 141
6 49 53 42.166 -121.8 475 341 340 340 2014 7 2 10 47 15 3 141
6 49 53 42.267 -121.84 476 341 340 340 2014 7 2 10 48 15 3 141
6 49 53 42.391 -121.9 477 341 340 340 2014 7 2 10 49 15 3 141
6 49 53 42.516 -121.96 477 340 340 340 2014 7 2 10 50 6 3 141
6 49 53 42.641 -122.02 478 340 340 340 2014 7 2 10 51 15 3 141
6 49 53 42.767 -122.08 479 340 340 340 2014 7 2 10 52 15 3 141
6 49 53 42.894 -122.14 481 340 340 340 2014 7 2 10 53 15 3 141
6 49 53 43.021 -122.2 482 340 340 340 2014 7 2 10 54 6 3 141
6 49 53 43.153 -122.26 483 340 340 340 2014 7 2 10 55 16 3 141
6 49 53 43.28 -122.33 485 340 340 340 2014 7 2 10 56 6 3 141
6 49 53 43.408 -122.39 486 340 340 340 2014 7 2 10 57 16 3 141
6 49 53 43.536 -122.45 487 340 340 340 2014 7 2 10 58 6 3 135
6 49 53 43.665 -122.51 490 340 337 340 2014 7 2 10 59 15 3 135
6 49 53 43.795 -122.58 494 340 327 340 2014 7 2 11 0 6 3 136
6 49 53 43.924 -122.64 495 340 317 340 2014 7 2 11 1 6 3 136
6 49 53 44.054 -122.7 497 340 307 340 2014 7 2 11 2 8 3 136
6 49 53 44.192 -122.74 506 340 294 340 2014 7 2 11 3 6 3 136
6 49 53 44.332 -122.74 496 344 270 340 2014 7 2 11 4 6 3 136
6 49 53 44.466 -122.72 491 355 245 340 2014 7 2 11 5 6 3 136
6 49 53 44.598 -122.71 475 3 221 340 2014 7 2 11 6 6 3 130
6 49 53 44.725 -122.69 454 4 200 340 2014 7 2 11 7 6 3 130
6 49 53 44.95 -122.63 429 3 149 340 2014 7 2 11 8 15 3 130
6 49 53 45.046 -122.57 409 22 113 340 2014 7 2 11 9 15 3 112
6 49 53 45.074 -122.55 416 24 106 340 2014 7 2 11 10 6 3 112
6 49 53 45.164 -122.5 342 22 93 340 2014 7 2 11 11 6 3 112
6 49 53 45.292 -122.42 280 22 58 340 2014 7 2 11 12 17 3 112
6 49 53 45.316 -122.41 285 21 52 340 2014 7 2 11 13 6 3 112
6 49 53 45.428 -122.34 248 22 33 340 2014 7 2 11 14 15 3 112
6 49 53 45.454 -122.33 252 21 30 340 2014 7 2 11 15 6 3 112
6 49 53 45.502 -122.38 202 346 26 340 2014 7 2 11 16 6 3 112
6 49 53 45.531 -122.43 179 319 21 340 2014 7 2 11 17 6 3 112
6 49 53 45.552 -122.49 156 299 14 340 2014 7 2 11 18 6 3 112
6 49 53 45.568 -122.53 132 299 7 340 2014 7 2 11 19 6 3 112
6 49 53 45.586 -122.57 128 300 340 340 2014 7 2 11 20 6 3 135
7 49 53 34.056 -117.62 168 244 19 380 2014 7 2 13 17 15 1 6
7 49 53 34.069 -117.69 203 270 38 380 2014 7 2 13 18 15 1 6
7 49 53 34.104 -117.75 223 287 62 380 2014 7 2 13 19 15 1 6
7 49 53 34.139 -117.82 234 294 85 380 2014 7 2 13 20 6 1 6
7 49 53 34.18 -117.89 254 302 102 380 2014 7 2 13 21 6 1 6
7 49 53 34.227 -117.98 301 303 116 380 2014 7 2 13 22 6 1 6
7 49 53 34.28 -118.08 343 310 129 380 2014 7 2 13 23 6 1 6
7 49 53 34.344 -118.17 370 303 147 380 2014 7 2 13 24 6 1 21
7 49 53 34.423 -118.29 379 305 169 380 2014 7 2 13 25 6 1 32
7 49 53 34.492 -118.39 382 308 187 380 2014 7 2 13 26 6 1 32
7 49 53 34.571 -118.48 395 310 204 380 2014 7 2 13 27 6 1 32
7 49 53 34.672 -118.54 406 334 218 380 2014 7 2 13 28 16 1 32
7 49 53 34.785 -118.59 425 342 233 380 2014 7 2 13 29 6 1 32
7 49 53 34.901 -118.63 423 342 245 380 2014 7 2 13 30 6 1 53
7 49 53 35.016 -118.68 428 342 258 380 2014 7 2 13 31 6 1 53
7 49 53 35.136 -118.72 447 342 267 380 2014 7 2 13 32 16 1 53
7 49 53 35.257 -118.77 454 341 280 380 2014 7 2 13 33 6 1 53
7 49 53 35.379 -118.82 458 342 289 380 2014 7 2 13 34 15 1 53
7 49 53 35.502 -118.86 458 345 289 380 2014 7 2 13 35 6 1 53
7 49 53 35.615 -118.91 454 342 317 380 2014 7 2 13 36 9 1 53
7 49 53 35.733 -118.96 450 341 328 380 2014 7 2 13 37 6 1 53
7 49 53 35.76 -118.97 451 341 331 380 2014 7 2 13 38 6 1 53
7 49 53 35.989 -119.06 434 342 354 380 2014 7 2 13 39 16 1 53
7 49 53 36.078 -119.1 435 161 360 380 2014 7 2 13 40 6 1 53
7 49 53 36.102 -119.11 433 341 360 380 2014 7 2 13 41 6 1 53
7 49 53 36.316 -119.2 450 342 360 380 2014 7 2 13 42 6 4 187
7 49 53 36.437 -119.25 454 341 368 380 2014 7 2 13 43 6 4 187
7 49 53 36.576 -119.3 442 341 379 380 2014 7 2 13 44 6 4 187
7 49 53 36.693 -119.35 441 341 380 380 2014 7 2 13 45 6 4 187
7 49 53 36.813 -119.4 452 342 380 380 2014 7 2 13 46 15 4 187
7 49 53 36.934 -119.44 452 345 380 380 2014 7 2 13 47 6 4 187
7 49 53 36.934 -119.45 458 343 380 380 2014 7 2 13 48 6 4 187
7 49 53 37.054 -119.5 457 342 380 380 2014 7 2 13 49 6 4 187
7 49 53 37.291 -119.6 453 341 380 380 2014 7 2 13 50 6 4 187
7 49 53 37.413 -119.65 452 341 380 380 2014 7 2 13 51 6 4 187
7 49 53 37.533 -119.7 452 341 380 380 2014 7 2 13 52 16 4 184
7 49 53 37.654 -119.75 455 341 380 380 2014 7 2 13 53 16 4 184
7 49 53 37.775 -119.8 458 341 380 380 2014 7 2 13 54 6 4 184
7 49 53 37.898 -119.84 458 345 380 380 2014 7 2 13 55 16 4 184
7 49 53 37.896 -119.85 458 343 380 380 2014 7 2 13 56 6 4 184
7 49 53 38.016 -119.91 458 341 380 380 2014 7 2 13 57 6 4 184
7 49 53 38.284 -120.02 462 341 380 380 2014 7 2 13 58 15 4 185
7 49 53 38.284 -120.02 462 341 380 380 2014 7 2 13 59 6 4 185
7 49 53 38.406 -120.07 462 341 380 380 2014 7 2 14 0 6 4 185
7 49 53 38.526 -120.12 461 341 380 380 2014 7 2 14 1 6 4 185
7 49 53 38.649 -120.17 463 341 380 380 2014 7 2 14 2 6 4 185
7 49 53 38.772 -120.23 464 341 380 380 2014 7 2 14 3 6 4 185
7 49 53 38.893 -120.28 464 341 380 380 2014 7 2 14 4 6 4 185
7 49 53 39.015 -120.33 464 341 380 380 2014 7 2 14 5 16 4 185
7 49 53 39.137 -120.38 464 341 380 380 2014 7 2 14 6 6 4 185
7 49 53 39.321 -120.47 463 341 380 380 2014 7 2 14 7 6 4 186
7 49 53 39.443 -120.52 463 341 380 380 2014 7 2 14 8 16 4 186
7 49 53 39.564 -120.57 463 341 380 380 2014 7 2 14 9 6 4 186
7 49 53 39.767 -120.66 462 341 380 380 2014 7 2 14 10 16 4 186
7 49 53 39.806 -120.68 458 341 380 380 2014 7 2 14 11 7 4 186
7 49 53 39.927 -120.73 459 341 380 380 2014 7 2 14 12 6 4 186
7 49 53 40.047 -120.78 459 340 380 380 2014 7 2 14 13 6 4 186
7 49 53 40.167 -120.84 458 341 380 380 2014 7 2 14 14 16 4 186
7 49 53 40.287 -120.89 458 341 380 380 2014 7 2 14 15 15 4 186
7 49 53 40.433 -120.96 460 340 380 380 2014 7 2 14 16 16 4 186
7 49 53 40.553 -121.02 461 341 380 380 2014 7 2 14 17 16 4 186
7 49 53 40.663 -121.06 462 340 380 380 2014 7 2 14 18 16 4 186
7 49 53 40.786 -121.12 468 340 380 380 2014 7 2 14 19 7 4 186
7 49 53 40.909 -121.18 468 341 380 380 2014 7 2 14 20 16 4 186
7 49 53 41.032 -121.23 469 339 380 380 2014 7 2 14 21 6 3 141
7 49 53 41.154 -121.29 468 340 380 380 2014 7 2 14 22 16 3 141
7 49 53 41.303 -121.36 470 341 380 380 2014 7 2 14 23 15 3 141
7 49 53 41.427 -121.42 470 339 380 380 2014 7 2 14 24 15 3 141
7 49 53 41.551 -121.48 471 340 380 380 2014 7 2 14 25 16 3 141
7 49 53 41.673 -121.54 470 340 380 370 2014 7 2 14 26 6 3 141
7 49 53 41.797 -121.59 472 340 375 370 2014 7 2 14 27 6 3 141
7 49 53 41.898 -121.64 480 340 371 370 2014 7 2 14 28 6 3 141
7 49 53 42.024 -121.7 483 340 370 370 2014 7 2 14 29 6 3 141
7 49 53 42.174 -121.77 485 340 370 370 2014 7 2 14 30 16 3 141
7 49 53 42.299 -121.83 486 340 370 370 2014 7 2 14 31 6 3 141
7 49 53 42.448 -121.9 484 340 370 370 2014 7 2 14 32 16 3 141
7 49 53 42.572 -121.96 478 340 370 370 2014 7 2 14 33 16 3 141
7 49 53 42.697 -122.03 477 340 370 370 2014 7 2 14 34 16 3 141
7 49 53 42.82 -122.09 473 340 370 360 2014 7 2 14 35 6 3 141
7 49 53 42.943 -122.15 473 340 370 360 2014 7 2 14 36 6 3 141
7 49 53 43.07 -122.21 474 340 365 360 2014 7 2 14 37 16 3 141
7 49 53 43.07 -122.21 474 340 365 360 2014 7 2 14 38 6 3 141
7 49 53 43.201 -122.27 491 340 360 360 2014 7 2 14 39 6 3 141
7 49 53 43.33 -122.34 492 340 360 360 2014 7 2 14 40 6 3 141
7 49 53 43.458 -122.4 490 340 360 360 2014 7 2 14 41 6 3 141
7 49 53 43.584 -122.47 485 340 360 360 2014 7 2 14 42 6 3 135
7 49 53 43.712 -122.53 488 339 360 360 2014 7 2 14 43 6 3 135
7 49 53 43.839 -122.59 487 339 359 360 2014 7 2 14 44 6 3 136
7 49 53 43.991 -122.67 484 340 332 360 2014 7 2 14 45 6 3 136
7 49 53 44.117 -122.73 484 340 307 360 2014 7 2 14 46 11 3 136
7 49 53 44.248 -122.74 478 340 282 360 2014 7 2 14 47 6 3 136
7 49 53 44.359 -122.73 469 348 259 360 2014 7 2 14 48 6 3 136
7 49 53 44.509 -122.72 459 0 232 360 2014 7 2 14 49 6 3 130
7 49 53 44.626 -122.7 430 3 215 360 2014 7 2 14 50 6 3 130
7 49 53 44.792 -122.69 382 3 180 360 2014 7 2 14 51 6 3 130
7 49 53 44.917 -122.68 365 4 156 360 2014 7 2 14 52 16 3 130
7 49 53 44.939 -122.67 371 3 152 360 2014 7 2 14 53 6 3 130
7 49 53 45.038 -122.66 330 5 134 360 2014 7 2 14 54 7 3 112
7 49 53 45.197 -122.64 313 3 98 360 2014 7 2 14 55 16 3 112
7 49 53 45.208 -122.62 314 9 94 360 2014 7 2 14 56 6 3 112
7 49 53 45.289 -122.56 309 29 75 360 2014 7 2 14 57 16 3 112
7 49 53 45.406 -122.47 275 28 47 360 2014 7 2 14 58 6 3 112
7 49 53 45.427 -122.46 276 29 41 360 2014 7 2 14 59 6 3 112
7 49 53 45.496 -122.42 257 27 27 360 2014 7 2 15 0 6 3 112
7 49 53 45.527 -122.45 233 332 24 360 2014 7 2 15 1 6 3 112
7 49 53 45.559 -122.53 152 295 9 360 2014 7 2 15 2 6 3 112
7 49 53 45.575 -122.57 128 300 3 360 2014 7 2 15 3 16 3 112
8 49 53 34.056 -117.63 166 0 380 380 2014 7 2 16 22 16 1 51
8 49 53 34.064 -117.68 193 303 31 380 2014 7 2 16 23 16 1 6
8 49 53 34.105 -117.76 213 276 59 380 2014 7 2 16 24 6 1 6
8 49 53 34.141 -117.82 226 294 79 380 2014 7 2 16 25 16 1 6
8 49 53 34.178 -117.89 240 303 100 380 2014 7 2 16 26 6 1 6
8 49 53 34.218 -117.97 262 303 117 380 2014 7 2 16 27 6 1 6
8 49 53 34.261 -118.04 273 303 141 380 2014 7 2 16 28 6 1 21
8 49 53 34.317 -118.14 292 310 156 380 2014 7 2 16 29 6 1 21
8 49 53 34.289 -118.23 292 250 156 380 2014 7 2 16 30 6 1 21
8 49 53 34.441 -118.32 367 307 173 380 2014 7 2 16 31 6 1 32
8 49 53 34.512 -118.38 384 308 189 380 2014 7 2 16 32 6 1 32
8 49 53 34.613 -118.43 391 326 203 380 2014 7 2 16 33 6 1 32
8 49 53 34.718 -118.48 401 340 217 380 2014 7 2 16 34 6 1 32
8 49 53 34.828 -118.53 409 338 228 380 2014 7 2 16 35 16 1 32
8 49 53 34.937 -118.58 417 339 240 380 2014 7 2 16 36 6 1 53
8 49 53 34.982 -118.6 428 338 245 380 2014 7 2 16 37 6 1 53
8 49 53 35.097 -118.65 436 339 255 380 2014 7 2 16 38 6 1 53
8 49 53 35.216 -118.7 445 342 265 380 2014 7 2 16 39 6 1 53
8 49 53 35.428 -118.78 446 342 283 380 2014 7 2 16 40 16 1 53
8 49 53 35.476 -118.8 450 341 286 380 2014 7 2 16 41 6 1 53
8 49 53 35.599 -118.85 458 342 299 380 2014 7 2 16 42 6 1 53
8 49 53 35.716 -118.9 454 341 308 380 2014 7 2 16 43 6 1 53
8 49 53 35.832 -118.94 447 341 318 380 2014 7 2 16 44 6 1 53
8 49 53 35.949 -118.99 445 342 330 380 2014 7 2 16 45 6 1 53
8 49 53 36.084 -119.05 434 341 344 380 2014 7 2 16 46 6 1 53
8 49 53 36.197 -119.09 427 341 349 380 2014 7 2 16 47 6 4 187
8 49 53 36.309 -119.14 428 342 356 380 2014 7 2 16 48 16 4 187
8 49 53 36.423 -119.19 434 342 361 380 2014 7 2 16 49 6 4 187
8 49 53 36.538 -119.23 436 341 366 380 2014 7 2 16 50 6 4 187
8 49 53 36.667 -119.31 432 338 372 380 2014 7 2 16 51 6 4 187
8 49 53 36.729 -119.35 433 334 375 380 2014 7 2 16 52 6 4 187
8 49 53 36.835 -119.42 432 331 380 380 2014 7 2 16 53 6 4 187
8 49 53 36.942 -119.49 431 332 380 380 2014 7 2 16 54 6 4 187
8 49 53 37.05 -119.56 440 330 380 380 2014 7 2 16 55 6 4 187
8 49 53 37.169 -119.62 457 332 380 380 2014 7 2 16 56 6 4 187
8 49 53 37.289 -119.66 455 338 380 380 2014 7 2 16 57 6 4 187
8 49 53 37.427 -119.72 452 341 380 380 2014 7 2 16 58 6 4 187
8 49 53 37.545 -119.77 451 342 380 380 2014 7 2 16 59 6 4 184
8 49 53 37.665 -119.82 451 341 380 380 2014 7 2 17 0 6 4 184
8 49 53 37.784 -119.87 451 341 380 380 2014 7 2 17 1 6 4 184
8 49 53 37.904 -119.91 451 342 380 380 2014 7 2 17 2 6 4 184
8 49 53 38.023 -119.96 451 342 380 380 2014 7 2 17 3 6 4 184
8 49 53 38.141 -120.01 451 342 380 380 2014 7 2 17 4 6 4 185
8 49 53 38.283 -120.07 451 341 380 380 2014 7 2 17 5 6 4 185
8 49 53 38.403 -120.12 451 341 380 380 2014 7 2 17 6 6 4 185
8 49 53 38.522 -120.17 451 342 380 380 2014 7 2 17 7 6 4 185
8 49 53 38.643 -120.22 453 341 380 380 2014 7 2 17 8 6 4 185
8 49 53 38.762 -120.27 453 341 380 380 2014 7 2 17 9 6 4 185
8 49 53 38.883 -120.32 456 341 380 380 2014 7 2 17 10 6 4 185
8 49 53 39.005 -120.38 456 341 380 380 2014 7 2 17 11 6 4 185
8 49 53 39.15 -120.44 458 341 380 380 2014 7 2 17 12 6 4 185
8 49 53 39.269 -120.49 454 342 380 380 2014 7 2 17 13 6 4 186
8 49 53 39.392 -120.54 459 341 380 380 2014 7 2 17 14 6 4 186
8 49 53 39.511 -120.59 458 341 380 380 2014 7 2 17 15 6 4 186
8 49 53 39.634 -120.65 459 342 380 380 2014 7 2 17 16 7 4 186
8 49 53 39.756 -120.7 460 341 380 380 2014 7 2 17 17 6 4 186
8 49 53 39.878 -120.75 460 341 380 380 2014 7 2 17 18 16 4 186
8 49 53 39.999 -120.8 461 341 380 380 2014 7 2 17 19 6 4 186
8 49 53 40.143 -120.87 461 341 380 380 2014 7 2 17 20 16 4 186
8 49 53 40.243 -120.91 463 341 380 380 2014 7 2 17 21 6 4 186
8 49 53 40.388 -120.98 463 341 380 380 2014 7 2 17 22 6 4 186
8 49 53 40.511 -121.03 465 340 380 380 2014 7 2 17 23 6 4 186
8 49 53 40.633 -121.09 466 341 380 380 2014 7 2 17 24 6 4 186
8 49 53 40.64 -121.09 465 341 380 380 2014 7 2 17 25 6 4 186
8 49 53 40.765 -121.15 468 340 380 380 2014 7 2 17 26 6 4 186
8 49 53 40.907 -121.21 475 342 380 380 2014 7 2 17 27 6 4 186
8 49 53 41.029 -121.27 471 340 380 380 2014 7 2 17 28 6 3 141
8 49 53 41.136 -121.31 470 341 380 380 2014 7 2 17 29 6 3 141
8 49 53 41.258 -121.37 463 340 380 380 2014 7 2 17 30 6 3 141
8 49 53 41.408 -121.44 478 340 380 380 2014 7 2 17 31 6 3 141
8 49 53 41.532 -121.5 474 341 380 380 2014 7 2 17 32 6 3 141
8 49 53 41.656 -121.55 474 341 380 380 2014 7 2 17 33 6 3 141
8 49 53 41.755 -121.6 470 340 380 380 2014 7 2 17 34 16 3 141
8 49 53 41.904 -121.67 473 341 380 380 2014 7 2 17 35 16 3 141
8 49 53 42.027 -121.72 472 341 380 380 2014 7 2 17 36 6 3 141
8 49 53 42.173 -121.79 473 341 380 380 2014 7 2 17 37 6 3 141
8 49 53 42.273 -121.84 476 340 380 380 2014 7 2 17 38 6 3 141
8 49 53 42.396 -121.9 478 340 380 380 2014 7 2 17 39 6 3 141
8 49 53 42.521 -121.96 480 340 380 380 2014 7 2 17 40 6 3 141
8 49 53 42.646 -122.01 477 340 380 380 2014 7 2 17 41 7 3 141
8 49 53 42.796 -122.09 478 340 380 380 2014 7 2 17 42 6 3 141
8 49 53 42.921 -122.15 477 340 380 380 2014 7 2 17 43 6 3 141
8 49 53 43.046 -122.21 476 340 380 380 2014 7 2 17 44 6 3 141
8 49 53 43.172 -122.27 481 340 380 380 2014 7 2 17 45 6 3 141
8 49 53 43.296 -122.33 480 340 380 380 2014 7 2 17 46 6 3 141
8 49 53 43.424 -122.39 484 340 380 380 2014 7 2 17 47 9 3 141
8 49 53 43.549 -122.45 482 340 380 380 2014 7 2 17 48 6 3 135
8 49 53 43.674 -122.51 482 340 380 380 2014 7 2 17 49 6 3 135
8 49 53 43.8 -122.58 483 340 377 380 2014 7 2 17 50 6 3 136
8 49 53 43.952 -122.65 485 340 345 380 2014 7 2 17 51 6 3 136
8 49 53 44.082 -122.72 492 340 320 380 2014 7 2 17 52 6 3 136
8 49 53 44.215 -122.75 492 340 294 380 2014 7 2 17 53 16 3 136
8 49 53 44.335 -122.73 479 345 271 380 2014 7 2 17 54 6 3 136
8 49 53 44.46 -122.72 458 359 247 380 2014 7 2 17 55 6 3 136
8 49 53 44.578 -122.71 434 3 224 380 2014 7 2 17 56 6 3 130
8 49 53 44.712 -122.7 410 3 198 380 2014 7 2 17 57 6 3 130
8 49 53 44.817 -122.69 392 2 178 380 2014 7 2 17 58 6 3 130
8 49 53 44.921 -122.68 384 4 156 380 2014 7 2 17 59 6 3 130
8 49 53 45.057 -122.66 312 4 128 380 2014 7 2 18 0 6 3 112
8 49 53 45.111 -122.66 319 5 115 380 2014 7 2 18 1 7 3 112
8 49 53 45.198 -122.65 312 3 94 380 2014 7 2 18 2 16 3 112
8 49 53 45.278 -122.61 298 4 76 380 2014 7 2 18 3 6 3 112
8 49 53 45.35 -122.55 289 25 51 380 2014 7 2 18 4 6 3 112
8 49 53 45.406 -122.5 238 31 50 380 2014 7 2 18 5 16 3 112
8 49 53 45.429 -122.38 222 72 40 380 2014 7 2 18 6 16 3 112
8 49 53 45.458 -122.35 197 77 40 380 2014 7 2 18 7 6 3 112
8 49 53 45.501 -122.38 195 25 30 380 2014 7 2 18 8 6 3 112
8 49 53 45.509 -122.4 190 334 27 380 2014 7 2 18 9 6 3 112
8 49 53 45.549 -122.5 152 298 14 380 2014 7 2 18 10 6 3 112
8 49 53 45.554 -122.52 125 298 11 380 2014 7 2 18 11 11 3 112
8 49 53 45.587 -122.59 136 299 1 380 2014 7 2 18 12 6 3 112
9 49 53 34.056 -117.63 156 244 20 380 2014 7 3 4 13 15 1 6
9 49 53 34.056 -117.67 156 269 20 380 2014 7 3 4 14 16 1 6
9 49 53 34.09 -117.7 156 320 20 380 2014 7 3 4 15 6 1 6
9 49 53 34.067 -117.77 235 300 56 380 2014 7 3 4 16 6 1 6
9 49 53 34.177 -117.93 281 292 106 380 2014 7 3 4 17 16 1 6
9 49 53 34.231 -118.01 297 309 127 380 2014 7 3 4 18 16 1 6
9 49 53 34.231 -118.01 297 309 127 380 2014 7 3 4 19 6 1 6
9 49 53 34.347 -118.18 342 309 159 380 2014 7 3 4 20 16 1 21
9 49 53 34.347 -118.18 342 309 159 380 2014 7 3 4 21 6 1 21
9 49 53 34.414 -118.28 380 315 174 380 2014 7 3 4 22 16 1 32
9 49 53 34.524 -118.44 388 309 199 380 2014 7 3 4 23 16 1 32
9 49 53 34.641 -118.53 412 312 217 380 2014 7 3 4 24 16 1 32
9 49 53 34.739 -118.6 412 330 231 380 2014 7 3 4 25 16 1 32
9 49 53 34.84 -118.66 412 331 246 380 2014 7 3 4 26 6 1 53
9 49 53 34.944 -118.73 414 331 256 380 2014 7 3 4 27 6 1 53
9 49 53 34.986 -118.76 424 332 260 380 2014 7 3 4 28 6 1 53
9 49 53 35.091 -118.83 433 331 270 380 2014 7 3 4 29 6 1 53
9 49 53 35.264 -118.95 438 331 286 380 2014 7 3 4 30 15 1 53
9 49 53 35.383 -118.99 445 334 296 380 2014 7 3 4 31 15 1 53
9 49 53 35.433 -119.01 449 342 300 380 2014 7 3 4 32 6 1 53
9 49 53 35.645 -119.09 450 342 318 380 2014 7 3 4 33 15 1 53
9 49 53 35.766 -119.14 454 342 328 380 2014 7 3 4 34 15 1 53
9 49 53 35.816 -119.16 451 342 332 380 2014 7 3 4 35 15 1 53
9 49 53 35.935 -119.2 450 343 340 380 2014 7 3 4 36 15 1 53
9 49 53 36.057 -119.25 454 342 340 380 2014 7 3 4 37 15 1 53
9 49 53 36.178 -119.3 457 343 341 380 2014 7 3 4 38 15 4 187
9 49 53 36.298 -119.34 457 342 349 380 2014 7 3 4 39 15 4 187
9 49 53 36.419 -119.39 457 342 357 380 2014 7 3 4 40 15 4 187
9 49 53 36.564 -119.45 456 342 367 380 2014 7 3 4 41 6 4 187
9 49 53 36.611 -119.46 458 343 370 380 2014 7 3 4 42 6 4 187
9 49 53 36.754 -119.52 454 342 379 380 2014 7 3 4 43 16 4 187
9 49 53 36.872 -119.57 451 344 380 380 2014 7 3 4 44 15 4 187
9 49 53 36.992 -119.61 451 342 380 380 2014 7 3 4 45 15 4 187
9 49 53 37.111 -119.66 449 342 380 380 2014 7 3 4 46 15 4 187
9 49 53 37.227 -119.71 444 342 380 380 2014 7 3 4 47 15 4 187
9 49 53 37.343 -119.75 441 342 380 380 2014 7 3 4 48 6 4 187
9 49 53 37.452 -119.8 440 342 380 380 2014 7 3 4 49 15 4 184
9 49 53 37.591 -119.85 440 342 380 380 2014 7 3 4 50 15 4 184
9 49 53 37.708 -119.9 439 342 380 380 2014 7 3 4 51 6 4 184
9 49 53 37.826 -119.94 440 343 380 380 2014 7 3 4 52 15 4 184
9 49 53 37.943 -119.99 440 342 380 380 2014 7 3 4 53 15 4 184
9 49 53 38.06 -120.04 441 342 380 380 2014 7 3 4 54 15 4 184
9 49 53 38.177 -120.09 441 342 380 380 2014 7 3 4 55 15 4 185
9 49 53 38.294 -120.13 441 342 380 380 2014 7 3 4 56 15 4 185
9 49 53 38.412 -120.18 443 342 380 380 2014 7 3 4 57 16 4 185
9 49 53 38.531 -120.23 448 342 380 380 2014 7 3 4 58 15 4 185
9 49 53 38.649 -120.28 448 343 380 380 2014 7 3 4 59 6 4 185
9 49 53 38.791 -120.34 448 343 380 380 2014 7 3 5 0 16 4 185
9 49 53 38.909 -120.39 448 342 380 380 2014 7 3 5 1 16 4 185
9 49 53 39.028 -120.44 449 342 380 380 2014 7 3 5 2 15 4 185
9 49 53 39.196 -120.51 457 342 380 380 2014 7 3 5 3 16 4 185
9 49 53 39.316 -120.56 457 341 380 380 2014 7 3 5 4 15 4 186
9 49 53 39.437 -120.61 458 342 380 380 2014 7 3 5 5 16 4 186
9 49 53 39.512 -120.64 457 341 380 380 2014 7 3 5 6 15 4 186
9 49 53 39.632 -120.69 458 341 380 380 2014 7 3 5 7 6 4 186
9 49 53 39.803 -120.76 462 342 380 380 2014 7 3 5 8 15 4 186
9 49 53 39.874 -120.8 458 341 380 380 2014 7 3 5 9 6 4 186
9 49 53 40.044 -120.86 458 341 380 380 2014 7 3 5 10 15 4 186
9 49 53 40.163 -120.92 456 342 380 380 2014 7 3 5 11 15 4 186
9 49 53 40.281 -120.97 454 341 380 380 2014 7 3 5 12 15 4 186
9 49 53 40.401 -121.02 455 342 380 380 2014 7 3 5 13 6 4 186
9 49 53 40.545 -121.08 456 340 380 380 2014 7 3 5 14 15 4 186
9 49 53 40.649 -121.13 458 341 380 380 2014 7 3 5 15 16 4 186
9 49 53 40.745 -121.17 459 341 380 380 2014 7 3 5 16 6 4 186
9 49 53 40.86 -121.22 462 341 380 380 2014 7 3 5 17 16 4 186
9 49 53 40.984 -121.28 466 341 380 380 2014 7 3 5 18 15 4 186
9 49 53 41.113 -121.34 464 341 380 380 2014 7 3 5 19 16 3 141
9 49 53 41.236 -121.39 464 341 380 380 2014 7 3 5 20 16 3 141
9 49 53 41.384 -121.46 464 341 380 380 2014 7 3 5 21 16 3 141
9 49 53 41.507 -121.51 464 341 380 380 2014 7 3 5 22 16 3 141
9 49 53 41.605 -121.56 468 341 380 380 2014 7 3 5 23 15 3 141
9 49 53 41.605 -121.56 468 341 380 380 2014 7 3 5 24 6 3 141
9 49 53 41.775 -121.63 464 340 380 380 2014 7 3 5 25 6 3 141
9 49 53 41.996 -121.73 468 341 380 380 2014 7 3 5 26 6 3 141
9 49 53 42.117 -121.79 468 341 380 380 2014 7 3 5 27 15 3 141
9 49 53 42.142 -121.8 469 341 380 380 2014 7 3 5 28 16 3 141
9 49 53 42.263 -121.86 472 341 380 380 2014 7 3 5 29 15 3 141
9 49 53 42.384 -121.91 471 341 380 380 2014 7 3 5 30 15 3 141
9 49 53 42.505 -121.97 465 340 380 380 2014 7 3 5 31 6 3 141
9 49 53 42.626 -122.03 464 340 380 380 2014 7 3 5 32 16 3 141
9 49 53 42.869 -122.14 465 341 380 380 2014 7 3 5 33 15 3 141
9 49 53 42.989 -122.2 461 341 380 380 2014 7 3 5 34 16 3 141
9 49 53 43.116 -122.22 461 353 380 380 2014 7 3 5 35 16 3 141
9 49 53 43.113 -122.25 465 345 380 380 2014 7 3 5 36 15 3 141
9 49 53 43.233 -122.31 458 341 380 380 2014 7 3 5 37 15 3 141
9 49 53 43.353 -122.37 458 341 380 380 2014 7 3 5 38 15 3 141
9 49 53 43.472 -122.43 455 341 380 380 2014 7 3 5 39 15 3 141
9 49 53 43.616 -122.49 453 340 380 380 2014 7 3 5 40 6 3 135
9 49 53 43.736 -122.55 457 341 364 380 2014 7 3 5 41 16 3 136
9 49 53 43.856 -122.61 456 341 339 380 2014 7 3 5 42 16 3 136
9 49 53 43.973 -122.67 451 340 314 380 2014 7 3 5 43 15 3 136
9 49 53 44.092 -122.72 452 340 290 380 2014 7 3 5 44 15 3 136
9 49 53 44.21 -122.75 436 340 269 380 2014 7 3 5 45 15 3 136
9 49 53 44.327 -122.73 428 352 244 380 2014 7 3 5 46 6 3 136
9 49 53 44.431 -122.72 413 358 223 380 2014 7 3 5 47 16 3 130
9 49 53 44.624 -122.71 376 3 186 380 2014 7 3 5 48 15 3 130
9 49 53 44.662 -122.7 369 4 179 380 2014 7 3 5 49 6 3 130
9 49 53 44.741 -122.69 367 5 163 380 2014 7 3 5 50 15 3 130
9 49 53 44.871 -122.65 353 15 136 380 2014 7 3 5 51 16 3 130
9 49 53 44.962 -122.61 337 16 117 380 2014 7 3 5 52 15 3 130
9 49 53 45.048 -122.58 315 16 101 380 2014 7 3 5 53 15 3 112
9 49 53 45.129 -122.55 297 14 84 380 2014 7 3 5 54 16 3 112
9 49 53 45.207 -122.52 296 15 69 380 2014 7 3 5 55 16 3 112
9 49 53 45.272 -122.49 288 15 56 380 2014 7 3 5 56 15 3 112
9 49 53 45.368 -122.46 270 16 37 380 2014 7 3 5 57 16 3 112
9 49 53 45.436 -122.45 231 7 27 380 2014 7 3 5 58 15 3 112
9 49 53 45.499 -122.45 159 359 23 380 2014 7 3 5 59 6 3 112
9 49 53 45.521 -122.46 150 357 22 380 2014 7 3 6 0 6 3 112
9 49 53 45.553 -122.51 119 313 12 380 2014 7 3 6 1 15 3 112
9 49 53 45.568 -122.55 117 300 5 380 2014 7 3 6 2 15 3 112
9 49 53 45.577 -122.58 122 297 2 380 2014 7 3 6 3 15 3 112
9 49 53 45.592 -122.61 122 298 380 380 2014 7 3 6 4 15 3 135
11 49 53 34.056 -117.6 145 0 9 380 2014 7 3 13 15 6 1 6
11 49 53 34.056 -117.69 200 267 32 380 2014 7 3 13 16 6 1 6
11 49 53 34.099 -117.77 232 270 59 380 2014 7 3 13 17 6 1 6
11 49 53 34.138 -117.83 241 292 80 380 2014 7 3 13 18 6 1 6
11 49 53 34.191 -117.88 241 322 80 380 2014 7 3 13 19 6 1 6
11 49 53 34.232 -118 301 305 111 380 2014 7 3 13 20 6 1 6
11 49 53 34.288 -118.09 338 305 126 380 2014 7 3 13 21 6 1 6
11 49 53 34.351 -118.19 357 305 145 380 2014 7 3 13 22 6 1 21
11 49 53 34.417 -118.28 375 307 164 380 2014 7 3 13 23 6 1 32
11 49 53 34.505 -118.35 375 328 164 380 2014 7 3 13 24 6 1 32
11 49 53 34.483 -118.38 375 315 181 380 2014 7 3 13 25 6 1 32
11 49 53 34.555 -118.48 384 309 197 380 2014 7 3 13 26 6 1 32
11 49 53 34.651 -118.54 390 330 211 380 2014 7 3 13 27 6 1 32
11 49 53 34.851 -118.66 409 335 237 380 2014 7 3 13 28 16 1 32
11 49 53 34.968 -118.7 419 334 250 380 2014 7 3 13 29 6 1 53
11 49 53 35.081 -118.75 421 343 259 380 2014 7 3 13 30 6 1 53
11 49 53 35.197 -118.79 432 342 270 380 2014 7 3 13 31 8 1 53
11 49 53 35.316 -118.84 439 342 279 380 2014 7 3 13 32 6 1 53
11 49 53 35.436 -118.89 447 342 289 380 2014 7 3 13 33 6 1 53
11 49 53 35.462 -118.9 449 342 290 380 2014 7 3 13 34 6 1 53
11 49 53 35.555 -118.93 450 342 297 380 2014 7 3 13 35 6 1 53
11 49 53 35.7 -118.99 446 341 317 380 2014 7 3 13 36 6 1 53
11 49 53 35.791 -119.03 444 342 324 380 2014 7 3 13 37 6 1 53
11 49 53 35.934 -119.08 442 341 334 380 2014 7 3 13 38 6 1 53
11 49 53 36.051 -119.13 444 342 347 380 2014 7 3 13 39 6 1 53
11 49 53 36.252 -119.21 431 342 363 380 2014 7 3 13 40 6 4 187
11 49 53 36.388 -119.26 429 341 371 380 2014 7 3 13 41 6 4 187
11 49 53 36.502 -119.31 429 341 375 380 2014 7 3 13 42 16 4 187
11 49 53 36.526 -119.32 429 341 376 380 2014 7 3 13 43 6 4 187
11 49 53 36.641 -119.37 432 342 380 380 2014 7 3 13 44 6 4 187
11 49 53 36.731 -119.4 432 341 380 380 2014 7 3 13 45 6 4 187
11 49 53 36.85 -119.45 447 341 380 380 2014 7 3 13 46 6 4 187
11 49 53 36.971 -119.5 456 342 380 380 2014 7 3 13 47 6 4 187
11 49 53 37.092 -119.55 456 341 380 380 2014 7 3 13 48 6 4 187
11 49 53 37.212 -119.6 456 341 380 380 2014 7 3 13 49 6 4 187
11 49 53 37.33 -119.65 452 342 380 380 2014 7 3 13 50 6 4 187
11 49 53 37.462 -119.7 452 341 380 380 2014 7 3 13 51 6 4 184
11 49 53 37.579 -119.75 448 343 380 380 2014 7 3 13 52 15 4 184
11 49 53 37.697 -119.8 444 341 380 380 2014 7 3 13 53 6 4 184
11 49 53 37.814 -119.85 444 341 380 380 2014 7 3 13 54 6 4 184
11 49 53 37.93 -119.9 441 341 380 380 2014 7 3 13 55 6 4 184
11 49 53 38.045 -119.95 441 341 380 380 2014 7 3 13 56 6 4 184
11 49 53 38.161 -120 441 341 380 380 2014 7 3 13 57 6 4 185
11 49 53 38.276 -120.05 440 343 380 380 2014 7 3 13 58 6 4 185
11 49 53 38.393 -120.1 441 341 380 380 2014 7 3 13 59 6 4 185
11 49 53 38.508 -120.14 439 343 380 380 2014 7 3 14 0 6 4 185
11 49 53 38.649 -120.2 442 343 380 380 2014 7 3 14 1 6 4 185
11 49 53 38.766 -120.26 445 341 380 380 2014 7 3 14 2 6 4 185
11 49 53 38.884 -120.31 445 341 380 380 2014 7 3 14 3 6 4 185
11 49 53 39.002 -120.36 446 341 380 380 2014 7 3 14 4 6 4 185
11 49 53 39.118 -120.41 446 341 380 380 2014 7 3 14 5 6 4 185
11 49 53 39.236 -120.46 446 341 380 380 2014 7 3 14 6 7 4 186
11 49 53 39.353 -120.51 446 341 380 380 2014 7 3 14 7 6 4 186
11 49 53 39.471 -120.56 446 341 380 380 2014 7 3 14 8 6 4 186
11 49 53 39.658 -120.64 450 341 380 380 2014 7 3 14 9 6 4 186
11 49 53 39.774 -120.7 445 341 380 380 2014 7 3 14 10 6 4 186
11 49 53 39.893 -120.75 445 341 380 380 2014 7 3 14 11 6 4 186
11 49 53 39.963 -120.78 446 341 380 380 2014 7 3 14 12 6 4 186
11 49 53 40.076 -120.83 444 341 380 380 2014 7 3 14 13 6 4 186
11 49 53 40.194 -120.88 445 340 380 380 2014 7 3 14 14 6 4 186
11 49 53 40.311 -120.93 446 341 380 380 2014 7 3 14 15 6 4 186
11 49 53 40.432 -120.99 453 341 380 380 2014 7 3 14 16 6 4 186
11 49 53 40.548 -121.04 445 340 380 380 2014 7 3 14 17 6 4 186
11 49 53 40.672 -121.1 446 341 380 380 2014 7 3 14 18 6 4 186
11 49 53 40.789 -121.16 446 340 380 380 2014 7 3 14 19 6 4 186
11 49 53 40.923 -121.22 449 341 380 380 2014 7 3 14 20 6 4 186
11 49 53 41.039 -121.27 448 339 380 380 2014 7 3 14 21 6 3 141
11 49 53 41.14 -121.32 444 340 380 380 2014 7 3 14 22 6 3 141
11 49 53 41.257 -121.37 443 341 380 380 2014 7 3 14 23 6 3 141
11 49 53 41.375 -121.43 447 340 380 380 2014 7 3 14 24 6 3 141
11 49 53 41.516 -121.49 449 340 380 380 2014 7 3 14 25 6 3 141
11 49 53 41.633 -121.55 447 340 380 380 2014 7 3 14 26 6 3 141
11 49 53 41.749 -121.6 447 340 380 380 2014 7 3 14 27 7 3 141
11 49 53 41.865 -121.66 446 341 380 380 2014 7 3 14 28 6 3 141
11 49 53 41.981 -121.71 446 340 380 380 2014 7 3 14 29 6 3 141
11 49 53 42.028 -121.73 447 341 380 380 2014 7 3 14 30 6 3 141
11 49 53 42.142 -121.79 447 340 380 380 2014 7 3 14 31 6 3 141
11 49 53 42.255 -121.84 446 340 380 380 2014 7 3 14 32 6 3 141
11 49 53 42.392 -121.91 444 340 380 380 2014 7 3 14 33 6 3 141
11 49 53 42.507 -121.96 440 344 380 380 2014 7 3 14 34 6 3 141
11 49 53 42.621 -122.02 439 340 380 380 2014 7 3 14 35 6 3 141
11 49 53 42.734 -122.07 437 344 380 380 2014 7 3 14 36 6 3 141
11 49 53 42.846 -122.13 428 340 380 380 2014 7 3 14 37 6 3 141
11 49 53 42.958 -122.18 426 344 380 380 2014 7 3 14 38 6 3 141
11 49 53 43.076 -122.24 423 340 380 380 2014 7 3 14 39 6 3 141
11 49 53 43.185 -122.29 416 340 380 380 2014 7 3 14 40 6 3 141
11 49 53 43.294 -122.34 413 341 380 380 2014 7 3 14 41 6 3 141
11 49 53 43.401 -122.39 409 341 380 380 2014 7 3 14 42 6 3 141
11 49 53 43.509 -122.44 409 341 380 380 2014 7 3 14 43 6 3 141
11 49 53 43.616 -122.49 409 340 380 380 2014 7 3 14 44 6 3 135
11 49 53 43.724 -122.55 409 346 380 380 2014 7 3 14 45 6 3 135
11 49 53 43.831 -122.6 409 346 380 380 2014 7 3 14 46 14 3 136
11 49 53 43.939 -122.65 410 340 378 380 2014 7 3 14 47 6 3 136
11 49 53 44.049 -122.7 417 347 353 380 2014 7 3 14 48 6 3 136
11 49 53 44.193 -122.74 434 341 320 380 2014 7 3 14 49 6 3 136
11 49 53 44.314 -122.73 437 344 291 380 2014 7 3 14 50 6 3 136
11 49 53 44.416 -122.73 435 354 266 380 2014 7 3 14 51 6 3 136
11 49 53 44.553 -122.71 413 3 236 380 2014 7 3 14 52 9 3 130
11 49 53 44.659 -122.7 394 3 214 380 2014 7 3 14 53 6 3 130
11 49 53 44.764 -122.69 384 4 192 380 2014 7 3 14 54 6 3 130
11 49 53 44.866 -122.68 376 0 171 380 2014 7 3 14 55 6 3 130
11 49 53 44.965 -122.67 365 4 149 380 2014 7 3 14 56 6 3 130
11 49 53 45.061 -122.66 326 4 129 380 2014 7 3 14 57 6 3 112
11 49 53 45.156 -122.65 319 3 110 380 2014 7 3 14 58 6 3 112
11 49 53 45.24 -122.64 305 4 90 380 2014 7 3 14 59 6 3 112
11 49 53 45.312 -122.58 302 17 73 380 2014 7 3 15 0 6 3 112
11 49 53 45.349 -122.55 285 28 63 380 2014 7 3 15 1 7 3 112
11 49 53 45.431 -122.46 238 31 41 380 2014 7 3 15 2 6 3 112
11 49 53 45.415 -122.39 196 68 40 380 2014 7 3 15 3 6 3 112
11 49 53 45.449 -122.34 192 91 30 380 2014 7 3 15 4 6 3 112
11 49 53 45.473 -122.35 183 45 25 380 2014 7 3 15 5 6 3 112
11 49 53 45.507 -122.4 172 328 25 380 2014 7 3 15 6 9 3 112
11 49 53 45.544 -122.49 172 300 15 380 2014 7 3 15 7 6 3 112
11 49 53 45.553 -122.51 151 299 12 380 2014 7 3 15 8 6 3 112
11 49 53 45.571 -122.56 124 299 5 380 2014 7 3 15 9 6 3 112
11 49 53 45.581 -122.58 132 299 1 380 2014 7 3 15 10 6 3 112
11 49 53 45.596 -122.63 132 299 380 380 2014 7 3 15 11 6 3 135
12 49 53 34.05 -117.65 176 0 22 380 2014 7 3 16 26 7 1 6
12 49 53 34.056 -117.66 188 261 24 380 2014 7 3 16 27 6 1 6
12 49 53 34.06 -117.75 211 269 52 380 2014 7 3 16 28 6 1 6
12 49 53 34.097 -117.82 225 276 71 380 2014 7 3 16 29 6 1 6
12 49 53 34.146 -117.89 259 288 87 380 2014 7 3 16 30 6 1 6
12 49 53 34.199 -117.96 295 307 107 380 2014 7 3 16 31 6 1 6
12 49 53 34.256 -118.05 323 309 119 380 2014 7 3 16 32 6 1 6
12 49 53 34.333 -118.16 350 314 138 380 2014 7 3 16 33 6 1 21
12 49 53 34.397 -118.26 371 310 155 380 2014 7 3 16 34 6 1 21
12 49 53 34.476 -118.34 377 309 172 380 2014 7 3 16 35 6 1 32
12 49 53 34.568 -118.4 384 318 186 380 2014 7 3 16 36 6 1 32
12 49 53 34.672 -118.48 392 328 200 380 2014 7 3 16 37 6 1 32
12 49 53 34.783 -118.54 403 329 214 380 2014 7 3 16 38 6 1 32
12 49 53 34.883 -118.6 412 342 227 380 2014 7 3 16 39 6 1 32
12 49 53 34.942 -118.65 408 332 234 380 2014 7 3 16 40 6 1 33
12 49 53 35.084 -118.75 419 326 252 380 2014 7 3 16 41 6 1 53
12 49 53 35.196 -118.79 422 341 260 380 2014 7 3 16 42 6 1 53
12 49 53 35.312 -118.83 435 342 268 380 2014 7 3 16 43 6 1 53
12 49 53 35.429 -118.88 438 343 276 380 2014 7 3 16 44 6 1 53
12 49 53 35.572 -118.94 445 341 283 380 2014 7 3 16 45 6 1 53
12 49 53 35.641 -118.96 450 342 290 380 2014 7 3 16 46 6 1 53
12 49 53 35.811 -119.03 452 342 305 380 2014 7 3 16 47 6 1 53
12 49 53 35.88 -119.06 453 342 310 380 2014 7 3 16 48 6 1 53
12 49 53 35.999 -119.1 452 341 319 380 2014 7 3 16 49 6 1 53
12 49 53 36.118 -119.15 452 341 327 380 2014 7 3 16 50 6 1 53
12 49 53 36.191 -119.18 451 342 335 380 2014 7 3 16 51 10 4 187
12 49 53 36.373 -119.25 443 344 350 380 2014 7 3 16 52 6 4 187
12 49 53 36.421 -119.27 437 343 352 380 2014 7 3 16 53 6 4 187
12 49 53 36.602 -119.34 438 343 364 380 2014 7 3 16 54 6 4 187
12 49 53 36.718 -119.39 438 341 370 380 2014 7 3 16 55 6 4 187
12 49 53 36.832 -119.44 437 341 373 380 2014 7 3 16 56 6 4 187
12 49 53 36.947 -119.48 437 342 373 380 2014 7 3 16 57 6 4 187
12 49 53 37.064 -119.53 438 342 380 380 2014 7 3 16 58 6 4 187
12 49 53 37.179 -119.58 438 341 380 380 2014 7 3 16 59 6 4 187
12 49 53 37.325 -119.64 450 341 380 380 2014 7 3 17 0 6 4 187
12 49 53 37.443 -119.69 450 341 380 380 2014 7 3 17 1 6 4 184
12 49 53 37.571 -119.74 452 342 380 380 2014 7 3 17 2 6 4 184
12 49 53 37.69 -119.79 452 341 380 380 2014 7 3 17 3 6 4 184
12 49 53 37.691 -119.79 451 341 380 380 2014 7 3 17 4 6 4 184
12 49 53 37.809 -119.84 447 341 380 380 2014 7 3 17 5 6 4 184
12 49 53 37.925 -119.89 446 342 380 380 2014 7 3 17 6 14 4 184
12 49 53 38.043 -119.94 446 341 380 380 2014 7 3 17 7 6 4 184
12 49 53 38.301 -120.04 445 341 380 380 2014 7 3 17 8 16 4 185
12 49 53 38.301 -120.04 445 341 380 380 2014 7 3 17 9 6 4 185
12 49 53 38.417 -120.09 445 341 380 380 2014 7 3 17 10 6 4 185
12 49 53 38.534 -120.14 445 341 380 380 2014 7 3 17 11 6 4 185
12 49 53 38.651 -120.19 445 341 380 380 2014 7 3 17 12 6 4 185
12 49 53 38.77 -120.24 446 341 380 380 2014 7 3 17 13 6 4 185
12 49 53 38.888 -120.29 447 341 380 380 2014 7 3 17 14 6 4 185
12 49 53 39.005 -120.34 448 341 380 380 2014 7 3 17 15 6 4 185
12 49 53 39.146 -120.4 448 341 380 380 2014 7 3 17 16 6 4 185
12 49 53 39.268 -120.46 448 341 380 380 2014 7 3 17 17 16 4 186
12 49 53 39.386 -120.51 448 341 380 380 2014 7 3 17 18 6 4 186
12 49 53 39.502 -120.56 445 341 380 380 2014 7 3 17 19 6 4 186
12 49 53 39.616 -120.61 446 341 380 380 2014 7 3 17 20 6 4 186
12 49 53 39.732 -120.66 443 341 380 380 2014 7 3 17 21 6 4 186
12 49 53 39.88 -120.72 447 341 380 380 2014 7 3 17 22 6 4 186
12 49 53 39.996 -120.77 444 341 380 380 2014 7 3 17 23 6 4 186
12 49 53 40.111 -120.82 444 341 380 380 2014 7 3 17 24 6 4 186
12 49 53 40.227 -120.88 443 340 380 380 2014 7 3 17 25 6 4 186
12 49 53 40.343 -120.93 443 341 380 380 2014 7 3 17 26 6 4 186
12 49 53 40.458 -120.98 443 340 380 380 2014 7 3 17 27 6 4 186
12 49 53 40.573 -121.03 442 340 380 380 2014 7 3 17 28 6 4 186
12 49 53 40.69 -121.09 431 341 380 380 2014 7 3 17 29 6 4 186
12 49 53 40.806 -121.14 437 340 380 380 2014 7 3 17 30 6 4 186
12 49 53 40.942 -121.2 436 341 380 380 2014 7 3 17 31 6 4 186
12 49 53 41.051 -121.25 433 340 380 380 2014 7 3 17 32 6 3 141
12 49 53 41.167 -121.31 431 340 380 380 2014 7 3 17 33 6 3 141
12 49 53 41.276 -121.36 422 340 380 380 2014 7 3 17 34 6 3 141
12 49 53 41.387 -121.41 422 340 380 380 2014 7 3 17 35 6 3 141
12 49 53 41.497 -121.46 422 341 380 380 2014 7 3 17 36 6 3 141
12 49 53 41.607 -121.51 421 340 380 380 2014 7 3 17 37 6 3 141
12 49 53 41.737 -121.57 420 341 380 380 2014 7 3 17 38 16 3 141
12 49 53 41.845 -121.62 415 340 380 380 2014 7 3 17 39 6 3 141
12 49 53 41.953 -121.68 414 340 380 380 2014 7 3 17 40 6 3 141
12 49 53 42.061 -121.72 417 340 380 380 2014 7 3 17 41 6 3 141
12 49 53 42.061 -121.73 415 341 380 380 2014 7 3 17 42 6 3 141
12 49 53 42.168 -121.77 416 340 380 380 2014 7 3 17 43 6 3 141
12 49 53 42.275 -121.83 420 341 380 380 2014 7 3 17 44 6 3 141
12 49 53 42.383 -121.88 417 340 380 380 2014 7 3 17 45 6 3 141
12 49 53 42.511 -121.94 413 340 380 380 2014 7 3 17 46 7 3 141
12 49 53 42.619 -121.99 413 340 380 380 2014 7 3 17 47 6 3 141
12 49 53 42.726 -122.05 415 340 380 380 2014 7 3 17 48 6 3 141
12 49 53 42.834 -122.1 413 340 380 380 2014 7 3 17 49 6 3 141
12 49 53 42.942 -122.15 414 340 380 380 2014 7 3 17 50 6 3 141
12 49 53 43.049 -122.2 408 340 380 380 2014 7 3 17 51 7 3 141
12 49 53 43.166 -122.26 417 340 380 380 2014 7 3 17 52 6 3 141
12 49 53 43.273 -122.31 413 340 380 380 2014 7 3 17 53 6 3 141
12 49 53 43.38 -122.36 413 340 380 380 2014 7 3 17 54 6 3 141
12 49 53 43.487 -122.42 410 340 380 380 2014 7 3 17 55 6 3 141
12 49 53 43.594 -122.47 409 340 380 380 2014 7 3 17 56 6 3 135
12 49 53 43.7 -122.52 406 340 380 380 2014 7 3 17 57 6 3 135
12 49 53 43.828 -122.59 409 340 367 380 2014 7 3 17 58 6 3 136
12 49 53 43.936 -122.64 411 340 342 380 2014 7 3 17 59 6 3 136
12 49 53 44.044 -122.7 413 340 317 380 2014 7 3 18 0 6 3 136
12 49 53 44.158 -122.75 425 339 292 380 2014 7 3 18 1 6 3 136
12 49 53 44.275 -122.74 425 4 292 380 2014 7 3 18 2 6 3 136
12 49 53 44.405 -122.73 424 352 244 380 2014 7 3 18 3 6 3 136
12 49 53 44.517 -122.72 409 3 221 380 2014 7 3 18 4 6 3 130
12 49 53 44.623 -122.71 391 3 197 380 2014 7 3 18 5 6 3 130
12 49 53 44.729 -122.7 388 4 176 380 2014 7 3 18 6 6 3 130
12 49 53 44.83 -122.69 373 3 153 380 2014 7 3 18 7 6 3 130
12 49 53 44.927 -122.68 362 4 135 380 2014 7 3 18 8 6 3 130
12 49 53 45.037 -122.66 325 3 114 380 2014 7 3 18 9 6 3 112
12 49 53 45.121 -122.66 308 3 97 380 2014 7 3 18 10 6 3 112
12 49 53 45.204 -122.65 298 4 80 380 2014 7 3 18 11 6 3 112
12 49 53 45.283 -122.61 280 6 64 380 2014 7 3 18 12 6 3 112
12 49 53 45.334 -122.54 271 35 49 380 2014 7 3 18 13 6 3 112
12 49 53 45.383 -122.46 263 48 40 380 2014 7 3 18 14 6 3 112
12 49 53 45.447 -122.41 256 42 26 380 2014 7 3 18 15 6 3 112
12 49 53 45.506 -122.41 223 23 25 380 2014 7 3 18 16 6 3 112
12 49 53 45.535 -122.47 174 327 18 380 2014 7 3 18 17 16 3 112
12 49 53 45.554 -122.52 141 299 11 380 2014 7 3 18 18 16 3 112
12 49 53 45.571 -122.56 132 301 5 380 2014 7 3 18 19 6 3 112
12 49 53 45.588 -122.6 132 300 380 380 2014 7 3 18 20 6 3 135
13 49 53 34.056 -117.63 156 0 19 380 2014 7 4 4 18 16 1 6
13 49 53 34.089 -117.66 156 320 19 380 2014 7 4 4 19 15 1 6
13 49 53 34.054 -117.69 182 304 34 380 2014 7 4 4 20 15 1 6
13 49 53 34.059 -117.76 196 268 56 380 2014 7 4 4 21 6 1 6
13 49 53 34.103 -117.82 236 271 74 380 2014 7 4 4 22 6 1 6
13 49 53 34.15 -117.89 263 303 93 380 2014 7 4 4 23 6 1 6
13 49 53 34.255 -118.05 298 308 135 380 2014 7 4 4 24 15 1 21
13 49 53 34.323 -118.14 315 309 155 380 2014 7 4 4 25 15 1 21
13 49 53 34.396 -118.2 315 326 155 380 2014 7 4 4 26 15 1 21
13 49 53 34.385 -118.24 350 315 169 380 2014 7 4 4 27 8 1 21
13 49 53 34.45 -118.33 369 309 180 380 2014 7 4 4 28 6 1 32
13 49 53 34.52 -118.44 391 307 190 380 2014 7 4 4 29 6 1 32
13 49 53 34.615 -118.51 415 319 200 380 2014 7 4 4 30 6 1 32
13 49 53 34.704 -118.58 423 332 211 380 2014 7 4 4 31 6 1 32
13 49 53 34.824 -118.65 430 331 226 380 2014 7 4 4 32 6 1 32
13 49 53 34.939 -118.73 433 331 240 380 2014 7 4 4 33 15 1 53
13 49 53 35.046 -118.8 436 330 253 380 2014 7 4 4 34 6 1 53
13 49 53 35.152 -118.87 437 331 266 380 2014 7 4 4 35 6 1 53
13 49 53 35.263 -118.94 447 331 278 380 2014 7 4 4 36 6 1 53
13 49 53 35.391 -119.03 444 331 290 380 2014 7 4 4 37 6 1 53
13 49 53 35.502 -119.1 448 331 299 380 2014 7 4 4 38 16 1 53
13 49 53 35.597 -119.15 457 338 306 380 2014 7 4 4 39 16 1 53
13 49 53 35.746 -119.21 460 341 315 380 2014 7 4 4 40 15 1 53
13 49 53 35.871 -119.25 467 343 324 380 2014 7 4 4 41 6 1 53
13 49 53 35.994 -119.3 467 343 334 380 2014 7 4 4 42 15 1 53
13 49 53 36.116 -119.35 464 342 344 380 2014 7 4 4 43 15 4 187
13 49 53 36.237 -119.39 459 343 354 380 2014 7 4 4 44 16 4 187
13 49 53 36.38 -119.45 454 342 366 380 2014 7 4 4 45 15 4 187
13 49 53 36.498 -119.49 446 343 373 380 2014 7 4 4 46 6 4 187
13 49 53 36.615 -119.54 445 343 378 380 2014 7 4 4 47 16 4 187
13 49 53 36.684 -119.56 442 342 380 380 2014 7 4 4 48 15 4 187
13 49 53 36.805 -119.61 451 343 380 380 2014 7 4 4 49 16 4 187
13 49 53 36.925 -119.65 451 342 380 380 2014 7 4 4 50 16 4 187
13 49 53 37.078 -119.71 469 343 380 380 2014 7 4 4 51 6 4 187
13 49 53 37.203 -119.76 469 342 380 380 2014 7 4 4 52 15 4 187
13 49 53 37.33 -119.81 469 342 380 380 2014 7 4 4 53 15 4 187
13 49 53 37.455 -119.86 469 342 380 380 2014 7 4 4 54 6 4 184
13 49 53 37.579 -119.91 469 343 380 380 2014 7 4 4 55 16 4 184
13 49 53 37.704 -119.96 469 343 380 380 2014 7 4 4 56 15 4 184
13 49 53 37.829 -120.01 470 342 380 380 2014 7 4 4 57 7 4 184
13 49 53 37.952 -120.05 468 342 380 380 2014 7 4 4 58 15 4 184
13 49 53 38.075 -120.1 466 342 380 380 2014 7 4 4 59 15 4 185
13 49 53 38.197 -120.15 463 342 380 380 2014 7 4 5 0 15 4 185
13 49 53 38.317 -120.2 458 342 380 380 2014 7 4 5 1 6 4 185
13 49 53 38.439 -120.25 458 342 380 380 2014 7 4 5 2 16 4 185
13 49 53 38.559 -120.3 458 342 380 380 2014 7 4 5 3 16 4 185
13 49 53 38.68 -120.34 457 342 380 380 2014 7 4 5 4 15 4 185
13 49 53 38.823 -120.4 456 342 380 380 2014 7 4 5 5 6 4 185
13 49 53 38.943 -120.45 456 342 380 380 2014 7 4 5 6 6 4 185
13 49 53 39.062 -120.5 456 342 380 380 2014 7 4 5 7 15 4 185
13 49 53 39.211 -120.56 450 342 380 380 2014 7 4 5 8 15 4 186
13 49 53 39.301 -120.59 452 341 380 380 2014 7 4 5 9 6 4 186
13 49 53 39.419 -120.64 450 342 380 380 2014 7 4 5 10 16 4 186
13 49 53 39.568 -120.71 450 342 380 380 2014 7 4 5 11 15 4 186
13 49 53 39.688 -120.76 450 342 380 380 2014 7 4 5 12 15 4 186
13 49 53 39.807 -120.8 450 342 380 380 2014 7 4 5 13 15 4 186
13 49 53 39.924 -120.85 449 342 380 380 2014 7 4 5 14 15 4 186
13 49 53 40.044 -120.9 449 341 380 380 2014 7 4 5 15 16 4 186
13 49 53 40.183 -120.96 447 342 380 380 2014 7 4 5 16 15 4 186
13 49 53 40.301 -121.01 446 341 380 380 2014 7 4 5 17 15 4 186
13 49 53 40.372 -121.04 450 342 380 380 2014 7 4 5 18 15 4 186
13 49 53 40.486 -121.09 432 342 380 380 2014 7 4 5 19 15 4 186
13 49 53 40.608 -121.14 444 341 380 380 2014 7 4 5 20 16 4 186
13 49 53 40.655 -121.16 443 341 380 380 2014 7 4 5 21 6 4 186
13 49 53 40.889 -121.26 441 342 380 380 2014 7 4 5 22 15 4 186
13 49 53 41.006 -121.32 444 341 380 380 2014 7 4 5 23 15 4 186
13 49 53 41.124 -121.37 444 342 380 380 2014 7 4 5 24 15 3 141
13 49 53 41.241 -121.42 445 341 380 380 2014 7 4 5 25 15 3 141
13 49 53 41.359 -121.47 447 342 380 380 2014 7 4 5 26 16 3 141
13 49 53 41.452 -121.51 448 341 380 380 2014 7 4 5 27 6 3 141
13 49 53 41.57 -121.56 447 341 380 380 2014 7 4 5 28 16 3 141
13 49 53 41.687 -121.62 445 341 380 380 2014 7 4 5 29 15 3 141
13 49 53 41.805 -121.67 445 341 380 380 2014 7 4 5 30 15 3 141
13 49 53 41.922 -121.72 446 341 380 380 2014 7 4 5 31 15 3 141
13 49 53 41.946 -121.73 449 342 380 380 2014 7 4 5 32 7 3 141
13 49 53 42.156 -121.82 448 342 380 380 2014 7 4 5 33 15 3 141
13 49 53 42.18 -121.83 455 342 380 380 2014 7 4 5 34 15 3 141
13 49 53 42.321 -121.9 456 341 380 380 2014 7 4 5 35 6 3 141
13 49 53 42.556 -122 448 341 380 380 2014 7 4 5 36 16 3 141
13 49 53 42.556 -122 448 341 380 380 2014 7 4 5 37 6 3 141
13 49 53 42.675 -122.06 448 341 380 380 2014 7 4 5 38 15 3 141
13 49 53 42.792 -122.11 448 341 380 380 2014 7 4 5 39 15 3 141
13 49 53 42.912 -122.17 449 341 380 380 2014 7 4 5 40 15 3 141
13 49 53 43.021 -122.22 450 341 380 380 2014 7 4 5 41 6 3 141
13 49 53 43.139 -122.27 450 341 380 380 2014 7 4 5 42 6 3 141
13 49 53 43.26 -122.33 452 341 380 380 2014 7 4 5 43 6 3 141
13 49 53 43.38 -122.38 456 341 380 380 2014 7 4 5 44 15 3 141
13 49 53 43.523 -122.45 456 341 380 380 2014 7 4 5 45 6 3 141
13 49 53 43.642 -122.51 457 341 380 380 2014 7 4 5 46 15 3 135
13 49 53 43.762 -122.57 459 340 369 380 2014 7 4 5 47 16 3 136
13 49 53 43.882 -122.62 456 341 344 380 2014 7 4 5 48 15 3 136
13 49 53 44 -122.68 455 341 319 380 2014 7 4 5 49 15 3 136
13 49 53 44.125 -122.74 468 341 294 380 2014 7 4 5 50 16 3 136
13 49 53 44.259 -122.74 484 340 270 380 2014 7 4 5 51 6 3 136
13 49 53 44.376 -122.73 480 350 247 380 2014 7 4 5 52 15 3 136
13 49 53 44.507 -122.72 478 1 222 380 2014 7 4 5 53 15 3 130
13 49 53 44.664 -122.7 476 3 192 380 2014 7 4 5 54 6 3 130
13 49 53 44.781 -122.69 435 2 171 380 2014 7 4 5 55 15 3 130
13 49 53 44.874 -122.68 345 5 153 380 2014 7 4 5 56 6 3 130
13 49 53 44.981 -122.66 330 6 130 380 2014 7 4 5 57 6 3 130
13 49 53 45.073 -122.62 326 19 112 380 2014 7 4 5 58 15 3 112
13 49 53 45.156 -122.57 313 20 93 380 2014 7 4 5 59 19 3 112
13 49 53 45.229 -122.54 303 18 75 380 2014 7 4 6 0 6 3 112
13 49 53 45.302 -122.5 280 20 60 380 2014 7 4 6 1 6 3 112
13 49 53 45.371 -122.47 260 19 45 380 2014 7 4 6 2 15 3 112
13 49 53 45.451 -122.43 240 19 27 380 2014 7 4 6 3 6 3 112
13 49 53 45.498 -122.4 153 18 25 380 2014 7 4 6 4 15 3 112
13 49 53 45.523 -122.44 132 328 22 380 2014 7 4 6 5 16 3 112
13 49 53 45.544 -122.49 136 298 14 380 2014 7 4 6 6 6 3 112
13 49 53 45.557 -122.52 132 297 10 380 2014 7 4 6 7 16 3 112
13 49 53 45.576 -122.57 120 301 2 380 2014 7 4 6 8 15 3 112
13 49 53 45.587 -122.6 124 298 380 380 2014 7 4 6 9 15 3 135
15 49 53 34.053 -117.71 227 0 35 380 2014 7 4 16 28 16 1 6
15 49 53 34.053 -117.71 227 0 35 380 2014 7 4 16 29 6 1 6
15 49 53 34.079 -117.78 255 290 58 380 2014 7 4 16 30 16 1 6
15 49 53 34.127 -117.86 272 278 80 380 2014 7 4 16 31 6 1 6
15 49 53 34.179 -117.93 293 300 105 380 2014 7 4 16 32 16 1 6
15 49 53 34.234 -118.01 304 309 129 380 2014 7 4 16 33 6 1 6
15 49 53 34.362 -118.2 352 309 164 380 2014 7 4 16 34 16 1 21
15 49 53 34.362 -118.2 352 309 164 380 2014 7 4 16 35 15 1 21
15 49 53 34.429 -118.3 378 315 179 380 2014 7 4 16 36 6 1 32
15 49 53 34.571 -118.49 402 309 212 380 2014 7 4 16 37 16 1 32
15 49 53 34.578 -118.49 383 313 214 380 2014 7 4 16 38 6 1 32
15 49 53 34.668 -118.55 370 331 239 380 2014 7 4 16 39 6 1 32
15 49 53 34.778 -118.61 367 331 252 380 2014 7 4 16 40 7 1 53
15 49 53 34.886 -118.65 400 343 257 380 2014 7 4 16 41 15 1 53
15 49 53 34.989 -118.69 426 342 264 380 2014 7 4 16 42 16 1 53
15 49 53 35.129 -118.75 437 342 279 380 2014 7 4 16 43 6 1 53
15 49 53 35.249 -118.79 446 342 289 380 2014 7 4 16 44 16 1 53
15 49 53 35.369 -118.84 451 342 300 380 2014 7 4 16 45 6 1 53
15 49 53 35.488 -118.89 451 342 312 380 2014 7 4 16 46 15 1 53
15 49 53 35.607 -118.93 449 341 322 380 2014 7 4 16 47 6 1 53
15 49 53 35.75 -118.99 450 341 332 380 2014 7 4 16 48 6 1 53
15 49 53 35.871 -119.04 456 342 341 380 2014 7 4 16 49 15 1 53
15 49 53 35.992 -119.09 456 342 352 380 2014 7 4 16 50 6 1 53
15 49 53 36.11 -119.14 455 341 361 380 2014 7 4 16 51 6 1 53
15 49 53 36.226 -119.18 446 342 370 380 2014 7 4 16 52 6 4 187
15 49 53 36.364 -119.24 437 342 380 380 2014 7 4 16 53 15 4 187
15 49 53 36.432 -119.26 439 342 380 380 2014 7 4 16 54 16 4 187
15 49 53 36.601 -119.34 453 342 380 380 2014 7 4 16 55 6 4 187
15 49 53 36.672 -119.36 458 341 380 380 2014 7 4 16 56 6 4 187
15 49 53 36.797 -119.41 467 341 380 380 2014 7 4 16 57 16 4 187
15 49 53 36.92 -119.47 467 341 380 380 2014 7 4 16 58 16 4 187
15 49 53 37.041 -119.52 465 343 380 380 2014 7 4 16 59 15 4 187
15 49 53 37.188 -119.58 463 341 380 380 2014 7 4 17 0 6 4 187
15 49 53 37.309 -119.63 462 341 380 380 2014 7 4 17 1 6 4 187
15 49 53 37.424 -119.67 459 341 380 380 2014 7 4 17 2 6 4 187
15 49 53 37.545 -119.72 458 341 380 380 2014 7 4 17 3 6 4 184
15 49 53 37.664 -119.77 457 343 380 380 2014 7 4 17 4 6 4 184
15 49 53 37.783 -119.82 454 341 380 380 2014 7 4 17 5 15 4 184
15 49 53 37.903 -119.87 454 343 380 380 2014 7 4 17 6 15 4 184
15 49 53 38.045 -119.93 454 341 380 380 2014 7 4 17 7 16 4 184
15 49 53 38.162 -119.98 450 341 380 380 2014 7 4 17 8 6 4 185
15 49 53 38.278 -120.03 448 341 380 380 2014 7 4 17 9 15 4 185
15 49 53 38.396 -120.08 446 343 380 380 2014 7 4 17 10 16 4 185
15 49 53 38.512 -120.13 446 341 380 380 2014 7 4 17 11 16 4 185
15 49 53 38.627 -120.18 444 343 380 380 2014 7 4 17 12 16 4 185
15 49 53 38.627 -120.18 444 343 380 380 2014 7 4 17 13 7 4 185
15 49 53 38.881 -120.29 440 341 380 380 2014 7 4 17 14 16 4 185
15 49 53 38.881 -120.29 440 341 380 380 2014 7 4 17 15 8 4 185
15 49 53 38.995 -120.34 440 341 380 380 2014 7 4 17 16 6 4 185
15 49 53 39.109 -120.39 437 341 380 380 2014 7 4 17 17 15 4 185
15 49 53 39.223 -120.44 437 340 380 380 2014 7 4 17 18 6 4 185
15 49 53 39.324 -120.49 433 341 380 380 2014 7 4 17 19 6 4 186
15 49 53 39.578 -120.6 438 341 380 380 2014 7 4 17 20 16 4 186
15 49 53 39.565 -120.59 435 341 380 380 2014 7 4 17 21 6 4 186
15 49 53 39.805 -120.7 435 341 380 380 2014 7 4 17 22 16 4 186
15 49 53 39.815 -120.7 434 341 380 380 2014 7 4 17 23 6 4 186
15 49 53 39.929 -120.75 434 341 380 380 2014 7 4 17 24 6 4 186
15 49 53 40.144 -120.85 433 341 380 380 2014 7 4 17 25 16 4 186
15 49 53 40.145 -120.85 434 341 380 380 2014 7 4 17 26 6 4 186
15 49 53 40.279 -120.91 431 341 380 380 2014 7 4 17 27 6 4 186
15 49 53 40.393 -120.96 431 340 380 380 2014 7 4 17 28 6 4 186
15 49 53 40.506 -121.01 432 340 380 380 2014 7 4 17 29 15 4 186
15 49 53 40.621 -121.07 437 340 380 380 2014 7 4 17 30 16 4 186
15 49 53 40.734 -121.13 438 340 380 380 2014 7 4 17 31 6 4 186
15 49 53 40.85 -121.17 437 340 380 380 2014 7 4 17 32 15 4 186
15 49 53 40.964 -121.23 438 340 380 380 2014 7 4 17 33 15 4 186
15 49 53 41.101 -121.29 438 340 380 380 2014 7 4 17 34 6 3 141
15 49 53 41.194 -121.33 436 340 380 380 2014 7 4 17 35 15 3 141
15 49 53 41.331 -121.4 434 340 380 380 2014 7 4 17 36 6 3 141
15 49 53 41.447 -121.45 442 341 380 380 2014 7 4 17 37 16 3 141
15 49 53 41.561 -121.51 441 339 380 380 2014 7 4 17 38 6 3 141
15 49 53 41.676 -121.56 438 341 380 380 2014 7 4 17 39 15 3 141
15 49 53 41.791 -121.62 440 340 380 380 2014 7 4 17 40 6 3 141
15 49 53 41.905 -121.67 439 340 380 380 2014 7 4 17 41 6 3 141
15 49 53 42.019 -121.72 440 340 380 380 2014 7 4 17 42 16 3 141
15 49 53 42.155 -121.79 440 340 380 380 2014 7 4 17 43 6 3 141
15 49 53 42.246 -121.83 441 340 380 380 2014 7 4 17 44 6 3 141
15 49 53 42.359 -121.89 437 339 380 380 2014 7 4 17 45 6 3 141
15 49 53 42.474 -121.94 438 340 380 380 2014 7 4 17 46 6 3 141
15 49 53 42.588 -122 438 340 380 380 2014 7 4 17 47 16 3 141
15 49 53 42.726 -122.07 438 340 380 380 2014 7 4 17 48 6 3 141
15 49 53 42.841 -122.12 437 340 380 380 2014 7 4 17 49 6 3 141
15 49 53 42.955 -122.18 437 340 380 380 2014 7 4 17 50 16 3 141
15 49 53 43.067 -122.23 437 340 380 380 2014 7 4 17 51 6 3 141
15 49 53 43.183 -122.29 439 340 380 380 2014 7 4 17 52 6 3 141
15 49 53 43.299 -122.34 439 341 380 380 2014 7 4 17 53 6 3 141
15 49 53 43.415 -122.39 438 341 380 380 2014 7 4 17 54 15 3 141
15 49 53 43.53 -122.45 436 341 380 380 2014 7 4 17 55 15 3 135
15 49 53 43.667 -122.52 435 340 380 380 2014 7 4 17 56 6 3 135
15 49 53 43.782 -122.57 436 340 380 380 2014 7 4 17 57 16 3 136
15 49 53 43.897 -122.63 439 340 373 380 2014 7 4 17 58 6 3 136
15 49 53 44.013 -122.68 441 341 348 380 2014 7 4 17 59 6 3 136
15 49 53 44.13 -122.74 442 347 321 380 2014 7 4 18 0 16 3 136
15 49 53 44.257 -122.74 459 341 295 380 2014 7 4 18 1 6 3 136
15 49 53 44.383 -122.73 459 4 295 380 2014 7 4 18 2 8 3 136
15 49 53 44.392 -122.73 461 355 265 380 2014 7 4 18 3 6 3 136
15 49 53 44.52 -122.72 461 1 237 380 2014 7 4 18 4 6 3 130
15 49 53 44.773 -122.69 450 6 178 380 2014 7 4 18 5 15 3 130
15 49 53 44.888 -122.68 424 3 157 380 2014 7 4 18 6 15 3 130
15 49 53 45.003 -122.67 350 3 140 380 2014 7 4 18 7 6 3 112
15 49 53 45.057 -122.66 316 4 125 380 2014 7 4 18 8 6 3 112
15 49 53 45.152 -122.65 316 4 97 380 2014 7 4 18 9 16 3 112
15 49 53 45.229 -122.64 300 3 80 380 2014 7 4 18 10 16 3 112
15 49 53 45.33 -122.57 283 24 53 380 2014 7 4 18 11 15 3 112
15 49 53 45.389 -122.52 247 32 50 380 2014 7 4 18 12 16 3 112
15 49 53 45.42 -122.49 223 31 48 380 2014 7 4 18 13 6 3 112
15 49 53 45.47 -122.44 223 34 37 380 2014 7 4 18 14 16 3 112
15 49 53 45.536 -122.47 196 356 18 380 2014 7 4 18 15 16 3 112
15 49 53 45.546 -122.5 165 318 14 380 2014 7 4 18 16 16 3 112
15 49 53 45.567 -122.55 116 299 6 380 2014 7 4 18 17 6 3 112
15 49 53 45.574 -122.57 128 300 4 380 2014 7 4 18 18 6 3 112
15 49 53 45.587 -122.6 128 298 380 380 2014 7 4 18 19 16 3 135
