1 49 65 34.05 -117.63 163 267 23 380 2014 7 1 1 31 6 1 6
1 49 65 34.054 -117.68 192 257 34 380 2014 7 1 1 32 6 1 6
1 49 65 34.065 -117.76 228 269 46 380 2014 7 1 1 33 6 1 6
1 49 65 34.113 -117.84 267 278 69 360 2014 7 1 1 34 16 1 6
1 49 65 34.165 -117.91 287 304 91 360 2014 7 1 1 35 6 1 6
1 49 65 34.231 -118.01 310 309 115 360 2014 7 1 1 36 6 1 6
1 49 65 34.285 -118.09 314 309 139 360 2014 7 1 1 37 16 1 21
1 49 65 34.346 -118.18 349 309 149 360 2014 7 1 1 38 6 1 21
1 49 65 34.416 -118.28 399 315 167 360 2014 7 1 1 39 6 1 32
1 49 65 34.488 -118.39 407 309 188 360 2014 7 1 1 40 6 1 32
1 49 65 34.572 -118.49 432 312 204 360 2014 7 1 1 41 6 1 32
1 49 65 34.699 -118.57 437 331 231 360 2014 7 1 1 42 6 1 32
1 49 65 34.807 -118.64 439 332 244 360 2014 7 1 1 43 16 1 53
1 49 65 34.914 -118.72 456 331 260 360 2014 7 1 1 44 15 1 53
1 49 65 35.034 -118.78 467 333 275 360 2014 7 1 1 45 6 1 53
1 49 65 35.161 -118.81 474 347 289 360 2014 7 1 1 46 7 1 53
1 49 65 35.315 -118.86 474 345 308 360 2014 7 1 1 47 7 1 53
1 49 65 35.441 -118.9 474 345 320 360 2014 7 1 1 48 6 1 53
1 49 65 35.57 -118.94 474 346 325 380 2014 7 1 1 49 6 1 53
1 49 65 35.698 -118.98 475 345 341 380 2014 7 1 1 50 6 1 53
1 49 65 35.817 -119.02 458 345 354 380 2014 7 1 1 51 6 1 53
1 49 65 35.94 -119.06 456 346 364 380 2014 7 1 1 52 16 1 53
1 49 65 36.085 -119.1 453 345 375 380 2014 7 1 1 53 6 1 53
1 49 65 36.206 -119.14 452 345 380 380 2014 7 1 1 54 6 4 187
1 49 65 36.328 -119.18 452 345 380 380 2014 7 1 1 55 15 4 187
1 49 65 36.45 -119.22 454 346 380 380 2014 7 1 1 56 7 4 187
1 49 65 36.546 -119.24 452 345 380 380 2014 7 1 1 57 6 4 187
1 49 65 36.667 -119.28 452 346 380 380 2014 7 1 1 58 6 4 187
1 49 65 36.79 -119.32 452 345 380 380 2014 7 1 1 59 6 4 187
1 49 65 36.91 -119.36 452 345 380 380 2014 7 1 2 0 6 4 187
1 49 65 37.032 -119.4 452 345 380 380 2014 7 1 2 1 6 4 187
1 49 65 37.153 -119.44 450 345 380 380 2014 7 1 2 2 6 4 187
1 49 65 37.298 -119.48 450 345 380 380 2014 7 1 2 3 6 4 187
1 49 65 37.401 -119.52 450 345 380 380 2014 7 1 2 4 16 4 187
1 49 65 37.546 -119.57 450 345 380 380 2014 7 1 2 5 6 4 184
1 49 65 37.669 -119.61 452 345 380 380 2014 7 1 2 6 6 4 184
1 49 65 37.791 -119.64 452 345 380 380 2014 7 1 2 7 6 4 184
1 49 65 37.914 -119.69 454 345 380 380 2014 7 1 2 8 6 4 184
1 49 65 38.036 -119.72 454 345 380 380 2014 7 1 2 9 6 4 184
1 49 65 38.159 -119.76 456 345 380 380 2014 7 1 2 10 16 4 185
1 49 65 38.159 -119.76 456 345 380 380 2014 7 1 2 11 6 4 185
1 49 65 38.404 -119.85 455 345 380 380 2014 7 1 2 12 6 4 185
1 49 65 38.524 -119.89 451 345 380 380 2014 7 1 2 13 6 4 185
1 49 65 38.67 -119.94 451 345 380 380 2014 7 1 2 14 16 4 185
1 49 65 38.792 -119.98 452 345 380 380 2014 7 1 2 15 6 4 185
1 49 65 38.916 -120.02 456 345 380 380 2014 7 1 2 16 6 4 185
1 49 65 39.038 -120.06 456 345 380 380 2014 7 1 2 17 6 4 181
1 49 65 39.04 -120.06 456 345 380 380 2014 7 1 2 18 6 4 181
1 49 65 39.163 -120.1 456 345 380 380 2014 7 1 2 19 6 4 181
1 49 65 39.282 -120.14 456 345 380 380 2014 7 1 2 20 6 4 181
1 49 65 39.407 -120.19 455 345 380 380 2014 7 1 2 21 6 4 181
1 49 65 39.531 -120.23 455 344 380 380 2014 7 1 2 22 6 4 181
1 49 65 39.77 -120.31 455 345 380 380 2014 7 1 2 23 16 4 181
1 49 65 39.799 -120.32 455 345 380 380 2014 7 1 2 24 6 4 181
1 49 65 39.893 -120.35 455 345 380 380 2014 7 1 2 25 6 4 181
1 49 65 40.038 -120.4 462 344 380 380 2014 7 1 2 26 6 4 181
1 49 65 40.16 -120.44 460 345 380 380 2014 7 1 2 27 16 4 181
1 49 65 40.281 -120.48 458 345 380 380 2014 7 1 2 28 15 4 186
1 49 65 40.406 -120.53 458 344 380 380 2014 7 1 2 29 16 4 186
1 49 65 40.528 -120.57 456 345 380 380 2014 7 1 2 30 16 4 186
1 49 65 40.673 -120.63 456 344 380 380 2014 7 1 2 31 6 4 186
1 49 65 40.794 -120.67 455 345 380 380 2014 7 1 2 32 6 4 186
1 49 65 40.893 -120.7 457 345 380 380 2014 7 1 2 33 6 4 186
1 49 65 41.041 -120.76 458 344 380 380 2014 7 1 2 34 6 3 142
1 49 65 41.164 -120.8 459 344 380 380 2014 7 1 2 35 6 3 142
1 49 65 41.288 -120.85 462 344 380 380 2014 7 1 2 36 7 3 142
1 49 65 41.411 -120.89 460 344 380 380 2014 7 1 2 37 6 3 142
1 49 65 41.533 -120.94 460 344 380 380 2014 7 1 2 38 16 3 142
1 49 65 41.655 -120.98 459 344 380 380 2014 7 1 2 39 6 3 142
1 49 65 41.777 -121.03 458 344 380 380 2014 7 1 2 40 6 3 142
1 49 65 41.897 -121.07 457 345 380 380 2014 7 1 2 41 6 3 142
1 49 65 42.042 -121.12 449 343 380 380 2014 7 1 2 42 6 3 142
1 49 65 42.163 -121.17 452 344 380 380 2014 7 1 2 43 6 3 142
1 49 65 42.284 -121.22 454 345 380 380 2014 7 1 2 44 15 3 142
1 49 65 42.404 -121.26 454 344 380 380 2014 7 1 2 45 6 3 142
1 49 65 42.526 -121.3 456 344 380 380 2014 7 1 2 46 6 3 142
1 49 65 42.649 -121.35 458 344 380 380 2014 7 1 2 47 16 3 142
1 49 65 42.771 -121.4 460 344 380 380 2014 7 1 2 48 6 3 142
1 49 65 42.893 -121.44 460 344 380 380 2014 7 1 2 49 6 3 142
1 49 65 43.037 -121.5 453 344 380 380 2014 7 1 2 50 6 3 142
1 49 65 43.155 -121.54 445 344 380 380 2014 7 1 2 51 6 3 142
1 49 65 43.274 -121.59 445 344 380 380 2014 7 1 2 52 6 3 142
1 49 65 43.394 -121.64 448 345 380 380 2014 7 1 2 53 6 3 141
1 49 65 43.512 -121.69 447 343 380 380 2014 7 1 2 54 6 3 141
1 49 65 43.631 -121.73 445 343 380 380 2014 7 1 2 55 6 3 141
1 49 65 43.75 -121.78 445 344 380 380 2014 7 1 2 56 6 3 141
1 49 65 43.885 -121.83 448 344 380 380 2014 7 1 2 57 6 3 141
1 49 65 44.005 -121.88 448 344 380 380 2014 7 1 2 58 6 3 135
1 49 65 44.124 -121.92 447 344 380 380 2014 7 1 2 59 6 3 135
1 49 65 44.245 -121.97 447 344 380 380 2014 7 1 3 0 6 3 135
1 49 65 44.367 -122.02 455 344 380 380 2014 7 1 3 1 6 3 135
1 49 65 44.488 -122.07 455 343 380 380 2014 7 1 3 2 6 3 135
1 49 65 44.617 -122.12 458 343 380 380 2014 7 1 3 3 16 3 135
1 49 65 44.742 -122.17 459 343 380 380 2014 7 1 3 4 6 3 135
1 49 65 44.864 -122.22 459 343 380 380 2014 7 1 3 5 6 3 135
1 49 65 44.865 -122.22 462 343 380 380 2014 7 1 3 6 6 3 135
1 49 65 44.993 -122.28 453 343 380 380 2014 7 1 3 7 6 3 135
1 49 65 45.117 -122.33 462 343 380 380 2014 7 1 3 8 6 3 135
1 49 65 45.361 -122.43 461 343 380 380 2014 7 1 3 9 15 3 135
1 49 65 45.484 -122.48 461 343 380 380 2014 7 1 3 10 6 3 135
1 49 65 45.603 -122.53 456 343 352 380 2014 7 1 3 11 6 3 135
1 49 65 45.724 -122.58 456 343 323 380 2014 7 1 3 12 6 3 135
1 49 65 45.842 -122.64 456 339 323 380 2014 7 1 3 13 16 3 135
1 49 65 45.847 -122.61 455 342 298 380 2014 7 1 3 14 6 3 135
1 49 65 45.966 -122.64 441 346 276 380 2014 7 1 3 15 6 3 135
1 49 65 46.102 -122.68 420 349 251 380 2014 7 1 3 16 6 3 147
1 49 65 46.201 -122.7 412 350 233 380 2014 7 1 3 17 6 3 147
1 49 65 46.309 -122.72 393 351 213 380 2014 7 1 3 18 6 3 147
1 49 65 46.414 -122.72 384 352 194 380 2014 7 1 3 19 6 3 147
1 49 65 46.576 -122.73 356 358 164 380 2014 7 1 3 20 6 3 147
1 49 65 46.679 -122.74 345 358 143 380 2014 7 1 3 21 6 3 147
1 49 65 46.773 -122.74 337 358 127 380 2014 7 1 3 22 6 3 147
1 49 65 46.843 -122.67 328 14 112 380 2014 7 1 3 23 6 3 147
1 49 65 46.907 -122.58 318 41 100 380 2014 7 1 3 24 6 3 147
1 49 65 46.966 -122.49 280 44 89 380 2014 7 1 3 25 6 3 114
1 49 65 47.026 -122.43 260 42 74 380 2014 7 1 3 26 6 3 114
1 49 65 47.09 -122.38 263 28 61 380 2014 7 1 3 27 6 3 114
1 49 65 47.153 -122.34 250 28 53 380 2014 7 1 3 28 6 3 114
1 49 65 47.211 -122.32 222 13 47 380 2014 7 1 3 29 6 3 114
1 49 65 47.269 -122.32 201 2 36 380 2014 7 1 3 30 6 3 114
1 49 65 47.319 -122.32 168 0 26 380 2014 7 1 3 31 6 3 114
1 49 65 47.362 -122.32 143 0 19 380 2014 7 1 3 32 6 3 114
1 49 65 47.4 -122.32 147 0 11 380 2014 7 1 3 33 6 3 114
1 49 65 47.43 -122.32 148 358 6 380 2014 7 1 3 34 6 3 114
1 49 65 47.466 -122.32 145 0 3 380 2014 7 1 3 35 6 3 114
2 49 65 34.054 -117.63 197 257 21 320 2014 7 1 13 49 6 1 6
2 49 65 34.054 -117.7 214 265 45 320 2014 7 1 13 50 16 1 6
2 49 65 34.075 -117.78 259 273 66 320 2014 7 1 13 51 6 1 6
2 49 65 34.129 -117.86 286 279 92 320 2014 7 1 13 52 6 1 6
2 49 65 34.183 -117.94 301 300 113 320 2014 7 1 13 53 15 1 6
2 49 65 34.262 -118.06 365 310 137 320 2014 7 1 13 54 6 1 21
2 49 65 34.33 -118.16 384 309 161 320 2014 7 1 13 55 15 1 21
2 49 65 34.419 -118.23 384 326 161 320 2014 7 1 13 56 6 1 21
2 49 65 34.4 -118.26 404 314 187 320 2014 7 1 13 57 9 1 21
2 49 65 34.472 -118.37 409 309 208 340 2014 7 1 13 58 6 1 32
2 49 65 34.656 -118.54 437 310 246 340 2014 7 1 13 59 6 1 53
2 49 65 34.784 -118.63 438 332 250 340 2014 7 1 14 0 16 1 53
2 49 65 34.891 -118.7 440 331 256 340 2014 7 1 14 1 9 1 53
2 49 65 34.978 -118.76 440 332 264 340 2014 7 1 14 2 15 1 53
2 49 65 34.999 -118.77 447 332 266 340 2014 7 1 14 3 6 1 53
2 49 65 35.219 -118.92 451 331 297 340 2014 7 1 14 4 6 1 53
2 49 65 35.328 -118.99 447 331 319 340 2014 7 1 14 5 16 1 53
2 49 65 35.33 -118.99 452 332 319 340 2014 7 1 14 6 6 1 53
2 49 65 35.454 -119.07 439 331 336 340 2014 7 1 14 7 6 1 53
2 49 65 35.652 -119.17 431 336 340 340 2014 7 1 14 8 6 1 53
2 49 65 35.674 -119.17 426 342 340 340 2014 7 1 14 9 6 1 53
2 49 65 35.765 -119.21 431 341 340 340 2014 7 1 14 10 16 1 53
2 49 65 35.901 -119.27 428 341 340 340 2014 7 1 14 11 14 1 53
2 49 65 36.016 -119.31 429 342 340 340 2014 7 1 14 12 6 1 53
2 49 65 36.157 -119.35 433 346 340 340 2014 7 1 14 13 6 4 187
2 49 65 36.274 -119.39 434 347 340 340 2014 7 1 14 14 6 4 187
2 49 65 36.391 -119.42 434 346 340 340 2014 7 1 14 15 16 4 187
2 49 65 36.509 -119.46 434 346 340 340 2014 7 1 14 16 6 4 187
2 49 65 36.624 -119.49 432 346 340 340 2014 7 1 14 17 16 4 187
2 49 65 36.716 -119.52 433 346 340 340 2014 7 1 14 18 6 4 187
2 49 65 36.834 -119.55 433 346 340 340 2014 7 1 14 19 15 4 187
2 49 65 36.953 -119.59 434 347 340 340 2014 7 1 14 20 6 4 187
2 49 65 37.071 -119.62 436 346 340 340 2014 7 1 14 21 6 4 187
2 49 65 37.19 -119.66 437 346 340 340 2014 7 1 14 22 6 4 187
2 49 65 37.311 -119.7 443 346 340 340 2014 7 1 14 23 6 4 187
2 49 65 37.443 -119.73 443 346 340 340 2014 7 1 14 24 6 4 184
2 49 65 37.564 -119.77 444 346 340 340 2014 7 1 14 25 6 4 184
2 49 65 37.687 -119.81 448 346 340 340 2014 7 1 14 26 6 4 184
2 49 65 37.809 -119.85 451 346 340 340 2014 7 1 14 27 6 4 184
2 49 65 37.933 -119.88 453 346 340 340 2014 7 1 14 28 6 4 184
2 49 65 38.055 -119.92 453 346 340 340 2014 7 1 14 29 6 4 184
2 49 65 38.206 -119.97 461 346 340 340 2014 7 1 14 30 16 4 185
2 49 65 38.329 -120 460 346 340 340 2014 7 1 14 31 6 4 185
2 49 65 38.45 -120.04 456 346 340 340 2014 7 1 14 32 16 4 185
2 49 65 38.569 -120.08 448 346 340 340 2014 7 1 14 33 15 4 185
2 49 65 38.692 -120.12 448 346 340 340 2014 7 1 14 34 6 4 185
2 49 65 38.812 -120.16 448 346 340 340 2014 7 1 14 35 6 4 185
2 49 65 38.932 -120.19 446 346 340 340 2014 7 1 14 36 6 4 185
2 49 65 39.05 -120.23 443 346 340 340 2014 7 1 14 37 6 4 185
2 49 65 39.168 -120.27 442 346 340 340 2014 7 1 14 38 6 4 185
2 49 65 39.328 -120.32 439 346 340 340 2014 7 1 14 39 18 4 181
2 49 65 39.448 -120.36 440 346 340 340 2014 7 1 14 40 15 4 181
2 49 65 39.448 -120.36 440 346 340 340 2014 7 1 14 41 10 4 181
2 49 65 39.706 -120.44 450 346 340 340 2014 7 1 14 42 6 4 186
2 49 65 39.826 -120.48 447 346 340 340 2014 7 1 14 43 6 4 186
2 49 65 39.945 -120.52 444 345 340 340 2014 7 1 14 44 6 4 186
2 49 65 40.038 -120.55 443 346 340 340 2014 7 1 14 45 6 4 186
2 49 65 40.064 -120.55 444 346 340 340 2014 7 1 14 46 6 4 186
2 49 65 40.181 -120.59 441 346 340 340 2014 7 1 14 47 6 4 186
2 49 65 40.391 -120.66 437 345 340 340 2014 7 1 14 48 6 4 186
2 49 65 40.42 -120.67 439 345 340 340 2014 7 1 14 49 6 4 186
2 49 65 40.655 -120.75 438 345 340 340 2014 7 1 14 50 15 4 186
2 49 65 40.749 -120.78 439 345 340 340 2014 7 1 14 51 7 4 186
2 49 65 40.892 -120.83 439 346 340 340 2014 7 1 14 52 15 4 186
2 49 65 41.009 -120.87 439 345 340 340 2014 7 1 14 53 16 3 142
2 49 65 41.011 -120.87 441 344 340 340 2014 7 1 14 54 6 3 142
2 49 65 41.153 -120.92 441 345 340 340 2014 7 1 14 55 6 3 142
2 49 65 41.275 -120.96 445 345 340 340 2014 7 1 14 56 9 3 142
2 49 65 41.487 -121.03 438 346 340 340 2014 7 1 14 57 15 3 142
2 49 65 41.513 -121.04 445 345 340 340 2014 7 1 14 58 6 3 142
2 49 65 41.605 -121.07 438 345 340 340 2014 7 1 14 59 6 3 142
2 49 65 41.749 -121.12 443 345 340 340 2014 7 1 15 0 6 3 142
2 49 65 41.867 -121.16 442 345 340 340 2014 7 1 15 1 6 3 142
2 49 65 41.985 -121.2 442 345 340 340 2014 7 1 15 2 16 3 142
2 49 65 42.102 -121.24 440 345 340 340 2014 7 1 15 3 6 3 142
2 49 65 42.242 -121.29 440 345 340 340 2014 7 1 15 4 15 3 142
2 49 65 42.358 -121.33 435 345 340 340 2014 7 1 15 5 6 3 142
2 49 65 42.475 -121.37 435 345 340 340 2014 7 1 15 6 6 3 142
2 49 65 42.592 -121.41 436 345 340 340 2014 7 1 15 7 6 3 142
2 49 65 42.711 -121.46 441 345 340 340 2014 7 1 15 8 6 3 141
2 49 65 42.828 -121.5 439 345 340 340 2014 7 1 15 9 6 3 141
2 49 65 42.946 -121.54 439 345 340 340 2014 7 1 15 10 6 3 141
2 49 65 43.065 -121.59 442 345 340 340 2014 7 1 15 11 6 3 141
2 49 65 43.183 -121.63 442 345 340 340 2014 7 1 15 12 6 3 141
2 49 65 43.302 -121.67 442 344 340 340 2014 7 1 15 13 15 3 141
2 49 65 43.447 -121.72 447 345 340 340 2014 7 1 15 14 6 3 141
2 49 65 43.568 -121.77 447 345 340 340 2014 7 1 15 15 16 3 141
2 49 65 43.688 -121.81 447 345 340 340 2014 7 1 15 16 6 3 141
2 49 65 43.808 -121.85 447 345 332 340 2014 7 1 15 17 6 3 141
2 49 65 43.936 -121.9 446 345 321 340 2014 7 1 15 18 16 3 135
2 49 65 44.055 -121.94 444 345 312 340 2014 7 1 15 19 6 3 135
2 49 65 44.174 -121.99 442 345 302 340 2014 7 1 15 20 16 3 135
2 49 65 44.295 -122.03 447 344 293 340 2014 7 1 15 21 15 3 135
2 49 65 44.414 -122.08 448 345 284 340 2014 7 1 15 22 16 3 135
2 49 65 44.535 -122.12 448 344 280 340 2014 7 1 15 23 16 3 135
2 49 65 44.653 -122.17 432 344 280 340 2014 7 1 15 24 6 3 135
2 49 65 44.77 -122.21 430 344 280 340 2014 7 1 15 25 16 3 135
2 49 65 44.882 -122.25 431 344 280 340 2014 7 1 15 26 6 3 135
2 49 65 44.996 -122.3 428 344 280 340 2014 7 1 15 27 15 3 135
2 49 65 45.112 -122.34 434 344 280 340 2014 7 1 15 28 6 3 135
2 49 65 45.226 -122.39 433 344 280 340 2014 7 1 15 29 6 3 135
2 49 65 45.365 -122.44 432 344 280 340 2014 7 1 15 30 6 3 135
2 49 65 45.481 -122.49 433 344 280 340 2014 7 1 15 31 6 3 135
2 49 65 45.597 -122.53 433 344 280 340 2014 7 1 15 32 16 3 135
2 49 65 45.717 -122.58 442 345 280 340 2014 7 1 15 33 16 3 135
2 49 65 45.838 -122.61 444 344 280 340 2014 7 1 15 34 15 3 135
2 49 65 45.96 -122.59 444 7 280 340 2014 7 1 15 35 16 3 135
2 49 65 46.084 -122.67 447 349 278 340 2014 7 1 15 36 6 3 147
2 49 65 46.212 -122.7 444 350 255 340 2014 7 1 15 37 6 3 147
2 49 65 46.328 -122.72 426 350 231 340 2014 7 1 15 38 16 3 147
2 49 65 46.441 -122.73 415 351 208 340 2014 7 1 15 39 6 3 147
2 49 65 46.551 -122.68 415 15 208 340 2014 7 1 15 40 6 3 147
2 49 65 46.592 -122.73 393 359 176 340 2014 7 1 15 41 6 3 147
2 49 65 46.772 -122.74 360 1 142 340 2014 7 1 15 42 15 3 147
2 49 65 46.772 -122.74 360 1 142 340 2014 7 1 15 43 6 3 147
2 49 65 46.87 -122.67 332 29 122 340 2014 7 1 15 44 6 3 147
2 49 65 47.015 -122.55 302 29 94 340 2014 7 1 15 45 6 3 114
2 49 65 47.033 -122.54 293 27 91 340 2014 7 1 15 46 6 3 114
2 49 65 47.156 -122.45 283 27 62 340 2014 7 1 15 47 15 3 114
2 49 65 47.173 -122.43 280 26 57 340 2014 7 1 15 48 15 3 114
2 49 65 47.249 -122.37 261 27 47 340 2014 7 1 15 49 6 3 114
2 49 65 47.336 -122.32 200 30 32 340 2014 7 1 15 50 15 3 114
2 49 65 47.35 -122.31 167 18 27 340 2014 7 1 15 51 6 3 114
2 49 65 47.38 -122.31 162 3 17 340 2014 7 1 15 52 16 3 114
2 49 65 47.466 -122.31 154 0 4 340 2014 7 1 15 53 16 3 114
2 49 65 47.466 -122.31 154 0 4 340 2014 7 1 15 54 6 3 114
4 49 65 34.056 -117.6 158 0 9 380 2014 7 2 1 27 6 1 6
4 49 65 34.056 -117.63 160 0 21 380 2014 7 2 1 28 6 1 6
4 49 65 34.064 -117.76 227 270 56 380 2014 7 2 1 29 16 1 6
4 49 65 34.12 -117.85 268 274 83 380 2014 7 2 1 30 6 1 6
4 49 65 34.18 -117.9 268 323 83 380 2014 7 2 1 31 6 1 6
4 49 65 34.171 -117.92 281 304 102 380 2014 7 2 1 32 15 1 6
4 49 65 34.225 -118 304 309 129 380 2014 7 2 1 33 16 1 6
4 49 65 34.28 -118.08 307 309 150 380 2014 7 2 1 34 16 1 21
4 49 65 34.347 -118.18 375 309 157 380 2014 7 2 1 35 6 1 21
4 49 65 34.42 -118.29 412 309 179 380 2014 7 2 1 36 6 1 32
4 49 65 34.555 -118.48 418 309 220 380 2014 7 2 1 37 15 1 32
4 49 65 34.6 -118.51 434 310 230 380 2014 7 2 1 38 6 1 32
4 49 65 34.773 -118.62 443 331 260 380 2014 7 2 1 39 6 1 53
4 49 65 34.884 -118.69 450 331 278 380 2014 7 2 1 40 6 1 53
4 49 65 34.996 -118.77 453 332 299 380 2014 7 2 1 41 6 1 53
4 49 65 35.105 -118.84 453 330 313 380 2014 7 2 1 42 6 1 53
4 49 65 35.17 -118.89 453 331 322 380 2014 7 2 1 43 6 1 53
4 49 65 35.281 -118.96 455 331 337 380 2014 7 2 1 44 16 1 53
4 49 65 35.391 -119.03 455 330 351 380 2014 7 2 1 45 6 1 53
4 49 65 35.5 -119.1 452 331 363 380 2014 7 2 1 46 8 1 53
4 49 65 35.679 -119.19 445 337 379 380 2014 7 2 1 47 16 1 53
4 49 65 35.792 -119.25 445 337 380 380 2014 7 2 1 48 16 1 53
4 49 65 35.908 -119.31 447 337 380 380 2014 7 2 1 49 15 1 53
4 49 65 35.977 -119.35 444 337 380 380 2014 7 2 1 50 15 1 53
4 49 65 36.093 -119.41 445 337 380 380 2014 7 2 1 51 6 4 187
4 49 65 36.209 -119.47 448 337 380 380 2014 7 2 1 52 16 4 187
4 49 65 36.324 -119.53 448 337 380 380 2014 7 2 1 53 15 4 187
4 49 65 36.439 -119.58 449 337 380 380 2014 7 2 1 54 6 4 187
4 49 65 36.506 -119.62 448 337 380 380 2014 7 2 1 55 15 4 187
4 49 65 36.621 -119.68 448 336 380 380 2014 7 2 1 56 8 4 187
4 49 65 36.736 -119.74 448 337 380 380 2014 7 2 1 57 6 4 187
4 49 65 36.851 -119.8 448 342 380 380 2014 7 2 1 58 6 4 187
4 49 65 36.956 -119.87 440 337 380 380 2014 7 2 1 59 16 4 187
4 49 65 37.062 -119.95 440 333 380 380 2014 7 2 2 0 16 4 187
4 49 65 37.19 -120.04 440 330 380 380 2014 7 2 2 1 6 4 187
4 49 65 37.298 -120.12 441 329 380 380 2014 7 2 2 2 6 4 187
4 49 65 37.405 -120.2 443 330 380 380 2014 7 2 2 3 15 4 184
4 49 65 37.511 -120.28 443 330 380 380 2014 7 2 2 4 16 4 184
4 49 65 37.619 -120.35 443 329 380 380 2014 7 2 2 5 6 4 184
4 49 65 37.725 -120.43 443 330 380 380 2014 7 2 2 6 6 4 184
4 49 65 37.832 -120.51 443 330 380 380 2014 7 2 2 7 6 4 184
4 49 65 37.937 -120.59 442 329 380 380 2014 7 2 2 8 6 4 184
4 49 65 38.045 -120.66 442 329 380 380 2014 7 2 2 9 15 4 185
4 49 65 38.151 -120.74 443 330 380 380 2014 7 2 2 10 6 4 185
4 49 65 38.278 -120.84 443 329 380 380 2014 7 2 2 11 15 4 185
4 49 65 38.384 -120.92 442 329 380 380 2014 7 2 2 12 16 4 185
4 49 65 38.489 -121 442 329 380 380 2014 7 2 2 13 16 4 185
4 49 65 38.594 -121.07 442 329 380 380 2014 7 2 2 14 6 4 185
4 49 65 38.698 -121.15 443 330 380 380 2014 7 2 2 15 15 4 185
4 49 65 38.802 -121.23 443 329 380 380 2014 7 2 2 16 6 4 185
4 49 65 38.907 -121.31 442 329 380 380 2014 7 2 2 17 16 4 186
4 49 65 39.033 -121.41 443 329 380 380 2014 7 2 2 18 6 4 186
4 49 65 39.139 -121.49 444 329 380 380 2014 7 2 2 19 15 4 186
4 49 65 39.246 -121.57 446 329 380 380 2014 7 2 2 20 6 4 186
4 49 65 39.352 -121.65 446 329 380 380 2014 7 2 2 21 15 4 186
4 49 65 39.483 -121.75 448 329 380 380 2014 7 2 2 22 15 4 186
4 49 65 39.59 -121.83 449 329 380 380 2014 7 2 2 23 15 4 186
4 49 65 39.696 -121.92 448 328 380 380 2014 7 2 2 24 6 4 186
4 49 65 39.802 -122 447 328 380 380 2014 7 2 2 25 16 4 186
4 49 65 39.885 -122.07 446 328 380 380 2014 7 2 2 26 15 4 186
4 49 65 39.99 -122.15 441 328 380 380 2014 7 2 2 27 16 4 186
4 49 65 40.123 -122.23 454 336 380 380 2014 7 2 2 28 16 4 186
4 49 65 40.273 -122.25 466 353 380 380 2014 7 2 2 29 15 4 186
4 49 65 40.273 -122.25 466 353 380 380 2014 7 2 2 30 6 4 186
4 49 65 40.501 -122.22 461 4 380 380 2014 7 2 2 31 6 4 186
4 49 65 40.631 -122.2 465 5 380 380 2014 7 2 2 32 6 4 186
4 49 65 40.759 -122.18 468 6 380 380 2014 7 2 2 33 16 4 186
4 49 65 40.784 -122.18 465 6 380 380 2014 7 2 2 34 16 4 186
4 49 65 40.914 -122.16 467 6 380 380 2014 7 2 2 35 15 4 186
4 49 65 41.045 -122.15 470 4 380 380 2014 7 2 2 36 6 4 186
4 49 65 41.308 -122.11 474 6 380 380 2014 7 2 2 37 16 3 141
4 49 65 41.442 -122.11 472 5 380 380 2014 7 2 2 38 16 3 141
4 49 65 41.572 -122.11 468 1 380 380 2014 7 2 2 39 15 3 141
4 49 65 41.701 -122.13 465 358 380 380 2014 7 2 2 40 15 3 141
4 49 65 41.703 -122.13 467 355 380 380 2014 7 2 2 41 16 3 141
4 49 65 41.832 -122.14 466 355 380 380 2014 7 2 2 42 16 3 141
4 49 65 41.963 -122.16 465 355 380 380 2014 7 2 2 43 16 3 141
4 49 65 42.096 -122.17 466 355 380 380 2014 7 2 2 44 6 3 141
4 49 65 42.228 -122.18 467 356 380 380 2014 7 2 2 45 6 3 141
4 49 65 42.359 -122.2 468 355 380 380 2014 7 2 2 46 6 3 141
4 49 65 42.489 -122.21 470 355 380 380 2014 7 2 2 47 15 3 141
4 49 65 42.62 -122.23 471 355 380 380 2014 7 2 2 48 6 3 141
4 49 65 42.757 -122.24 471 355 380 380 2014 7 2 2 49 15 3 141
4 49 65 42.888 -122.26 474 355 380 380 2014 7 2 2 50 6 3 141
4 49 65 43.018 -122.27 473 355 380 380 2014 7 2 2 51 16 3 141
4 49 65 43.148 -122.29 470 355 380 380 2014 7 2 2 52 16 3 141
4 49 65 43.302 -122.3 466 355 380 380 2014 7 2 2 53 15 3 141
4 49 65 43.431 -122.32 469 355 380 380 2014 7 2 2 54 6 3 141
4 49 65 43.56 -122.33 468 355 380 380 2014 7 2 2 55 15 3 141
4 49 65 43.691 -122.35 469 355 380 380 2014 7 2 2 56 16 3 135
4 49 65 43.819 -122.36 470 355 380 380 2014 7 2 2 57 16 3 135
4 49 65 43.951 -122.38 477 355 380 380 2014 7 2 2 58 15 3 135
4 49 65 44.081 -122.39 473 355 380 380 2014 7 2 2 59 16 3 135
4 49 65 44.211 -122.41 472 355 380 380 2014 7 2 3 0 6 3 135
4 49 65 44.338 -122.44 477 355 380 380 2014 7 2 3 1 15 3 135
4 49 65 44.456 -122.51 469 352 380 380 2014 7 2 3 2 15 3 135
4 49 65 44.573 -122.59 467 342 380 380 2014 7 2 3 3 6 3 136
4 49 65 44.706 -122.67 467 336 380 380 2014 7 2 3 4 15 3 136
4 49 65 44.822 -122.74 466 336 380 380 2014 7 2 3 5 16 3 136
4 49 65 44.939 -122.82 465 345 380 380 2014 7 2 3 6 6 3 136
4 49 65 45.064 -122.79 486 335 380 380 2014 7 2 3 7 16 3 136
4 49 65 45.192 -122.74 484 352 380 380 2014 7 2 3 8 15 3 135
4 49 65 45.322 -122.7 483 12 380 380 2014 7 2 3 9 16 3 135
4 49 65 45.479 -122.66 482 12 365 380 2014 7 2 3 10 15 3 135
4 49 65 45.608 -122.63 481 10 336 380 2014 7 2 3 11 6 3 135
4 49 65 45.739 -122.6 479 10 312 380 2014 7 2 3 12 6 3 135
4 49 65 45.865 -122.62 462 10 290 380 2014 7 2 3 13 6 3 135
4 49 65 45.986 -122.65 447 3 269 380 2014 7 2 3 14 15 3 135
4 49 65 46.104 -122.68 439 351 250 380 2014 7 2 3 15 16 3 147
4 49 65 46.219 -122.7 404 350 231 380 2014 7 2 3 16 16 3 147
4 49 65 46.324 -122.72 386 351 209 380 2014 7 2 3 17 15 3 147
4 49 65 46.427 -122.72 374 352 188 380 2014 7 2 3 18 15 3 147
4 49 65 46.526 -122.73 364 355 171 380 2014 7 2 3 19 15 3 147
4 49 65 46.623 -122.73 351 358 156 380 2014 7 2 3 20 6 3 147
4 49 65 46.761 -122.74 336 358 134 380 2014 7 2 3 21 15 3 147
4 49 65 46.817 -122.7 334 357 123 380 2014 7 2 3 22 15 3 147
4 49 65 46.843 -122.67 325 15 117 380 2014 7 2 3 23 6 3 147
4 49 65 46.903 -122.59 320 41 104 380 2014 7 2 3 24 6 3 147
4 49 65 47.009 -122.45 311 44 80 380 2014 7 2 3 25 6 3 114
4 49 65 47.085 -122.38 298 35 67 380 2014 7 2 3 26 15 3 114
4 49 65 47.152 -122.34 265 30 61 380 2014 7 2 3 27 6 3 114
4 49 65 47.214 -122.32 231 18 52 380 2014 7 2 3 28 15 3 114
4 49 65 47.273 -122.32 214 6 39 380 2014 7 2 3 29 15 3 114
4 49 65 47.291 -122.32 199 358 36 380 2014 7 2 3 30 16 3 114
4 49 65 47.326 -122.32 191 0 26 380 2014 7 2 3 31 16 3 114
4 49 65 47.376 -122.31 170 7 15 380 2014 7 2 3 32 15 3 114
4 49 65 47.426 -122.31 129 2 6 380 2014 7 2 3 33 6 3 114
4 49 65 47.449 -122.31 137 359 3 380 2014 7 2 3 34 16 3 114
5 49 65 34.056 -117.64 167 0 21 340 2014 7 2 13 44 6 1 6
5 49 65 34.065 -117.71 204 263 43 340 2014 7 2 13 45 6 1 6
5 49 65 34.11 -117.78 224 308 72 340 2014 7 2 13 46 15 1 6
5 49 65 34.147 -117.84 235 306 96 340 2014 7 2 13 47 6 1 6
5 49 65 34.191 -117.92 274 301 110 340 2014 7 2 13 48 6 1 6
5 49 65 34.246 -118.02 339 304 126 340 2014 7 2 13 49 6 1 6
5 49 65 34.323 -118.08 339 324 126 340 2014 7 2 13 50 6 1 6
5 49 65 34.304 -118.12 367 311 151 340 2014 7 2 13 51 6 1 21
5 49 65 34.372 -118.22 383 304 173 360 2014 7 2 13 52 16 1 21
5 49 65 34.457 -118.34 398 307 199 360 2014 7 2 13 53 16 1 32
5 49 65 34.591 -118.5 424 309 232 360 2014 7 2 13 54 6 1 32
5 49 65 34.737 -118.6 437 332 255 360 2014 7 2 13 55 16 1 53
5 49 65 34.806 -118.64 443 330 265 360 2014 7 2 13 56 6 1 53
5 49 65 34.847 -118.67 450 331 271 360 2014 7 2 13 57 6 1 53
5 49 65 35.029 -118.79 454 330 293 360 2014 7 2 13 58 15 1 53
5 49 65 35.167 -118.88 463 331 311 360 2014 7 2 13 59 6 1 53
5 49 65 35.21 -118.91 467 331 317 360 2014 7 2 14 0 6 1 53
5 49 65 35.328 -118.98 469 331 330 360 2014 7 2 14 1 6 1 53
5 49 65 35.455 -119.02 470 343 344 360 2014 7 2 14 2 6 1 53
5 49 65 35.579 -119.05 467 346 358 360 2014 7 2 14 3 6 1 53
5 49 65 35.769 -119.11 457 345 360 360 2014 7 2 14 4 6 1 53
5 49 65 35.891 -119.15 455 346 360 360 2014 7 2 14 5 16 1 53
5 49 65 36.013 -119.19 455 346 360 360 2014 7 2 14 6 6 1 53
5 49 65 36.133 -119.22 451 345 360 360 2014 7 2 14 7 6 4 187
5 49 65 36.209 -119.25 451 346 360 360 2014 7 2 14 8 16 4 187
5 49 65 36.331 -119.28 451 345 360 360 2014 7 2 14 9 6 4 187
5 49 65 36.455 -119.32 455 346 360 360 2014 7 2 14 10 16 4 187
5 49 65 36.579 -119.36 457 346 360 360 2014 7 2 14 11 7 4 187
5 49 65 36.726 -119.41 457 345 360 360 2014 7 2 14 12 6 4 187
5 49 65 36.774 -119.42 459 346 360 360 2014 7 2 14 13 6 4 187
5 49 65 37.019 -119.49 454 346 360 360 2014 7 2 14 14 16 4 187
5 49 65 37.019 -119.49 454 346 360 360 2014 7 2 14 15 15 4 187
5 49 65 37.142 -119.53 456 345 360 360 2014 7 2 14 16 16 4 187
5 49 65 37.266 -119.57 456 346 360 360 2014 7 2 14 17 16 4 187
5 49 65 37.398 -119.61 457 346 360 360 2014 7 2 14 18 16 4 187
5 49 65 37.523 -119.65 457 346 360 360 2014 7 2 14 19 7 4 184
5 49 65 37.645 -119.69 457 346 360 360 2014 7 2 14 20 16 4 184
5 49 65 37.767 -119.73 456 346 360 360 2014 7 2 14 21 6 4 184
5 49 65 37.889 -119.77 454 346 360 360 2014 7 2 14 22 16 4 184
5 49 65 38.034 -119.81 450 345 360 360 2014 7 2 14 23 15 4 184
5 49 65 38.155 -119.85 450 345 360 360 2014 7 2 14 24 15 4 185
5 49 65 38.277 -119.89 449 346 360 360 2014 7 2 14 25 16 4 185
5 49 65 38.399 -119.93 450 345 360 360 2014 7 2 14 26 6 4 185
5 49 65 38.52 -119.97 450 345 360 360 2014 7 2 14 27 6 4 185
5 49 65 38.642 -120.01 450 346 360 360 2014 7 2 14 28 6 4 185
5 49 65 38.766 -120.05 453 345 360 360 2014 7 2 14 29 6 4 185
5 49 65 38.889 -120.09 456 345 360 360 2014 7 2 14 30 16 4 185
5 49 65 39.037 -120.14 456 345 360 360 2014 7 2 14 31 6 4 185
5 49 65 39.159 -120.18 456 345 360 360 2014 7 2 14 32 16 4 181
5 49 65 39.282 -120.22 457 345 360 360 2014 7 2 14 33 16 4 181
5 49 65 39.419 -120.26 454 345 360 360 2014 7 2 14 34 16 4 181
5 49 65 39.542 -120.3 454 345 360 360 2014 7 2 14 35 6 4 181
5 49 65 39.689 -120.35 454 345 360 360 2014 7 2 14 36 6 4 181
5 49 65 39.769 -120.38 452 345 360 360 2014 7 2 14 37 16 4 181
5 49 65 39.89 -120.42 452 346 360 360 2014 7 2 14 38 6 4 181
5 49 65 40.031 -120.47 452 345 360 360 2014 7 2 14 39 6 4 186
5 49 65 40.167 -120.51 454 344 360 360 2014 7 2 14 40 6 4 186
5 49 65 40.289 -120.55 457 346 360 360 2014 7 2 14 41 6 4 186
5 49 65 40.426 -120.6 455 345 360 360 2014 7 2 14 42 6 4 186
5 49 65 40.538 -120.64 461 345 360 360 2014 7 2 14 43 6 4 186
5 49 65 40.675 -120.69 462 345 360 360 2014 7 2 14 44 6 4 186
5 49 65 40.802 -120.73 465 345 360 360 2014 7 2 14 45 6 4 186
5 49 65 40.928 -120.77 470 344 360 360 2014 7 2 14 46 11 4 186
5 49 65 41.053 -120.82 471 345 360 360 2014 7 2 14 47 6 3 142
5 49 65 41.181 -120.86 473 344 360 360 2014 7 2 14 48 6 3 142
5 49 65 41.305 -120.91 470 345 360 360 2014 7 2 14 49 6 3 142
5 49 65 41.332 -120.92 471 344 360 360 2014 7 2 14 50 6 3 142
5 49 65 41.456 -120.96 466 345 360 360 2014 7 2 14 51 6 3 142
5 49 65 41.705 -121.05 465 344 360 360 2014 7 2 14 52 16 3 142
5 49 65 41.705 -121.05 465 344 360 360 2014 7 2 14 53 6 3 142
5 49 65 41.831 -121.09 466 345 360 360 2014 7 2 14 54 7 3 142
5 49 65 42.08 -121.18 467 345 360 360 2014 7 2 14 55 16 3 142
5 49 65 42.08 -121.18 467 345 360 360 2014 7 2 14 56 6 3 142
5 49 65 42.33 -121.27 467 344 360 360 2014 7 2 14 57 16 3 142
5 49 65 42.332 -121.27 470 345 360 360 2014 7 2 14 58 6 3 142
5 49 65 42.481 -121.33 470 345 360 360 2014 7 2 14 59 6 3 142
5 49 65 42.605 -121.37 465 344 360 360 2014 7 2 15 0 6 3 142
5 49 65 42.729 -121.42 465 344 360 360 2014 7 2 15 1 6 3 142
5 49 65 42.856 -121.47 470 344 360 360 2014 7 2 15 2 6 3 142
5 49 65 42.981 -121.51 468 344 360 360 2014 7 2 15 3 16 3 142
5 49 65 43.108 -121.56 475 344 360 360 2014 7 2 15 4 6 3 141
5 49 65 43.234 -121.61 472 344 360 360 2014 7 2 15 5 6 3 141
5 49 65 43.364 -121.63 472 344 360 360 2014 7 2 15 6 6 3 141
5 49 65 43.498 -121.65 476 348 360 360 2014 7 2 15 7 6 3 142
5 49 65 43.631 -121.66 478 353 360 360 2014 7 2 15 8 16 3 142
5 49 65 43.786 -121.7 474 355 360 360 2014 7 2 15 9 6 3 142
5 49 65 43.89 -121.74 471 349 360 360 2014 7 2 15 10 6 3 142
5 49 65 44.04 -121.81 471 347 360 360 2014 7 2 15 11 6 3 135
5 49 65 44.167 -121.86 475 342 360 360 2014 7 2 15 12 6 3 135
5 49 65 44.291 -121.92 475 342 360 360 2014 7 2 15 13 6 3 135
5 49 65 44.417 -121.97 474 342 360 360 2014 7 2 15 14 6 3 135
5 49 65 44.544 -122.03 477 342 360 360 2014 7 2 15 15 6 3 135
5 49 65 44.666 -122.09 482 342 360 360 2014 7 2 15 16 6 3 135
5 49 65 44.793 -122.15 483 342 360 360 2014 7 2 15 17 6 3 135
5 49 65 44.922 -122.21 477 341 360 360 2014 7 2 15 18 17 3 135
5 49 65 45.051 -122.27 478 341 360 360 2014 7 2 15 19 15 3 135
5 49 65 45.178 -122.32 480 342 360 360 2014 7 2 15 20 16 3 135
5 49 65 45.328 -122.39 480 342 360 360 2014 7 2 15 21 6 3 135
5 49 65 45.456 -122.45 481 342 360 360 2014 7 2 15 22 6 3 135
5 49 65 45.583 -122.51 482 341 360 360 2014 7 2 15 23 6 3 135
5 49 65 45.711 -122.57 485 341 360 360 2014 7 2 15 24 16 3 135
5 49 65 45.843 -122.61 488 341 344 360 2014 7 2 15 25 6 3 135
5 49 65 45.981 -122.65 500 344 316 360 2014 7 2 15 26 6 3 135
5 49 65 46.116 -122.68 499 355 294 360 2014 7 2 15 27 6 3 147
5 49 65 46.252 -122.7 489 350 274 360 2014 7 2 15 28 6 3 147
5 49 65 46.382 -122.72 478 358 248 360 2014 7 2 15 29 6 3 147
5 49 65 46.506 -122.73 457 353 224 360 2014 7 2 15 30 6 3 147
5 49 65 46.646 -122.73 427 358 199 360 2014 7 2 15 31 6 3 147
5 49 65 46.754 -122.74 395 357 181 360 2014 7 2 15 32 6 3 147
5 49 65 46.847 -122.67 381 359 166 360 2014 7 2 15 33 6 3 147
5 49 65 46.929 -122.57 374 35 147 360 2014 7 2 15 34 6 3 147
5 49 65 47.032 -122.52 364 34 128 360 2014 7 2 15 35 6 3 114
5 49 65 47.139 -122.49 335 11 108 360 2014 7 2 15 36 6 3 114
5 49 65 47.225 -122.44 335 22 108 360 2014 7 2 15 37 6 3 114
5 49 65 47.31 -122.46 293 5 87 360 2014 7 2 15 38 15 3 114
5 49 65 47.378 -122.45 295 3 78 360 2014 7 2 15 39 16 3 114
5 49 65 47.461 -122.46 261 0 68 360 2014 7 2 15 40 6 3 114
5 49 65 47.528 -122.45 247 358 56 360 2014 7 2 15 41 6 3 114
5 49 65 47.543 -122.46 241 0 53 360 2014 7 2 15 42 6 3 114
5 49 65 47.609 -122.43 234 1 40 360 2014 7 2 15 43 6 3 114
5 49 65 47.618 -122.35 204 67 37 360 2014 7 2 15 44 8 3 114
5 49 65 47.594 -122.31 182 129 30 360 2014 7 2 15 45 6 3 114
5 49 65 47.544 -122.31 182 180 20 360 2014 7 2 15 46 6 3 114
5 49 65 47.496 -122.31 146 178 11 360 2014 7 2 15 47 6 3 114
5 49 65 47.459 -122.31 144 182 4 360 2014 7 2 15 48 6 3 114
6 49 65 34.05 -117.63 172 0 17 380 2014 7 2 17 49 6 1 6
6 49 65 34.055 -117.65 209 257 25 380 2014 7 2 17 50 6 1 6
6 49 65 34.054 -117.74 217 268 46 380 2014 7 2 17 51 6 1 6
6 49 65 34.094 -117.81 244 292 63 380 2014 7 2 17 52 6 1 6
6 49 65 34.143 -117.88 266 286 83 380 2014 7 2 17 53 16 1 6
6 49 65 34.194 -117.95 282 313 104 380 2014 7 2 17 54 6 1 6
6 49 65 34.248 -118.03 298 310 128 380 2014 7 2 17 55 6 1 6
6 49 65 34.31 -118.13 300 309 153 380 2014 7 2 17 56 6 1 21
6 49 65 34.376 -118.22 363 309 161 380 2014 7 2 17 57 6 1 21
6 49 65 34.449 -118.33 410 309 179 380 2014 7 2 17 58 6 1 32
6 49 65 34.526 -118.45 427 309 202 380 2014 7 2 17 59 6 1 32
6 49 65 34.631 -118.53 444 317 223 380 2014 7 2 18 0 6 1 32
6 49 65 34.765 -118.61 456 332 244 380 2014 7 2 18 1 7 1 53
6 49 65 34.892 -118.66 477 339 261 380 2014 7 2 18 2 16 1 53
6 49 65 35.024 -118.7 478 346 277 380 2014 7 2 18 3 6 1 53
6 49 65 35.153 -118.74 478 345 295 380 2014 7 2 18 4 6 1 53
6 49 65 35.282 -118.78 480 345 301 380 2014 7 2 18 5 16 1 53
6 49 65 35.411 -118.82 480 346 316 380 2014 7 2 18 6 16 1 53
6 49 65 35.563 -118.86 475 345 336 380 2014 7 2 18 7 6 1 53
6 49 65 35.691 -118.9 473 345 339 380 2014 7 2 18 8 6 1 53
6 49 65 35.814 -118.94 466 345 340 380 2014 7 2 18 9 6 1 53
6 49 65 35.939 -118.98 463 346 348 380 2014 7 2 18 10 6 1 53
6 49 65 36.065 -119.02 467 345 360 380 2014 7 2 18 11 11 1 53
6 49 65 36.214 -119.07 466 344 372 380 2014 7 2 18 12 6 4 187
6 49 65 36.337 -119.11 464 345 379 380 2014 7 2 18 13 16 4 187
6 49 65 36.461 -119.15 463 344 380 380 2014 7 2 18 14 7 4 187
6 49 65 36.535 -119.17 463 345 380 380 2014 7 2 18 15 6 4 187
6 49 65 36.661 -119.21 465 345 380 380 2014 7 2 18 16 6 4 187
6 49 65 36.787 -119.25 466 345 380 380 2014 7 2 18 17 6 4 187
6 49 65 36.912 -119.3 466 345 380 380 2014 7 2 18 18 6 4 187
6 49 65 37.038 -119.34 466 344 380 380 2014 7 2 18 19 6 4 187
6 49 65 37.189 -119.38 467 345 380 380 2014 7 2 18 20 6 4 187
6 49 65 37.314 -119.43 467 345 380 380 2014 7 2 18 21 6 4 187
6 49 65 37.438 -119.47 467 345 380 380 2014 7 2 18 22 6 4 187
6 49 65 37.574 -119.51 466 345 380 380 2014 7 2 18 23 6 4 184
6 49 65 37.699 -119.55 465 345 380 380 2014 7 2 18 24 6 4 184
6 49 65 37.823 -119.59 465 345 380 380 2014 7 2 18 25 6 4 184
6 49 65 37.95 -119.64 466 345 380 380 2014 7 2 18 26 6 4 184
6 49 65 38.077 -119.68 471 345 380 380 2014 7 2 18 27 6 4 184
6 49 65 38.203 -119.72 470 345 380 380 2014 7 2 18 28 6 4 185
6 49 65 38.33 -119.76 470 345 380 380 2014 7 2 18 29 6 4 185
6 49 65 38.48 -119.82 470 345 380 380 2014 7 2 18 30 6 4 185
6 49 65 38.606 -119.86 470 345 380 380 2014 7 2 18 31 6 4 185
6 49 65 38.732 -119.9 470 345 380 380 2014 7 2 18 32 6 4 185
6 49 65 38.734 -119.9 471 344 380 380 2014 7 2 18 33 6 4 185
6 49 65 38.86 -119.95 472 345 380 380 2014 7 2 18 34 6 4 185
6 49 65 39.128 -120.04 473 344 380 380 2014 7 2 18 35 16 4 181
6 49 65 39.128 -120.04 473 344 380 380 2014 7 2 18 36 6 4 181
6 49 65 39.252 -120.08 471 345 380 380 2014 7 2 18 37 6 4 181
6 49 65 39.389 -120.13 469 344 380 380 2014 7 2 18 38 6 4 181
6 49 65 39.512 -120.17 463 344 380 380 2014 7 2 18 39 6 4 181
6 49 65 39.626 -120.21 465 345 380 380 2014 7 2 18 40 16 4 181
6 49 65 39.751 -120.26 465 344 380 380 2014 7 2 18 41 10 4 181
6 49 65 39.878 -120.3 467 344 380 380 2014 7 2 18 42 6 4 181
6 49 65 40.027 -120.35 466 345 380 380 2014 7 2 18 43 16 4 181
6 49 65 40.143 -120.39 469 344 380 380 2014 7 2 18 44 16 4 181
6 49 65 40.277 -120.44 465 346 380 380 2014 7 2 18 45 6 4 181
6 49 65 40.417 -120.49 472 344 380 380 2014 7 2 18 46 6 4 186
6 49 65 40.543 -120.54 473 344 380 380 2014 7 2 18 47 6 4 186
6 49 65 40.661 -120.58 470 345 380 380 2014 7 2 18 48 6 4 186
6 49 65 40.786 -120.63 468 343 380 380 2014 7 2 18 49 6 4 186
6 49 65 40.913 -120.67 468 344 380 380 2014 7 2 18 50 6 4 186
6 49 65 41.036 -120.72 465 345 380 380 2014 7 2 18 51 6 3 142
6 49 65 41.187 -120.77 466 343 380 380 2014 7 2 18 52 6 3 142
6 49 65 41.313 -120.82 469 345 380 380 2014 7 2 18 53 6 3 142
6 49 65 41.438 -120.87 467 344 380 380 2014 7 2 18 54 15 3 142
6 49 65 41.562 -120.91 467 344 380 380 2014 7 2 18 55 6 3 142
6 49 65 41.687 -120.96 467 344 380 380 2014 7 2 18 56 16 3 142
6 49 65 41.812 -121.01 467 344 380 380 2014 7 2 18 57 6 3 142
6 49 65 41.961 -121.06 467 343 380 380 2014 7 2 18 58 6 3 142
6 49 65 42.062 -121.1 469 343 380 380 2014 7 2 18 59 6 3 142
6 49 65 42.186 -121.15 466 344 380 380 2014 7 2 19 0 6 3 142
6 49 65 42.312 -121.2 472 344 380 380 2014 7 2 19 1 6 3 142
6 49 65 42.438 -121.24 473 344 380 380 2014 7 2 19 2 6 3 142
6 49 65 42.565 -121.29 473 344 380 380 2014 7 2 19 3 6 3 142
6 49 65 42.719 -121.35 483 344 380 380 2014 7 2 19 4 6 3 142
6 49 65 42.846 -121.41 480 343 380 380 2014 7 2 19 5 16 3 142
6 49 65 42.971 -121.45 473 343 380 380 2014 7 2 19 6 6 3 142
6 49 65 43.098 -121.5 473 344 380 380 2014 7 2 19 7 6 3 142
6 49 65 43.225 -121.55 473 344 380 380 2014 7 2 19 8 6 3 142
6 49 65 43.352 -121.6 473 344 380 380 2014 7 2 19 9 6 3 142
6 49 65 43.462 -121.69 472 343 380 380 2014 7 2 19 10 6 3 141
6 49 65 43.573 -121.79 472 336 380 380 2014 7 2 19 11 6 3 141
6 49 65 43.686 -121.88 473 328 380 380 2014 7 2 19 12 6 3 141
6 49 65 43.82 -122 471 328 380 380 2014 7 2 19 13 6 3 135
6 49 65 43.932 -122.09 471 328 380 380 2014 7 2 19 14 6 3 135
6 49 65 44.06 -122.13 471 349 380 380 2014 7 2 19 15 6 3 135
6 49 65 44.176 -122.21 470 332 380 380 2014 7 2 19 16 17 3 135
6 49 65 44.304 -122.24 470 350 380 380 2014 7 2 19 17 6 3 135
6 49 65 44.433 -122.27 472 348 380 380 2014 7 2 19 18 16 3 135
6 49 65 44.562 -122.3 472 350 380 380 2014 7 2 19 19 16 3 135
6 49 65 44.69 -122.33 472 350 380 380 2014 7 2 19 20 6 3 135
6 49 65 44.818 -122.36 472 350 380 380 2014 7 2 19 21 6 3 135
6 49 65 44.97 -122.4 471 350 380 380 2014 7 2 19 22 16 3 135
6 49 65 45.1 -122.43 472 350 380 380 2014 7 2 19 23 16 3 135
6 49 65 45.1 -122.43 472 350 380 380 2014 7 2 19 24 6 3 135
6 49 65 45.231 -122.46 479 350 380 380 2014 7 2 19 25 6 3 135
6 49 65 45.36 -122.49 477 350 380 380 2014 7 2 19 26 6 3 135
6 49 65 45.49 -122.53 477 350 380 380 2014 7 2 19 27 6 3 135
6 49 65 45.62 -122.56 477 350 380 380 2014 7 2 19 28 6 3 135
6 49 65 45.749 -122.59 477 350 363 380 2014 7 2 19 29 6 3 135
6 49 65 45.906 -122.63 477 349 328 380 2014 7 2 19 30 6 3 135
6 49 65 46.038 -122.66 480 350 304 380 2014 7 2 19 31 6 3 147
6 49 65 46.168 -122.69 479 350 281 380 2014 7 2 19 32 6 3 147
6 49 65 46.297 -122.72 463 350 260 380 2014 7 2 19 33 15 3 147
6 49 65 46.419 -122.73 447 351 238 380 2014 7 2 19 34 6 3 147
6 49 65 46.537 -122.73 432 354 217 380 2014 7 2 19 35 6 3 147
6 49 65 46.713 -122.74 393 358 186 380 2014 7 2 19 36 6 3 147
6 49 65 46.77 -122.73 396 358 177 380 2014 7 2 19 37 7 3 147
6 49 65 46.863 -122.65 376 18 160 380 2014 7 2 19 38 6 3 147
6 49 65 46.944 -122.56 362 38 142 380 2014 7 2 19 39 6 3 147
6 49 65 47.038 -122.52 355 22 124 380 2014 7 2 19 40 6 3 114
6 49 65 47.138 -122.49 337 16 106 380 2014 7 2 19 41 6 3 114
6 49 65 47.263 -122.47 291 6 94 380 2014 7 2 19 42 16 3 114
6 49 65 47.305 -122.46 294 5 87 380 2014 7 2 19 43 6 3 114
6 49 65 47.383 -122.46 278 5 77 380 2014 7 2 19 44 6 3 114
6 49 65 47.49 -122.46 259 0 62 380 2014 7 2 19 45 6 3 114
6 49 65 47.565 -122.46 246 0 52 380 2014 7 2 19 46 6 3 114
6 49 65 47.599 -122.45 240 0 49 380 2014 7 2 19 47 6 3 114
6 49 65 47.619 -122.38 197 22 40 380 2014 7 2 19 48 6 3 114
6 49 65 47.586 -122.33 173 113 34 380 2014 7 2 19 49 6 3 114
6 49 65 47.539 -122.31 175 140 21 380 2014 7 2 19 50 6 3 114
6 49 65 47.494 -122.31 163 177 12 380 2014 7 2 19 51 6 3 114
6 49 65 47.459 -122.31 152 182 5 380 2014 7 2 19 52 16 3 114
7 49 65 34.057 -117.62 178 0 18 320 2014 7 3 1 27 6 1 6
7 49 65 34.056 -117.71 219 261 39 320 2014 7 3 1 28 15 1 6
7 49 65 34.09 -117.79 277 269 65 320 2014 7 3 1 29 16 1 6
7 49 65 34.149 -117.86 287 288 91 320 2014 7 3 1 30 16 1 6
7 49 65 34.198 -117.94 301 308 112 320 2014 7 3 1 31 6 1 6
7 49 65 34.246 -118.02 305 311 144 320 2014 7 3 1 32 17 1 21
7 49 65 34.299 -118.11 324 304 153 320 2014 7 3 1 33 6 1 21
7 49 65 34.374 -118.17 324 325 153 320 2014 7 3 1 34 15 1 21
7 49 65 34.381 -118.23 390 312 172 320 2014 7 3 1 35 16 1 21
7 49 65 34.454 -118.34 409 308 194 320 2014 7 3 1 36 6 1 32
7 49 65 34.607 -118.51 416 309 230 320 2014 7 3 1 37 15 1 32
7 49 65 34.626 -118.52 425 316 233 320 2014 7 3 1 38 6 1 32
7 49 65 34.713 -118.58 427 332 244 320 2014 7 3 1 39 6 1 53
7 49 65 34.933 -118.72 443 331 274 320 2014 7 3 1 40 16 1 53
7 49 65 35.049 -118.78 448 335 293 320 2014 7 3 1 41 15 1 53
7 49 65 35.091 -118.8 440 337 297 320 2014 7 3 1 42 6 1 53
7 49 65 35.202 -118.86 439 334 308 320 2014 7 3 1 43 6 1 53
7 49 65 35.316 -118.92 444 335 320 320 2014 7 3 1 44 6 1 53
7 49 65 35.424 -118.99 439 335 320 320 2014 7 3 1 45 6 1 53
7 49 65 35.535 -119.05 438 335 320 320 2014 7 3 1 46 6 1 53
7 49 65 35.644 -119.11 437 335 320 320 2014 7 3 1 47 6 1 53
7 49 65 35.775 -119.18 436 335 320 320 2014 7 3 1 48 6 1 53
7 49 65 35.885 -119.24 436 335 320 320 2014 7 3 1 49 15 1 53
7 49 65 35.993 -119.31 435 335 320 320 2014 7 3 1 50 16 1 53
7 49 65 36.103 -119.37 434 335 320 320 2014 7 3 1 51 6 4 187
7 49 65 36.211 -119.43 433 335 320 320 2014 7 3 1 52 6 4 187
7 49 65 36.321 -119.49 434 335 320 320 2014 7 3 1 53 6 4 187
7 49 65 36.452 -119.57 434 334 320 320 2014 7 3 1 54 6 4 187
7 49 65 36.516 -119.6 434 335 320 320 2014 7 3 1 55 6 4 187
7 49 65 36.627 -119.67 437 336 320 320 2014 7 3 1 56 6 4 187
7 49 65 36.737 -119.73 437 335 320 320 2014 7 3 1 57 6 4 187
7 49 65 36.847 -119.8 438 334 320 320 2014 7 3 1 58 16 4 187
7 49 65 36.981 -119.87 438 334 320 320 2014 7 3 1 59 7 4 187
7 49 65 37.087 -119.93 438 335 320 320 2014 7 3 2 0 6 4 187
7 49 65 37.193 -119.99 438 335 320 320 2014 7 3 2 1 6 4 187
7 49 65 37.282 -120.09 429 334 320 320 2014 7 3 2 2 6 4 187
7 49 65 37.371 -120.19 429 326 320 320 2014 7 3 2 3 16 4 187
7 49 65 37.459 -120.29 428 318 320 320 2014 7 3 2 4 15 4 184
7 49 65 37.563 -120.41 427 318 320 320 2014 7 3 2 5 16 4 184
7 49 65 37.651 -120.51 427 317 320 320 2014 7 3 2 6 6 4 184
7 49 65 37.739 -120.61 427 317 320 320 2014 7 3 2 7 16 4 184
7 49 65 37.826 -120.72 427 317 320 320 2014 7 3 2 8 6 4 184
7 49 65 37.914 -120.82 426 317 320 320 2014 7 3 2 9 6 4 184
7 49 65 38.001 -120.92 426 317 320 320 2014 7 3 2 10 6 4 185
7 49 65 38.1 -121.01 440 317 320 320 2014 7 3 2 11 6 4 185
7 49 65 38.224 -121.03 451 321 320 320 2014 7 3 2 12 6 4 185
7 49 65 38.348 -121.05 451 343 320 320 2014 7 3 2 13 15 4 185
7 49 65 38.496 -121.07 452 352 320 320 2014 7 3 2 14 6 4 185
7 49 65 38.619 -121.09 453 352 320 320 2014 7 3 2 15 16 4 185
7 49 65 38.743 -121.12 455 352 320 320 2014 7 3 2 16 6 4 185
7 49 65 38.868 -121.14 455 352 320 320 2014 7 3 2 17 6 4 186
7 49 65 38.993 -121.16 455 352 320 320 2014 7 3 2 18 15 4 186
7 49 65 39.118 -121.18 456 352 320 320 2014 7 3 2 19 6 4 186
7 49 65 39.269 -121.21 455 352 320 320 2014 7 3 2 20 6 4 186
7 49 65 39.394 -121.23 455 352 320 320 2014 7 3 2 21 6 4 186
7 49 65 39.526 -121.25 457 352 320 320 2014 7 3 2 22 16 4 186
7 49 65 39.653 -121.27 458 352 320 320 2014 7 3 2 23 15 4 186
7 49 65 39.778 -121.29 460 352 320 320 2014 7 3 2 24 6 4 186
7 49 65 39.905 -121.32 457 352 320 320 2014 7 3 2 25 16 4 186
7 49 65 40.03 -121.34 457 352 320 320 2014 7 3 2 26 6 4 186
7 49 65 40.156 -121.36 458 352 320 320 2014 7 3 2 27 6 4 186
7 49 65 40.282 -121.38 458 352 320 320 2014 7 3 2 28 6 4 186
7 49 65 40.307 -121.39 458 352 320 320 2014 7 3 2 29 16 4 186
7 49 65 40.436 -121.41 468 351 320 320 2014 7 3 2 30 16 4 186
7 49 65 40.559 -121.43 458 352 320 320 2014 7 3 2 31 6 4 186
7 49 65 40.803 -121.48 464 352 320 320 2014 7 3 2 32 16 4 186
7 49 65 40.931 -121.5 460 351 320 320 2014 7 3 2 33 15 4 186
7 49 65 40.931 -121.5 460 351 320 320 2014 7 3 2 34 6 4 186
7 49 65 41.186 -121.55 461 351 323 340 2014 7 3 2 35 16 3 141
7 49 65 41.21 -121.55 466 351 325 340 2014 7 3 2 36 6 3 141
7 49 65 41.334 -121.58 456 351 332 340 2014 7 3 2 37 6 3 141
7 49 65 41.459 -121.6 454 352 339 340 2014 7 3 2 38 15 3 141
7 49 65 41.583 -121.62 454 351 340 340 2014 7 3 2 39 15 3 141
7 49 65 41.707 -121.64 453 351 340 340 2014 7 3 2 40 6 3 141
7 49 65 41.827 -121.67 444 351 340 340 2014 7 3 2 41 6 3 141
7 49 65 41.948 -121.69 444 352 340 340 2014 7 3 2 42 6 3 141
7 49 65 42.093 -121.72 443 352 340 340 2014 7 3 2 43 16 3 141
7 49 65 42.189 -121.73 447 352 340 340 2014 7 3 2 44 16 3 141
7 49 65 42.312 -121.76 450 351 340 340 2014 7 3 2 45 16 3 141
7 49 65 42.459 -121.8 451 351 340 340 2014 7 3 2 46 15 3 141
7 49 65 42.581 -121.82 449 350 340 340 2014 7 3 2 47 6 3 141
7 49 65 42.705 -121.86 454 350 340 340 2014 7 3 2 48 15 3 141
7 49 65 42.828 -121.88 452 350 340 340 2014 7 3 2 49 15 3 141
7 49 65 42.952 -121.91 452 350 340 340 2014 7 3 2 50 6 3 141
7 49 65 43.076 -121.94 453 350 340 340 2014 7 3 2 51 6 3 141
7 49 65 43.203 -121.97 459 350 340 340 2014 7 3 2 52 6 3 141
7 49 65 43.321 -122 468 350 340 340 2014 7 3 2 53 15 3 141
7 49 65 43.473 -122.03 468 350 340 340 2014 7 3 2 54 6 3 141
7 49 65 43.601 -122.06 467 349 340 340 2014 7 3 2 55 6 3 141
7 49 65 43.727 -122.09 464 350 340 340 2014 7 3 2 56 15 3 141
7 49 65 43.854 -122.12 465 350 340 340 2014 7 3 2 57 6 3 135
7 49 65 43.981 -122.15 465 350 340 340 2014 7 3 2 58 16 3 135
7 49 65 44.106 -122.18 460 350 340 340 2014 7 3 2 59 7 3 135
7 49 65 44.229 -122.21 456 350 340 300 2014 7 3 3 0 16 3 135
7 49 65 44.354 -122.24 455 350 332 300 2014 7 3 3 1 6 3 135
7 49 65 44.481 -122.27 459 350 323 300 2014 7 3 3 2 6 3 135
7 49 65 44.609 -122.3 462 350 313 300 2014 7 3 3 3 6 3 135
7 49 65 44.737 -122.34 471 350 304 300 2014 7 3 3 4 6 3 135
7 49 65 44.878 -122.37 458 350 300 300 2014 7 3 3 5 6 3 135
7 49 65 45.004 -122.4 457 349 300 300 2014 7 3 3 6 6 3 135
7 49 65 45.129 -122.44 459 349 300 300 2014 7 3 3 7 6 3 135
7 49 65 45.255 -122.47 460 349 300 300 2014 7 3 3 8 16 3 135
7 49 65 45.38 -122.5 460 350 300 300 2014 7 3 3 9 16 3 135
7 49 65 45.502 -122.53 453 350 300 300 2014 7 3 3 10 16 3 135
7 49 65 45.626 -122.56 453 350 300 300 2014 7 3 3 11 6 3 135
7 49 65 45.749 -122.59 452 350 300 300 2014 7 3 3 12 16 3 135
7 49 65 45.87 -122.62 450 349 300 300 2014 7 3 3 13 15 3 135
7 49 65 45.994 -122.65 450 350 300 300 2014 7 3 3 14 16 3 135
7 49 65 46.141 -122.69 450 349 300 300 2014 7 3 3 15 6 3 147
7 49 65 46.264 -122.71 449 349 292 300 2014 7 3 3 16 6 3 147
7 49 65 46.385 -122.72 441 351 268 300 2014 7 3 3 17 15 3 147
7 49 65 46.503 -122.73 429 1 244 300 2014 7 3 3 18 15 3 147
7 49 65 46.618 -122.73 419 357 220 300 2014 7 3 3 19 6 3 147
7 49 65 46.73 -122.74 408 358 197 300 2014 7 3 3 20 6 3 147
7 49 65 46.834 -122.68 414 13 177 300 2014 7 3 3 21 6 3 147
7 49 65 46.916 -122.59 379 37 154 300 2014 7 3 3 22 16 3 147
7 49 65 47.017 -122.53 355 22 141 300 2014 7 3 3 23 6 3 114
7 49 65 47.113 -122.49 349 14 121 300 2014 7 3 3 24 15 3 114
7 49 65 47.213 -122.48 336 6 110 300 2014 7 3 3 25 16 3 114
7 49 65 47.305 -122.46 306 5 94 300 2014 7 3 3 26 16 3 114
7 49 65 47.305 -122.46 306 5 94 300 2014 7 3 3 27 6 3 114
7 49 65 47.377 -122.45 304 4 82 300 2014 7 3 3 28 6 3 114
7 49 65 47.461 -122.46 277 359 66 300 2014 7 3 3 29 6 3 114
7 49 65 47.596 -122.45 209 359 50 300 2014 7 3 3 30 6 3 114
7 49 65 47.619 -122.39 207 1 37 300 2014 7 3 3 31 6 3 114
7 49 65 47.586 -122.33 182 69 29 300 2014 7 3 3 32 6 3 114
7 49 65 47.542 -122.31 173 137 20 300 2014 7 3 3 33 6 3 114
7 49 65 47.499 -122.31 155 170 12 300 2014 7 3 3 34 16 3 114
7 49 65 47.491 -122.31 141 180 10 300 2014 7 3 3 35 16 3 114
7 49 65 47.458 -122.31 148 182 5 300 2014 7 3 3 36 6 3 114
8 49 65 34.05 -117.65 171 270 24 400 2014 7 3 13 40 6 1 6
8 49 65 34.062 -117.7 191 261 40 400 2014 7 3 13 41 6 1 6
8 49 65 34.105 -117.77 240 275 59 400 2014 7 3 13 42 16 1 6
8 49 65 34.15 -117.85 268 298 84 400 2014 7 3 13 43 6 1 6
8 49 65 34.195 -117.93 287 305 107 400 2014 7 3 13 44 6 1 6
8 49 65 34.249 -118.02 328 310 130 400 2014 7 3 13 45 6 1 6
8 49 65 34.307 -118.12 351 304 161 400 2014 7 3 13 46 6 1 21
8 49 65 34.371 -118.22 361 305 191 400 2014 7 3 13 47 6 1 21
8 49 65 34.438 -118.31 376 307 217 400 2014 7 3 13 48 6 1 32
8 49 65 34.52 -118.44 388 309 246 400 2014 7 3 13 49 6 1 53
8 49 65 34.624 -118.5 422 316 266 400 2014 7 3 13 50 6 1 53
8 49 65 34.699 -118.52 426 335 279 400 2014 7 3 13 51 6 1 53
8 49 65 34.861 -118.57 446 346 303 400 2014 7 3 13 52 15 1 53
8 49 65 34.989 -118.61 449 344 319 400 2014 7 3 13 53 6 1 53
8 49 65 35.114 -118.65 461 345 337 400 2014 7 3 13 54 6 1 53
8 49 65 35.241 -118.69 466 345 354 400 2014 7 3 13 55 6 1 53
8 49 65 35.311 -118.71 460 346 357 400 2014 7 3 13 56 6 1 53
8 49 65 35.365 -118.73 467 345 360 400 2014 7 3 13 57 6 1 53
8 49 65 35.586 -118.8 466 345 382 400 2014 7 3 13 58 6 1 53
8 49 65 35.635 -118.81 462 345 388 400 2014 7 3 13 59 6 1 53
8 49 65 35.83 -118.88 458 345 400 400 2014 7 3 14 0 6 1 53
8 49 65 35.95 -118.92 454 345 400 400 2014 7 3 14 1 6 1 53
8 49 65 36.07 -118.95 448 344 400 400 2014 7 3 14 2 6 1 53
8 49 65 36.189 -118.99 446 345 400 400 2014 7 3 14 3 6 4 187
8 49 65 36.308 -119.03 446 345 400 400 2014 7 3 14 4 6 4 187
8 49 65 36.429 -119.07 446 344 400 400 2014 7 3 14 5 6 4 187
8 49 65 36.501 -119.1 447 345 400 400 2014 7 3 14 6 7 4 187
8 49 65 36.692 -119.16 447 345 400 400 2014 7 3 14 7 6 4 187
8 49 65 36.742 -119.18 448 345 400 400 2014 7 3 14 8 6 4 187
8 49 65 36.932 -119.24 447 345 400 400 2014 7 3 14 9 6 4 187
8 49 65 37.052 -119.28 447 344 400 400 2014 7 3 14 10 6 4 187
8 49 65 37.173 -119.32 447 345 400 400 2014 7 3 14 11 6 4 187
8 49 65 37.292 -119.36 447 345 400 400 2014 7 3 14 12 6 4 187
8 49 65 37.413 -119.4 447 345 400 400 2014 7 3 14 13 6 4 187
8 49 65 37.532 -119.44 447 345 400 400 2014 7 3 14 14 6 4 184
8 49 65 37.533 -119.44 447 344 400 400 2014 7 3 14 15 6 4 184
8 49 65 37.67 -119.49 447 345 400 400 2014 7 3 14 16 6 4 184
8 49 65 37.791 -119.53 447 345 400 400 2014 7 3 14 17 6 4 184
8 49 65 37.909 -119.57 442 345 400 400 2014 7 3 14 18 6 4 184
8 49 65 38.146 -119.65 442 345 400 400 2014 7 3 14 19 6 4 184
8 49 65 38.264 -119.69 442 344 400 400 2014 7 3 14 20 6 4 185
8 49 65 38.263 -119.69 441 345 400 400 2014 7 3 14 21 6 4 185
8 49 65 38.381 -119.73 441 344 400 400 2014 7 3 14 22 6 4 185
8 49 65 38.498 -119.77 442 344 400 400 2014 7 3 14 23 6 4 185
8 49 65 38.617 -119.81 441 344 400 400 2014 7 3 14 24 6 4 185
8 49 65 38.736 -119.85 441 344 400 400 2014 7 3 14 25 6 4 185
8 49 65 38.879 -119.9 442 344 400 400 2014 7 3 14 26 6 4 185
8 49 65 38.999 -119.94 443 344 400 400 2014 7 3 14 27 7 4 181
8 49 65 39.119 -119.98 444 344 400 400 2014 7 3 14 28 6 4 181
8 49 65 39.237 -120.03 444 344 400 400 2014 7 3 14 29 6 4 181
8 49 65 39.403 -120.09 444 344 400 400 2014 7 3 14 30 6 4 181
8 49 65 39.521 -120.13 443 344 400 400 2014 7 3 14 31 6 4 181
8 49 65 39.64 -120.17 443 345 400 400 2014 7 3 14 32 6 4 181
8 49 65 39.758 -120.21 443 343 400 400 2014 7 3 14 33 6 4 181
8 49 65 39.878 -120.26 444 345 400 400 2014 7 3 14 34 6 4 181
8 49 65 39.995 -120.3 442 344 400 400 2014 7 3 14 35 6 4 181
8 49 65 40.113 -120.34 441 343 400 400 2014 7 3 14 36 6 4 181
8 49 65 40.208 -120.38 441 344 400 400 2014 7 3 14 37 6 4 181
8 49 65 40.371 -120.43 439 344 400 400 2014 7 3 14 38 6 4 181
8 49 65 40.49 -120.48 441 344 400 400 2014 7 3 14 39 6 4 186
8 49 65 40.604 -120.52 432 345 400 400 2014 7 3 14 40 6 4 186
8 49 65 40.721 -120.56 433 344 400 400 2014 7 3 14 41 6 4 186
8 49 65 40.837 -120.61 434 344 400 400 2014 7 3 14 42 6 4 186
8 49 65 40.906 -120.63 436 343 400 400 2014 7 3 14 43 6 4 186
8 49 65 40.954 -120.65 434 344 400 400 2014 7 3 14 44 6 4 186
8 49 65 41.162 -120.73 435 343 400 400 2014 7 3 14 45 6 3 142
8 49 65 41.277 -120.77 435 344 400 400 2014 7 3 14 46 14 3 142
8 49 65 41.418 -120.82 435 344 400 400 2014 7 3 14 47 6 3 142
8 49 65 41.533 -120.87 435 343 400 400 2014 7 3 14 48 6 3 142
8 49 65 41.671 -120.92 434 344 400 400 2014 7 3 14 49 6 3 142
8 49 65 41.786 -120.97 435 343 400 400 2014 7 3 14 50 6 3 142
8 49 65 41.902 -121.01 435 344 400 400 2014 7 3 14 51 6 3 142
8 49 65 41.994 -121.05 434 343 400 400 2014 7 3 14 52 9 3 142
8 49 65 42.019 -121.06 435 343 400 400 2014 7 3 14 53 6 3 142
8 49 65 42.133 -121.1 434 344 400 400 2014 7 3 14 54 6 3 142
8 49 65 42.246 -121.14 428 344 400 400 2014 7 3 14 55 6 3 142
8 49 65 42.361 -121.19 429 343 400 400 2014 7 3 14 56 6 3 142
8 49 65 42.473 -121.23 425 344 400 400 2014 7 3 14 57 6 3 142
8 49 65 42.586 -121.28 423 343 400 400 2014 7 3 14 58 6 3 142
8 49 65 42.72 -121.33 419 343 400 400 2014 7 3 14 59 6 3 142
8 49 65 42.833 -121.38 420 343 400 400 2014 7 3 15 0 6 3 142
8 49 65 42.944 -121.42 420 343 400 400 2014 7 3 15 1 7 3 142
8 49 65 43.056 -121.47 418 343 400 400 2014 7 3 15 2 6 3 142
8 49 65 43.166 -121.51 418 343 400 400 2014 7 3 15 3 6 3 142
8 49 65 43.277 -121.55 417 343 400 400 2014 7 3 15 4 6 3 142
8 49 65 43.386 -121.6 413 343 400 400 2014 7 3 15 5 6 3 142
8 49 65 43.496 -121.64 410 343 400 400 2014 7 3 15 6 9 3 142
8 49 65 43.604 -121.69 409 343 400 400 2014 7 3 15 7 6 3 142
8 49 65 43.712 -121.73 406 343 400 400 2014 7 3 15 8 6 3 141
8 49 65 43.823 -121.77 401 343 400 400 2014 7 3 15 9 6 3 141
8 49 65 43.933 -121.82 410 344 400 400 2014 7 3 15 10 6 3 135
8 49 65 44.044 -121.86 410 344 400 400 2014 7 3 15 11 6 3 135
8 49 65 44.181 -121.92 417 343 400 400 2014 7 3 15 12 6 3 135
8 49 65 44.291 -121.97 414 343 400 400 2014 7 3 15 13 6 3 135
8 49 65 44.401 -122.01 414 343 400 400 2014 7 3 15 14 6 3 135
8 49 65 44.512 -122.06 414 343 400 400 2014 7 3 15 15 6 3 135
8 49 65 44.63 -122.11 415 343 400 400 2014 7 3 15 16 6 3 135
8 49 65 44.744 -122.16 421 343 400 400 2014 7 3 15 17 6 3 135
8 49 65 44.854 -122.2 421 343 400 400 2014 7 3 15 18 6 3 135
8 49 65 44.954 -122.25 412 343 400 340 2014 7 3 15 19 6 3 135
8 49 65 45.066 -122.3 415 342 390 340 2014 7 3 15 20 6 3 135
8 49 65 45.18 -122.34 426 343 381 340 2014 7 3 15 21 6 3 135
8 49 65 45.294 -122.39 426 343 371 340 2014 7 3 15 22 6 3 135
8 49 65 45.43 -122.45 427 343 360 340 2014 7 3 15 23 6 3 135
8 49 65 45.548 -122.48 432 343 350 340 2014 7 3 15 24 6 3 135
8 49 65 45.668 -122.52 437 346 341 340 2014 7 3 15 25 6 3 135
8 49 65 45.79 -122.56 449 348 331 340 2014 7 3 15 26 6 3 135
8 49 65 45.913 -122.59 450 347 322 340 2014 7 3 15 27 6 3 135
8 49 65 46.035 -122.63 451 347 311 340 2014 7 3 15 28 6 3 147
8 49 65 46.156 -122.67 450 354 301 340 2014 7 3 15 29 6 3 147
8 49 65 46.271 -122.71 435 347 280 340 2014 7 3 15 30 6 3 147
8 49 65 46.387 -122.73 428 347 257 340 2014 7 3 15 31 6 3 147
8 49 65 46.524 -122.73 417 350 230 340 2014 7 3 15 32 6 3 147
8 49 65 46.635 -122.73 406 356 208 340 2014 7 3 15 33 6 3 147
8 49 65 46.747 -122.74 404 358 186 340 2014 7 3 15 34 6 3 147
8 49 65 46.822 -122.7 385 21 176 340 2014 7 3 15 35 6 3 147
8 49 65 46.933 -122.57 387 37 147 340 2014 7 3 15 36 6 3 147
8 49 65 47.034 -122.52 387 19 147 340 2014 7 3 15 37 6 3 114
8 49 65 47.105 -122.5 356 18 114 340 2014 7 3 15 38 6 3 114
8 49 65 47.191 -122.48 333 11 104 340 2014 7 3 15 39 8 3 114
8 49 65 47.275 -122.47 300 6 91 340 2014 7 3 15 40 6 3 114
8 49 65 47.386 -122.46 288 5 75 340 2014 7 3 15 41 6 3 114
8 49 65 47.435 -122.46 283 3 66 340 2014 7 3 15 42 6 3 114
8 49 65 47.512 -122.45 275 0 52 340 2014 7 3 15 43 6 3 114
8 49 65 47.589 -122.45 270 0 40 340 2014 7 3 15 44 6 3 114
8 49 65 47.617 -122.38 221 10 36 340 2014 7 3 15 45 6 3 114
8 49 65 47.582 -122.31 190 87 28 340 2014 7 3 15 46 6 3 114
8 49 65 47.535 -122.31 181 156 19 340 2014 7 3 15 47 6 3 114
8 49 65 47.489 -122.31 147 179 10 340 2014 7 3 15 48 6 3 114
8 49 65 47.438 -122.31 133 180 4 340 2014 7 3 15 49 16 3 114
8 49 65 47.438 -122.31 133 180 4 340 2014 7 3 15 50 10 3 114
8 49 65 47.409 -122.3 132 181 340 340 2014 7 3 15 51 6 3 137
9 49 65 34.05 -117.65 181 270 24 380 2014 7 3 17 38 16 1 6
9 49 65 34.054 -117.73 216 261 42 380 2014 7 3 17 39 6 1 6
9 49 65 34.093 -117.81 266 294 62 380 2014 7 3 17 40 6 1 6
9 49 65 34.143 -117.88 284 288 91 380 2014 7 3 17 41 6 1 6
9 49 65 34.197 -117.96 300 311 115 380 2014 7 3 17 42 6 1 6
9 49 65 34.262 -118.06 308 309 147 380 2014 7 3 17 43 6 1 21
9 49 65 34.329 -118.13 336 309 170 380 2014 7 3 17 44 6 1 21
9 49 65 34.418 -118.19 373 318 184 380 2014 7 3 17 45 6 1 21
9 49 65 34.516 -118.26 408 324 199 380 2014 7 3 17 46 7 1 22
9 49 65 34.619 -118.34 427 330 219 380 2014 7 3 17 47 6 1 32
9 49 65 34.734 -118.42 431 328 243 380 2014 7 3 17 48 6 1 53
9 49 65 34.851 -118.5 441 330 258 380 2014 7 3 17 49 6 1 53
9 49 65 34.97 -118.59 465 330 271 380 2014 7 3 17 50 6 1 53
9 49 65 35.094 -118.64 477 330 285 380 2014 7 3 17 51 7 1 53
9 49 65 35.227 -118.68 489 345 303 380 2014 7 3 17 52 6 1 53
9 49 65 35.358 -118.72 490 345 317 380 2014 7 3 17 53 6 1 53
9 49 65 35.432 -118.75 484 346 327 380 2014 7 3 17 54 6 1 53
9 49 65 35.635 -118.81 471 345 355 380 2014 7 3 17 55 6 1 53
9 49 65 35.684 -118.83 464 346 359 380 2014 7 3 17 56 6 1 53
9 49 65 35.809 -118.87 464 345 368 380 2014 7 3 17 57 6 1 53
9 49 65 35.961 -118.92 469 345 379 380 2014 7 3 17 58 6 1 53
9 49 65 36.087 -118.96 470 345 380 380 2014 7 3 17 59 6 1 53
9 49 65 36.215 -119 473 345 380 380 2014 7 3 18 0 6 4 187
9 49 65 36.339 -119.04 471 345 380 380 2014 7 3 18 1 6 4 187
9 49 65 36.466 -119.08 471 345 380 380 2014 7 3 18 2 6 4 187
9 49 65 36.589 -119.12 464 344 380 380 2014 7 3 18 3 6 4 187
9 49 65 36.741 -119.17 466 345 380 380 2014 7 3 18 4 6 4 187
9 49 65 36.793 -119.19 469 344 380 380 2014 7 3 18 5 6 4 187
9 49 65 36.991 -119.26 466 345 380 380 2014 7 3 18 6 6 4 187
9 49 65 37.117 -119.3 466 345 380 380 2014 7 3 18 7 6 4 187
9 49 65 37.242 -119.34 466 345 380 380 2014 7 3 18 8 6 4 187
9 49 65 37.368 -119.38 467 345 380 380 2014 7 3 18 9 6 4 187
9 49 65 37.519 -119.43 467 345 380 380 2014 7 3 18 10 6 4 184
9 49 65 37.644 -119.47 467 345 380 380 2014 7 3 18 11 6 4 184
9 49 65 37.638 -119.47 467 345 380 380 2014 7 3 18 12 6 4 184
9 49 65 37.763 -119.52 466 345 380 380 2014 7 3 18 13 6 4 184
9 49 65 37.887 -119.56 465 344 380 380 2014 7 3 18 14 6 4 184
9 49 65 38.012 -119.6 465 344 380 380 2014 7 3 18 15 6 4 184
9 49 65 38.16 -119.65 463 344 380 380 2014 7 3 18 16 6 4 185
9 49 65 38.284 -119.69 462 345 380 380 2014 7 3 18 17 16 4 185
9 49 65 38.407 -119.74 462 344 380 380 2014 7 3 18 18 16 4 185
9 49 65 38.526 -119.78 462 344 380 380 2014 7 3 18 19 6 4 185
9 49 65 38.654 -119.82 462 344 380 380 2014 7 3 18 20 6 4 185
9 49 65 38.777 -119.87 462 345 380 380 2014 7 3 18 21 6 4 185
9 49 65 38.925 -119.92 462 344 380 380 2014 7 3 18 22 6 4 181
9 49 65 39.047 -119.96 462 344 380 380 2014 7 3 18 23 6 4 181
9 49 65 39.171 -120 461 344 380 380 2014 7 3 18 24 8 4 181
9 49 65 39.294 -120.05 461 344 380 380 2014 7 3 18 25 6 4 181
9 49 65 39.417 -120.09 461 344 380 380 2014 7 3 18 26 6 4 181
9 49 65 39.538 -120.13 458 344 380 380 2014 7 3 18 27 6 4 181
9 49 65 39.66 -120.18 456 345 380 380 2014 7 3 18 28 6 4 181
9 49 65 39.804 -120.23 453 343 380 380 2014 7 3 18 29 7 4 181
9 49 65 39.927 -120.27 455 344 380 380 2014 7 3 18 30 6 4 181
9 49 65 40.051 -120.32 455 344 380 380 2014 7 3 18 31 6 4 181
9 49 65 40.174 -120.36 455 344 380 380 2014 7 3 18 32 6 4 181
9 49 65 40.296 -120.41 456 344 380 380 2014 7 3 18 33 6 4 181
9 49 65 40.42 -120.45 457 344 380 380 2014 7 3 18 34 7 4 181
9 49 65 40.564 -120.51 463 344 380 380 2014 7 3 18 35 6 4 186
9 49 65 40.686 -120.55 461 343 380 380 2014 7 3 18 36 6 4 186
9 49 65 40.804 -120.59 447 343 380 380 2014 7 3 18 37 6 4 186
9 49 65 40.922 -120.64 444 344 380 380 2014 7 3 18 38 6 4 186
9 49 65 41.038 -120.68 438 345 380 380 2014 7 3 18 39 6 3 142
9 49 65 41.154 -120.73 435 343 380 380 2014 7 3 18 40 6 3 142
9 49 65 41.246 -120.76 432 344 380 380 2014 7 3 18 41 6 3 142
9 49 65 41.382 -120.81 428 343 380 380 2014 7 3 18 42 6 3 142
9 49 65 41.494 -120.85 425 344 380 380 2014 7 3 18 43 6 3 142
9 49 65 41.608 -120.9 425 343 380 380 2014 7 3 18 44 6 3 142
9 49 65 41.744 -120.95 430 344 380 380 2014 7 3 18 45 6 3 142
9 49 65 41.858 -121 430 344 380 380 2014 7 3 18 46 6 3 142
9 49 65 41.95 -121.03 431 343 380 380 2014 7 3 18 47 6 3 142
9 49 65 42.067 -121.07 434 344 380 380 2014 7 3 18 48 6 3 142
9 49 65 42.204 -121.13 433 344 380 380 2014 7 3 18 49 6 3 142
9 49 65 42.321 -121.17 436 344 380 380 2014 7 3 18 50 6 3 142
9 49 65 42.437 -121.22 437 344 380 380 2014 7 3 18 51 6 3 142
9 49 65 42.553 -121.26 437 343 380 380 2014 7 3 18 52 6 3 142
9 49 65 42.551 -121.26 434 344 380 380 2014 7 3 18 53 6 3 142
9 49 65 42.782 -121.35 434 343 380 380 2014 7 3 18 54 6 3 142
9 49 65 42.896 -121.4 433 343 380 380 2014 7 3 18 55 6 3 142
9 49 65 43.032 -121.46 428 343 380 380 2014 7 3 18 56 6 3 142
9 49 65 43.145 -121.5 428 343 380 380 2014 7 3 18 57 6 3 142
9 49 65 43.257 -121.55 424 343 380 380 2014 7 3 18 58 6 3 142
9 49 65 43.369 -121.59 424 343 380 380 2014 7 3 18 59 6 3 142
9 49 65 43.368 -121.59 422 343 380 380 2014 7 3 19 0 6 3 142
9 49 65 43.481 -121.64 422 343 380 380 2014 7 3 19 1 7 3 142
9 49 65 43.592 -121.68 416 343 380 380 2014 7 3 19 2 6 3 142
9 49 65 43.703 -121.72 416 343 380 380 2014 7 3 19 3 6 3 141
9 49 65 43.822 -121.78 416 343 380 380 2014 7 3 19 4 6 3 141
9 49 65 43.931 -121.82 420 343 380 380 2014 7 3 19 5 6 3 135
9 49 65 44.043 -121.86 420 343 380 380 2014 7 3 19 6 6 3 135
9 49 65 44.162 -121.91 420 343 380 380 2014 7 3 19 7 6 3 135
9 49 65 44.296 -121.97 420 343 380 380 2014 7 3 19 8 6 3 135
9 49 65 44.408 -122.02 421 343 380 380 2014 7 3 19 9 6 3 135
9 49 65 44.521 -122.06 423 343 380 380 2014 7 3 19 10 6 3 135
9 49 65 44.631 -122.11 422 343 380 380 2014 7 3 19 11 6 3 135
9 49 65 44.744 -122.16 421 343 380 380 2014 7 3 19 12 6 3 135
9 49 65 44.858 -122.21 423 343 380 380 2014 7 3 19 13 6 3 135
9 49 65 44.964 -122.25 417 343 380 380 2014 7 3 19 14 8 3 135
9 49 65 45.101 -122.31 428 343 380 380 2014 7 3 19 15 6 3 135
9 49 65 45.216 -122.36 431 343 380 380 2014 7 3 19 16 6 3 135
9 49 65 45.329 -122.41 430 343 380 380 2014 7 3 19 17 6 3 135
9 49 65 45.443 -122.46 430 343 380 380 2014 7 3 19 18 6 3 135
9 49 65 45.556 -122.51 430 343 380 380 2014 7 3 19 19 6 3 135
9 49 65 45.669 -122.56 429 342 380 380 2014 7 3 19 20 6 3 135
9 49 65 45.782 -122.6 429 342 364 380 2014 7 3 19 21 6 3 135
9 49 65 45.921 -122.63 428 343 330 380 2014 7 3 19 22 6 3 135
9 49 65 46.035 -122.66 421 347 309 380 2014 7 3 19 23 6 3 147
9 49 65 46.153 -122.69 423 351 287 380 2014 7 3 19 24 6 3 147
9 49 65 46.267 -122.71 422 350 267 380 2014 7 3 19 25 6 3 147
9 49 65 46.382 -122.73 421 358 246 380 2014 7 3 19 26 6 3 147
9 49 65 46.496 -122.73 418 352 226 380 2014 7 3 19 27 6 3 147
9 49 65 46.609 -122.73 410 359 205 380 2014 7 3 19 28 9 3 147
9 49 65 46.741 -122.74 400 358 182 380 2014 7 3 19 29 6 3 147
9 49 65 46.835 -122.68 391 8 167 380 2014 7 3 19 30 6 3 147
9 49 65 46.922 -122.58 374 38 147 380 2014 7 3 19 31 6 3 147
9 49 65 47.013 -122.53 355 29 130 380 2014 7 3 19 32 6 3 114
9 49 65 47.072 -122.51 346 20 120 380 2014 7 3 19 33 6 3 114
9 49 65 47.201 -122.48 314 7 102 380 2014 7 3 19 34 6 3 114
9 49 65 47.258 -122.47 291 6 95 380 2014 7 3 19 35 6 3 114
9 49 65 47.358 -122.45 279 5 81 380 2014 7 3 19 36 6 3 114
9 49 65 47.41 -122.46 257 6 72 380 2014 7 3 19 37 6 3 114
9 49 65 47.504 -122.45 245 358 61 380 2014 7 3 19 38 6 3 114
9 49 65 47.534 -122.46 236 0 56 380 2014 7 3 19 39 6 3 114
9 49 65 47.603 -122.46 226 359 46 380 2014 7 3 19 40 6 3 114
9 49 65 47.648 -122.43 207 0 40 380 2014 7 3 19 41 6 3 114
9 49 65 47.624 -122.34 199 67 32 380 2014 7 3 19 42 6 3 114
9 49 65 47.584 -122.32 184 132 29 380 2014 7 3 19 43 6 3 114
9 49 65 47.535 -122.32 173 175 18 380 2014 7 3 19 44 10 3 114
9 49 65 47.484 -122.32 145 180 9 380 2014 7 3 19 45 6 3 114
9 49 65 47.474 -122.32 147 181 7 380 2014 7 3 19 46 6 3 114
10 49 65 34.056 -117.6 169 0 9 320 2014 7 4 1 27 6 1 6
10 49 65 34.05 -117.67 205 270 22 320 2014 7 4 1 28 6 1 6
10 49 65 34.054 -117.7 221 263 31 320 2014 7 4 1 29 6 1 6
10 49 65 34.073 -117.8 249 267 62 320 2014 7 4 1 30 6 1 6
10 49 65 34.113 -117.87 254 282 86 320 2014 7 4 1 31 7 1 6
10 49 65 34.166 -117.93 275 303 104 320 2014 7 4 1 32 6 1 6
10 49 65 34.224 -118.01 308 309 129 320 2014 7 4 1 33 6 1 6
10 49 65 34.288 -118.09 333 312 139 320 2014 7 4 1 34 7 1 21
10 49 65 34.363 -118.2 354 317 163 320 2014 7 4 1 35 6 1 21
10 49 65 34.431 -118.3 378 311 186 320 2014 7 4 1 36 6 1 32
10 49 65 34.5 -118.4 380 309 191 320 2014 7 4 1 37 6 1 32
10 49 65 34.577 -118.48 379 309 213 320 2014 7 4 1 38 6 1 32
10 49 65 34.734 -118.59 392 330 242 320 2014 7 4 1 39 15 1 53
10 49 65 34.783 -118.63 391 331 251 320 2014 7 4 1 40 6 1 53
10 49 65 34.892 -118.68 413 331 265 320 2014 7 4 1 41 6 1 53
10 49 65 35.014 -118.71 421 346 277 320 2014 7 4 1 42 16 1 53
10 49 65 35.131 -118.75 430 345 289 320 2014 7 4 1 43 6 1 53
10 49 65 35.253 -118.78 449 346 300 320 2014 7 4 1 44 6 1 53
10 49 65 35.374 -118.82 452 346 311 320 2014 7 4 1 45 6 1 53
10 49 65 35.495 -118.86 450 345 319 320 2014 7 4 1 46 6 1 53
10 49 65 35.617 -118.9 450 345 320 320 2014 7 4 1 47 6 1 53
10 49 65 35.761 -118.94 450 345 320 320 2014 7 4 1 48 15 1 53
10 49 65 35.882 -118.98 450 346 320 320 2014 7 4 1 49 6 1 53
10 49 65 35.928 -119 450 345 320 320 2014 7 4 1 50 6 1 53
10 49 65 36.047 -119.03 448 345 320 320 2014 7 4 1 51 6 1 53
10 49 65 36.168 -119.07 448 345 320 320 2014 7 4 1 52 6 4 187
10 49 65 36.288 -119.11 448 345 320 320 2014 7 4 1 53 6 4 187
10 49 65 36.432 -119.16 448 345 320 320 2014 7 4 1 54 10 4 187
10 49 65 36.55 -119.19 444 345 320 320 2014 7 4 1 55 15 4 187
10 49 65 36.67 -119.23 445 345 320 320 2014 7 4 1 56 6 4 187
10 49 65 36.79 -119.27 446 345 320 320 2014 7 4 1 57 6 4 187
10 49 65 36.909 -119.31 445 345 320 320 2014 7 4 1 58 16 4 187
10 49 65 37.03 -119.35 446 345 320 320 2014 7 4 1 59 6 4 187
10 49 65 37.15 -119.39 446 345 320 320 2014 7 4 2 0 6 4 187
10 49 65 37.271 -119.43 447 345 320 320 2014 7 4 2 1 6 4 187
10 49 65 37.414 -119.48 447 345 320 320 2014 7 4 2 2 6 4 187
10 49 65 37.534 -119.52 447 345 320 320 2014 7 4 2 3 6 4 184
10 49 65 37.655 -119.56 447 345 320 320 2014 7 4 2 4 6 4 184
10 49 65 37.776 -119.6 447 345 320 320 2014 7 4 2 5 6 4 184
10 49 65 37.898 -119.64 448 345 320 320 2014 7 4 2 6 6 4 184
10 49 65 38.02 -119.68 451 345 320 320 2014 7 4 2 7 16 4 184
10 49 65 38.139 -119.72 451 345 320 320 2014 7 4 2 8 8 4 185
10 49 65 38.262 -119.76 451 345 320 320 2014 7 4 2 9 6 4 185
10 49 65 38.381 -119.8 448 345 320 320 2014 7 4 2 10 6 4 185
10 49 65 38.522 -119.84 441 345 320 320 2014 7 4 2 11 6 4 185
10 49 65 38.642 -119.88 441 345 320 320 2014 7 4 2 12 6 4 185
10 49 65 38.761 -119.93 443 345 320 320 2014 7 4 2 13 6 4 185
10 49 65 38.878 -119.97 442 345 320 320 2014 7 4 2 14 15 4 185
10 49 65 38.987 -120 440 345 320 320 2014 7 4 2 15 6 4 181
10 49 65 39.104 -120.04 440 345 320 320 2014 7 4 2 16 6 4 181
10 49 65 39.245 -120.09 437 345 320 320 2014 7 4 2 17 16 4 181
10 49 65 39.342 -120.12 435 345 320 320 2014 7 4 2 18 15 4 181
10 49 65 39.382 -120.14 430 345 320 320 2014 7 4 2 19 6 4 181
10 49 65 39.593 -120.21 427 345 320 320 2014 7 4 2 20 16 4 181
10 49 65 39.611 -120.22 428 344 320 320 2014 7 4 2 21 6 4 181
10 49 65 39.842 -120.3 429 344 320 320 2014 7 4 2 22 16 4 181
10 49 65 39.957 -120.34 429 344 320 320 2014 7 4 2 23 16 4 181
10 49 65 39.959 -120.34 431 344 320 320 2014 7 4 2 24 16 4 181
10 49 65 40.089 -120.38 432 344 320 320 2014 7 4 2 25 16 4 181
10 49 65 40.203 -120.42 431 344 320 320 2014 7 4 2 26 6 4 181
10 49 65 40.317 -120.47 429 344 320 320 2014 7 4 2 27 6 4 186
10 49 65 40.436 -120.51 427 345 320 320 2014 7 4 2 28 6 4 186
10 49 65 40.55 -120.55 427 344 320 320 2014 7 4 2 29 6 4 186
10 49 65 40.664 -120.59 427 344 320 320 2014 7 4 2 30 6 4 186
10 49 65 40.755 -120.62 427 344 320 320 2014 7 4 2 31 6 4 186
10 49 65 40.892 -120.68 426 345 320 320 2014 7 4 2 32 6 4 186
10 49 65 41.008 -120.72 427 344 320 320 2014 7 4 2 33 6 3 142
10 49 65 41.12 -120.76 426 344 320 320 2014 7 4 2 34 6 3 142
10 49 65 41.236 -120.8 427 343 320 320 2014 7 4 2 35 16 3 142
10 49 65 41.35 -120.84 429 344 320 320 2014 7 4 2 36 6 3 142
10 49 65 41.464 -120.89 429 344 320 320 2014 7 4 2 37 16 3 142
10 49 65 41.576 -120.93 423 344 320 320 2014 7 4 2 38 7 3 142
10 49 65 41.691 -120.97 428 344 320 320 2014 7 4 2 39 15 3 142
10 49 65 41.827 -121.02 426 344 320 320 2014 7 4 2 40 6 3 142
10 49 65 41.942 -121.07 433 344 320 320 2014 7 4 2 41 6 3 142
10 49 65 42.056 -121.11 428 344 320 320 2014 7 4 2 42 6 3 142
10 49 65 42.171 -121.15 435 345 320 320 2014 7 4 2 43 6 3 142
10 49 65 42.287 -121.19 436 344 320 320 2014 7 4 2 44 6 3 142
10 49 65 42.4 -121.24 429 344 320 320 2014 7 4 2 45 6 3 142
10 49 65 42.514 -121.28 429 344 320 320 2014 7 4 2 46 6 3 142
10 49 65 42.63 -121.33 433 344 320 320 2014 7 4 2 47 15 3 142
10 49 65 42.744 -121.37 432 344 320 320 2014 7 4 2 48 16 3 142
10 49 65 42.86 -121.42 435 344 320 320 2014 7 4 2 49 6 3 142
10 49 65 42.976 -121.46 434 344 320 320 2014 7 4 2 50 6 3 142
10 49 65 43.116 -121.52 436 344 320 320 2014 7 4 2 51 6 3 142
10 49 65 43.232 -121.56 436 343 320 320 2014 7 4 2 52 6 3 142
10 49 65 43.35 -121.61 437 343 320 320 2014 7 4 2 53 6 3 142
10 49 65 43.468 -121.65 437 343 320 320 2014 7 4 2 54 6 3 142
10 49 65 43.584 -121.7 438 344 320 320 2014 7 4 2 55 6 3 141
10 49 65 43.701 -121.75 438 343 320 320 2014 7 4 2 56 6 3 141
10 49 65 43.826 -121.8 436 343 320 320 2014 7 4 2 57 6 3 141
10 49 65 43.943 -121.84 437 343 320 320 2014 7 4 2 58 16 3 135
10 49 65 44.061 -121.89 436 344 320 320 2014 7 4 2 59 6 3 135
10 49 65 44.17 -121.93 439 344 320 320 2014 7 4 3 0 6 3 135
10 49 65 44.288 -121.98 440 343 320 320 2014 7 4 3 1 16 3 135
10 49 65 44.404 -122.03 440 344 320 320 2014 7 4 3 2 6 3 135
10 49 65 44.522 -122.08 440 343 320 320 2014 7 4 3 3 6 3 135
10 49 65 44.647 -122.13 440 343 320 320 2014 7 4 3 4 16 3 135
10 49 65 44.765 -122.18 440 343 320 320 2014 7 4 3 5 16 3 135
10 49 65 44.765 -122.18 440 343 320 320 2014 7 4 3 6 6 3 135
10 49 65 44.998 -122.27 432 343 320 320 2014 7 4 3 7 6 3 135
10 49 65 45.115 -122.32 437 343 320 320 2014 7 4 3 8 6 3 135
10 49 65 45.234 -122.37 444 343 320 320 2014 7 4 3 9 16 3 135
10 49 65 45.35 -122.42 443 343 320 320 2014 7 4 3 10 6 3 135
10 49 65 45.466 -122.47 438 343 320 320 2014 7 4 3 11 6 3 135
10 49 65 45.606 -122.53 438 343 320 320 2014 7 4 3 12 16 3 135
10 49 65 45.722 -122.58 438 343 320 320 2014 7 4 3 13 16 3 135
10 49 65 45.721 -122.58 438 343 311 320 2014 7 4 3 14 6 3 135
10 49 65 45.843 -122.61 447 343 302 320 2014 7 4 3 15 6 3 135
10 49 65 46.086 -122.67 444 349 281 320 2014 7 4 3 16 15 3 147
10 49 65 46.086 -122.67 444 349 281 320 2014 7 4 3 17 6 3 147
10 49 65 46.202 -122.7 439 350 258 320 2014 7 4 3 18 6 3 147
10 49 65 46.434 -122.72 419 351 209 320 2014 7 4 3 19 16 3 147
10 49 65 46.548 -122.73 415 355 185 320 2014 7 4 3 20 6 3 147
10 49 65 46.658 -122.68 415 17 185 320 2014 7 4 3 21 6 3 147
10 49 65 46.763 -122.74 375 358 139 320 2014 7 4 3 22 15 3 147
10 49 65 46.848 -122.67 357 0 121 320 2014 7 4 3 23 15 3 147
10 49 65 46.912 -122.58 344 36 107 320 2014 7 4 3 24 16 3 147
10 49 65 46.97 -122.49 290 44 93 320 2014 7 4 3 25 15 3 114
10 49 65 47.041 -122.42 281 45 77 320 2014 7 4 3 26 6 3 114
10 49 65 47.108 -122.36 280 29 62 320 2014 7 4 3 27 6 3 114
10 49 65 47.123 -122.35 278 29 60 320 2014 7 4 3 28 6 3 114
10 49 65 47.24 -122.32 230 14 43 320 2014 7 4 3 29 16 3 114
10 49 65 47.261 -122.32 235 5 39 320 2014 7 4 3 30 7 3 114
10 49 65 47.32 -122.32 212 358 29 320 2014 7 4 3 31 6 3 114
10 49 65 47.402 -122.32 139 359 13 320 2014 7 4 3 32 6 3 114
10 49 65 47.41 -122.32 143 358 10 320 2014 7 4 3 33 6 3 114
10 49 65 47.443 -122.32 140 0 3 320 2014 7 4 3 34 6 3 114
12 49 65 34.05 -117.67 217 0 26 320 2014 7 4 17 45 6 1 6
12 49 65 34.067 -117.75 261 271 55 320 2014 7 4 17 46 6 1 6
12 49 65 34.112 -117.84 287 283 85 320 2014 7 4 17 47 16 1 6
12 49 65 34.166 -117.91 296 310 110 320 2014 7 4 17 48 6 1 6
12 49 65 34.226 -118 337 306 135 320 2014 7 4 17 49 6 1 21
12 49 65 34.288 -118.09 353 315 161 320 2014 7 4 17 50 16 1 21
12 49 65 34.366 -118.21 363 309 188 320 2014 7 4 17 51 6 1 21
12 49 65 34.434 -118.31 390 309 208 320 2014 7 4 17 52 6 1 32
12 49 65 34.504 -118.41 396 309 232 320 2014 7 4 17 53 6 1 32
12 49 65 34.59 -118.49 394 309 252 320 2014 7 4 17 54 15 1 53
12 49 65 34.7 -118.53 408 325 267 320 2014 7 4 17 55 15 1 53
12 49 65 34.78 -118.55 412 334 277 320 2014 7 4 17 56 6 1 53
12 49 65 34.942 -118.6 429 345 295 320 2014 7 4 17 57 16 1 53
12 49 65 35.015 -118.63 435 345 303 320 2014 7 4 17 58 6 1 53
12 49 65 35.136 -118.66 444 345 314 320 2014 7 4 17 59 6 1 53
12 49 65 35.333 -118.72 454 345 320 320 2014 7 4 18 0 16 1 53
12 49 65 35.377 -118.74 448 345 320 320 2014 7 4 18 1 6 1 53
12 49 65 35.496 -118.78 444 345 320 320 2014 7 4 18 2 8 1 53
12 49 65 35.638 -118.82 441 345 320 320 2014 7 4 18 3 6 1 53
12 49 65 35.756 -118.86 441 345 320 320 2014 7 4 18 4 6 1 53
12 49 65 35.874 -118.9 441 345 320 320 2014 7 4 18 5 15 1 53
12 49 65 35.992 -118.94 441 345 320 320 2014 7 4 18 6 15 1 53
12 49 65 36.111 -118.98 441 345 320 320 2014 7 4 18 7 6 1 53
12 49 65 36.231 -119.02 442 345 320 320 2014 7 4 18 8 6 4 187
12 49 65 36.351 -119.05 443 345 320 320 2014 7 4 18 9 16 4 187
12 49 65 36.493 -119.1 443 345 320 320 2014 7 4 18 10 16 4 187
12 49 65 36.612 -119.14 443 344 320 320 2014 7 4 18 11 15 4 187
12 49 65 36.733 -119.18 447 345 320 320 2014 7 4 18 12 16 4 187
12 49 65 36.806 -119.21 446 345 320 320 2014 7 4 18 13 6 4 187
12 49 65 36.971 -119.26 444 344 320 320 2014 7 4 18 14 16 4 187
12 49 65 37.09 -119.3 444 345 320 320 2014 7 4 18 15 16 4 187
12 49 65 37.208 -119.34 443 345 320 320 2014 7 4 18 16 16 4 187
12 49 65 37.208 -119.34 443 345 320 320 2014 7 4 18 17 6 4 187
12 49 65 37.349 -119.38 441 345 320 320 2014 7 4 18 18 6 4 187
12 49 65 37.467 -119.42 440 345 320 320 2014 7 4 18 19 16 4 187
12 49 65 37.71 -119.51 440 345 320 320 2014 7 4 18 20 15 4 184
12 49 65 37.71 -119.51 440 345 320 320 2014 7 4 18 21 6 4 184
12 49 65 37.828 -119.55 440 345 320 320 2014 7 4 18 22 6 4 184
12 49 65 37.944 -119.58 435 344 320 320 2014 7 4 18 23 6 4 184
12 49 65 38.06 -119.62 433 345 320 320 2014 7 4 18 24 15 4 184
12 49 65 38.176 -119.67 433 345 320 320 2014 7 4 18 25 15 4 185
12 49 65 38.291 -119.7 432 344 320 320 2014 7 4 18 26 6 4 185
12 49 65 38.418 -119.75 432 344 320 320 2014 7 4 18 27 16 4 185
12 49 65 38.525 -119.78 432 345 320 320 2014 7 4 18 28 6 4 185
12 49 65 38.659 -119.83 423 345 320 320 2014 7 4 18 29 6 4 185
12 49 65 38.777 -119.87 433 344 320 320 2014 7 4 18 30 6 4 185
12 49 65 38.892 -119.91 433 344 320 320 2014 7 4 18 31 15 4 185
12 49 65 39.011 -119.95 432 344 320 320 2014 7 4 18 32 6 4 181
12 49 65 39.128 -119.99 432 345 320 320 2014 7 4 18 33 6 4 181
12 49 65 39.244 -120.04 432 344 320 320 2014 7 4 18 34 6 4 181
12 49 65 39.359 -120.08 432 344 320 320 2014 7 4 18 35 16 4 181
12 49 65 39.491 -120.12 431 344 320 320 2014 7 4 18 36 16 4 181
12 49 65 39.606 -120.16 430 344 320 320 2014 7 4 18 37 16 4 181
12 49 65 39.721 -120.2 430 344 320 320 2014 7 4 18 38 6 4 181
12 49 65 39.842 -120.25 429 345 320 320 2014 7 4 18 39 16 4 181
12 49 65 39.958 -120.29 430 344 320 320 2014 7 4 18 40 15 4 181
12 49 65 40.075 -120.33 431 343 320 320 2014 7 4 18 41 6 4 181
12 49 65 40.191 -120.38 432 345 320 320 2014 7 4 18 42 16 4 181
12 49 65 40.308 -120.42 435 345 320 320 2014 7 4 18 43 15 4 181
12 49 65 40.44 -120.46 435 344 320 320 2014 7 4 18 44 6 4 181
12 49 65 40.557 -120.51 428 343 320 320 2014 7 4 18 45 6 4 186
12 49 65 40.675 -120.55 431 344 320 320 2014 7 4 18 46 6 4 186
12 49 65 40.789 -120.59 431 344 320 320 2014 7 4 18 47 16 4 186
12 49 65 40.905 -120.64 431 343 320 320 2014 7 4 18 48 6 4 186
12 49 65 41.023 -120.68 437 345 320 320 2014 7 4 18 49 6 3 142
12 49 65 41.137 -120.72 435 344 320 320 2014 7 4 18 50 6 3 142
12 49 65 41.252 -120.77 435 343 320 320 2014 7 4 18 51 16 3 142
12 49 65 41.369 -120.81 435 344 320 320 2014 7 4 18 52 16 3 142
12 49 65 41.485 -120.86 434 344 320 320 2014 7 4 18 53 16 3 142
12 49 65 41.485 -120.86 434 344 320 320 2014 7 4 18 54 6 3 142
12 49 65 41.74 -120.95 434 344 320 320 2014 7 4 18 55 15 3 142
12 49 65 41.857 -121 437 344 320 320 2014 7 4 18 56 15 3 142
12 49 65 41.974 -121.04 439 343 320 320 2014 7 4 18 57 6 3 142
12 49 65 42.092 -121.09 440 344 320 320 2014 7 4 18 58 6 3 142
12 49 65 42.207 -121.13 436 343 320 320 2014 7 4 18 59 6 3 142
12 49 65 42.323 -121.18 436 343 320 320 2014 7 4 19 0 6 3 142
12 49 65 42.322 -121.18 433 344 320 320 2014 7 4 19 1 6 3 142
12 49 65 42.438 -121.22 435 344 320 320 2014 7 4 19 2 16 3 142
12 49 65 42.552 -121.27 434 343 320 320 2014 7 4 19 3 6 3 142
12 49 65 42.806 -121.37 430 344 320 320 2014 7 4 19 4 15 3 142
12 49 65 42.919 -121.41 430 343 320 320 2014 7 4 19 5 16 3 142
12 49 65 42.919 -121.41 430 343 320 320 2014 7 4 19 6 6 3 142
12 49 65 43.031 -121.46 426 343 320 320 2014 7 4 19 7 16 3 142
12 49 65 43.257 -121.55 424 343 320 320 2014 7 4 19 8 16 3 142
12 49 65 43.257 -121.55 424 343 320 320 2014 7 4 19 9 15 3 142
12 49 65 43.37 -121.59 424 343 320 320 2014 7 4 19 10 6 3 142
12 49 65 43.481 -121.64 422 343 320 320 2014 7 4 19 11 6 3 142
12 49 65 43.595 -121.68 423 343 320 320 2014 7 4 19 12 6 3 142
12 49 65 43.709 -121.73 425 343 320 320 2014 7 4 19 13 6 3 141
12 49 65 43.828 -121.78 426 343 320 320 2014 7 4 19 14 6 3 141
12 49 65 43.944 -121.82 429 343 320 320 2014 7 4 19 15 16 3 135
12 49 65 44.056 -121.87 425 343 320 320 2014 7 4 19 16 15 3 135
12 49 65 44.186 -121.92 423 343 320 320 2014 7 4 19 17 16 3 135
12 49 65 44.299 -121.97 424 343 320 320 2014 7 4 19 18 6 3 135
12 49 65 44.413 -122.02 426 343 320 320 2014 7 4 19 19 16 3 135
12 49 65 44.526 -122.07 426 343 320 320 2014 7 4 19 20 16 3 135
12 49 65 44.653 -122.12 428 343 320 320 2014 7 4 19 21 15 3 135
12 49 65 44.769 -122.17 428 343 320 320 2014 7 4 19 22 6 3 135
12 49 65 44.883 -122.22 428 343 320 320 2014 7 4 19 23 6 3 135
12 49 65 44.996 -122.27 429 343 320 320 2014 7 4 19 24 6 3 135
12 49 65 45.113 -122.32 438 343 320 320 2014 7 4 19 25 15 3 135
12 49 65 45.228 -122.36 439 343 320 320 2014 7 4 19 26 6 3 135
12 49 65 45.344 -122.41 438 343 320 320 2014 7 4 19 27 16 3 135
12 49 65 45.46 -122.46 438 343 320 320 2014 7 4 19 28 16 3 135
12 49 65 45.578 -122.52 439 343 320 320 2014 7 4 19 29 6 3 135
12 49 65 45.717 -122.58 439 343 320 320 2014 7 4 19 30 6 3 135
12 49 65 45.838 -122.62 443 342 320 320 2014 7 4 19 31 6 3 135
12 49 65 45.958 -122.64 442 345 308 320 2014 7 4 19 32 16 3 135
12 49 65 46.08 -122.67 443 349 279 320 2014 7 4 19 33 15 3 147
12 49 65 46.2 -122.7 443 350 254 320 2014 7 4 19 34 6 3 147
12 49 65 46.312 -122.72 433 350 232 320 2014 7 4 19 35 16 3 147
12 49 65 46.451 -122.72 419 359 203 320 2014 7 4 19 36 16 3 147
12 49 65 46.562 -122.68 419 15 203 320 2014 7 4 19 37 6 3 147
12 49 65 46.684 -122.74 388 358 155 320 2014 7 4 19 38 6 3 147
12 49 65 46.779 -122.74 372 357 136 320 2014 7 4 19 39 15 3 147
12 49 65 46.862 -122.64 355 8 115 320 2014 7 4 19 40 15 3 147
12 49 65 46.929 -122.55 336 42 101 320 2014 7 4 19 41 6 3 147
12 49 65 46.987 -122.46 300 44 87 320 2014 7 4 19 42 6 3 114
12 49 65 47.061 -122.4 287 41 73 320 2014 7 4 19 43 16 3 114
12 49 65 47.141 -122.34 255 29 59 320 2014 7 4 19 44 16 3 114
12 49 65 47.204 -122.33 219 11 49 320 2014 7 4 19 45 16 3 114
12 49 65 47.204 -122.33 219 11 49 320 2014 7 4 19 46 6 3 114
12 49 65 47.307 -122.31 191 11 29 320 2014 7 4 19 47 16 3 114
12 49 65 47.352 -122.31 163 2 21 320 2014 7 4 19 48 6 3 114
12 49 65 47.393 -122.31 150 359 13 320 2014 7 4 19 49 6 3 114
12 49 65 47.438 -122.31 150 0 4 320 2014 7 4 19 50 16 3 114
12 49 65 47.477 -122.31 150 359 4 320 2014 7 4 19 51 6 3 114
