0 29.457 22.362 36.943 20.895 41.415 28.304 36.081 17.466 14.626 35.699 34.808 27.181 26.153 29.852 35.111 24.801
0 0 21.831 30.092 24.429 25.263 30.936 29.529 24.877 28.276 28.918 19.586 32.819 26.039 20.044 20.079 28.708
0 0 0 34.627 16.944 29.444 17.565 34.163 16.844 28.21 33.483 26.417 31.973 21.768 34.141 27.368 7.9996
0 0 0 0 40.543 25.358 40.817 13.044 41.011 43.334 10.376 18.185 61.314 25.63 32.172 22.062 33.284
0 0 0 0 0 38.454 9.5549 40.103 16.505 30.261 39.409 35.353 31.643 24.602 37.393 30.625 18.57
0 0 0 0 0 0 39.18 25.087 38.737 41.863 25.055 25.159 53.536 29.18 37.972 30.315 27.274
0 0 0 0 0 0 0 40.191 16.816 37.837 39.63 35.168 31.44 30.431 44.278 35.91 19.47
0 0 0 0 0 0 0 0 39.859 42.798 13.077 17.833 61.006 24.681 31.12 23.073 32.595
0 0 0 0 0 0 0 0 0 25.968 39.714 35.712 25.456 24.349 33.037 30.987 18.969
0 0 0 0 0 0 0 0 0 0 42.173 37.735 28.336 27.956 29.053 34.423 32.927
0 0 0 0 0 0 0 0 0 0 0 16.822 60.226 24.363 30.889 21.281 32.079
0 0 0 0 0 0 0 0 0 0 0 0 50.464 24.875 23.342 23.528 28.603
0 0 0 0 0 0 0 0 0 0 0 0 0 38.877 32.019 43.818 31.842
0 0 0 0 0 0 0 0 0 0 0 0 0 0 27.587 25.32 28.667
0 0 0 0 0 0 0 0 0 0 0 0 0 0 0 16.238 39.998
0 0 0 0 0 0 0 0 0 0 0 0 0 0 0 0 31.177
0 0 0 0 0 0 0 0 0 0 0 0 0 0 0 0 0
