0 26.751 14.527 26.594 26.694 26.911 14.118 13.244 10.079 9.0935 9.3907 21.53 8.7333 7.949 14.79 11.801 10.211 10.806
0 0 25.834 11.844 8.9059 10.944 29.65 26.509 29.937 25.558 30.096 31.917 25.564 26.633 27.759 26.702 23.207 25.693
0 0 0 25.49 25.395 25.571 14.816 14.906 14.606 13.052 12.169 27.103 12.58 14.234 19.338 14.731 15.176 13.319
0 0 0 0 10.353 9.5271 29.06 25.619 29.436 25.382 29.941 31.499 25.423 26.481 27.362 26.387 23.06 25.512
0 0 0 0 0 10.386 29.074 26.201 29.527 25.421 30.053 31.633 25.383 26.536 27.476 26.286 23.102 25.486
0 0 0 0 0 0 29.23 23.114 29.667 25.533 30.358 31.274 25.588 26.749 27.648 26.464 23.318 25.604
0 0 0 0 0 0 0 15.088 11.146 12.948 14.164 19.04 11.867 10.312 13.64 14.345 13.345 10.916
0 0 0 0 0 0 0 0 13.731 12.287 12.695 22.384 12.62 13.813 16.381 14.239 15.181 14.349
0 0 0 0 0 0 0 0 0 8.8578 13.186 26.543 12.759 10.279 17.248 10.297 15.11 10.473
0 0 0 0 0 0 0 0 0 0 14.442 20.002 8.276 10.699 13.114 11.029 12.134 9.7287
0 0 0 0 0 0 0 0 0 0 0 21.758 11.594 12.165 16.49 12.498 14.929 13.468
0 0 0 0 0 0 0 0 0 0 0 0 16.787 22.953 15.989 18.795 14.104 20.464
0 0 0 0 0 0 0 0 0 0 0 0 0 9.4794 13.759 9.856 8.1697 11.138
0 0 0 0 0 0 0 0 0 0 0 0 0 0 14.021 11.155 11.483 9.1633
0 0 0 0 0 0 0 0 0 0 0 0 0 0 0 14.869 13.659 13.214
0 0 0 0 0 0 0 0 0 0 0 0 0 0 0 0 9.7711 12.415
0 0 0 0 0 0 0 0 0 0 0 0 0 0 0 0 0 10.242
0 0 0 0 0 0 0 0 0 0 0 0 0 0 0 0 0 0
