0 28.458 40.727 32.512 29.977 60.775 32.544 34.86 43.633 29.915 60.673 35.026 35.039 32.693 29.861 30.932 33.443 31.524 30.052 33.472 30.95
0 0 29.629 24.981 23.459 54.711 24.496 34.511 34.03 23.324 50.064 25.211 25.16 25.196 23.771 22.813 24.343 23.946 22.908 25.314 22.787
0 0 0 15.584 35.193 35.387 22.03 32.138 23.331 37.723 35.746 18.773 17.814 18.195 31.457 31.294 31.97 25.003 29.725 13.88 29.314
0 0 0 0 19.705 37.141 22.498 34.591 25.785 24.932 37.728 21.169 20.219 12.502 19.403 16.409 16.814 14.516 16.487 11.466 16.421
0 0 0 0 0 40.113 19.174 31.271 38.168 17.121 39.247 28.636 26.88 22.685 11.8 12.496 8.9512 16.824 12.464 23.383 13.121
0 0 0 0 0 0 38.548 36.45 34.672 40.892 28.719 36.592 37.217 37.084 39.413 39.023 37.764 38.613 39.076 37.875 39.116
0 0 0 0 0 0 0 12.213 25.898 18.936 38.062 16.757 14.714 22.498 21.373 22.935 20.648 22.062 22.799 22.58 23.262
0 0 0 0 0 0 0 0 32.212 21.411 35.653 21.98 20.702 34.591 33.431 35.021 32.767 34.161 34.835 34.619 35.344
0 0 0 0 0 0 0 0 0 40.459 34.868 12.938 15.891 25.785 35.042 34.852 35.235 28.7 34.188 25.743 32.446
0 0 0 0 0 0 0 0 0 0 39.886 31.001 31.398 25.5 19.214 20.814 18.588 19.963 20.61 27.998 21.134
0 0 0 0 0 0 0 0 0 0 0 36.23 36.448 37.488 39.057 39.378 37.097 38.413 39.362 37.385 39.372
0 0 0 0 0 0 0 0 0 0 0 0 11.355 21.169 25.486 24.822 25.068 20.784 25.151 21.003 22.717
0 0 0 0 0 0 0 0 0 0 0 0 0 20.219 23.191 23.693 24.034 19.83 23.236 20.065 21.932
0 0 0 0 0 0 0 0 0 0 0 0 0 0 20.819 20.707 19.172 14.162 18.953 12.023 19.204
0 0 0 0 0 0 0 0 0 0 0 0 0 0 0 13.245 14.008 14.14 13.161 19.904 11.829
0 0 0 0 0 0 0 0 0 0 0 0 0 0 0 0 10.832 11.965 13.118 21.112 11.648
0 0 0 0 0 0 0 0 0 0 0 0 0 0 0 0 0 10.735 11.981 21.693 11.355
0 0 0 0 0 0 0 0 0 0 0 0 0 0 0 0 0 0 15.038 14.426 11.234
0 0 0 0 0 0 0 0 0 0 0 0 0 0 0 0 0 0 0 18.956 13.337
0 0 0 0 0 0 0 0 0 0 0 0 0 0 0 0 0 0 0 0 19.075
0 0 0 0 0 0 0 0 0 0 0 0 0 0 0 0 0 0 0 0 0
