0 26.727 22.415 22.915 14.687 27.146 23.616 22.581 23.469 15.933 15.105 15.175
0 0 15.538 38.493 13.759 13.759 41.204 37.046 28.413 37.346 37.005 35.862
0 0 0 29.477 18.634 15.941 28.893 23.398 18.971 27.968 27.514 26.254
0 0 0 0 29.334 38.871 17.154 15.456 20.09 10.93 12.992 17.405
0 0 0 0 0 14.424 28.948 24.687 17.321 29.294 27.537 25.923
0 0 0 0 0 0 41.413 37.288 28.436 37.906 37.286 36.085
0 0 0 0 0 0 0 13.223 17.334 17.41 17.21 18.003
0 0 0 0 0 0 0 0 15.066 15.767 15.708 18.21
0 0 0 0 0 0 0 0 0 19.386 17.205 18.333
0 0 0 0 0 0 0 0 0 0 11.021 10.999
0 0 0 0 0 0 0 0 0 0 0 12.208
0 0 0 0 0 0 0 0 0 0 0 0
