1 18 33 39.9 -104.72 194 0 68 380 6 233
1 18 33 39.917 -104.8 264 317 86 380 6 233
1 18 33 39.917 -104.92 312 280 120 380 6 233
1 18 33 39.867 -105.02 312 238 151 380 6 233
1 18 33 39.84 -105.08 311 236 172 380 6 233
1 18 33 39.768 -105.15 321 245 200 380 6 233
1 18 33 39.675 -105.19 333 226 225 380 6 233
1 18 33 39.645 -105.3 334 217 242 380 6 249
1 18 33 39.529 -105.49 358 235 271 380 6 277
1 18 33 39.522 -105.5 353 227 275 380 6 277
1 18 33 39.499 -105.62 346 252 293 380 6 277
1 18 33 39.47 -105.74 359 254 305 380 6 277
1 18 33 39.432 -105.85 359 243 316 380 6 277
1 18 33 39.379 -106 384 247 332 380 6 277
1 18 33 39.335 -106.17 415 254 342 380 6 277
1 18 33 39.3 -106.32 422 252 358 380 6 277
1 18 33 39.266 -106.46 421 253 375 380 6 277
1 18 33 39.233 -106.6 408 252 380 380 6 277
1 18 33 39.203 -106.72 415 251 380 380 6 277
1 18 33 39.165 -106.88 400 253 380 380 6 278
1 18 33 39.13 -107.02 400 252 380 380 6 278
1 18 33 39.097 -107.16 403 252 380 380 6 278
1 18 33 39.064 -107.29 396 252 380 380 6 278
1 18 33 39.03 -107.43 399 252 380 380 6 278
1 18 33 38.996 -107.56 397 252 380 380 6 278
1 18 33 38.962 -107.7 396 252 380 380 6 278
1 18 33 38.927 -107.83 397 251 380 380 6 278
1 18 33 38.885 -108 397 251 380 380 6 278
1 18 33 38.85 -108.13 401 251 380 380 6 278
1 18 33 38.814 -108.28 407 251 380 380 6 278
1 18 33 38.778 -108.41 407 251 380 380 6 278
1 18 33 38.74 -108.56 407 251 380 380 6 278
1 18 33 38.716 -108.65 405 252 380 380 6 278
1 18 33 38.671 -108.83 403 250 380 380 6 278
1 18 33 38.632 -108.98 403 251 380 380 6 278
1 18 33 38.605 -109.08 405 251 380 380 6 278
1 18 33 38.574 -109.22 403 250 380 380 6 278
1 18 33 38.521 -109.39 401 253 380 380 6 278
1 18 33 38.496 -109.48 405 250 380 380 6 278
1 18 33 38.451 -109.65 400 86 380 380 6 278
1 18 33 38.422 -109.75 404 180 380 380 6 278
1 18 33 38.385 -109.89 404 250 380 380 6 278
1 18 33 38.333 -110.08 400 252 380 380 5 203
1 18 33 38.307 -110.18 403 249 380 380 5 203
1 18 33 38.266 -110.32 404 248 380 380 5 203
1 18 33 38.232 -110.45 403 250 380 380 5 203
1 18 33 38.183 -110.61 402 249 380 380 5 203
1 18 33 38.153 -110.72 403 257 380 360 5 203
1 18 33 38.146 -110.74 400 250 380 360 5 203
1 18 33 38.078 -110.98 403 251 364 320 5 203
1 18 33 38.043 -111.12 402 250 354 320 5 202
1 18 33 37.994 -111.28 403 245 342 320 5 202
1 18 33 37.96 -111.41 403 248 332 320 5 202
1 18 33 37.962 -111.44 403 253 330 320 5 202
1 18 33 37.966 -111.58 398 272 320 320 5 202
1 18 33 37.97 -111.72 399 272 320 320 5 202
1 18 33 37.976 -111.86 400 272 320 320 5 202
1 18 33 37.979 -112 401 272 320 320 5 202
1 18 33 37.88 -112.21 395 50 320 320 5 202
1 18 33 37.868 -112.24 397 232 320 320 5 202
1 18 33 37.822 -112.33 396 238 320 320 5 202
1 18 33 37.743 -112.47 404 233 320 320 5 202
1 18 33 37.676 -112.59 404 233 320 320 5 202
1 18 33 37.61 -112.7 405 233 320 320 5 202
1 18 33 37.537 -112.82 409 232 320 320 5 202
1 18 33 37.464 -112.94 414 231 320 240 1 48
1 18 33 37.391 -113.05 409 229 320 240 1 48
1 18 33 37.318 -113.15 407 229 320 240 1 48
1 18 33 37.23 -113.28 407 229 313 240 1 48
1 18 33 37.154 -113.39 408 229 304 240 1 48
1 18 33 37.079 -113.5 414 229 294 120 1 48
1 18 33 37.006 -113.61 409 229 281 120 1 48
1 18 33 36.935 -113.71 389 228 262 120 1 48
1 18 33 36.869 -113.8 370 229 245 120 1 48
1 18 33 36.818 -113.88 363 229 231 120 1 30
1 18 33 36.741 -113.99 353 229 211 120 1 30
1 18 33 36.675 -114.08 358 228 194 120 1 30
1 18 33 36.594 -114.2 367 229 172 120 1 30
1 18 33 36.536 -114.28 361 228 156 120 1 30
1 18 33 36.474 -114.37 343 228 139 120 1 30
1 18 33 36.413 -114.45 331 229 123 120 1 30
1 18 33 36.359 -114.55 291 227 110 120 1 30
1 18 33 36.312 -114.64 293 236 93 120 1 3
1 18 33 36.267 -114.72 287 235 78 120 1 3
1 18 33 36.223 -114.79 279 234 67 120 1 3
1 18 33 36.183 -114.87 266 236 57 120 1 3
1 18 33 36.142 -114.94 248 234 52 120 1 3
1 18 33 36.134 -115.01 200 250 47 120 1 3
1 18 33 36.137 -115.05 180 261 41 120 1 3
1 18 33 36.132 -115.11 166 274 32 120 1 3
1 18 33 36.108 -115.15 146 259 25 120 1 3
1 18 33 36.097 -115.15 148 227 22 120 1 3
2 18 33 39.856 -104.69 219.44 6.5926 64.852 360 6 233
2 18 33 39.832 -104.76 254.04 221.67 85.667 360 6 233
2 18 33 39.816 -104.84 296.26 247.04 103.85 360 6 233
2 18 33 39.807 -104.94 315.48 260.74 123.78 360 6 233
2 18 33 39.796 -105.05 329.85 262.07 147.59 360 6 233
2 18 33 39.785 -105.17 338.56 261.89 172.07 360 6 233
2 18 33 39.771 -105.28 348.81 262.52 190.22 360 6 233
2 18 33 39.751 -105.41 362.3 258.52 208.15 360 6 233
2 18 33 39.733 -105.53 372.04 261.67 226.19 360 6 233
2 18 33 39.704 -105.67 387.26 258.44 242.74 360 6 249
2 18 33 39.682 -105.81 400.93 257.96 259.15 360 6 249
2 18 33 39.659 -105.96 410.63 259.81 275.26 360 6 249
2 18 33 39.633 -106.11 418.5 257.48 290.37 360 6 277
2 18 33 39.601 -106.26 423.02 255.11 304.8 360 6 277
2 18 33 39.563 -106.41 428.96 252.46 318.24 360 6 277
2 18 33 39.522 -106.56 432.7 250.41 329.81 360 6 277
2 18 33 39.476 -106.72 434.26 249.59 340.22 360 6 277
2 18 33 39.435 -106.85 433.78 248.89 348.48 360 6 277
2 18 33 39.395 -107 434.19 249.22 355.22 360 6 278
2 18 33 39.352 -107.15 431 249.15 360.41 360 6 278
2 18 33 39.309 -107.3 428.3 249.15 363.41 360 6 278
2 18 33 39.265 -107.45 426.3 248.89 365.7 360 6 278
2 18 33 39.223 -107.59 425.94 248.65 366.85 360 6 278
2 18 33 39.18 -107.74 426.04 248.52 367.3 360 6 278
2 18 33 39.137 -107.88 425.3 248.52 367.44 360 6 278
2 18 33 39.094 -108.02 425.31 248.37 367.44 360 6 278
2 18 33 39.05 -108.17 425.41 248.07 367.44 360 6 278
2 18 33 39.008 -108.31 427.48 248.37 367.41 360 6 278
2 18 33 38.966 -108.45 429.67 248.33 367.48 360 6 278
2 18 33 38.921 -108.59 428.67 247.67 367.52 360 6 278
2 18 33 38.877 -108.73 427.37 247.57 367.44 360 6 278
2 18 33 38.834 -108.86 426.24 247.04 367.67 360 6 278
2 18 33 38.791 -108.99 426.46 247.09 367.93 360 6 278
2 18 33 38.743 -109.14 425.2 246.59 368.22 360 6 278
2 18 33 38.7 -109.27 425.19 246.94 368.19 360 6 278
2 18 33 38.655 -109.41 425.7 247.94 368.19 360 6 278
2 18 33 38.611 -109.54 425.67 246.81 368.19 360 6 278
2 18 33 38.561 -109.68 424.85 245.26 367.78 360 6 278
2 18 33 38.516 -109.81 424.48 246 367.67 360 6 278
2 18 33 38.462 -109.95 425.04 236.22 367.44 360 6 278
2 18 33 38.41 -110.09 424.57 237.44 366.93 360 5 203
2 18 33 38.357 -110.23 424.43 243.74 366.59 360 5 203
2 18 33 38.308 -110.35 424 243 365.48 360 5 203
2 18 33 38.255 -110.48 424.44 241.22 363.22 360 5 203
2 18 33 38.195 -110.62 424.37 234.48 359.19 360 5 203
2 18 33 38.136 -110.75 426.52 232.78 355.7 360 5 203
2 18 33 38.081 -110.87 427.13 239.33 352.19 320 5 202
2 18 33 38.023 -111 427.3 238.44 348.81 320 5 202
2 18 33 37.969 -111.12 428.07 238.93 344.63 320 5 202
2 18 33 37.91 -111.26 427.48 239.93 340.3 320 5 202
2 18 33 37.854 -111.38 427.89 243.85 335.33 320 5 202
2 18 33 37.792 -111.52 427.41 230.67 331.19 320 5 202
2 18 33 37.733 -111.64 427.7 239.26 328.48 320 5 202
2 18 33 37.674 -111.77 427.65 236.06 325.85 320 5 202
2 18 33 37.612 -111.9 428.78 236.8 323.56 320 5 202
2 18 33 37.552 -112.03 428.93 240.06 322.22 320 5 202
2 18 33 37.495 -112.16 428.37 239.81 320.74 320 1 48
2 18 33 37.446 -112.28 428 240.61 319.61 320 1 48
2 18 33 37.386 -112.41 428.35 240.76 317.26 320 1 48
2 18 33 37.326 -112.55 428.98 240.39 313.41 240 1 48
2 18 33 37.269 -112.68 429.67 240.52 308.78 240 1 48
2 18 33 37.209 -112.81 428.44 240.19 303.85 240 1 48
2 18 33 37.152 -112.94 426.67 240.04 298.63 240 1 48
2 18 33 37.096 -113.06 423.37 239.56 292.48 240 1 48
2 18 33 37.034 -113.19 420.63 238.67 286.11 120 1 48
2 18 33 36.974 -113.31 420.26 238.07 279.67 120 1 48
2 18 33 36.915 -113.44 419.56 239.04 272.37 120 1 48
2 18 33 36.857 -113.56 415.11 239.44 260.85 120 1 48
2 18 33 36.801 -113.67 411.93 238.07 248.04 120 1 48
2 18 33 36.742 -113.78 406.81 236.81 230.96 120 1 30
2 18 33 36.681 -113.9 399.22 236.7 213.26 120 1 30
2 18 33 36.627 -114 391.07 235.63 196.26 120 1 30
2 18 33 36.577 -114.11 382.67 236.37 176.67 120 1 30
2 18 33 36.51 -114.24 369.52 237.81 153.56 120 1 30
2 18 33 36.462 -114.34 355.22 237.59 137.37 120 1 30
2 18 33 36.408 -114.44 334.02 235.85 121.98 120 1 30
2 18 33 36.356 -114.51 315.37 229.7 112.26 120 1 30
2 18 33 36.294 -114.58 298.07 223.54 101.44 120 1 3
2 18 33 36.245 -114.65 276.69 224.91 93.333 120 1 3
2 18 33 36.196 -114.73 258.48 233.56 82.333 120 1 3
2 18 33 36.163 -114.8 242.93 234.33 75.185 120 1 3
2 18 33 36.137 -114.87 222.89 241.48 66.593 120 1 3
2 18 33 36.117 -114.92 212.89 244.67 58.111 120 1 3
2 18 33 36.11 -115 199.33 256.74 47.296 120 1 3
2 18 33 36.11 -115.06 179.15 263.22 37.259 120 1 3
2 18 33 36.104 -115.11 161.37 265.67 28.889 120 1 3
2 18 33 36.09 -115.14 147.96 248.74 22.37 120 1 3
