1 18 53 39.857 -104.7 195.57 45.143 69.571 360 6 233
1 18 53 39.867 -104.78 261.29 233 79.571 360 6 233
1 18 53 39.892 -104.88 291.86 267.86 100.14 360 6 233
1 18 53 39.913 -104.97 306.71 280.71 114 360 6 233
1 18 53 39.924 -105.1 333 278.57 139.57 360 6 233
1 18 53 39.935 -105.23 342.29 276.71 164.14 360 6 233
1 18 53 39.938 -105.32 347.29 273.71 177.86 360 6 233
1 18 53 39.944 -105.45 357.29 274 193.57 360 6 233
1 18 53 39.952 -105.59 371.14 273.29 211.43 360 6 233
1 18 53 39.965 -105.72 378.29 278.57 223.29 360 6 249
1 18 53 39.958 -105.85 391.14 274.71 239 360 6 249
1 18 53 39.967 -106.04 399 272.57 258.43 360 6 249
1 18 53 39.983 -106.21 402.29 273.29 276.14 360 6 249
1 18 53 40.002 -106.34 408.43 278 286.86 360 6 277
1 18 53 40.027 -106.48 414.29 282 297.14 360 6 277
1 18 53 40.046 -106.61 420.29 280.86 308.29 360 6 277
1 18 53 40.088 -106.75 420.86 288 318 360 6 277
1 18 53 40.136 -106.88 423.43 294.14 325.29 360 6 277
1 18 53 40.189 -107.03 425.29 295.14 330.14 360 6 274
1 18 53 40.246 -107.17 425.29 295.14 338.86 360 6 274
1 18 53 40.304 -107.31 425.29 298.57 345.43 360 6 274
1 18 53 40.366 -107.45 422.29 299.14 351 360 6 274
1 18 53 40.416 -107.56 421.86 299.14 353.57 360 6 274
1 18 53 40.471 -107.69 420.14 299 355 360 6 274
1 18 53 40.537 -107.85 418.57 298.86 356.29 360 6 274
1 18 53 40.59 -107.97 418.57 298.71 358 360 6 274
1 18 53 40.643 -108.09 417 299 358.86 360 6 274
1 18 53 40.704 -108.24 415.43 298.86 360 360 6 274
1 18 53 40.764 -108.38 415.14 298.86 360 360 6 274
1 18 53 40.816 -108.51 414.07 298.57 360 360 6 274
1 18 53 40.876 -108.65 414.43 298.43 360 360 6 274
1 18 53 40.935 -108.8 415 298.71 360 360 6 274
1 18 53 40.984 -108.91 414.71 298 360.14 360 6 274
1 18 53 41.035 -109.04 415 298.14 360 360 5 211
1 18 53 41.088 -109.17 415.86 298.07 360 360 5 211
1 18 53 41.138 -109.29 416.29 298.07 360 360 5 211
1 18 53 41.201 -109.44 416.57 298.14 360 360 5 211
1 18 53 41.247 -109.55 417.43 299 360 360 5 211
1 18 53 41.308 -109.7 417.43 298.71 360 360 5 211
1 18 53 41.361 -109.84 417.86 298 360 360 5 211
1 18 53 41.41 -109.96 418 297.71 360 360 5 211
1 18 53 41.466 -110.1 418.86 297.43 360 360 5 211
1 18 53 41.528 -110.26 419.14 297.29 360 360 5 211
1 18 53 41.577 -110.38 419.29 297.71 360 360 5 211
1 18 53 41.622 -110.5 418.71 297.64 360 360 5 211
1 18 53 41.679 -110.64 418 297.43 360 360 5 211
1 18 53 41.735 -110.78 418.57 297.14 360 360 5 211
1 18 53 41.79 -110.93 421.14 297 360 360 5 220
1 18 53 41.848 -111.08 422.07 296.93 360 360 5 220
1 18 53 41.898 -111.21 422.57 296.71 360 360 5 220
1 18 53 41.951 -111.35 423.5 296.86 360 360 5 220
1 18 53 42.011 -111.51 424.43 296.86 360 360 5 220
1 18 53 42.056 -111.63 424.57 296.86 360 360 5 220
1 18 53 42.11 -111.77 425.29 296.57 360.14 360 5 220
1 18 53 42.164 -111.91 424.57 296.57 360 360 5 220
1 18 53 42.221 -112.07 425.57 296.14 360 360 5 220
1 18 53 42.275 -112.21 425.86 296 360 360 5 220
1 18 53 42.321 -112.34 426.57 296 360 360 5 220
1 18 53 42.374 -112.49 427.43 295.86 360.14 360 5 220
1 18 53 42.43 -112.64 429.29 295.86 360 360 5 219
1 18 53 42.49 -112.81 430.29 295.86 360 360 5 219
1 18 53 42.538 -112.94 430 295.86 360 360 5 219
1 18 53 42.6 -113.1 430.43 295.86 360 360 5 213
1 18 53 42.639 -113.21 431.71 296.14 360 360 5 213
1 18 53 42.703 -113.38 431.86 296.14 360.29 360 5 213
1 18 53 42.751 -113.51 431 296.43 360 360 5 213
1 18 53 42.805 -113.66 431.57 296.29 360 360 5 213
1 18 53 42.861 -113.82 431.14 295.86 360 360 5 213
1 18 53 42.914 -113.97 433.29 295.86 360 360 5 213
1 18 53 42.958 -114.09 430.14 295.86 360 360 5 213
1 18 53 43.011 -114.23 429.43 295.57 360 360 5 213
1 18 53 43.065 -114.38 429.14 296 360 360 5 213
1 18 53 43.106 -114.5 428 295.14 360 360 5 213
1 18 53 43.165 -114.66 426.86 295.43 360 360 5 213
1 18 53 43.217 -114.81 426.43 295.43 360 360 5 213
1 18 53 43.276 -114.98 425.57 295.57 360 360 5 213
1 18 53 43.322 -115.11 426.14 295.29 360 360 5 213
1 18 53 43.37 -115.25 426.43 295.14 360 360 5 213
1 18 53 43.422 -115.4 426.86 295.29 360 360 5 213
1 18 53 43.475 -115.55 427 295.14 360 360 5 213
1 18 53 43.518 -115.68 427.86 294.86 360 360 5 213
1 18 53 43.571 -115.83 429 295 360 360 5 213
1 18 53 43.614 -115.96 429.57 294.71 360 360 5 213
1 18 53 43.665 -116.11 429.57 294.57 360.07 360 5 213
1 18 53 43.714 -116.26 428.29 294.57 360.07 360 5 213
1 18 53 43.765 -116.41 427.07 294.43 360 360 5 213
1 18 53 43.816 -116.56 427.86 294.57 360 360 5 213
1 18 53 43.869 -116.73 427 294.14 360 360 5 213
1 18 53 43.92 -116.88 426.86 293.71 360 360 5 213
1 18 53 43.96 -117 426.57 294 360 360 5 213
1 18 53 44.019 -117.18 426.14 293.86 360 360 5 213
1 18 53 44.075 -117.36 425.43 293.86 360 360 5 213
1 18 53 44.114 -117.48 426.57 293.57 360 360 5 213
1 18 53 44.156 -117.61 425 293.29 360 360 5 213
1 18 53 44.205 -117.76 424.57 293.71 360 360 5 213
1 18 53 44.259 -117.94 423.86 293.57 360 360 5 213
1 18 53 44.313 -118.11 423.14 293.14 360 360 5 213
1 18 53 44.353 -118.23 422.57 293 360 360 5 213
1 18 53 44.391 -118.36 422.14 293 360 360 5 213
1 18 53 44.447 -118.54 422 293 360 360 5 213
1 18 53 44.496 -118.69 422.57 293 360 360 5 213
1 18 53 44.544 -118.84 424.14 294.14 360 360 3 139
1 18 53 44.601 -119.01 423.57 294 360 360 3 139
1 18 53 44.649 -119.16 423.43 293.86 360 360 3 139
1 18 53 44.688 -119.28 423.71 294 360.14 360 3 139
1 18 53 44.745 -119.43 425 295.57 360 360 3 139
1 18 53 44.803 -119.58 426.29 298.71 360 360 3 139
1 18 53 44.864 -119.73 426.71 300 359.14 360 3 139
1 18 53 44.924 -119.87 428.14 299.71 354 360 3 139
1 18 53 44.981 -120.01 431.29 299.57 338 360 3 139
1 18 53 45.038 -120.15 435.43 298.14 315.43 360 3 139
1 18 53 45.095 -120.3 434.29 299.71 291.43 360 3 139
1 18 53 45.149 -120.45 430.57 297.57 271 360 3 139
1 18 53 45.2 -120.59 420.57 295.86 251.57 360 3 139
1 18 53 45.245 -120.72 410.43 294.86 237.86 360 3 123
1 18 53 45.304 -120.88 394.57 296.57 215 360 3 123
1 18 53 45.354 -121.01 385.57 296.57 193.71 360 3 123
1 18 53 45.4 -121.15 375.43 296.57 174 360 3 123
1 18 53 45.439 -121.28 360.71 293.29 154.86 360 3 123
1 18 53 45.476 -121.45 334.57 289.14 137.57 360 3 123
1 18 53 45.496 -121.54 323.29 286.71 123.43 360 3 123
1 18 53 45.515 -121.67 307.71 282.86 109 360 3 123
1 18 53 45.527 -121.79 293.86 279.71 95 360 3 112
1 18 53 45.526 -121.89 279.43 270.57 83.714 360 3 112
1 18 53 45.524 -121.99 269 268.71 75 360 3 112
1 18 53 45.521 -122.11 264 267.29 59.286 360 3 112
1 18 53 45.514 -122.2 255 265.29 50.857 360 3 112
1 18 53 45.511 -122.29 240.43 265 42.143 360 3 112
1 18 53 45.519 -122.37 205.43 276 30.714 360 3 112
1 18 53 45.533 -122.44 175 291.71 20.429 360 3 112
1 18 53 45.552 -122.49 155.71 296.14 14.429 360 3 112
1 18 53 45.573 -122.54 140 298.14 4.8571 360 3 112
1 18 53 45.588 -122.58 136 298.29 258.14 360 3 135
2 18 53 39.883 -104.65 225.62 0 63.25 380 6 233
2 18 53 39.937 -104.57 244.88 131.5 88.125 380 6 233
2 18 53 39.999 -104.55 285.5 122.62 107.88 380 6 233
2 18 53 40.066 -104.55 306.5 104.62 125.12 380 6 233
2 18 53 40.151 -104.58 325.5 219.25 147.38 380 6 233
2 18 53 40.23 -104.64 337.75 253.75 166.38 380 6 233
2 18 53 40.318 -104.7 355.38 290.38 184.75 380 6 233
2 18 53 40.391 -104.75 359.62 331.38 200.75 380 6 233
2 18 53 40.472 -104.81 366 331.88 220.12 380 6 233
2 18 53 40.588 -104.9 384 325.88 241.5 380 6 233
2 18 53 40.686 -104.97 393.75 329.62 256.25 380 6 242
2 18 53 40.768 -105.04 406.69 324.94 274.38 380 6 242
2 18 53 40.877 -105.14 411.12 324.88 290.5 380 6 262
2 18 53 40.97 -105.24 414.75 321.88 301.25 380 6 262
2 18 53 41.052 -105.34 418.38 319 314.62 380 6 262
2 18 53 41.14 -105.43 416.12 318.25 327.12 380 6 262
2 18 53 41.235 -105.55 415.12 317.88 337.5 380 6 262
2 18 53 41.281 -105.64 411.56 306.81 345.25 380 6 262
2 18 53 41.345 -105.79 411.5 301.62 351.75 380 6 262
2 18 53 41.397 -105.92 412.5 298.25 357.5 380 6 262
2 18 53 41.444 -106.06 410.62 295.62 360.75 380 6 262
2 18 53 41.49 -106.21 410.62 292.75 363.62 380 6 262
2 18 53 41.531 -106.34 410.88 291.75 366.75 380 6 262
2 18 53 41.575 -106.49 410.38 291.5 368 380 6 262
2 18 53 41.618 -106.63 409.75 292 369.38 380 6 262
2 18 53 41.663 -106.77 410.25 291.25 370 380 6 262
2 18 53 41.702 -106.9 410.38 291.25 370 380 6 262
2 18 53 41.748 -107.05 411.62 291.38 370 380 6 262
2 18 53 41.791 -107.2 413 268.62 370 380 6 262
2 18 53 41.837 -107.36 413.75 291.12 370 380 6 262
2 18 53 41.877 -107.5 414.62 291 370 380 6 262
2 18 53 41.915 -107.63 414.62 290.75 370 380 5 211
2 18 53 41.964 -107.8 416.12 290.5 370 380 5 211
2 18 53 41.999 -107.92 415.62 290.75 370 380 5 211
2 18 53 42.042 -108.07 416.75 290.88 370 380 5 211
2 18 53 42.084 -108.22 416.88 290.5 370 380 5 211
2 18 53 42.125 -108.37 417.88 290.5 370 380 5 211
2 18 53 42.167 -108.51 418.12 290.5 370 380 5 211
2 18 53 42.209 -108.67 418.75 290.38 370 380 5 211
2 18 53 42.25 -108.81 418.75 290.12 370 380 5 211
2 18 53 42.292 -108.97 418.75 289.88 370 380 5 211
2 18 53 42.333 -109.12 419.38 289.88 370 380 5 211
2 18 53 42.374 -109.27 417.75 289.88 370 380 5 211
2 18 53 42.41 -109.4 417.75 289.62 370 380 5 211
2 18 53 42.446 -109.53 418.25 289.75 370 380 5 219
2 18 53 42.487 -109.69 418.5 289.38 370 380 5 219
2 18 53 42.522 -109.82 418.38 289.5 370 380 5 219
2 18 53 42.569 -109.99 418.12 289.5 370 380 5 219
2 18 53 42.602 -110.13 420.25 289.12 370 380 5 219
2 18 53 42.636 -110.26 420.62 289.38 370 380 5 219
2 18 53 42.675 -110.41 420.38 289.19 370 380 5 219
2 18 53 42.709 -110.54 421 289.25 370 380 5 219
2 18 53 42.749 -110.7 420.38 289 370 380 5 219
2 18 53 42.794 -110.87 420.38 288.88 370 380 5 219
2 18 53 42.832 -111.03 419.75 288.75 370 380 5 219
2 18 53 42.876 -111.2 419.88 288.75 370 380 5 219
2 18 53 42.913 -111.35 420.06 288.5 370 380 5 219
2 18 53 42.953 -111.51 420.5 288.5 370 380 5 219
2 18 53 42.987 -111.65 421.5 288.5 370 380 5 219
2 18 53 43.024 -111.8 421.5 288.25 370 380 5 219
2 18 53 43.064 -111.97 421.5 288.25 370 380 5 219
2 18 53 43.102 -112.12 421.5 288.12 370 380 5 219
2 18 53 43.139 -112.27 422.12 287.88 370 380 5 219
2 18 53 43.174 -112.42 422.19 287.75 370 380 5 219
2 18 53 43.216 -112.58 422.62 287.75 370 380 5 219
2 18 53 43.255 -112.74 422 288.12 370 380 5 219
2 18 53 43.296 -112.9 421.25 287.12 370 380 5 219
2 18 53 43.339 -113.06 422.12 289.12 370 380 5 219
2 18 53 43.378 -113.21 422.12 289.25 370 380 5 219
2 18 53 43.416 -113.37 423.12 289.38 370 380 5 219
2 18 53 43.451 -113.5 424.25 288.88 370 380 5 213
2 18 53 43.49 -113.66 422.5 288.75 370 380 5 213
2 18 53 43.523 -113.79 423.62 288.75 370 380 5 213
2 18 53 43.565 -113.96 423.81 288.69 370 380 5 213
2 18 53 43.604 -114.11 424.47 288.53 370 380 5 213
2 18 53 43.632 -114.23 425.25 288.56 370 380 5 213
2 18 53 43.668 -114.37 424.81 288.44 370 380 5 213
2 18 53 43.708 -114.53 426.75 288.5 370 380 5 213
2 18 53 43.755 -114.73 426.88 288.38 370 380 5 213
2 18 53 43.792 -114.89 427.5 288 370 380 5 213
2 18 53 43.817 -114.99 427.88 288 370 380 5 213
2 18 53 43.851 -115.13 427.5 288 370 380 5 213
2 18 53 43.895 -115.31 427.12 287.75 370 380 5 213
2 18 53 43.926 -115.45 426 287.5 370 380 5 213
2 18 53 43.968 -115.63 426.12 287.75 370 380 5 213
2 18 53 44.01 -115.8 425.62 287.62 370 380 5 213
2 18 53 44.044 -115.95 426.62 288.12 370 380 5 213
2 18 53 44.08 -116.1 426.88 287.62 370 380 5 213
2 18 53 44.112 -116.23 427.75 288 370 380 5 213
2 18 53 44.152 -116.4 427.5 287.75 370 380 5 213
2 18 53 44.19 -116.56 429.12 287.56 370 380 5 213
2 18 53 44.219 -116.69 427 287.56 370 380 5 213
2 18 53 44.248 -116.82 426.88 287.31 370 380 5 213
2 18 53 44.289 -117 427.12 287.06 370 380 5 213
2 18 53 44.322 -117.14 425.69 287.19 370 380 5 213
2 18 53 44.358 -117.3 424.25 287 370 380 5 213
2 18 53 44.394 -117.46 423.88 286.75 370 380 5 213
2 18 53 44.432 -117.63 424.88 287 370 380 5 213
2 18 53 44.465 -117.78 425 286.5 370 380 5 213
2 18 53 44.5 -117.94 425.88 286.88 370 380 5 213
2 18 53 44.533 -118.09 426.38 286.62 370 380 5 213
2 18 53 44.561 -118.24 426.25 285.25 370 380 5 213
2 18 53 44.59 -118.41 426.38 282.88 370 380 5 213
2 18 53 44.619 -118.57 426.88 283.38 370 380 3 139
2 18 53 44.652 -118.75 426.5 283.88 370 380 3 139
2 18 53 44.677 -118.88 425.75 284.12 370 380 3 139
2 18 53 44.722 -119.02 425.94 289.44 370 380 3 139
2 18 53 44.764 -119.17 426.38 292.44 370 380 3 139
2 18 53 44.799 -119.29 425.69 293.12 369.69 380 3 139
2 18 53 44.867 -119.48 425.88 294.25 369.38 380 3 139
2 18 53 44.903 -119.57 426.12 295.75 366.88 380 3 139
2 18 53 44.955 -119.73 426 295.25 362.62 380 3 139
2 18 53 45.001 -119.87 428.12 295.75 359.12 380 3 139
2 18 53 45.051 -120.02 425.5 294.88 342.38 380 3 139
2 18 53 45.103 -120.17 428.38 294.5 320.5 380 3 139
2 18 53 45.154 -120.33 429.62 293.88 300.75 380 3 139
2 18 53 45.207 -120.48 424.25 294.12 278.62 380 3 139
2 18 53 45.257 -120.63 413.5 294.62 260.25 380 3 139
2 18 53 45.302 -120.77 407.12 293 244.62 380 3 123
2 18 53 45.346 -120.91 396.62 294.38 225.38 380 3 123
2 18 53 45.385 -121.03 389.88 292.25 209.12 380 3 123
2 18 53 45.425 -121.18 376.38 291.88 186.88 380 3 123
2 18 53 45.457 -121.34 357.62 287.88 164.88 380 3 123
2 18 53 45.474 -121.45 349.88 283.5 155.25 380 3 123
2 18 53 45.504 -121.62 328.62 282.12 135.38 380 3 123
2 18 53 45.52 -121.73 314.5 282.12 122.75 380 3 112
2 18 53 45.534 -121.85 299.75 278.88 108.25 380 3 112
2 18 53 45.542 -121.96 288.62 272.5 95.5 380 3 112
2 18 53 45.542 -122.06 277 271.25 82.375 380 3 112
2 18 53 45.543 -122.16 266.25 268.38 70.375 380 3 112
2 18 53 45.544 -122.26 252.75 270 61.375 380 3 112
2 18 53 45.553 -122.36 233 279.38 50.625 380 3 112
2 18 53 45.56 -122.43 218.88 278.12 40.375 380 3 112
2 18 53 45.56 -122.5 191.5 265.62 28.25 380 3 112
2 18 53 45.564 -122.53 176 255 18.75 380 3 112
2 18 53 45.573 -122.55 160.88 254.88 11.375 380 3 112
2 18 53 45.582 -122.57 144.75 253.75 49.125 380 3 112
2 18 53 45.59 -122.59 143 253.12 275.25 380 3 135
