1 18 55 39.833 -104.65 193 0 71 380 6 233
1 18 55 39.784 -104.6 253 117.5 90 380 6 233
1 18 55 39.725 -104.55 301 142 111 380 6 233
1 18 55 39.602 -104.5 369 152.5 146 380 6 233
1 18 55 39.565 -104.49 375.5 172 156 380 6 233
1 18 55 39.465 -104.48 386 174 182 380 6 233
1 18 55 39.352 -104.48 397.5 177.5 209 380 6 233
1 18 55 39.242 -104.49 413.5 168 234 380 6 233
1 18 55 39.126 -104.49 428.5 190 255.5 380 6 236
1 18 55 39.002 -104.47 442 182 275.5 380 6 266
1 18 55 38.877 -104.46 448 177 296.5 380 6 266
1 18 55 38.754 -104.46 445.5 175 316 380 6 266
1 18 55 38.623 -104.53 433.5 177 336.5 380 6 265
1 18 55 38.544 -104.64 426.5 190 350.5 380 6 265
1 18 55 38.466 -104.75 426.5 215.5 359.5 380 6 265
1 18 55 38.388 -104.87 426.5 229 368.5 380 6 265
1 18 55 38.313 -104.98 420 228.5 376 380 6 257
1 18 55 38.236 -105.09 418.5 228.5 380 380 6 257
1 18 55 38.159 -105.21 420.5 228.5 380 380 6 257
1 18 55 38.08 -105.31 418.5 228.5 380 380 6 257
1 18 55 37.994 -105.44 422.5 228 380 380 6 257
1 18 55 37.916 -105.56 428 228 380 380 6 257
1 18 55 37.813 -105.7 433.5 227.5 380 380 6 257
1 18 55 37.749 -105.79 430 228 380 380 6 257
1 18 55 37.669 -105.91 431.5 228 380 380 6 257
1 18 55 37.587 -106.02 440.5 228.5 380 380 6 257
1 18 55 37.508 -106.13 434.5 227.5 380 380 6 257
1 18 55 37.421 -106.25 433.5 228.5 380 380 6 259
1 18 55 37.342 -106.36 433.5 227.5 380 380 6 259
1 18 55 37.255 -106.49 429 227 380 360 6 259
1 18 55 37.175 -106.59 429.5 226.5 380 360 6 259
1 18 55 37.087 -106.71 429.5 226 380 360 6 259
1 18 55 37.01 -106.81 429.5 228 380 360 6 259
1 18 55 36.925 -106.94 431 227 380 360 6 259
1 18 55 36.855 -107.03 430 227.5 380 360 6 259
1 18 55 36.764 -107.16 432 227.5 380 360 6 259
1 18 55 36.674 -107.28 432.5 227 380 360 6 259
1 18 55 36.634 -107.34 432.5 227 380 360 6 259
1 18 55 36.511 -107.5 433 228 380 360 6 259
1 18 55 36.471 -107.55 434 227 380 360 6 259
1 18 55 36.361 -107.7 433 226.5 380 360 6 259
1 18 55 36.282 -107.81 433 227 380 360 6 259
1 18 55 36.238 -107.87 431.5 227 380 360 6 259
1 18 55 36.135 -108.01 429.5 226.5 380 360 6 259
1 18 55 36.07 -108.09 429 226 380 360 2 88
1 18 55 35.985 -108.21 429 227 380 360 2 88
1 18 55 35.868 -108.36 429 226.5 377.5 360 2 88
1 18 55 35.782 -108.47 429 226.5 372 340 2 88
1 18 55 35.736 -108.53 429 226.5 363.5 340 2 88
1 18 55 35.657 -108.64 429.5 226 354 340 2 88
1 18 55 35.569 -108.75 434 226 350 340 2 88
1 18 55 35.496 -108.81 438.5 217.5 350 340 2 88
1 18 55 35.393 -108.89 438.5 217.5 349.5 340 2 88
1 18 55 35.279 -109.01 438.5 214.5 341.5 340 2 88
1 18 55 35.19 -109.11 439.5 216 340 340 2 88
1 18 55 35.161 -109.18 435 220 340 340 2 88
1 18 55 35.053 -109.37 435.5 232 340 340 2 88
1 18 55 34.99 -109.49 435 237 340 340 2 88
1 18 55 34.926 -109.61 434.5 236.5 340 340 2 88
1 18 55 34.888 -109.69 435.5 236.5 340 340 2 88
1 18 55 34.83 -109.79 436.25 236.5 340 340 2 88
1 18 55 34.774 -109.9 436 236 340 340 2 88
1 18 55 34.719 -110.03 437.25 236.5 340 340 2 88
1 18 55 34.638 -110.19 443.5 238.5 340 340 2 105
1 18 55 34.609 -110.27 438 237.5 338 200 2 105
1 18 55 34.548 -110.39 437 239.5 325.5 200 2 105
1 18 55 34.489 -110.52 439 239.5 309.5 200 2 105
1 18 55 34.428 -110.64 434.5 239.5 293 200 2 106
1 18 55 34.358 -110.75 429 239 277.5 200 2 106
1 18 55 34.272 -110.87 434 236 251 200 2 106
1 18 55 34.196 -110.98 431.5 230.5 218.5 200 2 106
1 18 55 34.084 -111.15 404 229.5 176.5 200 2 106
1 18 55 34.044 -111.19 391.5 229.5 167 200 2 106
1 18 55 33.978 -111.28 356 224 146 200 2 106
1 18 55 33.898 -111.38 332.5 226 125 200 2 79
1 18 55 33.84 -111.44 323 222.5 114 200 2 79
1 18 55 33.762 -111.5 304 217 105 200 2 79
1 18 55 33.707 -111.56 262.5 213 98.5 200 2 79
1 18 55 33.644 -111.6 254 217 86.5 200 2 79
1 18 55 33.593 -111.66 249 208 78 200 2 79
1 18 55 33.548 -111.69 247 220.5 70 200 2 79
1 18 55 33.492 -111.73 243 213.5 59 200 2 79
1 18 55 33.453 -111.78 211.5 214 49.5 200 2 79
1 18 55 33.436 -111.84 172 249.5 36.5 200 2 79
1 18 55 33.437 -111.89 163.5 274 28 200 2 79
1 18 55 33.438 -111.97 146.5 273.5 15.5 200 2 79
1 18 55 33.441 -112 144 270 11.5 200 2 79
2 18 55 39.846 -104.65 217.52 43.435 67.217 380 6 233
2 18 55 39.789 -104.66 244.57 144.65 85.783 380 6 233
2 18 55 39.723 -104.68 293.13 189.09 104.57 380 6 233
2 18 55 39.651 -104.7 329.39 189.22 124.43 380 6 233
2 18 55 39.57 -104.75 347.04 199.39 149.22 380 6 233
2 18 55 39.495 -104.81 364.26 206.22 168.65 380 6 233
2 18 55 39.402 -104.87 379.48 208.09 190 380 6 233
2 18 55 39.309 -104.94 391.09 209.43 209.04 380 6 233
2 18 55 39.21 -105 404.7 208.43 228.39 380 6 233
2 18 55 39.102 -105.08 417.78 208.35 245.61 380 6 236
2 18 55 38.996 -105.15 430.7 207.91 261.93 380 6 236
2 18 55 38.889 -105.22 438.67 207.78 278.72 380 6 266
2 18 55 38.78 -105.29 445.67 208.11 293.09 380 6 266
2 18 55 38.67 -105.37 450.13 208.43 306.41 380 6 266
2 18 55 38.562 -105.45 453.22 209.35 318.41 380 6 266
2 18 55 38.455 -105.53 453.96 211 329.74 380 6 266
2 18 55 38.344 -105.62 451.61 210.96 341 380 6 265
2 18 55 38.241 -105.7 446.5 210.61 349.85 380 6 265
2 18 55 38.136 -105.79 443.17 212.3 356.35 380 6 265
2 18 55 38.038 -105.89 439.35 214.35 360.83 380 6 265
2 18 55 37.942 -105.99 437.43 217.13 362.26 380 6 265
2 18 55 37.851 -106.1 434.52 218.35 363.78 380 6 265
2 18 55 37.766 -106.2 432.87 220.39 365.13 380 6 259
2 18 55 37.675 -106.31 432.74 223.52 365.65 380 6 259
2 18 55 37.595 -106.41 429.13 223.3 365.65 380 6 259
2 18 55 37.514 -106.51 430.7 223.7 366.04 380 6 259
2 18 55 37.418 -106.62 434.13 223.74 367.52 380 6 259
2 18 55 37.333 -106.73 434.09 223.52 368.48 380 6 259
2 18 55 37.249 -106.83 432.39 223.17 369.26 380 6 259
2 18 55 37.162 -106.93 432.61 223 369.65 360 6 259
2 18 55 37.067 -107.04 433.17 223 369.35 360 6 259
2 18 55 36.983 -107.14 432.57 222.74 369.09 360 6 259
2 18 55 36.89 -107.25 432.74 222.78 368.83 360 6 259
2 18 55 36.814 -107.34 432.89 222.72 368.7 360 6 259
2 18 55 36.72 -107.45 433.35 222.96 368.78 360 6 259
2 18 55 36.633 -107.55 434 222.87 368.87 360 6 259
2 18 55 36.545 -107.66 433.83 222.43 368.74 360 6 259
2 18 55 36.455 -107.76 433.87 222.52 368.74 380 6 259
2 18 55 36.369 -107.86 433.39 222.48 368.52 380 6 259
2 18 55 36.282 -107.96 433.3 222.52 367.91 380 6 259
2 18 55 36.185 -108.07 433.83 221.43 367.87 380 6 259
2 18 55 36.1 -108.16 435.17 220.87 367.96 380 6 259
2 18 55 36.011 -108.25 435.35 212.22 367.52 380 6 259
2 18 55 35.914 -108.35 435.87 219 367.04 380 2 88
2 18 55 35.818 -108.45 435.91 219.13 366.91 380 2 88
2 18 55 35.729 -108.55 435.87 221.39 366.87 360 2 88
2 18 55 35.635 -108.66 436.57 222.04 366.26 360 2 88
2 18 55 35.552 -108.76 436.3 223.26 365.35 360 2 88
2 18 55 35.471 -108.86 435.57 216.2 362.65 360 2 88
2 18 55 35.39 -108.97 435.22 225.96 360.26 360 2 88
2 18 55 35.319 -109.07 435.07 228.02 359.09 360 2 88
2 18 55 35.228 -109.19 434.74 228.78 358.22 360 2 88
2 18 55 35.154 -109.29 434.87 228.43 357.57 360 2 88
2 18 55 35.073 -109.4 435.17 227.43 356.96 360 2 88
2 18 55 34.988 -109.51 435.91 228 355.65 360 2 88
2 18 55 34.913 -109.61 436.54 227.87 353.43 360 2 88
2 18 55 34.825 -109.74 437.7 228 351.65 360 2 88
2 18 55 34.754 -109.85 437.11 228.93 351.22 360 2 88
2 18 55 34.681 -109.98 437.43 230.13 349.3 360 2 88
2 18 55 34.628 -110.09 437.39 232.74 344.26 360 2 105
2 18 55 34.58 -110.21 438.7 238 334.91 360 2 105
2 18 55 34.52 -110.35 433.39 241.04 316.7 360 2 106
2 18 55 34.463 -110.47 429.7 239.83 302.17 360 2 106
2 18 55 34.403 -110.61 424.61 239.8 278.07 360 2 106
2 18 55 34.351 -110.71 418.35 240 261.13 360 2 106
2 18 55 34.287 -110.82 407.8 238.35 239 360 2 106
2 18 55 34.212 -110.94 398.13 235.17 217.52 360 2 106
2 18 55 34.135 -111.04 388.48 231.57 192.43 360 2 106
2 18 55 34.069 -111.14 377.96 229.65 172.78 360 2 106
2 18 55 33.998 -111.24 360.26 229.57 150.74 360 2 106
2 18 55 33.947 -111.31 348.22 230.09 135.7 360 2 106
2 18 55 33.885 -111.4 331.13 229.04 119.74 360 2 106
2 18 55 33.823 -111.47 311.87 225.83 106.61 360 2 79
2 18 55 33.758 -111.54 297.78 221.13 96.348 360 2 79
2 18 55 33.698 -111.59 281.35 218.57 86.13 360 2 79
2 18 55 33.645 -111.64 261.52 215.87 80.13 360 2 79
2 18 55 33.586 -111.7 245.48 217.52 73.348 360 2 79
2 18 55 33.541 -111.75 233.83 219.78 63.348 360 2 79
2 18 55 33.498 -111.8 224.7 225.48 52.13 360 2 79
2 18 55 33.471 -111.85 209.74 232.96 43.609 360 2 79
2 18 55 33.446 -111.9 190.52 235.26 32.696 360 2 79
2 18 55 33.438 -111.93 175.61 239 25.565 360 2 79
2 18 55 33.438 -111.97 153.57 246.74 17.739 360 2 79
2 18 55 33.44 -112.01 142.7 246.35 11.957 360 2 79
