1 18 69 39.876 -104.7 213.25 0 67.208 380 6 233
1 18 69 39.893 -104.77 248.62 216.42 83.667 380 6 233
1 18 69 39.904 -104.87 285.46 284.12 102.92 380 6 233
1 18 69 39.913 -104.98 310.25 273.71 126.79 380 6 233
1 18 69 39.919 -105.08 325.38 273.71 148.21 380 6 233
1 18 69 39.922 -105.19 334.46 271.29 166.83 360 6 233
1 18 69 39.928 -105.31 341 273.21 188.21 360 6 233
1 18 69 39.93 -105.43 348.65 271.73 207.54 360 6 233
1 18 69 39.936 -105.56 356.83 271 224.33 360 6 233
1 18 69 39.939 -105.69 372.5 273.4 243.02 360 6 249
1 18 69 39.944 -105.84 382.77 273.9 258.29 380 6 249
1 18 69 39.952 -105.98 389.88 272.77 272.77 380 6 277
1 18 69 39.962 -106.13 398.38 274.54 287.77 380 6 277
1 18 69 39.972 -106.27 402.98 274.67 301.15 360 6 277
1 18 69 39.983 -106.42 406.69 274.29 313 360 6 277
1 18 69 39.991 -106.56 410.29 274.21 323.44 360 6 277
1 18 69 40 -106.71 412.96 273.67 332.79 360 6 277
1 18 69 40.009 -106.87 413.42 274.08 340.92 360 6 277
1 18 69 40.018 -107.02 412.71 273.21 346.21 360 6 279
1 18 69 40.027 -107.18 412.5 274 349.42 360 6 279
1 18 69 40.036 -107.33 411.88 273.77 351.08 360 6 279
1 18 69 40.044 -107.48 413.52 273.77 353.08 360 6 279
1 18 69 40.052 -107.63 412.92 273.83 353.96 360 6 279
1 18 69 40.059 -107.78 414.5 273.54 354.21 360 6 279
1 18 69 40.067 -107.93 413.88 273.21 354.04 360 6 279
1 18 69 40.074 -108.08 414.98 273.25 353.67 360 6 279
1 18 69 40.08 -108.23 416.08 273.02 353.5 360 6 279
1 18 69 40.087 -108.39 414.48 272.69 353.25 360 6 279
1 18 69 40.095 -108.54 413.83 273.27 353.12 360 6 279
1 18 69 40.1 -108.69 413.04 273.15 352.88 360 6 279
1 18 69 40.106 -108.84 412.17 265.02 352.46 360 6 279
1 18 69 40.113 -109 412.79 272.71 351.62 360 6 279
1 18 69 40.118 -109.15 414.08 272.46 350.83 360 6 279
1 18 69 40.124 -109.3 414.71 272.38 348.71 300 5 209
1 18 69 40.131 -109.45 415 273.04 345.96 300 5 209
1 18 69 40.135 -109.59 415.83 272.44 342.15 300 5 209
1 18 69 40.141 -109.74 417.12 272.5 337.67 300 5 209
1 18 69 40.148 -109.89 419.69 274.38 331.83 300 5 209
1 18 69 40.153 -110.04 421.35 272.83 326.94 300 5 209
1 18 69 40.155 -110.2 423.42 272.62 321.17 300 5 209
1 18 69 40.158 -110.36 423.54 274.94 313.62 300 5 209
1 18 69 40.156 -110.51 423.4 271.81 306.52 190 5 215
1 18 69 40.156 -110.65 423.54 272.97 295.88 190 5 215
1 18 69 40.15 -110.79 419.88 271.17 283.02 190 5 215
1 18 69 40.146 -110.94 416.29 271.96 264.29 190 5 215
1 18 69 40.143 -111.08 410.19 273.79 244.62 190 5 215
1 18 69 40.137 -111.23 397.46 271.67 221.79 190 5 215
1 18 69 40.144 -111.39 383.27 272.29 201.6 190 5 215
1 18 69 40.169 -111.51 377.33 279.85 188.9 190 5 215
1 18 69 40.212 -111.63 369.58 292.79 175.96 190 5 215
1 18 69 40.259 -111.74 354.17 299.62 163.21 190 5 215
1 18 69 40.321 -111.83 339.85 301.27 152.27 190 5 197
1 18 69 40.39 -111.9 334.29 304.96 141.65 190 5 197
1 18 69 40.473 -111.96 328.46 312.62 128.21 190 5 197
1 18 69 40.546 -112 310.9 318.77 118.38 190 5 197
1 18 69 40.624 -112.03 293.17 324.67 110.04 190 5 197
1 18 69 40.697 -112.04 262.5 332.92 103.04 190 5 197
1 18 69 40.767 -112.05 253.29 296.5 90.792 190 5 197
1 18 69 40.815 -112.03 238.58 224.5 78.833 190 5 197
1 18 69 40.825 -112 209.5 195.54 67.292 190 5 197
1 18 69 40.82 -111.99 178.17 216.88 57 190 5 197
1 18 69 40.809 -111.98 160.33 231.29 50.208 190 5 197
1 18 69 40.797 -111.98 144.79 234.67 44.042 190 5 197
