1 18 65 39.867 -104.7 213 0 71 360 6 233
1 18 65 39.883 -104.78 262.5 292 87 360 6 233
1 18 65 39.892 -104.89 295.5 278.5 103.5 360 6 233
1 18 65 39.895 -104.98 310 275 118.5 360 6 233
1 18 65 39.905 -105.08 324 271.5 135 360 6 233
1 18 65 39.921 -105.28 349.5 277 170 360 6 233
1 18 65 39.924 -105.34 351 277 184 360 6 233
1 18 65 39.924 -105.46 337.5 273 196 360 6 233
1 18 65 39.938 -105.6 360.5 272.5 224 360 6 233
1 18 65 39.947 -105.75 373 276 241 360 6 249
1 18 65 39.954 -105.89 391 275.5 256.5 360 6 249
1 18 65 39.963 -106.04 399.5 274 270.5 360 6 249
1 18 65 39.969 -106.18 408.5 272 283 360 6 277
1 18 65 39.969 -106.34 420.5 271.5 296 360 6 277
1 18 65 39.996 -106.49 426 280 310.5 360 6 277
1 18 65 40.051 -106.64 432 291 325.5 360 6 274
1 18 65 40.121 -106.76 432 307 337 360 6 274
1 18 65 40.197 -106.89 431.5 305 348 360 6 274
1 18 65 40.265 -107.01 427 306 353.5 360 6 274
1 18 65 40.338 -107.15 424.5 307 358 360 6 274
1 18 65 40.404 -107.26 423 306.5 360 360 6 274
1 18 65 40.483 -107.41 422 306.5 360 360 6 274
1 18 65 40.552 -107.52 422 305 360 360 6 274
1 18 65 40.628 -107.66 420.5 306 360 360 6 274
1 18 65 40.693 -107.78 418.5 305.5 360 360 6 274
1 18 65 40.758 -107.9 417 307 360 360 6 274
1 18 65 40.828 -108.02 416.5 304.5 360 360 6 274
1 18 65 40.898 -108.15 416 305.5 360 360 6 274
1 18 65 40.964 -108.28 417 305 360 360 6 274
1 18 65 41.038 -108.41 414.5 305.5 360 360 6 274
1 18 65 41.108 -108.53 412.5 305.5 360 360 6 274
1 18 65 41.178 -108.66 413 305 360 360 5 211
1 18 65 41.246 -108.8 412.5 305 360 360 5 211
1 18 65 41.3 -108.89 411.5 305 360 360 5 211
1 18 65 41.368 -109.02 414.5 305 360 360 5 211
1 18 65 41.435 -109.14 440.5 304.5 360 360 5 211
1 18 65 41.502 -109.28 428.5 306 360 360 5 211
1 18 65 41.571 -109.41 417 305 360 360 5 211
1 18 65 41.641 -109.54 417 304.5 360 360 5 211
1 18 65 41.704 -109.66 419 305 360 360 5 211
1 18 65 41.78 -109.81 421 304.5 360 360 5 211
1 18 65 41.835 -109.91 424 304.5 360 360 5 211
1 18 65 41.909 -110.06 424.5 305 360 360 5 211
1 18 65 41.984 -110.2 424.5 304 360 360 5 211
1 18 65 42.048 -110.32 424.5 304 360 360 5 211
1 18 65 42.117 -110.46 425 304 360 360 5 211
1 18 65 42.186 -110.59 424.5 304 360 360 5 211
1 18 65 42.254 -110.73 422.5 304 360 360 5 219
1 18 65 42.316 -110.85 421 304 360 360 5 219
1 18 65 42.383 -110.99 420.5 304 360 360 5 219
1 18 65 42.45 -111.12 419.5 303.5 360 360 5 219
1 18 65 42.516 -111.25 418.5 303.5 360 360 5 219
1 18 65 42.58 -111.38 418 303.5 360 360 5 219
1 18 65 42.653 -111.53 417.5 303 360 360 5 219
1 18 65 42.716 -111.66 417.5 303 360 360 5 219
1 18 65 42.781 -111.8 417.5 303 360 360 5 219
1 18 65 42.844 -111.93 417.5 303 360 360 5 219
1 18 65 42.91 -112.06 419 303 360 360 5 219
1 18 65 42.972 -112.19 419 303 360 360 5 219
1 18 65 43.002 -112.25 419 303 360 360 5 219
1 18 65 43.105 -112.47 419 303 360 360 5 219
1 18 65 43.135 -112.53 418 303 360 360 5 219
1 18 65 43.198 -112.67 418 303 360 360 5 219
1 18 65 43.295 -112.88 417 302.5 360 360 5 219
1 18 65 43.323 -112.94 417 302.5 360 360 5 219
1 18 65 43.386 -113.06 417 303 360 360 5 219
1 18 65 43.448 -113.2 417 302 360 360 5 219
1 18 65 43.517 -113.35 417 302.5 360 360 5 219
1 18 65 43.581 -113.5 417.5 302 360 360 5 219
1 18 65 43.648 -113.65 421 302 360 360 5 213
1 18 65 43.708 -113.78 417 301.5 360 360 5 213
1 18 65 43.767 -113.91 416.5 301.5 360 360 5 213
1 18 65 43.822 -114.03 417 301.75 360 360 5 213
1 18 65 43.877 -114.15 417.5 301.25 360 360 5 213
1 18 65 43.932 -114.27 417.75 302 360 360 5 213
1 18 65 44.012 -114.45 417.5 301.5 360 360 5 213
1 18 65 44.072 -114.59 415.5 301 360 360 5 213
1 18 65 44.138 -114.73 415 301 360 360 5 213
1 18 65 44.181 -114.83 412.5 301 360 360 5 213
1 18 65 44.221 -114.92 410 300.5 360 360 5 213
1 18 65 44.285 -115.07 410 301 360 360 5 213
1 18 65 44.355 -115.24 413 300.5 360 360 5 213
1 18 65 44.407 -115.36 413.75 301 360 360 5 213
1 18 65 44.446 -115.45 417 300.75 360 360 5 213
1 18 65 44.497 -115.57 417 300 360 360 5 213
1 18 65 44.57 -115.74 416.5 300.5 360 360 5 213
1 18 65 44.611 -115.84 420.5 300.5 360 360 5 213
1 18 65 44.688 -116.02 419.5 300.5 360 360 5 213
1 18 65 44.752 -116.18 421 300 360 360 5 213
1 18 65 44.796 -116.28 421.5 300 360 360 5 213
1 18 65 44.854 -116.43 420.5 300 360 360 5 213
1 18 65 44.913 -116.56 421 300 360 360 5 213
1 18 65 44.975 -116.7 421.5 300.5 360 360 5 213
1 18 65 45.039 -116.84 421.5 302.5 360 360 5 213
1 18 65 45.102 -116.98 423.5 302.5 360 360 5 213
1 18 65 45.173 -117.12 425 303 360 360 5 213
1 18 65 45.25 -117.24 428 311.5 360 360 5 213
1 18 65 45.326 -117.37 426.5 310.5 360 360 3 134
1 18 65 45.409 -117.51 425.5 310.5 360 350 3 134
1 18 65 45.463 -117.63 421.5 305.5 356 350 3 134
1 18 65 45.526 -117.78 424.5 300 355 350 3 134
1 18 65 45.579 -117.91 425 299.5 355 350 3 134
1 18 65 45.65 -118.09 425 300 355 350 3 134
1 18 65 45.715 -118.25 423.5 300 355 350 3 134
1 18 65 45.755 -118.34 425 299.5 355 350 3 134
1 18 65 45.833 -118.54 423.5 299.5 355 350 3 134
1 18 65 45.891 -118.69 423.5 299.5 355 350 3 134
1 18 65 45.931 -118.79 423 299.5 355 350 3 134
1 18 65 45.989 -118.93 423 299 355 350 3 134
1 18 65 46.023 -119.02 422.5 299 355 350 3 134
1 18 65 46.08 -119.17 422.5 299 355 350 3 134
1 18 65 46.138 -119.31 422.5 299 355 350 3 134
1 18 65 46.223 -119.53 422 299 355 350 3 134
1 18 65 46.249 -119.6 416 298.5 355 350 3 134
1 18 65 46.312 -119.77 418.5 298.5 355 350 3 134
1 18 65 46.397 -119.98 418.5 298.5 355 350 3 134
1 18 65 46.452 -120.13 417.5 298.5 344.5 350 3 134
1 18 65 46.48 -120.2 417.5 298.5 325.5 350 3 134
1 18 65 46.535 -120.35 420 298.5 307.5 350 3 134
1 18 65 46.596 -120.5 423.5 298.5 283 350 3 134
1 18 65 46.661 -120.63 419 300 260.5 350 3 134
1 18 65 46.724 -120.77 406.5 302.5 237.5 350 3 148
1 18 65 46.791 -120.91 398 304.5 213 350 3 148
1 18 65 46.852 -121.03 384 304.5 191.5 350 3 148
1 18 65 46.916 -121.18 372 304.5 167 350 3 148
1 18 65 46.972 -121.3 363.5 304 144.5 350 3 148
1 18 65 47.049 -121.46 349.5 303 122.5 350 3 148
1 18 65 47.088 -121.56 312.5 303.5 120.5 350 3 148
1 18 65 47.122 -121.62 290.5 302.5 117 350 3 148
1 18 65 47.154 -121.75 284 292 105 350 3 114
1 18 65 47.163 -121.85 286 287 91.5 350 3 114
1 18 65 47.171 -121.97 282.5 275.5 77.5 350 3 114
1 18 65 47.184 -122.08 275 277 64 350 3 114
1 18 65 47.199 -122.19 269 281 52 350 3 114
1 18 65 47.229 -122.28 250 285.5 41 350 3 114
1 18 65 47.283 -122.31 209 323.5 30 350 3 114
1 18 65 47.334 -122.31 177.5 175.5 23 350 3 114
1 18 65 47.377 -122.31 156 179.5 15 350 3 114
1 18 65 47.416 -122.31 139.5 0 7.5 350 3 114
1 18 65 47.452 -122.31 141 179.5 3.5 350 3 114
2 18 65 39.883 -104.63 200.15 5.6154 65.692 360 6 233
2 18 65 39.928 -104.59 251.15 165.62 84.769 360 6 233
2 18 65 39.98 -104.57 291.38 188.23 103.62 360 6 233
2 18 65 40.057 -104.59 320.77 224.77 121.23 360 6 233
2 18 65 40.135 -104.63 342.15 264.85 143.85 360 6 233
2 18 65 40.228 -104.69 345.92 283.23 166.92 360 6 233
2 18 65 40.323 -104.74 357.62 309.69 188.85 360 6 233
2 18 65 40.389 -104.79 363.38 307.85 200.92 360 6 233
2 18 65 40.492 -104.85 375.08 309.08 224.62 360 6 233
2 18 65 40.588 -104.9 386.46 307.69 241.69 360 6 242
2 18 65 40.662 -104.97 395.23 330.08 254.54 360 6 242
2 18 65 40.759 -105.07 408.23 323.38 270.31 360 6 262
2 18 65 40.854 -105.18 412.54 318.77 283.23 360 6 262
2 18 65 40.925 -105.28 421 314.38 295.92 360 6 262
2 18 65 40.999 -105.39 423.58 311.65 308.04 360 6 262
2 18 65 41.08 -105.52 422.5 309.92 320.58 360 6 262
2 18 65 41.144 -105.63 423.5 307.62 330.12 360 6 262
2 18 65 41.219 -105.78 423.23 304.23 338.92 360 6 262
2 18 65 41.278 -105.91 423.46 301.23 346.31 360 6 262
2 18 65 41.337 -106.05 420.92 300.46 352.85 360 6 262
2 18 65 41.395 -106.18 420.62 299.62 357.85 360 6 262
2 18 65 41.451 -106.31 419.69 299.69 361 360 6 262
2 18 65 41.513 -106.45 418.15 299.31 363.92 360 6 262
2 18 65 41.571 -106.58 416.54 299.54 365.38 360 6 262
2 18 65 41.628 -106.72 415.77 299.31 365.92 360 6 262
2 18 65 41.681 -106.84 415.46 299.54 366.15 360 6 262
2 18 65 41.741 -106.98 415.92 299.12 366.15 360 6 262
2 18 65 41.796 -107.11 414.15 299 366.15 360 6 262
2 18 65 41.855 -107.25 413.15 298.85 366.08 360 6 262
2 18 65 41.911 -107.39 413.62 299.15 366.15 360 6 262
2 18 65 41.967 -107.52 413.85 298.92 366.15 360 5 211
2 18 65 42.021 -107.65 413.85 299.08 366.15 360 5 211
2 18 65 42.078 -107.78 415.31 299.08 366.08 360 5 211
2 18 65 42.138 -107.93 417.15 299.08 366.15 360 5 211
2 18 65 42.191 -108.05 417.08 299.08 366.15 360 5 211
2 18 65 42.241 -108.18 419.23 298.85 366.15 360 5 211
2 18 65 42.304 -108.33 420.19 298.77 366.15 360 5 211
2 18 65 42.347 -108.43 420.85 298.77 366.15 360 5 211
2 18 65 42.407 -108.58 421.85 298.81 366.15 360 5 211
2 18 65 42.459 -108.71 423.25 296.94 366.15 360 5 211
2 18 65 42.514 -108.84 424.54 298.58 366.15 360 5 211
2 18 65 42.572 -108.99 424.38 298.35 366.15 360 5 223
2 18 65 42.627 -109.13 423.42 298.19 366.15 360 5 223
2 18 65 42.677 -109.25 423.15 298.12 366.15 360 5 223
2 18 65 42.731 -109.4 423.69 297.77 366.5 360 5 223
2 18 65 42.79 -109.55 424.15 297.62 367.31 360 5 223
2 18 65 42.835 -109.66 422.46 297.54 367.69 360 5 223
2 18 65 42.89 -109.8 422.46 297.46 367.69 360 5 223
2 18 65 42.938 -109.93 422.92 297.46 367.69 360 5 223
2 18 65 42.985 -110.05 423.12 297.54 367.69 360 5 223
2 18 65 43.042 -110.2 423.73 298.69 367.69 360 5 223
2 18 65 43.087 -110.32 425.15 297.35 367.69 360 5 223
2 18 65 43.142 -110.46 426 297.15 367.69 360 5 223
2 18 65 43.204 -110.6 426 301.12 367.69 360 5 223
2 18 65 43.252 -110.75 426.31 298.27 367.69 360 5 223
2 18 65 43.309 -110.9 427.19 297.08 367.65 360 5 223
2 18 65 43.371 -111.06 427.62 297.15 367.62 360 5 219
2 18 65 43.426 -111.21 426.92 297.15 369.15 360 5 219
2 18 65 43.477 -111.34 425.92 297.23 369.15 360 5 219
2 18 65 43.524 -111.47 425.46 297.23 369.23 360 5 219
2 18 65 43.58 -111.62 426.46 297 369.23 360 5 219
2 18 65 43.636 -111.77 426.69 296.92 369.23 360 5 219
2 18 65 43.692 -111.92 425.54 296.92 369.23 360 5 219
2 18 65 43.748 -112.07 425.38 296.92 369.23 360 5 219
2 18 65 43.802 -112.21 425.69 296.85 369.23 360 5 219
2 18 65 43.856 -112.36 426.62 296.62 369.23 360 5 219
2 18 65 43.91 -112.51 427.15 296.62 369.23 360 5 219
2 18 65 43.967 -112.67 427 296.38 369.23 360 5 219
2 18 65 44.015 -112.8 426.85 296.23 369.23 360 5 219
2 18 65 44.069 -112.95 426.46 296.31 369.23 360 5 219
2 18 65 44.127 -113.11 426.54 296.23 369.23 360 5 225
2 18 65 44.172 -113.24 427.08 296.31 369.23 360 5 225
2 18 65 44.229 -113.4 426.31 296.46 369.23 360 5 225
2 18 65 44.28 -113.54 426 296.31 369.15 360 5 225
2 18 65 44.333 -113.68 426.27 296.15 369.23 360 5 225
2 18 65 44.39 -113.85 426.15 296.12 369.23 360 5 225
2 18 65 44.435 -113.97 426.81 295.88 369.23 360 5 225
2 18 65 44.486 -114.12 427 295.85 369.15 360 5 225
2 18 65 44.539 -114.27 427.77 296.15 369.23 360 5 213
2 18 65 44.597 -114.43 428.46 296.04 369.23 360 5 213
2 18 65 44.645 -114.57 428.27 295.88 369.23 360 5 213
2 18 65 44.699 -114.72 428.92 295.54 369.23 360 5 213
2 18 65 44.75 -114.87 428.65 296.15 369.23 360 5 213
2 18 65 44.798 -115 428.88 296.08 369.23 360 5 213
2 18 65 44.847 -115.14 429.54 295.85 369.31 360 5 213
2 18 65 44.904 -115.3 429.88 295.81 369.31 360 5 213
2 18 65 44.956 -115.45 429.92 295.73 369.23 360 5 213
2 18 65 45.01 -115.61 430.15 295.62 369.23 360 5 213
2 18 65 45.059 -115.75 429.31 295.62 369.23 360 5 213
2 18 65 45.11 -115.9 429.08 295.46 369.23 360 5 213
2 18 65 45.16 -116.05 428.77 295.15 369.23 360 5 213
2 18 65 45.213 -116.2 429.23 281.31 369.38 360 5 213
2 18 65 45.268 -116.37 428.38 295 369.92 360 5 213
2 18 65 45.316 -116.51 427.85 295.08 369.62 360 3 133
2 18 65 45.369 -116.67 427 294.92 370 360 3 133
2 18 65 45.419 -116.82 426.5 295 370 360 3 133
2 18 65 45.467 -116.96 427 295.15 370 360 3 133
2 18 65 45.517 -117.11 426.85 295.35 370 360 3 133
2 18 65 45.569 -117.26 427.23 295.08 369.92 360 3 133
2 18 65 45.618 -117.41 427.08 295.08 370 360 3 134
2 18 65 45.67 -117.57 426.92 295.08 369.92 360 3 134
2 18 65 45.72 -117.71 427.31 294.77 369.92 360 3 134
2 18 65 45.766 -117.86 427.62 294.85 370 360 3 134
2 18 65 45.819 -118.02 426.31 294.77 369.85 360 3 134
2 18 65 45.876 -118.19 424.77 294.69 369.85 360 3 134
2 18 65 45.914 -118.31 424.38 294.31 369.85 360 3 134
2 18 65 45.958 -118.46 423.23 293.77 370 360 3 134
2 18 65 46.011 -118.62 424.88 293.54 369.92 360 3 134
2 18 65 46.051 -118.75 425.88 293.27 369.92 360 3 134
2 18 65 46.1 -118.91 425.38 293.88 370 360 3 134
2 18 65 46.152 -119.08 426.23 294.85 370 360 3 134
2 18 65 46.191 -119.22 426.23 293.85 370 360 3 134
2 18 65 46.238 -119.37 426.46 293 370 360 3 134
2 18 65 46.284 -119.53 426.15 293.38 369.85 360 3 134
2 18 65 46.324 -119.68 426.62 293.38 367.62 360 3 134
2 18 65 46.376 -119.86 428.38 291.77 364 360 3 134
2 18 65 46.422 -120.01 428.77 291.31 352.92 360 3 134
2 18 65 46.477 -120.17 428.62 292.62 339.46 360 3 134
2 18 65 46.536 -120.32 434.08 294.85 322.15 360 3 134
2 18 65 46.598 -120.47 432.38 297.85 301.15 360 3 134
2 18 65 46.662 -120.62 427 299.77 282.85 360 3 148
2 18 65 46.724 -120.75 422.38 301.46 266.54 360 3 148
2 18 65 46.78 -120.88 415.92 302.15 243.38 360 3 148
2 18 65 46.844 -121.02 406 303 223.54 360 3 148
2 18 65 46.904 -121.15 393.92 303.23 201.23 360 3 148
2 18 65 46.974 -121.3 369.69 303.54 179 360 3 148
2 18 65 47.032 -121.43 353.85 303.15 162.85 360 3 148
2 18 65 47.071 -121.51 340.69 303.15 150.46 360 3 148
2 18 65 47.132 -121.64 330.31 304.15 135.46 360 3 148
2 18 65 47.18 -121.76 314.15 300.54 121.85 360 3 148
2 18 65 47.227 -121.87 300.62 298.27 111.77 380 3 114
2 18 65 47.256 -121.94 295 298.23 105.38 360 3 114
2 18 65 47.28 -122.04 286.85 293.85 91.692 360 3 114
2 18 65 47.303 -122.09 277 262.31 78.846 360 3 114
2 18 65 47.333 -122.16 263.85 237.92 64.308 360 3 114
2 18 65 47.367 -122.22 251.54 310.46 54.231 360 3 114
2 18 65 47.391 -122.28 230.69 275.38 45 360 3 114
2 18 65 47.426 -122.3 207 243.77 35 360 3 114
2 18 65 47.43 -122.31 200.62 213.46 25.154 360 3 114
2 18 65 47.438 -122.31 184 156.92 18.462 360 3 114
2 18 65 47.452 -122.31 150.23 96.385 9.6923 360 3 114
2 18 65 47.451 -122.31 147.38 124.54 5.0769 360 3 114
