1 18 71 39.911 -104.72 214 0 69.5 390 6 233
1 18 71 39.888 -104.8 266.5 313.25 87.75 390 6 233
1 18 71 39.848 -104.89 304 239 108.5 390 6 233
1 18 71 39.829 -104.97 319 242.5 128.25 390 6 233
1 18 71 39.798 -105.09 338.25 246.75 160.75 390 6 233
1 18 71 39.764 -105.2 346.25 247 176.5 390 6 233
1 18 71 39.738 -105.29 368.5 250 199.75 390 6 233
1 18 71 39.695 -105.41 368.75 248 221 390 6 233
1 18 71 39.651 -105.53 378.75 247.5 239.25 380 6 233
1 18 71 39.598 -105.66 400.25 246.25 255.25 380 6 249
1 18 71 39.547 -105.81 416.5 243.5 274.75 380 6 249
1 18 71 39.498 -105.95 423.25 243.25 293.75 380 6 277
1 18 71 39.45 -106.09 430.5 246 311.5 380 6 277
1 18 71 39.4 -106.25 433.75 246.5 330 380 6 277
1 18 71 39.353 -106.39 435.25 246.5 345.5 380 6 277
1 18 71 39.302 -106.54 434 246 360.25 380 6 277
1 18 71 39.254 -106.66 432.88 245.88 371 380 6 277
1 18 71 39.193 -106.78 429.5 245.62 375.5 380 6 277
1 18 71 39.124 -106.89 431.75 240.88 378.25 400 6 278
1 18 71 39.047 -107.02 434 235.25 383.5 400 6 278
1 18 71 38.969 -107.14 430.5 230.75 388.25 400 6 278
1 18 71 38.89 -107.27 426.5 230 391.5 400 6 253
1 18 71 38.815 -107.38 425 230 394 400 6 253
1 18 71 38.751 -107.48 427 230 395 400 6 253
1 18 71 38.676 -107.6 428 229.75 395 400 6 253
1 18 71 38.597 -107.72 429.25 229.75 395 400 6 253
1 18 71 38.511 -107.85 427.75 229.5 395 400 6 253
1 18 71 38.432 -107.97 427.5 229 395 400 6 253
1 18 71 38.376 -108.05 428.25 229.25 395 400 6 253
1 18 71 38.298 -108.17 422.5 229.25 395 400 6 254
1 18 71 38.223 -108.28 420.75 229.75 395 400 6 254
1 18 71 38.144 -108.4 420.5 229.5 395 400 6 254
1 18 71 38.065 -108.52 421.5 229 395 400 6 254
1 18 71 37.986 -108.63 418.25 229 395 400 6 254
1 18 71 37.906 -108.75 418 228.5 395 400 6 254
1 18 71 37.827 -108.87 419.75 228.25 395 400 6 254
1 18 71 37.771 -108.94 423.5 228.75 395 400 6 254
1 18 71 37.688 -109.06 425.25 229 395 400 6 254
1 18 71 37.613 -109.18 425.5 229 395 400 6 269
1 18 71 37.532 -109.29 424.75 229.5 395.25 400 6 269
1 18 71 37.456 -109.4 426.5 228.25 395 400 6 269
1 18 71 37.374 -109.52 427.12 228 395 400 6 269
1 18 71 37.286 -109.64 427.75 228.5 395 400 6 269
1 18 71 37.233 -109.72 427.25 227.25 395 400 6 269
1 18 71 37.153 -109.83 424.75 228 395 400 6 269
1 18 71 37.072 -109.95 423.75 228.25 395 400 6 269
1 18 71 36.987 -110.07 423.5 228.25 395 400 6 269
1 18 71 36.921 -110.16 422.75 227.5 395 400 6 269
1 18 71 36.832 -110.28 424.75 228.25 395 400 6 269
1 18 71 36.746 -110.41 424.25 227.75 395 400 6 269
1 18 71 36.667 -110.52 424.75 228 395 400 6 269
1 18 71 36.589 -110.64 429.25 229.5 395 400 6 269
1 18 71 36.515 -110.75 427 231.5 395 400 6 269
1 18 71 36.435 -110.88 427.75 230 395 400 6 269
1 18 71 36.382 -110.96 427.5 230.5 395 400 6 269
1 18 71 36.315 -111.07 427.75 231 395 400 6 269
1 18 71 36.23 -111.19 426.75 230.25 395 400 6 269
1 18 71 36.175 -111.28 424 231.25 395 400 6 269
1 18 71 36.103 -111.43 420.12 236.75 395 400 6 269
1 18 71 36.069 -111.51 419.38 241.75 395 400 6 269
1 18 71 36.016 -111.64 418.62 242.25 395 400 6 269
1 18 71 35.951 -111.78 419 242.25 395 400 1 45
1 18 71 35.894 -111.92 419.25 242 395 400 1 45
1 18 71 35.845 -112.04 418.25 242.25 395 400 1 45
1 18 71 35.785 -112.18 417.5 241.75 395 400 1 45
1 18 71 35.73 -112.3 419.25 241.75 395 400 1 45
1 18 71 35.673 -112.44 422.5 242 395 400 1 45
1 18 71 35.615 -112.57 422.75 242.25 395 400 1 45
1 18 71 35.561 -112.7 421.25 242 395 400 1 45
1 18 71 35.502 -112.83 421.5 241.25 395 400 1 45
1 18 71 35.446 -112.96 421.25 241.5 395 400 1 45
1 18 71 35.406 -113.05 418.25 241.5 395 400 1 45
1 18 71 35.353 -113.17 418.62 241.25 395 400 1 45
1 18 71 35.327 -113.23 422.38 241.25 395 400 1 45
1 18 71 35.256 -113.39 419.88 241.25 395 400 1 45
1 18 71 35.191 -113.53 419.75 241.25 395 400 1 45
1 18 71 35.135 -113.67 419.75 241 395 400 1 45
1 18 71 35.089 -113.77 420.5 241 395 400 1 45
1 18 71 35.03 -113.9 420.25 241 395 400 1 45
1 18 71 34.974 -114.02 420.25 240.5 395 400 1 45
1 18 71 34.942 -114.09 421 241.25 395 400 1 45
1 18 71 34.855 -114.29 424.25 240.25 391.75 400 1 45
1 18 71 34.797 -114.41 427.5 240.25 389.25 400 1 45
1 18 71 34.75 -114.52 428 240.25 386.25 400 1 45
1 18 71 34.703 -114.61 428 240.25 386.25 400 1 45
1 18 71 34.648 -114.74 426.75 240.25 385 400 1 42
1 18 71 34.59 -114.87 425.5 240.75 382.75 400 1 42
1 18 71 34.528 -115 425.5 241.25 380 300 1 42
1 18 71 34.46 -115.16 426.75 240.5 370.75 240 1 42
1 18 71 34.424 -115.26 426.5 242 360.5 240 1 42
1 18 71 34.371 -115.4 427.5 243.75 352.75 240 1 42
1 18 71 34.318 -115.53 428.25 244 331 240 1 42
1 18 71 34.263 -115.66 429.5 243.5 318.5 240 1 42
1 18 71 34.206 -115.8 429.25 243.75 308 240 1 42
1 18 71 34.154 -115.93 436 244 295.5 240 1 42
1 18 71 34.102 -116.06 429.25 244 282 240 1 42
1 18 71 34.064 -116.16 428 243.5 267 140 1 42
1 18 71 34.009 -116.29 426.25 243.75 246.5 140 1 42
1 18 71 33.968 -116.42 419.75 243.25 228 140 1 20
1 18 71 33.942 -116.56 410.25 250.5 193.25 140 1 20
1 18 71 33.922 -116.7 385.5 257.5 167.5 140 1 20
1 18 71 33.898 -116.83 366.75 258 146.75 140 1 20
1 18 71 33.875 -116.93 360.25 255.5 133.5 140 1 6
1 18 71 33.849 -117.04 347.5 253.75 123.5 140 1 6
1 18 71 33.83 -117.16 326.5 256.25 111.25 140 1 6
1 18 71 33.812 -117.28 305.5 258.75 99.25 140 1 6
1 18 71 33.802 -117.35 291.5 261.75 91.75 140 1 6
1 18 71 33.787 -117.46 276 258.5 82 140 1 6
1 18 71 33.783 -117.53 252.5 262 74.25 140 1 6
1 18 71 33.791 -117.62 236.75 269.5 72 140 1 2
1 18 71 33.816 -117.67 229.5 290.25 61.25 140 1 2
1 18 71 33.822 -117.74 198 291 49 140 1 2
1 18 71 33.798 -117.77 182.5 242.25 36 140 1 2
1 18 71 33.764 -117.81 157 225.25 23.75 140 1 2
1 18 71 33.738 -117.83 148.25 217.5 13.25 140 1 2
1 18 71 33.705 -117.85 130.75 207.25 5.75 140 1 2
1 18 71 33.675 -117.86 144.25 203.5 1.75 140 1 2
2 18 71 39.843 -104.68 199 0 68.444 380 6 233
2 18 71 39.834 -104.76 253.89 203.33 85.333 380 6 233
2 18 71 39.829 -104.86 293.44 264.33 105.56 380 6 233
2 18 71 39.823 -104.95 315.56 267.22 127.89 380 6 233
2 18 71 39.81 -105.04 321.89 263.11 148.11 380 6 233
2 18 71 39.782 -105.16 334.11 253 169 380 6 233
2 18 71 39.75 -105.26 349 250.67 187.78 380 6 233
2 18 71 39.708 -105.38 355.78 247 205.56 380 6 233
2 18 71 39.67 -105.49 367.89 246.11 228.22 380 6 233
2 18 71 39.617 -105.63 383.78 245.22 248.56 380 6 249
2 18 71 39.57 -105.76 395.22 243 265.22 380 6 249
2 18 71 39.524 -105.9 403.22 243.44 281.11 380 6 277
2 18 71 39.478 -106.03 409.56 245.78 295.33 380 6 277
2 18 71 39.434 -106.16 421.11 246 309.78 380 6 277
2 18 71 39.379 -106.33 426.44 245.67 327.44 380 6 277
2 18 71 39.332 -106.47 427.89 245.89 339.33 380 6 277
2 18 71 39.284 -106.59 429.78 244.56 349.56 380 6 277
2 18 71 39.224 -106.73 430 244.56 360.67 380 6 277
2 18 71 39.154 -106.86 429.67 241.33 367 380 6 278
2 18 71 39.085 -106.98 430.61 236.83 369.33 380 6 278
2 18 71 39.021 -107.08 432.94 233.67 371.56 380 6 278
2 18 71 38.951 -107.2 427.61 232.72 372.56 380 6 278
2 18 71 38.868 -107.35 426.67 232.56 373.56 380 6 253
2 18 71 38.801 -107.47 427.22 233.11 375.44 380 6 253
2 18 71 38.731 -107.59 428.11 233.56 376.78 380 6 253
2 18 71 38.666 -107.7 429.22 233.56 377.33 380 6 253
2 18 71 38.58 -107.85 429 233.22 378 380 6 253
2 18 71 38.512 -107.96 431.44 231.78 378 380 6 253
2 18 71 38.441 -108.09 429.56 232.56 379.56 380 6 253
2 18 71 38.369 -108.22 429.33 233.33 379.89 380 6 254
2 18 71 38.305 -108.31 428.33 226.11 379.89 380 6 254
2 18 71 38.237 -108.43 427.44 228.78 379.89 380 6 254
2 18 71 38.168 -108.56 425.33 232.61 380 380 6 254
2 18 71 38.118 -108.65 424.28 234.56 380 380 6 254
2 18 71 38.055 -108.78 423.67 234.56 380 380 6 254
2 18 71 37.995 -108.9 422.56 235.22 380 380 6 254
2 18 71 37.926 -109.03 424.89 235.78 380 380 6 254
2 18 71 37.854 -109.16 428.33 236.67 380 380 6 269
2 18 71 37.785 -109.29 426.56 235.33 380 380 6 269
2 18 71 37.724 -109.4 426.78 233.67 380 380 6 269
2 18 71 37.645 -109.53 427.11 234 380 380 6 269
2 18 71 37.582 -109.65 426.78 234.11 380 380 6 269
2 18 71 37.52 -109.76 425.33 234 380 380 6 269
2 18 71 37.444 -109.89 427 234.11 380 380 6 269
2 18 71 37.383 -110.01 427.11 234.78 380 380 6 269
2 18 71 37.317 -110.13 424.67 234.67 380 380 6 269
2 18 71 37.238 -110.27 425.44 235.44 380 380 6 269
2 18 71 37.176 -110.38 425.22 234.89 380 380 6 269
2 18 71 37.113 -110.5 426 234.89 380 380 6 269
2 18 71 37.044 -110.62 424.78 234.89 380 380 6 269
2 18 71 36.979 -110.74 426.33 234.44 380 380 6 269
2 18 71 36.908 -110.87 426.44 234.22 380 380 6 269
2 18 71 36.841 -110.99 427.44 234.44 380 380 6 269
2 18 71 36.772 -111.11 425.78 234.33 379.89 380 6 269
2 18 71 36.691 -111.25 426.11 234.89 379.89 380 6 269
2 18 71 36.627 -111.36 424.33 234.22 379.89 380 6 269
2 18 71 36.561 -111.48 424.11 234.11 380 380 6 269
2 18 71 36.493 -111.6 424.44 234.11 380 380 1 45
2 18 71 36.431 -111.71 424.33 234.78 380 380 1 45
2 18 71 36.352 -111.85 423.56 234.44 380.22 380 1 45
2 18 71 36.285 -111.97 424.22 235 382 380 1 45
2 18 71 36.223 -112.08 423.44 235 382.22 380 1 45
2 18 71 36.152 -112.21 422.44 234.89 382.22 380 1 45
2 18 71 36.093 -112.32 422.33 234.89 382.22 380 1 45
2 18 71 36.033 -112.43 422.11 235.11 382.22 380 1 45
2 18 71 35.966 -112.54 423.22 235.11 382.22 380 1 45
2 18 71 35.889 -112.68 424.11 233.78 382.11 380 1 45
2 18 71 35.831 -112.78 425.44 234.11 383.22 380 1 45
2 18 71 35.77 -112.89 424 234.44 383.33 380 1 45
2 18 71 35.689 -113.02 424.11 233.44 383.33 380 1 45
2 18 71 35.638 -113.12 425.56 234.11 382.89 380 1 45
2 18 71 35.567 -113.24 426.11 234.56 382.11 380 1 45
2 18 71 35.497 -113.36 426.22 233.89 382.11 380 1 45
2 18 71 35.424 -113.49 426.67 234.33 382.22 380 1 45
2 18 71 35.354 -113.61 426.44 234 382.11 380 1 45
2 18 71 35.292 -113.71 426.33 233.89 382.11 380 1 45
2 18 71 35.22 -113.83 426.33 233.89 382 380 1 45
2 18 71 35.139 -113.97 425.11 233.78 382 380 1 45
2 18 71 35.073 -114.08 426.33 233.56 379.33 380 1 45
2 18 71 35.009 -114.19 426.22 233.44 378.33 380 1 45
2 18 71 34.939 -114.31 426.11 233.78 375.78 380 1 45
2 18 71 34.881 -114.42 424.89 234.56 373.56 380 1 45
2 18 71 34.818 -114.54 426.11 233.44 372.11 380 1 45
2 18 71 34.756 -114.67 425.78 237.33 370.78 380 1 45
2 18 71 34.701 -114.78 424.67 238.11 369.56 380 1 45
2 18 71 34.637 -114.93 427.11 239.33 364 380 1 42
2 18 71 34.592 -115.05 427.56 240.67 358 380 1 42
2 18 71 34.536 -115.18 430.11 241.89 349.67 380 1 42
2 18 71 34.485 -115.31 431.61 243.5 342.44 380 1 42
2 18 71 34.44 -115.42 434.22 242.67 334.11 380 1 42
2 18 71 34.389 -115.56 434.11 244.06 320.44 380 1 42
2 18 71 34.343 -115.68 430.67 244.44 308.89 380 1 42
2 18 71 34.288 -115.83 429.67 245 296.33 380 1 42
2 18 71 34.245 -115.93 428.11 242.22 285.67 380 1 42
2 18 71 34.198 -116.06 424.22 244.56 267.44 240 1 42
2 18 71 34.141 -116.21 420.33 244.11 254.44 240 1 42
2 18 71 34.096 -116.33 415.89 244.67 236.33 140 1 42
2 18 71 34.047 -116.46 407.22 243.56 214.11 140 1 20
2 18 71 33.995 -116.6 399.22 243.22 185.78 140 1 20
2 18 71 33.948 -116.73 386.89 245.22 162.33 140 1 20
2 18 71 33.918 -116.82 373.78 246.33 147.22 140 1 20
2 18 71 33.889 -116.95 357.44 250.33 133.89 140 1 20
2 18 71 33.865 -117.05 349 257.89 124.78 140 1 6
2 18 71 33.841 -117.16 333.56 254.11 111.11 140 1 6
2 18 71 33.822 -117.25 317 254.44 101.44 140 1 6
2 18 71 33.801 -117.35 287.89 254.67 90.111 140 1 6
2 18 71 33.787 -117.44 270.89 257.22 83.333 140 1 6
2 18 71 33.783 -117.52 247.89 265.33 77.111 140 1 6
2 18 71 33.785 -117.59 233.56 267.44 71.444 140 1 6
2 18 71 33.799 -117.67 217 278.22 58.667 140 1 2
2 18 71 33.804 -117.73 203 278.56 44.556 140 1 2
2 18 71 33.784 -117.78 181.22 255 30.444 140 1 2
2 18 71 33.758 -117.82 164.33 231.33 18.556 140 1 2
2 18 71 33.72 -117.84 147.89 213 9.6667 140 1 2
2 18 71 33.695 -117.86 140.56 203.22 4.2222 140 1 2
2 18 71 33.666 -117.87 139.22 206.44 43.778 140 1 2
