1 18 70 39.875 -104.72 222.5 0 71.5 270 6 233
1 18 70 39.892 -104.8 277 281 91.5 270 6 233
1 18 70 39.909 -104.9 306.5 284 101 270 6 233
1 18 70 39.922 -105.06 341.5 277.5 138.5 270 6 233
1 18 70 39.931 -105.12 340 279 153 270 6 233
1 18 70 39.946 -105.28 337 278 179.5 270 6 233
1 18 70 39.954 -105.35 354 279.5 188.5 360 6 233
1 18 70 39.961 -105.48 362 276.5 210 360 6 233
1 18 70 39.967 -105.61 364 274 230 360 6 233
1 18 70 39.973 -105.75 377.5 274 245.5 360 6 249
1 18 70 39.974 -105.91 400 273 262 360 6 249
1 18 70 39.983 -106.06 407.5 271.5 277.5 360 6 277
1 18 70 39.99 -106.22 416.5 274.5 291.5 360 6 277
1 18 70 39.999 -106.37 419.5 273 306.5 360 6 277
1 18 70 40.007 -106.53 425 273.5 322 360 6 277
1 18 70 40.016 -106.69 422.5 273.5 338.5 360 6 277
1 18 70 40.023 -106.84 418.5 272 350.5 360 6 277
1 18 70 40.028 -106.98 417 273.5 360 360 6 277
1 18 70 40.041 -107.13 410 274.5 360 360 6 279
1 18 70 40.061 -107.3 414.5 278 360 360 6 279
1 18 70 40.078 -107.44 415 278 360 360 6 279
1 18 70 40.096 -107.6 416 279 360 360 6 279
1 18 70 40.112 -107.73 413 278 360 360 6 279
1 18 70 40.13 -107.91 415.5 277.5 360 360 6 279
1 18 70 40.152 -108.06 416.5 280 360 360 6 279
1 18 70 40.18 -108.2 414.5 285 360 360 6 279
1 18 70 40.21 -108.36 413.5 283.5 360 360 6 274
1 18 70 40.237 -108.5 416 283.5 360 360 6 274
1 18 70 40.267 -108.66 416 284.5 360 360 6 274
1 18 70 40.293 -108.8 417 283 360 360 6 274
1 18 70 40.324 -108.95 417 283.5 360 360 6 274
1 18 70 40.35 -109.1 417.5 283 360 360 5 210
1 18 70 40.376 -109.24 416 283 360 360 5 210
1 18 70 40.386 -109.39 418.5 282 360 360 5 210
1 18 70 40.398 -109.55 420 274.5 360 360 5 210
1 18 70 40.405 -109.72 421.5 274.5 360 360 5 210
1 18 70 40.415 -109.86 422 274.5 360 360 5 210
1 18 70 40.423 -110 423 274 360 360 5 210
1 18 70 40.43 -110.17 423 274 360 360 5 210
1 18 70 40.439 -110.31 423 274 360 360 5 210
1 18 70 40.448 -110.47 423 274 360 360 5 209
1 18 70 40.46 -110.55 423 274 360 360 5 209
1 18 70 40.45 -110.67 425.75 269.5 360 360 5 209
1 18 70 40.436 -110.84 425.5 269 360 360 5 209
1 18 70 40.422 -110.98 425 264 360 360 5 209
1 18 70 40.408 -111.11 425 262.88 360 360 5 209
1 18 70 40.395 -111.25 425 262.12 360 360 5 209
1 18 70 40.373 -111.46 425.5 262.5 360 360 5 209
1 18 70 40.358 -111.62 425.75 262.25 360 360 5 209
1 18 70 40.344 -111.72 425.5 261.5 360 360 5 209
1 18 70 40.325 -111.88 426 261 360 360 5 209
1 18 70 40.307 -112.03 432.5 260.5 360 360 5 209
1 18 70 40.288 -112.18 424 260.5 359.5 360 5 209
1 18 70 40.27 -112.34 426.5 261 360 360 5 209
1 18 70 40.251 -112.49 428.5 261 360 360 5 209
1 18 70 40.228 -112.68 431.5 260.5 360 360 5 200
1 18 70 40.209 -112.84 433.5 261 360.5 360 5 200
1 18 70 40.189 -112.98 430.5 260.5 360 360 5 200
1 18 70 40.168 -113.14 430.5 260 360 360 5 200
1 18 70 40.148 -113.29 428 260 360 360 5 200
1 18 70 40.127 -113.44 428.5 260.5 360 360 5 200
1 18 70 40.106 -113.6 429 259.5 360 360 5 200
1 18 70 40.087 -113.75 427 259.5 360 360 5 200
1 18 70 40.063 -113.92 426 260.5 360 360 5 200
1 18 70 40.042 -114.07 427.5 259.5 360 360 5 200
1 18 70 40.019 -114.25 429 259.5 360 360 5 200
1 18 70 39.997 -114.4 429.5 259.5 360 360 5 200
1 18 70 39.974 -114.56 432 259.5 360.5 360 5 208
1 18 70 39.953 -114.71 434.5 259.5 360 360 5 208
1 18 70 39.93 -114.86 435.5 259 360 360 5 208
1 18 70 39.912 -114.99 435.25 259.25 360 360 5 208
1 18 70 39.893 -115.11 434.5 259.5 360 360 5 208
1 18 70 39.874 -115.25 433.5 259.25 360 360 5 208
1 18 70 39.848 -115.42 430.5 259 360 360 5 208
1 18 70 39.829 -115.54 431 258.5 360 360 5 208
1 18 70 39.803 -115.72 429.5 258.5 360 360 5 208
1 18 70 39.777 -115.88 427.5 258.5 360 360 5 208
1 18 70 39.757 -116.01 427.5 258 360 360 5 208
1 18 70 39.73 -116.18 427 258.5 360 360 5 208
1 18 70 39.706 -116.33 427.75 257.5 360 360 5 208
1 18 70 39.675 -116.53 426.5 258 360 360 5 208
1 18 70 39.649 -116.69 427 257.5 360 360 5 208
1 18 70 39.623 -116.84 427 257 360 360 5 208
1 18 70 39.599 -116.98 427 257.5 360 360 5 208
1 18 70 39.572 -117.16 428 257.5 360 360 5 208
1 18 70 39.556 -117.27 428.5 257.5 358.75 354 4 181
1 18 70 39.53 -117.44 427.75 259.25 354.75 345 4 181
1 18 70 39.51 -117.58 425 260.5 350 335 4 181
1 18 70 39.493 -117.7 425.25 260 348.75 335 4 181
1 18 70 39.475 -117.83 424.75 259.75 344.75 324 4 181
1 18 70 39.458 -117.95 424 260 339.5 314 4 181
1 18 70 39.434 -118.13 421 259.5 337 360 4 181
1 18 70 39.414 -118.28 423.5 260 332 360 4 181
1 18 70 39.397 -118.41 423 259.5 330 360 4 181
1 18 70 39.373 -118.57 447.5 259 330 360 4 181
1 18 70 39.352 -118.75 439 258.5 330 360 4 181
1 18 70 39.331 -118.88 432 259.5 326 360 4 181
1 18 70 39.309 -119.03 431 259 321 360 4 181
1 18 70 39.287 -119.19 428.5 259 319.5 160 4 181
1 18 70 39.266 -119.34 431.5 259 314 160 4 181
1 18 70 39.244 -119.5 431.5 259 305.5 160 4 181
1 18 70 39.221 -119.65 436 259.5 292 160 4 181
1 18 70 39.212 -119.73 434.5 259 287 160 4 181
1 18 70 39.175 -119.96 426 258.5 258 160 4 181
1 18 70 39.154 -120.09 418 258.5 244.5 160 4 162
1 18 70 39.129 -120.25 417.5 258.5 229.5 160 4 162
1 18 70 39.11 -120.33 420.5 258 205 160 4 162
1 18 70 39.092 -120.47 424.5 257 187.5 160 4 162
1 18 70 39.066 -120.62 406.5 256 167 160 4 162
1 18 70 39.041 -120.75 384 255.5 141.5 160 4 162
1 18 70 39.009 -120.91 382.5 255 113 160 4 175
1 18 70 38.973 -121.07 326 255 99.5 160 4 175
1 18 70 38.947 -121.17 296 253 86.5 160 4 153
1 18 70 38.928 -121.23 285.5 248.5 75 160 4 153
1 18 70 38.908 -121.32 280.5 253 58.5 160 4 153
1 18 70 38.883 -121.4 266 251 47 160 4 153
1 18 70 38.858 -121.47 259.5 247.5 33.5 160 4 153
1 18 70 38.816 -121.53 215 231 28.5 160 4 153
1 18 70 38.784 -121.58 177.5 230 20.5 160 4 153
1 18 70 38.742 -121.58 150 190 7.5 160 4 153
1 18 70 38.713 -121.58 158.5 180 3 160 4 153
2 18 70 39.867 -104.7 203 0 70.833 380 6 233
2 18 70 39.886 -104.78 252 276.17 91 380 6 233
2 18 70 39.903 -104.87 292.83 272 104.33 380 6 233
2 18 70 39.92 -104.97 312.67 283.67 118.83 380 6 233
2 18 70 39.923 -105.07 316.17 277 142.83 380 6 233
2 18 70 39.931 -105.17 334.17 277.17 161 380 6 233
2 18 70 39.94 -105.3 352.33 273.17 183.33 380 6 233
2 18 70 39.947 -105.42 364.33 273 202.67 380 6 233
2 18 70 39.957 -105.56 377.5 272.67 223.33 380 6 233
2 18 70 39.964 -105.71 394.83 274.33 242.5 380 6 249
2 18 70 39.971 -105.87 408 273.83 259.33 380 6 277
2 18 70 39.979 -106.02 412.33 272.83 273.67 380 6 277
2 18 70 39.991 -106.18 418.17 274.83 287.67 380 6 277
2 18 70 40.002 -106.34 422.33 274.5 305.5 380 6 277
2 18 70 40.012 -106.48 423.5 273.83 318.5 380 6 277
2 18 70 40.026 -106.66 423.83 275 330 380 6 277
2 18 70 40.036 -106.8 423.33 276 338.33 380 6 277
2 18 70 40.05 -106.97 422 275.17 343.83 380 6 279
2 18 70 40.064 -107.12 422.17 276.5 347.17 380 6 279
2 18 70 40.08 -107.27 421.5 277 349.83 380 6 279
2 18 70 40.096 -107.43 421.17 277.5 352.17 380 6 279
2 18 70 40.115 -107.58 421.17 278 355 380 6 279
2 18 70 40.134 -107.73 421.83 279.5 357 380 6 279
2 18 70 40.157 -107.88 420.5 279.33 359 380 6 279
2 18 70 40.183 -108.03 422.17 282.33 361.67 380 6 279
2 18 70 40.21 -108.18 422.67 282.83 363 380 6 279
2 18 70 40.236 -108.33 422 282.5 364 380 6 279
2 18 70 40.261 -108.47 422.58 282.5 364 380 6 274
2 18 70 40.285 -108.61 421.83 282.25 365.5 380 6 274
2 18 70 40.308 -108.73 422 282.25 365.5 380 6 274
2 18 70 40.34 -108.93 419.5 282.17 366.67 380 6 274
2 18 70 40.363 -109.07 420 281 366.67 380 6 274
2 18 70 40.371 -109.12 419.5 281.17 366.67 380 5 210
2 18 70 40.403 -109.32 419.33 281.17 366.67 380 5 210
2 18 70 40.423 -109.46 420.67 280.83 366.67 380 5 210
2 18 70 40.442 -109.59 420.5 280.5 366.67 380 5 210
2 18 70 40.463 -109.75 421.33 280.33 366.67 380 5 210
2 18 70 40.481 -109.91 421.5 279.17 366.67 380 5 210
2 18 70 40.501 -110.09 421.83 278.17 366.67 380 5 210
2 18 70 40.518 -110.24 422.67 278.33 366.67 380 5 210
2 18 70 40.526 -110.35 421.33 277.5 366.67 380 5 210
2 18 70 40.543 -110.52 420.67 277.67 366.67 380 5 210
2 18 70 40.561 -110.67 420.5 277.5 366.67 380 5 210
2 18 70 40.58 -110.82 419.5 282 366.67 380 5 210
2 18 70 40.599 -110.97 418.83 278.5 366.67 380 5 210
2 18 70 40.618 -111.12 418 279 366.67 380 5 210
2 18 70 40.634 -111.27 418 278.5 366.67 380 5 210
2 18 70 40.651 -111.41 417.83 278.33 366.67 380 5 210
2 18 70 40.667 -111.57 414.33 278.33 366.67 380 5 210
2 18 70 40.682 -111.72 413.92 277.67 366.67 380 5 210
2 18 70 40.696 -111.86 415.33 277.08 366.67 380 5 210
2 18 70 40.701 -112.01 421.42 276.92 366.67 380 5 210
2 18 70 40.697 -112.16 413.67 272 366.67 380 5 216
2 18 70 40.694 -112.3 413 270.5 366.67 380 5 216
2 18 70 40.692 -112.45 413.5 268.5 366.67 380 5 216
2 18 70 40.69 -112.57 414.83 268.67 366.67 380 5 216
2 18 70 40.689 -112.7 414.67 268.33 366.67 380 5 216
2 18 70 40.682 -112.89 415.33 266.67 367.17 380 5 216
2 18 70 40.673 -113.02 413.5 267.17 369 380 5 216
2 18 70 40.659 -113.19 410.83 264.83 370 380 5 216
2 18 70 40.648 -113.34 410.83 264.5 370 380 5 216
2 18 70 40.642 -113.47 411 264.5 370 380 5 216
2 18 70 40.632 -113.63 410.67 264.33 370 380 5 216
2 18 70 40.613 -113.78 409.67 259.83 370 380 5 216
2 18 70 40.616 -113.9 409.33 263.17 370 380 5 216
2 18 70 40.605 -114.04 408.58 264.17 370 380 5 216
2 18 70 40.593 -114.19 409.17 264.5 370 380 5 216
2 18 70 40.58 -114.34 408.67 263.42 370 380 5 200
2 18 70 40.566 -114.49 408.67 262.67 370 380 5 208
2 18 70 40.551 -114.64 408.33 263 370 380 5 208
2 18 70 40.538 -114.79 408 263 370 380 5 208
2 18 70 40.529 -114.92 408.33 262.5 370 380 5 208
2 18 70 40.514 -115.07 408.5 262.17 370 380 5 208
2 18 70 40.497 -115.24 408.67 261.83 370 380 5 208
2 18 70 40.481 -115.39 409.17 262.33 370 380 5 208
2 18 70 40.466 -115.55 409.83 262.33 370.17 380 5 208
2 18 70 40.451 -115.68 409.67 262 370 380 5 208
2 18 70 40.436 -115.83 410.83 262 370 380 5 208
2 18 70 40.419 -115.99 410.5 261.67 370 380 5 208
2 18 70 40.405 -116.13 410.17 261.83 370 380 5 208
2 18 70 40.387 -116.27 409.83 261.5 370 380 5 208
2 18 70 40.37 -116.44 409.67 261.67 370 380 5 208
2 18 70 40.352 -116.59 409.67 261.5 370 380 5 208
2 18 70 40.336 -116.74 409.83 261.33 370 380 5 208
2 18 70 40.318 -116.89 411.33 261.17 370 380 5 208
2 18 70 40.297 -117.01 412.5 259 370 380 5 208
2 18 70 40.264 -117.15 409.17 253.5 370 380 5 208
2 18 70 40.22 -117.31 408 252.67 370 380 5 208
2 18 70 40.197 -117.44 406.67 252.5 370 380 5 208
2 18 70 40.166 -117.56 406.83 252.5 370 380 5 208
2 18 70 40.126 -117.74 407.83 252.33 370 380 5 208
2 18 70 40.095 -117.86 408.83 252.5 370 380 5 208
2 18 70 40.061 -118 410 252.17 370 380 4 181
2 18 70 40.029 -118.14 409 252.33 370 380 4 181
2 18 70 39.989 -118.29 411.17 251.83 370 380 4 181
2 18 70 39.953 -118.41 410.5 248.83 370 380 4 181
2 18 70 39.924 -118.51 410.17 248 368.17 380 4 181
2 18 70 39.861 -118.69 409.5 247 366.5 380 4 181
2 18 70 39.814 -118.83 412.17 245.33 365.33 380 4 181
2 18 70 39.775 -118.95 412 245.5 361.67 380 4 181
2 18 70 39.715 -119.11 408.5 245.17 358.83 380 4 181
2 18 70 39.681 -119.21 407.58 244.67 354.08 380 4 181
2 18 70 39.632 -119.36 412.67 245 349 380 4 181
2 18 70 39.587 -119.49 413.5 245.33 341.83 360 4 181
2 18 70 39.541 -119.63 414 246.33 333.67 360 4 181
2 18 70 39.495 -119.77 410.17 246.67 316.67 380 4 181
2 18 70 39.443 -119.91 411.5 246.67 302.33 380 4 181
2 18 70 39.389 -120.04 410.67 245.17 281.67 380 4 181
2 18 70 39.339 -120.17 405.83 242.67 260.17 380 4 181
2 18 70 39.286 -120.3 397.17 242.17 243 380 4 162
2 18 70 39.244 -120.42 396.67 243.83 222.17 380 4 162
2 18 70 39.195 -120.55 388.33 245.83 197.5 380 4 162
2 18 70 39.148 -120.68 377.5 244.67 173.33 380 4 162
2 18 70 39.106 -120.8 368.67 245.33 152.5 380 4 162
2 18 70 39.075 -120.89 360 246.17 135.33 380 4 175
2 18 70 39.036 -121.03 325.83 250.67 113.5 380 4 175
2 18 70 39.002 -121.12 314 249 97.333 380 4 153
2 18 70 38.968 -121.24 289.33 246.5 79.333 380 4 153
2 18 70 38.946 -121.3 281.67 247.17 66.667 380 4 153
2 18 70 38.909 -121.39 269.33 243.17 50.833 380 4 153
2 18 70 38.881 -121.46 248.83 243.5 40.5 380 4 153
2 18 70 38.847 -121.52 236.67 231.83 31 380 4 153
2 18 70 38.797 -121.57 186.5 223.33 20.333 380 4 153
2 18 70 38.765 -121.59 171.83 207.33 13.333 380 4 153
2 18 70 38.727 -121.59 144.67 186.5 5.3333 380 4 153
2 18 70 38.698 -121.59 148.5 180.17 2.3333 380 4 153
