1 65 67 47.431 -122.31 161 0 13 370 3 114
1 65 67 47.401 -122.31 166 172 23 370 3 114
1 65 67 47.342 -122.31 211 214 44 370 3 114
1 65 67 47.31 -122.41 252 181 68 370 3 114
1 65 67 47.309 -122.52 262 228 95 370 3 114
1 65 67 47.312 -122.63 286 256 113 370 3 114
1 65 67 47.277 -122.75 334 260 140 370 3 114
1 65 67 47.183 -122.78 341 258 170 370 3 147
1 65 67 47.09 -122.79 350 216 192 370 3 147
1 65 67 46.987 -122.8 364 187 216 370 3 147
1 65 67 46.88 -122.82 381 185 237 370 3 147
1 65 67 46.768 -122.83 398 185 255 370 3 147
1 65 67 46.63 -122.85 413 185 274 370 3 147
1 65 67 46.51 -122.87 428 185 289 370 3 147
1 65 67 46.4 -122.94 431 185 301 370 3 147
1 65 67 46.291 -123.02 436 194 317 370 3 147
1 65 67 46.184 -123.09 435 197 335 370 3 147
1 65 67 46.061 -123.1 438 197 346 370 3 147
1 65 67 45.935 -123.1 447 193 355 370 3 136
1 65 67 45.809 -123.11 449 181 368 370 3 136
1 65 67 45.683 -123.11 449 180 370 370 3 136
1 65 67 45.558 -123.11 449 180 370 370 3 136
1 65 67 45.433 -123.11 449 180 370 370 3 136
1 65 67 45.307 -123.11 449 180 370 370 3 136
1 65 67 45.157 -123.12 447 180 370 370 3 136
1 65 67 45.032 -123.12 446 180 370 370 3 136
1 65 67 44.904 -123.12 449 181 370 370 3 136
1 65 67 44.78 -123.13 449 181 370 370 3 136
1 65 67 44.778 -123.13 450 180 370 370 3 136
1 65 67 44.65 -123.13 451 180 370 370 3 136
1 65 67 44.523 -123.13 454 181 370 370 3 136
1 65 67 44.266 -123.12 460 180 370 370 3 136
1 65 67 44.139 -123.12 460 178 370 370 3 136
1 65 67 44.136 -123.12 466 178 370 370 3 136
1 65 67 44.007 -123.12 466 178 370 370 3 136
1 65 67 43.877 -123.11 465 178 370 370 3 136
1 65 67 43.748 -123.11 465 178 370 370 3 136
1 65 67 43.618 -123.1 465 178 370 370 3 136
1 65 67 43.332 -123.09 465 178 370 370 3 140
1 65 67 43.248 -123.09 464 178 370 370 3 140
1 65 67 43.122 -123.08 459 178 370 370 3 140
1 65 67 42.968 -123.08 460 178 370 370 3 140
1 65 67 42.838 -123.07 463 178 370 370 3 140
1 65 67 42.814 -123.07 466 179 370 370 3 140
1 65 67 42.679 -123.07 466 179 370 370 3 140
1 65 67 42.55 -123.07 467 179 370 370 3 140
1 65 67 42.321 -123.06 466 178 370 370 3 140
1 65 67 42.291 -123.06 468 178 370 370 3 140
1 65 67 42.162 -123.05 468 178 370 370 3 140
1 65 67 42.032 -123.05 468 178 370 370 3 140
1 65 67 41.904 -123.05 466 179 370 370 3 140
1 65 67 41.776 -123.04 462 178 370 370 3 140
1 65 67 41.621 -123.04 464 178 370 370 3 140
1 65 67 41.519 -123.03 467 175 370 370 3 140
1 65 67 41.359 -123.01 470 175 370 370 3 140
1 65 67 41.228 -123 470 176 370 370 4 182
1 65 67 41.098 -122.99 470 175 370 370 4 182
1 65 67 40.968 -122.97 470 175 370 370 4 182
1 65 67 40.837 -122.96 469 175 370 370 4 182
1 65 67 40.715 -122.95 469 175 370 370 4 182
1 65 67 40.56 -122.93 469 175 370 370 4 182
1 65 67 40.432 -122.92 468 175 370 370 4 182
1 65 67 40.327 -122.91 468 175 370 370 4 182
1 65 67 40.188 -122.89 466 175 370 370 4 182
1 65 67 40.059 -122.88 465 175 370 370 4 182
1 65 67 39.904 -122.87 463 175 370 370 4 182
1 65 67 39.776 -122.85 461 175 370 370 4 182
1 65 67 39.665 -122.84 457 175 370 370 4 182
1 65 67 39.54 -122.83 457 175 370 370 4 182
1 65 67 39.414 -122.82 455 175 370 370 4 182
1 65 67 39.266 -122.8 448 175 370 370 4 182
1 65 67 39.155 -122.79 448 175 370 370 4 182
1 65 67 39.032 -122.78 446 175 370 370 4 182
1 65 67 38.9 -122.77 437 175 356 370 4 182
1 65 67 38.78 -122.76 434 175 328 370 4 182
1 65 67 38.657 -122.75 439 175 303 370 4 182
1 65 67 38.537 -122.73 437 175 281 370 4 182
1 65 67 38.417 -122.72 437 175 281 370 4 182
1 65 67 38.284 -122.71 412 175 234 370 4 164
1 65 67 38.174 -122.7 400 175 213 370 4 164
1 65 67 38.069 -122.69 388 175 193 370 4 164
1 65 67 37.966 -122.68 381 175 174 370 4 164
1 65 67 37.85 -122.63 364 160 150 370 4 155
1 65 67 37.788 -122.55 360 140 131 370 4 155
1 65 67 37.723 -122.46 360 130 131 370 4 155
1 65 67 37.715 -122.48 348 135 121 370 4 155
1 65 67 37.65 -122.4 299 145 120 370 4 155
1 65 67 37.517 -122.3 288 146 107 370 4 156
1 65 67 37.516 -122.31 293 149 106 370 4 156
1 65 67 37.443 -122.26 292 158 93 370 4 156
1 65 67 37.317 -122.17 273 154 71 370 4 156
1 65 67 37.3 -122.08 240 138 65 370 4 154
1 65 67 37.283 -122 235 103 55 370 4 154
1 65 67 37.333 -122 223 87 47 370 4 154
1 65 67 37.367 -122.05 190 344 39 370 4 154
1 65 67 37.4 -122.08 177 314 30 370 4 156
1 65 67 37.45 -122.07 180 315 30 370 4 156
1 65 67 37.433 -122.02 177 49 24 370 4 156
1 65 67 37.4 -121.98 153 119 11 370 4 156
1 65 67 37.383 -121.95 144 138 1 370 4 156
2 65 67 47.459 -122.31 162.16 55.96 17.64 390 3 114
2 65 67 47.487 -122.31 207.2 128.44 36.28 390 3 114
2 65 67 47.524 -122.35 252.44 213.6 60.4 390 3 114
2 65 67 47.533 -122.45 273.72 299.84 85.8 390 3 114
2 65 67 47.505 -122.55 286.84 286.24 109.12 390 3 114
2 65 67 47.463 -122.65 315.24 263.16 133.12 390 3 114
2 65 67 47.404 -122.76 337.36 240.16 158.52 390 3 147
2 65 67 47.344 -122.87 350.4 231.76 184.68 390 3 147
2 65 67 47.276 -122.97 359.88 230.88 207.12 390 3 147
2 65 67 47.189 -123.05 374.32 224.12 230.4 390 3 147
2 65 67 47.084 -123.09 390.34 212.44 249.92 390 3 147
2 65 67 46.982 -123.1 405.28 204.72 267 390 3 147
2 65 67 46.854 -123.11 415.96 190.16 285.32 390 3 147
2 65 67 46.747 -123.11 421.72 183.6 300.84 390 3 147
2 65 67 46.616 -123.11 425.2 180 318.6 390 3 147
2 65 67 46.498 -123.11 427.74 179.74 332.32 390 3 147
2 65 67 46.378 -123.11 428.52 179.76 344.24 390 3 147
2 65 67 46.256 -123.11 427.96 179.6 355.76 390 3 147
2 65 67 46.14 -123.11 425.8 179.44 364.44 390 3 147
2 65 67 46.029 -123.11 424.32 179.68 370.48 390 3 147
2 65 67 45.902 -123.11 424.54 179.4 373.58 390 3 136
2 65 67 45.78 -123.11 425.44 179.36 375.04 390 3 136
2 65 67 45.66 -123.11 427.14 179.36 375.24 390 3 136
2 65 67 45.531 -123.11 428.8 179.4 375.24 390 3 136
2 65 67 45.408 -123.11 429.3 179.26 375.24 390 3 136
2 65 67 45.286 -123.11 429.92 179.24 375.24 390 3 136
2 65 67 45.16 -123.11 430.32 179.24 375.24 390 3 136
2 65 67 45.063 -123.1 429.68 179.32 375.24 390 3 136
2 65 67 44.933 -123.11 430.04 179.32 375.24 390 3 136
2 65 67 44.814 -123.1 429.32 179.28 375.24 390 3 136
2 65 67 44.696 -123.1 428.88 179.28 375.24 390 3 136
2 65 67 44.576 -123.1 430 179.28 375.24 390 3 136
2 65 67 44.451 -123.1 431.12 179.28 375.24 390 3 136
2 65 67 44.334 -123.1 433.76 178.92 375.24 370 3 136
2 65 67 44.215 -123.1 436.08 178.72 375.24 370 3 136
2 65 67 44.084 -123.09 436.24 178.36 375.6 370 3 136
2 65 67 43.952 -123.09 435.84 178.36 375.64 370 3 136
2 65 67 43.833 -123.09 435.4 178.36 375.64 370 3 136
2 65 67 43.719 -123.08 434.84 178.36 375.64 370 3 136
2 65 67 43.592 -123.08 435 178.32 375.64 370 3 136
2 65 67 43.479 -123.08 434.92 178.36 375.64 370 3 140
2 65 67 43.351 -123.07 435.44 178.36 375.64 370 3 140
2 65 67 43.228 -123.07 436.64 178.24 375.64 370 3 140
2 65 67 43.112 -123.07 436.1 178.28 375.64 370 3 140
2 65 67 42.992 -123.06 436.8 178.28 375.64 370 3 140
2 65 67 42.86 -123.06 437.34 178.24 375.64 370 3 140
2 65 67 42.735 -123.06 438.18 178.56 375.64 370 3 140
2 65 67 42.624 -123.05 438.02 178.34 375.64 370 3 140
2 65 67 42.497 -123.05 438.56 178.44 375.64 370 3 140
2 65 67 42.366 -123.05 439.44 178.52 375.64 370 3 140
2 65 67 42.257 -123.04 439.72 178.48 375.64 370 3 140
2 65 67 42.136 -123.04 439.96 178.16 375.64 370 3 140
2 65 67 42.002 -123.04 440.08 178.2 375.64 370 3 140
2 65 67 41.885 -123.03 439.7 178.06 375.64 370 3 140
2 65 67 41.763 -123.03 439.72 177.92 375.64 370 3 140
2 65 67 41.627 -123.02 440.28 177.44 375.64 370 3 140
2 65 67 41.507 -123.01 441.68 177.16 375.64 370 3 140
2 65 67 41.393 -123.01 442.42 176.74 375.64 370 3 140
2 65 67 41.253 -123 443.84 176.88 375.64 370 4 182
2 65 67 41.131 -122.99 443.6 176.84 375.64 370 4 182
2 65 67 41.006 -122.98 444.04 176.5 375.6 370 4 182
2 65 67 40.896 -122.97 444.64 175.88 375.64 370 4 182
2 65 67 40.765 -122.96 444.36 176.24 375.64 370 4 182
2 65 67 40.645 -122.95 444.28 176.36 375.64 390 4 182
2 65 67 40.528 -122.94 444.16 176.24 375.44 390 4 182
2 65 67 40.398 -122.93 444.64 176.08 375.24 390 4 182
2 65 67 40.259 -122.92 444.84 176.4 375.24 390 4 182
2 65 67 40.139 -122.91 443.6 176.04 375.24 390 4 182
2 65 67 40.014 -122.9 443.12 176.12 375.2 390 4 182
2 65 67 39.895 -122.9 442.3 176.3 375.24 390 4 182
2 65 67 39.773 -122.89 442.56 176.04 374.84 390 4 182
2 65 67 39.665 -122.88 443.28 175.92 374.84 390 4 182
2 65 67 39.551 -122.87 443.68 175.84 374.84 390 4 182
2 65 67 39.408 -122.86 444.24 175.88 374.84 390 4 182
2 65 67 39.288 -122.85 444.12 175.8 374.84 390 4 182
2 65 67 39.168 -122.84 444.16 175.8 374.84 390 4 182
2 65 67 39.046 -122.83 444 175.8 373.52 240 4 182
2 65 67 38.928 -122.82 443.06 175.44 368.2 240 4 182
2 65 67 38.821 -122.81 441.4 175.56 358.04 240 4 182
2 65 67 38.699 -122.8 438.22 175.56 336.74 120 4 182
2 65 67 38.578 -122.79 435.72 175.48 313.84 120 4 182
2 65 67 38.462 -122.77 437.06 175.4 291.04 120 4 182
2 65 67 38.337 -122.76 429.66 174.8 262.62 120 4 182
2 65 67 38.218 -122.74 417.36 173.16 238.48 120 4 182
2 65 67 38.107 -122.72 403.4 171.96 217.08 120 4 164
2 65 67 38.002 -122.7 389.6 169.56 194.32 120 4 164
2 65 67 37.903 -122.65 379.64 164.68 172.8 120 4 164
2 65 67 37.816 -122.58 364.56 152.68 151.76 120 4 155
2 65 67 37.736 -122.5 348.14 142.4 132.94 120 4 155
2 65 67 37.665 -122.43 337.94 141.76 122.32 120 4 155
2 65 67 37.589 -122.36 327.56 143.04 113.6 120 4 156
2 65 67 37.516 -122.3 316.72 145.96 108.56 120 4 156
2 65 67 37.438 -122.25 301.24 150.68 96.44 120 4 156
2 65 67 37.379 -122.19 290.3 144.9 86.46 120 4 156
2 65 67 37.326 -122.13 275.68 135.88 78.28 120 4 156
2 65 67 37.285 -122.04 261.12 124.04 68.92 120 4 154
2 65 67 37.254 -121.97 248.24 121.72 60.2 120 4 154
2 65 67 37.241 -121.91 229.28 101.48 49.08 120 4 154
2 65 67 37.259 -121.87 206.4 126.2 35.2 120 4 154
2 65 67 37.294 -121.87 182.2 137.2 23.56 120 4 154
2 65 67 37.327 -121.89 158.6 245.36 10.96 120 4 154
2 65 67 37.348 -121.92 153.44 293.52 58.84 120 4 154
