1 65 71 47.41 -122.31 176.5 92 19.5 370 3 114
1 65 71 47.365 -122.35 216.5 211.5 28.5 370 3 114
1 65 71 47.322 -122.37 257.5 207.5 45 370 3 114
1 65 71 47.309 -122.47 271 222 65 370 3 114
1 65 71 47.31 -122.59 276.5 240 84.5 370 3 114
1 65 71 47.312 -122.76 295 271.5 116 370 3 114
1 65 71 47.296 -122.82 307 270 126.5 370 3 114
1 65 71 47.246 -123.03 348.5 255.5 164 370 3 147
1 65 71 47.174 -123.11 351 233.5 171.5 370 3 147
1 65 71 47.094 -123.2 362.5 237 205.5 370 3 147
1 65 71 46.991 -123.25 374 218.5 213 370 3 147
1 65 71 46.921 -123.21 391.5 208 229 370 3 147
1 65 71 46.809 -123.2 405 189.5 248 370 3 147
1 65 71 46.694 -123.2 413 180 265 370 3 147
1 65 71 46.516 -123.2 425 178 278.5 370 3 147
1 65 71 46.454 -123.19 437.5 178 294 370 3 147
1 65 71 46.319 -123.19 447.5 178 312 370 3 147
1 65 71 46.13 -123.19 450.5 178.5 332.5 370 3 147
1 65 71 46.067 -123.19 456 178.5 340.5 370 3 147
1 65 71 45.943 -123.18 451 177.5 356.5 370 3 136
1 65 71 45.819 -123.17 449.5 178.5 361.5 370 3 136
1 65 71 45.759 -123.17 445.5 178.5 369 370 3 136
1 65 71 45.639 -123.17 439 178 375 370 3 136
1 65 71 45.527 -123.17 436.25 178 377.25 370 3 136
1 65 71 45.416 -123.16 435.75 178 379.75 370 3 136
1 65 71 45.304 -123.16 436 177.75 380 370 3 136
1 65 71 45.142 -123.15 436 177 380 370 3 136
1 65 71 45.02 -123.15 436 178.5 380 370 3 136
1 65 71 44.897 -123.14 436 177.5 380 370 3 136
1 65 71 44.773 -123.14 436 178 380 370 3 136
1 65 71 44.652 -123.13 436 178 380 370 3 136
1 65 71 44.591 -123.13 428 178.5 380 370 3 136
1 65 71 44.409 -123.12 435.5 178.5 380 370 3 136
1 65 71 44.288 -123.12 437.5 178.5 380 370 3 136
1 65 71 44.156 -123.12 435.5 178 380 370 3 136
1 65 71 44.043 -123.11 433 177 380 370 3 136
1 65 71 43.983 -123.09 433 177 380 370 3 136
1 65 71 43.796 -123.08 432 174.5 380 370 3 136
1 65 71 43.736 -123.06 432 174.5 380 370 3 136
1 65 71 43.604 -123.05 433 174.5 380 370 3 136
1 65 71 43.482 -123.03 432 174.5 380 370 3 136
1 65 71 43.35 -123.02 431.5 174.5 380 370 3 140
1 65 71 43.232 -123 430.5 174.5 380 370 3 140
1 65 71 43.125 -122.99 430.5 174 380 370 3 140
1 65 71 42.995 -122.97 430.5 174.5 380 370 3 140
1 65 71 42.813 -122.95 432 174.5 380 370 3 140
1 65 71 42.743 -122.94 430 174.5 380 370 3 140
1 65 71 42.635 -122.93 431 173.5 380 370 3 140
1 65 71 42.505 -122.91 432 174.5 380 370 3 140
1 65 71 42.377 -122.88 431.5 171.5 380 370 3 140
1 65 71 42.249 -122.84 430.5 167.5 380 370 3 140
1 65 71 42.132 -122.81 431.5 167.5 380 370 3 140
1 65 71 42.016 -122.78 428.5 167 380 370 3 140
1 65 71 41.91 -122.75 426 167.5 380 370 3 140
1 65 71 41.781 -122.73 430.5 173.5 380 370 3 140
1 65 71 41.663 -122.71 431 173.5 380 370 3 140
1 65 71 41.545 -122.69 430.5 174 380 370 3 140
1 65 71 41.441 -122.68 430.5 173 380 370 3 140
1 65 71 41.311 -122.66 429.5 173.5 380 370 3 140
1 65 71 41.201 -122.61 434 166.5 380 370 4 186
1 65 71 41.084 -122.56 434 162.5 380 370 4 186
1 65 71 40.969 -122.51 435.5 163 380 370 4 186
1 65 71 40.855 -122.47 434.5 163 380 370 4 186
1 65 71 40.74 -122.41 433.5 162.5 380 370 4 186
1 65 71 40.603 -122.37 432 163 380 370 4 186
1 65 71 40.489 -122.31 432 162.5 380 370 4 186
1 65 71 40.374 -122.27 431.5 162.5 380 370 4 186
1 65 71 40.259 -122.22 431 162.5 380 370 4 186
1 65 71 40.142 -122.18 435 162 380 370 4 186
1 65 71 40.065 -122.15 440 163 380 370 4 186
1 65 71 39.953 -122.11 433.5 160.5 380 370 4 186
1 65 71 39.828 -122.05 433 160.5 380 370 4 186
1 65 71 39.717 -121.99 430.5 159.5 380 370 4 186
1 65 71 39.603 -121.94 431.5 160 380 370 4 186
1 65 71 39.546 -121.91 433 160 380 370 4 186
1 65 71 39.368 -121.83 436 160 380 370 4 186
1 65 71 39.311 -121.8 437.5 160 380 370 4 186
1 65 71 39.138 -121.72 439 161 380 370 4 186
1 65 71 39.034 -121.69 439.5 160.5 380 370 4 186
1 65 71 38.89 -121.62 438 160.5 380 370 4 186
1 65 71 38.85 -121.59 439.5 160 380 370 4 186
1 65 71 38.736 -121.55 438.5 160.5 380 370 4 185
1 65 71 38.62 -121.49 439 160.5 380 370 4 185
1 65 71 38.493 -121.44 440.5 162 380 370 4 185
1 65 71 38.372 -121.38 442.5 160.5 380 370 4 185
1 65 71 38.221 -121.31 444 157 380 370 4 185
1 65 71 38.096 -121.23 445.5 155.5 380 370 4 185
1 65 71 38.028 -121.19 448.5 158.5 380 370 4 185
1 65 71 37.867 -121.12 451 156 380 370 4 184
1 65 71 37.751 -121.06 452.5 157 380 370 4 184
1 65 71 37.619 -120.98 451.5 156.5 380 370 4 184
1 65 71 37.551 -120.95 452 157 380 370 4 184
1 65 71 37.444 -120.9 451 157.5 380 370 4 184
1 65 71 37.328 -120.83 452.5 157.5 380 370 4 184
1 65 71 37.209 -120.78 452 156 380 370 4 189
1 65 71 37.075 -120.7 453.5 159.5 380 370 4 189
1 65 71 36.958 -120.65 453.5 157 380 370 4 189
1 65 71 36.847 -120.59 452.5 156.5 380 370 4 189
1 65 71 36.715 -120.52 453.5 156 380 370 4 189
1 65 71 36.609 -120.47 454 157 380 370 4 189
1 65 71 36.491 -120.41 455 158 380 370 4 189
1 65 71 36.374 -120.34 455 156.5 380 370 4 189
1 65 71 36.257 -120.29 455 157.5 380 370 4 189
1 65 71 36.127 -120.22 454.5 157 380 370 4 189
1 65 71 36.01 -120.16 454 157.5 380 370 4 189
1 65 71 35.892 -120.11 454.5 157.5 380 370 4 189
1 65 71 35.775 -120.04 454 157.5 380 370 1 54
1 65 71 35.662 -119.97 456.5 151.5 380 370 1 54
1 65 71 35.605 -119.94 455.5 151 380 370 1 54
1 65 71 35.498 -119.84 460.5 144.5 380 370 1 54
1 65 71 35.339 -119.71 461 144.5 380 370 1 54
1 65 71 35.222 -119.61 461 144 380 370 1 54
1 65 71 35.115 -119.52 461.5 144.5 380 370 1 54
1 65 71 35.062 -119.47 462 145 380 370 1 54
1 65 71 34.956 -119.39 463 144.5 378 370 1 54
1 65 71 34.796 -119.25 463 144.5 344.5 370 1 54
1 65 71 34.731 -119.19 467.5 145 331 370 1 54
1 65 71 34.627 -119.11 470 145 304 370 1 54
1 65 71 34.514 -119.02 465 145 284.5 370 1 54
1 65 71 34.402 -118.94 457.5 145 260.5 370 1 54
1 65 71 34.261 -118.85 439 151.5 226 370 1 25
1 65 71 34.146 -118.81 426 152 196.5 370 1 25
1 65 71 34.021 -118.76 414 161 165 370 1 24
1 65 71 33.95 -118.73 403 160 148.5 370 1 24
1 65 71 33.825 -118.68 369.5 163.5 125.5 370 1 2
1 65 71 33.709 -118.65 342 162.5 109 370 1 2
1 65 71 33.661 -118.6 329 141.75 87 60 1 2
1 65 71 33.579 -118.52 310 131 80 370 1 2
1 65 71 33.575 -118.47 293 124.5 72 370 1 2
1 65 71 33.583 -118.35 290.5 85 59.5 370 1 2
1 65 71 33.603 -118.27 271 74 54.5 370 1 2
1 65 71 33.629 -118.19 265.5 69 50.5 370 1 2
1 65 71 33.656 -118.11 260 68 50.5 370 1 2
1 65 71 33.665 -118.07 241 65.5 47.5 370 1 2
1 65 71 33.719 -117.97 226.5 60 41.5 370 1 2
1 65 71 33.742 -117.94 212.5 45.5 38.5 370 1 2
1 65 71 33.784 -117.89 212 45.5 34 370 1 2
1 65 71 33.791 -117.83 187.5 74.5 25 370 1 2
1 65 71 33.757 -117.82 162.5 129.5 18 370 1 2
1 65 71 33.733 -117.84 148.5 174 11.5 370 1 2
1 65 71 33.702 -117.86 140 207 5 370 1 2
1 65 71 33.675 -117.87 145 196 1 370 1 2
2 65 71 47.463 -122.31 162 27.571 18 390 3 114
2 65 71 47.488 -122.31 205 152.57 37 390 3 114
2 65 71 47.49 -122.29 248 106.14 58.571 390 3 114
2 65 71 47.49 -122.25 275.57 220.43 74 390 3 114
2 65 71 47.445 -122.21 294.57 136 98.286 390 3 114
2 65 71 47.348 -122.19 323.29 160.71 123.14 390 3 114
2 65 71 47.253 -122.16 349.14 176.57 141 390 3 114
2 65 71 47.179 -122.15 362.29 168.71 165.43 390 3 137
2 65 71 47.064 -122.12 376.57 171.14 190.86 390 3 137
2 65 71 46.952 -122.1 391.86 171.43 214.14 390 3 137
2 65 71 46.838 -122.07 407.43 171 235.43 390 3 137
2 65 71 46.725 -122.05 414.57 171 251.57 390 3 137
2 65 71 46.621 -122.03 422.43 171.29 267.43 390 3 137
2 65 71 46.516 -122.01 433 172.14 283.29 390 3 137
2 65 71 46.396 -121.98 440.71 172.14 298.43 390 3 137
2 65 71 46.268 -121.95 447.57 171.57 315.14 390 3 137
2 65 71 46.142 -121.92 448.14 170.71 329.57 390 3 137
2 65 71 45.998 -121.89 448.14 170.43 346.14 390 3 137
2 65 71 45.876 -121.86 447.57 170.43 356.43 390 3 139
2 65 71 45.77 -121.84 443.14 170.29 368.57 390 3 139
2 65 71 45.645 -121.81 441.71 170.43 374.57 390 3 139
2 65 71 45.524 -121.78 441 170.43 379.14 390 3 139
2 65 71 45.401 -121.76 440.71 170.43 381.29 390 3 139
2 65 71 45.281 -121.73 439.29 170.29 381.43 390 3 139
2 65 71 45.152 -121.7 439.29 170.57 381.43 390 3 139
2 65 71 45.03 -121.67 439.29 170.57 381.43 390 3 135
2 65 71 44.908 -121.65 440.29 170.29 381.43 390 3 135
2 65 71 44.788 -121.62 440.43 170.43 381.43 390 3 135
2 65 71 44.658 -121.59 440 170.57 381.43 390 3 135
2 65 71 44.537 -121.56 441.57 170.57 381.43 390 3 135
2 65 71 44.416 -121.54 442.43 170.57 381.43 390 3 135
2 65 71 44.291 -121.51 442.71 170.57 381.43 390 3 135
2 65 71 44.168 -121.48 443 170.43 381.43 390 3 135
2 65 71 44.063 -121.46 443.29 170.43 381.43 390 3 135
2 65 71 43.937 -121.43 443.71 170.43 381.43 390 3 142
2 65 71 43.816 -121.41 443.29 170.43 381.43 390 3 142
2 65 71 43.67 -121.38 443.14 170.86 381.43 390 3 142
2 65 71 43.584 -121.36 441.14 171 381.43 390 3 142
2 65 71 43.443 -121.33 441.86 171 381.43 390 3 142
2 65 71 43.303 -121.3 443.43 171 381.43 390 3 142
2 65 71 43.18 -121.27 444.14 170.29 381.43 390 3 142
2 65 71 43.049 -121.25 443 170.43 381.43 390 3 142
2 65 71 42.944 -121.23 444.14 170.86 381.43 390 3 142
2 65 71 42.821 -121.2 444.86 171.14 381.43 390 3 142
2 65 71 42.706 -121.18 444.71 170.71 381.43 390 3 142
2 65 71 42.58 -121.15 444 171 381.43 390 3 142
2 65 71 42.452 -121.13 445.14 170.71 381.43 390 3 142
2 65 71 42.305 -121.1 446.43 170.86 381.43 390 3 142
2 65 71 42.204 -121.07 445.86 170.86 381.43 390 3 142
2 65 71 42.08 -121.05 445 171 381.43 390 3 142
2 65 71 41.968 -121.02 446.29 170.71 381.43 390 3 142
2 65 71 41.826 -120.99 447 170.57 381.43 390 3 142
2 65 71 41.745 -120.98 447.71 170.29 381.43 390 3 142
2 65 71 41.621 -120.95 448.43 170.43 381.43 390 3 142
2 65 71 41.466 -120.92 447.14 170.29 381.43 390 3 142
2 65 71 41.379 -120.9 448 170.29 381.43 390 3 142
2 65 71 41.265 -120.87 448 170.57 381.43 390 3 142
2 65 71 41.145 -120.84 449.14 170.29 381.43 390 3 142
2 65 71 40.996 -120.81 449.71 169.71 381.43 390 3 142
2 65 71 40.873 -120.78 450 169.86 381.43 390 4 186
2 65 71 40.752 -120.75 450.71 168.43 381.43 390 4 186
2 65 71 40.628 -120.72 450.86 168 381.43 390 4 186
2 65 71 40.508 -120.69 450.29 168.43 381.43 390 4 186
2 65 71 40.417 -120.66 449.57 168.29 381.43 390 4 186
2 65 71 40.274 -120.63 448.57 168.14 381.43 390 4 186
2 65 71 40.148 -120.6 445.43 171.14 381.43 390 4 186
2 65 71 40.03 -120.58 447.43 171.29 381.43 390 4 186
2 65 71 39.897 -120.56 447.71 171.14 381.43 390 4 181
2 65 71 39.79 -120.54 448 170 381.43 390 4 181
2 65 71 39.649 -120.51 449.14 171 381.43 390 4 181
2 65 71 39.539 -120.48 450.29 170.57 381.43 390 4 181
2 65 71 39.394 -120.44 449.86 169 381.43 390 4 181
2 65 71 39.272 -120.42 450 169.14 381.43 390 4 181
2 65 71 39.147 -120.39 449 168.86 381.43 390 4 181
2 65 71 38.992 -120.35 447.71 168.71 381.43 390 4 185
2 65 71 38.887 -120.33 446.86 169.29 381.43 390 4 185
2 65 71 38.766 -120.3 445.57 169.71 381.43 390 4 185
2 65 71 38.648 -120.27 445 168.57 381.43 390 4 185
2 65 71 38.519 -120.24 444.57 168.29 381.43 390 4 185
2 65 71 38.397 -120.21 443.43 169.57 381.43 390 4 185
2 65 71 38.262 -120.18 441.29 168.43 381.43 390 4 185
2 65 71 38.145 -120.15 441.71 168.57 381.43 390 4 185
2 65 71 38.046 -120.13 442 169.43 381.43 390 4 185
2 65 71 37.914 -120.1 442.57 169 381.43 390 4 184
2 65 71 37.795 -120.06 442.71 168.43 381.43 390 4 184
2 65 71 37.673 -120.03 443.29 167.43 381.43 390 4 184
2 65 71 37.56 -120 443.86 167.71 381.43 390 4 184
2 65 71 37.439 -119.97 444.71 167.29 381.43 390 4 184
2 65 71 37.301 -119.93 443.86 167.57 381.43 390 4 187
2 65 71 37.213 -119.91 443.86 168.14 381.43 390 4 187
2 65 71 37.082 -119.87 444.14 167.86 381.43 390 4 187
2 65 71 36.962 -119.84 443.71 168.14 381.43 390 4 187
2 65 71 36.826 -119.82 444 171.14 381.43 390 4 187
2 65 71 36.68 -119.8 442.14 173 381.43 390 4 187
2 65 71 36.608 -119.8 442.29 173.29 381.43 390 4 187
2 65 71 36.485 -119.78 443.43 173.14 381.43 390 4 187
2 65 71 36.343 -119.76 442.43 173 381.43 390 4 187
2 65 71 36.231 -119.75 443.14 173.43 381.43 390 4 187
2 65 71 36.105 -119.73 442.43 175.43 381.43 390 4 187
2 65 71 35.993 -119.72 440.57 176.43 381.43 390 4 187
2 65 71 35.871 -119.71 441.71 176.14 381.43 390 1 54
2 65 71 35.729 -119.7 440.71 175.86 381.43 390 1 54
2 65 71 35.652 -119.69 440.71 176 381.43 390 1 54
2 65 71 35.491 -119.68 440.86 177.29 380.86 390 1 54
2 65 71 35.372 -119.66 448.29 172.29 379.57 390 1 54
2 65 71 35.266 -119.62 451.57 164.71 378.14 390 1 54
2 65 71 35.145 -119.53 460.29 154.86 372.86 390 1 54
2 65 71 35.063 -119.46 461.57 146 370.71 390 1 54
2 65 71 34.927 -119.35 461.71 145.57 353.29 390 1 54
2 65 71 34.842 -119.28 460.86 145.29 341.57 390 1 54
2 65 71 34.732 -119.2 452.86 145.86 317.14 390 1 54
2 65 71 34.622 -119.1 445.57 145.43 298.57 390 1 54
2 65 71 34.535 -119.03 441.29 145.71 281.43 390 1 54
2 65 71 34.443 -118.97 428.14 147.86 259.14 390 1 54
2 65 71 34.328 -118.89 415 150.14 233.71 390 1 54
2 65 71 34.232 -118.84 395.86 150.57 214 390 1 25
2 65 71 34.132 -118.8 377.29 153.14 194.29 390 1 25
2 65 71 34.026 -118.76 361.86 160 172.57 390 1 25
2 65 71 33.925 -118.72 362.43 163.43 153.57 390 1 24
2 65 71 33.842 -118.69 353 162.57 140 390 1 24
2 65 71 33.748 -118.65 340.43 157.43 130.43 390 1 24
2 65 71 33.665 -118.6 333.29 154.29 115.71 390 1 2
2 65 71 33.61 -118.55 323.86 140.86 101.14 390 1 2
2 65 71 33.555 -118.47 298.57 129 83.857 390 1 2
2 65 71 33.548 -118.4 292.71 108 74.143 390 1 2
2 65 71 33.557 -118.32 276.21 85.786 62.357 370 1 2
2 65 71 33.567 -118.22 271 78.857 54.714 390 1 2
2 65 71 33.595 -118.12 257.71 73.429 49.143 390 1 2
2 65 71 33.631 -118.07 245.64 59.357 47.857 390 1 2
2 65 71 33.681 -117.99 233.86 48.714 46.857 390 1 2
2 65 71 33.735 -117.95 225.14 40.429 44.143 390 1 2
2 65 71 33.776 -117.9 219.57 33.857 36.286 390 1 2
2 65 71 33.786 -117.87 200.86 57.286 30.857 390 1 2
2 65 71 33.768 -117.83 168.29 101.29 21.429 390 1 2
2 65 71 33.736 -117.84 154 157.29 13 390 1 2
2 65 71 33.702 -117.85 145.14 189.57 5.7143 390 1 2
2 65 71 33.675 -117.87 142.29 206.71 165.71 390 1 2
