2 57 34 33.85 -116.52 138 0 16 120 2014 7 1 14 47 6 1 4
2 57 34 33.883 -116.57 184 336 32 120 2014 7 1 14 48 6 1 4
2 57 34 33.925 -116.56 193 328 47 120 2014 7 1 14 49 6 1 4
2 57 34 34 -116.5 204 46 74 120 2014 7 1 14 50 15 1 4
2 57 34 34.009 -116.49 199 22 73 120 2014 7 1 14 51 7 1 4
2 57 34 34 -116.57 204 280 86 120 2014 7 1 14 52 15 1 4
2 57 34 34.001 -116.63 201 261 95 120 2014 7 1 14 53 16 1 4
2 57 34 34 -116.72 239 265 100 120 2014 7 1 14 54 6 1 4
2 57 34 33.987 -116.8 235 261 100 120 2014 7 1 14 55 6 1 4
2 57 34 33.979 -116.89 252 270 100 120 2014 7 1 14 56 9 1 6
2 57 34 33.967 -117.05 261 265 96 120 2014 7 1 14 57 15 1 6
2 57 34 33.968 -117.06 253 270 94 120 2014 7 1 14 58 6 1 6
2 57 34 33.961 -117.15 267 270 87 120 2014 7 1 14 59 6 1 6
2 57 34 33.953 -117.24 271 258 80 120 2014 7 1 15 0 6 1 6
2 57 34 33.943 -117.34 260 270 79 120 2014 7 1 15 1 6 1 6
2 57 34 33.938 -117.42 243 256 79 120 2014 7 1 15 2 16 1 6
2 57 34 33.931 -117.5 238 270 79 120 2014 7 1 15 3 6 1 6
2 57 34 33.926 -117.58 235 270 79 120 2014 7 1 15 4 15 1 6
2 57 34 33.921 -117.66 236 256 79 120 2014 7 1 15 5 6 1 6
2 57 34 33.941 -117.74 255 286 79 120 2014 7 1 15 6 6 1 6
2 57 34 33.978 -117.83 255 295 79 120 2014 7 1 15 7 6 1 15
2 57 34 33.988 -117.91 254 283 71 120 2014 7 1 15 8 6 1 15
2 57 34 33.977 -117.99 247 270 67 120 2014 7 1 15 9 6 1 15
2 57 34 33.971 -118.06 222 253 51 120 2014 7 1 15 10 6 1 15
2 57 34 33.964 -118.12 207 270 45 120 2014 7 1 15 11 6 1 15
2 57 34 33.959 -118.18 195 262 33 120 2014 7 1 15 12 6 1 15
2 57 34 33.951 -118.25 183 259 23 120 2014 7 1 15 13 15 1 15
2 57 34 33.946 -118.3 168 270 15 120 2014 7 1 15 14 6 1 15
2 57 34 33.933 -118.35 124 263 6 120 2014 7 1 15 15 16 1 15
2 57 34 33.933 -118.35 124 263 6 120 2014 7 1 15 16 6 1 15
2 57 34 33.944 -118.39 148 238 3 120 2014 7 1 15 17 6 1 15
4 57 34 33.817 -116.5 143 0 13 120 2014 7 1 23 19 6 1 4
4 57 34 33.8 -116.45 176 158 25 120 2014 7 1 23 20 15 1 4
4 57 34 33.783 -116.38 198 121 36 120 2014 7 1 23 21 6 1 4
4 57 34 33.767 -116.32 207 108 50 120 2014 7 1 23 22 16 1 4
4 57 34 33.817 -116.3 212 106 60 120 2014 7 1 23 23 6 1 4
4 57 34 33.85 -116.35 209 6 72 120 2014 7 1 23 24 6 1 4
4 57 34 33.867 -116.43 208 293 85 120 2014 7 1 23 25 6 1 4
4 57 34 33.883 -116.5 249 286 95 120 2014 7 1 23 26 6 1 4
4 57 34 33.9 -116.57 233 290 101 120 2014 7 1 23 27 6 1 4
4 57 34 33.917 -116.65 243 283 102 120 2014 7 1 23 28 6 1 4
4 57 34 33.933 -116.73 263 287 100 120 2014 7 1 23 29 6 1 4
4 57 34 33.95 -116.82 268 285 101 120 2014 7 1 23 30 15 1 4
4 57 34 33.95 -116.9 268 268 100 120 2014 7 1 23 31 7 1 6
4 57 34 33.933 -117 276 268 92 120 2014 7 1 23 32 6 1 6
4 57 34 33.933 -117.08 282 265 82 120 2014 7 1 23 33 6 1 6
4 57 34 33.933 -117.18 272 265 80 120 2014 7 1 23 34 6 1 6
4 57 34 33.933 -117.27 257 268 80 120 2014 7 1 23 35 6 1 6
4 57 34 33.933 -117.35 248 267 80 120 2014 7 1 23 36 6 1 6
4 57 34 33.933 -117.43 247 268 80 120 2014 7 1 23 37 16 1 6
4 57 34 33.917 -117.52 246 265 81 120 2014 7 1 23 38 6 1 6
4 57 34 33.917 -117.6 251 264 80 120 2014 7 1 23 39 6 1 6
4 57 34 33.917 -117.68 251 270 81 120 2014 7 1 23 40 6 1 6
4 57 34 33.917 -117.77 250 272 80 120 2014 7 1 23 41 8 1 6
4 57 34 33.917 -117.85 244 273 78 120 2014 7 1 23 42 6 1 15
4 57 34 33.933 -117.93 240 272 70 120 2014 7 1 23 43 15 1 15
4 57 34 33.933 -118 220 279 62 120 2014 7 1 23 44 16 1 15
4 57 34 33.956 -118.05 225 293 54 120 2014 7 1 23 45 16 1 15
4 57 34 33.967 -118.13 210 267 40 120 2014 7 1 23 46 11 1 15
4 57 34 33.95 -118.2 196 278 30 120 2014 7 1 23 47 6 1 15
4 57 34 33.951 -118.26 184 270 20 120 2014 7 1 23 48 6 1 15
4 57 34 33.95 -118.32 140 263 13 120 2014 7 1 23 49 15 1 15
4 57 34 33.933 -118.35 119 269 7 120 2014 7 1 23 50 6 1 15
4 57 34 33.942 -118.35 138 250 8 120 2014 7 1 23 51 6 1 15
4 57 34 33.938 -118.39 126 252 2 120 2014 7 1 23 52 6 1 15
5 57 34 33.817 -116.48 153 0 16 120 2014 7 2 0 27 6 1 4
5 57 34 33.82 -116.53 153 275 16 120 2014 7 2 0 28 6 1 4
5 57 34 33.824 -116.58 153 275 16 120 2014 7 2 0 29 6 1 4
5 57 34 33.783 -116.33 210 266 56 120 2014 7 2 0 30 6 1 4
5 57 34 33.833 -116.37 197 91 69 120 2014 7 2 0 31 6 1 4
5 57 34 33.858 -116.38 197 331 75 120 2014 7 2 0 32 16 1 4
5 57 34 33.883 -116.48 227 302 91 120 2014 7 2 0 33 15 1 4
5 57 34 33.898 -116.53 215 287 98 120 2014 7 2 0 34 15 1 4
5 57 34 33.917 -116.63 238 289 100 120 2014 7 2 0 35 15 1 4
5 57 34 33.933 -116.72 245 283 101 120 2014 7 2 0 36 6 1 4
5 57 34 33.947 -116.77 244 279 101 120 2014 7 2 0 37 6 1 4
5 57 34 33.95 -116.88 250 262 101 120 2014 7 2 0 38 16 1 6
5 57 34 33.933 -116.97 253 267 100 120 2014 7 2 0 39 15 1 6
5 57 34 33.933 -117.05 265 268 93 120 2014 7 2 0 40 6 1 6
5 57 34 33.935 -117.13 258 267 89 120 2014 7 2 0 41 6 1 6
5 57 34 33.93 -117.21 261 270 82 120 2014 7 2 0 42 16 1 6
5 57 34 33.933 -117.32 255 262 80 120 2014 7 2 0 43 6 1 6
5 57 34 33.917 -117.4 243 266 80 120 2014 7 2 0 44 6 1 6
5 57 34 33.918 -117.48 244 265 80 120 2014 7 2 0 45 16 1 6
5 57 34 33.915 -117.56 243 270 80 120 2014 7 2 0 46 6 1 6
5 57 34 33.919 -117.64 243 270 80 120 2014 7 2 0 47 15 1 6
5 57 34 33.917 -117.72 249 273 80 120 2014 7 2 0 48 16 1 6
5 57 34 33.923 -117.81 244 270 79 120 2014 7 2 0 49 15 1 6
5 57 34 33.926 -117.89 244 272 79 120 2014 7 2 0 50 6 1 15
5 57 34 33.967 -117.95 241 279 54 120 2014 7 2 0 51 6 1 15
5 57 34 33.973 -118.03 241 270 42 120 2014 7 2 0 52 15 1 15
5 57 34 33.966 -118.1 232 261 37 120 2014 7 2 0 53 15 1 15
5 57 34 33.959 -118.18 226 266 35 120 2014 7 2 0 54 16 1 15
5 57 34 33.952 -118.25 217 253 26 120 2014 7 2 0 55 16 1 15
5 57 34 33.95 -118.3 178 262 16 120 2014 7 2 0 56 16 1 15
5 57 34 33.941 -118.35 139 270 7 120 2014 7 2 0 57 16 1 15
5 57 34 33.943 -118.39 154 263 3 120 2014 7 2 0 58 15 1 15
8 57 34 33.85 -116.52 146 0 15 120 2014 7 2 16 13 6 1 4
8 57 34 33.853 -116.57 146 273 15 120 2014 7 2 16 14 19 1 4
8 57 34 33.933 -116.55 204 326 45 120 2014 7 2 16 15 16 1 4
8 57 34 33.983 -116.52 202 12 61 120 2014 7 2 16 16 6 1 4
8 57 34 34.017 -116.55 219 343 71 120 2014 7 2 16 17 6 1 4
8 57 34 33.997 -116.61 218 248 84 120 2014 7 2 16 18 6 1 4
8 57 34 33.972 -116.67 218 247 98 120 2014 7 2 16 19 6 1 4
8 57 34 33.95 -116.75 236 250 101 120 2014 7 2 16 20 9 1 4
8 57 34 33.946 -116.84 248 272 100 120 2014 7 2 16 21 6 1 4
8 57 34 33.943 -116.93 252 270 100 120 2014 7 2 16 22 16 1 6
8 57 34 33.941 -117.01 251 256 96 120 2014 7 2 16 23 16 1 6
8 57 34 33.933 -117.1 268 268 89 120 2014 7 2 16 24 6 1 6
8 57 34 33.936 -117.2 262 270 81 120 2014 7 2 16 25 16 1 6
8 57 34 33.93 -117.28 252 270 80 120 2014 7 2 16 26 6 1 6
8 57 34 33.917 -117.35 234 265 80 120 2014 7 2 16 27 6 1 6
8 57 34 33.917 -117.43 234 265 80 120 2014 7 2 16 28 6 1 6
8 57 34 33.917 -117.52 234 267 80 120 2014 7 2 16 29 6 1 6
8 57 34 33.917 -117.58 237 267 80 120 2014 7 2 16 30 6 1 6
8 57 34 33.917 -117.65 239 270 80 120 2014 7 2 16 31 6 1 6
8 57 34 33.917 -117.75 258 272 80 120 2014 7 2 16 32 6 1 6
8 57 34 33.933 -117.83 265 272 77 120 2014 7 2 16 33 6 1 15
8 57 34 33.933 -117.93 266 272 64 120 2014 7 2 16 34 6 1 15
8 57 34 33.933 -118 264 272 54 120 2014 7 2 16 35 16 1 15
8 57 34 33.95 -118.08 249 270 40 120 2014 7 2 16 36 6 1 15
8 57 34 33.967 -118.17 220 289 36 120 2014 7 2 16 37 6 1 15
8 57 34 33.95 -118.23 238 263 24 120 2014 7 2 16 38 6 1 15
8 57 34 33.95 -118.3 172 262 15 120 2014 7 2 16 39 6 1 15
8 57 34 33.933 -118.35 136 262 8 120 2014 7 2 16 40 16 1 15
8 57 34 33.938 -118.38 145 248 4 120 2014 7 2 16 41 6 1 15
10 57 34 33.817 -116.47 150 0 19 120 2014 7 3 23 21 6 1 4
10 57 34 33.8 -116.42 195 227 32 120 2014 7 3 23 22 6 1 4
10 57 34 33.85 -116.4 200 111 47 120 2014 7 3 23 23 6 1 4
10 57 34 33.867 -116.47 182 58 64 120 2014 7 3 23 24 6 1 4
10 57 34 33.884 -116.53 184 286 79 120 2014 7 3 23 25 6 1 4
10 57 34 33.9 -116.58 201 294 92 120 2014 7 3 23 26 6 1 4
10 57 34 33.927 -116.66 210 299 100 120 2014 7 3 23 27 6 1 4
10 57 34 33.948 -116.74 223 283 101 120 2014 7 3 23 28 6 1 4
10 57 34 33.944 -116.82 229 270 101 120 2014 7 3 23 29 6 1 4
10 57 34 33.941 -116.9 241 256 100 120 2014 7 3 23 30 6 1 6
10 57 34 33.933 -116.97 248 268 100 120 2014 7 3 23 31 6 1 6
10 57 34 33.936 -117.07 254 270 89 120 2014 7 3 23 32 6 1 6
10 57 34 33.933 -117.15 270 268 81 120 2014 7 3 23 33 6 1 6
10 57 34 33.933 -117.23 250 268 79 120 2014 7 3 23 34 6 1 6
10 57 34 33.933 -117.32 232 266 79 120 2014 7 3 23 35 7 1 6
10 57 34 33.917 -117.38 229 266 79 120 2014 7 3 23 36 17 1 6
10 57 34 33.917 -117.47 226 267 79 120 2014 7 3 23 37 6 1 6
10 57 34 33.917 -117.53 229 266 79 120 2014 7 3 23 38 6 1 6
10 57 34 33.917 -117.62 233 268 79 120 2014 7 3 23 39 6 1 6
10 57 34 33.917 -117.68 231 272 79 120 2014 7 3 23 40 6 1 6
10 57 34 33.917 -117.77 230 271 79 120 2014 7 3 23 41 6 1 6
10 57 34 33.933 -117.85 233 271 79 120 2014 7 3 23 42 6 1 15
10 57 34 33.95 -117.92 233 279 78 120 2014 7 3 23 43 6 1 15
10 57 34 33.95 -117.98 235 282 69 120 2014 7 3 23 44 6 1 15
10 57 34 33.967 -118.07 226 279 57 120 2014 7 3 23 45 6 1 15
10 57 34 33.967 -118.13 216 274 43 120 2014 7 3 23 46 6 1 15
10 57 34 33.95 -118.2 214 262 33 120 2014 7 3 23 47 6 1 15
10 57 34 33.951 -118.26 218 264 25 120 2014 7 3 23 48 6 1 15
10 57 34 33.95 -118.33 166 261 11 120 2014 7 3 23 49 6 1 15
10 57 34 33.939 -118.38 154 269 4 120 2014 7 3 23 50 6 1 15
11 57 34 33.829 -116.51 122 0 4 120 2014 7 3 0 33 6 1 4
11 57 34 33.8 -116.45 191 158 25 120 2014 7 3 0 34 6 1 4
11 57 34 33.783 -116.38 222 121 37 120 2014 7 3 0 35 15 1 4
11 57 34 33.817 -116.37 218 108 50 120 2014 7 3 0 36 16 1 4
11 57 34 33.867 -116.42 209 76 67 120 2014 7 3 0 37 6 1 4
11 57 34 33.883 -116.48 208 341 82 120 2014 7 3 0 38 16 1 4
11 57 34 33.891 -116.51 210 304 87 120 2014 7 3 0 39 6 1 4
11 57 34 33.917 -116.62 218 287 100 120 2014 7 3 0 40 6 1 4
11 57 34 33.931 -116.67 223 286 101 120 2014 7 3 0 41 6 1 4
11 57 34 33.95 -116.77 243 285 101 120 2014 7 3 0 42 6 1 4
11 57 34 33.95 -116.85 248 265 100 120 2014 7 3 0 43 15 1 4
11 57 34 33.942 -116.91 253 270 94 120 2014 7 3 0 44 16 1 6
11 57 34 33.933 -117.03 261 254 87 120 2014 7 3 0 45 6 1 6
11 57 34 33.937 -117.09 260 270 82 120 2014 7 3 0 46 16 1 6
11 57 34 33.933 -117.2 245 270 80 120 2014 7 3 0 47 6 1 6
11 57 34 33.93 -117.26 245 269 80 120 2014 7 3 0 48 6 1 6
11 57 34 33.917 -117.35 230 261 80 120 2014 7 3 0 49 6 1 6
11 57 34 33.922 -117.42 232 265 80 120 2014 7 3 0 50 6 1 6
11 57 34 33.917 -117.43 229 266 80 120 2014 7 3 0 51 6 1 6
11 57 34 33.919 -117.51 232 265 80 120 2014 7 3 0 52 6 1 6
11 57 34 33.92 -117.66 233 268 80 120 2014 7 3 0 53 6 1 6
11 57 34 33.917 -117.75 256 270 80 120 2014 7 3 0 54 15 1 6
11 57 34 33.925 -117.83 252 270 80 120 2014 7 3 0 55 16 1 15
11 57 34 33.933 -117.93 263 271 80 120 2014 7 3 0 56 6 1 15
11 57 34 33.94 -117.92 254 283 80 120 2014 7 3 0 57 6 1 15
11 57 34 33.967 -118.08 249 284 59 120 2014 7 3 0 58 16 1 15
11 57 34 33.967 -118.17 230 274 43 120 2014 7 3 0 59 16 1 15
11 57 34 33.95 -118.25 222 270 24 120 2014 7 3 1 0 6 1 15
11 57 34 33.951 -118.25 233 226 22 120 2014 7 3 1 1 16 1 15
11 57 34 33.933 -118.35 133 262 7 120 2014 7 3 1 2 6 1 15
11 57 34 33.94 -118.37 157 238 4 120 2014 7 3 1 3 6 1 15
11 57 34 33.954 -118.4 157 264 2 120 2014 7 3 1 4 15 1 15
12 57 34 33.85 -116.53 164 0 17 120 2014 7 3 13 21 6 1 4
12 57 34 33.883 -116.57 212 312 36 120 2014 7 3 13 22 6 1 4
12 57 34 33.941 -116.57 224 341 59 120 2014 7 3 13 23 6 1 4
12 57 34 33.939 -116.49 223 89 82 120 2014 7 3 13 24 6 1 4
12 57 34 34 -116.5 266 350 108 120 2014 7 3 13 25 6 1 4
12 57 34 33.983 -116.58 270 258 120 120 2014 7 3 13 26 6 1 4
12 57 34 33.967 -116.68 295 255 121 120 2014 7 3 13 27 6 1 4
12 57 34 33.95 -116.77 294 257 121 120 2014 7 3 13 28 16 1 4
12 57 34 33.944 -116.87 298 272 120 120 2014 7 3 13 29 6 1 6
12 57 34 33.941 -116.97 297 258 120 120 2014 7 3 13 30 6 1 6
12 57 34 33.938 -117.07 297 270 120 120 2014 7 3 13 31 8 1 6
12 57 34 33.933 -117.18 298 270 120 120 2014 7 3 13 32 6 1 6
12 57 34 33.929 -117.28 297 270 120 120 2014 7 3 13 33 6 1 6
12 57 34 33.933 -117.37 299 270 120 120 2014 7 3 13 34 6 1 2
12 57 34 33.967 -117.47 302 290 120 120 2014 7 3 13 35 6 1 2
12 57 34 34 -117.56 302 295 116 120 2014 7 3 13 36 6 1 2
12 57 34 34.01 -117.66 302 270 106 120 2014 7 3 13 37 6 1 2
12 57 34 34.001 -117.76 299 270 94 120 2014 7 3 13 38 6 1 15
12 57 34 33.991 -117.85 289 258 82 120 2014 7 3 13 39 6 1 15
12 57 34 33.983 -117.94 270 270 71 120 2014 7 3 13 40 6 1 15
12 57 34 33.974 -118.03 241 270 59 120 2014 7 3 13 41 6 1 15
12 57 34 33.966 -118.1 234 256 48 120 2014 7 3 13 42 16 1 15
12 57 34 33.96 -118.17 217 270 37 120 2014 7 3 13 43 6 1 15
12 57 34 33.953 -118.23 198 253 25 120 2014 7 3 13 44 6 1 15
12 57 34 33.95 -118.28 189 262 19 120 2014 7 3 13 45 6 1 15
12 57 34 33.942 -118.34 155 270 8 120 2014 7 3 13 46 6 1 15
12 57 34 33.938 -118.39 143 238 3 120 2014 7 3 13 47 6 1 15
13 57 34 33.85 -116.52 134 0 18 120 2014 7 3 15 9 6 1 4
13 57 34 33.883 -116.55 188 336 30 120 2014 7 3 15 10 6 1 4
13 57 34 33.917 -116.53 214 302 46 120 2014 7 3 15 11 6 1 4
13 57 34 33.9 -116.48 199 348 63 120 2014 7 3 15 12 6 1 4
13 57 34 33.867 -116.43 205 0 77 120 2014 7 3 15 13 6 1 4
13 57 34 33.881 -116.38 233 101 86 120 2014 7 3 15 14 6 1 4
13 57 34 33.917 -116.43 223 316 101 120 2014 7 3 15 15 6 1 4
13 57 34 33.934 -116.51 228 278 100 120 2014 7 3 15 16 6 1 4
13 57 34 33.938 -116.59 234 270 100 120 2014 7 3 15 17 6 1 4
13 57 34 33.944 -116.67 238 283 101 120 2014 7 3 15 18 6 1 4
13 57 34 33.95 -116.75 238 270 100 120 2014 7 3 15 19 6 1 4
13 57 34 33.946 -116.84 238 270 100 120 2014 7 3 15 20 6 1 4
13 57 34 33.95 -116.9 238 266 100 120 2014 7 3 15 21 6 1 6
13 57 34 33.94 -117.01 254 256 86 120 2014 7 3 15 22 6 1 6
13 57 34 33.933 -117.07 275 267 80 120 2014 7 3 15 23 6 1 6
13 57 34 33.933 -117.15 253 266 80 120 2014 7 3 15 24 6 1 6
13 57 34 33.933 -117.23 242 267 80 120 2014 7 3 15 25 6 1 6
13 57 34 33.928 -117.35 240 270 80 120 2014 7 3 15 26 6 1 6
13 57 34 33.933 -117.38 236 266 80 120 2014 7 3 15 27 6 1 6
13 57 34 33.917 -117.47 236 267 80 120 2014 7 3 15 28 6 1 6
13 57 34 33.917 -117.55 238 267 80 120 2014 7 3 15 29 6 1 6
13 57 34 33.917 -117.62 242 268 80 120 2014 7 3 15 30 6 1 6
13 57 34 33.917 -117.7 240 271 80 120 2014 7 3 15 31 6 1 6
13 57 34 33.917 -117.78 239 271 80 120 2014 7 3 15 32 6 1 6
13 57 34 33.933 -117.87 241 275 76 120 2014 7 3 15 33 6 1 15
13 57 34 33.933 -117.93 241 277 62 120 2014 7 3 15 34 6 1 15
13 57 34 33.945 -118 239 278 49 120 2014 7 3 15 35 6 1 15
13 57 34 33.95 -118.1 227 273 36 120 2014 7 3 15 36 6 1 15
13 57 34 33.96 -118.16 228 271 36 120 2014 7 3 15 37 6 1 15
13 57 34 33.954 -118.23 194 260 26 120 2014 7 3 15 38 6 1 15
13 57 34 33.948 -118.29 200 270 16 120 2014 7 3 15 39 8 1 15
13 57 34 33.941 -118.35 163 248 6 120 2014 7 3 15 40 6 1 15
14 57 34 33.867 -116.55 160 0 25 120 2014 7 3 16 3 6 1 4
14 57 34 33.917 -116.57 184 315 42 120 2014 7 3 16 4 6 1 4
14 57 34 33.933 -116.53 209 330 59 120 2014 7 3 16 5 6 1 4
14 57 34 33.933 -116.47 172 78 71 120 2014 7 3 16 6 6 1 4
14 57 34 33.967 -116.5 219 89 84 120 2014 7 3 16 7 6 1 4
14 57 34 33.967 -116.57 210 294 98 120 2014 7 3 16 8 6 1 4
14 57 34 33.967 -116.65 226 264 100 120 2014 7 3 16 9 6 1 4
14 57 34 33.95 -116.72 233 261 100 120 2014 7 3 16 10 6 1 4
14 57 34 33.95 -116.78 232 253 100 120 2014 7 3 16 11 7 1 4
14 57 34 33.943 -116.87 233 270 99 120 2014 7 3 16 12 6 1 6
14 57 34 33.933 -116.97 248 268 89 120 2014 7 3 16 13 6 1 6
14 57 34 33.933 -117.03 254 268 80 120 2014 7 3 16 14 6 1 6
14 57 34 33.933 -117.12 236 267 79 120 2014 7 3 16 15 6 1 6
14 57 34 33.933 -117.18 219 266 80 120 2014 7 3 16 16 6 1 6
14 57 34 33.933 -117.27 226 267 80 120 2014 7 3 16 17 6 1 6
14 57 34 33.933 -117.33 238 266 80 120 2014 7 3 16 18 6 1 6
14 57 34 33.917 -117.42 242 267 80 120 2014 7 3 16 19 6 1 6
14 57 34 33.917 -117.5 248 267 80 120 2014 7 3 16 20 6 1 6
14 57 34 33.917 -117.58 251 266 80 120 2014 7 3 16 21 6 1 6
14 57 34 33.917 -117.65 252 270 80 120 2014 7 3 16 22 6 1 6
14 57 34 33.917 -117.73 253 272 80 120 2014 7 3 16 23 6 1 6
14 57 34 33.917 -117.82 271 271 73 120 2014 7 3 16 24 6 1 6
14 57 34 33.933 -117.92 284 271 62 120 2014 7 3 16 25 6 1 15
14 57 34 33.933 -118 274 277 53 120 2014 7 3 16 26 7 1 15
14 57 34 33.946 -118.07 275 278 42 120 2014 7 3 16 27 6 1 15
14 57 34 33.956 -118.17 244 270 36 120 2014 7 3 16 28 6 1 15
14 57 34 33.954 -118.23 206 270 29 120 2014 7 3 16 29 6 1 15
14 57 34 33.947 -118.29 191 270 19 120 2014 7 3 16 30 6 1 15
14 57 34 33.95 -118.33 132 260 10 120 2014 7 3 16 31 6 1 15
17 57 34 33.817 -116.48 135 0 18 120 2014 7 4 14 58 16 1 4
17 57 34 33.8 -116.43 187 122 32 120 2014 7 4 14 59 6 1 4
17 57 34 33.833 -116.4 220 160 53 120 2014 7 4 15 0 15 1 4
17 57 34 33.883 -116.45 226 76 68 120 2014 7 4 15 1 6 1 4
17 57 34 33.907 -116.52 231 308 90 120 2014 7 4 15 2 15 1 4
17 57 34 33.919 -116.59 199 286 101 120 2014 7 4 15 3 6 1 4
17 57 34 33.938 -116.68 227 283 101 120 2014 7 4 15 4 15 1 4
17 57 34 33.948 -116.76 249 283 101 120 2014 7 4 15 5 6 1 4
17 57 34 33.95 -116.8 260 278 101 120 2014 7 4 15 6 6 1 4
17 57 34 33.94 -116.94 269 258 98 120 2014 7 4 15 7 16 1 6
17 57 34 33.933 -117 284 266 96 120 2014 7 4 15 8 6 1 6
17 57 34 33.935 -117.13 286 270 87 120 2014 7 4 15 9 15 1 6
17 57 34 33.93 -117.24 289 270 82 120 2014 7 4 15 10 15 1 6
17 57 34 33.926 -117.33 289 266 80 120 2014 7 4 15 11 15 1 6
17 57 34 33.921 -117.43 283 263 81 120 2014 7 4 15 12 18 1 6
17 57 34 33.917 -117.48 275 265 81 120 2014 7 4 15 13 6 1 6
17 57 34 33.918 -117.61 274 270 81 120 2014 7 4 15 14 15 1 6
17 57 34 33.917 -117.65 279 269 81 120 2014 7 4 15 15 6 1 6
17 57 34 33.922 -117.72 274 270 81 120 2014 7 4 15 16 6 1 6
17 57 34 33.917 -117.85 284 273 75 120 2014 7 4 15 17 6 1 15
17 57 34 33.929 -117.9 285 267 67 120 2014 7 4 15 18 6 1 15
17 57 34 33.949 -118 296 273 62 120 2014 7 4 15 19 15 1 15
17 57 34 33.967 -118.1 225 284 48 120 2014 7 4 15 20 6 1 15
17 57 34 33.961 -118.15 230 258 37 120 2014 7 4 15 21 15 1 15
17 57 34 33.95 -118.25 188 274 24 120 2014 7 4 15 22 16 1 15
17 57 34 33.95 -118.3 154 262 16 120 2014 7 4 15 23 6 1 15
17 57 34 33.933 -118.35 133 262 9 120 2014 7 4 15 24 6 1 15
17 57 34 33.939 -118.38 137 248 4 120 2014 7 4 15 25 15 1 15
