1 57 33 33.867 -116.53 169 320 27 230 2014 7 1 20 50 15 1 4
1 57 33 33.886 -116.56 186 328 230 230 2014 7 1 20 51 6 1 20
1 57 33 33.928 -116.55 203 320 230 230 2014 7 1 20 52 6 1 20
1 57 33 33.951 -116.48 198 51 80 230 2014 7 1 20 53 16 1 4
1 57 33 33.964 -116.42 199 68 96 230 2014 7 1 20 54 6 1 4
1 57 33 33.978 -116.35 208 73 114 230 2014 7 1 20 55 6 1 4
1 57 33 33.994 -116.28 208 74 114 210 2014 7 1 20 56 6 1 4
1 57 33 33.995 -116.28 208 75 129 210 2014 7 1 20 57 6 1 4
1 57 33 34.029 -116.14 223 73 157 210 2014 7 1 20 58 15 1 27
1 57 33 34.045 -116.07 223 74 157 210 2014 7 1 20 59 6 1 27
1 57 33 34.049 -116.05 223 74 173 210 2014 7 1 21 0 6 1 27
1 57 33 34.066 -115.98 222 73 189 210 2014 7 1 21 1 6 1 27
1 57 33 34.084 -115.91 223 73 201 210 2014 7 1 21 2 6 1 27
1 57 33 34.1 -115.84 223 74 210 210 2014 7 1 21 3 6 1 27
1 57 33 34.126 -115.75 247 74 210 210 2014 7 1 21 4 6 1 27
1 57 33 34.181 -115.69 265 71 210 210 2014 7 1 21 5 6 1 27
1 57 33 34.245 -115.62 265 55 210 210 2014 7 1 21 6 6 1 27
1 57 33 34.299 -115.56 266 42 210 210 2014 7 1 21 7 6 1 27
1 57 33 34.36 -115.52 267 42 210 210 2014 7 1 21 8 6 1 27
1 57 33 34.425 -115.49 266 36 210 210 2014 7 1 21 9 6 1 27
1 57 33 34.508 -115.45 266 23 210 210 2014 7 1 21 10 15 1 27
1 57 33 34.578 -115.42 266 19 210 210 2014 7 1 21 11 6 1 27
1 57 33 34.646 -115.39 265 19 210 210 2014 7 1 21 12 16 1 31
1 57 33 34.715 -115.36 265 19 210 210 2014 7 1 21 13 6 1 31
1 57 33 34.783 -115.33 262 20 210 210 2014 7 1 21 14 16 1 31
1 57 33 34.865 -115.29 261 19 210 210 2014 7 1 21 15 16 1 31
1 57 33 34.935 -115.26 261 19 210 210 2014 7 1 21 16 6 1 31
1 57 33 35.004 -115.23 262 19 197 210 2014 7 1 21 17 6 1 31
1 57 33 35.073 -115.2 262 20 181 210 2014 7 1 21 18 6 1 31
1 57 33 35.145 -115.17 265 20 163 210 2014 7 1 21 19 16 1 31
1 57 33 35.22 -115.18 269 12 145 210 2014 7 1 21 20 16 1 31
1 57 33 35.301 -115.17 256 7 129 210 2014 7 1 21 21 6 1 31
1 57 33 35.364 -115.17 225 1 114 210 2014 7 1 21 22 16 1 31
1 57 33 35.427 -115.17 231 358 104 210 2014 7 1 21 23 15 1 31
1 57 33 35.49 -115.18 232 350 97 210 2014 7 1 21 24 21 1 31
1 57 33 35.538 -115.22 225 348 90 210 2014 7 1 21 25 16 1 31
1 57 33 35.576 -115.26 200 333 90 210 2014 7 1 21 26 6 1 3
1 57 33 35.583 -115.27 215 315 90 210 2014 7 1 21 27 6 1 3
1 57 33 35.662 -115.37 220 314 80 210 2014 7 1 21 28 16 1 3
1 57 33 35.721 -115.38 214 315 80 210 2014 7 1 21 29 6 1 3
1 57 33 35.797 -115.38 211 3 79 210 2014 7 1 21 30 15 1 3
1 57 33 35.839 -115.37 225 2 79 210 2014 7 1 21 31 6 1 3
1 57 33 35.903 -115.35 222 11 67 210 2014 7 1 21 32 16 1 3
1 57 33 35.921 -115.34 221 16 64 210 2014 7 1 21 33 16 1 3
1 57 33 36.014 -115.3 203 17 53 210 2014 7 1 21 34 6 1 3
1 57 33 36.034 -115.29 206 19 50 210 2014 7 1 21 35 16 1 3
1 57 33 36.073 -115.22 165 42 32 210 2014 7 1 21 36 6 1 3
1 57 33 36.074 -115.18 142 88 24 210 2014 7 1 21 37 6 1 3
1 57 33 36.073 -115.15 134 89 21 210 2014 7 1 21 38 16 1 3
2 57 33 33.867 -116.54 173 0 230 230 2014 7 1 17 55 16 1 20
2 57 33 33.884 -116.49 173 68 230 230 2014 7 1 17 56 8 1 20
2 57 33 33.91 -116.55 210 13 230 230 2014 7 1 17 57 6 1 20
2 57 33 33.949 -116.43 199 72 77 230 2014 7 1 17 58 6 1 4
2 57 33 33.965 -116.37 199 73 77 230 2014 7 1 17 59 6 1 4
2 57 33 33.968 -116.35 205 73 94 210 2014 7 1 18 0 6 1 4
2 57 33 33.984 -116.28 208 70 110 210 2014 7 1 18 1 6 1 4
2 57 33 34.023 -116.23 229 63 123 210 2014 7 1 18 2 15 1 4
2 57 33 34.072 -116.18 223 61 135 210 2014 7 1 18 3 6 1 27
2 57 33 34.119 -116.13 223 43 146 210 2014 7 1 18 4 6 1 27
2 57 33 34.167 -116.09 223 38 159 210 2014 7 1 18 5 6 1 27
2 57 33 34.226 -116.03 223 38 172 210 2014 7 1 18 6 9 1 27
2 57 33 34.276 -115.98 223 37 181 210 2014 7 1 18 7 16 1 27
2 57 33 34.328 -115.94 227 38 191 210 2014 7 1 18 8 6 1 27
2 57 33 34.381 -115.89 232 37 200 210 2014 7 1 18 9 6 1 27
2 57 33 34.433 -115.84 237 37 209 210 2014 7 1 18 10 6 1 27
2 57 33 34.488 -115.79 246 37 210 210 2014 7 1 18 11 6 1 27
2 57 33 34.562 -115.72 275 37 210 210 2014 7 1 18 12 16 1 27
2 57 33 34.624 -115.66 273 37 210 210 2014 7 1 18 13 16 1 27
2 57 33 34.679 -115.61 268 37 210 210 2014 7 1 18 14 6 1 27
2 57 33 34.741 -115.55 265 37 210 210 2014 7 1 18 15 6 1 31
2 57 33 34.798 -115.49 263 38 210 100 2014 7 1 18 16 6 1 31
2 57 33 34.856 -115.44 263 37 210 100 2014 7 1 18 17 6 1 31
2 57 33 34.923 -115.37 260 37 210 100 2014 7 1 18 18 6 1 31
2 57 33 34.975 -115.32 260 37 210 100 2014 7 1 18 19 6 1 31
2 57 33 35.033 -115.27 260 38 201 100 2014 7 1 18 20 6 1 31
2 57 33 35.105 -115.2 291 38 177 100 2014 7 1 18 21 12 1 31
2 57 33 35.189 -115.18 316 37 157 100 2014 7 1 18 22 6 1 31
2 57 33 35.271 -115.17 302 25 140 100 2014 7 1 18 23 6 1 31
2 57 33 35.369 -115.17 291 1 117 100 2014 7 1 18 24 16 1 31
2 57 33 35.45 -115.17 295 357 103 100 2014 7 1 18 25 16 1 31
2 57 33 35.517 -115.19 272 350 100 100 2014 7 1 18 26 6 1 31
2 57 33 35.572 -115.22 243 347 100 100 2014 7 1 18 27 6 1 31
2 57 33 35.636 -115.26 265 332 100 100 2014 7 1 18 28 6 1 3
2 57 33 35.727 -115.28 265 346 95 100 2014 7 1 18 29 6 1 3
2 57 33 35.778 -115.29 255 347 89 100 2014 7 1 18 30 6 1 3
2 57 33 35.853 -115.29 251 356 81 100 2014 7 1 18 31 6 1 3
2 57 33 35.923 -115.3 249 355 74 100 2014 7 1 18 32 6 1 3
2 57 33 35.985 -115.3 214 355 64 100 2014 7 1 18 33 6 1 3
2 57 33 36.037 -115.3 175 358 54 100 2014 7 1 18 34 16 1 3
2 57 33 36.069 -115.27 134 9 43 100 2014 7 1 18 35 16 1 3
2 57 33 36.073 -115.22 146 68 32 100 2014 7 1 18 36 6 1 3
2 57 33 36.073 -115.17 138 85 24 100 2014 7 1 18 37 6 1 3
2 57 33 36.073 -115.15 139 90 21 100 2014 7 1 18 38 16 1 3
3 57 33 33.816 -116.47 156 0 230 230 2014 7 2 18 14 7 1 20
3 57 33 33.881 -116.36 203 54 230 230 2014 7 2 18 16 6 1 27
3 57 33 33.907 -116.3 213 55 78 210 2014 7 2 18 17 6 1 4
3 57 33 33.93 -116.24 214 57 94 210 2014 7 2 18 18 6 1 4
3 57 33 33.956 -116.17 217 64 110 210 2014 7 2 18 19 6 1 4
3 57 33 34.012 -116.14 217 21 110 210 2014 7 2 18 20 6 1 4
3 57 33 33.981 -116.11 217 51 127 210 2014 7 2 18 21 6 1 4
3 57 33 34.035 -115.97 207 64 151 210 2014 7 2 18 22 6 1 27
3 57 33 34.09 -115.95 207 17 151 210 2014 7 2 18 23 6 1 27
3 57 33 34.061 -115.9 222 50 162 210 2014 7 2 18 24 6 1 27
3 57 33 34.089 -115.83 236 65 174 210 2014 7 2 18 25 6 1 27
3 57 33 34.119 -115.75 237 49 186 210 2014 7 2 18 26 6 1 27
3 57 33 34.17 -115.7 237 48 198 210 2014 7 2 18 27 6 1 27
3 57 33 34.229 -115.64 242 50 210 210 2014 7 2 18 28 6 1 27
3 57 33 34.28 -115.58 254 32 211 210 2014 7 2 18 29 6 1 27
3 57 33 34.335 -115.52 261 33 210 210 2014 7 2 18 30 6 1 27
3 57 33 34.408 -115.49 251 42 211 210 2014 7 2 18 31 6 1 27
3 57 33 34.471 -115.46 245 22 211 210 2014 7 2 18 32 6 1 27
3 57 33 34.537 -115.44 249 15 211 210 2014 7 2 18 33 6 1 27
3 57 33 34.604 -115.41 250 19 211 210 2014 7 2 18 34 6 1 27
3 57 33 34.671 -115.38 253 15 211 210 2014 7 2 18 35 16 1 31
3 57 33 34.751 -115.34 256 15 211 210 2014 7 2 18 36 6 1 31
3 57 33 34.818 -115.31 258 19 211 100 2014 7 2 18 37 6 1 31
3 57 33 34.886 -115.28 258 15 205 100 2014 7 2 18 38 6 1 31
3 57 33 34.95 -115.25 245 20 192 100 2014 7 2 18 39 6 1 31
3 57 33 35.01 -115.23 235 15 182 100 2014 7 2 18 40 16 1 31
3 57 33 35.073 -115.2 237 13 171 100 2014 7 2 18 41 10 1 31
3 57 33 35.154 -115.17 248 19 156 100 2014 7 2 18 42 6 1 31
3 57 33 35.226 -115.17 258 17 143 100 2014 7 2 18 43 16 1 31
3 57 33 35.296 -115.17 257 8 131 100 2014 7 2 18 44 16 1 31
3 57 33 35.367 -115.17 257 359 117 100 2014 7 2 18 45 6 1 31
3 57 33 35.436 -115.17 255 2 104 100 2014 7 2 18 46 6 1 31
3 57 33 35.514 -115.17 243 359 97 100 2014 7 2 18 47 6 1 31
3 57 33 35.583 -115.18 244 355 90 100 2014 7 2 18 48 6 1 3
3 57 33 35.648 -115.2 244 347 91 100 2014 7 2 18 49 6 1 3
3 57 33 35.711 -115.22 241 346 88 100 2014 7 2 18 50 6 1 3
3 57 33 35.737 -115.27 257 342 82 100 2014 7 2 18 51 6 1 3
3 57 33 35.803 -115.29 266 314 80 100 2014 7 2 18 52 6 1 3
3 57 33 35.877 -115.28 243 0 73 100 2014 7 2 18 53 6 1 3
3 57 33 35.971 -115.27 214 3 58 100 2014 7 2 18 54 15 1 3
3 57 33 35.991 -115.27 191 4 54 100 2014 7 2 18 55 6 1 3
3 57 33 36.066 -115.25 161 3 36 100 2014 7 2 18 56 16 1 3
3 57 33 36.07 -115.23 150 21 32 100 2014 7 2 18 57 6 1 3
3 57 33 36.073 -115.17 133 78 24 100 2014 7 2 18 58 6 1 3
3 57 33 36.073 -115.15 133 86 21 100 2014 7 2 18 59 6 1 3
4 57 33 33.829 -116.51 122 0 4 230 2014 7 2 21 15 6 1 4
4 57 33 33.833 -116.42 192 104 58 230 2014 7 2 21 18 6 1 4
4 57 33 33.853 -116.38 215 86 230 230 2014 7 2 21 19 16 1 20
4 57 33 33.896 -116.34 212 55 82 210 2014 7 2 21 20 6 1 4
4 57 33 33.94 -116.27 226 36 105 210 2014 7 2 21 21 6 1 4
4 57 33 33.992 -116.22 232 47 120 210 2014 7 2 21 22 6 1 4
4 57 33 34.044 -116.18 232 36 120 210 2014 7 2 21 23 6 1 4
4 57 33 34.098 -116.13 236 35 151 210 2014 7 2 21 24 6 1 27
4 57 33 34.149 -116.08 238 36 164 210 2014 7 2 21 25 6 1 27
4 57 33 34.218 -116.02 254 37 178 210 2014 7 2 21 26 6 1 27
4 57 33 34.276 -115.97 258 37 187 210 2014 7 2 21 27 15 1 27
4 57 33 34.336 -115.91 261 37 196 210 2014 7 2 21 28 6 1 27
4 57 33 34.394 -115.86 265 36 206 210 2014 7 2 21 29 6 1 27
4 57 33 34.456 -115.8 270 37 211 210 2014 7 2 21 30 6 1 27
4 57 33 34.515 -115.75 270 37 211 210 2014 7 2 21 31 6 1 27
4 57 33 34.599 -115.67 294 36 211 210 2014 7 2 21 32 6 1 27
4 57 33 34.664 -115.61 294 37 211 210 2014 7 2 21 33 6 1 27
4 57 33 34.664 -115.61 297 37 211 100 2014 7 2 21 34 6 1 27
4 57 33 34.734 -115.54 298 37 211 100 2014 7 2 21 35 6 1 31
4 57 33 34.801 -115.48 299 37 204 100 2014 7 2 21 36 6 1 31
4 57 33 34.871 -115.42 321 36 190 100 2014 7 2 21 37 6 1 31
4 57 33 34.954 -115.34 322 37 171 100 2014 7 2 21 38 16 1 31
4 57 33 35.097 -115.2 320 37 137 100 2014 7 2 21 39 15 1 31
4 57 33 35.097 -115.2 320 37 137 100 2014 7 2 21 40 6 1 31
4 57 33 35.182 -115.17 339 36 120 100 2014 7 2 21 41 6 1 31
4 57 33 35.272 -115.17 328 27 104 100 2014 7 2 21 42 6 1 31
4 57 33 35.368 -115.17 305 8 102 100 2014 7 2 21 43 6 1 31
4 57 33 35.453 -115.17 305 0 102 100 2014 7 2 21 44 6 1 31
4 57 33 35.565 -115.17 268 177 101 100 2014 7 2 21 45 6 1 31
4 57 33 35.593 -115.17 272 358 101 100 2014 7 2 21 46 6 1 3
4 57 33 35.662 -115.2 268 347 93 100 2014 7 2 21 47 6 1 3
4 57 33 35.742 -115.23 264 341 83 100 2014 7 2 21 48 6 1 3
4 57 33 35.828 -115.26 242 344 72 100 2014 7 2 21 49 16 1 3
4 57 33 35.901 -115.26 224 358 64 100 2014 7 2 21 50 6 1 3
4 57 33 35.941 -115.26 231 0 57 100 2014 7 2 21 51 6 1 3
4 57 33 36.006 -115.26 231 358 51 100 2014 7 2 21 52 6 1 3
4 57 33 36.066 -115.25 199 357 39 100 2014 7 2 21 53 17 1 3
4 57 33 36.074 -115.2 151 25 29 100 2014 7 2 21 54 6 1 3
4 57 33 36.073 -115.15 143 88 22 100 2014 7 2 21 55 6 1 3
5 57 33 33.829 -116.51 122 0 4 230 2014 7 3 17 58 6 1 4
5 57 33 33.817 -116.47 167 124 25 230 2014 7 3 17 59 6 1 4
5 57 33 33.841 -116.38 187 68 230 230 2014 7 3 18 0 6 1 20
5 57 33 33.85 -116.35 191 59 52 230 2014 7 3 18 1 6 1 4
5 57 33 33.883 -116.3 203 67 66 230 2014 7 3 18 2 6 1 4
5 57 33 33.893 -116.27 203 51 74 230 2014 7 3 18 3 6 1 4
5 57 33 33.921 -116.21 203 70 88 210 2014 7 3 18 4 6 1 4
5 57 33 33.966 -116.14 211 61 107 210 2014 7 3 18 5 6 1 4
5 57 33 34.017 -116.1 213 55 119 210 2014 7 3 18 6 6 1 27
5 57 33 34.066 -116.06 216 40 132 210 2014 7 3 18 7 6 1 27
5 57 33 34.117 -116.02 216 33 144 210 2014 7 3 18 8 6 1 27
5 57 33 34.171 -115.97 217 52 156 210 2014 7 3 18 9 6 1 27
5 57 33 34.223 -115.93 221 34 166 210 2014 7 3 18 10 6 1 27
5 57 33 34.28 -115.88 226 35 176 210 2014 7 3 18 11 6 1 27
5 57 33 34.332 -115.84 226 62 187 210 2014 7 3 18 12 6 1 27
5 57 33 34.383 -115.8 225 51 196 210 2014 7 3 18 13 6 1 27
5 57 33 34.441 -115.75 228 34 206 210 2014 7 3 18 14 6 1 27
5 57 33 34.493 -115.7 231 34 210 210 2014 7 3 18 15 6 1 27
5 57 33 34.554 -115.65 262 35 210 210 2014 7 3 18 16 6 1 27
5 57 33 34.616 -115.6 268 35 210 210 2014 7 3 18 17 16 1 27
5 57 33 34.686 -115.54 278 40 210 210 2014 7 3 18 18 16 1 27
5 57 33 34.748 -115.49 273 33 209 150 2014 7 3 18 19 6 1 31
5 57 33 34.815 -115.44 288 33 198 150 2014 7 3 18 20 6 1 31
5 57 33 34.903 -115.37 310 34 185 150 2014 7 3 18 21 6 1 31
5 57 33 34.968 -115.31 311 33 175 150 2014 7 3 18 22 6 1 31
5 57 33 35.041 -115.25 318 33 159 150 2014 7 3 18 23 6 1 31
5 57 33 35.123 -115.18 325 34 144 100 2014 7 3 18 24 8 1 31
5 57 33 35.212 -115.16 325 8 144 100 2014 7 3 18 25 6 1 31
5 57 33 35.208 -115.15 320 26 132 100 2014 7 3 18 26 6 1 31
5 57 33 35.296 -115.15 319 4 118 100 2014 7 3 18 27 6 1 31
5 57 33 35.439 -115.17 304 358 100 100 2014 7 3 18 28 6 1 31
5 57 33 35.51 -115.21 240 345 100 100 2014 7 3 18 29 7 1 31
5 57 33 35.573 -115.24 241 336 100 100 2014 7 3 18 30 6 1 31
5 57 33 35.632 -115.27 247 337 100 100 2014 7 3 18 31 6 1 3
5 57 33 35.713 -115.29 246 338 100 100 2014 7 3 18 32 6 1 3
5 57 33 35.766 -115.29 248 356 98 100 2014 7 3 18 33 6 1 3
5 57 33 35.836 -115.3 238 356 91 100 2014 7 3 18 34 7 1 3
5 57 33 35.898 -115.3 233 354 82 100 2014 7 3 18 35 6 1 3
5 57 33 35.959 -115.28 231 9 75 100 2014 7 3 18 36 6 1 3
5 57 33 36.027 -115.25 231 23 70 100 2014 7 3 18 37 6 1 3
5 57 33 36.08 -115.23 219 19 62 100 2014 7 3 18 38 6 1 3
5 57 33 36.144 -115.19 197 19 44 100 2014 7 3 18 39 6 1 3
5 57 33 36.15 -115.14 153 54 36 100 2014 7 3 18 40 6 1 3
5 57 33 36.116 -115.14 128 146 26 100 2014 7 3 18 41 6 1 3
5 57 33 36.096 -115.15 128 187 22 100 2014 7 3 18 42 6 1 3
6 57 33 33.829 -116.51 122 0 4 230 2014 7 3 20 58 6 1 4
6 57 33 33.783 -116.4 191 131 41 230 2014 7 3 21 0 6 1 4
6 57 33 33.817 -116.35 203 101 59 230 2014 7 3 21 1 6 1 4
6 57 33 33.826 -116.34 170 51 65 230 2014 7 3 21 2 6 1 4
6 57 33 33.873 -116.31 195 37 80 230 2014 7 3 21 3 6 1 4
6 57 33 33.924 -116.27 210 31 96 230 2014 7 3 21 4 6 1 4
6 57 33 33.983 -116.21 219 32 115 230 2014 7 3 21 5 6 1 4
6 57 33 34.033 -116.17 220 35 130 230 2014 7 3 21 6 6 1 4
6 57 33 34.082 -116.13 219 36 141 230 2014 7 3 21 7 6 1 27
6 57 33 34.138 -116.08 227 35 153 230 2014 7 3 21 8 6 1 27
6 57 33 34.19 -116.03 233 36 163 230 2014 7 3 21 9 6 1 27
6 57 33 34.242 -115.98 233 37 174 230 2014 7 3 21 10 6 1 27
6 57 33 34.295 -115.93 235 36 184 230 2014 7 3 21 11 6 1 27
6 57 33 34.353 -115.88 234 36 193 230 2014 7 3 21 12 6 1 27
6 57 33 34.401 -115.84 237 36 201 230 2014 7 3 21 13 6 1 27
6 57 33 34.466 -115.78 241 36 209 230 2014 7 3 21 14 6 1 27
6 57 33 34.523 -115.73 254 36 215 230 2014 7 3 21 15 6 1 27
6 57 33 34.579 -115.68 254 36 222 230 2014 7 3 21 16 6 1 27
6 57 33 34.636 -115.63 254 36 229 230 2014 7 3 21 17 6 1 27
6 57 33 34.705 -115.57 262 36 230 230 2014 7 3 21 18 6 1 27
6 57 33 34.765 -115.51 269 36 230 230 2014 7 3 21 19 6 1 31
6 57 33 34.826 -115.45 271 36 230 230 2014 7 3 21 20 7 1 31
6 57 33 34.888 -115.4 274 36 230 100 2014 7 3 21 21 10 1 31
6 57 33 34.949 -115.34 274 36 230 100 2014 7 3 21 22 6 1 31
6 57 33 35.011 -115.28 274 36 230 100 2014 7 3 21 23 6 1 31
6 57 33 35.073 -115.23 274 36 230 100 2014 7 3 21 24 6 1 31
6 57 33 35.084 -115.22 275 36 230 100 2014 7 3 21 25 8 1 31
6 57 33 35.151 -115.17 274 26 230 100 2014 7 3 21 26 6 1 31
6 57 33 35.273 -115.18 303 13 212 100 2014 7 3 21 27 6 1 31
6 57 33 35.404 -115.17 330 1 185 100 2014 7 3 21 28 6 1 31
6 57 33 35.489 -115.17 329 0 170 100 2014 7 3 21 29 6 1 31
6 57 33 35.576 -115.15 293 4 153 100 2014 7 3 21 30 6 1 3
6 57 33 35.644 -115.15 261 8 142 100 2014 7 3 21 31 6 1 3
6 57 33 35.665 -115.14 279 2 137 100 2014 7 3 21 32 6 1 3
6 57 33 35.788 -115.14 263 1 106 100 2014 7 3 21 33 6 1 3
6 57 33 35.867 -115.14 261 1 86 100 2014 7 3 21 34 6 1 3
6 57 33 35.936 -115.14 251 1 68 100 2014 7 3 21 35 6 1 3
6 57 33 36 -115.13 228 1 56 100 2014 7 3 21 36 6 1 3
6 57 33 36.059 -115.1 229 15 55 100 2014 7 3 21 37 6 1 3
6 57 33 36.116 -115.07 196 22 49 100 2014 7 3 21 38 6 1 3
6 57 33 36.134 -115.09 170 18 41 100 2014 7 3 21 39 6 1 3
6 57 33 36.133 -115.14 143 305 31 100 2014 7 3 21 40 6 1 3
6 57 33 36.1 -115.16 137 221 22 100 2014 7 3 21 41 6 1 3
7 57 33 33.817 -116.48 142 0 23 230 2014 7 4 20 55 15 1 4
7 57 33 33.821 -116.46 160 122 230 230 2014 7 4 20 56 6 1 20
7 57 33 33.844 -116.41 184 68 230 230 2014 7 4 20 57 6 1 20
7 57 33 33.868 -116.36 205 68 81 230 2014 7 4 20 58 6 1 4
7 57 33 33.895 -116.29 221 62 102 190 2014 7 4 20 59 16 1 4
7 57 33 33.954 -116.23 238 59 126 190 2014 7 4 21 0 15 1 4
7 57 33 33.995 -116.17 233 51 142 190 2014 7 4 21 1 16 1 27
7 57 33 34.039 -116.11 233 45 157 190 2014 7 4 21 2 15 1 27
7 57 33 34.091 -116.06 236 49 167 190 2014 7 4 21 3 6 1 27
7 57 33 34.156 -116.01 262 43 177 190 2014 7 4 21 4 15 1 27
7 57 33 34.217 -115.96 265 56 187 190 2014 7 4 21 5 15 1 27
7 57 33 34.279 -115.9 269 33 192 190 2014 7 4 21 6 6 1 27
7 57 33 34.343 -115.85 286 34 191 190 2014 7 4 21 7 6 1 27
7 57 33 34.413 -115.79 296 34 191 190 2014 7 4 21 8 6 1 27
7 57 33 34.481 -115.73 297 34 191 190 2014 7 4 21 9 18 1 27
7 57 33 34.562 -115.66 297 62 191 190 2014 7 4 21 10 15 1 27
7 57 33 34.562 -115.66 297 62 191 190 2014 7 4 21 11 6 1 27
7 57 33 34.694 -115.55 300 35 191 190 2014 7 4 21 12 16 1 27
7 57 33 34.694 -115.55 300 35 191 190 2014 7 4 21 13 6 1 27
7 57 33 34.843 -115.42 300 35 191 190 2014 7 4 21 14 15 1 31
7 57 33 34.913 -115.36 302 35 187 100 2014 7 4 21 15 15 1 31
7 57 33 34.983 -115.3 295 35 177 100 2014 7 4 21 16 16 1 31
7 57 33 35.05 -115.25 295 34 177 100 2014 7 4 21 17 16 1 31
7 57 33 35.042 -115.25 275 35 154 100 2014 7 4 21 18 6 1 31
7 57 33 35.101 -115.2 276 35 130 100 2014 7 4 21 19 6 1 31
7 57 33 35.184 -115.18 308 35 104 100 2014 7 4 21 20 16 1 31
7 57 33 35.281 -115.17 301 23 103 100 2014 7 4 21 21 15 1 31
7 57 33 35.351 -115.17 273 5 103 100 2014 7 4 21 22 6 1 31
7 57 33 35.449 -115.18 245 0 101 100 2014 7 4 21 23 6 1 31
7 57 33 35.489 -115.17 253 358 101 100 2014 7 4 21 24 6 1 31
7 57 33 35.572 -115.17 251 3 101 100 2014 7 4 21 25 15 1 31
7 57 33 35.646 -115.17 253 0 91 100 2014 7 4 21 26 15 1 3
7 57 33 35.698 -115.17 251 0 85 100 2014 7 4 21 27 16 1 3
7 57 33 35.774 -115.16 236 5 74 100 2014 7 4 21 28 6 1 3
7 57 33 35.836 -115.15 226 4 70 100 2014 7 4 21 29 6 1 3
7 57 33 35.911 -115.15 223 6 71 100 2014 7 4 21 30 6 1 3
7 57 33 35.98 -115.13 209 7 68 100 2014 7 4 21 31 6 1 3
7 57 33 36.029 -115.11 193 17 59 100 2014 7 4 21 32 15 1 3
7 57 33 36.086 -115.08 191 22 48 100 2014 7 4 21 33 6 1 3
7 57 33 36.121 -115.09 184 4 43 100 2014 7 4 21 34 6 1 3
7 57 33 36.12 -115.14 139 280 26 100 2014 7 4 21 35 18 1 3
7 57 33 36.089 -115.16 141 269 22 100 2014 7 4 21 36 6 1 3
8 57 33 33.817 -116.47 155 116 32 230 2014 7 4 17 57 16 1 4
8 57 33 33.85 -116.42 198 91 54 230 2014 7 4 17 58 6 1 4
8 57 33 33.874 -116.4 219 51 230 230 2014 7 4 17 59 6 1 20
8 57 33 33.903 -116.35 228 39 85 190 2014 7 4 18 0 16 1 4
8 57 33 33.926 -116.28 212 40 105 190 2014 7 4 18 1 6 1 4
8 57 33 33.988 -116.23 229 69 123 190 2014 7 4 18 2 8 1 4
8 57 33 34.039 -116.18 234 48 137 190 2014 7 4 18 3 6 1 27
8 57 33 34.095 -116.13 245 36 146 190 2014 7 4 18 4 6 1 27
8 57 33 34.154 -116.08 252 37 160 190 2014 7 4 18 5 15 1 27
8 57 33 34.211 -116.02 252 36 171 190 2014 7 4 18 6 15 1 27
8 57 33 34.267 -115.97 253 37 177 190 2014 7 4 18 7 6 1 27
8 57 33 34.328 -115.92 267 36 183 190 2014 7 4 18 8 6 1 27
8 57 33 34.398 -115.85 271 36 189 190 2014 7 4 18 9 16 1 27
8 57 33 34.468 -115.8 283 37 191 190 2014 7 4 18 10 16 1 27
8 57 33 34.547 -115.77 293 34 191 190 2014 7 4 18 11 15 1 27
8 57 33 34.625 -115.74 294 23 191 190 2014 7 4 18 12 16 1 27
8 57 33 34.702 -115.71 294 17 191 190 2014 7 4 18 13 6 1 27
8 57 33 34.781 -115.68 296 18 191 100 2014 7 4 18 14 16 1 31
8 57 33 34.877 -115.64 303 17 182 100 2014 7 4 18 15 16 1 31
8 57 33 34.962 -115.61 315 18 169 100 2014 7 4 18 16 16 1 31
8 57 33 35.045 -115.58 315 17 169 100 2014 7 4 18 17 6 1 31
8 57 33 35.049 -115.57 322 18 156 100 2014 7 4 18 18 6 1 31
8 57 33 35.13 -115.54 315 17 142 100 2014 7 4 18 19 16 1 31
8 57 33 35.213 -115.51 305 18 126 100 2014 7 4 18 20 15 1 31
8 57 33 35.292 -115.47 303 18 113 100 2014 7 4 18 21 6 1 31
8 57 33 35.422 -115.43 275 16 101 100 2014 7 4 18 22 6 1 31
8 57 33 35.479 -115.37 265 27 101 100 2014 7 4 18 23 6 1 31
8 57 33 35.538 -115.32 267 37 101 100 2014 7 4 18 24 15 1 31
8 57 33 35.598 -115.26 263 37 101 100 2014 7 4 18 25 15 1 3
8 57 33 35.659 -115.2 255 39 96 100 2014 7 4 18 26 6 1 3
8 57 33 35.674 -115.18 261 38 92 100 2014 7 4 18 27 16 1 3
8 57 33 35.735 -115.12 251 39 91 100 2014 7 4 18 28 6 1 3
8 57 33 35.789 -115.07 229 38 91 100 2014 7 4 18 29 6 1 3
8 57 33 35.837 -115.02 227 37 89 100 2014 7 4 18 30 6 1 3
8 57 33 35.888 -114.97 223 39 81 100 2014 7 4 18 31 15 1 3
8 57 33 35.943 -114.93 224 36 73 100 2014 7 4 18 32 6 1 3
8 57 33 36.007 -114.91 226 24 66 100 2014 7 4 18 33 6 1 3
8 57 33 36.074 -114.94 207 349 55 100 2014 7 4 18 34 6 1 3
8 57 33 36.074 -115.01 155 279 41 100 2014 7 4 18 35 16 1 3
8 57 33 36.074 -115.06 156 269 32 100 2014 7 4 18 36 16 1 3
8 57 33 36.074 -115.11 139 269 25 100 2014 7 4 18 37 16 1 3
8 57 33 36.073 -115.14 132 270 22 100 2014 7 4 18 38 6 1 3
8 57 33 36.074 -115.15 19 290 38 100 2014 7 4 18 40 15 1 3
8 57 33 36.076 -115.14 18 270 22 100 2014 7 4 18 41 6 1 3
