1 57 55 33.829 -116.51 148 0 4 270 2014 7 1 22 16 6 1 4
1 57 55 33.933 -116.55 251 326 59 270 2014 7 1 22 18 6 1 4
1 57 55 33.917 -116.5 254 25 78 270 2014 7 1 22 19 6 1 4
1 57 55 33.889 -116.45 252 111 87 270 2014 7 1 22 20 6 1 4
1 57 55 33.843 -116.37 281 129 112 270 2014 7 1 22 21 6 1 4
1 57 55 33.806 -116.28 294 123 132 270 2014 7 1 22 22 15 1 27
1 57 55 33.782 -116.16 305 111 155 270 2014 7 1 22 23 6 1 27
1 57 55 33.769 -116.05 314 109 173 270 2014 7 1 22 24 16 1 27
1 57 55 33.754 -115.94 323 98 187 270 2014 7 1 22 25 6 1 27
1 57 55 33.739 -115.82 349 98 203 270 2014 7 1 22 26 6 1 27
1 57 55 33.722 -115.7 361 97 217 270 2014 7 1 22 27 6 1 27
1 57 55 33.705 -115.57 371 98 230 270 2014 7 1 22 28 6 1 27
1 57 55 33.685 -115.42 382 99 240 270 2014 7 1 22 29 6 1 41
1 57 55 33.667 -115.29 399 98 249 270 2014 7 1 22 30 6 1 41
1 57 55 33.647 -115.12 411 99 250 250 2014 7 1 22 31 6 1 39
1 57 55 33.627 -115.01 420 99 250 250 2014 7 1 22 32 15 1 39
1 57 55 33.599 -114.84 424 104 250 250 2014 7 1 22 33 16 1 39
1 57 55 33.576 -114.71 424 101 250 250 2014 7 1 22 34 16 1 39
1 57 55 33.551 -114.57 424 101 250 250 2014 7 1 22 35 17 1 39
1 57 55 33.528 -114.46 423 101 250 250 2014 7 1 22 36 13 1 39
1 57 55 33.499 -114.29 423 102 250 250 2014 7 1 22 37 16 1 39
1 57 55 33.502 -114.29 422 102 250 250 2014 7 1 22 38 6 1 39
1 57 55 33.45 -114.02 420 102 250 250 2014 7 1 22 39 6 1 39
1 57 55 33.447 -114 417 102 250 250 2014 7 1 22 40 16 2 64
1 57 55 33.419 -113.86 415 104 244 250 2014 7 1 22 41 6 2 64
1 57 55 33.392 -113.73 415 103 229 250 2014 7 1 22 42 6 2 64
1 57 55 33.366 -113.6 414 103 216 250 2014 7 1 22 43 6 2 64
1 57 55 33.341 -113.47 403 103 203 250 2014 7 1 22 44 6 2 64
1 57 55 33.315 -113.35 390 102 190 250 2014 7 1 22 45 6 2 64
1 57 55 33.29 -113.23 380 103 175 250 2014 7 1 22 46 6 2 64
1 57 55 33.273 -113.11 367 97 164 250 2014 7 1 22 47 16 2 64
1 57 55 33.283 -112.95 338 88 155 250 2014 7 1 22 48 6 2 64
1 57 55 33.283 -112.85 327 88 150 250 2014 7 1 22 49 6 2 64
1 57 55 33.283 -112.75 318 88 150 250 2014 7 1 22 50 6 2 79
1 57 55 33.283 -112.63 318 89 145 250 2014 7 1 22 51 6 2 79
1 57 55 33.287 -112.55 314 89 134 250 2014 7 1 22 52 6 2 79
1 57 55 33.29 -112.43 313 89 119 250 2014 7 1 22 53 6 2 79
1 57 55 33.3 -112.33 295 83 108 250 2014 7 1 22 54 16 2 79
1 57 55 33.3 -112.24 294 84 96 250 2014 7 1 22 55 16 2 79
1 57 55 33.3 -112.15 291 85 90 250 2014 7 1 22 56 6 2 79
1 57 55 33.32 -112.06 253 81 84 250 2014 7 1 22 57 6 2 79
1 57 55 33.339 -111.98 248 76 75 250 2014 7 1 22 58 16 2 79
1 57 55 33.346 -111.9 246 76 63 250 2014 7 1 22 59 16 2 79
1 57 55 33.381 -111.84 237 73 50 250 2014 7 1 23 0 6 2 79
1 57 55 33.435 -111.85 207 348 37 250 2014 7 1 23 1 6 2 79
1 57 55 33.442 -111.91 183 291 24 250 2014 7 1 23 2 6 2 79
1 57 55 33.442 -111.96 150 277 17 250 2014 7 1 23 3 6 2 79
2 57 55 33.85 -116.53 174 320 19 270 2014 7 1 1 21 6 1 4
2 57 55 33.9 -116.57 226 325 39 270 2014 7 1 1 22 6 1 4
2 57 55 33.9 -116.5 239 79 62 270 2014 7 1 1 23 6 1 4
2 57 55 33.85 -116.47 262 140 88 270 2014 7 1 1 24 6 1 4
2 57 55 33.825 -116.4 238 151 101 270 2014 7 1 1 25 6 1 4
2 57 55 33.812 -116.3 264 121 112 270 2014 7 1 1 26 6 1 4
2 57 55 33.797 -116.19 305 103 128 270 2014 7 1 1 27 6 1 4
2 57 55 33.781 -116.09 320 99 143 270 2014 7 1 1 28 6 1 27
2 57 55 33.764 -115.95 332 99 160 270 2014 7 1 1 29 6 1 27
2 57 55 33.75 -115.84 335 99 173 270 2014 7 1 1 30 6 1 27
2 57 55 33.734 -115.72 345 98 191 270 2014 7 1 1 31 6 1 27
2 57 55 33.716 -115.61 348 99 204 270 2014 7 1 1 32 6 1 27
2 57 55 33.697 -115.47 354 100 219 270 2014 7 1 1 33 6 1 27
2 57 55 33.681 -115.35 354 98 232 270 2014 7 1 1 34 16 1 27
2 57 55 33.666 -115.25 363 99 241 270 2014 7 1 1 35 6 1 41
2 57 55 33.647 -115.1 373 99 250 270 2014 7 1 1 36 6 1 39
2 57 55 33.629 -114.97 394 99 253 270 2014 7 1 1 37 16 1 39
2 57 55 33.604 -114.84 402 98 264 270 2014 7 1 1 38 6 1 39
2 57 55 33.585 -114.71 402 101 270 250 2014 7 1 1 39 6 1 39
2 57 55 33.555 -114.54 427 105 264 250 2014 7 1 1 40 6 1 39
2 57 55 33.549 -114.4 427 92 264 250 2014 7 1 1 41 6 1 39
2 57 55 33.527 -114.39 450 102 258 250 2014 7 1 1 42 6 1 39
2 57 55 33.463 -114.08 476 103 250 250 2014 7 1 1 43 16 1 39
2 57 55 33.436 -113.93 467 103 250 250 2014 7 1 1 44 15 2 64
2 57 55 33.405 -113.8 422 102 239 250 2014 7 1 1 45 6 2 64
2 57 55 33.407 -113.8 422 103 239 250 2014 7 1 1 46 7 2 64
2 57 55 33.379 -113.67 412 102 216 250 2014 7 1 1 47 7 2 64
2 57 55 33.324 -113.41 412 103 175 250 2014 7 1 1 48 6 2 64
2 57 55 33.319 -113.38 410 104 172 250 2014 7 1 1 49 6 2 64
2 57 55 33.294 -113.25 402 102 163 250 2014 7 1 1 50 6 2 64
2 57 55 33.267 -113.08 374 97 150 250 2014 7 1 1 51 6 2 64
2 57 55 33.275 -113.01 370 93 150 250 2014 7 1 1 52 16 2 64
2 57 55 33.278 -112.89 370 81 150 250 2014 7 1 1 53 6 2 64
2 57 55 33.283 -112.77 331 91 150 250 2014 7 1 1 54 6 2 79
2 57 55 33.283 -112.68 317 88 149 250 2014 7 1 1 55 15 2 79
2 57 55 33.286 -112.56 309 89 135 250 2014 7 1 1 56 7 2 79
2 57 55 33.288 -112.46 302 89 122 250 2014 7 1 1 57 6 2 79
2 57 55 33.291 -112.37 296 89 111 250 2014 7 1 1 58 6 2 79
2 57 55 33.298 -112.27 292 78 97 250 2014 7 1 1 59 6 2 79
2 57 55 33.305 -112.17 293 89 90 250 2014 7 1 2 0 6 2 79
2 57 55 33.316 -112.07 253 76 90 250 2014 7 1 2 1 6 2 79
2 57 55 33.336 -112 247 73 78 250 2014 7 1 2 2 6 2 79
2 57 55 33.35 -111.92 257 73 69 250 2014 7 1 2 3 6 2 79
2 57 55 33.367 -111.78 207 94 56 250 2014 7 1 2 4 16 2 79
2 57 55 33.378 -111.79 193 73 52 250 2014 7 1 2 5 6 2 79
2 57 55 33.401 -111.85 182 308 41 250 2014 7 1 2 6 6 2 79
2 57 55 33.422 -111.9 181 291 31 250 2014 7 1 2 7 6 2 79
2 57 55 33.43 -111.95 154 291 20 250 2014 7 1 2 8 6 2 79
2 57 55 33.428 -112 140 270 12 250 2014 7 1 2 9 6 2 79
3 57 55 33.829 -116.51 148 0 4 250 2014 7 1 14 6 6 1 4
3 57 55 33.945 -116.57 203 327 58 250 2014 7 1 14 8 6 1 4
3 57 55 33.95 -116.55 253 343 63 250 2014 7 1 14 9 6 1 4
3 57 55 33.923 -116.48 247 15 85 250 2014 7 1 14 10 16 1 4
3 57 55 33.866 -116.42 259 106 104 250 2014 7 1 14 11 14 1 4
3 57 55 33.827 -116.33 273 127 118 250 2014 7 1 14 12 6 1 4
3 57 55 33.793 -116.23 310 117 135 250 2014 7 1 14 13 6 1 27
3 57 55 33.778 -116.13 313 115 152 250 2014 7 1 14 14 6 1 27
3 57 55 33.764 -116.02 319 102 169 250 2014 7 1 14 15 16 1 27
3 57 55 33.749 -115.9 329 99 186 250 2014 7 1 14 16 6 1 27
3 57 55 33.731 -115.76 346 98 204 250 2014 7 1 14 17 16 1 27
3 57 55 33.715 -115.64 358 99 213 250 2014 7 1 14 18 6 1 27
3 57 55 33.698 -115.51 397 98 213 250 2014 7 1 14 19 15 1 27
3 57 55 33.678 -115.37 418 99 218 250 2014 7 1 14 20 6 1 27
3 57 55 33.659 -115.23 426 99 225 250 2014 7 1 14 21 6 1 27
3 57 55 33.64 -115.08 434 97 232 250 2014 7 1 14 22 6 1 27
3 57 55 33.62 -114.94 436 98 237 250 2014 7 1 14 23 6 1 27
3 57 55 33.588 -114.76 445 103 241 250 2014 7 1 14 24 6 1 39
3 57 55 33.57 -114.65 450 103 246 250 2014 7 1 14 25 6 1 39
3 57 55 33.542 -114.5 450 102 250 250 2014 7 1 14 26 6 1 39
3 57 55 33.506 -114.32 457 101 248 250 2014 7 1 14 27 6 1 39
3 57 55 33.481 -114.17 467 103 240 250 2014 7 1 14 28 6 1 39
3 57 55 33.451 -114.03 441 101 240 250 2014 7 1 14 29 6 1 39
3 57 55 33.421 -113.87 409 103 234 250 2014 7 1 14 30 16 2 64
3 57 55 33.397 -113.76 367 103 224 250 2014 7 1 14 31 6 2 64
3 57 55 33.373 -113.65 358 104 213 250 2014 7 1 14 32 16 2 64
3 57 55 33.356 -113.55 357 103 204 250 2014 7 1 14 33 15 2 64
3 57 55 33.329 -113.42 348 102 191 250 2014 7 1 14 34 6 2 64
3 57 55 33.308 -113.31 344 103 187 250 2014 7 1 14 35 6 2 64
3 57 55 33.284 -113.2 342 105 173 250 2014 7 1 14 36 6 2 64
3 57 55 33.275 -113.08 347 103 160 250 2014 7 1 14 37 6 2 64
3 57 55 33.277 -112.98 324 90 146 250 2014 7 1 14 38 6 2 64
3 57 55 33.283 -112.85 295 88 123 250 2014 7 1 14 39 18 2 64
3 57 55 33.299 -112.77 292 89 108 250 2014 7 1 14 40 15 2 79
3 57 55 33.3 -112.75 284 77 106 250 2014 7 1 14 41 10 2 79
3 57 55 33.328 -112.69 270 64 100 250 2014 7 1 14 42 6 2 79
3 57 55 33.375 -112.64 256 29 91 250 2014 7 1 14 43 6 2 79
3 57 55 33.433 -112.6 240 31 80 250 2014 7 1 14 44 6 2 79
3 57 55 33.433 -112.52 237 91 80 250 2014 7 1 14 45 6 2 79
3 57 55 33.433 -112.45 223 91 70 250 2014 7 1 14 46 6 2 79
3 57 55 33.433 -112.38 215 90 66 250 2014 7 1 14 47 6 2 79
3 57 55 33.429 -112.31 215 86 60 250 2014 7 1 14 48 6 2 79
3 57 55 33.433 -112.23 194 95 54 250 2014 7 1 14 49 6 2 79
3 57 55 33.429 -112.18 199 85 40 250 2014 7 1 14 50 15 2 79
3 57 55 33.429 -112.11 183 89 25 250 2014 7 1 14 51 7 2 79
3 57 55 33.429 -112.06 152 89 16 250 2014 7 1 14 52 15 2 79
4 57 55 33.85 -116.53 158 0 19 270 2014 7 1 14 57 15 1 4
4 57 55 33.9 -116.57 210 319 40 270 2014 7 1 14 58 6 1 4
4 57 55 33.937 -116.58 268 331 55 270 2014 7 1 14 59 6 1 4
4 57 55 33.935 -116.5 287 56 78 270 2014 7 1 15 0 6 1 4
4 57 55 33.871 -116.43 267 82 100 270 2014 7 1 15 1 6 1 4
4 57 55 33.833 -116.34 303 119 117 270 2014 7 1 15 2 16 1 4
4 57 55 33.794 -116.25 308 126 136 270 2014 7 1 15 3 6 1 27
4 57 55 33.78 -116.14 319 110 154 270 2014 7 1 15 4 15 1 27
4 57 55 33.766 -116.03 326 107 170 270 2014 7 1 15 5 6 1 27
4 57 55 33.752 -115.92 332 98 188 270 2014 7 1 15 6 6 1 27
4 57 55 33.736 -115.8 345 98 203 270 2014 7 1 15 7 6 1 27
4 57 55 33.717 -115.66 359 99 217 250 2014 7 1 15 8 6 1 27
4 57 55 33.698 -115.51 363 99 235 250 2014 7 1 15 9 6 1 27
4 57 55 33.679 -115.42 368 98 246 250 2014 7 1 15 10 6 1 41
4 57 55 33.623 -115.31 384 107 250 250 2014 7 1 15 11 6 1 41
4 57 55 33.572 -115.2 382 120 250 250 2014 7 1 15 12 6 1 39
4 57 55 33.559 -115.05 374 97 250 250 2014 7 1 15 13 15 1 39
4 57 55 33.547 -114.95 373 96 250 250 2014 7 1 15 14 6 1 39
4 57 55 33.533 -114.78 373 96 250 250 2014 7 1 15 15 16 1 39
4 57 55 33.533 -114.78 373 96 250 250 2014 7 1 15 16 6 1 39
4 57 55 33.519 -114.65 380 97 250 250 2014 7 1 15 17 6 1 39
4 57 55 33.494 -114.41 404 95 250 250 2014 7 1 15 18 16 1 39
4 57 55 33.494 -114.38 403 97 250 250 2014 7 1 15 19 6 1 39
4 57 55 33.481 -114.25 408 96 250 250 2014 7 1 15 20 16 1 39
4 57 55 33.464 -114.08 414 97 250 250 2014 7 1 15 21 15 1 39
4 57 55 33.436 -113.95 417 101 250 250 2014 7 1 15 22 16 2 64
4 57 55 33.408 -113.81 417 104 250 250 2014 7 1 15 23 16 2 64
4 57 55 33.381 -113.67 417 103 244 250 2014 7 1 15 24 6 2 64
4 57 55 33.354 -113.54 417 103 226 250 2014 7 1 15 25 16 2 64
4 57 55 33.328 -113.41 407 103 209 250 2014 7 1 15 26 6 2 64
4 57 55 33.299 -113.27 384 103 190 250 2014 7 1 15 27 15 2 64
4 57 55 33.276 -113.16 357 103 176 250 2014 7 1 15 28 6 2 64
4 57 55 33.283 -113.03 342 91 160 250 2014 7 1 15 29 6 2 64
4 57 55 33.278 -112.94 327 84 147 250 2014 7 1 15 30 6 2 64
4 57 55 33.281 -112.84 307 89 128 250 2014 7 1 15 31 6 2 64
4 57 55 33.307 -112.75 294 78 109 250 2014 7 1 15 32 16 2 79
4 57 55 33.343 -112.65 275 64 98 250 2014 7 1 15 33 16 2 79
4 57 55 33.373 -112.58 259 64 83 250 2014 7 1 15 34 15 2 79
4 57 55 33.402 -112.5 254 64 80 250 2014 7 1 15 35 16 2 79
4 57 55 33.427 -112.43 240 73 71 250 2014 7 1 15 36 6 2 79
4 57 55 33.428 -112.35 241 76 60 250 2014 7 1 15 37 6 2 79
4 57 55 33.429 -112.26 226 89 47 250 2014 7 1 15 38 16 2 79
4 57 55 33.433 -112.22 220 89 41 250 2014 7 1 15 39 6 2 79
4 57 55 33.433 -112.17 212 89 31 250 2014 7 1 15 40 6 2 79
4 57 55 33.433 -112.1 183 87 25 250 2014 7 1 15 41 6 2 79
4 57 55 33.433 -112.05 139 91 16 250 2014 7 1 15 42 15 2 79
4 57 55 33.431 -112.03 143 89 12 250 2014 7 1 15 43 6 2 79
5 57 55 33.861 -116.53 180 0 250 250 2014 7 1 17 53 6 1 41
5 57 55 33.908 -116.56 0 317 250 250 2014 7 1 17 54 6 1 41
5 57 55 33.931 -116.5 231 28 65 250 2014 7 1 17 55 16 1 4
5 57 55 33.915 -116.43 229 103 86 250 2014 7 1 17 56 8 1 4
5 57 55 33.899 -116.35 233 103 102 250 2014 7 1 17 57 6 1 4
5 57 55 33.881 -116.24 298 101 115 250 2014 7 1 17 58 6 1 4
5 57 55 33.856 -116.11 331 102 139 250 2014 7 1 17 59 6 1 27
5 57 55 33.836 -116 331 102 139 250 2014 7 1 18 0 6 1 27
5 57 55 33.835 -115.99 338 102 160 250 2014 7 1 18 1 6 1 27
5 57 55 33.789 -115.75 367 102 200 250 2014 7 1 18 2 15 1 27
5 57 55 33.767 -115.64 367 102 200 250 2014 7 1 18 3 6 1 27
5 57 55 33.765 -115.63 376 102 216 250 2014 7 1 18 4 6 1 27
5 57 55 33.736 -115.47 393 103 235 250 2014 7 1 18 5 6 1 27
5 57 55 33.709 -115.34 410 103 246 250 2014 7 1 18 6 9 1 41
5 57 55 33.682 -115.2 431 102 250 250 2014 7 1 18 7 16 1 41
5 57 55 33.65 -115.04 463 101 250 250 2014 7 1 18 8 6 1 39
5 57 55 33.622 -114.89 467 105 250 250 2014 7 1 18 9 6 1 39
5 57 55 33.594 -114.73 472 103 250 250 2014 7 1 18 10 6 1 39
5 57 55 33.557 -114.55 472 102 250 250 2014 7 1 18 11 6 1 39
5 57 55 33.524 -114.39 475 102 250 250 2014 7 1 18 12 16 1 39
5 57 55 33.496 -114.24 474 104 250 250 2014 7 1 18 13 16 1 39
5 57 55 33.463 -114.09 475 101 250 250 2014 7 1 18 14 6 1 39
5 57 55 33.437 -113.95 424 103 250 250 2014 7 1 18 15 6 2 64
5 57 55 33.411 -113.82 418 105 250 250 2014 7 1 18 16 6 2 64
5 57 55 33.379 -113.66 413 103 230 250 2014 7 1 18 17 6 2 64
5 57 55 33.352 -113.53 409 103 212 250 2014 7 1 18 18 6 2 64
5 57 55 33.326 -113.41 397 102 194 250 2014 7 1 18 19 6 2 64
5 57 55 33.302 -113.28 390 104 175 250 2014 7 1 18 20 6 2 64
5 57 55 33.295 -113.17 363 93 159 250 2014 7 1 18 21 12 2 64
5 57 55 33.291 -113.05 345 93 144 250 2014 7 1 18 22 6 2 64
5 57 55 33.286 -112.94 346 94 129 250 2014 7 1 18 23 6 2 64
5 57 55 33.282 -112.83 334 89 115 250 2014 7 1 18 24 16 2 64
5 57 55 33.315 -112.72 280 64 103 250 2014 7 1 18 25 16 2 79
5 57 55 33.344 -112.65 265 73 93 250 2014 7 1 18 26 6 2 79
5 57 55 33.373 -112.57 265 64 83 250 2014 7 1 18 27 6 2 79
5 57 55 33.405 -112.48 274 64 75 250 2014 7 1 18 28 6 2 79
5 57 55 33.417 -112.43 269 66 70 250 2014 7 1 18 29 6 2 79
5 57 55 33.433 -112.35 241 66 62 250 2014 7 1 18 30 6 2 79
5 57 55 33.433 -112.27 224 84 54 250 2014 7 1 18 31 6 2 79
5 57 55 33.45 -112.2 193 89 41 250 2014 7 1 18 32 6 2 79
5 57 55 33.441 -112.11 185 111 25 250 2014 7 1 18 33 6 2 79
5 57 55 33.433 -112.1 162 90 23 250 2014 7 1 18 34 16 2 79
5 57 55 33.433 -112.03 159 89 14 250 2014 7 1 18 35 16 2 79
5 57 55 33.438 -112.01 155 89 11 250 2014 7 1 18 36 6 2 79
6 57 55 33.867 -116.53 172 323 24 250 2014 7 1 19 18 6 1 4
6 57 55 33.917 -116.57 222 329 47 250 2014 7 1 19 19 16 1 4
6 57 55 33.945 -116.5 238 40 65 250 2014 7 1 19 20 15 1 4
6 57 55 33.881 -116.44 275 64 93 250 2014 7 1 19 21 6 1 4
6 57 55 33.847 -116.35 306 108 113 250 2014 7 1 19 22 6 1 4
6 57 55 33.83 -116.24 334 127 129 250 2014 7 1 19 23 6 1 4
6 57 55 33.811 -116.11 357 106 140 250 2014 7 1 19 24 6 1 27
6 57 55 33.79 -115.97 382 100 163 250 2014 7 1 19 25 15 1 27
6 57 55 33.79 -115.97 382 100 163 250 2014 7 1 19 26 6 1 27
6 57 55 33.763 -115.81 409 100 189 250 2014 7 1 19 27 6 1 27
6 57 55 33.742 -115.67 423 100 190 250 2014 7 1 19 28 6 1 27
6 57 55 33.693 -115.38 442 100 222 250 2014 7 1 19 29 16 1 27
6 57 55 33.669 -115.23 443 100 231 250 2014 7 1 19 30 16 1 27
6 57 55 33.655 -115.11 460 101 243 250 2014 7 1 19 31 6 1 39
6 57 55 33.631 -114.95 465 100 250 250 2014 7 1 19 32 6 1 39
6 57 55 33.604 -114.8 474 101 250 250 2014 7 1 19 33 6 1 39
6 57 55 33.575 -114.64 477 101 250 250 2014 7 1 19 34 16 1 39
6 57 55 33.559 -114.58 477 102 250 250 2014 7 1 19 35 6 1 39
6 57 55 33.53 -114.43 464 102 250 250 2014 7 1 19 36 6 1 39
6 57 55 33.481 -114.16 463 103 250 250 2014 7 1 19 37 16 1 39
6 57 55 33.452 -114.02 450 103 250 250 2014 7 1 19 38 16 1 39
6 57 55 33.424 -113.89 416 102 250 250 2014 7 1 19 39 16 2 64
6 57 55 33.397 -113.76 410 103 245 250 2014 7 1 19 40 16 2 64
6 57 55 33.385 -113.7 417 103 239 250 2014 7 1 19 41 6 2 64
6 57 55 33.359 -113.57 414 103 224 250 2014 7 1 19 42 6 2 64
6 57 55 33.334 -113.45 398 102 209 250 2014 7 1 19 43 16 2 64
6 57 55 33.308 -113.33 383 103 194 250 2014 7 1 19 44 6 2 64
6 57 55 33.285 -113.21 376 103 177 250 2014 7 1 19 45 6 2 64
6 57 55 33.275 -113.11 361 103 165 250 2014 7 1 19 46 6 2 64
6 57 55 33.283 -112.97 355 89 150 250 2014 7 1 19 47 7 2 64
6 57 55 33.279 -112.89 333 86 150 250 2014 7 1 19 48 15 2 64
6 57 55 33.283 -112.77 312 91 150 250 2014 7 1 19 49 16 2 79
6 57 55 33.283 -112.65 314 88 148 250 2014 7 1 19 50 6 2 79
6 57 55 33.283 -112.55 317 87 134 250 2014 7 1 19 51 6 2 79
6 57 55 33.283 -112.45 305 88 120 250 2014 7 1 19 52 6 2 79
6 57 55 33.3 -112.33 295 87 108 250 2014 7 1 19 53 6 2 79
6 57 55 33.298 -112.27 297 84 102 250 2014 7 1 19 54 16 2 79
6 57 55 33.305 -112.17 293 89 95 250 2014 7 1 19 55 6 2 79
6 57 55 33.314 -112.09 258 73 88 250 2014 7 1 19 56 6 2 79
6 57 55 33.333 -112 248 75 76 250 2014 7 1 19 57 6 2 79
6 57 55 33.345 -111.91 242 78 70 250 2014 7 1 19 58 15 2 79
6 57 55 33.344 -111.84 222 89 60 250 2014 7 1 19 59 6 2 79
6 57 55 33.351 -111.77 221 89 42 250 2014 7 1 20 0 6 2 79
6 57 55 33.407 -111.77 209 0 40 250 2014 7 1 20 1 6 2 79
6 57 55 33.428 -111.83 205 300 39 250 2014 7 1 20 2 16 2 79
6 57 55 33.429 -111.9 198 270 27 250 2014 7 1 20 3 15 2 79
6 57 55 33.429 -111.96 146 270 19 250 2014 7 1 20 4 16 2 79
6 57 55 33.428 -112.01 142 270 12 250 2014 7 1 20 5 16 2 79
7 57 55 33.847 -116.52 174 0 270 270 2014 7 1 21 24 21 1 41
7 57 55 33.896 -116.57 219 326 270 270 2014 7 1 21 25 16 1 41
7 57 55 33.933 -116.57 243 322 53 270 2014 7 1 21 26 6 1 4
7 57 55 33.972 -116.49 252 18 58 270 2014 7 1 21 27 6 1 4
7 57 55 33.955 -116.41 252 104 58 270 2014 7 1 21 28 16 1 4
7 57 55 33.915 -116.35 292 80 101 270 2014 7 1 21 29 6 1 4
7 57 55 33.875 -116.13 326 110 134 270 2014 7 1 21 30 15 1 27
7 57 55 33.875 -116.13 326 110 134 270 2014 7 1 21 31 6 1 27
7 57 55 33.851 -116.02 344 102 149 270 2014 7 1 21 32 16 1 27
7 57 55 33.828 -115.9 349 103 163 270 2014 7 1 21 33 16 1 27
7 57 55 33.805 -115.78 361 103 175 270 2014 7 1 21 34 6 1 27
7 57 55 33.779 -115.66 375 103 189 270 2014 7 1 21 35 16 1 27
7 57 55 33.748 -115.51 389 103 203 270 2014 7 1 21 36 6 1 27
7 57 55 33.722 -115.38 389 103 214 270 2014 7 1 21 37 6 1 27
7 57 55 33.682 -115.18 394 103 230 270 2014 7 1 21 38 16 1 27
7 57 55 33.669 -115.13 397 103 233 270 2014 7 1 21 39 6 1 27
7 57 55 33.642 -114.99 409 102 237 270 2014 7 1 21 40 6 1 27
7 57 55 33.615 -114.85 420 104 244 270 2014 7 1 21 41 6 1 39
7 57 55 33.585 -114.72 422 103 252 250 2014 7 1 21 42 6 1 39
7 57 55 33.553 -114.55 423 103 261 250 2014 7 1 21 43 15 1 39
7 57 55 33.526 -114.41 424 103 268 250 2014 7 1 21 44 16 1 39
7 57 55 33.499 -114.27 426 103 267 250 2014 7 1 21 45 16 1 39
7 57 55 33.471 -114.13 438 103 253 250 2014 7 1 21 46 12 1 39
7 57 55 33.443 -113.99 434 102 250 250 2014 7 1 21 47 6 2 64
7 57 55 33.416 -113.86 414 103 249 250 2014 7 1 21 48 6 2 64
7 57 55 33.385 -113.7 414 103 234 250 2014 7 1 21 49 16 2 64
7 57 55 33.358 -113.57 420 104 221 250 2014 7 1 21 50 6 2 64
7 57 55 33.332 -113.44 396 103 208 250 2014 7 1 21 51 6 2 64
7 57 55 33.307 -113.32 388 103 196 250 2014 7 1 21 52 6 2 64
7 57 55 33.283 -113.19 384 105 182 250 2014 7 1 21 53 6 2 64
7 57 55 33.267 -113.07 350 94 166 250 2014 7 1 21 54 6 2 64
7 57 55 33.283 -112.93 335 89 159 250 2014 7 1 21 55 15 2 64
7 57 55 33.279 -112.88 334 81 156 250 2014 7 1 21 56 6 2 64
7 57 55 33.281 -112.77 331 89 152 250 2014 7 1 21 57 6 2 79
7 57 55 33.283 -112.66 324 89 147 250 2014 7 1 21 58 16 2 79
7 57 55 33.287 -112.54 321 89 132 250 2014 7 1 21 59 6 2 79
7 57 55 33.289 -112.44 309 89 119 250 2014 7 1 22 0 6 2 79
7 57 55 33.292 -112.34 299 89 110 250 2014 7 1 22 1 10 2 79
7 57 55 33.3 -112.23 288 78 103 250 2014 7 1 22 2 6 2 79
7 57 55 33.3 -112.25 288 85 105 250 2014 7 1 22 3 6 2 79
7 57 55 33.318 -112.07 262 89 89 250 2014 7 1 22 4 6 2 79
7 57 55 33.317 -112.05 255 80 87 250 2014 7 1 22 5 6 2 79
7 57 55 33.339 -111.98 230 79 79 250 2014 7 1 22 6 6 2 79
7 57 55 33.35 -111.9 197 74 61 250 2014 7 1 22 7 6 2 79
7 57 55 33.417 -111.88 176 42 28 250 2014 7 1 22 8 15 2 79
7 57 55 33.433 -111.93 155 347 22 250 2014 7 1 22 9 6 2 79
7 57 55 33.429 -111.94 160 291 22 250 2014 7 1 22 10 6 2 79
8 57 55 33.817 -116.48 170 0 15 270 2014 7 2 22 22 6 1 4
8 57 55 33.785 -116.41 240 121 270 270 2014 7 2 22 23 6 1 41
8 57 55 33.753 -116.32 284 106 270 270 2014 7 2 22 24 16 1 41
8 57 55 33.744 -116.23 284 96 270 270 2014 7 2 22 25 6 1 41
8 57 55 33.735 -116.22 302 105 84 270 2014 7 2 22 26 6 1 4
8 57 55 33.728 -116.12 302 106 108 270 2014 7 2 22 27 6 1 27
8 57 55 33.719 -116.02 302 97 133 270 2014 7 2 22 28 6 1 27
8 57 55 33.707 -115.92 304 95 149 270 2014 7 2 22 29 6 1 27
8 57 55 33.699 -115.81 310 96 168 270 2014 7 2 22 30 6 1 27
8 57 55 33.688 -115.71 322 96 187 270 2014 7 2 22 31 6 1 27
8 57 55 33.675 -115.57 343 95 204 270 2014 7 2 22 32 16 1 27
8 57 55 33.664 -115.45 350 96 217 270 2014 7 2 22 33 6 1 27
8 57 55 33.645 -115.26 366 96 230 270 2014 7 2 22 34 6 1 27
8 57 55 33.629 -115.13 387 95 230 250 2014 7 2 22 35 16 1 27
8 57 55 33.619 -114.98 412 97 240 250 2014 7 2 22 36 6 1 39
8 57 55 33.607 -114.85 411 96 250 250 2014 7 2 22 37 6 1 39
8 57 55 33.589 -114.72 409 96 250 250 2014 7 2 22 38 6 1 39
8 57 55 33.563 -114.58 413 102 250 250 2014 7 2 22 39 16 1 39
8 57 55 33.544 -114.5 412 103 250 250 2014 7 2 22 40 6 1 39
8 57 55 33.517 -114.36 418 103 250 250 2014 7 2 22 41 6 1 39
8 57 55 33.49 -114.23 417 103 250 250 2014 7 2 22 42 6 1 39
8 57 55 33.465 -114.09 420 103 250 250 2014 7 2 22 43 6 1 39
8 57 55 33.432 -113.93 421 102 250 250 2014 7 2 22 44 16 2 64
8 57 55 33.421 -113.88 417 103 248 250 2014 7 2 22 45 6 2 64
8 57 55 33.38 -113.67 412 103 228 250 2014 7 2 22 46 6 2 64
8 57 55 33.355 -113.54 398 103 216 250 2014 7 2 22 47 6 2 64
8 57 55 33.329 -113.42 392 103 204 250 2014 7 2 22 48 6 2 64
8 57 55 33.303 -113.3 382 104 192 250 2014 7 2 22 49 6 2 64
8 57 55 33.276 -113.16 361 103 176 250 2014 7 2 22 50 16 2 64
8 57 55 33.276 -113.11 356 103 172 250 2014 7 2 22 51 18 2 64
8 57 55 33.276 -113 351 81 162 250 2014 7 2 22 52 6 2 64
8 57 55 33.283 -112.87 327 93 152 250 2014 7 2 22 53 6 2 64
8 57 55 33.28 -112.79 321 87 150 250 2014 7 2 22 54 16 2 64
8 57 55 33.283 -112.66 314 89 147 250 2014 7 2 22 55 6 2 79
8 57 55 33.285 -112.57 312 89 136 250 2014 7 2 22 56 6 2 79
8 57 55 33.289 -112.47 305 89 123 250 2014 7 2 22 57 6 2 79
8 57 55 33.292 -112.37 301 89 111 250 2014 7 2 22 58 16 2 79
8 57 55 33.298 -112.26 262 78 105 250 2014 7 2 22 59 6 2 79
8 57 55 33.305 -112.18 251 89 94 250 2014 7 2 23 0 6 2 79
8 57 55 33.31 -112.1 247 76 90 250 2014 7 2 23 1 15 2 79
8 57 55 33.333 -112.01 247 73 79 250 2014 7 2 23 2 6 2 79
8 57 55 33.346 -111.94 239 73 71 250 2014 7 2 23 3 6 2 79
8 57 55 33.345 -111.87 236 89 59 250 2014 7 2 23 4 15 2 79
8 57 55 33.386 -111.8 242 89 42 250 2014 7 2 23 5 8 2 79
8 57 55 33.43 -111.82 188 11 38 250 2014 7 2 23 6 6 2 79
8 57 55 33.44 -111.88 176 286 33 250 2014 7 2 23 7 6 2 79
8 57 55 33.441 -111.93 160 270 24 250 2014 7 2 23 8 6 2 79
8 57 55 33.433 -111.95 143 270 20 250 2014 7 2 23 9 6 2 79
8 57 55 33.44 -111.98 139 270 14 250 2014 7 2 23 10 6 2 79
9 57 55 33.829 -116.51 148 0 4 270 2014 7 2 1 21 7 1 4
9 57 55 33.8 -116.47 174 125 21 270 2014 7 2 1 22 16 1 4
9 57 55 33.778 -116.39 257 111 270 270 2014 7 2 1 23 15 1 41
9 57 55 33.755 -116.3 288 111 270 270 2014 7 2 1 24 15 1 41
9 57 55 33.748 -116.22 292 106 83 270 2014 7 2 1 25 16 1 4
9 57 55 33.725 -115.99 318 96 125 270 2014 7 2 1 26 24 1 27
9 57 55 33.714 -115.88 318 96 125 270 2014 7 2 1 27 6 1 27
9 57 55 33.713 -115.88 327 96 142 270 2014 7 2 1 28 6 1 27
9 57 55 33.701 -115.77 327 97 162 270 2014 7 2 1 29 16 1 27
9 57 55 33.689 -115.66 339 96 178 270 2014 7 2 1 30 6 1 27
9 57 55 33.678 -115.54 346 97 195 270 2014 7 2 1 31 6 1 27
9 57 55 33.665 -115.42 358 96 203 270 2014 7 2 1 32 15 1 27
9 57 55 33.649 -115.27 374 96 219 250 2014 7 2 1 33 16 1 27
9 57 55 33.637 -115.15 375 97 226 250 2014 7 2 1 34 16 1 27
9 57 55 33.622 -115.02 392 95 235 250 2014 7 2 1 35 6 1 27
9 57 55 33.608 -114.88 396 97 247 250 2014 7 2 1 36 6 1 39
9 57 55 33.593 -114.75 402 97 250 250 2014 7 2 1 37 15 1 39
9 57 55 33.566 -114.61 418 102 250 250 2014 7 2 1 38 6 1 39
9 57 55 33.538 -114.47 430 102 250 250 2014 7 2 1 39 6 1 39
9 57 55 33.504 -114.3 436 103 250 250 2014 7 2 1 40 6 1 39
9 57 55 33.477 -114.16 440 102 250 250 2014 7 2 1 41 6 1 39
9 57 55 33.449 -114.02 425 103 250 250 2014 7 2 1 42 6 1 39
9 57 55 33.423 -113.89 403 103 250 250 2014 7 2 1 43 6 2 64
9 57 55 33.397 -113.76 398 104 250 250 2014 7 2 1 44 16 2 64
9 57 55 33.371 -113.64 398 103 238 250 2014 7 2 1 45 6 2 64
9 57 55 33.346 -113.51 398 103 224 250 2014 7 2 1 46 8 2 64
9 57 55 33.316 -113.36 387 103 206 250 2014 7 2 1 47 16 2 64
9 57 55 33.292 -113.24 385 103 191 250 2014 7 2 1 48 16 2 64
9 57 55 33.274 -113.13 354 102 175 250 2014 7 2 1 49 15 2 64
9 57 55 33.267 -113.05 330 88 169 250 2014 7 2 1 50 15 2 64
9 57 55 33.278 -112.93 335 84 164 250 2014 7 2 1 51 6 2 64
9 57 55 33.28 -112.82 335 89 158 250 2014 7 2 1 52 16 2 64
9 57 55 33.282 -112.71 327 89 154 250 2014 7 2 1 53 15 2 79
9 57 55 33.284 -112.61 313 89 144 250 2014 7 2 1 54 6 2 79
9 57 55 33.288 -112.49 306 89 129 250 2014 7 2 1 55 15 2 79
9 57 55 33.291 -112.4 297 89 116 250 2014 7 2 1 56 8 2 79
9 57 55 33.295 -112.3 294 78 104 250 2014 7 2 1 57 6 2 79
9 57 55 33.3 -112.23 288 86 100 250 2014 7 2 1 58 6 2 79
9 57 55 33.31 -112.11 292 89 100 250 2014 7 2 1 59 16 2 79
9 57 55 33.362 -112.04 289 59 100 250 2014 7 2 2 0 16 2 79
9 57 55 33.437 -112.02 287 32 100 250 2014 7 2 2 1 6 2 79
9 57 55 33.5 -112.02 228 350 91 250 2014 7 2 2 2 6 2 79
9 57 55 33.533 -111.97 210 39 75 250 2014 7 2 2 3 15 2 79
9 57 55 33.529 -111.89 214 89 62 250 2014 7 2 2 4 16 2 79
9 57 55 33.533 -111.85 219 93 56 250 2014 7 2 2 5 6 2 79
9 57 55 33.483 -111.82 216 103 47 250 2014 7 2 2 6 6 2 79
9 57 55 33.45 -111.85 206 186 37 250 2014 7 2 2 7 6 2 79
9 57 55 33.433 -111.92 197 251 28 250 2014 7 2 2 8 6 2 79
9 57 55 33.44 -112 137 270 11 250 2014 7 2 2 9 15 2 79
10 57 55 33.829 -116.51 148 0 4 270 2014 7 2 14 3 6 1 4
10 57 55 33.917 -116.58 236 315 50 270 2014 7 2 14 5 16 1 4
10 57 55 33.946 -116.56 220 325 63 270 2014 7 2 14 6 6 1 4
10 57 55 33.919 -116.5 235 354 85 270 2014 7 2 14 7 6 1 4
10 57 55 33.875 -116.44 234 91 104 270 2014 7 2 14 8 16 1 4
10 57 55 33.839 -116.35 270 124 124 270 2014 7 2 14 9 6 1 4
10 57 55 33.797 -116.25 278 114 148 270 2014 7 2 14 10 16 1 27
10 57 55 33.782 -116.16 298 117 165 270 2014 7 2 14 11 7 1 27
10 57 55 33.768 -116.06 300 104 176 270 2014 7 2 14 12 6 1 27
10 57 55 33.783 -115.95 328 99 188 270 2014 7 2 14 13 6 1 27
10 57 55 33.871 -115.97 349 89 200 270 2014 7 2 14 14 16 1 27
10 57 55 33.861 -116.07 361 36 211 270 2014 7 2 14 15 15 1 27
10 57 55 33.766 -116.07 378 0 225 270 2014 7 2 14 16 16 1 27
10 57 55 33.745 -115.92 377 218 230 250 2014 7 2 14 17 16 1 27
10 57 55 33.735 -115.8 373 132 244 250 2014 7 2 14 18 16 1 41
10 57 55 33.719 -115.67 373 96 250 250 2014 7 2 14 19 7 1 41
10 57 55 33.7 -115.54 390 99 250 250 2014 7 2 14 20 16 1 41
10 57 55 33.684 -115.42 389 98 250 250 2014 7 2 14 21 6 1 41
10 57 55 33.667 -115.29 386 99 250 250 2014 7 2 14 22 16 1 41
10 57 55 33.646 -115.14 384 99 250 250 2014 7 2 14 23 15 1 39
10 57 55 33.629 -115.01 383 98 250 250 2014 7 2 14 24 15 1 39
10 57 55 33.611 -114.88 393 100 250 250 2014 7 2 14 25 16 1 39
10 57 55 33.592 -114.74 415 99 250 250 2014 7 2 14 26 6 1 39
10 57 55 33.564 -114.61 424 101 250 250 2014 7 2 14 27 6 1 39
10 57 55 33.545 -114.5 424 103 250 250 2014 7 2 14 28 6 1 39
10 57 55 33.516 -114.36 425 103 250 250 2014 7 2 14 29 6 1 39
10 57 55 33.477 -114.17 425 103 250 250 2014 7 2 14 30 16 1 39
10 57 55 33.45 -114.03 424 102 250 250 2014 7 2 14 31 6 1 39
10 57 55 33.424 -113.89 423 103 250 250 2014 7 2 14 32 16 2 64
10 57 55 33.398 -113.76 422 104 240 250 2014 7 2 14 33 16 2 64
10 57 55 33.371 -113.63 411 103 228 250 2014 7 2 14 34 16 2 64
10 57 55 33.351 -113.53 400 104 218 250 2014 7 2 14 35 6 2 64
10 57 55 33.324 -113.4 390 103 206 250 2014 7 2 14 36 6 2 64
10 57 55 33.302 -113.28 376 104 190 250 2014 7 2 14 37 16 2 64
10 57 55 33.278 -113.17 346 103 174 250 2014 7 2 14 38 6 2 64
10 57 55 33.275 -113.07 330 101 159 250 2014 7 2 14 39 6 2 64
10 57 55 33.277 -112.96 327 93 149 250 2014 7 2 14 40 6 2 64
10 57 55 33.279 -112.85 326 81 149 250 2014 7 2 14 41 6 2 64
10 57 55 33.283 -112.75 318 88 151 250 2014 7 2 14 42 6 2 79
10 57 55 33.283 -112.65 287 88 148 250 2014 7 2 14 43 6 2 79
10 57 55 33.284 -112.63 310 89 145 250 2014 7 2 14 44 6 2 79
10 57 55 33.283 -112.47 255 86 125 250 2014 7 2 14 45 6 2 79
10 57 55 33.283 -112.38 261 88 114 250 2014 7 2 14 46 11 2 79
10 57 55 33.292 -112.36 258 89 110 250 2014 7 2 14 47 6 2 79
10 57 55 33.3 -112.23 257 85 98 250 2014 7 2 14 48 6 2 79
10 57 55 33.304 -112.19 256 89 91 250 2014 7 2 14 49 6 2 79
10 57 55 33.317 -112.05 257 85 88 250 2014 7 2 14 50 6 2 79
10 57 55 33.329 -112.03 256 76 82 250 2014 7 2 14 51 6 2 79
10 57 55 33.35 -111.9 249 75 68 250 2014 7 2 14 52 16 2 79
10 57 55 33.35 -111.82 225 90 61 250 2014 7 2 14 53 6 2 79
10 57 55 33.35 -111.75 206 90 51 250 2014 7 2 14 54 7 2 79
10 57 55 33.4 -111.77 216 26 42 250 2014 7 2 14 55 16 2 79
10 57 55 33.433 -111.83 200 308 41 250 2014 7 2 14 56 6 2 79
10 57 55 33.433 -111.9 189 276 31 250 2014 7 2 14 57 16 2 79
10 57 55 33.433 -111.95 178 269 20 250 2014 7 2 14 58 6 2 79
10 57 55 33.429 -111.99 146 270 13 250 2014 7 2 14 59 6 2 79
11 57 55 33.859 -116.54 160 312 270 270 2014 7 2 15 4 6 1 41
11 57 55 33.911 -116.58 227 331 270 270 2014 7 2 15 5 6 1 41
11 57 55 33.942 -116.53 220 326 66 270 2014 7 2 15 6 6 1 4
11 57 55 33.9 -116.47 229 36 90 270 2014 7 2 15 7 6 1 4
11 57 55 33.865 -116.4 251 99 106 270 2014 7 2 15 8 16 1 4
11 57 55 33.849 -116.3 300 125 119 270 2014 7 2 15 9 6 1 4
11 57 55 33.832 -116.19 308 109 136 270 2014 7 2 15 10 6 1 27
11 57 55 33.811 -116.06 321 100 154 270 2014 7 2 15 11 6 1 27
11 57 55 33.794 -115.95 330 101 168 270 2014 7 2 15 12 6 1 27
11 57 55 33.776 -115.84 335 100 180 270 2014 7 2 15 13 6 1 27
11 57 55 33.757 -115.73 345 100 194 270 2014 7 2 15 14 6 1 27
11 57 55 33.745 -115.66 354 101 202 250 2014 7 2 15 15 6 1 27
11 57 55 33.726 -115.54 360 101 211 250 2014 7 2 15 16 6 1 27
11 57 55 33.706 -115.42 371 101 220 250 2014 7 2 15 17 6 1 27
11 57 55 33.671 -115.22 381 101 236 250 2014 7 2 15 18 17 1 27
11 57 55 33.651 -115.09 385 100 244 250 2014 7 2 15 19 15 1 39
11 57 55 33.626 -114.95 399 101 250 250 2014 7 2 15 20 16 1 39
11 57 55 33.616 -114.88 403 102 250 250 2014 7 2 15 21 6 1 39
11 57 55 33.604 -114.82 415 101 250 250 2014 7 2 15 22 6 1 39
11 57 55 33.578 -114.68 430 103 250 250 2014 7 2 15 23 6 1 39
11 57 55 33.517 -114.36 440 103 250 250 2014 7 2 15 24 16 1 39
11 57 55 33.518 -114.37 437 102 250 250 2014 7 2 15 25 6 1 39
11 57 55 33.487 -114.22 441 103 250 250 2014 7 2 15 26 6 1 39
11 57 55 33.458 -114.07 446 103 250 250 2014 7 2 15 27 6 1 39
11 57 55 33.432 -113.93 433 102 242 250 2014 7 2 15 28 6 2 64
11 57 55 33.401 -113.78 416 103 227 250 2014 7 2 15 29 6 2 64
11 57 55 33.374 -113.65 401 103 214 250 2014 7 2 15 30 6 2 64
11 57 55 33.35 -113.52 403 103 200 250 2014 7 2 15 31 6 2 64
11 57 55 33.325 -113.4 383 104 187 250 2014 7 2 15 32 6 2 64
11 57 55 33.301 -113.29 359 103 176 250 2014 7 2 15 33 6 2 64
11 57 55 33.279 -113.18 346 103 168 250 2014 7 2 15 34 6 2 64
11 57 55 33.275 -113.04 339 100 160 250 2014 7 2 15 35 6 2 64
11 57 55 33.278 -112.93 339 85 152 250 2014 7 2 15 36 6 2 64
11 57 55 33.283 -112.82 322 92 150 250 2014 7 2 15 37 6 2 64
11 57 55 33.282 -112.72 321 87 150 250 2014 7 2 15 38 15 2 79
11 57 55 33.284 -112.62 303 89 149 250 2014 7 2 15 39 16 2 79
11 57 55 33.288 -112.53 258 89 135 250 2014 7 2 15 40 6 2 79
11 57 55 33.29 -112.44 265 89 123 250 2014 7 2 15 41 6 2 79
11 57 55 33.292 -112.35 266 78 111 250 2014 7 2 15 42 6 2 79
11 57 55 33.299 -112.26 266 89 100 250 2014 7 2 15 43 6 2 79
11 57 55 33.3 -112.18 263 84 91 250 2014 7 2 15 44 8 2 79
11 57 55 33.317 -112.08 258 76 89 250 2014 7 2 15 45 6 2 79
11 57 55 33.333 -112.02 254 81 79 250 2014 7 2 15 46 6 2 79
11 57 55 33.346 -111.92 250 76 66 250 2014 7 2 15 47 6 2 79
11 57 55 33.35 -111.87 254 81 58 250 2014 7 2 15 48 6 2 79
11 57 55 33.383 -111.8 210 91 50 250 2014 7 2 15 49 6 2 79
11 57 55 33.426 -111.85 191 337 34 250 2014 7 2 15 50 15 2 79
11 57 55 33.433 -111.88 198 303 31 250 2014 7 2 15 51 6 2 79
11 57 55 33.433 -111.95 186 272 20 250 2014 7 2 15 52 6 2 79
11 57 55 33.429 -111.97 172 270 17 250 2014 7 2 15 53 6 2 79
12 57 55 33.809 -116.48 171 0 250 250 2014 7 2 19 48 6 1 41
12 57 55 33.8 -116.45 206 129 25 250 2014 7 2 19 49 6 1 4
12 57 55 33.783 -116.37 252 108 42 250 2014 7 2 19 50 6 1 4
12 57 55 33.767 -116.28 263 98 62 250 2014 7 2 19 51 6 1 4
12 57 55 33.759 -116.14 288 97 85 250 2014 7 2 19 52 16 1 4
12 57 55 33.759 -116.14 288 97 85 250 2014 7 2 19 53 6 1 4
12 57 55 33.746 -116.02 288 95 104 250 2014 7 2 19 54 6 1 27
12 57 55 33.733 -115.92 308 97 120 250 2014 7 2 19 55 6 1 27
12 57 55 33.719 -115.78 236 97 147 250 2014 7 2 19 56 6 1 27
12 57 55 33.702 -115.66 307 98 167 250 2014 7 2 19 57 15 1 27
12 57 55 33.69 -115.56 307 97 178 250 2014 7 2 19 58 6 1 27
12 57 55 33.678 -115.45 321 99 190 250 2014 7 2 19 59 16 1 27
12 57 55 33.665 -115.33 334 97 203 250 2014 7 2 20 0 6 1 27
12 57 55 33.656 -115.26 338 97 210 250 2014 7 2 20 1 7 1 27
12 57 55 33.639 -115.1 347 97 223 250 2014 7 2 20 2 16 1 27
12 57 55 33.627 -115.03 354 96 228 250 2014 7 2 20 3 6 1 27
12 57 55 33.613 -114.91 364 97 236 250 2014 7 2 20 4 6 1 27
12 57 55 33.597 -114.79 369 99 244 250 2014 7 2 20 5 6 1 39
12 57 55 33.575 -114.66 375 99 250 250 2014 7 2 20 6 6 1 39
12 57 55 33.546 -114.51 400 103 250 250 2014 7 2 20 7 6 1 39
12 57 55 33.517 -114.37 414 104 250 250 2014 7 2 20 8 16 1 39
12 57 55 33.49 -114.23 427 103 250 250 2014 7 2 20 9 6 1 39
12 57 55 33.463 -114.09 433 102 250 250 2014 7 2 20 10 6 1 39
12 57 55 33.453 -114.04 430 102 250 250 2014 7 2 20 11 6 1 39
12 57 55 33.417 -113.86 440 103 236 250 2014 7 2 20 12 6 2 64
12 57 55 33.389 -113.71 457 104 221 250 2014 7 2 20 13 6 2 64
12 57 55 33.358 -113.56 454 102 206 250 2014 7 2 20 14 6 2 64
12 57 55 33.331 -113.42 440 103 191 250 2014 7 2 20 15 6 2 64
12 57 55 33.303 -113.29 427 103 175 250 2014 7 2 20 16 6 2 64
12 57 55 33.286 -113.21 424 103 166 250 2014 7 2 20 17 6 2 64
12 57 55 33.274 -113.08 414 103 151 250 2014 7 2 20 18 6 2 64
12 57 55 33.275 -113.02 410 87 145 250 2014 7 2 20 19 6 2 64
12 57 55 33.283 -112.85 319 94 140 250 2014 7 2 20 20 16 2 64
12 57 55 33.283 -112.75 313 88 140 250 2014 7 2 20 21 6 2 79
12 57 55 33.283 -112.63 311 88 140 250 2014 7 2 20 22 6 2 79
12 57 55 33.283 -112.52 314 88 140 250 2014 7 2 20 23 6 2 79
12 57 55 33.3 -112.32 312 88 140 250 2014 7 2 20 24 16 2 79
12 57 55 33.3 -112.2 310 88 140 250 2014 7 2 20 25 16 2 79
12 57 55 33.296 -112.15 309 89 131 250 2014 7 2 20 26 6 2 79
12 57 55 33.317 -112.02 291 82 89 250 2014 7 2 20 27 6 2 79
12 57 55 33.333 -111.95 251 65 75 250 2014 7 2 20 28 6 2 79
12 57 55 33.35 -111.85 244 89 49 250 2014 7 2 20 29 16 2 79
12 57 55 33.4 -111.85 236 35 35 250 2014 7 2 20 30 6 2 79
12 57 55 33.44 -111.89 210 0 27 250 2014 7 2 20 31 12 2 79
12 57 55 33.442 -111.95 173 300 19 250 2014 7 2 20 32 6 2 79
12 57 55 33.433 -111.97 155 272 17 250 2014 7 2 20 33 6 2 79
13 57 55 33.829 -116.51 148 0 4 270 2014 7 2 21 30 6 1 4
13 57 55 33.8 -116.47 183 140 23 270 2014 7 2 21 31 6 1 4
13 57 55 33.783 -116.38 224 108 54 270 2014 7 2 21 32 6 1 4
13 57 55 33.79 -116.34 244 103 66 270 2014 7 2 21 33 6 1 4
13 57 55 33.782 -116.26 244 91 91 270 2014 7 2 21 34 6 1 4
13 57 55 33.772 -116.17 253 93 111 270 2014 7 2 21 35 6 1 4
13 57 55 33.759 -116.07 284 97 132 270 2014 7 2 21 36 6 1 27
13 57 55 33.746 -115.96 307 98 149 270 2014 7 2 21 37 6 1 27
13 57 55 33.734 -115.86 311 98 168 270 2014 7 2 21 38 16 1 27
13 57 55 33.719 -115.73 322 97 191 270 2014 7 2 21 39 15 1 27
13 57 55 33.704 -115.62 336 97 206 250 2014 7 2 21 40 6 1 27
13 57 55 33.688 -115.5 353 98 219 250 2014 7 2 21 41 6 1 27
13 57 55 33.674 -115.38 362 99 232 250 2014 7 2 21 42 6 1 27
13 57 55 33.658 -115.26 363 97 244 250 2014 7 2 21 43 6 1 41
13 57 55 33.643 -115.13 373 99 250 250 2014 7 2 21 44 6 1 39
13 57 55 33.623 -114.97 393 98 250 250 2014 7 2 21 45 6 1 39
13 57 55 33.606 -114.84 398 98 250 250 2014 7 2 21 46 6 1 39
13 57 55 33.586 -114.71 398 98 250 250 2014 7 2 21 47 6 1 39
13 57 55 33.56 -114.58 398 101 250 250 2014 7 2 21 48 6 1 39
13 57 55 33.535 -114.46 398 103 250 250 2014 7 2 21 49 16 1 39
13 57 55 33.511 -114.33 397 103 250 250 2014 7 2 21 50 6 1 39
13 57 55 33.479 -114.18 397 103 250 250 2014 7 2 21 51 6 1 39
13 57 55 33.472 -114.13 397 103 250 250 2014 7 2 21 52 6 1 39
13 57 55 33.429 -113.92 397 103 250 250 2014 7 2 21 53 17 2 64
13 57 55 33.406 -113.79 397 103 244 250 2014 7 2 21 54 6 2 64
13 57 55 33.389 -113.71 406 102 237 250 2014 7 2 21 55 6 2 64
13 57 55 33.362 -113.58 414 104 222 250 2014 7 2 21 56 6 2 64
13 57 55 33.336 -113.45 401 103 208 250 2014 7 2 21 57 6 2 64
13 57 55 33.311 -113.33 376 103 194 250 2014 7 2 21 58 6 2 64
13 57 55 33.275 -113.15 345 103 171 250 2014 7 2 21 59 16 2 64
13 57 55 33.274 -113.11 336 103 165 250 2014 7 2 22 0 6 2 64
13 57 55 33.283 -112.95 328 88 151 250 2014 7 2 22 1 6 2 64
13 57 55 33.283 -112.85 322 88 150 250 2014 7 2 22 2 6 2 64
13 57 55 33.283 -112.75 311 88 150 250 2014 7 2 22 3 6 2 79
13 57 55 33.283 -112.65 306 88 148 250 2014 7 2 22 4 6 2 79
13 57 55 33.283 -112.55 307 87 136 250 2014 7 2 22 5 6 2 79
13 57 55 33.288 -112.47 307 91 125 250 2014 7 2 22 6 6 2 79
13 57 55 33.283 -112.35 303 85 110 250 2014 7 2 22 7 6 2 79
13 57 55 33.299 -112.26 287 76 101 250 2014 7 2 22 8 6 2 79
13 57 55 33.305 -112.17 264 89 95 250 2014 7 2 22 9 6 2 79
13 57 55 33.314 -112.09 257 76 89 250 2014 7 2 22 10 6 2 79
13 57 55 33.332 -112.01 246 73 80 250 2014 7 2 22 11 6 2 79
13 57 55 33.35 -111.93 245 73 70 250 2014 7 2 22 12 6 2 79
13 57 55 33.35 -111.85 243 78 59 250 2014 7 2 22 13 6 2 79
13 57 55 33.383 -111.8 228 90 48 250 2014 7 2 22 14 6 2 79
13 57 55 33.395 -111.8 235 51 47 250 2014 7 2 22 15 6 2 79
13 57 55 33.433 -111.9 186 303 29 250 2014 7 2 22 16 6 2 79
13 57 55 33.433 -111.97 164 273 18 250 2014 7 2 22 17 6 2 79
13 57 55 33.429 -111.97 160 270 17 250 2014 7 2 22 18 16 2 79
14 57 55 33.829 -116.51 153 0 4 250 2014 7 3 18 10 6 1 4
14 57 55 33.8 -116.38 228 131 51 250 2014 7 3 18 13 6 1 4
14 57 55 33.786 -116.34 239 105 67 250 2014 7 3 18 14 6 1 4
14 57 55 33.778 -116.26 243 97 93 250 2014 7 3 18 15 6 1 4
14 57 55 33.764 -116.15 258 101 112 250 2014 7 3 18 16 6 1 27
14 57 55 33.75 -116.03 324 97 136 250 2014 7 3 18 17 16 1 27
14 57 55 33.736 -115.92 340 97 159 250 2014 7 3 18 18 16 1 27
14 57 55 33.724 -115.8 342 98 184 250 2014 7 3 18 19 6 1 27
14 57 55 33.709 -115.68 357 97 203 250 2014 7 3 18 20 6 1 27
14 57 55 33.692 -115.55 386 97 219 250 2014 7 3 18 21 6 1 27
14 57 55 33.673 -115.39 394 98 244 250 2014 7 3 18 22 6 1 41
14 57 55 33.655 -115.26 415 96 250 250 2014 7 3 18 23 6 1 41
14 57 55 33.638 -115.11 448 98 250 250 2014 7 3 18 24 8 1 39
14 57 55 33.629 -115.02 452 97 250 250 2014 7 3 18 25 6 1 39
14 57 55 33.618 -114.95 462 98 250 250 2014 7 3 18 26 6 1 39
14 57 55 33.59 -114.71 465 99 250 250 2014 7 3 18 27 6 1 39
14 57 55 33.558 -114.56 465 103 250 250 2014 7 3 18 28 6 1 39
14 57 55 33.528 -114.41 465 102 250 250 2014 7 3 18 29 7 1 39
14 57 55 33.5 -114.26 463 104 250 250 2014 7 3 18 30 6 1 39
14 57 55 33.466 -114.09 435 101 250 250 2014 7 3 18 31 6 1 39
14 57 55 33.447 -113.96 412 102 250 250 2014 7 3 18 32 6 2 64
14 57 55 33.429 -113.83 407 98 250 250 2014 7 3 18 33 6 2 64
14 57 55 33.409 -113.69 406 100 250 250 2014 7 3 18 34 7 2 64
14 57 55 33.397 -113.62 402 100 250 250 2014 7 3 18 35 6 2 64
14 57 55 33.372 -113.43 402 100 250 250 2014 7 3 18 36 6 2 64
14 57 55 33.351 -113.3 402 101 241 250 2014 7 3 18 37 6 2 64
14 57 55 33.33 -113.14 399 99 213 250 2014 7 3 18 38 6 2 64
14 57 55 33.311 -113.02 382 99 190 250 2014 7 3 18 39 6 2 64
14 57 55 33.3 -113 368 100 186 250 2014 7 3 18 40 6 2 64
14 57 55 33.293 -112.91 361 101 170 250 2014 7 3 18 41 6 2 64
14 57 55 33.282 -112.7 311 94 160 250 2014 7 3 18 42 6 2 79
14 57 55 33.283 -112.67 308 88 156 250 2014 7 3 18 43 6 2 79
14 57 55 33.283 -112.57 307 87 140 250 2014 7 3 18 44 6 2 79
14 57 55 33.291 -112.39 294 89 115 250 2014 7 3 18 45 6 2 79
14 57 55 33.283 -112.37 296 87 111 250 2014 7 3 18 46 6 2 79
14 57 55 33.3 -112.27 283 86 102 250 2014 7 3 18 47 6 2 79
14 57 55 33.3 -112.18 247 84 96 250 2014 7 3 18 48 6 2 79
14 57 55 33.317 -112.1 241 85 90 250 2014 7 3 18 49 6 2 79
14 57 55 33.326 -112.03 243 69 79 250 2014 7 3 18 50 6 2 79
14 57 55 33.35 -111.95 241 80 63 250 2014 7 3 18 51 6 2 79
14 57 55 33.361 -111.88 236 70 47 250 2014 7 3 18 52 6 2 79
14 57 55 33.418 -111.87 219 15 31 250 2014 7 3 18 53 6 2 79
14 57 55 33.441 -111.9 151 300 25 250 2014 7 3 18 54 6 2 79
14 57 55 33.441 -111.96 143 270 18 250 2014 7 3 18 55 6 2 79
14 57 55 33.44 -112.01 143 271 11 250 2014 7 3 18 56 6 2 79
15 57 55 33.8 -116.45 201 126 26 250 2014 7 3 19 12 6 1 4
15 57 55 33.784 -116.4 230 121 250 250 2014 7 3 19 13 6 1 41
15 57 55 33.768 -116.3 276 110 69 250 2014 7 3 19 14 8 1 4
15 57 55 33.758 -116.2 289 104 97 250 2014 7 3 19 15 6 1 4
15 57 55 33.747 -116.1 299 98 119 250 2014 7 3 19 16 6 1 27
15 57 55 33.732 -115.97 346 97 142 250 2014 7 3 19 17 6 1 27
15 57 55 33.72 -115.86 354 98 167 250 2014 7 3 19 18 6 1 27
15 57 55 33.708 -115.74 364 97 190 250 2014 7 3 19 19 6 1 27
15 57 55 33.693 -115.61 387 97 207 250 2014 7 3 19 20 6 1 27
15 57 55 33.678 -115.48 387 97 207 250 2014 7 3 19 21 6 1 27
15 57 55 33.658 -115.31 415 98 249 250 2014 7 3 19 22 6 1 41
15 57 55 33.653 -115.25 418 97 250 250 2014 7 3 19 23 6 1 41
15 57 55 33.624 -115.01 449 98 250 250 2014 7 3 19 24 6 1 39
15 57 55 33.617 -114.96 445 98 250 250 2014 7 3 19 25 6 1 39
15 57 55 33.602 -114.81 448 97 250 250 2014 7 3 19 26 6 1 39
15 57 55 33.574 -114.63 448 99 250 250 2014 7 3 19 27 6 1 39
15 57 55 33.546 -114.49 446 103 250 250 2014 7 3 19 28 9 1 39
15 57 55 33.517 -114.35 443 105 250 250 2014 7 3 19 29 6 1 39
15 57 55 33.49 -114.21 437 101 250 250 2014 7 3 19 30 6 1 39
15 57 55 33.462 -114.08 416 102 250 250 2014 7 3 19 31 6 1 39
15 57 55 33.437 -113.94 412 103 250 250 2014 7 3 19 32 6 2 64
15 57 55 33.415 -113.78 411 100 236 250 2014 7 3 19 33 6 2 64
15 57 55 33.395 -113.64 425 98 223 250 2014 7 3 19 34 6 2 64
15 57 55 33.376 -113.5 425 99 210 250 2014 7 3 19 35 6 2 64
15 57 55 33.356 -113.36 425 99 198 250 2014 7 3 19 36 6 2 64
15 57 55 33.338 -113.23 413 98 187 250 2014 7 3 19 37 6 2 64
15 57 55 33.321 -113.1 389 99 176 250 2014 7 3 19 38 6 2 64
15 57 55 33.335 -112.98 389 82 176 250 2014 7 3 19 39 6 2 64
15 57 55 33.287 -112.87 326 98 160 250 2014 7 3 19 40 6 2 64
15 57 55 33.283 -112.78 314 99 156 250 2014 7 3 19 41 6 2 64
15 57 55 33.283 -112.67 309 93 148 250 2014 7 3 19 42 6 2 79
15 57 55 33.283 -112.57 303 89 135 250 2014 7 3 19 43 6 2 79
15 57 55 33.286 -112.57 306 89 135 250 2014 7 3 19 44 10 2 79
15 57 55 33.283 -112.38 300 86 114 250 2014 7 3 19 45 6 2 79
15 57 55 33.3 -112.28 300 88 103 250 2014 7 3 19 46 6 2 79
15 57 55 33.3 -112.18 280 84 90 250 2014 7 3 19 47 6 2 79
15 57 55 33.317 -112.1 245 85 90 250 2014 7 3 19 48 6 2 79
15 57 55 33.333 -112.03 245 81 76 250 2014 7 3 19 49 6 2 79
15 57 55 33.334 -112 240 73 72 250 2014 7 3 19 51 6 2 79
15 57 55 33.334 -112 240 73 72 250 2014 7 3 19 51 6 2 79
15 57 55 33.417 -111.83 227 78 31 250 2014 7 3 19 53 6 2 79
15 57 55 33.433 -111.88 195 318 29 250 2014 7 3 19 54 6 2 79
15 57 55 33.433 -111.93 152 270 22 250 2014 7 3 19 55 6 2 79
15 57 55 33.429 -111.97 146 270 17 250 2014 7 3 19 56 6 2 79
16 57 55 33.804 -116.47 187 122 270 270 2014 7 3 22 44 6 1 41
16 57 55 33.781 -116.39 257 121 270 270 2014 7 3 22 45 6 1 41
16 57 55 33.772 -116.29 285 99 270 270 2014 7 3 22 46 6 1 41
16 57 55 33.762 -116.2 300 96 84 270 2014 7 3 22 47 6 1 4
16 57 55 33.751 -116.1 304 93 109 270 2014 7 3 22 48 6 1 27
16 57 55 33.739 -115.99 307 97 132 270 2014 7 3 22 49 6 1 27
16 57 55 33.725 -115.87 314 97 157 270 2014 7 3 22 50 6 1 27
16 57 55 33.712 -115.76 316 97 176 270 2014 7 3 22 51 8 1 27
16 57 55 33.701 -115.66 316 97 176 250 2014 7 3 22 52 6 1 27
16 57 55 33.686 -115.53 348 97 209 250 2014 7 3 22 53 6 1 27
16 57 55 33.672 -115.42 356 97 220 250 2014 7 3 22 54 6 1 27
16 57 55 33.657 -115.29 374 97 230 250 2014 7 3 22 55 6 1 27
16 57 55 33.649 -115.22 378 97 235 250 2014 7 3 22 56 6 1 27
16 57 55 33.633 -115.09 389 97 243 250 2014 7 3 22 57 6 1 39
16 57 55 33.618 -114.95 398 97 250 250 2014 7 3 22 58 6 1 39
16 57 55 33.6 -114.81 413 98 250 250 2014 7 3 22 59 6 1 39
16 57 55 33.579 -114.66 439 98 250 250 2014 7 3 23 1 6 1 39
16 57 55 33.579 -114.66 439 98 250 250 2014 7 3 23 1 6 1 39
16 57 55 33.514 -114.33 463 103 250 250 2014 7 3 23 2 6 1 39
16 57 55 33.483 -114.18 463 101 249 250 2014 7 3 23 3 6 1 39
16 57 55 33.453 -114.03 465 103 250 250 2014 7 3 23 4 6 1 39
16 57 55 33.422 -113.88 467 104 246 250 2014 7 3 23 5 6 2 64
16 57 55 33.392 -113.73 462 103 231 250 2014 7 3 23 6 6 2 64
16 57 55 33.363 -113.58 456 103 216 250 2014 7 3 23 7 6 2 64
16 57 55 33.333 -113.44 450 103 201 250 2014 7 3 23 8 6 2 64
16 57 55 33.298 -113.27 440 104 185 250 2014 7 3 23 9 6 2 64
16 57 55 33.273 -113.14 424 103 171 250 2014 7 3 23 10 6 2 64
16 57 55 33.276 -113 410 85 158 250 2014 7 3 23 11 6 2 64
16 57 55 33.279 -112.87 400 89 154 250 2014 7 3 23 12 6 2 64
16 57 55 33.281 -112.75 367 87 153 250 2014 7 3 23 13 6 2 79
16 57 55 33.283 -112.65 325 89 148 250 2014 7 3 23 14 6 2 79
16 57 55 33.288 -112.55 332 88 133 250 2014 7 3 23 15 6 2 79
16 57 55 33.29 -112.4 360 89 113 250 2014 7 3 23 16 6 2 79
16 57 55 33.296 -112.29 340 84 104 250 2014 7 3 23 17 6 2 79
16 57 55 33.344 -112.19 340 59 104 250 2014 7 3 23 18 6 2 79
16 57 55 33.317 -112.08 295 81 90 250 2014 7 3 23 19 6 2 79
16 57 55 33.333 -112 286 81 73 250 2014 7 3 23 20 6 2 79
16 57 55 33.35 -111.92 215 75 70 250 2014 7 3 23 21 6 2 79
16 57 55 33.35 -111.85 194 79 62 250 2014 7 3 23 22 6 2 79
16 57 55 33.368 -111.79 196 68 46 250 2014 7 3 23 23 6 2 79
16 57 55 33.417 -111.8 178 68 37 250 2014 7 3 23 24 6 2 79
16 57 55 33.433 -111.83 184 356 30 250 2014 7 3 23 25 6 2 79
16 57 55 33.441 -111.84 188 300 30 250 2014 7 3 23 26 6 2 79
16 57 55 33.441 -111.9 178 270 27 250 2014 7 3 23 27 6 2 79
16 57 55 33.441 -111.96 165 270 18 250 2014 7 3 23 28 6 2 79
17 57 55 33.829 -116.51 148 0 4 270 2014 7 3 1 17 6 1 4
17 57 55 33.793 -116.4 232 131 270 270 2014 7 3 1 20 6 1 41
17 57 55 33.783 -116.3 292 97 56 270 2014 7 3 1 21 15 1 4
17 57 55 33.773 -116.22 288 96 72 270 2014 7 3 1 22 6 1 4
17 57 55 33.76 -116.12 303 97 95 270 2014 7 3 1 23 6 1 4
17 57 55 33.749 -116.02 304 97 119 270 2014 7 3 1 24 16 1 27
17 57 55 33.732 -115.88 328 97 128 270 2014 7 3 1 25 6 1 27
17 57 55 33.719 -115.77 275 98 157 270 2014 7 3 1 26 6 1 27
17 57 55 33.707 -115.67 331 98 172 270 2014 7 3 1 27 6 1 27
17 57 55 33.693 -115.56 332 98 190 270 2014 7 3 1 28 15 1 27
17 57 55 33.677 -115.42 338 98 206 270 2014 7 3 1 29 16 1 27
17 57 55 33.664 -115.3 351 98 219 270 2014 7 3 1 30 16 1 27
17 57 55 33.648 -115.18 356 97 230 270 2014 7 3 1 31 6 1 27
17 57 55 33.633 -115.06 367 98 231 250 2014 7 3 1 32 17 1 27
17 57 55 33.633 -115.06 367 98 231 250 2014 7 3 1 33 6 1 27
17 57 55 33.603 -114.81 372 98 250 250 2014 7 3 1 34 15 1 39
17 57 55 33.601 -114.81 372 98 250 250 2014 7 3 1 35 16 1 39
17 57 55 33.585 -114.69 375 101 250 250 2014 7 3 1 36 6 1 39
17 57 55 33.562 -114.57 375 103 250 250 2014 7 3 1 37 15 1 39
17 57 55 33.53 -114.42 376 102 250 250 2014 7 3 1 38 6 1 39
17 57 55 33.502 -114.29 393 103 250 250 2014 7 3 1 39 6 1 39
17 57 55 33.476 -114.15 429 102 250 250 2014 7 3 1 40 16 1 39
17 57 55 33.449 -114.02 419 103 248 250 2014 7 3 1 41 15 1 39
17 57 55 33.422 -113.88 418 101 234 250 2014 7 3 1 42 6 2 64
17 57 55 33.396 -113.75 407 104 222 250 2014 7 3 1 43 6 2 64
17 57 55 33.372 -113.63 396 103 208 250 2014 7 3 1 44 6 2 64
17 57 55 33.347 -113.5 388 104 196 250 2014 7 3 1 45 6 2 64
17 57 55 33.317 -113.36 381 102 179 250 2014 7 3 1 46 6 2 64
17 57 55 33.283 -113.22 360 103 166 250 2014 7 3 1 47 6 2 64
17 57 55 33.274 -113.13 351 123 159 250 2014 7 3 1 48 6 2 64
17 57 55 33.267 -113.03 335 83 151 250 2014 7 3 1 49 15 2 64
17 57 55 33.279 -112.91 337 84 150 250 2014 7 3 1 50 16 2 64
17 57 55 33.283 -112.8 307 91 150 250 2014 7 3 1 51 6 2 64
17 57 55 33.283 -112.7 270 88 150 250 2014 7 3 1 52 6 2 79
17 57 55 33.283 -112.62 267 88 141 250 2014 7 3 1 53 6 2 79
17 57 55 33.287 -112.54 261 90 131 250 2014 7 3 1 54 6 2 79
17 57 55 33.29 -112.44 258 89 118 250 2014 7 3 1 55 6 2 79
17 57 55 33.3 -112.37 256 83 110 250 2014 7 3 1 56 6 2 79
17 57 55 33.298 -112.28 255 83 103 250 2014 7 3 1 57 6 2 79
17 57 55 33.303 -112.2 236 89 94 250 2014 7 3 1 58 16 2 79
17 57 55 33.309 -112.12 235 73 90 250 2014 7 3 1 59 7 2 79
17 57 55 33.323 -112.05 232 89 86 250 2014 7 3 2 0 6 2 79
17 57 55 33.341 -111.98 229 73 73 250 2014 7 3 2 1 6 2 79
17 57 55 33.346 -111.9 222 73 62 250 2014 7 3 2 2 6 2 79
17 57 55 33.367 -111.83 229 89 47 250 2014 7 3 2 3 16 2 79
17 57 55 33.412 -111.85 212 0 34 250 2014 7 3 2 4 15 2 79
17 57 55 33.429 -111.91 171 308 24 250 2014 7 3 2 5 16 2 79
17 57 55 33.429 -111.96 147 270 18 250 2014 7 3 2 6 6 2 79
17 57 55 33.428 -112.01 144 270 11 250 2014 7 3 2 7 16 2 79
18 57 55 33.85 -116.53 160 0 17 270 2014 7 3 14 2 6 1 4
18 57 55 33.883 -116.57 215 320 34 270 2014 7 3 14 3 6 1 4
18 57 55 33.933 -116.57 238 320 58 270 2014 7 3 14 4 6 1 4
18 57 55 33.942 -116.55 242 0 270 270 2014 7 3 14 5 6 1 41
18 57 55 33.91 -116.48 213 68 89 270 2014 7 3 14 6 7 1 4
18 57 55 33.873 -116.43 222 109 107 270 2014 7 3 14 7 6 1 4
18 57 55 33.833 -116.34 246 125 132 270 2014 7 3 14 8 6 1 27
18 57 55 33.799 -116.27 260 115 141 270 2014 7 3 14 9 6 1 27
18 57 55 33.781 -116.15 344 111 152 270 2014 7 3 14 10 6 1 27
18 57 55 33.765 -116.04 344 107 167 270 2014 7 3 14 11 6 1 27
18 57 55 33.749 -115.92 350 100 183 270 2014 7 3 14 12 6 1 27
18 57 55 33.735 -115.8 351 99 199 250 2014 7 3 14 13 6 1 27
18 57 55 33.781 -115.61 378 94 224 250 2014 7 3 14 14 6 1 27
18 57 55 33.812 -115.57 372 73 229 250 2014 7 3 14 15 6 1 27
18 57 55 33.854 -115.46 374 50 242 250 2014 7 3 14 16 6 1 41
18 57 55 33.776 -115.4 360 108 249 250 2014 7 3 14 17 6 1 41
18 57 55 33.678 -115.43 371 191 250 250 2014 7 3 14 18 6 1 41
18 57 55 33.607 -115.35 392 163 250 250 2014 7 3 14 19 6 1 41
18 57 55 33.594 -115.21 406 103 250 250 2014 7 3 14 20 6 1 39
18 57 55 33.579 -115.07 418 97 250 250 2014 7 3 14 21 6 1 39
18 57 55 33.56 -114.9 422 97 250 250 2014 7 3 14 22 6 1 39
18 57 55 33.542 -114.76 422 98 250 250 2014 7 3 14 23 6 1 39
18 57 55 33.525 -114.62 422 98 250 250 2014 7 3 14 24 6 1 39
18 57 55 33.509 -114.48 422 97 250 250 2014 7 3 14 25 6 1 39
18 57 55 33.492 -114.35 422 97 250 250 2014 7 3 14 26 6 1 39
18 57 55 33.474 -114.2 431 97 250 250 2014 7 3 14 27 7 1 39
18 57 55 33.454 -114.04 425 99 250 250 2014 7 3 14 28 6 1 39
18 57 55 33.425 -113.9 423 101 250 250 2014 7 3 14 29 6 2 64
18 57 55 33.398 -113.77 423 103 243 250 2014 7 3 14 30 6 2 64
18 57 55 33.383 -113.69 422 103 237 250 2014 7 3 14 31 6 2 64
18 57 55 33.354 -113.55 421 103 225 250 2014 7 3 14 32 6 2 64
18 57 55 33.343 -113.5 416 103 221 250 2014 7 3 14 33 6 2 64
18 57 55 33.302 -113.3 397 104 194 250 2014 7 3 14 34 6 2 64
18 57 55 33.276 -113.16 361 103 168 250 2014 7 3 14 35 6 2 64
18 57 55 33.275 -113.05 336 99 150 250 2014 7 3 14 36 6 2 64
18 57 55 33.283 -112.93 317 87 141 250 2014 7 3 14 37 6 2 64
18 57 55 33.283 -112.8 322 92 117 250 2014 7 3 14 38 6 2 64
18 57 55 33.311 -112.74 313 89 104 250 2014 7 3 14 39 6 2 79
18 57 55 33.342 -112.65 287 68 99 250 2014 7 3 14 40 6 2 79
18 57 55 33.378 -112.56 254 64 86 250 2014 7 3 14 41 6 2 79
18 57 55 33.404 -112.5 245 59 80 250 2014 7 3 14 42 6 2 79
18 57 55 33.417 -112.48 219 65 79 250 2014 7 3 14 43 6 2 79
18 57 55 33.428 -112.35 227 76 65 250 2014 7 3 14 44 6 2 79
18 57 55 33.428 -112.27 222 89 54 250 2014 7 3 14 45 6 2 79
18 57 55 33.433 -112.25 217 89 53 250 2014 7 3 14 46 14 2 79
18 57 55 33.433 -112.18 225 89 38 250 2014 7 3 14 47 6 2 79
18 57 55 33.433 -112.12 179 92 28 250 2014 7 3 14 48 6 2 79
18 57 55 33.433 -112.07 153 89 19 250 2014 7 3 14 49 6 2 79
19 57 55 33.847 -116.52 159 0 270 270 2014 7 3 15 0 6 1 41
19 57 55 33.889 -116.57 204 312 270 270 2014 7 3 15 1 7 1 41
19 57 55 33.933 -116.55 243 12 64 270 2014 7 3 15 2 6 1 4
19 57 55 33.907 -116.49 256 128 83 270 2014 7 3 15 3 6 1 4
19 57 55 33.869 -116.42 250 119 104 270 2014 7 3 15 4 6 1 4
19 57 55 33.856 -116.33 250 100 104 270 2014 7 3 15 5 6 1 4
19 57 55 33.83 -116.34 271 107 123 270 2014 7 3 15 6 9 1 4
19 57 55 33.793 -116.25 283 120 142 270 2014 7 3 15 7 6 1 27
19 57 55 33.766 -116.05 315 108 168 270 2014 7 3 15 8 6 1 27
19 57 55 33.749 -115.91 330 99 188 270 2014 7 3 15 9 6 1 27
19 57 55 33.735 -115.8 330 98 188 270 2014 7 3 15 10 6 1 27
19 57 55 33.736 -115.8 334 98 201 270 2014 7 3 15 11 6 1 27
19 57 55 33.72 -115.68 356 98 214 270 2014 7 3 15 12 6 1 27
19 57 55 33.698 -115.52 357 99 231 270 2014 7 3 15 13 6 1 27
19 57 55 33.682 -115.39 366 99 243 270 2014 7 3 15 14 6 1 41
19 57 55 33.661 -115.25 370 98 254 270 2014 7 3 15 15 6 1 41
19 57 55 33.644 -115.12 378 99 263 250 2014 7 3 15 16 6 1 39
19 57 55 33.625 -114.99 381 100 266 250 2014 7 3 15 17 6 1 39
19 57 55 33.603 -114.87 385 101 262 250 2014 7 3 15 18 6 1 39
19 57 55 33.581 -114.74 385 101 258 250 2014 7 3 15 19 6 1 39
19 57 55 33.559 -114.61 385 102 254 250 2014 7 3 15 20 6 1 39
19 57 55 33.534 -114.47 385 101 250 250 2014 7 3 15 21 6 1 39
19 57 55 33.516 -114.39 384 101 250 250 2014 7 3 15 22 6 1 39
19 57 55 33.491 -114.22 376 103 250 250 2014 7 3 15 23 6 1 39
19 57 55 33.473 -114.15 374 100 250 250 2014 7 3 15 24 6 1 39
19 57 55 33.45 -114.02 380 103 250 250 2014 7 3 15 25 6 1 39
19 57 55 33.428 -113.89 405 102 243 250 2014 7 3 15 26 6 2 64
19 57 55 33.411 -113.77 392 100 233 250 2014 7 3 15 27 6 2 64
19 57 55 33.392 -113.63 370 99 214 250 2014 7 3 15 28 6 2 64
19 57 55 33.377 -113.51 370 99 197 250 2014 7 3 15 29 6 2 64
19 57 55 33.361 -113.39 360 99 180 250 2014 7 3 15 30 6 2 64
19 57 55 33.346 -113.28 348 99 165 250 2014 7 3 15 31 6 2 64
19 57 55 33.331 -113.17 327 99 150 250 2014 7 3 15 32 6 2 64
19 57 55 33.317 -113.1 311 100 140 250 2014 7 3 15 33 6 2 64
19 57 55 33.3 -113 304 99 124 250 2014 7 3 15 34 6 2 64
19 57 55 33.283 -112.9 303 99 109 250 2014 7 3 15 35 6 2 64
19 57 55 33.285 -112.81 306 95 100 250 2014 7 3 15 36 6 2 64
19 57 55 33.317 -112.72 278 62 100 250 2014 7 3 15 37 6 2 79
19 57 55 33.346 -112.64 278 69 97 250 2014 7 3 15 38 6 2 79
19 57 55 33.383 -112.53 273 58 85 250 2014 7 3 15 39 8 2 79
19 57 55 33.417 -112.47 240 66 75 250 2014 7 3 15 40 6 2 79
19 57 55 33.433 -112.38 242 77 65 250 2014 7 3 15 41 6 2 79
19 57 55 33.433 -112.3 254 88 54 250 2014 7 3 15 42 6 2 79
19 57 55 33.429 -112.23 250 86 46 250 2014 7 3 15 43 6 2 79
19 57 55 33.433 -112.15 220 95 36 250 2014 7 3 15 44 6 2 79
19 57 55 33.428 -112.09 179 84 23 250 2014 7 3 15 45 6 2 79
19 57 55 33.429 -112.04 153 89 14 250 2014 7 3 15 46 6 2 79
19 57 55 33.43 -111.99 151 89 11 250 2014 7 3 15 47 6 2 79
20 57 55 33.817 -116.48 163 141 17 270 2014 7 3 21 23 6 1 4
20 57 55 33.8 -116.42 217 110 42 270 2014 7 3 21 24 6 1 4
20 57 55 33.788 -116.35 227 106 270 270 2014 7 3 21 25 8 1 41
20 57 55 33.783 -116.33 234 97 74 270 2014 7 3 21 26 6 1 4
20 57 55 33.771 -116.2 239 97 112 270 2014 7 3 21 27 6 1 4
20 57 55 33.757 -116.08 285 96 138 270 2014 7 3 21 28 6 1 27
20 57 55 33.744 -115.98 303 98 154 270 2014 7 3 21 29 6 1 27
20 57 55 33.731 -115.87 318 98 175 270 2014 7 3 21 30 6 1 27
20 57 55 33.719 -115.76 320 98 195 270 2014 7 3 21 31 6 1 27
20 57 55 33.704 -115.65 340 98 208 270 2014 7 3 21 32 6 1 27
20 57 55 33.691 -115.54 340 98 208 270 2014 7 3 21 33 6 1 27
20 57 55 33.69 -115.53 360 98 224 270 2014 7 3 21 34 6 1 27
20 57 55 33.663 -115.32 359 98 248 270 2014 7 3 21 35 6 1 41
20 57 55 33.648 -115.19 379 98 253 270 2014 7 3 21 36 6 1 39
20 57 55 33.623 -115 412 99 260 270 2014 7 3 21 37 6 1 39
20 57 55 33.614 -114.92 408 98 264 270 2014 7 3 21 38 6 1 39
20 57 55 33.592 -114.75 421 99 270 250 2014 7 3 21 39 6 1 39
20 57 55 33.567 -114.6 438 98 270 250 2014 7 3 21 40 6 1 39
20 57 55 33.537 -114.45 451 103 270 250 2014 7 3 21 41 6 1 39
20 57 55 33.507 -114.3 457 102 263 250 2014 7 3 21 42 6 1 39
20 57 55 33.494 -114.24 456 103 259 250 2014 7 3 21 43 6 1 39
20 57 55 33.465 -114.1 447 102 250 250 2014 7 3 21 44 6 1 39
20 57 55 33.451 -114.02 438 104 250 250 2014 7 3 21 45 6 1 39
20 57 55 33.412 -113.83 414 100 240 250 2014 7 3 21 46 6 2 64
20 57 55 33.382 -113.68 402 103 230 250 2014 7 3 21 47 6 2 64
20 57 55 33.355 -113.55 396 103 217 250 2014 7 3 21 48 6 2 64
20 57 55 33.331 -113.43 393 103 205 250 2014 7 3 21 49 6 2 64
20 57 55 33.304 -113.3 391 104 192 250 2014 7 3 21 50 6 2 64
20 57 55 33.281 -113.18 382 103 177 250 2014 7 3 21 51 6 2 64
20 57 55 33.283 -113.05 347 99 161 250 2014 7 3 21 52 6 2 64
20 57 55 33.283 -112.9 334 88 150 250 2014 7 3 21 53 6 2 64
20 57 55 33.283 -112.8 351 88 150 250 2014 7 3 21 54 6 2 64
20 57 55 33.283 -112.65 385 87 150 250 2014 7 3 21 55 6 2 79
20 57 55 33.283 -112.53 394 88 136 250 2014 7 3 21 56 6 2 79
20 57 55 33.283 -112.4 377 88 117 250 2014 7 3 21 57 6 2 79
20 57 55 33.3 -112.3 315 88 104 250 2014 7 3 21 58 6 2 79
20 57 55 33.3 -112.2 291 85 97 250 2014 7 3 21 59 6 2 79
20 57 55 33.317 -112.1 267 85 89 250 2014 7 3 22 0 6 2 79
20 57 55 33.333 -112.02 250 80 79 250 2014 7 3 22 1 6 2 79
20 57 55 33.35 -111.95 239 73 70 250 2014 7 3 22 2 6 2 79
20 57 55 33.35 -111.87 208 84 66 250 2014 7 3 22 3 6 2 79
20 57 55 33.345 -111.84 213 89 61 250 2014 7 3 22 4 6 2 79
20 57 55 33.395 -111.82 222 51 43 250 2014 7 3 22 5 6 2 79
20 57 55 33.434 -111.87 200 330 33 250 2014 7 3 22 6 7 2 79
20 57 55 33.44 -111.93 188 270 23 250 2014 7 3 22 7 6 2 79
20 57 55 33.441 -111.98 155 270 14 250 2014 7 3 22 8 6 2 79
21 57 55 33.829 -116.51 148 0 4 270 2014 7 4 1 20 6 1 4
21 57 55 33.783 -116.38 253 121 38 270 2014 7 4 1 22 6 1 4
21 57 55 33.767 -116.3 289 104 55 270 2014 7 4 1 23 6 1 4
21 57 55 33.763 -116.23 286 92 69 270 2014 7 4 1 24 6 1 4
21 57 55 33.752 -116.12 305 93 90 270 2014 7 4 1 25 6 1 4
21 57 55 33.741 -116.02 305 71 101 270 2014 7 4 1 26 6 1 27
21 57 55 33.729 -115.91 322 97 113 270 2014 7 4 1 27 6 1 27
21 57 55 33.711 -115.76 353 97 128 270 2014 7 4 1 28 6 1 27
21 57 55 33.696 -115.64 358 98 142 270 2014 7 4 1 29 6 1 27
21 57 55 33.684 -115.52 363 97 157 270 2014 7 4 1 30 6 1 27
21 57 55 33.669 -115.39 370 98 172 270 2014 7 4 1 31 7 1 27
21 57 55 33.652 -115.24 378 97 187 250 2014 7 4 1 32 6 1 27
21 57 55 33.639 -115.14 386 96 194 250 2014 7 4 1 33 6 1 27
21 57 55 33.62 -114.98 398 97 206 250 2014 7 4 1 34 7 1 27
21 57 55 33.609 -114.85 395 101 216 250 2014 7 4 1 35 6 1 27
21 57 55 33.591 -114.72 397 97 225 250 2014 7 4 1 36 6 1 27
21 57 55 33.559 -114.59 403 102 232 250 2014 7 4 1 37 6 1 27
21 57 55 33.535 -114.45 407 103 238 250 2014 7 4 1 38 6 1 27
21 57 55 33.513 -114.32 411 103 247 250 2014 7 4 1 39 15 1 39
21 57 55 33.476 -114.16 417 102 250 250 2014 7 4 1 40 6 1 39
21 57 55 33.451 -114.02 421 103 249 250 2014 7 4 1 41 6 1 39
21 57 55 33.422 -113.89 421 103 242 250 2014 7 4 1 42 16 2 64
21 57 55 33.422 -113.89 421 103 242 250 2014 7 4 1 43 6 2 64
21 57 55 33.372 -113.63 389 103 225 250 2014 7 4 1 44 6 2 64
21 57 55 33.347 -113.51 380 103 217 250 2014 7 4 1 45 6 2 64
21 57 55 33.322 -113.39 380 103 207 250 2014 7 4 1 46 6 2 64
21 57 55 33.299 -113.27 370 103 192 250 2014 7 4 1 47 6 2 64
21 57 55 33.276 -113.16 361 103 176 250 2014 7 4 1 48 15 2 64
21 57 55 33.273 -113.13 355 103 172 250 2014 7 4 1 49 6 2 64
21 57 55 33.276 -113.04 345 95 162 250 2014 7 4 1 50 6 2 64
21 57 55 33.283 -112.87 320 82 151 250 2014 7 4 1 51 6 2 64
21 57 55 33.283 -112.77 316 88 151 250 2014 7 4 1 52 6 2 79
21 57 55 33.283 -112.65 318 88 147 250 2014 7 4 1 53 6 2 79
21 57 55 33.283 -112.55 313 88 134 250 2014 7 4 1 54 10 2 79
21 57 55 33.291 -112.41 300 89 116 250 2014 7 4 1 55 15 2 79
21 57 55 33.3 -112.35 294 87 109 250 2014 7 4 1 56 6 2 79
21 57 55 33.3 -112.25 278 87 102 250 2014 7 4 1 57 6 2 79
21 57 55 33.3 -112.17 259 85 96 250 2014 7 4 1 58 16 2 79
21 57 55 33.317 -112.08 247 85 90 250 2014 7 4 1 59 6 2 79
21 57 55 33.333 -112.02 245 77 79 250 2014 7 4 2 0 6 2 79
21 57 55 33.35 -111.93 243 73 71 250 2014 7 4 2 1 6 2 79
21 57 55 33.35 -111.87 249 88 64 250 2014 7 4 2 2 6 2 79
21 57 55 33.383 -111.82 239 72 51 250 2014 7 4 2 3 6 2 79
21 57 55 33.419 -111.85 248 327 37 250 2014 7 4 2 4 6 2 79
21 57 55 33.433 -111.95 222 263 23 250 2014 7 4 2 5 6 2 79
21 57 55 33.43 -111.98 182 279 15 250 2014 7 4 2 6 6 2 79
22 57 55 33.817 -116.49 152 0 270 270 2014 7 4 23 59 6 1 41
22 57 55 33.794 -116.42 247 121 270 270 2014 7 5 0 0 6 1 41
22 57 55 33.783 -116.33 287 101 64 270 2014 7 5 0 1 16 1 4
22 57 55 33.772 -116.23 287 97 64 270 2014 7 5 0 2 6 1 4
22 57 55 33.771 -116.23 286 98 94 270 2014 7 5 0 3 6 1 4
22 57 55 33.724 -116.03 316 99 144 270 2014 7 5 0 4 16 1 27
22 57 55 33.694 -115.92 333 105 166 270 2014 7 5 0 5 16 1 27
22 57 55 33.666 -115.81 342 108 187 270 2014 7 5 0 6 6 1 27
22 57 55 33.637 -115.69 359 107 202 270 2014 7 5 0 7 16 1 27
22 57 55 33.632 -115.57 359 92 202 270 2014 7 5 0 8 15 1 27
22 57 55 33.599 -115.55 373 101 220 270 2014 7 5 0 9 16 1 27
22 57 55 33.581 -115.42 377 106 235 270 2014 7 5 0 10 6 1 27
22 57 55 33.566 -115.22 384 97 255 270 2014 7 5 0 11 6 1 39
22 57 55 33.548 -115.03 399 94 269 250 2014 7 5 0 12 16 1 39
22 57 55 33.536 -114.89 427 95 270 250 2014 7 5 0 13 15 1 39
22 57 55 33.536 -114.89 427 95 270 250 2014 7 5 0 14 6 1 39
22 57 55 33.524 -114.75 450 96 270 250 2014 7 5 0 15 6 1 39
22 57 55 33.502 -114.48 451 96 270 250 2014 7 5 0 16 6 1 39
22 57 55 33.487 -114.33 460 95 270 250 2014 7 5 0 17 15 1 39
22 57 55 33.474 -114.18 461 96 268 250 2014 7 5 0 18 16 1 39
22 57 55 33.454 -114.03 436 96 250 250 2014 7 5 0 19 16 1 39
22 57 55 33.428 -113.9 415 101 250 250 2014 7 5 0 20 6 2 64
22 57 55 33.415 -113.85 416 103 247 250 2014 7 5 0 21 15 2 64
22 57 55 33.391 -113.71 420 103 235 250 2014 7 5 0 22 6 2 64
22 57 55 33.347 -113.51 405 103 216 250 2014 7 5 0 23 15 2 64
22 57 55 33.316 -113.35 394 104 199 250 2014 7 5 0 24 15 2 64
22 57 55 33.292 -113.24 372 104 185 250 2014 7 5 0 25 15 2 64
22 57 55 33.287 -113.22 367 103 183 250 2014 7 5 0 26 6 2 64
22 57 55 33.276 -113.01 351 101 161 250 2014 7 5 0 27 15 2 64
22 57 55 33.278 -112.9 348 81 148 250 2014 7 5 0 28 15 2 64
22 57 55 33.283 -112.83 329 93 142 250 2014 7 5 0 29 16 2 64
22 57 55 33.283 -112.75 314 88 134 250 2014 7 5 0 30 6 2 79
22 57 55 33.283 -112.65 311 89 128 250 2014 7 5 0 31 16 2 79
22 57 55 33.283 -112.53 313 87 121 250 2014 7 5 0 32 15 2 79
22 57 55 33.283 -112.43 310 87 115 250 2014 7 5 0 33 16 2 79
22 57 55 33.3 -112.33 304 88 110 250 2014 7 5 0 34 6 2 79
22 57 55 33.3 -112.23 305 85 102 250 2014 7 5 0 35 6 2 79
22 57 55 33.3 -112.15 261 84 94 250 2014 7 5 0 36 6 2 79
22 57 55 33.317 -112.07 242 83 88 250 2014 7 5 0 37 6 2 79
22 57 55 33.333 -111.98 252 73 75 250 2014 7 5 0 38 15 2 79
22 57 55 33.35 -111.9 241 77 61 250 2014 7 5 0 39 15 2 79
22 57 55 33.35 -111.82 227 91 50 250 2014 7 5 0 40 15 2 79
22 57 55 33.4 -111.83 189 32 44 250 2014 7 5 0 41 6 2 79
22 57 55 33.417 -111.88 166 302 34 250 2014 7 5 0 42 6 2 79
22 57 55 33.433 -111.93 153 290 21 250 2014 7 5 0 43 6 2 79
22 57 55 33.433 -111.98 136 273 14 250 2014 7 5 0 44 16 2 79
23 57 55 33.829 -116.51 153 0 4 250 2014 7 4 5 3 16 1 4
23 57 55 33.8 -116.43 206 94 31 250 2014 7 4 5 5 6 1 4
23 57 55 33.772 -116.33 249 111 250 250 2014 7 4 5 6 6 1 41
23 57 55 33.764 -116.23 290 103 81 250 2014 7 4 5 7 15 1 4
23 57 55 33.752 -116.13 300 95 108 250 2014 7 4 5 8 15 1 27
23 57 55 33.74 -116.02 327 95 121 250 2014 7 4 5 9 6 1 27
23 57 55 33.726 -115.9 346 97 155 250 2014 7 4 5 10 16 1 27
23 57 55 33.718 -115.8 316 97 182 250 2014 7 4 5 11 15 1 27
23 57 55 33.704 -115.69 331 97 198 250 2014 7 4 5 12 15 1 27
23 57 55 33.691 -115.58 345 97 218 250 2014 7 4 5 13 15 1 27
23 57 55 33.674 -115.43 355 98 239 250 2014 7 4 5 14 15 1 27
23 57 55 33.659 -115.31 375 97 250 250 2014 7 4 5 15 16 1 41
23 57 55 33.642 -115.17 396 97 250 250 2014 7 4 5 16 15 1 39
23 57 55 33.626 -115.04 413 96 250 250 2014 7 4 5 17 15 1 39
23 57 55 33.614 -114.9 418 101 249 250 2014 7 4 5 18 15 1 39
23 57 55 33.6 -114.77 417 98 250 250 2014 7 4 5 19 15 1 39
23 57 55 33.573 -114.63 415 100 250 250 2014 7 4 5 20 16 1 39
23 57 55 33.542 -114.5 417 102 250 250 2014 7 4 5 21 6 1 39
23 57 55 33.518 -114.36 414 103 250 250 2014 7 4 5 22 15 1 39
23 57 55 33.486 -114.2 416 102 250 250 2014 7 4 5 23 15 1 39
23 57 55 33.459 -114.07 419 103 250 250 2014 7 4 5 24 15 1 39
23 57 55 33.433 -113.93 418 103 248 250 2014 7 4 5 25 15 2 64
23 57 55 33.413 -113.83 415 104 240 250 2014 7 4 5 26 16 2 64
23 57 55 33.386 -113.69 421 102 230 250 2014 7 4 5 27 6 2 64
23 57 55 33.369 -113.56 411 97 215 250 2014 7 4 5 28 16 2 64
23 57 55 33.351 -113.41 382 97 195 250 2014 7 4 5 29 15 2 64
23 57 55 33.337 -113.29 369 98 177 250 2014 7 4 5 30 15 2 64
23 57 55 33.322 -113.17 368 97 160 250 2014 7 4 5 31 15 2 64
23 57 55 33.311 -113.07 370 98 147 250 2014 7 4 5 32 7 2 64
23 57 55 33.3 -112.93 356 97 125 250 2014 7 4 5 33 15 2 64
23 57 55 33.283 -112.84 350 95 112 250 2014 7 4 5 34 15 2 64
23 57 55 33.322 -112.72 324 89 99 250 2014 7 4 5 35 6 2 79
23 57 55 33.404 -112.71 303 18 100 250 2014 7 4 5 36 16 2 79
23 57 55 33.489 -112.71 304 0 89 250 2014 7 4 5 37 6 2 79
23 57 55 33.497 -112.61 291 59 80 250 2014 7 4 5 38 15 2 79
23 57 55 33.475 -112.54 267 101 80 250 2014 7 4 5 39 15 2 79
23 57 55 33.451 -112.46 263 120 80 250 2014 7 4 5 40 15 2 79
23 57 55 33.441 -112.37 261 103 75 250 2014 7 4 5 41 6 2 79
23 57 55 33.441 -112.28 255 89 51 250 2014 7 4 5 42 6 2 79
23 57 55 33.441 -112.2 251 89 39 250 2014 7 4 5 43 6 2 79
23 57 55 33.441 -112.14 199 89 30 250 2014 7 4 5 44 15 2 79
23 57 55 33.433 -112.1 156 90 24 250 2014 7 4 5 45 6 2 79
23 57 55 33.441 -112.03 158 89 12 250 2014 7 4 5 46 15 2 79
24 57 55 33.829 -116.51 148 0 4 270 2014 7 4 14 24 6 1 4
24 57 55 33.806 -116.34 239 102 270 270 2014 7 4 14 26 15 1 41
24 57 55 33.797 -116.26 261 85 80 270 2014 7 4 14 27 15 1 4
24 57 55 33.797 -116.26 261 85 80 270 2014 7 4 14 28 6 1 4
24 57 55 33.785 -116.16 275 90 102 270 2014 7 4 14 29 16 1 4
24 57 55 33.771 -116.06 288 98 122 270 2014 7 4 14 30 6 1 27
24 57 55 33.755 -115.94 303 98 149 270 2014 7 4 14 31 16 1 27
24 57 55 33.719 -115.85 311 98 167 270 2014 7 4 14 32 6 1 27
24 57 55 33.672 -115.76 318 106 183 270 2014 7 4 14 33 6 1 27
24 57 55 33.635 -115.66 335 119 197 270 2014 7 4 14 34 15 1 27
24 57 55 33.63 -115.54 343 109 210 250 2014 7 4 14 35 6 1 27
24 57 55 33.625 -115.43 348 102 224 250 2014 7 4 14 36 6 1 27
24 57 55 33.619 -115.31 348 92 236 250 2014 7 4 14 37 15 1 27
24 57 55 33.616 -115.19 362 93 245 250 2014 7 4 14 38 6 1 39
24 57 55 33.609 -115.06 386 90 250 250 2014 7 4 14 39 6 1 39
24 57 55 33.586 -114.9 409 98 250 250 2014 7 4 14 40 6 1 39
24 57 55 33.556 -114.68 429 101 250 250 2014 7 4 14 41 16 1 39
24 57 55 33.544 -114.62 434 98 250 250 2014 7 4 14 42 6 1 39
24 57 55 33.523 -114.47 444 100 250 250 2014 7 4 14 43 16 1 39
24 57 55 33.499 -114.33 449 100 250 250 2014 7 4 14 44 15 1 39
24 57 55 33.476 -114.18 453 100 249 250 2014 7 4 14 45 15 1 39
24 57 55 33.455 -114.04 425 100 244 250 2014 7 4 14 46 6 1 39
24 57 55 33.435 -113.94 411 100 241 250 2014 7 4 14 47 16 2 64
24 57 55 33.408 -113.81 410 103 231 250 2014 7 4 14 48 15 2 64
24 57 55 33.372 -113.63 392 97 216 250 2014 7 4 14 49 6 2 64
24 57 55 33.346 -113.5 393 103 206 250 2014 7 4 14 50 16 2 64
24 57 55 33.321 -113.38 391 103 195 250 2014 7 4 14 51 6 2 64
24 57 55 33.296 -113.26 382 103 184 250 2014 7 4 14 52 6 2 64
24 57 55 33.274 -113.14 363 104 174 250 2014 7 4 14 53 6 2 64
24 57 55 33.274 -113.07 349 102 170 250 2014 7 4 14 54 15 2 64
24 57 55 33.278 -112.94 341 86 163 250 2014 7 4 14 55 15 2 64
24 57 55 33.281 -112.83 332 89 159 250 2014 7 4 14 56 6 2 64
24 57 55 33.282 -112.73 322 89 157 250 2014 7 4 14 57 6 2 79
24 57 55 33.284 -112.62 314 89 148 250 2014 7 4 14 58 16 2 79
24 57 55 33.288 -112.53 299 89 135 250 2014 7 4 14 59 6 2 79
24 57 55 33.291 -112.42 291 89 119 250 2014 7 4 15 0 15 2 79
24 57 55 33.293 -112.33 282 78 108 250 2014 7 4 15 1 6 2 79
24 57 55 33.3 -112.24 270 89 101 250 2014 7 4 15 2 15 2 79
24 57 55 33.306 -112.16 243 89 95 250 2014 7 4 15 3 6 2 79
24 57 55 33.314 -112.08 240 73 89 250 2014 7 4 15 4 15 2 79
24 57 55 33.334 -112.01 242 76 78 250 2014 7 4 15 5 6 2 79
24 57 55 33.346 -111.93 243 73 70 250 2014 7 4 15 6 6 2 79
24 57 55 33.357 -111.84 235 89 55 250 2014 7 4 15 7 16 2 79
24 57 55 33.4 -111.83 237 80 42 250 2014 7 4 15 8 6 2 79
24 57 55 33.441 -111.89 190 320 29 250 2014 7 4 15 9 15 2 79
24 57 55 33.441 -111.95 166 270 19 250 2014 7 4 15 10 15 2 79
24 57 55 33.44 -111.99 150 270 13 250 2014 7 4 15 11 15 2 79
25 57 55 33.817 -116.5 149 0 12 270 2014 7 4 15 18 6 1 4
25 57 55 33.8 -116.45 206 130 28 270 2014 7 4 15 19 15 1 4
25 57 55 33.817 -116.37 228 104 57 270 2014 7 4 15 20 6 1 4
25 57 55 33.824 -116.35 240 76 60 270 2014 7 4 15 21 15 1 4
25 57 55 33.811 -116.26 255 65 85 270 2014 7 4 15 22 16 1 4
25 57 55 33.799 -116.17 263 93 109 270 2014 7 4 15 23 6 1 4
25 57 55 33.782 -116.06 310 99 123 270 2014 7 4 15 24 6 1 27
25 57 55 33.768 -115.95 327 99 146 270 2014 7 4 15 25 15 1 27
25 57 55 33.751 -115.85 327 99 165 270 2014 7 4 15 26 6 1 27
25 57 55 33.736 -115.74 332 99 181 250 2014 7 4 15 27 15 1 27
25 57 55 33.715 -115.59 356 99 197 250 2014 7 4 15 28 6 1 27
25 57 55 33.697 -115.47 370 99 210 250 2014 7 4 15 29 16 1 27
25 57 55 33.68 -115.35 375 99 224 250 2014 7 4 15 30 6 1 27
25 57 55 33.663 -115.22 380 99 235 250 2014 7 4 15 31 6 1 27
25 57 55 33.643 -115.09 394 98 244 250 2014 7 4 15 32 6 1 39
25 57 55 33.621 -114.96 400 100 250 250 2014 7 4 15 33 6 1 39
25 57 55 33.598 -114.83 402 102 250 250 2014 7 4 15 34 16 1 39
25 57 55 33.57 -114.67 409 101 250 250 2014 7 4 15 35 15 1 39
25 57 55 33.545 -114.54 407 102 250 250 2014 7 4 15 36 6 1 39
25 57 55 33.521 -114.41 410 102 250 250 2014 7 4 15 37 6 1 39
25 57 55 33.496 -114.27 409 101 250 250 2014 7 4 15 38 16 1 39
25 57 55 33.471 -114.14 411 103 250 250 2014 7 4 15 39 6 1 39
25 57 55 33.448 -114.01 406 102 250 250 2014 7 4 15 40 15 1 39
25 57 55 33.421 -113.88 407 102 242 250 2014 7 4 15 41 6 2 64
25 57 55 33.407 -113.8 404 104 234 250 2014 7 4 15 42 6 2 64
25 57 55 33.38 -113.68 399 103 220 250 2014 7 4 15 43 6 2 64
25 57 55 33.34 -113.48 389 103 197 250 2014 7 4 15 44 15 2 64
25 57 55 33.33 -113.43 379 102 192 250 2014 7 4 15 45 6 2 64
25 57 55 33.292 -113.24 366 103 173 250 2014 7 4 15 46 16 2 64
25 57 55 33.275 -113.13 356 103 162 250 2014 7 4 15 47 16 2 64
25 57 55 33.274 -113.06 343 99 157 250 2014 7 4 15 48 6 2 64
25 57 55 33.278 -112.95 337 86 150 250 2014 7 4 15 49 16 2 64
25 57 55 33.279 -112.85 325 89 150 250 2014 7 4 15 50 6 2 64
25 57 55 33.281 -112.74 317 89 150 250 2014 7 4 15 51 6 2 79
25 57 55 33.283 -112.65 312 90 147 250 2014 7 4 15 52 16 2 79
25 57 55 33.283 -112.53 303 87 133 250 2014 7 4 15 53 6 2 79
25 57 55 33.289 -112.43 291 92 119 250 2014 7 4 15 54 15 2 79
25 57 55 33.292 -112.34 289 89 109 250 2014 7 4 15 55 6 2 79
25 57 55 33.299 -112.25 279 78 99 250 2014 7 4 15 56 15 2 79
25 57 55 33.305 -112.16 258 89 90 250 2014 7 4 15 57 6 2 79
25 57 55 33.313 -112.09 238 73 89 250 2014 7 4 15 58 6 2 79
25 57 55 33.336 -112 238 76 76 250 2014 7 4 15 59 16 2 79
25 57 55 33.35 -111.93 244 73 69 250 2014 7 4 16 0 6 2 79
25 57 55 33.344 -111.84 238 89 53 250 2014 7 4 16 1 15 2 79
25 57 55 33.384 -111.79 242 73 50 250 2014 7 4 16 2 15 2 79
25 57 55 33.439 -111.82 239 0 39 250 2014 7 4 16 3 6 2 79
25 57 55 33.433 -111.87 225 337 34 250 2014 7 4 16 4 6 2 79
25 57 55 33.441 -111.94 145 270 21 250 2014 7 4 16 5 15 2 79
25 57 55 33.433 -111.97 144 271 16 250 2014 7 4 16 6 6 2 79
26 57 55 33.829 -116.51 153 0 4 250 2014 7 4 17 39 15 1 4
26 57 55 33.807 -116.48 163 0 250 250 2014 7 4 17 40 6 1 41
26 57 55 33.783 -116.35 267 112 51 250 2014 7 4 17 41 6 1 4
26 57 55 33.767 -116.27 275 97 80 250 2014 7 4 17 42 16 1 4
26 57 55 33.763 -116.24 276 103 87 250 2014 7 4 17 43 6 1 4
26 57 55 33.754 -116.14 281 98 110 250 2014 7 4 17 44 6 1 27
26 57 55 33.738 -116.01 340 97 136 250 2014 7 4 17 45 6 1 27
26 57 55 33.724 -115.89 344 97 161 250 2014 7 4 17 46 6 1 27
26 57 55 33.713 -115.78 342 97 182 250 2014 7 4 17 47 16 1 27
26 57 55 33.7 -115.65 372 97 198 250 2014 7 4 17 48 6 1 27
26 57 55 33.684 -115.53 385 97 219 250 2014 7 4 17 49 6 1 27
26 57 55 33.67 -115.4 386 97 237 250 2014 7 4 17 50 16 1 27
26 57 55 33.651 -115.24 408 97 250 250 2014 7 4 17 51 6 1 41
26 57 55 33.634 -115.09 431 97 250 250 2014 7 4 17 52 6 1 39
26 57 55 33.617 -114.95 431 97 250 250 2014 7 4 17 53 6 1 39
26 57 55 33.601 -114.81 426 98 250 250 2014 7 4 17 54 15 1 39
26 57 55 33.58 -114.68 422 99 250 250 2014 7 4 17 55 15 1 39
26 57 55 33.552 -114.54 423 103 250 250 2014 7 4 17 56 6 1 39
26 57 55 33.52 -114.38 424 102 250 250 2014 7 4 17 57 16 1 39
26 57 55 33.493 -114.24 422 104 250 250 2014 7 4 17 58 6 1 39
26 57 55 33.466 -114.11 418 103 250 250 2014 7 4 17 59 6 1 39
26 57 55 33.44 -113.97 409 103 250 250 2014 7 4 18 0 16 2 64
26 57 55 33.414 -113.84 415 103 247 250 2014 7 4 18 1 6 2 64
26 57 55 33.389 -113.71 412 103 232 250 2014 7 4 18 2 8 2 64
26 57 55 33.373 -113.63 408 103 223 250 2014 7 4 18 3 6 2 64
26 57 55 33.331 -113.43 400 103 199 250 2014 7 4 18 4 6 2 64
26 57 55 33.321 -113.38 393 102 193 250 2014 7 4 18 5 15 2 64
26 57 55 33.295 -113.26 378 104 180 250 2014 7 4 18 6 15 2 64
26 57 55 33.273 -113.13 344 104 169 250 2014 7 4 18 7 6 2 64
26 57 55 33.275 -113.02 333 93 159 250 2014 7 4 18 8 6 2 64
26 57 55 33.283 -112.88 322 87 150 250 2014 7 4 18 9 16 2 64
26 57 55 33.283 -112.78 312 89 150 250 2014 7 4 18 10 16 2 64
26 57 55 33.283 -112.67 306 88 150 250 2014 7 4 18 11 15 2 79
26 57 55 33.284 -112.59 309 89 138 250 2014 7 4 18 12 16 2 79
26 57 55 33.288 -112.49 304 89 123 250 2014 7 4 18 13 6 2 79
26 57 55 33.291 -112.4 289 93 111 250 2014 7 4 18 14 16 2 79
26 57 55 33.295 -112.3 284 80 104 250 2014 7 4 18 15 16 2 79
26 57 55 33.302 -112.21 282 84 90 250 2014 7 4 18 16 16 2 79
26 57 55 33.308 -112.13 251 89 90 250 2014 7 4 18 17 6 2 79
26 57 55 33.317 -112.12 242 85 90 250 2014 7 4 18 18 6 2 79
26 57 55 33.341 -111.98 243 64 69 250 2014 7 4 18 19 16 2 79
26 57 55 33.345 -111.88 233 89 54 250 2014 7 4 18 20 15 2 79
26 57 55 33.345 -111.88 233 89 54 250 2014 7 4 18 21 6 2 79
26 57 55 33.417 -111.85 201 56 33 250 2014 7 4 18 22 6 2 79
26 57 55 33.433 -111.9 160 332 27 250 2014 7 4 18 23 6 2 79
26 57 55 33.429 -111.95 149 270 20 250 2014 7 4 18 24 15 2 79
27 57 55 33.814 -116.49 160 158 250 250 2014 7 4 20 54 6 1 41
27 57 55 33.789 -116.42 234 111 250 250 2014 7 4 20 55 15 1 41
27 57 55 33.783 -116.37 271 112 64 250 2014 7 4 20 56 6 1 4
27 57 55 33.779 -116.34 279 103 71 250 2014 7 4 20 57 6 1 4
27 57 55 33.767 -116.24 288 98 107 250 2014 7 4 20 58 6 1 4
27 57 55 33.742 -116.02 339 97 162 250 2014 7 4 20 59 16 1 27
27 57 55 33.726 -115.88 348 97 191 250 2014 7 4 21 0 15 1 27
27 57 55 33.713 -115.75 368 97 213 250 2014 7 4 21 1 16 1 27
27 57 55 33.713 -115.75 368 97 213 250 2014 7 4 21 2 15 1 27
27 57 55 33.697 -115.62 400 97 230 250 2014 7 4 21 3 6 1 27
27 57 55 33.679 -115.48 420 97 250 250 2014 7 4 21 4 15 1 41
27 57 55 33.662 -115.33 437 98 250 250 2014 7 4 21 5 15 1 41
27 57 55 33.643 -115.16 442 97 250 250 2014 7 4 21 6 6 1 39
27 57 55 33.63 -115.01 441 98 250 250 2014 7 4 21 7 6 1 39
27 57 55 33.611 -114.88 420 98 250 250 2014 7 4 21 8 6 1 39
27 57 55 33.594 -114.75 413 98 250 250 2014 7 4 21 9 18 1 39
27 57 55 33.564 -114.58 413 102 250 250 2014 7 4 21 10 15 1 39
27 57 55 33.538 -114.45 413 103 250 250 2014 7 4 21 11 6 1 39
27 57 55 33.51 -114.32 413 103 250 250 2014 7 4 21 12 16 1 39
27 57 55 33.484 -114.19 408 103 250 250 2014 7 4 21 13 6 1 39
27 57 55 33.459 -114.06 404 103 250 250 2014 7 4 21 14 15 1 39
27 57 55 33.432 -113.93 402 103 250 250 2014 7 4 21 15 15 2 64
27 57 55 33.404 -113.8 410 102 250 250 2014 7 4 21 16 16 2 64
27 57 55 33.377 -113.66 415 103 245 250 2014 7 4 21 17 16 2 64
27 57 55 33.351 -113.53 411 103 227 250 2014 7 4 21 18 6 2 64
27 57 55 33.325 -113.41 397 103 211 250 2014 7 4 21 19 6 2 64
27 57 55 33.299 -113.28 394 104 196 250 2014 7 4 21 20 16 2 64
27 57 55 33.273 -113.14 374 102 178 250 2014 7 4 21 21 15 2 64
27 57 55 33.276 -113.02 361 94 164 250 2014 7 4 21 22 6 2 64
27 57 55 33.278 -112.9 360 76 159 250 2014 7 4 21 23 6 2 64
27 57 55 33.281 -112.78 354 89 154 250 2014 7 4 21 24 6 2 79
27 57 55 33.281 -112.68 332 89 149 250 2014 7 4 21 25 15 2 79
27 57 55 33.284 -112.58 316 89 137 250 2014 7 4 21 26 15 2 79
27 57 55 33.288 -112.48 312 89 124 250 2014 7 4 21 27 16 2 79
27 57 55 33.291 -112.36 296 89 111 250 2014 7 4 21 28 6 2 79
27 57 55 33.297 -112.27 293 78 103 250 2014 7 4 21 29 6 2 79
27 57 55 33.304 -112.17 288 89 91 250 2014 7 4 21 30 6 2 79
27 57 55 33.312 -112.09 249 89 89 250 2014 7 4 21 31 6 2 79
27 57 55 33.33 -112.02 240 64 75 250 2014 7 4 21 32 15 2 79
27 57 55 33.348 -111.94 231 89 56 250 2014 7 4 21 33 6 2 79
27 57 55 33.363 -111.87 232 64 40 250 2014 7 4 21 34 6 2 79
27 57 55 33.41 -111.84 203 59 30 250 2014 7 4 21 35 18 2 79
27 57 55 33.433 -111.87 187 22 30 250 2014 7 4 21 36 6 2 79
27 57 55 33.441 -111.94 143 270 20 250 2014 7 4 21 37 16 2 79
27 57 55 33.44 -111.99 132 270 13 250 2014 7 4 21 38 16 2 79
28 57 55 33.817 -116.48 162 142 20 270 2014 7 4 22 27 15 1 4
28 57 55 33.8 -116.42 233 122 43 270 2014 7 4 22 28 6 1 4
28 57 55 33.797 -116.42 224 103 270 270 2014 7 4 22 29 6 1 41
28 57 55 33.764 -116.24 281 108 97 270 2014 7 4 22 30 16 1 4
28 57 55 33.746 -116.14 299 92 126 270 2014 7 4 22 31 15 1 27
28 57 55 33.746 -116.14 299 92 126 270 2014 7 4 22 32 6 1 27
28 57 55 33.68 -115.95 307 107 173 270 2014 7 4 22 33 6 1 27
28 57 55 33.673 -115.85 307 94 173 250 2014 7 4 22 34 6 1 27
28 57 55 33.649 -115.85 319 106 190 250 2014 7 4 22 35 15 1 27
28 57 55 33.615 -115.73 350 110 204 250 2014 7 4 22 36 6 1 27
28 57 55 33.578 -115.61 372 109 217 250 2014 7 4 22 37 17 1 27
28 57 55 33.541 -115.49 379 109 230 250 2014 7 4 22 38 6 1 27
28 57 55 33.507 -115.37 385 110 243 250 2014 7 4 22 39 15 1 39
28 57 55 33.441 -115.12 412 108 250 250 2014 7 4 22 40 15 1 39
28 57 55 33.441 -115.12 412 108 250 250 2014 7 4 22 41 6 1 39
28 57 55 33.363 -114.84 445 109 250 250 2014 7 4 22 42 15 1 39
28 57 55 33.381 -114.69 458 105 250 250 2014 7 4 22 43 16 1 39
28 57 55 33.384 -114.66 462 81 250 250 2014 7 4 22 44 15 1 39
28 57 55 33.406 -114.51 457 80 250 250 2014 7 4 22 45 6 1 39
28 57 55 33.426 -114.36 462 80 250 250 2014 7 4 22 46 16 1 39
28 57 55 33.447 -114.21 462 80 250 250 2014 7 4 22 47 15 1 39
28 57 55 33.459 -114.06 457 81 250 250 2014 7 4 22 48 15 1 39
28 57 55 33.432 -113.92 419 102 250 250 2014 7 4 22 49 15 2 64
28 57 55 33.405 -113.79 411 102 240 250 2014 7 4 22 50 6 2 64
28 57 55 33.374 -113.64 410 103 218 250 2014 7 4 22 51 6 2 64
28 57 55 33.348 -113.51 401 103 202 250 2014 7 4 22 52 15 2 64
28 57 55 33.322 -113.38 395 104 186 250 2014 7 4 22 53 6 2 64
28 57 55 33.283 -113.2 373 103 161 250 2014 7 4 22 54 6 2 64
28 57 55 33.276 -113.15 367 215 153 250 2014 7 4 22 55 15 2 64
28 57 55 33.283 -113.05 346 92 150 250 2014 7 4 22 56 16 2 64
28 57 55 33.278 -112.94 346 84 150 250 2014 7 4 22 57 6 2 64
28 57 55 33.28 -112.83 342 89 149 250 2014 7 4 22 58 6 2 64
28 57 55 33.283 -112.68 326 91 150 250 2014 7 4 22 59 16 2 79
28 57 55 33.285 -112.61 329 89 142 250 2014 7 4 23 0 16 2 79
28 57 55 33.289 -112.5 308 89 126 250 2014 7 4 23 1 16 2 79
28 57 55 33.291 -112.4 303 80 114 250 2014 7 4 23 2 6 2 79
28 57 55 33.296 -112.31 293 89 108 250 2014 7 4 23 3 15 2 79
28 57 55 33.303 -112.21 287 89 96 250 2014 7 4 23 4 6 2 79
28 57 55 33.309 -112.13 261 89 90 250 2014 7 4 23 5 6 2 79
28 57 55 33.317 -112.03 243 73 84 250 2014 7 4 23 6 6 2 79
28 57 55 33.333 -111.97 243 79 72 250 2014 7 4 23 7 15 2 79
28 57 55 33.358 -111.88 244 73 53 250 2014 7 4 23 8 6 2 79
28 57 55 33.414 -111.86 217 29 45 250 2014 7 4 23 9 6 2 79
28 57 55 33.443 -111.9 195 330 28 250 2014 7 4 23 10 16 2 79
28 57 55 33.433 -111.95 154 257 20 250 2014 7 4 23 11 15 2 79
28 57 55 33.44 -111.99 141 257 13 250 2014 7 4 23 12 16 2 79
