1 57 69 33.858 -116.53 177 312 330 330 2014 7 1 13 34 6 1 41
1 57 69 33.908 -116.57 223 331 330 330 2014 7 1 13 35 6 1 41
1 57 69 33.946 -116.53 221 39 60 330 2014 7 1 13 36 7 1 4
1 57 69 33.915 -116.46 289 41 79 330 2014 7 1 13 37 6 1 4
1 57 69 33.951 -116.36 285 106 97 330 2014 7 1 13 38 6 1 4
1 57 69 34.02 -116.3 314 87 106 330 2014 7 1 13 39 16 1 4
1 57 69 34.096 -116.22 335 52 118 330 2014 7 1 13 40 6 1 27
1 57 69 34.171 -116.14 345 38 134 330 2014 7 1 13 41 6 1 27
1 57 69 34.248 -116.07 353 39 148 330 2014 7 1 13 42 6 1 27
1 57 69 34.325 -115.99 360 40 159 330 2014 7 1 13 43 16 1 27
1 57 69 34.406 -115.91 370 39 171 330 2014 7 1 13 44 6 1 27
1 57 69 34.487 -115.83 371 39 182 330 2014 7 1 13 45 6 1 27
1 57 69 34.57 -115.74 384 39 192 330 2014 7 1 13 46 6 1 27
1 57 69 34.67 -115.64 388 39 202 330 2014 7 1 13 47 6 1 27
1 57 69 34.756 -115.56 393 39 211 330 2014 7 1 13 48 16 1 31
1 57 69 34.849 -115.46 398 39 218 330 2014 7 1 13 49 6 1 31
1 57 69 34.929 -115.38 409 39 225 330 2014 7 1 13 50 16 1 31
1 57 69 35.019 -115.29 414 39 231 330 2014 7 1 13 51 6 1 31
1 57 69 35.119 -115.19 422 39 236 330 2014 7 1 13 52 6 1 31
1 57 69 35.229 -115.14 423 30 241 330 2014 7 1 13 53 15 1 44
1 57 69 35.345 -115.1 429 15 246 330 2014 7 1 13 54 6 1 44
1 57 69 35.459 -115.06 429 16 251 330 2014 7 1 13 55 15 1 44
1 57 69 35.528 -115.03 429 16 254 330 2014 7 1 13 56 6 1 47
1 57 69 35.643 -114.99 430 16 260 330 2014 7 1 13 57 9 1 47
1 57 69 35.782 -114.94 432 15 267 330 2014 7 1 13 58 6 1 47
1 57 69 35.897 -114.9 432 16 273 330 2014 7 1 13 59 6 1 47
1 57 69 36.05 -114.82 437 18 281 330 2014 7 1 14 0 16 1 47
1 57 69 36.112 -114.78 435 25 285 310 2014 7 1 14 1 9 1 47
1 57 69 36.214 -114.7 432 31 291 310 2014 7 1 14 2 15 1 47
1 57 69 36.316 -114.62 432 31 297 310 2014 7 1 14 3 6 1 47
1 57 69 36.416 -114.54 431 31 303 310 2014 7 1 14 4 6 1 48
1 57 69 36.536 -114.45 428 31 310 310 2014 7 1 14 5 16 1 48
1 57 69 36.636 -114.38 425 31 310 310 2014 7 1 14 6 6 1 48
1 57 69 36.739 -114.3 431 31 310 310 2014 7 1 14 7 6 1 48
1 57 69 36.846 -114.21 441 31 310 310 2014 7 1 14 8 6 1 48
1 57 69 36.952 -114.13 444 31 310 310 2014 7 1 14 9 6 1 48
1 57 69 37.057 -114.05 445 32 310 310 2014 7 1 14 10 16 1 48
1 57 69 37.119 -114 446 32 310 310 2014 7 1 14 11 14 1 48
1 57 69 37.225 -113.92 447 31 310 310 2014 7 1 14 12 6 1 48
1 57 69 37.332 -113.84 447 32 310 310 2014 7 1 14 13 6 1 48
1 57 69 37.501 -113.7 448 31 310 310 2014 7 1 14 14 6 1 48
1 57 69 37.545 -113.67 448 32 310 310 2014 7 1 14 15 16 1 48
1 57 69 37.652 -113.58 449 31 310 310 2014 7 1 14 16 6 1 48
1 57 69 37.758 -113.5 450 31 310 310 2014 7 1 14 17 16 5 205
1 57 69 37.864 -113.42 449 32 310 310 2014 7 1 14 18 6 5 205
1 57 69 37.992 -113.31 449 31 310 310 2014 7 1 14 19 15 5 205
1 57 69 38.099 -113.23 450 32 310 310 2014 7 1 14 20 6 5 205
1 57 69 38.206 -113.14 451 32 310 310 2014 7 1 14 21 6 5 205
1 57 69 38.248 -113.11 451 32 310 310 2014 7 1 14 22 6 5 205
1 57 69 38.353 -113.02 448 28 310 310 2014 7 1 14 23 6 5 205
1 57 69 38.462 -112.96 432 32 310 230 2014 7 1 14 24 6 5 205
1 57 69 38.593 -112.89 426 27 310 230 2014 7 1 14 25 6 5 205
1 57 69 38.702 -112.83 426 23 310 230 2014 7 1 14 26 6 5 205
1 57 69 38.811 -112.77 427 22 310 230 2014 7 1 14 27 6 5 205
1 57 69 38.921 -112.71 427 23 310 230 2014 7 1 14 28 6 5 205
1 57 69 39.031 -112.65 427 23 310 230 2014 7 1 14 29 6 5 205
1 57 69 39.142 -112.6 429 22 305 230 2014 7 1 14 30 16 5 205
1 57 69 39.265 -112.53 418 22 281 150 2014 7 1 14 31 6 5 215
1 57 69 39.377 -112.46 441 22 257 150 2014 7 1 14 32 16 5 215
1 57 69 39.495 -112.39 461 23 232 150 2014 7 1 14 33 15 5 215
1 57 69 39.607 -112.33 440 23 207 150 2014 7 1 14 34 6 5 215
1 57 69 39.715 -112.27 428 23 182 150 2014 7 1 14 35 6 5 215
1 57 69 39.816 -112.21 403 19 159 150 2014 7 1 14 36 6 5 215
1 57 69 39.93 -112.14 349 21 150 150 2014 7 1 14 37 6 5 215
1 57 69 40.012 -112.09 324 25 150 150 2014 7 1 14 38 6 5 215
1 57 69 40.093 -112.05 321 24 150 150 2014 7 1 14 39 18 5 215
1 57 69 40.172 -112 318 24 142 150 2014 7 1 14 40 15 5 197
1 57 69 40.247 -111.95 290 25 132 150 2014 7 1 14 41 10 5 197
1 57 69 40.322 -111.94 275 17 122 150 2014 7 1 14 42 6 5 197
1 57 69 40.37 -111.94 266 10 115 150 2014 7 1 14 43 6 5 197
1 57 69 40.478 -111.94 247 358 97 150 2014 7 1 14 44 6 5 197
1 57 69 40.547 -111.95 247 355 88 150 2014 7 1 14 45 6 5 197
1 57 69 40.607 -111.95 211 356 78 150 2014 7 1 14 46 6 5 197
1 57 69 40.635 -111.96 193 354 72 150 2014 7 1 14 47 6 5 197
1 57 69 40.685 -111.96 187 355 60 150 2014 7 1 14 48 6 5 197
1 57 69 40.732 -111.97 166 355 51 150 2014 7 1 14 49 6 5 197
1 57 69 40.792 -111.98 122 354 42 150 2014 7 1 14 50 15 5 197
1 57 69 40.792 -111.98 122 354 42 150 2014 7 1 14 51 7 5 197
2 57 69 33.858 -116.53 190 0 350 350 2014 7 1 20 31 6 1 41
2 57 69 33.901 -116.57 188 317 350 350 2014 7 1 20 32 6 1 41
2 57 69 33.929 -116.52 220 15 350 350 2014 7 1 20 33 16 1 41
2 57 69 33.954 -116.44 230 76 80 350 2014 7 1 20 34 16 1 4
2 57 69 33.972 -116.36 242 71 99 350 2014 7 1 20 35 6 1 4
2 57 69 33.992 -116.28 268 75 115 350 2014 7 1 20 36 6 1 4
2 57 69 34.017 -116.17 315 74 133 350 2014 7 1 20 37 6 1 27
2 57 69 34.043 -116.07 327 73 155 350 2014 7 1 20 38 16 1 27
2 57 69 34.069 -115.96 338 73 174 350 2014 7 1 20 39 16 1 27
2 57 69 34.096 -115.84 345 73 196 350 2014 7 1 20 40 16 1 27
2 57 69 34.159 -115.72 383 73 216 350 2014 7 1 20 41 6 1 27
2 57 69 34.238 -115.63 389 65 229 350 2014 7 1 20 42 6 1 27
2 57 69 34.319 -115.54 392 48 230 350 2014 7 1 20 43 15 1 27
2 57 69 34.435 -115.48 407 42 234 350 2014 7 1 20 44 6 1 27
2 57 69 34.541 -115.44 407 19 234 350 2014 7 1 20 45 6 1 27
2 57 69 34.635 -115.39 404 20 269 350 2014 7 1 20 46 6 1 44
2 57 69 34.754 -115.34 413 20 280 350 2014 7 1 20 47 6 1 44
2 57 69 34.822 -115.31 410 19 286 350 2014 7 1 20 48 6 1 44
2 57 69 34.988 -115.24 446 19 300 350 2014 7 1 20 49 16 1 44
2 57 69 35.133 -115.17 457 19 315 350 2014 7 1 20 50 15 1 44
2 57 69 35.181 -115.16 459 20 321 350 2014 7 1 20 51 6 1 44
2 57 69 35.304 -115.11 459 15 330 350 2014 7 1 20 52 6 1 44
2 57 69 35.506 -115.04 468 16 330 350 2014 7 1 20 53 16 1 47
2 57 69 35.581 -115.02 471 16 330 350 2014 7 1 20 54 6 1 47
2 57 69 35.709 -114.97 478 16 330 330 2014 7 1 20 55 6 1 47
2 57 69 35.836 -114.92 479 16 330 330 2014 7 1 20 56 6 1 47
2 57 69 35.964 -114.87 479 16 330 330 2014 7 1 20 57 6 1 47
2 57 69 36.08 -114.8 475 22 330 330 2014 7 1 20 58 15 1 47
2 57 69 36.194 -114.71 479 30 330 330 2014 7 1 20 59 6 1 47
2 57 69 36.329 -114.61 478 31 330 330 2014 7 1 21 0 6 1 47
2 57 69 36.44 -114.52 475 31 330 330 2014 7 1 21 1 6 1 48
2 57 69 36.554 -114.44 475 31 330 330 2014 7 1 21 2 6 1 48
2 57 69 36.664 -114.35 471 31 330 330 2014 7 1 21 3 6 1 48
2 57 69 36.776 -114.27 471 31 330 330 2014 7 1 21 4 6 1 48
2 57 69 36.883 -114.19 471 31 330 330 2014 7 1 21 5 6 1 48
2 57 69 37.015 -114.08 469 31 330 330 2014 7 1 21 6 6 1 48
2 57 69 37.085 -114.03 470 31 330 330 2014 7 1 21 7 6 1 48
2 57 69 37.196 -113.94 470 31 330 330 2014 7 1 21 8 6 1 48
2 57 69 37.302 -113.86 469 32 330 330 2014 7 1 21 9 6 1 48
2 57 69 37.457 -113.74 464 32 330 330 2014 7 1 21 10 15 1 48
2 57 69 37.523 -113.68 467 31 330 330 2014 7 1 21 11 6 1 48
2 57 69 37.678 -113.56 467 31 330 330 2014 7 1 21 12 16 5 205
2 57 69 37.767 -113.49 467 31 330 330 2014 7 1 21 13 6 5 205
2 57 69 37.878 -113.4 467 32 330 330 2014 7 1 21 14 16 5 205
2 57 69 37.99 -113.31 471 32 330 330 2014 7 1 21 15 16 5 205
2 57 69 38.035 -113.28 470 32 330 330 2014 7 1 21 16 6 5 205
2 57 69 38.146 -113.19 471 32 330 330 2014 7 1 21 17 6 5 205
2 57 69 38.255 -113.1 468 32 330 310 2014 7 1 21 18 6 5 205
2 57 69 38.366 -113.01 465 32 322 310 2014 7 1 21 19 16 5 205
2 57 69 38.488 -112.95 470 31 311 310 2014 7 1 21 20 16 5 205
2 57 69 38.609 -112.88 470 24 310 310 2014 7 1 21 21 6 5 205
2 57 69 38.726 -112.82 461 22 310 310 2014 7 1 21 22 16 5 205
2 57 69 38.841 -112.76 451 22 310 150 2014 7 1 21 23 15 5 205
2 57 69 38.978 -112.68 447 22 310 150 2014 7 1 21 24 21 5 205
2 57 69 39.091 -112.62 445 22 310 150 2014 7 1 21 25 16 5 205
2 57 69 39.205 -112.56 443 22 310 150 2014 7 1 21 26 6 5 215
2 57 69 39.312 -112.5 443 20 307 150 2014 7 1 21 27 6 5 215
2 57 69 39.432 -112.43 470 22 277 150 2014 7 1 21 28 16 5 215
2 57 69 39.569 -112.35 455 20 238 150 2014 7 1 21 29 6 5 215
2 57 69 39.681 -112.29 441 24 203 150 2014 7 1 21 30 15 5 215
2 57 69 39.788 -112.23 423 24 172 150 2014 7 1 21 31 6 5 215
2 57 69 39.887 -112.17 385 21 152 150 2014 7 1 21 32 16 5 215
2 57 69 39.974 -112.12 344 24 150 150 2014 7 1 21 33 16 5 215
2 57 69 40.061 -112.06 356 25 139 150 2014 7 1 21 34 6 5 215
2 57 69 40.155 -112.01 373 25 121 150 2014 7 1 21 35 16 5 197
2 57 69 40.265 -111.95 358 25 108 150 2014 7 1 21 36 6 5 197
2 57 69 40.353 -111.93 324 10 99 150 2014 7 1 21 37 6 5 197
2 57 69 40.441 -111.94 313 2 99 150 2014 7 1 21 38 16 5 197
2 57 69 40.518 -111.94 279 356 91 150 2014 7 1 21 39 6 5 197
2 57 69 40.591 -111.95 263 354 83 150 2014 7 1 21 40 6 5 197
2 57 69 40.651 -111.96 218 354 67 150 2014 7 1 21 41 6 5 197
2 57 69 40.704 -111.96 197 356 57 150 2014 7 1 21 42 6 5 197
2 57 69 40.738 -111.97 143 355 49 150 2014 7 1 21 43 15 5 197
2 57 69 40.754 -111.97 151 354 46 150 2014 7 1 21 44 16 5 197
2 57 69 40.785 -111.97 147 354 42 150 2014 7 1 21 45 16 5 197
3 57 69 33.867 -116.54 190 328 330 330 2014 7 2 13 38 6 1 41
3 57 69 33.921 -116.58 229 308 48 330 2014 7 2 13 39 16 1 4
3 57 69 33.964 -116.53 247 28 64 330 2014 7 2 13 40 6 1 4
3 57 69 33.98 -116.44 252 76 83 330 2014 7 2 13 41 6 1 4
3 57 69 33.998 -116.35 270 76 100 330 2014 7 2 13 42 6 1 4
3 57 69 34.017 -116.25 295 71 115 330 2014 7 2 13 43 6 1 4
3 57 69 34.036 -116.15 306 76 129 330 2014 7 2 13 44 6 1 27
3 57 69 34.057 -116.04 324 77 145 330 2014 7 2 13 45 6 1 27
3 57 69 34.082 -115.94 330 76 160 330 2014 7 2 13 46 15 1 27
3 57 69 34.161 -115.88 330 30 160 330 2014 7 2 13 47 6 1 27
3 57 69 34.247 -115.81 353 53 188 330 2014 7 2 13 48 6 1 27
3 57 69 34.351 -115.74 360 32 202 330 2014 7 2 13 49 6 1 27
3 57 69 34.434 -115.68 363 30 214 330 2014 7 2 13 50 6 1 27
3 57 69 34.523 -115.61 369 30 224 330 2014 7 2 13 51 6 1 27
3 57 69 34.626 -115.54 385 30 230 330 2014 7 2 13 52 16 1 27
3 57 69 34.721 -115.47 396 30 238 330 2014 7 2 13 53 16 1 31
3 57 69 34.759 -115.45 390 30 242 330 2014 7 2 13 54 6 1 44
3 57 69 34.916 -115.33 406 30 254 330 2014 7 2 13 55 16 1 44
3 57 69 34.955 -115.3 405 30 256 330 2014 7 2 13 56 6 1 44
3 57 69 35.135 -115.17 415 30 273 330 2014 7 2 13 57 6 1 44
3 57 69 35.242 -115.13 406 28 280 330 2014 7 2 13 58 15 1 44
3 57 69 35.351 -115.09 404 16 285 330 2014 7 2 13 59 6 1 44
3 57 69 35.372 -115.09 405 16 286 330 2014 7 2 14 0 6 1 44
3 57 69 35.504 -115.04 409 15 292 330 2014 7 2 14 1 6 1 47
3 57 69 35.606 -114.97 418 24 297 330 2014 7 2 14 2 6 1 47
3 57 69 35.709 -114.9 418 28 300 330 2014 7 2 14 3 6 1 47
3 57 69 35.812 -114.83 423 28 305 330 2014 7 2 14 4 6 1 47
3 57 69 35.916 -114.76 424 29 309 330 2014 7 2 14 5 16 1 47
3 57 69 36.02 -114.69 428 29 313 330 2014 7 2 14 6 6 1 47
3 57 69 36.124 -114.62 428 29 318 330 2014 7 2 14 7 6 1 47
3 57 69 36.247 -114.53 428 29 324 330 2014 7 2 14 8 16 1 47
3 57 69 36.307 -114.49 428 29 328 330 2014 7 2 14 9 6 1 47
3 57 69 36.451 -114.39 423 29 330 330 2014 7 2 14 10 16 1 48
3 57 69 36.531 -114.33 424 29 330 330 2014 7 2 14 11 7 1 48
3 57 69 36.658 -114.24 431 30 330 330 2014 7 2 14 12 6 1 48
3 57 69 36.764 -114.17 433 29 330 330 2014 7 2 14 13 6 1 48
3 57 69 36.877 -114.09 435 29 330 330 2014 7 2 14 14 16 1 48
3 57 69 36.982 -114.01 435 29 330 330 2014 7 2 14 15 15 1 48
3 57 69 37.087 -113.94 435 29 330 330 2014 7 2 14 16 16 1 48
3 57 69 37.192 -113.87 435 29 330 330 2014 7 2 14 17 16 1 48
3 57 69 37.319 -113.77 435 29 330 330 2014 7 2 14 18 16 1 48
3 57 69 37.404 -113.71 435 29 330 330 2014 7 2 14 19 7 1 48
3 57 69 37.532 -113.62 436 29 330 330 2014 7 2 14 20 16 1 48
3 57 69 37.618 -113.56 438 29 330 330 2014 7 2 14 21 6 1 48
3 57 69 37.751 -113.48 437 25 330 330 2014 7 2 14 22 16 5 205
3 57 69 37.865 -113.42 437 21 330 330 2014 7 2 14 23 15 5 205
3 57 69 37.978 -113.37 437 22 330 330 2014 7 2 14 24 15 5 205
3 57 69 38.09 -113.31 437 22 330 330 2014 7 2 14 25 16 5 205
3 57 69 38.18 -113.26 436 22 330 330 2014 7 2 14 26 6 5 205
3 57 69 38.202 -113.25 436 22 330 330 2014 7 2 14 27 6 5 205
3 57 69 38.336 -113.18 435 22 330 330 2014 7 2 14 28 6 5 205
3 57 69 38.449 -113.12 436 22 330 320 2014 7 2 14 29 6 5 205
3 57 69 38.679 -113 445 22 323 320 2014 7 2 14 30 16 5 205
3 57 69 38.679 -113 445 22 323 170 2014 7 2 14 31 6 5 205
3 57 69 38.799 -112.93 461 22 320 170 2014 7 2 14 32 16 5 205
3 57 69 38.917 -112.87 462 22 320 170 2014 7 2 14 33 16 5 205
3 57 69 39.037 -112.81 462 22 320 170 2014 7 2 14 34 16 5 205
3 57 69 39.179 -112.73 463 22 321 170 2014 7 2 14 35 6 5 215
3 57 69 39.299 -112.67 463 22 308 170 2014 7 2 14 36 6 5 215
3 57 69 39.422 -112.6 454 22 282 170 2014 7 2 14 37 16 5 215
3 57 69 39.533 -112.54 433 22 259 170 2014 7 2 14 38 6 5 215
3 57 69 39.639 -112.48 418 23 238 170 2014 7 2 14 39 6 5 215
3 57 69 39.743 -112.42 406 23 217 170 2014 7 2 14 40 6 5 215
3 57 69 39.844 -112.37 397 22 197 170 2014 7 2 14 41 6 5 215
3 57 69 39.997 -112.3 368 22 171 170 2014 7 2 14 42 6 5 215
3 57 69 40.098 -112.25 358 21 166 170 2014 7 2 14 43 6 5 215
3 57 69 40.194 -112.22 355 14 150 170 2014 7 2 14 44 6 5 197
3 57 69 40.245 -112.19 350 15 145 170 2014 7 2 14 45 6 5 197
3 57 69 40.339 -112.16 348 15 135 170 2014 7 2 14 46 11 5 197
3 57 69 40.431 -112.13 347 15 130 170 2014 7 2 14 47 6 5 197
3 57 69 40.524 -112.09 344 14 121 170 2014 7 2 14 48 6 5 197
3 57 69 40.635 -112.08 335 13 110 170 2014 7 2 14 49 6 5 197
3 57 69 40.722 -112.09 306 2 110 170 2014 7 2 14 50 6 5 197
3 57 69 40.791 -112.1 250 355 110 170 2014 7 2 14 51 6 5 197
3 57 69 40.881 -112.11 245 356 90 170 2014 7 2 14 52 16 5 197
3 57 69 40.93 -112.11 251 354 80 170 2014 7 2 14 53 6 5 197
3 57 69 40.964 -112.05 242 0 72 170 2014 7 2 14 54 7 5 197
3 57 69 40.901 -112.01 214 156 61 170 2014 7 2 14 55 16 5 197
3 57 69 40.901 -112.01 214 156 61 170 2014 7 2 14 56 6 5 197
3 57 69 40.818 -112 148 173 45 170 2014 7 2 14 57 16 5 197
4 57 69 33.829 -116.51 148 0 4 330 2014 7 2 20 23 6 1 4
4 57 69 33.833 -116.33 246 106 69 330 2014 7 2 20 25 16 1 4
4 57 69 33.86 -116.33 254 54 76 330 2014 7 2 20 26 6 1 4
4 57 69 33.924 -116.29 270 28 96 330 2014 7 2 20 27 6 1 4
4 57 69 33.955 -116.2 285 23 109 330 2014 7 2 20 28 6 1 4
4 57 69 34 -116.08 325 48 123 330 2014 7 2 20 29 16 1 27
4 57 69 34.082 -116.02 347 66 138 330 2014 7 2 20 30 6 1 27
4 57 69 34.157 -115.96 347 44 152 330 2014 7 2 20 31 12 1 27
4 57 69 34.246 -115.89 358 32 161 330 2014 7 2 20 32 6 1 27
4 57 69 34.333 -115.82 373 33 171 330 2014 7 2 20 33 6 1 27
4 57 69 34.443 -115.75 384 33 184 330 2014 7 2 20 34 15 1 27
4 57 69 34.541 -115.7 388 25 198 330 2014 7 2 20 35 6 1 27
4 57 69 34.636 -115.64 383 25 212 330 2014 7 2 20 36 6 1 27
4 57 69 34.733 -115.59 383 24 222 330 2014 7 2 20 37 6 1 31
4 57 69 34.847 -115.53 388 24 232 330 2014 7 2 20 38 15 1 31
4 57 69 34.951 -115.46 397 24 239 330 2014 7 2 20 39 6 1 31
4 57 69 35.008 -115.43 395 25 243 330 2014 7 2 20 40 6 1 44
4 57 69 35.112 -115.37 408 25 250 330 2014 7 2 20 41 6 1 44
4 57 69 35.218 -115.31 414 24 257 330 2014 7 2 20 42 6 1 44
4 57 69 35.389 -115.21 421 24 267 330 2014 7 2 20 43 6 1 44
4 57 69 35.452 -115.18 422 25 270 330 2014 7 2 20 44 6 1 44
4 57 69 35.561 -115.12 430 24 275 330 2014 7 2 20 45 6 1 47
4 57 69 35.665 -115.04 430 27 280 330 2014 7 2 20 46 6 1 47
4 57 69 35.769 -114.97 431 30 285 330 2014 7 2 20 47 6 1 47
4 57 69 35.871 -114.89 431 30 290 330 2014 7 2 20 48 6 1 47
4 57 69 35.996 -114.8 432 30 296 330 2014 7 2 20 49 6 1 47
4 57 69 36.101 -114.73 434 30 301 330 2014 7 2 20 50 6 1 47
4 57 69 36.142 -114.69 435 30 303 330 2014 7 2 20 51 6 1 47
4 57 69 36.245 -114.62 435 30 309 330 2014 7 2 20 52 9 1 47
4 57 69 36.347 -114.54 435 30 314 330 2014 7 2 20 53 6 1 47
4 57 69 36.514 -114.42 433 30 322 330 2014 7 2 20 54 16 1 48
4 57 69 36.636 -114.33 428 31 328 330 2014 7 2 20 55 6 1 48
4 57 69 36.674 -114.3 429 30 330 330 2014 7 2 20 56 6 1 48
4 57 69 36.775 -114.22 428 30 330 330 2014 7 2 20 57 6 1 48
4 57 69 36.88 -114.14 434 31 330 330 2014 7 2 20 58 6 1 48
4 57 69 37.008 -114.05 442 30 330 330 2014 7 2 20 59 6 1 48
4 57 69 37.114 -113.97 442 30 330 330 2014 7 2 21 0 6 1 48
4 57 69 37.219 -113.89 442 31 330 330 2014 7 2 21 1 6 1 48
4 57 69 37.328 -113.81 442 31 330 330 2014 7 2 21 2 6 1 48
4 57 69 37.435 -113.73 445 31 330 330 2014 7 2 21 3 6 1 48
4 57 69 37.541 -113.65 445 31 330 330 2014 7 2 21 4 6 1 48
4 57 69 37.645 -113.57 440 31 330 330 2014 7 2 21 5 6 1 48
4 57 69 37.768 -113.47 432 31 330 330 2014 7 2 21 6 6 5 205
4 57 69 37.809 -113.44 433 31 330 330 2014 7 2 21 7 6 5 205
4 57 69 37.973 -113.32 429 31 330 330 2014 7 2 21 8 6 5 205
4 57 69 38.074 -113.24 427 31 330 330 2014 7 2 21 9 16 5 205
4 57 69 38.115 -113.21 427 31 330 330 2014 7 2 21 10 6 5 205
4 57 69 38.217 -113.13 427 31 330 330 2014 7 2 21 11 6 5 205
4 57 69 38.318 -113.05 427 31 330 330 2014 7 2 21 12 6 5 205
4 57 69 38.447 -112.97 428 31 330 330 2014 7 2 21 13 6 5 205
4 57 69 38.557 -112.91 428 28 330 330 2014 7 2 21 14 6 5 205
4 57 69 38.667 -112.85 428 23 330 330 2014 7 2 21 15 6 5 205
4 57 69 38.776 -112.79 428 20 330 320 2014 7 2 21 16 6 5 205
4 57 69 38.886 -112.73 428 23 328 320 2014 7 2 21 17 15 5 205
4 57 69 38.998 -112.67 431 23 323 320 2014 7 2 21 18 6 5 205
4 57 69 39.111 -112.61 439 22 320 320 2014 7 2 21 19 16 5 205
4 57 69 39.229 -112.55 440 22 320 320 2014 7 2 21 20 6 5 215
4 57 69 39.34 -112.48 436 23 312 150 2014 7 2 21 21 6 5 215
4 57 69 39.482 -112.4 463 20 274 150 2014 7 2 21 22 6 5 215
4 57 69 39.602 -112.33 470 23 242 150 2014 7 2 21 23 6 5 215
4 57 69 39.719 -112.27 463 23 210 150 2014 7 2 21 24 6 5 215
4 57 69 39.828 -112.2 434 23 179 150 2014 7 2 21 25 6 5 215
4 57 69 39.929 -112.14 402 21 152 150 2014 7 2 21 26 6 5 215
4 57 69 40.016 -112.09 334 24 147 150 2014 7 2 21 27 15 5 215
4 57 69 40.105 -112.05 364 24 137 150 2014 7 2 21 28 6 5 215
4 57 69 40.209 -111.98 391 25 126 150 2014 7 2 21 29 6 5 197
4 57 69 40.225 -111.97 385 24 125 150 2014 7 2 21 30 6 5 197
4 57 69 40.329 -111.94 384 14 114 150 2014 7 2 21 31 6 5 197
4 57 69 40.417 -111.94 348 4 105 150 2014 7 2 21 32 6 5 197
4 57 69 40.51 -111.94 298 352 91 150 2014 7 2 21 33 6 5 197
4 57 69 40.635 -111.96 234 355 69 150 2014 7 2 21 34 6 5 197
4 57 69 40.697 -111.97 186 354 59 150 2014 7 2 21 35 6 5 197
4 57 69 40.711 -111.97 184 354 55 150 2014 7 2 21 36 6 5 197
4 57 69 40.754 -111.97 161 356 47 150 2014 7 2 21 37 6 5 197
4 57 69 40.791 -111.98 139 354 43 150 2014 7 2 21 38 16 5 197
5 57 69 33.829 -116.51 148 0 4 330 2014 7 3 13 42 16 1 4
5 57 69 33.917 -116.58 241 326 46 330 2014 7 3 13 44 6 1 4
5 57 69 33.954 -116.54 205 323 55 330 2014 7 3 13 45 6 1 4
5 57 69 33.95 -116.43 295 80 81 330 2014 7 3 13 46 6 1 4
5 57 69 33.973 -116.36 304 92 93 330 2014 7 3 13 47 6 1 4
5 57 69 33.996 -116.26 312 64 115 330 2014 7 3 13 48 6 1 4
5 57 69 34.02 -116.15 319 72 120 330 2014 7 3 13 49 6 1 4
5 57 69 34.082 -116.06 363 74 133 330 2014 7 3 13 50 6 1 27
5 57 69 34.161 -115.99 373 62 148 330 2014 7 3 13 51 6 1 27
5 57 69 34.266 -115.91 377 43 163 330 2014 7 3 13 52 15 1 27
5 57 69 34.344 -115.84 381 34 171 330 2014 7 3 13 53 6 1 27
5 57 69 34.463 -115.74 386 34 188 330 2014 7 3 13 54 6 1 27
5 57 69 34.554 -115.66 388 34 197 330 2014 7 3 13 55 6 1 27
5 57 69 34.646 -115.59 395 34 206 330 2014 7 3 13 56 6 1 27
5 57 69 34.739 -115.51 400 34 213 330 2014 7 3 13 57 6 1 31
5 57 69 34.815 -115.44 410 34 219 330 2014 7 3 13 58 6 1 31
5 57 69 34.924 -115.35 415 34 226 330 2014 7 3 13 59 6 1 31
5 57 69 35.022 -115.27 420 35 231 330 2014 7 3 14 0 6 1 31
5 57 69 35.127 -115.18 431 33 237 330 2014 7 3 14 1 6 1 31
5 57 69 35.242 -115.13 438 32 243 330 2014 7 3 14 2 6 1 44
5 57 69 35.358 -115.09 436 15 250 330 2014 7 3 14 3 6 1 44
5 57 69 35.494 -115.05 435 16 259 330 2014 7 3 14 4 6 1 47
5 57 69 35.609 -115 431 16 266 330 2014 7 3 14 5 6 1 47
5 57 69 35.724 -114.96 432 16 272 330 2014 7 3 14 6 7 1 47
5 57 69 35.746 -114.95 430 16 273 330 2014 7 3 14 7 6 1 47
5 57 69 35.859 -114.91 428 15 280 330 2014 7 3 14 8 6 1 47
5 57 69 36.054 -114.82 426 16 289 330 2014 7 3 14 9 6 1 47
5 57 69 36.074 -114.8 425 25 290 330 2014 7 3 14 10 6 1 47
5 57 69 36.153 -114.74 426 31 293 330 2014 7 3 14 11 6 1 47
5 57 69 36.276 -114.65 429 32 299 330 2014 7 3 14 12 6 1 47
5 57 69 36.374 -114.57 426 30 303 330 2014 7 3 14 13 6 1 47
5 57 69 36.497 -114.48 426 32 307 330 2014 7 3 14 14 6 1 48
5 57 69 36.599 -114.4 427 30 310 330 2014 7 3 14 15 6 1 48
5 57 69 36.703 -114.32 433 31 312 330 2014 7 3 14 16 6 1 48
5 57 69 36.806 -114.25 433 31 317 330 2014 7 3 14 17 6 1 48
5 57 69 36.917 -114.16 433 31 322 330 2014 7 3 14 18 6 1 48
5 57 69 37.02 -114.08 432 31 325 330 2014 7 3 14 19 6 1 48
5 57 69 37.121 -114 430 31 329 330 2014 7 3 14 20 6 1 48
5 57 69 37.222 -113.92 430 32 330 330 2014 7 3 14 21 6 1 48
5 57 69 37.326 -113.84 431 32 330 330 2014 7 3 14 22 6 1 48
5 57 69 37.43 -113.76 435 31 330 330 2014 7 3 14 23 6 1 48
5 57 69 37.533 -113.68 436 32 330 330 2014 7 3 14 24 6 1 48
5 57 69 37.658 -113.58 436 31 330 330 2014 7 3 14 25 6 1 48
5 57 69 37.761 -113.5 436 32 330 330 2014 7 3 14 26 6 5 205
5 57 69 37.87 -113.43 434 27 330 330 2014 7 3 14 27 7 5 205
5 57 69 37.981 -113.37 432 26 330 330 2014 7 3 14 28 6 5 205
5 57 69 38.093 -113.31 432 22 330 330 2014 7 3 14 29 6 5 205
5 57 69 38.205 -113.26 432 21 330 330 2014 7 3 14 30 6 5 205
5 57 69 38.317 -113.2 432 21 330 310 2014 7 3 14 31 6 5 205
5 57 69 38.429 -113.14 433 22 327 310 2014 7 3 14 32 6 5 205
5 57 69 38.54 -113.08 433 22 327 310 2014 7 3 14 33 6 5 205
5 57 69 38.566 -113.07 437 22 320 310 2014 7 3 14 34 6 5 205
5 57 69 38.796 -112.94 449 22 307 270 2014 7 3 14 35 6 5 205
5 57 69 38.913 -112.88 454 22 297 270 2014 7 3 14 36 6 5 205
5 57 69 39.029 -112.82 454 22 297 170 2014 7 3 14 37 6 5 205
5 57 69 39.029 -112.81 455 22 286 170 2014 7 3 14 38 6 5 205
5 57 69 39.266 -112.69 459 22 255 170 2014 7 3 14 39 6 5 215
5 57 69 39.383 -112.62 459 22 255 170 2014 7 3 14 40 6 5 215
5 57 69 39.39 -112.62 449 22 239 170 2014 7 3 14 41 6 5 215
5 57 69 39.499 -112.56 429 23 224 170 2014 7 3 14 42 6 5 215
5 57 69 39.625 -112.49 411 23 206 170 2014 7 3 14 43 6 5 215
5 57 69 39.727 -112.43 397 22 193 170 2014 7 3 14 44 6 5 215
5 57 69 39.825 -112.38 389 22 181 170 2014 7 3 14 45 6 5 215
5 57 69 39.937 -112.33 372 22 171 170 2014 7 3 14 46 14 5 215
5 57 69 40.038 -112.27 369 22 170 170 2014 7 3 14 47 6 5 215
5 57 69 40.154 -112.23 381 16 162 170 2014 7 3 14 48 6 5 215
5 57 69 40.236 -112.19 369 12 149 170 2014 7 3 14 49 6 5 197
5 57 69 40.345 -112.16 369 16 136 170 2014 7 3 14 50 6 5 197
5 57 69 40.435 -112.12 373 12 130 170 2014 7 3 14 51 6 5 197
5 57 69 40.532 -112.09 356 17 125 170 2014 7 3 14 52 9 5 197
5 57 69 40.631 -112.08 350 4 110 170 2014 7 3 14 53 6 5 197
5 57 69 40.796 -112.1 267 357 110 170 2014 7 3 14 55 6 5 197
5 57 69 40.882 -112.11 261 355 98 170 2014 7 3 14 56 6 5 197
5 57 69 40.946 -112.08 256 1 84 170 2014 7 3 14 57 6 5 197
5 57 69 40.932 -112.01 232 82 73 170 2014 7 3 14 58 6 5 197
5 57 69 40.881 -112.01 167 171 61 170 2014 7 3 14 59 6 5 197
5 57 69 40.844 -112 131 177 50 170 2014 7 3 15 0 6 5 197
5 57 69 40.801 -112 130 175 42 170 2014 7 3 15 1 7 5 197
6 57 69 33.829 -116.51 148 0 4 330 2014 7 3 20 36 6 1 4
6 57 69 33.783 -116.43 196 127 38 330 2014 7 3 20 37 6 1 4
6 57 69 33.833 -116.4 256 93 51 330 2014 7 3 20 38 6 1 4
6 57 69 33.9 -116.35 288 13 67 330 2014 7 3 20 39 6 1 4
6 57 69 33.914 -116.31 323 31 75 330 2014 7 3 20 40 7 1 4
6 57 69 33.948 -116.22 297 61 94 330 2014 7 3 20 41 7 1 4
6 57 69 34.017 -116.13 324 65 119 330 2014 7 3 20 42 6 1 27
6 57 69 34.09 -116.06 322 49 138 330 2014 7 3 20 43 6 1 27
6 57 69 34.157 -116.01 327 42 151 330 2014 7 3 20 44 6 1 27
6 57 69 34.251 -115.93 345 35 170 330 2014 7 3 20 45 6 1 27
6 57 69 34.325 -115.86 350 35 182 330 2014 7 3 20 46 17 1 27
6 57 69 34.414 -115.79 358 34 198 330 2014 7 3 20 47 6 1 27
6 57 69 34.499 -115.72 367 34 208 330 2014 7 3 20 48 6 1 27
6 57 69 34.614 -115.62 374 34 222 330 2014 7 3 20 49 7 1 27
6 57 69 34.7 -115.54 375 35 233 330 2014 7 3 20 50 6 1 27
6 57 69 34.787 -115.47 378 35 243 330 2014 7 3 20 51 6 1 44
6 57 69 34.888 -115.42 389 26 248 330 2014 7 3 20 52 10 1 44
6 57 69 35.012 -115.36 395 21 257 330 2014 7 3 20 53 6 1 44
6 57 69 35.081 -115.32 401 21 260 330 2014 7 3 20 54 6 1 44
6 57 69 35.226 -115.25 413 22 270 330 2014 7 3 20 55 6 1 44
6 57 69 35.331 -115.2 415 22 277 330 2014 7 3 20 56 6 1 44
6 57 69 35.419 -115.15 414 23 282 330 2014 7 3 20 57 6 1 44
6 57 69 35.545 -115.09 415 22 288 330 2014 7 3 20 58 6 1 47
6 57 69 35.652 -115.04 415 22 288 330 2014 7 3 20 59 6 1 47
6 57 69 35.761 -114.98 416 21 298 330 2014 7 3 21 0 6 1 47
6 57 69 35.782 -114.97 419 23 299 330 2014 7 3 21 1 6 1 47
6 57 69 35.883 -114.89 421 30 304 330 2014 7 3 21 2 6 1 47
6 57 69 35.984 -114.82 423 31 309 330 2014 7 3 21 3 6 1 47
6 57 69 36.182 -114.67 419 30 320 330 2014 7 3 21 4 6 1 47
6 57 69 36.184 -114.67 423 30 320 330 2014 7 3 21 5 6 1 47
6 57 69 36.305 -114.58 422 30 324 330 2014 7 3 21 6 6 1 47
6 57 69 36.405 -114.51 422 31 328 330 2014 7 3 21 7 6 1 48
6 57 69 36.485 -114.45 421 29 330 330 2014 7 3 21 8 6 1 48
6 57 69 36.61 -114.36 428 31 330 330 2014 7 3 21 9 6 1 48
6 57 69 36.714 -114.28 433 31 330 330 2014 7 3 21 10 6 1 48
6 57 69 36.842 -114.18 443 30 330 330 2014 7 3 21 11 6 1 48
6 57 69 36.949 -114.1 444 31 330 330 2014 7 3 21 12 6 1 48
6 57 69 37.057 -114.02 449 30 330 330 2014 7 3 21 13 6 1 48
6 57 69 37.145 -113.95 451 31 330 330 2014 7 3 21 14 6 1 48
6 57 69 37.273 -113.85 450 31 330 330 2014 7 3 21 15 6 1 48
6 57 69 37.381 -113.77 451 31 330 330 2014 7 3 21 16 6 1 48
6 57 69 37.49 -113.69 451 30 330 330 2014 7 3 21 17 6 1 48
6 57 69 37.605 -113.62 451 27 330 330 2014 7 3 21 18 6 1 48
6 57 69 37.746 -113.54 457 22 330 330 2014 7 3 21 19 6 5 205
6 57 69 37.863 -113.48 456 23 330 330 2014 7 3 21 20 7 5 205
6 57 69 37.981 -113.41 457 23 330 330 2014 7 3 21 21 10 5 205
6 57 69 38.098 -113.35 457 23 330 330 2014 7 3 21 22 6 5 205
6 57 69 38.215 -113.29 456 23 330 330 2014 7 3 21 23 6 5 205
6 57 69 38.333 -113.22 457 23 330 330 2014 7 3 21 24 6 5 205
6 57 69 38.449 -113.16 456 22 330 320 2014 7 3 21 25 8 5 205
6 57 69 38.567 -113.1 456 21 330 320 2014 7 3 21 26 6 5 205
6 57 69 38.709 -113.02 457 22 330 320 2014 7 3 21 27 6 5 205
6 57 69 38.827 -112.95 462 23 330 320 2014 7 3 21 28 6 5 205
6 57 69 38.944 -112.88 462 23 330 320 2014 7 3 21 29 6 5 205
6 57 69 38.948 -112.88 476 23 320 180 2014 7 3 21 30 6 5 205
6 57 69 39.069 -112.81 476 24 320 180 2014 7 3 21 31 6 5 205
6 57 69 39.188 -112.75 469 23 307 180 2014 7 3 21 32 6 5 215
6 57 69 39.306 -112.68 461 23 290 180 2014 7 3 21 33 6 5 215
6 57 69 39.434 -112.61 457 23 271 180 2014 7 3 21 34 6 5 215
6 57 69 39.547 -112.54 449 23 254 180 2014 7 3 21 35 6 5 215
6 57 69 39.659 -112.48 445 23 237 180 2014 7 3 21 36 6 5 215
6 57 69 39.792 -112.4 433 23 216 180 2014 7 3 21 37 6 5 215
6 57 69 39.9 -112.34 425 23 199 180 2014 7 3 21 38 6 5 215
6 57 69 40.043 -112.27 379 24 180 180 2014 7 3 21 39 6 5 215
6 57 69 40.138 -112.23 354 18 180 180 2014 7 3 21 40 6 5 215
6 57 69 40.21 -112.14 380 30 180 180 2014 7 3 21 41 6 5 197
6 57 69 40.312 -112.05 404 44 180 180 2014 7 3 21 42 6 5 215
6 57 69 40.413 -112.05 359 12 170 180 2014 7 3 21 43 6 5 197
6 57 69 40.511 -112.06 349 353 146 180 2014 7 3 21 44 6 5 197
6 57 69 40.608 -112.08 354 352 121 180 2014 7 3 21 45 6 5 197
6 57 69 40.667 -112.08 310 353 120 180 2014 7 3 21 46 6 5 197
6 57 69 40.76 -112.09 237 354 119 180 2014 7 3 21 47 6 5 197
6 57 69 40.806 -112.1 250 354 113 180 2014 7 3 21 48 6 5 197
6 57 69 40.894 -112.11 214 355 104 180 2014 7 3 21 49 6 5 197
6 57 69 40.941 -112.11 215 354 90 180 2014 7 3 21 50 6 5 197
6 57 69 40.983 -112.06 201 43 80 180 2014 7 3 21 51 6 5 197
6 57 69 40.953 -112.03 189 100 74 180 2014 7 3 21 52 6 5 197
6 57 69 40.904 -112.01 185 141 60 180 2014 7 3 21 53 6 5 197
6 57 69 40.846 -112.01 150 175 49 180 2014 7 3 21 54 6 5 197
6 57 69 40.809 -112 148 176 44 180 2014 7 3 21 55 6 5 197
7 57 69 33.829 -116.51 148 0 4 330 2014 7 4 13 44 6 1 4
7 57 69 33.794 -116.44 192 131 330 330 2014 7 4 13 45 6 1 41
7 57 69 33.819 -116.38 259 89 330 330 2014 7 4 13 46 6 1 41
7 57 69 33.882 -116.35 275 31 73 330 2014 7 4 13 47 15 1 4
7 57 69 33.916 -116.26 275 64 73 330 2014 7 4 13 48 6 1 4
7 57 69 33.974 -116.19 295 43 112 330 2014 7 4 13 49 16 1 4
7 57 69 34.006 -116.09 309 50 126 330 2014 7 4 13 50 16 1 27
7 57 69 34.041 -115.99 322 59 142 330 2014 7 4 13 51 7 1 27
7 57 69 34.074 -115.89 332 68 158 330 2014 7 4 13 52 16 1 27
7 57 69 34.118 -115.76 338 68 173 330 2014 7 4 13 53 6 1 27
7 57 69 34.191 -115.68 344 68 186 330 2014 7 4 13 54 16 1 27
7 57 69 34.262 -115.6 351 55 195 330 2014 7 4 13 55 15 1 27
7 57 69 34.34 -115.52 362 42 204 330 2014 7 4 13 56 15 1 27
7 57 69 34.486 -115.46 380 18 215 330 2014 7 4 13 57 16 1 27
7 57 69 34.587 -115.41 381 19 225 330 2014 7 4 13 58 15 1 27
7 57 69 34.69 -115.37 386 19 232 330 2014 7 4 13 59 6 1 31
7 57 69 34.794 -115.32 391 20 238 330 2014 7 4 14 0 15 1 31
7 57 69 34.902 -115.28 399 19 244 330 2014 7 4 14 1 6 1 44
7 57 69 35.011 -115.23 411 20 250 330 2014 7 4 14 2 6 1 44
7 57 69 35.078 -115.2 416 19 253 330 2014 7 4 14 3 16 1 44
7 57 69 35.191 -115.15 423 19 259 330 2014 7 4 14 4 6 1 44
7 57 69 35.329 -115.1 425 17 266 330 2014 7 4 14 5 16 1 44
7 57 69 35.492 -115.05 434 16 273 330 2014 7 4 14 6 16 1 47
7 57 69 35.611 -115 442 16 277 330 2014 7 4 14 7 16 1 47
7 57 69 35.682 -114.98 440 16 280 330 2014 7 4 14 8 6 1 47
7 57 69 35.801 -114.94 442 16 284 330 2014 7 4 14 9 6 1 47
7 57 69 35.967 -114.87 444 16 293 330 2014 7 4 14 10 16 1 47
7 57 69 36.031 -114.83 442 16 297 330 2014 7 4 14 11 15 1 47
7 57 69 36.136 -114.75 442 28 300 330 2014 7 4 14 12 15 1 47
7 57 69 36.241 -114.68 442 31 305 330 2014 7 4 14 13 6 1 47
7 57 69 36.367 -114.58 443 31 310 330 2014 7 4 14 14 6 1 47
7 57 69 36.389 -114.56 444 31 310 310 2014 7 4 14 15 6 1 47
7 57 69 36.518 -114.46 452 32 310 310 2014 7 4 14 16 6 1 48
7 57 69 36.694 -114.33 464 30 310 310 2014 7 4 14 17 6 1 48
7 57 69 36.807 -114.24 469 31 310 310 2014 7 4 14 18 6 1 48
7 57 69 36.92 -114.15 474 31 310 310 2014 7 4 14 19 15 1 48
7 57 69 37.034 -114.06 480 31 310 310 2014 7 4 14 20 16 1 48
7 57 69 37.148 -113.98 480 31 310 310 2014 7 4 14 21 6 1 48
7 57 69 37.193 -113.95 482 32 310 310 2014 7 4 14 22 6 1 48
7 57 69 37.306 -113.86 483 31 310 310 2014 7 4 14 23 6 1 48
7 57 69 37.443 -113.75 483 32 310 310 2014 7 4 14 24 6 1 48
7 57 69 37.627 -113.6 483 31 310 310 2014 7 4 14 25 15 1 48
7 57 69 37.742 -113.51 484 32 310 310 2014 7 4 14 26 15 5 205
7 57 69 37.858 -113.42 483 32 310 310 2014 7 4 14 27 15 5 205
7 57 69 37.858 -113.42 483 32 310 310 2014 7 4 14 28 6 5 205
7 57 69 38.018 -113.29 484 32 310 310 2014 7 4 14 29 16 5 205
7 57 69 38.131 -113.2 484 32 310 310 2014 7 4 14 30 6 5 205
7 57 69 38.255 -113.15 482 28 310 310 2014 7 4 14 31 16 5 205
7 57 69 38.385 -113.15 471 17 310 310 2014 7 4 14 32 6 5 205
7 57 69 38.515 -113.13 471 41 310 310 2014 7 4 14 33 6 5 205
7 57 69 38.645 -113.12 470 2 310 310 2014 7 4 14 34 15 5 205
7 57 69 38.764 -113.01 483 3 310 310 2014 7 4 14 35 6 5 205
7 57 69 38.826 -112.86 481 21 310 310 2014 7 4 14 36 6 5 205
7 57 69 38.89 -112.71 479 48 310 170 2014 7 4 14 37 15 5 205
7 57 69 39.017 -112.66 479 16 310 170 2014 7 4 14 38 6 5 205
7 57 69 39.095 -112.53 470 39 310 170 2014 7 4 14 39 6 5 205
7 57 69 39.234 -112.49 470 43 310 170 2014 7 4 14 40 6 5 215
7 57 69 39.362 -112.45 471 25 304 170 2014 7 4 14 41 16 5 215
7 57 69 39.49 -112.42 470 12 279 170 2014 7 4 14 42 6 5 215
7 57 69 39.608 -112.38 435 12 256 170 2014 7 4 14 43 16 5 215
7 57 69 39.717 -112.35 405 12 233 170 2014 7 4 14 44 15 5 215
7 57 69 39.825 -112.32 401 12 210 170 2014 7 4 14 45 15 5 215
7 57 69 39.907 -112.31 394 12 193 170 2014 7 4 14 46 6 5 215
7 57 69 40.054 -112.26 377 9 170 170 2014 7 4 14 47 16 5 215
7 57 69 40.17 -112.22 370 19 161 170 2014 7 4 14 48 15 5 215
7 57 69 40.256 -112.19 379 11 148 170 2014 7 4 14 49 6 5 197
7 57 69 40.353 -112.15 364 15 133 170 2014 7 4 14 50 16 5 197
7 57 69 40.448 -112.12 354 14 130 170 2014 7 4 14 51 6 5 197
7 57 69 40.492 -112.11 351 14 129 170 2014 7 4 14 52 6 5 197
7 57 69 40.582 -112.09 360 14 127 170 2014 7 4 14 53 6 5 197
7 57 69 40.642 -112.08 350 0 113 170 2014 7 4 14 54 15 5 197
7 57 69 40.754 -112.09 252 356 110 170 2014 7 4 14 55 15 5 197
7 57 69 40.831 -112.1 248 354 106 170 2014 7 4 14 56 6 5 197
7 57 69 40.897 -112.11 251 355 98 170 2014 7 4 14 57 6 5 197
7 57 69 40.964 -112.12 246 355 88 170 2014 7 4 14 58 16 5 197
7 57 69 41.004 -112.06 206 20 72 170 2014 7 4 14 59 6 5 197
7 57 69 40.977 -112.03 202 127 68 170 2014 7 4 15 0 15 5 197
7 57 69 40.919 -112.01 179 166 63 170 2014 7 4 15 1 6 5 197
7 57 69 40.868 -112.01 142 174 53 170 2014 7 4 15 2 15 5 197
7 57 69 40.833 -112 135 174 48 170 2014 7 4 15 3 6 5 197
