1 57 71 33.829 -116.51 124 0 4 120 2014 7 1 23 48 6 1 4
1 57 71 33.817 -116.47 150 262 22 120 2014 7 1 23 50 6 1 4
1 57 71 33.817 -116.4 170 208 57 120 2014 7 1 23 51 6 1 4
1 57 71 33.85 -116.42 174 97 71 120 2014 7 1 23 52 6 1 4
1 57 71 33.888 -116.5 210 320 92 120 2014 7 1 23 53 6 1 4
1 57 71 33.904 -116.56 201 286 101 120 2014 7 1 23 54 6 1 4
1 57 71 33.933 -116.68 272 286 98 120 2014 7 1 23 55 16 1 4
1 57 71 33.925 -116.73 273 283 100 120 2014 7 1 23 56 6 1 4
1 57 71 33.9 -116.88 275 257 100 120 2014 7 1 23 57 15 1 6
1 57 71 33.891 -116.91 273 258 100 120 2014 7 1 23 58 6 1 6
1 57 71 33.861 -117.01 271 256 90 120 2014 7 1 23 59 6 1 6
1 57 71 33.8 -117.08 248 223 80 120 2014 7 2 0 0 15 1 6
1 57 71 33.763 -117.12 251 231 80 120 2014 7 2 0 1 6 1 6
1 57 71 33.739 -117.19 250 227 80 120 2014 7 2 0 2 6 1 6
1 57 71 33.733 -117.23 259 248 80 120 2014 7 2 0 3 6 1 6
1 57 71 33.76 -117.36 258 283 80 120 2014 7 2 0 4 16 1 6
1 57 71 33.783 -117.48 257 280 80 120 2014 7 2 0 5 15 1 6
1 57 71 33.783 -117.55 253 283 80 120 2014 7 2 0 6 6 1 6
1 57 71 33.8 -117.63 215 273 73 120 2014 7 2 0 7 16 1 2
1 57 71 33.8 -117.63 215 273 73 120 2014 7 2 0 8 15 1 2
1 57 71 33.817 -117.7 193 296 62 120 2014 7 2 0 9 6 1 2
1 57 71 33.847 -117.72 195 310 52 120 2014 7 2 0 10 6 1 2
1 57 71 33.833 -117.77 162 249 41 120 2014 7 2 0 11 6 1 2
1 57 71 33.8 -117.8 172 210 35 120 2014 7 2 0 12 6 1 2
1 57 71 33.75 -117.82 175 206 25 120 2014 7 2 0 13 15 1 2
1 57 71 33.711 -117.85 168 216 12 120 2014 7 2 0 14 6 1 2
1 57 71 33.679 -117.86 148 209 6 120 2014 7 2 0 16 6 1 2
2 57 71 33.867 -116.53 168 0 28 120 2014 7 2 14 30 16 1 4
2 57 71 33.883 -116.58 178 328 50 120 2014 7 2 14 31 6 1 4
2 57 71 33.914 -116.65 191 297 75 120 2014 7 2 14 32 16 1 4
2 57 71 33.946 -116.73 221 286 96 120 2014 7 2 14 33 16 1 4
2 57 71 33.932 -116.82 251 270 100 120 2014 7 2 14 34 16 1 4
2 57 71 33.917 -116.88 290 259 100 120 2014 7 2 14 35 6 1 6
2 57 71 33.888 -117.01 304 258 100 120 2014 7 2 14 36 6 1 6
2 57 71 33.867 -117.1 313 255 100 120 2014 7 2 14 37 16 1 6
2 57 71 33.85 -117.18 304 255 95 120 2014 7 2 14 38 6 1 6
2 57 71 33.833 -117.28 290 254 85 120 2014 7 2 14 39 6 1 6
2 57 71 33.817 -117.37 261 254 80 120 2014 7 2 14 40 6 1 6
2 57 71 33.8 -117.43 247 255 80 120 2014 7 2 14 41 6 1 6
2 57 71 33.783 -117.52 248 254 80 120 2014 7 2 14 42 6 1 6
2 57 71 33.783 -117.6 231 267 72 120 2014 7 2 14 43 6 1 6
2 57 71 33.8 -117.65 227 282 61 120 2014 7 2 14 44 6 1 2
2 57 71 33.827 -117.7 227 299 51 120 2014 7 2 14 45 6 1 2
2 57 71 33.817 -117.78 223 260 30 120 2014 7 2 14 46 11 1 2
2 57 71 33.767 -117.8 184 208 20 120 2014 7 2 14 47 6 1 2
2 57 71 33.733 -117.83 146 204 12 120 2014 7 2 14 48 6 1 2
2 57 71 33.704 -117.85 154 206 6 120 2014 7 2 14 49 6 1 2
2 57 71 33.676 -117.87 133 205 120 120 2014 7 2 14 50 6 1 2
