1 36 36 33.817 -118.17 82 0 6 30 2014 7 1 15 21 15 1 2
1 36 36 33.817 -118.2 93 265 12 30 2014 7 1 15 22 16 1 2
1 36 36 33.791 -118.21 93 231 17 30 2014 7 1 15 23 16 1 2
1 36 36 33.769 -118.19 111 121 17 30 2014 7 1 15 24 6 1 2
1 36 36 33.75 -118.17 95 142 17 30 2014 7 1 15 25 16 1 2
1 36 36 33.733 -118.15 97 138 17 30 2014 7 1 15 26 6 1 2
1 36 36 33.711 -118.12 94 121 17 30 2014 7 1 15 27 15 1 2
1 36 36 33.691 -118.1 94 140 16 30 2014 7 1 15 28 6 1 2
1 36 36 33.674 -118.08 94 140 17 30 2014 7 1 15 29 6 1 2
1 36 36 33.667 -118.05 101 106 16 30 2014 7 1 15 30 6 1 2
1 36 36 33.695 -118.03 98 26 16 30 2014 7 1 15 31 6 1 2
1 36 36 33.721 -118.03 109 0 15 30 2014 7 1 15 32 16 1 2
1 36 36 33.743 -118.06 98 320 17 30 2014 7 1 15 33 16 1 2
1 36 36 33.761 -118.08 94 320 15 30 2014 7 1 15 34 15 1 2
1 36 36 33.778 -118.1 94 301 11 30 2014 7 1 15 35 16 1 2
1 36 36 33.796 -118.12 94 320 5 30 2014 7 1 15 36 6 1 2
2 36 36 33.817 -118.18 83 0 8 30 2014 7 1 15 48 15 1 2
2 36 36 33.8 -118.2 85 267 14 30 2014 7 1 15 49 6 1 2
2 36 36 33.783 -118.2 103 216 17 30 2014 7 1 15 50 15 1 2
2 36 36 33.75 -118.18 99 156 17 30 2014 7 1 15 51 6 1 2
2 36 36 33.733 -118.17 93 141 16 30 2014 7 1 15 52 16 1 2
2 36 36 33.717 -118.13 92 129 17 30 2014 7 1 15 53 16 1 2
2 36 36 33.7 -118.12 95 136 17 30 2014 7 1 15 54 6 1 2
2 36 36 33.683 -118.08 100 135 17 30 2014 7 1 15 55 6 1 2
2 36 36 33.683 -118.07 105 120 16 30 2014 7 1 15 56 6 1 2
2 36 36 33.701 -118.05 104 34 16 30 2014 7 1 15 57 6 1 2
2 36 36 33.733 -118.05 103 13 16 30 2014 7 1 15 58 16 1 2
2 36 36 33.75 -118.07 102 317 16 30 2014 7 1 15 59 6 1 2
2 36 36 33.767 -118.1 98 316 13 30 2014 7 1 16 0 16 1 2
2 36 36 33.783 -118.12 90 315 7 30 2014 7 1 16 1 7 1 2
2 36 36 33.805 -118.14 94 308 3 30 2014 7 1 16 2 16 1 2
3 36 36 33.817 -118.13 85 320 3 30 2014 7 2 16 12 6 1 2
3 36 36 33.817 -118.18 98 328 12 30 2014 7 2 16 13 6 1 2
3 36 36 33.783 -118.2 136 295 16 30 2014 7 2 16 14 19 1 2
3 36 36 33.707 -118.09 141 130 16 30 2014 7 2 16 17 6 1 2
3 36 36 33.683 -118.05 146 128 17 30 2014 7 2 16 18 6 1 2
3 36 36 33.675 -118 146 118 16 30 2014 7 2 16 19 6 1 2
3 36 36 33.7 -117.98 146 39 17 30 2014 7 2 16 20 9 1 2
3 36 36 33.739 -118 146 337 17 30 2014 7 2 16 21 6 1 2
3 36 36 33.763 -118.03 130 301 17 30 2014 7 2 16 22 16 1 2
3 36 36 33.783 -118.08 113 319 13 30 2014 7 2 16 23 16 1 2
3 36 36 33.795 -118.1 113 270 10 30 2014 7 2 16 24 6 1 2
3 36 36 33.817 -118.15 87 288 2 30 2014 7 2 16 25 16 1 2
4 36 36 33.8 -118.2 114 0 14 30 2014 7 2 16 32 6 1 2
4 36 36 33.767 -118.22 137 246 16 30 2014 7 2 16 33 6 1 2
4 36 36 33.733 -118.18 149 188 16 30 2014 7 2 16 34 6 1 2
4 36 36 33.717 -118.13 141 125 16 30 2014 7 2 16 35 16 1 2
4 36 36 33.7 -118.1 144 122 16 30 2014 7 2 16 36 6 1 2
4 36 36 33.7 -118.05 141 103 16 30 2014 7 2 16 37 6 1 2
4 36 36 33.717 -118.02 144 72 16 30 2014 7 2 16 38 6 1 2
4 36 36 33.767 -118.03 133 17 17 30 2014 7 2 16 39 6 1 2
4 36 36 33.783 -118.05 106 329 17 30 2014 7 2 16 40 16 1 2
4 36 36 33.8 -118.08 101 299 11 30 2014 7 2 16 41 6 1 2
4 36 36 33.8 -118.12 103 291 6 30 2014 7 2 16 42 6 1 2
4 36 36 33.808 -118.14 103 270 2 30 2014 7 2 16 43 6 1 2
5 36 36 33.818 -118.15 85 0 0 30 2014 7 2 16 51 6 1 2
5 36 36 33.8 -118.18 101 85 13 30 2014 7 2 16 53 6 1 2
5 36 36 33.75 -118.18 149 211 17 30 2014 7 2 16 54 6 1 2
5 36 36 33.717 -118.15 146 145 16 30 2014 7 2 16 55 6 1 2
5 36 36 33.683 -118.13 135 141 16 30 2014 7 2 16 56 6 1 2
5 36 36 33.683 -118.08 122 116 16 30 2014 7 2 16 57 6 1 2
5 36 36 33.7 -118.05 117 51 16 30 2014 7 2 16 58 6 1 2
5 36 36 33.733 -118.07 126 18 16 30 2014 7 2 16 59 6 1 2
5 36 36 33.767 -118.08 123 327 15 30 2014 7 2 17 0 6 1 2
5 36 36 33.78 -118.11 120 309 10 30 2014 7 2 17 1 6 1 2
5 36 36 33.8 -118.13 105 325 2 30 2014 7 2 17 2 6 1 2
6 36 36 33.626 -118.27 93 198 111 0 2014 7 3 22 25 6 1 2
6 36 36 33.541 -118.29 307 189 121 0 2014 7 3 22 26 6 1 2
6 36 36 33.4 -118.38 391 197 121 0 2014 7 3 22 27 6 1 2
6 36 36 33.3 -118.47 405 218 121 0 2014 7 3 22 28 6 1 2
6 36 36 33.233 -118.37 427 188 123 0 2014 7 3 22 29 6 1 36
6 36 36 33.233 -118.23 410 103 131 0 2014 7 3 22 30 6 1 36
6 36 36 33.3 -118.15 419 81 131 0 2014 7 3 22 31 6 1 17
6 36 36 33.4 -118.22 427 359 130 0 2014 7 3 22 32 6 1 2
6 36 36 33.433 -118.35 414 295 133 0 2014 7 3 22 33 6 1 17
6 36 36 33.467 -118.47 421 290 131 0 2014 7 3 22 34 6 1 17
6 36 36 33.533 -118.57 431 296 131 0 2014 7 3 22 35 6 1 2
6 36 36 33.633 -118.65 436 334 128 0 2014 7 3 22 36 6 1 2
6 36 36 33.6 -118.77 407 273 121 0 2014 7 3 22 37 6 1 2
6 36 36 33.503 -118.74 394 176 132 0 2014 7 3 22 38 6 1 2
6 36 36 33.482 -118.62 397 98 120 0 2014 7 3 22 39 6 1 2
6 36 36 33.433 -118.5 384 126 134 0 2014 7 3 22 40 6 1 17
6 36 36 33.449 -118.41 352 77 121 0 2014 7 3 22 41 6 1 2
6 36 36 33.483 -118.3 299 72 80 0 2014 7 3 22 42 6 1 2
6 36 36 33.5 -118.22 292 67 59 0 2014 7 3 22 43 6 1 2
6 36 36 33.566 -118.15 290 39 42 0 2014 7 3 22 44 6 1 2
6 36 36 33.626 -118.09 280 39 24 0 2014 7 3 22 45 6 1 2
6 36 36 33.683 -118.03 237 42 16 0 2014 7 3 22 46 6 1 2
6 36 36 33.733 -118.05 216 39 16 0 2014 7 3 22 47 6 1 2
6 36 36 33.774 -118.1 208 308 12 0 2014 7 3 22 48 6 1 2
6 36 36 33.8 -118.13 131 314 4 0 2014 7 3 22 49 6 1 2
6 36 36 33.8 -118.13 157 320 5 0 2014 7 3 22 50 6 1 2
6 36 36 33.822 -118.15 131 315 1 0 2014 7 3 22 51 8 1 2
6 36 36 33.806 -118.11 131 116 1 0 2014 7 3 22 52 6 1 2
