1 36 33 33.818 -118.15 150 0 0 250 2014 7 1 20 40 16 1 2
1 36 33 33.788 -118.24 210 286 71 250 2014 7 1 20 42 6 1 2
1 36 33 33.719 -118.26 239 247 101 250 2014 7 1 20 43 15 1 2
1 36 33 33.663 -118.2 272 195 115 250 2014 7 1 20 44 6 1 2
1 36 33 33.695 -118.11 315 129 120 250 2014 7 1 20 45 6 1 2
1 36 33 33.769 -118.05 323 101 156 250 2014 7 1 20 46 6 1 18
1 36 33 33.864 -117.98 355 48 181 250 2014 7 1 20 47 6 1 18
1 36 33 33.948 -117.91 369 33 209 250 2014 7 1 20 48 6 1 18
1 36 33 34.035 -117.83 390 37 228 250 2014 7 1 20 49 16 1 18
1 36 33 34.127 -117.73 427 36 243 250 2014 7 1 20 50 15 1 43
1 36 33 34.21 -117.61 455 39 250 250 2014 7 1 20 51 6 1 43
1 36 33 34.3 -117.49 481 45 250 250 2014 7 1 20 52 6 1 43
1 36 33 34.397 -117.36 497 49 250 250 2014 7 1 20 53 16 1 43
1 36 33 34.506 -117.21 497 48 250 250 2014 7 1 20 54 6 1 43
1 36 33 34.597 -117.08 498 48 250 250 2014 7 1 20 55 6 1 43
1 36 33 34.688 -116.96 499 48 250 250 2014 7 1 20 56 6 1 43
1 36 33 34.778 -116.83 498 48 249 250 2014 7 1 20 57 6 1 43
1 36 33 34.868 -116.71 498 47 245 250 2014 7 1 20 58 15 1 43
1 36 33 34.972 -116.56 487 48 240 250 2014 7 1 20 59 6 1 43
1 36 33 35.067 -116.44 484 48 240 250 2014 7 1 21 0 6 1 43
1 36 33 35.16 -116.33 484 45 240 250 2014 7 1 21 1 6 1 43
1 36 33 35.16 -116.33 483 46 240 250 2014 7 1 21 2 6 1 43
1 36 33 35.335 -116.11 445 45 206 250 2014 7 1 21 3 6 1 31
1 36 33 35.421 -116 445 45 206 250 2014 7 1 21 4 6 1 31
1 36 33 35.442 -115.97 456 45 182 250 2014 7 1 21 5 6 1 31
1 36 33 35.589 -115.79 378 44 150 250 2014 7 1 21 6 6 1 31
1 36 33 35.654 -115.71 311 48 135 250 2014 7 1 21 7 6 1 31
1 36 33 35.659 -115.69 358 45 133 250 2014 7 1 21 8 6 1 31
1 36 33 35.702 -115.6 324 59 126 250 2014 7 1 21 9 6 1 3
1 36 33 35.786 -115.43 304 59 93 250 2014 7 1 21 10 15 1 3
1 36 33 35.797 -115.41 303 59 88 250 2014 7 1 21 11 6 1 3
1 36 33 35.915 -115.33 280 30 80 250 2014 7 1 21 12 16 1 3
1 36 33 35.942 -115.31 281 25 78 250 2014 7 1 21 13 6 1 3
1 36 33 36.043 -115.26 236 21 52 250 2014 7 1 21 14 16 1 3
1 36 33 36.068 -115.24 208 22 48 250 2014 7 1 21 15 16 1 3
1 36 33 36.074 -115.19 160 50 28 250 2014 7 1 21 16 6 1 3
2 36 33 33.836 -118.17 170 0 250 250 2014 7 1 23 6 6 1 51
2 36 33 33.82 -118.22 265 316 30 250 2014 7 1 23 7 6 1 2
2 36 33 33.745 -118.25 265 272 63 250 2014 7 1 23 8 15 1 2
2 36 33 33.665 -118.27 282 188 95 250 2014 7 1 23 9 6 1 2
2 36 33 33.589 -118.22 319 192 120 250 2014 7 1 23 10 15 1 2
2 36 33 33.648 -118.13 381 137 139 250 2014 7 1 23 11 6 1 18
2 36 33 33.747 -118.07 404 98 157 250 2014 7 1 23 12 6 1 18
2 36 33 33.841 -117.99 412 38 179 250 2014 7 1 23 13 6 1 18
2 36 33 33.938 -117.91 427 30 200 250 2014 7 1 23 14 16 1 18
2 36 33 34.055 -117.81 444 33 222 250 2014 7 1 23 15 6 1 21
2 36 33 34.145 -117.7 456 35 230 250 2014 7 1 23 16 7 1 21
2 36 33 34.231 -117.59 458 40 234 250 2014 7 1 23 17 6 1 21
2 36 33 34.315 -117.47 458 48 234 250 2014 7 1 23 18 6 1 21
2 36 33 34.401 -117.35 450 48 250 250 2014 7 1 23 19 6 1 43
2 36 33 34.483 -117.24 449 48 250 250 2014 7 1 23 20 15 1 43
2 36 33 34.566 -117.13 451 48 250 250 2014 7 1 23 21 6 1 43
2 36 33 34.664 -116.99 450 48 250 250 2014 7 1 23 22 16 1 43
2 36 33 34.747 -116.88 450 48 250 250 2014 7 1 23 23 6 1 43
2 36 33 34.746 -116.88 450 48 250 250 2014 7 1 23 24 6 1 43
2 36 33 34.828 -116.76 450 48 250 250 2014 7 1 23 25 6 1 43
2 36 33 34.912 -116.65 451 48 250 250 2014 7 1 23 26 6 1 43
2 36 33 34.993 -116.54 436 48 245 250 2014 7 1 23 27 6 1 43
2 36 33 35.091 -116.42 406 48 240 130 2014 7 1 23 28 6 1 43
2 36 33 35.167 -116.32 407 46 228 130 2014 7 1 23 29 6 1 31
2 36 33 35.244 -116.23 395 45 213 130 2014 7 1 23 30 15 1 31
2 36 33 35.317 -116.13 372 45 199 130 2014 7 1 23 31 7 1 31
2 36 33 35.388 -116.05 370 45 185 130 2014 7 1 23 32 6 1 31
2 36 33 35.484 -115.92 359 45 167 130 2014 7 1 23 33 6 1 31
2 36 33 35.542 -115.85 359 45 156 130 2014 7 1 23 34 6 1 31
2 36 33 35.61 -115.76 349 45 143 130 2014 7 1 23 35 6 1 31
2 36 33 35.662 -115.67 338 53 126 130 2014 7 1 23 36 6 1 31
2 36 33 35.711 -115.58 331 57 111 130 2014 7 1 23 37 16 1 3
2 36 33 35.766 -115.48 321 55 93 130 2014 7 1 23 38 6 1 3
2 36 33 35.823 -115.39 318 57 80 130 2014 7 1 23 39 6 1 3
2 36 33 35.9 -115.35 305 28 74 130 2014 7 1 23 40 6 1 3
2 36 33 35.972 -115.32 276 18 62 130 2014 7 1 23 41 8 1 3
2 36 33 36.042 -115.29 250 19 52 130 2014 7 1 23 42 6 1 3
2 36 33 36.071 -115.24 185 45 35 130 2014 7 1 23 43 15 1 3
2 36 33 36.074 -115.2 138 84 29 130 2014 7 1 23 44 16 1 3
3 36 33 33.833 -118.17 159 0 14 250 2014 7 1 19 55 6 1 2
3 36 33 33.833 -118.22 222 321 34 250 2014 7 1 19 56 6 1 2
3 36 33 33.767 -118.23 223 239 65 250 2014 7 1 19 57 6 1 2
3 36 33 33.717 -118.23 270 191 82 250 2014 7 1 19 58 15 1 2
3 36 33 33.685 -118.18 280 180 99 250 2014 7 1 19 59 6 1 2
3 36 33 33.7 -118.09 310 134 128 250 2014 7 1 20 0 6 1 2
3 36 33 33.779 -118.03 332 75 146 250 2014 7 1 20 1 6 1 18
3 36 33 33.877 -117.96 396 52 161 250 2014 7 1 20 2 16 1 18
3 36 33 33.987 -117.87 410 30 186 250 2014 7 1 20 3 15 1 18
3 36 33 34.08 -117.78 424 32 207 250 2014 7 1 20 4 16 1 21
3 36 33 34.164 -117.68 433 39 223 250 2014 7 1 20 5 16 1 21
3 36 33 34.248 -117.56 448 42 244 250 2014 7 1 20 6 6 1 43
3 36 33 34.33 -117.45 448 47 250 250 2014 7 1 20 7 6 1 43
3 36 33 34.416 -117.33 449 48 250 250 2014 7 1 20 8 6 1 43
3 36 33 34.499 -117.22 449 48 250 250 2014 7 1 20 9 6 1 43
3 36 33 34.597 -117.08 449 48 250 250 2014 7 1 20 10 6 1 43
3 36 33 34.68 -116.97 449 48 250 250 2014 7 1 20 11 6 1 43
3 36 33 34.76 -116.86 448 48 250 250 2014 7 1 20 12 6 1 43
3 36 33 34.842 -116.74 448 48 250 250 2014 7 1 20 13 6 1 43
3 36 33 34.924 -116.63 448 48 250 250 2014 7 1 20 14 16 1 43
3 36 33 35.017 -116.51 427 48 240 250 2014 7 1 20 15 6 1 43
3 36 33 35.094 -116.41 408 48 240 250 2014 7 1 20 16 6 1 43
3 36 33 35.173 -116.31 408 45 240 250 2014 7 1 20 17 6 1 43
3 36 33 35.181 -116.3 432 47 240 250 2014 7 1 20 18 6 1 43
3 36 33 35.264 -116.2 431 45 231 250 2014 7 1 20 19 16 1 31
3 36 33 35.339 -116.1 402 45 209 250 2014 7 1 20 20 6 1 31
3 36 33 35.469 -115.94 391 46 175 250 2014 7 1 20 21 6 1 31
3 36 33 35.513 -115.89 389 45 165 250 2014 7 1 20 22 6 1 31
3 36 33 35.584 -115.8 367 46 149 250 2014 7 1 20 23 16 1 31
3 36 33 35.652 -115.71 347 45 133 250 2014 7 1 20 24 6 1 31
3 36 33 35.696 -115.61 337 58 118 250 2014 7 1 20 25 6 1 31
3 36 33 35.741 -115.51 331 60 102 250 2014 7 1 20 26 10 1 3
3 36 33 35.807 -115.44 304 38 89 250 2014 7 1 20 27 6 1 3
3 36 33 35.879 -115.4 295 28 76 250 2014 7 1 20 28 6 1 3
3 36 33 35.946 -115.35 255 27 61 250 2014 7 1 20 29 6 1 3
3 36 33 36.003 -115.31 239 29 44 250 2014 7 1 20 30 6 1 3
3 36 33 36.049 -115.28 182 30 38 250 2014 7 1 20 31 6 1 3
3 36 33 36.073 -115.23 173 59 32 250 2014 7 1 20 32 6 1 3
3 36 33 36.073 -115.17 144 89 24 250 2014 7 1 20 33 16 1 3
3 36 33 36.074 -115.13 144 89 21 250 2014 7 1 20 34 16 1 3
4 36 33 33.818 -118.15 153 0 0 250 2014 7 1 20 14 16 1 2
4 36 33 33.811 -118.23 207 0 40 250 2014 7 1 20 15 6 1 2
4 36 33 33.748 -118.24 222 328 67 250 2014 7 1 20 16 6 1 2
4 36 33 33.681 -118.26 238 227 91 250 2014 7 1 20 17 6 1 2
4 36 33 33.611 -118.28 250 192 111 250 2014 7 1 20 18 6 1 2
4 36 33 33.567 -118.21 295 192 124 250 2014 7 1 20 19 16 1 2
4 36 33 33.628 -118.14 323 158 144 250 2014 7 1 20 20 6 1 18
4 36 33 33.709 -118.08 333 81 166 250 2014 7 1 20 21 6 1 18
4 36 33 33.815 -118 376 39 183 250 2014 7 1 20 22 6 1 18
4 36 33 33.908 -117.94 387 30 205 250 2014 7 1 20 23 16 1 18
4 36 33 33.998 -117.86 397 30 221 250 2014 7 1 20 24 6 1 18
4 36 33 34.093 -117.77 427 37 230 250 2014 7 1 20 25 6 1 21
4 36 33 34.176 -117.66 439 37 254 250 2014 7 1 20 26 10 1 43
4 36 33 34.274 -117.52 445 42 269 250 2014 7 1 20 27 6 1 43
4 36 33 34.359 -117.41 450 48 270 250 2014 7 1 20 28 6 1 43
4 36 33 34.445 -117.29 451 48 270 250 2014 7 1 20 29 6 1 43
4 36 33 34.528 -117.18 456 48 270 250 2014 7 1 20 30 6 1 43
4 36 33 34.611 -117.06 455 48 270 250 2014 7 1 20 31 6 1 43
4 36 33 34.692 -116.95 454 48 270 250 2014 7 1 20 32 6 1 43
4 36 33 34.775 -116.83 454 48 270 250 2014 7 1 20 33 16 1 43
4 36 33 34.873 -116.7 454 48 270 250 2014 7 1 20 34 16 1 43
4 36 33 34.956 -116.58 454 48 267 250 2014 7 1 20 35 6 1 43
4 36 33 35.042 -116.47 454 48 252 250 2014 7 1 20 36 6 1 43
4 36 33 35.13 -116.36 454 45 252 250 2014 7 1 20 37 6 1 43
4 36 33 35.126 -116.37 440 46 236 250 2014 7 1 20 38 16 1 31
4 36 33 35.206 -116.27 412 45 220 250 2014 7 1 20 39 16 1 31
4 36 33 35.279 -116.18 387 44 207 250 2014 7 1 20 40 16 1 31
4 36 33 35.366 -116.07 379 45 196 250 2014 7 1 20 41 6 1 31
4 36 33 35.439 -115.98 378 45 180 250 2014 7 1 20 42 6 1 31
4 36 33 35.558 -115.83 359 45 153 250 2014 7 1 20 43 15 1 31
4 36 33 35.624 -115.75 342 45 136 250 2014 7 1 20 44 6 1 31
4 36 33 35.676 -115.66 318 46 126 250 2014 7 1 20 45 6 1 31
4 36 33 35.712 -115.57 304 62 108 250 2014 7 1 20 46 6 1 3
4 36 33 35.758 -115.47 303 62 81 250 2014 7 1 20 47 6 1 3
4 36 33 35.808 -115.4 252 61 80 250 2014 7 1 20 48 6 1 3
4 36 33 35.868 -115.37 245 23 71 250 2014 7 1 20 49 16 1 3
4 36 33 35.938 -115.34 251 22 62 250 2014 7 1 20 50 15 1 3
4 36 33 36.003 -115.3 245 23 46 250 2014 7 1 20 51 6 1 3
4 36 33 36.034 -115.28 233 24 42 250 2014 7 1 20 52 6 1 3
4 36 33 36.073 -115.22 157 38 33 250 2014 7 1 20 53 16 1 3
4 36 33 36.073 -115.19 159 67 28 250 2014 7 1 20 54 6 1 3
4 36 33 36.073 -115.14 154 87 21 250 2014 7 1 20 55 6 1 3
5 36 33 33.818 -118.15 153 0 0 250 2014 7 2 23 3 6 1 2
5 36 33 33.838 -118.18 166 46 17 250 2014 7 2 23 5 8 1 2
5 36 33 33.759 -118.25 221 29 55 250 2014 7 2 23 6 6 1 2
5 36 33 33.695 -118.27 223 235 84 250 2014 7 2 23 7 6 1 2
5 36 33 33.626 -118.25 265 209 102 250 2014 7 2 23 8 6 1 2
5 36 33 33.641 -118.16 303 177 124 250 2014 7 2 23 9 6 1 2
5 36 33 33.715 -118.1 323 120 136 250 2014 7 2 23 10 6 1 18
5 36 33 33.822 -118.01 397 50 154 250 2014 7 2 23 11 6 1 18
5 36 33 33.916 -117.93 412 34 176 250 2014 7 2 23 12 6 1 18
5 36 33 34.011 -117.85 430 34 193 250 2014 7 2 23 13 6 1 18
5 36 33 34.104 -117.76 436 38 215 250 2014 7 2 23 14 16 1 21
5 36 33 34.187 -117.64 446 38 230 250 2014 7 2 23 15 6 1 21
5 36 33 34.272 -117.53 455 43 247 250 2014 7 2 23 16 6 1 43
5 36 33 34.373 -117.39 453 47 250 250 2014 7 2 23 17 16 1 43
5 36 33 34.458 -117.28 452 47 250 250 2014 7 2 23 18 6 1 43
5 36 33 34.542 -117.16 453 48 250 250 2014 7 2 23 19 6 1 43
5 36 33 34.625 -117.05 455 47 250 250 2014 7 2 23 20 6 1 43
5 36 33 34.709 -116.93 457 48 250 250 2014 7 2 23 21 6 1 43
5 36 33 34.792 -116.82 457 48 250 250 2014 7 2 23 22 6 1 43
5 36 33 34.88 -116.7 457 46 250 250 2014 7 2 23 23 6 1 43
5 36 33 34.969 -116.57 421 48 240 250 2014 7 2 23 24 16 1 43
5 36 33 35.049 -116.47 415 47 240 130 2014 7 2 23 25 16 1 43
5 36 33 35.049 -116.47 415 47 240 130 2014 7 2 23 26 10 1 43
5 36 33 35.13 -116.37 415 47 240 130 2014 7 2 23 27 6 1 43
5 36 33 35.288 -116.17 405 45 213 130 2014 7 2 23 28 6 1 31
5 36 33 35.366 -116.07 405 46 213 130 2014 7 2 23 29 20 1 31
5 36 33 35.408 -116.02 392 45 186 130 2014 7 2 23 30 8 1 31
5 36 33 35.48 -115.93 378 45 170 130 2014 7 2 23 31 6 1 31
5 36 33 35.541 -115.85 364 45 156 130 2014 7 2 23 32 6 1 31
5 36 33 35.607 -115.76 345 49 140 130 2014 7 2 23 33 6 1 31
5 36 33 35.643 -115.69 342 50 131 130 2014 7 2 23 34 6 1 31
5 36 33 35.726 -115.57 265 55 125 130 2014 7 2 23 35 6 1 3
5 36 33 35.773 -115.5 266 49 110 130 2014 7 2 23 36 6 1 3
5 36 33 35.822 -115.43 277 49 95 130 2014 7 2 23 37 16 1 3
5 36 33 35.883 -115.38 281 41 84 130 2014 7 2 23 38 6 1 3
5 36 33 35.935 -115.35 276 21 73 130 2014 7 2 23 39 6 1 3
5 36 33 36.003 -115.32 245 21 60 130 2014 7 2 23 40 6 1 3
5 36 33 36.053 -115.29 203 26 40 130 2014 7 2 23 41 6 1 3
5 36 33 36.072 -115.25 173 57 35 130 2014 7 2 23 42 6 1 3
5 36 33 36.073 -115.18 154 88 25 130 2014 7 2 23 43 6 1 3
6 36 33 33.841 -118.18 162 300 19 250 2014 7 2 2 38 16 1 2
6 36 33 33.803 -118.22 207 314 43 250 2014 7 2 2 39 15 1 2
6 36 33 33.74 -118.24 219 224 71 250 2014 7 2 2 40 15 1 2
6 36 33 33.686 -118.28 240 205 96 250 2014 7 2 2 41 16 1 2
6 36 33 33.731 -118.22 240 47 96 250 2014 7 2 2 42 16 1 2
6 36 33 33.647 -118.21 301 181 109 250 2014 7 2 2 43 16 1 2
6 36 33 33.719 -118.1 356 164 138 250 2014 7 2 2 44 6 1 18
6 36 33 33.803 -118.03 366 77 163 250 2014 7 2 2 45 6 1 18
6 36 33 33.889 -117.96 377 42 188 250 2014 7 2 2 46 6 1 18
6 36 33 34.07 -117.79 413 35 228 250 2014 7 2 2 47 15 1 21
6 36 33 34.07 -117.79 413 35 228 250 2014 7 2 2 48 6 1 21
6 36 33 34.152 -117.69 425 40 244 250 2014 7 2 2 49 15 1 43
6 36 33 34.235 -117.58 446 41 250 250 2014 7 2 2 50 6 1 43
6 36 33 34.335 -117.44 449 47 250 250 2014 7 2 2 51 16 1 43
6 36 33 34.405 -117.35 449 48 250 250 2014 7 2 2 52 16 1 43
6 36 33 34.501 -117.22 438 48 246 250 2014 7 2 2 53 15 1 43
6 36 33 34.58 -117.11 436 48 240 250 2014 7 2 2 54 6 1 43
6 36 33 34.66 -117 437 48 240 250 2014 7 2 2 55 15 1 43
6 36 33 34.741 -116.88 439 48 240 250 2014 7 2 2 56 16 1 43
6 36 33 34.821 -116.77 439 48 240 250 2014 7 2 2 57 16 1 43
6 36 33 34.9 -116.66 439 48 240 250 2014 7 2 2 58 15 1 43
6 36 33 34.998 -116.53 440 48 240 250 2014 7 2 2 59 16 1 43
6 36 33 35.084 -116.42 441 48 240 250 2014 7 2 3 0 6 1 43
6 36 33 35.17 -116.31 441 46 240 130 2014 7 2 3 1 15 1 43
6 36 33 35.253 -116.21 429 45 224 130 2014 7 2 3 2 15 1 31
6 36 33 35.331 -116.11 412 45 205 130 2014 7 2 3 3 6 1 31
6 36 33 35.408 -116.02 394 46 184 130 2014 7 2 3 4 15 1 31
6 36 33 35.5 -115.9 378 47 166 130 2014 7 2 3 5 16 1 31
6 36 33 35.57 -115.82 329 45 154 130 2014 7 2 3 6 6 1 31
6 36 33 35.62 -115.75 328 42 142 130 2014 7 2 3 7 16 1 31
6 36 33 35.681 -115.67 320 46 131 130 2014 7 2 3 8 15 1 31
6 36 33 35.754 -115.58 312 47 130 130 2014 7 2 3 9 16 1 3
6 36 33 35.841 -115.57 317 6 130 130 2014 7 2 3 10 15 1 3
6 36 33 35.929 -115.57 315 2 130 130 2014 7 2 3 11 6 1 3
6 36 33 35.991 -115.5 317 40 124 130 2014 7 2 3 12 6 1 3
6 36 33 36.024 -115.4 303 39 113 130 2014 7 2 3 13 6 1 3
6 36 33 36.026 -115.3 279 88 102 130 2014 7 2 3 14 15 1 3
6 36 33 36.019 -115.2 279 95 90 130 2014 7 2 3 15 16 1 3
6 36 33 36.008 -115.03 249 94 69 130 2014 7 2 3 17 15 1 3
6 36 33 36.021 -114.96 251 93 53 130 2014 7 2 3 18 15 1 3
6 36 33 36.079 -114.98 255 70 38 130 2014 7 2 3 19 15 1 3
6 36 33 36.073 -115.05 172 322 33 130 2014 7 2 3 20 6 1 3
6 36 33 36.074 -115.11 158 270 23 130 2014 7 2 3 21 15 1 3
7 36 33 33.818 -118.15 153 0 0 250 2014 7 2 19 2 6 1 2
7 36 33 33.85 -118.2 206 311 23 250 2014 7 2 19 4 6 1 2
7 36 33 33.729 -118.25 240 1 75 250 2014 7 2 19 5 16 1 2
7 36 33 33.656 -118.25 263 201 96 250 2014 7 2 19 6 6 1 2
7 36 33 33.646 -118.14 313 192 119 250 2014 7 2 19 7 6 1 2
7 36 33 33.727 -118.08 352 134 144 250 2014 7 2 19 8 6 1 18
7 36 33 33.811 -118.01 360 63 162 250 2014 7 2 19 9 6 1 18
7 36 33 33.907 -117.94 402 36 174 250 2014 7 2 19 10 6 1 18
7 36 33 34.021 -117.84 422 32 199 250 2014 7 2 19 11 6 1 18
7 36 33 34.114 -117.75 432 34 215 250 2014 7 2 19 12 6 1 21
7 36 33 34.196 -117.63 449 40 230 250 2014 7 2 19 13 6 1 21
7 36 33 34.281 -117.52 452 45 246 250 2014 7 2 19 14 6 1 43
7 36 33 34.367 -117.4 463 48 250 250 2014 7 2 19 15 6 1 43
7 36 33 34.454 -117.28 463 48 250 250 2014 7 2 19 16 17 1 43
7 36 33 34.537 -117.16 458 48 250 250 2014 7 2 19 17 6 1 43
7 36 33 34.639 -117.02 460 48 251 250 2014 7 2 19 18 16 1 43
7 36 33 34.723 -116.91 461 47 250 250 2014 7 2 19 19 16 1 43
7 36 33 34.723 -116.91 461 47 250 250 2014 7 2 19 20 6 1 43
7 36 33 34.806 -116.79 460 48 250 250 2014 7 2 19 21 6 1 43
7 36 33 34.891 -116.68 459 47 250 250 2014 7 2 19 22 16 1 43
7 36 33 34.974 -116.56 459 48 248 250 2014 7 2 19 23 16 1 43
7 36 33 35.077 -116.43 443 48 240 130 2014 7 2 19 24 6 1 43
7 36 33 35.154 -116.33 415 46 233 130 2014 7 2 19 25 6 1 31
7 36 33 35.234 -116.23 415 45 214 130 2014 7 2 19 26 6 1 31
7 36 33 35.311 -116.14 401 45 200 130 2014 7 2 19 27 6 1 31
7 36 33 35.381 -116.05 375 45 186 130 2014 7 2 19 28 6 1 31
7 36 33 35.486 -115.92 371 46 166 130 2014 7 2 19 29 6 1 31
7 36 33 35.565 -115.82 360 45 152 130 2014 7 2 19 30 6 1 31
7 36 33 35.634 -115.74 347 45 140 130 2014 7 2 19 31 6 1 31
7 36 33 35.7 -115.65 307 45 131 130 2014 7 2 19 32 6 1 31
7 36 33 35.736 -115.56 260 56 119 130 2014 7 2 19 33 15 1 3
7 36 33 35.773 -115.48 260 59 109 130 2014 7 2 19 34 6 1 3
7 36 33 35.821 -115.42 261 58 94 130 2014 7 2 19 35 6 1 3
7 36 33 35.886 -115.38 261 29 81 130 2014 7 2 19 36 6 1 3
7 36 33 35.931 -115.35 259 26 69 130 2014 7 2 19 37 7 1 3
7 36 33 35.994 -115.31 254 24 54 130 2014 7 2 19 38 6 1 3
7 36 33 36.053 -115.28 220 26 42 130 2014 7 2 19 39 6 1 3
7 36 33 36.071 -115.23 144 63 33 130 2014 7 2 19 40 6 1 3
7 36 33 36.073 -115.17 152 71 25 130 2014 7 2 19 41 6 1 3
8 36 33 33.833 -118.17 171 0 15 250 2014 7 2 20 17 6 1 2
8 36 33 33.839 -118.18 175 321 250 250 2014 7 2 20 18 6 1 51
8 36 33 33.825 -118.23 237 315 39 250 2014 7 2 20 19 6 1 2
8 36 33 33.766 -118.24 215 359 71 250 2014 7 2 20 20 16 1 2
8 36 33 33.705 -118.25 217 217 100 250 2014 7 2 20 21 6 1 2
8 36 33 33.688 -118.18 262 164 115 250 2014 7 2 20 22 6 1 2
8 36 33 33.765 -118.09 325 104 147 250 2014 7 2 20 23 6 1 18
8 36 33 33.93 -117.92 412 41 176 250 2014 7 2 20 24 16 1 18
8 36 33 34.023 -117.84 420 40 203 250 2014 7 2 20 25 16 1 18
8 36 33 34.11 -117.75 413 38 229 250 2014 7 2 20 26 6 1 21
8 36 33 34.222 -117.64 438 38 246 250 2014 7 2 20 27 6 1 43
8 36 33 34.326 -117.57 431 39 250 250 2014 7 2 20 28 6 1 43
8 36 33 34.405 -117.45 431 40 250 250 2014 7 2 20 29 16 1 43
8 36 33 34.479 -117.33 437 40 250 250 2014 7 2 20 30 6 1 43
8 36 33 34.555 -117.22 441 51 250 250 2014 7 2 20 31 12 1 43
8 36 33 34.63 -117.1 442 51 250 250 2014 7 2 20 32 6 1 43
8 36 33 34.706 -116.98 442 52 250 250 2014 7 2 20 33 6 1 43
8 36 33 34.794 -116.84 441 51 250 250 2014 7 2 20 34 15 1 43
8 36 33 34.869 -116.72 441 52 250 250 2014 7 2 20 35 6 1 43
8 36 33 34.869 -116.72 441 52 250 250 2014 7 2 20 36 6 1 43
8 36 33 34.943 -116.61 440 52 250 250 2014 7 2 20 37 6 1 43
8 36 33 35.109 -116.39 435 49 240 250 2014 7 2 20 38 15 1 43
8 36 33 35.109 -116.39 435 49 240 250 2014 7 2 20 39 6 1 43
8 36 33 35.209 -116.27 433 46 240 130 2014 7 2 20 40 6 1 43
8 36 33 35.292 -116.17 431 45 234 130 2014 7 2 20 41 6 1 31
8 36 33 35.373 -116.06 417 45 215 130 2014 7 2 20 42 6 1 31
8 36 33 35.464 -115.95 412 45 192 130 2014 7 2 20 43 6 1 31
8 36 33 35.542 -115.85 393 45 161 130 2014 7 2 20 44 6 1 31
8 36 33 35.609 -115.76 342 44 141 130 2014 7 2 20 45 6 1 31
8 36 33 35.66 -115.67 327 53 128 130 2014 7 2 20 46 6 1 31
8 36 33 35.702 -115.58 310 59 118 130 2014 7 2 20 47 6 1 3
8 36 33 35.744 -115.5 268 59 107 130 2014 7 2 20 48 6 1 3
8 36 33 35.78 -115.42 257 61 92 130 2014 7 2 20 49 6 1 3
8 36 33 35.854 -115.39 267 28 74 130 2014 7 2 20 50 6 1 3
8 36 33 35.922 -115.36 264 16 70 130 2014 7 2 20 51 6 1 3
8 36 33 35.988 -115.33 249 19 60 130 2014 7 2 20 52 9 1 3
8 36 33 36.044 -115.31 216 17 49 130 2014 7 2 20 53 6 1 3
8 36 33 36.072 -115.26 171 49 38 130 2014 7 2 20 54 16 1 3
8 36 33 36.073 -115.2 160 90 29 130 2014 7 2 20 55 6 1 3
8 36 33 36.073 -115.15 160 88 21 130 2014 7 2 20 56 6 1 3
9 36 33 33.818 -118.15 153 0 0 250 2014 7 3 23 8 6 1 2
9 36 33 33.832 -118.22 196 308 24 250 2014 7 3 23 10 6 1 2
9 36 33 33.692 -118.24 277 14 81 250 2014 7 3 23 11 6 1 2
9 36 33 33.647 -118.16 300 191 114 250 2014 7 3 23 12 6 1 2
9 36 33 33.699 -118.08 322 140 154 250 2014 7 3 23 13 6 1 18
9 36 33 33.763 -118.01 322 44 154 250 2014 7 3 23 14 6 1 18
9 36 33 33.905 -117.94 426 40 201 250 2014 7 3 23 15 6 1 18
9 36 33 33.988 -117.84 426 45 201 250 2014 7 3 23 16 6 1 18
9 36 33 34.003 -117.86 428 35 216 250 2014 7 3 23 17 6 1 18
9 36 33 34.1 -117.76 438 36 232 250 2014 7 3 23 18 6 1 21
9 36 33 34.182 -117.65 449 36 249 250 2014 7 3 23 19 6 1 43
9 36 33 34.264 -117.54 448 44 250 250 2014 7 3 23 20 6 1 43
9 36 33 34.362 -117.41 447 48 250 250 2014 7 3 23 21 6 1 43
9 36 33 34.432 -117.31 447 48 250 250 2014 7 3 23 22 6 1 43
9 36 33 34.53 -117.18 447 48 250 250 2014 7 3 23 23 6 1 43
9 36 33 34.611 -117.06 447 48 250 250 2014 7 3 23 24 6 1 43
9 36 33 34.693 -116.95 446 47 250 250 2014 7 3 23 25 6 1 43
9 36 33 34.774 -116.84 447 48 250 250 2014 7 3 23 26 6 1 43
9 36 33 34.874 -116.7 448 48 250 250 2014 7 3 23 27 6 1 43
9 36 33 34.954 -116.58 448 48 250 250 2014 7 3 23 28 6 1 43
9 36 33 35.041 -116.47 449 48 247 130 2014 7 3 23 29 6 1 43
9 36 33 35.126 -116.37 441 46 235 130 2014 7 3 23 30 6 1 31
9 36 33 35.206 -116.27 417 45 221 130 2014 7 3 23 31 6 1 31
9 36 33 35.28 -116.18 399 45 206 130 2014 7 3 23 32 6 1 31
9 36 33 35.371 -116.06 394 45 189 130 2014 7 3 23 33 6 1 31
9 36 33 35.447 -115.96 392 44 170 130 2014 7 3 23 34 6 1 31
9 36 33 35.517 -115.88 381 45 154 130 2014 7 3 23 35 7 1 31
9 36 33 35.604 -115.77 379 46 136 130 2014 7 3 23 36 17 1 31
9 36 33 35.672 -115.69 336 48 130 130 2014 7 3 23 37 6 1 31
9 36 33 35.737 -115.6 330 43 130 130 2014 7 3 23 38 6 1 3
9 36 33 35.821 -115.57 325 16 130 130 2014 7 3 23 39 6 1 3
9 36 33 35.92 -115.57 326 2 130 130 2014 7 3 23 40 6 1 3
9 36 33 35.959 -115.47 326 64 130 130 2014 7 3 23 41 6 1 3
9 36 33 36.023 -115.4 321 69 115 130 2014 7 3 23 42 6 1 3
9 36 33 36.026 -115.3 287 84 102 130 2014 7 3 23 43 6 1 3
9 36 33 36.021 -115.21 261 88 91 130 2014 7 3 23 44 6 1 3
9 36 33 36.015 -115.14 201 94 84 130 2014 7 3 23 45 6 1 3
9 36 33 36.014 -115.13 222 95 83 130 2014 7 3 23 46 6 1 3
9 36 33 36.009 -115.05 199 95 71 130 2014 7 3 23 47 6 1 3
9 36 33 36.057 -114.97 209 89 53 130 2014 7 3 23 48 6 1 3
9 36 33 36.073 -115.01 178 11 39 130 2014 7 3 23 49 6 1 3
9 36 33 36.072 -115.06 153 280 30 130 2014 7 3 23 50 6 1 3
9 36 33 36.073 -115.11 142 269 23 130 2014 7 3 23 51 6 1 3
9 36 33 36.073 -115.13 148 270 21 130 2014 7 3 23 52 6 1 3
10 36 33 33.837 -118.17 158 0 16 250 2014 7 3 4 59 6 1 2
10 36 33 33.82 -118.22 220 15 35 250 2014 7 3 5 0 16 1 2
10 36 33 33.758 -118.24 221 272 65 250 2014 7 3 5 1 16 1 2
10 36 33 33.682 -118.23 252 213 96 250 2014 7 3 5 2 15 1 2
10 36 33 33.711 -118.15 278 181 113 250 2014 7 3 5 3 16 1 2
10 36 33 33.78 -118.08 321 124 127 250 2014 7 3 5 4 15 1 2
10 36 33 33.854 -118 353 50 152 250 2014 7 3 5 5 16 1 18
10 36 33 33.93 -117.92 365 40 173 250 2014 7 3 5 6 15 1 18
10 36 33 33.999 -117.83 365 46 173 250 2014 7 3 5 7 6 1 18
10 36 33 34.017 -117.84 382 43 187 250 2014 7 3 5 8 15 1 18
10 36 33 34.111 -117.75 418 39 201 250 2014 7 3 5 9 6 1 21
10 36 33 34.291 -117.5 448 43 236 250 2014 7 3 5 10 15 1 21
10 36 33 34.376 -117.39 457 48 250 250 2014 7 3 5 11 15 1 43
10 36 33 34.446 -117.29 457 48 250 250 2014 7 3 5 12 15 1 43
10 36 33 34.446 -117.29 457 48 250 250 2014 7 3 5 13 6 1 43
10 36 33 34.546 -117.15 457 48 250 250 2014 7 3 5 14 15 1 43
10 36 33 34.629 -117.04 457 48 250 250 2014 7 3 5 15 16 1 43
10 36 33 34.712 -116.92 457 48 250 250 2014 7 3 5 16 6 1 43
10 36 33 34.796 -116.81 457 49 250 250 2014 7 3 5 17 16 1 43
10 36 33 34.879 -116.69 458 48 250 250 2014 7 3 5 18 15 1 43
10 36 33 34.964 -116.57 459 48 250 130 2014 7 3 5 19 16 1 43
10 36 33 35.053 -116.46 459 48 244 130 2014 7 3 5 20 16 1 43
10 36 33 35.136 -116.36 442 47 232 130 2014 7 3 5 21 16 1 31
10 36 33 35.23 -116.24 413 45 214 130 2014 7 3 5 22 16 1 31
10 36 33 35.307 -116.14 401 45 198 130 2014 7 3 5 23 15 1 31
10 36 33 35.381 -116.05 386 45 183 130 2014 7 3 5 24 6 1 31
10 36 33 35.454 -115.96 383 45 168 130 2014 7 3 5 25 6 1 31
10 36 33 35.531 -115.86 364 44 155 130 2014 7 3 5 26 6 1 31
10 36 33 35.63 -115.74 303 47 140 130 2014 7 3 5 27 15 1 31
10 36 33 35.677 -115.68 294 44 131 130 2014 7 3 5 28 16 1 31
10 36 33 35.74 -115.6 291 46 131 130 2014 7 3 5 29 15 1 3
10 36 33 35.822 -115.57 328 35 131 130 2014 7 3 5 30 15 1 3
10 36 33 35.911 -115.56 321 2 130 130 2014 7 3 5 31 6 1 3
10 36 33 35.97 -115.48 322 28 125 130 2014 7 3 5 32 16 1 3
10 36 33 36.02 -115.4 309 54 111 130 2014 7 3 5 33 15 1 3
10 36 33 36.024 -115.29 274 68 101 130 2014 7 3 5 34 16 1 3
10 36 33 36.019 -115.21 268 95 91 130 2014 7 3 5 35 16 1 3
10 36 33 36.013 -115.11 264 94 74 130 2014 7 3 5 36 15 1 3
10 36 33 36.007 -115.01 272 94 56 130 2014 7 3 5 37 15 1 3
10 36 33 36.036 -114.96 249 82 56 130 2014 7 3 5 38 15 1 3
10 36 33 36.074 -115.01 200 343 43 130 2014 7 3 5 39 15 1 3
10 36 33 36.074 -115.05 197 310 33 130 2014 7 3 5 40 6 1 3
10 36 33 36.072 -115.12 138 270 22 130 2014 7 3 5 41 16 1 3
10 36 33 36.074 -115.15 145 268 21 130 2014 7 3 5 42 16 1 3
11 36 33 33.85 -118.18 186 313 19 250 2014 7 3 16 12 6 1 2
11 36 33 33.817 -118.27 242 262 34 250 2014 7 3 16 13 6 1 2
11 36 33 33.776 -118.27 235 204 60 250 2014 7 3 16 14 6 1 2
11 36 33 33.7 -118.3 247 186 87 250 2014 7 3 16 15 6 1 2
11 36 33 33.636 -118.27 287 196 105 250 2014 7 3 16 16 6 1 2
11 36 33 33.676 -118.16 341 104 126 250 2014 7 3 16 17 6 1 2
11 36 33 33.756 -118.09 358 76 148 250 2014 7 3 16 18 6 1 18
11 36 33 33.841 -118.01 386 50 161 250 2014 7 3 16 19 6 1 18
11 36 33 33.93 -117.92 414 40 182 250 2014 7 3 16 20 6 1 18
11 36 33 34.024 -117.83 421 39 203 250 2014 7 3 16 21 6 1 18
11 36 33 34.132 -117.72 429 41 222 250 2014 7 3 16 22 6 1 21
11 36 33 34.214 -117.61 442 41 237 250 2014 7 3 16 23 6 1 21
11 36 33 34.296 -117.5 447 44 250 250 2014 7 3 16 24 6 1 43
11 36 33 34.379 -117.39 447 48 250 250 2014 7 3 16 25 6 1 43
11 36 33 34.463 -117.27 447 48 250 250 2014 7 3 16 26 7 1 43
11 36 33 34.545 -117.15 447 48 250 250 2014 7 3 16 27 6 1 43
11 36 33 34.627 -117.04 448 48 250 250 2014 7 3 16 28 6 1 43
11 36 33 34.724 -116.91 446 48 250 250 2014 7 3 16 29 6 1 43
11 36 33 34.806 -116.79 446 48 250 250 2014 7 3 16 30 6 1 43
11 36 33 34.807 -116.79 447 48 250 250 2014 7 3 16 31 6 1 43
11 36 33 34.969 -116.57 446 48 250 250 2014 7 3 16 32 6 1 43
11 36 33 35.055 -116.46 441 48 241 250 2014 7 3 16 33 6 1 43
11 36 33 35.14 -116.35 441 45 241 250 2014 7 3 16 34 6 1 43
11 36 33 35.147 -116.35 405 46 240 250 2014 7 3 16 35 6 1 43
11 36 33 35.226 -116.25 404 45 228 250 2014 7 3 16 36 6 1 31
11 36 33 35.302 -116.15 400 45 210 250 2014 7 3 16 37 6 1 31
11 36 33 35.378 -116.05 394 45 192 250 2014 7 3 16 38 6 1 31
11 36 33 35.462 -115.95 386 45 174 250 2014 7 3 16 39 6 1 31
11 36 33 35.543 -115.85 360 45 156 250 2014 7 3 16 40 6 1 31
11 36 33 35.609 -115.77 342 45 140 250 2014 7 3 16 41 6 1 31
11 36 33 35.678 -115.67 342 46 120 250 2014 7 3 16 42 6 1 31
11 36 33 35.739 -115.58 346 48 103 250 2014 7 3 16 43 6 1 3
11 36 33 35.801 -115.52 324 42 95 250 2014 7 3 16 44 6 1 3
11 36 33 35.876 -115.44 318 36 79 250 2014 7 3 16 45 6 1 3
11 36 33 35.949 -115.38 300 36 59 250 2014 7 3 16 46 6 1 3
11 36 33 36.003 -115.33 253 36 51 250 2014 7 3 16 47 6 1 3
11 36 33 36.058 -115.28 209 35 42 250 2014 7 3 16 48 6 1 3
11 36 33 36.073 -115.23 157 64 34 250 2014 7 3 16 49 6 1 3
11 36 33 36.073 -115.18 149 89 24 250 2014 7 3 16 50 6 1 3
12 36 33 33.846 -118.19 176 320 19 250 2014 7 3 19 12 6 1 2
12 36 33 33.815 -118.23 187 231 42 250 2014 7 3 19 13 6 1 15
12 36 33 33.75 -118.25 224 347 69 250 2014 7 3 19 14 8 1 2
12 36 33 33.676 -118.27 263 192 90 250 2014 7 3 19 15 6 1 2
12 36 33 33.611 -118.23 301 192 112 250 2014 7 3 19 16 6 1 2
12 36 33 33.647 -118.14 348 173 128 250 2014 7 3 19 17 6 1 2
12 36 33 33.716 -118.06 348 43 128 250 2014 7 3 19 18 6 1 2
12 36 33 33.75 -118.06 361 77 153 250 2014 7 3 19 19 6 1 18
12 36 33 33.844 -117.99 410 45 166 250 2014 7 3 19 20 6 1 18
12 36 33 33.943 -117.91 419 32 187 250 2014 7 3 19 21 6 1 18
12 36 33 34.038 -117.82 428 32 206 250 2014 7 3 19 22 6 1 18
12 36 33 34.143 -117.7 432 35 225 250 2014 7 3 19 23 6 1 21
12 36 33 34.226 -117.59 446 42 243 250 2014 7 3 19 24 6 1 43
12 36 33 34.308 -117.48 446 45 250 250 2014 7 3 19 25 6 1 43
12 36 33 34.394 -117.36 447 48 250 250 2014 7 3 19 26 6 1 43
12 36 33 34.476 -117.25 447 48 250 250 2014 7 3 19 27 6 1 43
12 36 33 34.558 -117.13 448 48 250 250 2014 7 3 19 28 9 1 43
12 36 33 34.64 -117.02 447 48 250 250 2014 7 3 19 29 6 1 43
12 36 33 34.738 -116.89 447 48 250 250 2014 7 3 19 30 6 1 43
12 36 33 34.818 -116.78 441 48 245 250 2014 7 3 19 31 6 1 43
12 36 33 34.898 -116.67 438 48 240 130 2014 7 3 19 32 6 1 43
12 36 33 34.98 -116.55 446 48 240 130 2014 7 3 19 33 6 1 43
12 36 33 35.067 -116.44 447 47 240 130 2014 7 3 19 34 6 1 43
12 36 33 35.17 -116.31 446 47 233 130 2014 7 3 19 35 6 1 31
12 36 33 35.256 -116.21 440 45 218 130 2014 7 3 19 36 6 1 31
12 36 33 35.336 -116.11 427 45 196 130 2014 7 3 19 37 6 1 31
12 36 33 35.416 -116 420 45 180 130 2014 7 3 19 38 6 1 31
12 36 33 35.496 -115.9 416 44 166 130 2014 7 3 19 39 6 1 31
12 36 33 35.573 -115.81 387 47 149 130 2014 7 3 19 40 6 1 31
12 36 33 35.654 -115.7 358 45 132 130 2014 7 3 19 41 6 1 31
12 36 33 35.718 -115.62 339 46 130 130 2014 7 3 19 42 6 1 31
12 36 33 35.797 -115.57 329 47 130 130 2014 7 3 19 43 6 1 3
12 36 33 35.896 -115.57 329 11 130 130 2014 7 3 19 44 10 1 3
12 36 33 35.972 -115.55 288 2 130 130 2014 7 3 19 45 6 1 3
12 36 33 36.005 -115.46 271 23 129 130 2014 7 3 19 46 6 1 3
12 36 33 36.011 -115.44 269 66 127 130 2014 7 3 19 47 6 1 3
12 36 33 36.029 -115.35 270 69 115 130 2014 7 3 19 48 6 1 3
12 36 33 36.023 -115.27 259 95 106 130 2014 7 3 19 49 6 1 3
12 36 33 36.017 -115.17 254 95 92 130 2014 7 3 19 51 6 1 3
12 36 33 36.017 -115.17 254 95 92 130 2014 7 3 19 51 6 1 3
12 36 33 36.006 -114.94 211 94 63 130 2014 7 3 19 53 6 1 3
12 36 33 36.053 -114.93 205 65 52 130 2014 7 3 19 54 6 1 3
12 36 33 36.072 -114.99 199 298 38 130 2014 7 3 19 55 6 1 3
12 36 33 36.073 -115.05 191 271 32 130 2014 7 3 19 56 6 1 3
13 36 33 33.85 -118.2 191 316 22 250 2014 7 3 20 17 6 1 2
13 36 33 33.835 -118.25 213 308 38 250 2014 7 3 20 18 6 1 2
13 36 33 33.785 -118.28 231 264 66 250 2014 7 3 20 19 6 1 15
13 36 33 33.718 -118.3 230 226 95 250 2014 7 3 20 20 6 1 2
13 36 33 33.658 -118.28 259 178 122 250 2014 7 3 20 21 6 1 2
13 36 33 33.699 -118.19 289 177 143 250 2014 7 3 20 22 9 1 18
13 36 33 33.768 -118.11 344 76 154 250 2014 7 3 20 23 6 1 18
13 36 33 33.842 -118.02 372 51 176 250 2014 7 3 20 24 6 1 18
13 36 33 33.921 -117.93 395 43 189 250 2014 7 3 20 25 6 1 18
13 36 33 34.035 -117.83 428 45 209 250 2014 7 3 20 26 6 1 18
13 36 33 34.127 -117.73 437 40 224 250 2014 7 3 20 27 6 1 21
13 36 33 34.209 -117.61 449 41 238 250 2014 7 3 20 28 6 1 21
13 36 33 34.294 -117.5 456 45 250 250 2014 7 3 20 29 6 1 43
13 36 33 34.377 -117.39 456 48 250 250 2014 7 3 20 30 6 1 43
13 36 33 34.464 -117.27 456 48 250 250 2014 7 3 20 31 6 1 43
13 36 33 34.547 -117.15 456 48 250 250 2014 7 3 20 32 6 1 43
13 36 33 34.646 -117.02 455 48 250 250 2014 7 3 20 33 6 1 43
13 36 33 34.729 -116.9 455 48 250 250 2014 7 3 20 34 6 1 43
13 36 33 34.812 -116.78 454 48 250 250 2014 7 3 20 35 6 1 43
13 36 33 34.894 -116.67 455 48 250 250 2014 7 3 20 36 6 1 43
13 36 33 34.979 -116.55 457 48 250 130 2014 7 3 20 37 6 1 43
13 36 33 35.08 -116.43 440 48 240 130 2014 7 3 20 38 6 1 43
13 36 33 35.165 -116.32 440 45 240 130 2014 7 3 20 39 6 1 43
13 36 33 35.159 -116.33 416 46 229 130 2014 7 3 20 40 7 1 31
13 36 33 35.311 -116.14 390 45 200 130 2014 7 3 20 41 7 1 31
13 36 33 35.311 -116.14 390 45 200 130 2014 7 3 20 42 6 1 31
13 36 33 35.386 -116.04 389 45 185 130 2014 7 3 20 43 6 1 31
13 36 33 35.474 -115.93 383 46 168 130 2014 7 3 20 44 6 1 31
13 36 33 35.604 -115.77 366 43 144 130 2014 7 3 20 45 6 1 31
13 36 33 35.669 -115.69 364 50 132 130 2014 7 3 20 46 17 1 31
13 36 33 35.736 -115.61 319 46 130 130 2014 7 3 20 47 6 1 3
13 36 33 35.82 -115.57 328 43 130 130 2014 7 3 20 48 6 1 3
13 36 33 35.854 -115.57 330 17 130 130 2014 7 3 20 49 7 1 3
13 36 33 35.953 -115.56 331 2 130 130 2014 7 3 20 50 6 1 3
13 36 33 36.001 -115.47 322 33 121 130 2014 7 3 20 51 6 1 3
13 36 33 36.031 -115.37 309 68 109 130 2014 7 3 20 52 10 1 3
13 36 33 36.021 -115.22 282 95 93 130 2014 7 3 20 53 6 1 3
13 36 33 36.017 -115.17 282 94 90 130 2014 7 3 20 54 6 1 3
13 36 33 36.012 -115.09 217 94 85 130 2014 7 3 20 55 6 1 3
13 36 33 36.004 -114.99 203 95 70 130 2014 7 3 20 56 6 1 3
13 36 33 36.003 -114.94 207 94 66 130 2014 7 3 20 57 6 1 3
13 36 33 36.015 -114.89 204 94 58 130 2014 7 3 20 58 6 1 3
13 36 33 36.067 -114.94 214 15 50 130 2014 7 3 20 59 6 1 3
13 36 33 36.074 -115 187 293 39 130 2014 7 3 21 0 6 1 3
13 36 33 36.074 -115.03 186 277 36 130 2014 7 3 21 1 6 1 3
14 36 33 33.818 -118.15 153 0 0 250 2014 7 4 23 4 6 1 2
14 36 33 33.833 -118.17 169 318 14 250 2014 7 4 23 5 6 1 2
14 36 33 33.835 -118.22 218 269 29 250 2014 7 4 23 6 6 1 2
14 36 33 33.711 -118.26 230 196 85 250 2014 7 4 23 7 15 1 2
14 36 33 33.711 -118.26 230 196 85 250 2014 7 4 23 8 6 1 2
14 36 33 33.634 -118.26 286 109 104 250 2014 7 4 23 9 6 1 2
14 36 33 33.638 -118.15 332 186 125 250 2014 7 4 23 10 16 1 2
14 36 33 33.722 -118.08 374 127 140 250 2014 7 4 23 11 15 1 18
14 36 33 33.815 -118.01 393 60 161 250 2014 7 4 23 12 16 1 18
14 36 33 33.908 -117.95 393 32 186 250 2014 7 4 23 13 16 1 18
14 36 33 34.01 -117.91 383 31 214 250 2014 7 4 23 14 6 1 21
14 36 33 34.108 -117.86 387 31 231 250 2014 7 4 23 15 15 1 21
14 36 33 34.169 -117.75 406 19 244 250 2014 7 4 23 16 6 1 43
14 36 33 34.234 -117.6 430 39 250 250 2014 7 4 23 17 6 1 43
14 36 33 34.291 -117.47 439 59 250 250 2014 7 4 23 18 6 1 43
14 36 33 34.348 -117.34 440 62 250 250 2014 7 4 23 19 16 1 43
14 36 33 34.407 -117.2 442 62 250 250 2014 7 4 23 20 16 1 43
14 36 33 34.461 -117.06 438 62 250 250 2014 7 4 23 21 6 1 44
14 36 33 34.51 -116.94 431 55 250 250 2014 7 4 23 22 16 1 44
14 36 33 34.59 -116.83 440 64 250 250 2014 7 4 23 23 6 1 44
14 36 33 34.689 -116.75 430 55 250 250 2014 7 4 23 24 16 1 44
14 36 33 34.788 -116.67 434 38 250 250 2014 7 4 23 25 15 1 43
14 36 33 34.889 -116.58 440 34 250 250 2014 7 4 23 26 6 1 43
14 36 33 35.014 -116.48 443 34 250 250 2014 7 4 23 27 16 1 43
14 36 33 35.108 -116.4 426 34 240 250 2014 7 4 23 28 15 1 43
14 36 33 35.192 -116.29 428 38 239 130 2014 7 4 23 29 16 1 31
14 36 33 35.27 -116.19 394 40 216 130 2014 7 4 23 30 16 1 31
14 36 33 35.344 -116.1 375 45 193 130 2014 7 4 23 31 15 1 31
14 36 33 35.412 -116.02 354 47 181 130 2014 7 4 23 32 15 1 31
14 36 33 35.477 -115.93 330 44 164 130 2014 7 4 23 33 6 1 31
14 36 33 35.549 -115.84 319 42 144 130 2014 7 4 23 34 15 1 31
14 36 33 35.605 -115.76 311 47 129 130 2014 7 4 23 35 16 1 31
14 36 33 35.659 -115.68 312 52 111 130 2014 7 4 23 36 16 1 31
14 36 33 35.708 -115.6 316 53 98 130 2014 7 4 23 37 6 1 3
14 36 33 35.764 -115.51 304 52 81 130 2014 7 4 23 38 6 1 3
14 36 33 35.814 -115.43 266 52 80 130 2014 7 4 23 39 15 1 3
14 36 33 35.862 -115.39 251 38 81 130 2014 7 4 23 40 15 1 3
14 36 33 35.941 -115.35 243 17 68 130 2014 7 4 23 41 6 1 3
14 36 33 35.996 -115.33 213 20 57 130 2014 7 4 23 42 6 1 3
14 36 33 36.04 -115.31 201 18 48 130 2014 7 4 23 43 6 1 3
14 36 33 36.071 -115.27 150 18 40 130 2014 7 4 23 44 6 1 3
14 36 33 36.073 -115.21 141 87 30 130 2014 7 4 23 45 16 1 3
14 36 33 36.074 -115.18 140 88 25 130 2014 7 4 23 46 6 1 3
14 36 33 36.073 -115.16 141 88 23 130 2014 7 4 23 47 6 1 3
15 36 33 33.8 -118.2 93 0 14 110 2014 7 4 2 58 16 1 2
15 36 33 33.783 -118.22 112 246 19 110 2014 7 4 2 59 6 1 2
15 36 33 33.767 -118.17 145 187 16 110 2014 7 4 3 0 6 1 2
15 36 33 33.767 -118.12 125 103 9 110 2014 7 4 3 1 16 1 2
15 36 33 33.8 -118.12 104 86 5 110 2014 7 4 3 2 6 1 2
15 36 33 33.817 -118.15 90 342 2 110 2014 7 4 3 3 6 1 2
15 36 33 33.816 -118.15 95 301 110 110 2014 7 4 3 4 16 1 15
15 36 33 33.806 -118.12 95 112 110 110 2014 7 4 3 5 16 1 2
15 36 33 33.796 -118.09 95 112 110 110 2014 7 4 3 6 6 1 2
15 36 33 33.8 -118.06 95 80 110 110 2014 7 4 3 7 6 1 2
15 36 33 33.804 -118.03 95 80 110 110 2014 7 4 3 8 6 1 2
15 36 33 33.809 -118 95 80 110 110 2014 7 4 3 9 16 1 2
15 36 33 33.813 -117.97 95 80 110 110 2014 7 4 3 10 6 1 2
15 36 33 33.817 -117.93 95 80 110 110 2014 7 4 3 11 6 1 2
15 36 33 33.824 -117.9 95 74 110 110 2014 7 4 3 12 16 1 2
15 36 33 33.832 -117.87 95 74 110 110 2014 7 4 3 13 16 1 2
15 36 33 33.839 -117.84 95 74 110 110 2014 7 4 3 14 6 1 2
15 36 33 33.846 -117.81 95 73 110 110 2014 7 4 3 15 6 1 2
15 36 33 33.854 -117.78 95 73 110 110 2014 7 4 3 16 15 1 2
15 36 33 33.861 -117.75 95 72 110 110 2014 7 4 3 17 6 1 2
15 36 33 33.869 -117.72 95 72 110 110 2014 7 4 3 18 6 1 2
15 36 33 33.877 -117.69 95 72 110 110 2014 7 4 3 19 16 1 2
15 36 33 33.885 -117.66 95 72 110 110 2014 7 4 3 20 6 1 2
15 36 33 33.892 -117.63 95 72 110 110 2014 7 4 3 21 6 1 2
15 36 33 33.9 -117.6 95 72 110 110 2014 7 4 3 22 15 1 2
15 36 33 33.908 -117.57 95 72 110 110 2014 7 4 3 23 15 1 2
15 36 33 33.93 -117.55 95 33 110 110 2014 7 4 3 24 16 1 2
15 36 33 33.952 -117.54 95 33 110 110 2014 7 4 3 25 15 1 6
15 36 33 33.974 -117.52 95 33 110 110 2014 7 4 3 26 6 1 6
15 36 33 33.996 -117.5 95 33 110 110 2014 7 4 3 27 6 1 6
15 36 33 34.018 -117.48 95 33 110 110 2014 7 4 3 28 6 1 6
15 36 33 34.04 -117.47 95 33 110 110 2014 7 4 3 29 16 1 6
15 36 33 34.062 -117.45 95 33 110 110 2014 7 4 3 30 7 1 6
15 36 33 34.086 -117.43 95 27 110 110 2014 7 4 3 31 6 1 6
15 36 33 34.109 -117.42 95 27 110 110 2014 7 4 3 32 6 1 6
15 36 33 34.133 -117.4 95 27 110 110 2014 7 4 3 33 6 1 6
15 36 33 34.156 -117.39 95 27 110 110 2014 7 4 3 34 6 1 6
15 36 33 34.179 -117.38 95 27 110 110 2014 7 4 3 35 6 1 6
15 36 33 34.203 -117.36 95 27 110 110 2014 7 4 3 36 6 1 6
15 36 33 33.817 -118.17 88 56 6 110 2014 7 4 3 37 16 1 2
15 36 33 33.8 -118.2 94 25 14 110 2014 7 4 3 38 15 1 2
15 36 33 33.767 -118.22 112 249 20 110 2014 7 4 3 39 16 1 2
15 36 33 33.75 -118.2 115 219 27 110 2014 7 4 3 40 16 1 2
15 36 33 33.769 -118.17 115 53 27 110 2014 7 4 3 41 6 1 2
15 36 33 33.733 -118.18 111 140 34 110 2014 7 4 3 42 6 1 2
15 36 33 33.75 -118.13 120 140 40 110 2014 7 4 3 43 6 1 2
15 36 33 33.783 -118.07 122 64 54 110 2014 7 4 3 44 16 1 2
15 36 33 33.783 -118.07 122 64 54 110 2014 7 4 3 45 15 1 2
15 36 33 33.783 -118.03 101 58 60 110 2014 7 4 3 46 6 1 2
15 36 33 33.817 -117.93 130 76 68 110 2014 7 4 3 47 16 1 2
15 36 33 33.817 -117.9 144 68 70 110 2014 7 4 3 48 15 1 2
15 36 33 33.833 -117.83 166 76 70 110 2014 7 4 3 49 16 1 2
15 36 33 33.85 -117.78 168 66 70 110 2014 7 4 3 50 17 1 2
15 36 33 33.867 -117.73 169 72 69 110 2014 7 4 3 51 6 1 2
15 36 33 33.882 -117.68 169 68 69 110 2014 7 4 3 52 16 1 6
15 36 33 33.9 -117.63 162 72 71 110 2014 7 4 3 53 16 1 6
15 36 33 33.898 -117.61 168 68 72 110 2014 7 4 3 54 16 1 6
15 36 33 33.911 -117.56 168 73 72 110 2014 7 4 3 55 24 1 6
15 36 33 33.95 -117.52 136 66 87 110 2014 7 4 3 56 6 1 6
15 36 33 33.983 -117.5 153 51 91 110 2014 7 4 3 57 6 1 6
15 36 33 34.017 -117.47 174 24 91 110 2014 7 4 3 58 15 1 6
15 36 33 34.038 -117.46 167 39 90 110 2014 7 4 3 59 6 1 6
15 36 33 34.067 -117.45 171 27 91 110 2014 7 4 4 0 6 1 6
15 36 33 34.125 -117.41 154 27 97 110 2014 7 4 4 1 6 1 6
15 36 33 34.159 -117.38 142 26 104 110 2014 7 4 4 2 6 1 6
15 36 33 34.191 -117.36 132 29 109 110 2014 7 4 4 3 16 1 6
15 36 33 34.228 -117.34 141 26 110 110 2014 7 4 4 4 6 1 6
15 36 33 34.269 -117.32 164 25 109 110 2014 7 4 4 5 16 1 6
15 36 33 34.311 -117.29 169 26 109 110 2014 7 4 4 6 6 1 6
15 36 33 34.352 -117.27 167 26 109 110 2014 7 4 4 7 6 1 34
15 36 33 34.395 -117.24 167 26 110 110 2014 7 4 4 8 6 1 34
15 36 33 34.436 -117.22 167 26 110 110 2014 7 4 4 9 6 1 34
15 36 33 34.478 -117.19 167 27 109 110 2014 7 4 4 10 6 1 34
15 36 33 34.529 -117.16 167 26 109 110 2014 7 4 4 11 6 1 34
15 36 33 34.564 -117.13 172 26 109 110 2014 7 4 4 12 15 1 34
15 36 33 34.593 -117.08 169 32 109 110 2014 7 4 4 13 6 1 34
15 36 33 34.624 -117.04 169 44 109 110 2014 7 4 4 14 6 1 34
15 36 33 34.655 -117 169 48 109 110 2014 7 4 4 15 6 1 34
15 36 33 34.686 -116.96 169 47 109 110 2014 7 4 4 16 6 1 22
15 36 33 34.716 -116.92 168 47 109 110 2014 7 4 4 17 6 1 22
15 36 33 34.747 -116.88 168 48 109 110 2014 7 4 4 18 16 1 22
15 36 33 34.783 -116.83 168 48 109 110 2014 7 4 4 19 15 1 22
15 36 33 34.812 -116.78 167 47 109 110 2014 7 4 4 20 15 1 22
15 36 33 34.841 -116.74 167 49 109 110 2014 7 4 4 21 6 1 22
15 36 33 34.872 -116.7 167 50 109 110 2014 7 4 4 22 6 1 22
15 36 33 34.903 -116.66 167 48 109 110 2014 7 4 4 23 6 1 22
15 36 33 34.931 -116.62 162 48 110 110 2014 7 4 4 24 15 1 22
15 36 33 34.961 -116.58 162 48 110 110 2014 7 4 4 25 15 1 22
15 36 33 34.985 -116.54 162 48 110 110 2014 7 4 4 26 15 1 22
15 36 33 34.985 -116.54 162 48 110 110 2014 7 4 4 27 8 1 22
15 36 33 35.003 -116.49 160 52 110 110 2014 7 4 4 28 6 1 22
15 36 33 35.046 -116.39 157 63 110 110 2014 7 4 4 29 6 1 31
15 36 33 35.067 -116.34 157 61 110 110 2014 7 4 4 30 6 1 31
15 36 33 35.067 -116.34 157 62 110 110 2014 7 4 4 31 6 1 31
15 36 33 35.087 -116.29 157 61 110 110 2014 7 4 4 32 6 1 31
15 36 33 35.108 -116.25 157 61 110 110 2014 7 4 4 33 15 1 31
15 36 33 35.128 -116.2 157 61 110 110 2014 7 4 4 34 6 1 31
15 36 33 35.151 -116.15 157 62 110 110 2014 7 4 4 35 6 1 31
15 36 33 35.172 -116.1 159 61 110 110 2014 7 4 4 36 6 1 31
15 36 33 35.199 -116.04 161 61 110 100 2014 7 4 4 37 6 1 31
15 36 33 35.221 -115.99 161 61 110 100 2014 7 4 4 38 16 1 31
15 36 33 35.243 -115.94 164 61 110 100 2014 7 4 4 39 16 1 31
15 36 33 35.269 -115.9 163 62 110 100 2014 7 4 4 40 15 1 31
15 36 33 35.3 -115.85 165 58 110 100 2014 7 4 4 41 6 1 31
15 36 33 35.33 -115.8 175 50 110 100 2014 7 4 4 42 15 1 31
15 36 33 35.359 -115.76 175 78 108 100 2014 7 4 4 43 15 1 31
15 36 33 35.396 -115.7 176 52 104 100 2014 7 4 4 44 16 1 31
15 36 33 35.429 -115.65 184 52 101 100 2014 7 4 4 45 15 1 31
15 36 33 35.461 -115.59 186 47 100 100 2014 7 4 4 46 6 1 31
15 36 33 35.491 -115.55 186 54 100 100 2014 7 4 4 47 16 1 31
15 36 33 35.522 -115.5 182 49 100 100 2014 7 4 4 48 15 1 31
15 36 33 35.556 -115.46 181 45 100 100 2014 7 4 4 49 16 1 31
15 36 33 35.588 -115.42 174 52 97 100 2014 7 4 4 50 16 1 3
15 36 33 35.631 -115.36 179 44 91 100 2014 7 4 4 51 6 1 3
15 36 33 35.666 -115.31 184 46 85 100 2014 7 4 4 52 15 1 3
15 36 33 35.701 -115.26 185 47 80 100 2014 7 4 4 53 15 1 3
15 36 33 35.736 -115.22 185 47 80 100 2014 7 4 4 54 6 1 3
15 36 33 35.771 -115.17 174 48 76 100 2014 7 4 4 55 16 1 3
15 36 33 35.821 -115.16 180 19 71 100 2014 7 4 4 56 15 1 3
15 36 33 35.871 -115.15 182 10 66 100 2014 7 4 4 57 7 1 3
15 36 33 35.927 -115.14 185 6 61 100 2014 7 4 4 58 15 1 3
15 36 33 35.978 -115.13 186 7 56 100 2014 7 4 4 59 15 1 3
15 36 33 36.026 -115.12 183 10 55 100 2014 7 4 5 0 15 1 3
15 36 33 36.074 -115.1 169 15 55 100 2014 7 4 5 1 6 1 3
15 36 33 36.124 -115.1 167 7 46 100 2014 7 4 5 2 16 1 3
15 36 33 36.151 -115.11 166 343 38 100 2014 7 4 5 3 16 1 3
15 36 33 36.133 -115.14 109 218 28 100 2014 7 4 5 4 15 1 3
15 36 33 36.113 -115.15 95 233 25 100 2014 7 4 5 5 6 1 3
15 36 33 36.106 -115.15 102 202 24 100 2014 7 4 5 6 6 1 3
16 36 33 33.818 -118.15 153 0 0 250 2014 7 4 3 2 6 1 2
16 36 33 33.833 -118.22 216 46 23 250 2014 7 4 3 4 16 1 2
16 36 33 33.748 -118.25 238 229 64 250 2014 7 4 3 5 16 1 2
16 36 33 33.683 -118.25 239 229 90 250 2014 7 4 3 6 6 1 2
16 36 33 33.658 -118.17 276 191 104 250 2014 7 4 3 7 6 1 2
16 36 33 33.691 -118.07 338 144 123 250 2014 7 4 3 8 6 1 2
16 36 33 33.778 -118.02 358 70 146 250 2014 7 4 3 9 16 1 18
16 36 33 33.895 -117.94 398 45 160 250 2014 7 4 3 10 6 1 18
16 36 33 33.992 -117.87 413 33 180 250 2014 7 4 3 11 6 1 18
16 36 33 34.086 -117.78 422 30 200 250 2014 7 4 3 12 16 1 21
16 36 33 34.166 -117.67 426 35 216 250 2014 7 4 3 13 16 1 21
16 36 33 34.248 -117.56 434 42 233 250 2014 7 4 3 14 6 1 21
16 36 33 34.328 -117.45 436 47 248 250 2014 7 4 3 15 6 1 43
16 36 33 34.413 -117.34 441 47 250 250 2014 7 4 3 16 15 1 43
16 36 33 34.494 -117.22 443 48 250 250 2014 7 4 3 17 6 1 43
16 36 33 34.592 -117.09 444 48 250 250 2014 7 4 3 18 6 1 43
16 36 33 34.673 -116.98 444 48 250 250 2014 7 4 3 19 16 1 43
16 36 33 34.754 -116.86 445 48 250 250 2014 7 4 3 20 6 1 43
16 36 33 34.835 -116.75 444 48 250 250 2014 7 4 3 21 6 1 43
16 36 33 34.916 -116.64 444 48 250 130 2014 7 4 3 22 15 1 43
16 36 33 34.997 -116.53 441 48 242 130 2014 7 4 3 23 15 1 43
16 36 33 35.089 -116.42 400 48 240 130 2014 7 4 3 24 16 1 43
16 36 33 35.164 -116.32 394 46 228 130 2014 7 4 3 25 15 1 31
16 36 33 35.237 -116.23 383 45 214 130 2014 7 4 3 26 6 1 31
16 36 33 35.311 -116.14 383 45 214 130 2014 7 4 3 27 6 1 31
16 36 33 35.311 -116.14 379 45 200 130 2014 7 4 3 28 6 1 31
16 36 33 35.454 -115.96 372 45 172 130 2014 7 4 3 29 16 1 31
16 36 33 35.454 -115.96 372 45 172 130 2014 7 4 3 30 7 1 31
16 36 33 35.53 -115.86 369 45 158 130 2014 7 4 3 31 6 1 31
16 36 33 35.638 -115.73 353 45 138 130 2014 7 4 3 32 6 1 31
16 36 33 35.703 -115.65 335 46 130 130 2014 7 4 3 33 6 1 31
16 36 33 35.771 -115.58 321 45 130 130 2014 7 4 3 34 6 1 3
16 36 33 35.83 -115.57 321 10 130 130 2014 7 4 3 35 6 1 3
16 36 33 35.939 -115.57 317 3 130 130 2014 7 4 3 36 6 1 3
16 36 33 35.996 -115.49 328 34 123 130 2014 7 4 3 37 16 1 3
16 36 33 36.029 -115.38 317 69 111 130 2014 7 4 3 38 15 1 3
16 36 33 36.025 -115.28 287 87 97 130 2014 7 4 3 39 16 1 3
16 36 33 36.018 -115.18 291 94 77 130 2014 7 4 3 40 16 1 3
16 36 33 36.009 -115.07 286 95 54 130 2014 7 4 3 41 6 1 3
16 36 33 36.023 -115 275 71 47 130 2014 7 4 3 42 6 1 3
16 36 33 36.074 -115.03 165 342 38 130 2014 7 4 3 43 6 1 3
16 36 33 36.073 -115.09 131 266 27 130 2014 7 4 3 44 16 1 3
16 36 33 36.073 -115.12 144 268 22 130 2014 7 4 3 45 15 1 3
17 36 33 33.818 -118.15 153 0 0 250 2014 7 4 16 14 6 1 2
17 36 33 33.831 -118.23 240 321 27 250 2014 7 4 16 16 6 1 2
17 36 33 33.768 -118.25 231 281 62 250 2014 7 4 16 17 15 1 2
17 36 33 33.702 -118.27 236 227 90 250 2014 7 4 16 18 6 1 2
17 36 33 33.656 -118.22 266 195 109 250 2014 7 4 16 19 15 1 2
17 36 33 33.717 -118.14 337 126 119 250 2014 7 4 16 20 6 1 2
17 36 33 33.799 -118.06 377 82 140 250 2014 7 4 16 21 6 1 18
17 36 33 33.899 -117.95 399 43 167 250 2014 7 4 16 22 16 1 18
17 36 33 33.988 -117.87 405 39 185 250 2014 7 4 16 23 6 1 18
17 36 33 34.079 -117.78 414 39 201 250 2014 7 4 16 24 15 1 21
17 36 33 34.16 -117.68 424 40 218 250 2014 7 4 16 25 15 1 21
17 36 33 34.241 -117.57 435 42 231 250 2014 7 4 16 26 15 1 21
17 36 33 34.324 -117.46 444 47 249 250 2014 7 4 16 27 6 1 43
17 36 33 34.409 -117.34 445 48 250 250 2014 7 4 16 28 16 1 43
17 36 33 34.49 -117.23 444 48 250 250 2014 7 4 16 29 6 1 43
17 36 33 34.587 -117.1 444 47 250 250 2014 7 4 16 30 16 1 43
17 36 33 34.669 -116.98 446 47 249 250 2014 7 4 16 31 6 1 43
17 36 33 34.746 -116.88 423 48 241 250 2014 7 4 16 32 16 1 43
17 36 33 34.817 -116.78 399 48 240 250 2014 7 4 16 33 6 1 43
17 36 33 34.89 -116.68 397 47 240 130 2014 7 4 16 34 16 1 43
17 36 33 34.976 -116.56 396 48 240 130 2014 7 4 16 35 15 1 43
17 36 33 35.055 -116.46 396 48 240 130 2014 7 4 16 36 6 1 43
17 36 33 35.131 -116.36 397 46 240 130 2014 7 4 16 37 16 1 43
17 36 33 35.207 -116.27 396 45 229 130 2014 7 4 16 38 6 1 31
17 36 33 35.281 -116.18 380 45 208 130 2014 7 4 16 39 6 1 31
17 36 33 35.352 -116.09 372 45 192 130 2014 7 4 16 40 7 1 31
17 36 33 35.435 -115.98 361 45 176 130 2014 7 4 16 41 15 1 31
17 36 33 35.504 -115.89 358 45 163 130 2014 7 4 16 42 16 1 31
17 36 33 35.579 -115.8 353 44 149 130 2014 7 4 16 43 6 1 31
17 36 33 35.646 -115.71 348 45 136 130 2014 7 4 16 44 16 1 31
17 36 33 35.659 -115.7 343 45 134 130 2014 7 4 16 45 6 1 31
17 36 33 35.765 -115.57 273 48 130 130 2014 7 4 16 46 15 1 3
17 36 33 35.777 -115.57 259 44 131 130 2014 7 4 16 47 6 1 3
17 36 33 35.854 -115.57 273 1 130 130 2014 7 4 16 48 6 1 3
17 36 33 35.922 -115.56 272 2 130 130 2014 7 4 16 49 15 1 3
17 36 33 35.998 -115.56 272 3 130 130 2014 7 4 16 50 6 1 3
17 36 33 36.042 -115.49 263 55 123 130 2014 7 4 16 51 6 1 3
17 36 33 36.033 -115.4 257 96 113 130 2014 7 4 16 52 6 1 3
17 36 33 36.027 -115.31 256 95 103 130 2014 7 4 16 53 15 1 3
17 36 33 36.014 -115.13 250 94 85 130 2014 7 4 16 55 6 1 3
17 36 33 36.012 -114.99 209 93 65 130 2014 7 4 16 57 16 1 3
17 36 33 36.046 -114.95 211 65 52 130 2014 7 4 16 58 16 1 3
17 36 33 36.074 -115.01 182 296 37 130 2014 7 4 16 59 15 1 3
17 36 33 36.073 -115.07 140 270 30 130 2014 7 4 17 0 6 1 3
17 36 33 36.073 -115.11 139 269 23 130 2014 7 4 17 1 6 1 3
18 36 33 33.845 -118.18 170 320 18 250 2014 7 4 19 57 15 1 2
18 36 33 33.821 -118.23 204 317 36 250 2014 7 4 19 58 6 1 2
18 36 33 33.761 -118.25 215 233 65 250 2014 7 4 19 59 15 1 2
18 36 33 33.717 -118.21 235 215 90 250 2014 7 4 20 0 6 1 2
18 36 33 33.701 -118.11 259 168 116 250 2014 7 4 20 1 6 1 2
18 36 33 33.763 -118.04 310 115 131 250 2014 7 4 20 2 6 1 18
18 36 33 33.847 -117.98 355 71 151 250 2014 7 4 20 3 15 1 18
18 36 33 33.937 -117.92 377 35 165 250 2014 7 4 20 4 15 1 18
18 36 33 34.027 -117.83 402 36 183 250 2014 7 4 20 5 16 1 18
18 36 33 34.027 -117.83 402 36 183 250 2014 7 4 20 6 6 1 18
18 36 33 34.21 -117.61 426 38 221 250 2014 7 4 20 7 16 1 21
18 36 33 34.291 -117.5 435 44 235 250 2014 7 4 20 8 16 1 21
18 36 33 34.371 -117.39 435 48 235 250 2014 7 4 20 9 16 1 21
18 36 33 34.373 -117.39 441 48 249 250 2014 7 4 20 10 6 1 43
18 36 33 34.539 -117.16 455 48 250 250 2014 7 4 20 11 15 1 43
18 36 33 34.539 -117.16 455 48 250 250 2014 7 4 20 12 6 1 43
18 36 33 34.611 -117.03 456 48 250 250 2014 7 4 20 13 15 1 43
18 36 33 34.693 -116.92 455 52 250 250 2014 7 4 20 14 16 1 43
18 36 33 34.799 -116.78 456 49 250 250 2014 7 4 20 15 16 1 43
18 36 33 34.887 -116.67 456 47 250 250 2014 7 4 20 16 6 1 43
18 36 33 34.975 -116.56 457 45 250 250 2014 7 4 20 17 6 1 43
18 36 33 35.063 -116.45 457 45 243 250 2014 7 4 20 18 6 1 43
18 36 33 35.147 -116.34 447 45 240 130 2014 7 4 20 19 6 1 43
18 36 33 35.236 -116.23 453 45 215 130 2014 7 4 20 20 16 1 31
18 36 33 35.343 -116.1 455 45 179 130 2014 7 4 20 21 16 1 31
18 36 33 35.427 -115.99 442 45 148 130 2014 7 4 20 22 6 1 31
18 36 33 35.51 -115.89 433 45 130 130 2014 7 4 20 23 6 1 31
18 36 33 35.583 -115.8 371 45 130 130 2014 7 4 20 24 6 1 31
18 36 33 35.662 -115.75 324 32 113 130 2014 7 4 20 25 15 1 31
18 36 33 35.754 -115.69 328 27 110 130 2014 7 4 20 26 15 1 31
18 36 33 35.836 -115.64 329 26 110 130 2014 7 4 20 27 6 1 3
18 36 33 35.925 -115.59 330 26 110 130 2014 7 4 20 28 6 1 3
18 36 33 35.986 -115.52 325 26 110 130 2014 7 4 20 29 15 1 3
18 36 33 36.019 -115.41 315 65 110 130 2014 7 4 20 30 6 1 3
18 36 33 36.027 -115.3 328 72 104 130 2014 7 4 20 31 6 1 3
18 36 33 36.019 -115.2 287 95 90 130 2014 7 4 20 32 6 1 3
18 36 33 36.013 -115.11 256 95 85 130 2014 7 4 20 33 6 1 3
18 36 33 36.008 -115.04 204 93 76 130 2014 7 4 20 34 6 1 3
18 36 33 36.004 -114.97 198 94 61 130 2014 7 4 20 35 6 1 3
18 36 33 36.038 -114.93 200 87 52 130 2014 7 4 20 36 15 1 3
18 36 33 36.073 -114.99 192 346 39 130 2014 7 4 20 37 6 1 3
18 36 33 36.072 -115.01 179 308 38 130 2014 7 4 20 38 6 1 3
18 36 33 36.073 -115.11 165 269 24 130 2014 7 4 20 39 15 1 3
18 36 33 36.073 -115.11 165 269 24 130 2014 7 4 20 40 6 1 3
18 36 33 36.073 -115.15 155 269 21 130 2014 7 4 20 41 6 1 3
19 36 33 33.818 -118.15 153 0 0 250 2014 7 4 19 58 6 1 2
19 36 33 33.828 -118.22 204 286 30 250 2014 7 4 20 1 6 1 2
19 36 33 33.696 -118.23 257 15 83 250 2014 7 4 20 2 6 1 2
19 36 33 33.678 -118.14 294 184 111 250 2014 7 4 20 3 15 1 2
19 36 33 33.747 -118.07 326 155 127 250 2014 7 4 20 4 15 1 2
19 36 33 33.828 -118.01 350 59 151 250 2014 7 4 20 5 16 1 18
19 36 33 33.922 -117.94 393 36 163 250 2014 7 4 20 6 6 1 18
19 36 33 34.046 -117.91 378 31 190 250 2014 7 4 20 7 16 1 21
19 36 33 34.137 -117.88 341 28 205 250 2014 7 4 20 8 16 1 21
19 36 33 34.231 -117.85 347 13 210 250 2014 7 4 20 9 16 1 21
19 36 33 34.285 -117.75 348 14 224 250 2014 7 4 20 10 6 1 21
19 36 33 34.323 -117.64 368 42 230 250 2014 7 4 20 11 15 1 21
19 36 33 34.377 -117.52 409 61 234 250 2014 7 4 20 12 6 1 21
19 36 33 34.452 -117.4 420 60 249 250 2014 7 4 20 13 15 1 43
19 36 33 34.523 -117.29 424 56 250 250 2014 7 4 20 14 16 1 43
19 36 33 34.608 -117.15 425 52 250 250 2014 7 4 20 15 16 1 43
19 36 33 34.68 -117.03 428 52 250 250 2014 7 4 20 16 6 1 43
19 36 33 34.751 -116.92 428 52 250 250 2014 7 4 20 17 6 1 43
19 36 33 34.822 -116.8 429 52 250 250 2014 7 4 20 18 6 1 43
19 36 33 34.893 -116.69 429 53 250 250 2014 7 4 20 19 6 1 43
19 36 33 34.964 -116.57 428 52 250 250 2014 7 4 20 20 16 1 43
19 36 33 35.065 -116.45 431 52 241 130 2014 7 4 20 21 16 1 43
19 36 33 35.148 -116.34 430 48 237 130 2014 7 4 20 22 6 1 31
19 36 33 35.224 -116.25 402 45 225 130 2014 7 4 20 23 6 1 31
19 36 33 35.296 -116.16 377 45 210 130 2014 7 4 20 24 6 1 31
19 36 33 35.367 -116.07 370 45 191 130 2014 7 4 20 25 15 1 31
19 36 33 35.436 -115.98 358 45 173 130 2014 7 4 20 26 15 1 31
19 36 33 35.517 -115.88 357 45 152 130 2014 7 4 20 27 6 1 31
19 36 33 35.583 -115.8 339 46 137 130 2014 7 4 20 28 6 1 31
19 36 33 35.663 -115.73 321 36 124 130 2014 7 4 20 29 15 1 31
19 36 33 35.732 -115.7 309 24 112 130 2014 7 4 20 30 6 1 31
19 36 33 35.828 -115.64 314 21 110 130 2014 7 4 20 31 6 1 3
19 36 33 35.907 -115.6 310 25 110 130 2014 7 4 20 32 6 1 3
19 36 33 35.965 -115.56 298 24 110 130 2014 7 4 20 33 6 1 3
19 36 33 35.996 -115.49 279 30 110 130 2014 7 4 20 34 6 1 3
19 36 33 36.024 -115.4 280 68 110 130 2014 7 4 20 35 6 1 3
19 36 33 36.026 -115.29 284 72 99 130 2014 7 4 20 36 15 1 3
19 36 33 36.017 -115.19 270 95 90 130 2014 7 4 20 37 6 1 3
19 36 33 36.013 -115.11 242 94 83 130 2014 7 4 20 38 6 1 3
19 36 33 36.007 -115.03 190 95 74 130 2014 7 4 20 39 15 1 3
19 36 33 36.007 -114.97 195 93 66 130 2014 7 4 20 40 6 1 3
19 36 33 36.009 -114.94 199 89 61 130 2014 7 4 20 41 6 1 3
19 36 33 36.037 -114.89 207 81 50 130 2014 7 4 20 42 6 1 3
19 36 33 36.073 -114.94 210 336 48 130 2014 7 4 20 43 6 1 3
19 36 33 36.074 -115.02 205 279 37 130 2014 7 4 20 44 6 1 3
19 36 33 36.073 -115.07 163 270 28 130 2014 7 4 20 45 6 1 3
19 36 33 36.073 -115.13 161 268 20 130 2014 7 4 20 46 16 1 3
