1 36 51 33.817 -118.2 102 0 12 40 2014 7 4 1 53 6 1 2
1 36 51 33.817 -118.23 107 279 18 40 2014 7 4 1 54 10 1 2
1 36 51 33.833 -118.27 107 285 23 40 2014 7 4 1 55 15 1 2
1 36 51 33.85 -118.3 109 284 27 40 2014 7 4 1 56 6 1 15
1 36 51 33.867 -118.32 108 314 31 40 2014 7 4 1 57 6 1 15
1 36 51 33.9 -118.35 111 319 36 40 2014 7 4 1 58 16 1 15
1 36 51 33.917 -118.37 117 324 39 40 2014 7 4 1 59 6 1 15
1 36 51 33.933 -118.4 132 316 40 40 2014 7 4 2 0 6 1 15
1 36 51 33.967 -118.42 121 320 40 40 2014 7 4 2 1 6 1 15
1 36 51 34 -118.43 122 325 40 40 2014 7 4 2 2 6 1 15
1 36 51 34.017 -118.47 122 323 40 40 2014 7 4 2 3 6 1 15
1 36 51 34.05 -118.5 127 318 40 40 2014 7 4 2 4 6 1 15
1 36 51 34.067 -118.53 129 306 40 40 2014 7 4 2 5 6 1 15
1 36 51 34.083 -118.57 130 304 40 40 2014 7 4 2 6 6 1 15
1 36 51 34.117 -118.6 131 299 40 40 2014 7 4 2 7 16 1 8
1 36 51 34.133 -118.63 130 300 40 40 2014 7 4 2 8 8 1 8
1 36 51 34.144 -118.68 128 303 40 40 2014 7 4 2 9 6 1 8
1 36 51 34.166 -118.72 128 296 40 40 2014 7 4 2 10 6 1 8
1 36 51 34.178 -118.75 123 300 40 40 2014 7 4 2 11 6 1 8
1 36 51 34.193 -118.79 114 294 40 40 2014 7 4 2 12 6 1 8
1 36 51 34.194 -118.82 109 273 39 40 2014 7 4 2 13 6 1 14
1 36 51 34.196 -118.86 109 274 40 40 2014 7 4 2 14 15 1 14
1 36 51 34.198 -118.9 109 272 37 40 2014 7 4 2 15 6 1 14
1 36 51 34.198 -118.94 109 270 37 40 2014 7 4 2 16 6 1 14
1 36 51 34.196 -118.98 104 266 32 40 2014 7 4 2 17 16 1 14
1 36 51 34.197 -119.01 104 270 30 40 2014 7 4 2 18 15 1 14
1 36 51 34.2 -119.05 104 273 28 40 2014 7 4 2 19 6 1 14
1 36 51 34.197 -119.07 97 275 20 40 2014 7 4 2 20 16 1 14
1 36 51 34.196 -119.1 81 269 16 40 2014 7 4 2 21 6 1 14
1 36 51 34.199 -119.13 77 264 12 40 2014 7 4 2 22 16 1 14
1 36 51 34.199 -119.16 83 272 9 40 2014 7 4 2 23 16 1 14
1 36 51 34.2 -119.18 79 272 5 40 2014 7 4 2 24 16 1 14
1 36 51 34.2 -119.21 82 271 10 40 2014 7 4 2 26 6 1 14
1 36 51 34.189 -119.29 97 261 20 40 2014 7 4 2 28 6 1 14
1 36 51 34.187 -119.35 105 259 31 40 2014 7 4 2 29 6 1 14
1 36 51 34.186 -119.38 107 265 31 40 2014 7 4 2 30 6 1 14
