0 34.565 43.263 29.93 29.278 32.89 30.981 24.784 37.834 28.277 34.969 26.518 29.217
0 0 23.763 32.144 35.901 30.893 24.676 30.893 27.32 42.662 15.363 26.895 20.67
0 0 0 43.263 42.962 43.254 43 42.741 42.583 24.023 24.856 22.599 23.297
0 0 0 0 13.682 27.151 18.913 23.746 30.132 30.478 34.969 30.374 31.413
0 0 0 0 0 26.745 14.494 33.402 29.64 34.278 38.672 34.177 35.189
0 0 0 0 0 0 27.274 28.034 27.274 29.332 34.889 29.235 30.207
0 0 0 0 0 0 0 25.575 25.924 39.832 34.614 25.053 23.928
0 0 0 0 0 0 0 0 22.91 29.332 34.532 29.235 30.207
0 0 0 0 0 0 0 0 0 41.781 33.942 25.61 27.317
0 0 0 0 0 0 0 0 0 0 42.605 23.013 25.397
0 0 0 0 0 0 0 0 0 0 0 26.418 20.338
0 0 0 0 0 0 0 0 0 0 0 0 16.944
0 0 0 0 0 0 0 0 0 0 0 0 0
