0 15.713 22.335 19.392 196.31 203.16 221.69 21.25 200.11 11.198 18.653 15.079 13.157 212.53 11.37 200.91 221.36 199.52 202.13 16.933 20.261 222.92 200.63 209.46 199.75 24.175 11.816 13.918 222.38 60.916 199.95 13.228 25.976 175.45 26.664
0 0 16.534 17.074 196.37 203.38 221.82 16.541 200.16 13.704 18.265 19.327 14.879 212.81 16.528 201 221.43 199.45 202.21 11.538 24.373 223.19 200.83 209.25 199.94 24.046 19.631 20.158 222.31 57.806 200.07 12.709 22.605 175.93 31.141
0 0 0 17.548 196.31 203.76 221.56 16.156 200.03 14.723 18.844 33.162 12.785 212.61 22.435 200.84 220.99 199.63 202.34 11.214 37.759 222.99 200.61 209.45 199.75 28.587 21.906 21.426 221.87 48.383 199.84 10.444 18.981 175.96 38.427
0 0 0 0 196.4 203.47 221.5 14.911 200.15 17.108 15.227 29.824 17.818 212.46 19.503 198.84 221.02 197.2 202.22 23.346 34.313 222.82 198.86 208.86 198.04 25.235 21.361 18.407 222.01 56.702 197.95 17.334 23.589 175.65 32.186
0 0 0 0 0 29.276 29.167 196.27 11.713 194.57 195.04 195.26 195.08 26.707 195.21 26.271 28.428 32.98 29.591 195.3 194.11 30.085 29.147 28.803 24.814 193.4 193.99 196.83 123.51 188.23 29.437 195.94 195.84 22.061 192.55
0 0 0 0 0 0 23.752 203.49 31.983 201.62 201.63 201.9 201.21 13.842 201.58 20.706 18.569 27.572 22.393 201.52 201.55 24.66 13.525 15.731 20.281 201.4 201.57 207.15 117.02 200.51 35.67 203.03 203.77 30.838 201.29
0 0 0 0 0 0 0 221.53 31.699 217.66 219.16 219.08 218.55 22.478 219 34.808 28.225 36.575 28.18 218.89 216.43 14.661 27.41 24.56 34.037 214.98 217.3 216.93 118.1 215 43.647 221.35 221.41 46.878 213.08
0 0 0 0 0 0 0 0 200.05 15.144 14.95 32.065 18.183 212.27 21.348 200.82 221.08 199.6 202.16 23.944 36.544 222.65 200.58 209.01 199.68 27.197 21.803 20.337 222.17 49.325 199.84 15.307 18.183 175.93 38.665
0 0 0 0 0 0 0 0 0 198.08 198.46 199 198.71 30.417 198.69 31.695 32.434 32.27 33.486 198.71 197.44 31.636 32.311 31.956 30.246 196.72 197.6 203.16 123.83 196.85 33.375 199.73 199.65 26.566 195.81
0 0 0 0 0 0 0 0 0 0 17.335 20.787 12.597 209.23 10.815 201.08 217.1 199.76 201.68 13.98 26.173 218.31 200.82 208.29 199.96 24.096 8.5866 10.247 218.25 56.639 200.07 8.6171 21.565 173.27 30.849
0 0 0 0 0 0 0 0 0 0 0 22.235 20.702 209.62 20.76 200.8 218.61 199.42 201.66 26.61 24.396 219.99 200.49 208.82 199.62 17.641 24.37 21.408 219.77 57.763 199.77 17.242 22.598 173.53 31.958
0 0 0 0 0 0 0 0 0 0 0 0 24.203 210.09 13.203 200.64 218.61 199.3 201.95 27.432 10.944 220.01 200.62 208.98 199.79 24.927 13.323 13.828 219.71 69.109 199.74 24.888 36.809 173.69 24.995
0 0 0 0 0 0 0 0 0 0 0 0 0 210.03 14.687 198.62 218.16 197.09 201.32 14.162 27.752 219.6 198.8 208.51 197.98 25.018 12.104 16.035 219.22 54.689 197.89 11.532 23.092 173.23 32.313
0 0 0 0 0 0 0 0 0 0 0 0 0 0 209.96 26.54 21.752 29.27 23.712 209.87 208.19 23.4 21.616 19.623 24.87 206.87 208.68 215.35 121.87 205.76 38.074 212.37 212.39 37.322 205.99
0 0 0 0 0 0 0 0 0 0 0 0 0 0 0 200.75 218.44 199.41 201.64 16.715 19.148 219.86 200.73 208.51 199.89 25.565 9.5685 12.843 219.59 60.929 199.85 13.221 25.428 173.58 28.003
0 0 0 0 0 0 0 0 0 0 0 0 0 0 0 0 32.842 26.098 12.361 198.64 200.71 35.336 15.265 15.104 10.515 198.63 200.71 200.71 122.35 187.22 23.758 198.65 200.62 28.535 200.71
0 0 0 0 0 0 0 0 0 0 0 0 0 0 0 0 0 35.249 27.687 218.38 215.54 29.113 25.525 22.283 32.51 214.19 216.52 215.87 116.01 213.28 43.493 220.99 221.04 46.554 212.24
0 0 0 0 0 0 0 0 0 0 0 0 0 0 0 0 0 0 26.192 197.12 199.52 37.115 24.489 26.666 26.72 197.22 199.38 199.49 118.2 186.2 23.086 197.11 199.31 30.283 199.42
0 0 0 0 0 0 0 0 0 0 0 0 0 0 0 0 0 0 0 201.58 201.56 29.001 21.853 21.18 12.888 201.33 201.45 202.37 117.02 190.35 16.43 201.98 201.73 31.314 201.11
0 0 0 0 0 0 0 0 0 0 0 0 0 0 0 0 0 0 0 0 32.22 219.82 198.82 208.5 198.02 29.342 15.819 15.483 219.5 52.656 197.83 11.879 18.115 173.8 36.18
0 0 0 0 0 0 0 0 0 0 0 0 0 0 0 0 0 0 0 0 0 216.51 200.39 207.78 199.52 24.239 19.77 20.105 216.87 74.369 199.68 29.778 40.306 173.18 23.507
0 0 0 0 0 0 0 0 0 0 0 0 0 0 0 0 0 0 0 0 0 0 28.054 24.441 35.2 215.04 217.65 216.62 119.01 215.84 44.168 222.75 222.77 47.704 212.93
0 0 0 0 0 0 0 0 0 0 0 0 0 0 0 0 0 0 0 0 0 0 0 13.581 14.396 198.89 200.55 200.5 117.45 191.63 33.78 198.78 200.57 30.697 200.51
0 0 0 0 0 0 0 0 0 0 0 0 0 0 0 0 0 0 0 0 0 0 0 0 13.334 207.05 207.71 209.5 117.21 196.09 29.092 208.48 209.03 35.293 206.08
0 0 0 0 0 0 0 0 0 0 0 0 0 0 0 0 0 0 0 0 0 0 0 0 0 198.08 199.71 199.65 122.62 186.2 23.159 197.97 199.74 27.894 199.62
0 0 0 0 0 0 0 0 0 0 0 0 0 0 0 0 0 0 0 0 0 0 0 0 0 0 27.041 24.112 215.52 68.321 197.93 24.222 33.412 173 24.233
0 0 0 0 0 0 0 0 0 0 0 0 0 0 0 0 0 0 0 0 0 0 0 0 0 0 0 14.867 217.79 61.051 199.74 14.146 25.367 173.29 26.195
0 0 0 0 0 0 0 0 0 0 0 0 0 0 0 0 0 0 0 0 0 0 0 0 0 0 0 0 217.28 62.777 199.73 14.443 28.256 179.5 24.481
0 0 0 0 0 0 0 0 0 0 0 0 0 0 0 0 0 0 0 0 0 0 0 0 0 0 0 0 0 214.31 117.05 221.87 222.01 123.89 213.54
0 0 0 0 0 0 0 0 0 0 0 0 0 0 0 0 0 0 0 0 0 0 0 0 0 0 0 0 0 0 186.16 53.857 42.87 175.13 86.808
0 0 0 0 0 0 0 0 0 0 0 0 0 0 0 0 0 0 0 0 0 0 0 0 0 0 0 0 0 0 0 197.82 199.71 31.253 199.76
0 0 0 0 0 0 0 0 0 0 0 0 0 0 0 0 0 0 0 0 0 0 0 0 0 0 0 0 0 0 0 0 19.472 175.59 34.51
0 0 0 0 0 0 0 0 0 0 0 0 0 0 0 0 0 0 0 0 0 0 0 0 0 0 0 0 0 0 0 0 0 175.55 48.17
0 0 0 0 0 0 0 0 0 0 0 0 0 0 0 0 0 0 0 0 0 0 0 0 0 0 0 0 0 0 0 0 0 0 173.02
0 0 0 0 0 0 0 0 0 0 0 0 0 0 0 0 0 0 0 0 0 0 0 0 0 0 0 0 0 0 0 0 0 0 0
