0 25.629 22.384 10.961 32.02 9.8545 23.536 13.549 13.273 12.734 23.67 24.647 32.631 25.723
0 0 19.018 26.295 49.662 23.285 13.421 26.541 24.66 27.082 19.718 12.623 25.192 18.384
0 0 0 22.376 31.819 19.475 19.376 21.451 20.02 13.436 21.67 20.407 32.252 12.581
0 0 0 0 32.424 17.568 24.217 13.425 15.673 13.009 23.548 25.499 32.776 26.594
0 0 0 0 0 37.166 42.07 38.841 44.818 24.251 38.074 50.201 32.947 31.82
0 0 0 0 0 0 21.186 14.406 17.833 14.03 22.394 22.106 34.542 23.563
0 0 0 0 0 0 0 24.494 22.567 17.845 20.687 13.736 32.13 11.788
0 0 0 0 0 0 0 0 13.389 14.619 22.92 25.223 21.391 26.849
0 0 0 0 0 0 0 0 0 21.615 23.055 23.291 21.691 24.311
0 0 0 0 0 0 0 0 0 0 21.511 27.431 25.674 18.33
0 0 0 0 0 0 0 0 0 0 0 14.939 32.756 21.615
0 0 0 0 0 0 0 0 0 0 0 0 24.125 19.67
0 0 0 0 0 0 0 0 0 0 0 0 0 32.364
0 0 0 0 0 0 0 0 0 0 0 0 0 0
