0 21.531 20.689 18.84 19.032 24.134 17.14 17.106 18.696 21.395 18.84 19.828 18.599 26.111 19.552 12.432 19.496 15.374 20.062
0 0 17.844 11.059 13.368 11 21.57 17.303 14.522 24.979 18.481 14.586 20.823 33.914 15.326 17.925 23.432 14.213 21.306
0 0 0 14.494 20.996 26.885 18.606 16.173 12.366 15.726 14.606 14.874 9.2399 25.558 14.434 19.523 20.097 15.494 16.341
0 0 0 0 14.576 16.292 16.133 13.308 9.2009 20.764 13.067 9.2183 15.899 29.319 10.915 13.703 19.138 10.074 16.35
0 0 0 0 0 16.665 25.971 20.769 14.974 27.27 21.562 14.737 25.58 36.041 19.234 22.906 26.104 17.502 25.201
0 0 0 0 0 0 19.598 17.662 18.777 16.59 22.752 20.754 26.196 25.63 21.298 20.638 14.945 19.976 21.522
0 0 0 0 0 0 0 12.184 12.946 18.013 13.675 14.836 18.71 18.128 9.9833 13.557 11.805 12.864 11.173
0 0 0 0 0 0 0 0 9.9097 14.46 12.116 10.982 15.737 21.451 12.436 13.821 12.851 9.9723 10.688
0 0 0 0 0 0 0 0 0 17.553 13.822 7.2312 12.742 27.358 12.406 13.731 15.594 11.562 12.579
0 0 0 0 0 0 0 0 0 0 22.276 21.48 15.213 19.377 22.718 21.539 13.364 20.068 21.965
0 0 0 0 0 0 0 0 0 0 0 13.161 15.369 22.504 11.331 13.92 15.794 13.61 13.768
0 0 0 0 0 0 0 0 0 0 0 0 14.936 28.097 9.6673 17.001 17.249 9.6673 14.168
0 0 0 0 0 0 0 0 0 0 0 0 0 18.425 14.786 16.944 19.249 14.439 15.107
0 0 0 0 0 0 0 0 0 0 0 0 0 0 24.657 20.123 17.087 25.193 18.899
0 0 0 0 0 0 0 0 0 0 0 0 0 0 0 15.28 14.512 10.02 9.2855
0 0 0 0 0 0 0 0 0 0 0 0 0 0 0 0 15.159 12.015 12.978
0 0 0 0 0 0 0 0 0 0 0 0 0 0 0 0 0 15.969 14.771
0 0 0 0 0 0 0 0 0 0 0 0 0 0 0 0 0 0 12.767
0 0 0 0 0 0 0 0 0 0 0 0 0 0 0 0 0 0 0
