1 71 33 33.65 -117.88 140 206 17 290 2014 7 1 21 33 16 1 2
1 71 33 33.65 -117.88 140 206 17 290 2014 7 1 21 34 6 1 2
1 71 33 33.609 -117.89 150 202 31 290 2014 7 1 21 35 16 1 2
1 71 33 33.548 -117.92 216 190 63 290 2014 7 1 21 36 6 1 2
1 71 33 33.566 -117.99 243 196 95 290 2014 7 1 21 37 6 1 2
1 71 33 33.648 -118.01 296 282 109 290 2014 7 1 21 38 16 1 2
1 71 33 33.745 -118.04 354 321 143 290 2014 7 1 21 39 6 1 18
1 71 33 33.839 -118 376 345 175 290 2014 7 1 21 40 6 1 18
1 71 33 33.942 -117.91 385 2 212 290 2014 7 1 21 41 6 1 18
1 71 33 34.034 -117.83 407 31 237 290 2014 7 1 21 42 6 1 18
1 71 33 34.123 -117.73 424 36 266 290 2014 7 1 21 43 15 1 43
1 71 33 34.202 -117.62 429 39 290 290 2014 7 1 21 44 16 1 43
1 71 33 34.281 -117.52 429 45 290 290 2014 7 1 21 45 16 1 43
1 71 33 34.364 -117.41 442 48 290 290 2014 7 1 21 46 12 1 43
1 71 33 34.453 -117.28 457 47 290 290 2014 7 1 21 47 6 1 43
1 71 33 34.537 -117.17 457 47 290 290 2014 7 1 21 48 6 1 43
1 71 33 34.637 -117.03 456 47 290 290 2014 7 1 21 49 16 1 43
1 71 33 34.722 -116.92 456 48 290 290 2014 7 1 21 50 6 1 43
1 71 33 34.806 -116.81 457 48 290 290 2014 7 1 21 51 6 1 43
1 71 33 34.891 -116.69 457 48 290 290 2014 7 1 21 52 6 1 43
1 71 33 34.976 -116.57 458 48 279 290 2014 7 1 21 53 6 1 43
1 71 33 35.078 -116.43 462 48 246 290 2014 7 1 21 54 6 1 43
1 71 33 35.16 -116.33 446 47 240 130 2014 7 1 21 55 15 1 43
1 71 33 35.243 -116.22 428 47 240 130 2014 7 1 21 56 6 1 43
1 71 33 35.322 -116.12 424 45 226 130 2014 7 1 21 57 6 1 31
1 71 33 35.401 -116.02 410 45 202 130 2014 7 1 21 58 16 1 31
1 71 33 35.478 -115.93 398 45 177 130 2014 7 1 21 59 6 1 31
1 71 33 35.556 -115.83 386 43 153 130 2014 7 1 22 0 6 1 31
1 71 33 35.616 -115.76 368 46 135 130 2014 7 1 22 1 10 1 31
1 71 33 35.682 -115.67 333 44 129 130 2014 7 1 22 2 6 1 31
1 71 33 35.735 -115.59 307 46 117 130 2014 7 1 22 3 6 1 3
1 71 33 35.788 -115.5 310 54 104 130 2014 7 1 22 4 6 1 3
1 71 33 35.856 -115.44 293 50 89 130 2014 7 1 22 5 6 1 3
1 71 33 35.923 -115.39 278 30 81 130 2014 7 1 22 6 6 1 3
1 71 33 36.001 -115.33 216 30 62 130 2014 7 1 22 7 6 1 3
1 71 33 36.032 -115.32 211 30 55 130 2014 7 1 22 8 15 1 3
1 71 33 36.074 -115.28 192 20 45 130 2014 7 1 22 9 6 1 3
1 71 33 36.073 -115.22 152 69 32 130 2014 7 1 22 10 6 1 3
1 71 33 36.073 -115.2 159 90 27 130 2014 7 1 22 11 6 1 3
2 71 33 33.633 -117.88 186 0 20 270 2014 7 1 1 16 6 1 2
2 71 33 33.594 -117.89 204 196 43 270 2014 7 1 1 17 6 1 2
2 71 33 33.539 -117.94 262 198 76 270 2014 7 1 1 18 6 1 2
2 71 33 33.578 -118.03 298 205 113 270 2014 7 1 1 19 16 1 2
2 71 33 33.633 -118.11 326 261 140 270 2014 7 1 1 20 6 1 18
2 71 33 33.722 -118.15 362 326 173 270 2014 7 1 1 21 6 1 18
2 71 33 33.801 -118.08 368 324 196 270 2014 7 1 1 22 6 1 18
2 71 33 33.904 -117.97 411 9 213 270 2014 7 1 1 23 6 1 18
2 71 33 33.994 -117.88 428 39 236 270 2014 7 1 1 24 6 1 18
2 71 33 34.084 -117.78 432 41 255 270 2014 7 1 1 25 6 1 43
2 71 33 34.167 -117.67 445 41 270 270 2014 7 1 1 26 6 1 43
2 71 33 34.254 -117.55 467 45 270 270 2014 7 1 1 27 6 1 43
2 71 33 34.343 -117.43 475 48 270 270 2014 7 1 1 28 6 1 43
2 71 33 34.436 -117.3 486 48 270 270 2014 7 1 1 29 6 1 43
2 71 33 34.525 -117.18 486 48 270 270 2014 7 1 1 30 6 1 43
2 71 33 34.631 -117.03 484 48 270 270 2014 7 1 1 31 6 1 43
2 71 33 34.72 -116.91 485 48 270 270 2014 7 1 1 32 6 1 43
2 71 33 34.807 -116.79 482 48 270 270 2014 7 1 1 33 6 1 43
2 71 33 34.895 -116.67 481 48 270 270 2014 7 1 1 34 16 1 43
2 71 33 34.984 -116.55 481 47 270 270 2014 7 1 1 35 6 1 43
2 71 33 34.981 -116.55 478 48 264 270 2014 7 1 1 36 6 1 43
2 71 33 35.166 -116.32 433 46 227 270 2014 7 1 1 37 16 1 31
2 71 33 35.247 -116.22 427 45 212 270 2014 7 1 1 38 6 1 31
2 71 33 35.329 -116.12 427 45 212 270 2014 7 1 1 39 6 1 31
2 71 33 35.326 -116.12 417 45 196 270 2014 7 1 1 40 6 1 31
2 71 33 35.401 -116.02 408 45 182 270 2014 7 1 1 41 6 1 31
2 71 33 35.528 -115.87 374 45 157 270 2014 7 1 1 42 6 1 31
2 71 33 35.625 -115.74 359 47 137 270 2014 7 1 1 43 16 1 31
2 71 33 35.655 -115.7 322 45 131 270 2014 7 1 1 44 15 1 31
2 71 33 35.706 -115.61 295 53 118 270 2014 7 1 1 45 6 1 31
2 71 33 35.761 -115.53 298 51 102 270 2014 7 1 1 46 7 1 3
2 71 33 35.803 -115.46 288 51 90 270 2014 7 1 1 47 7 1 3
2 71 33 35.835 -115.41 286 52 80 270 2014 7 1 1 48 6 1 3
2 71 33 35.906 -115.3 268 52 70 270 2014 7 1 1 49 6 1 3
2 71 33 35.956 -115.26 219 43 70 270 2014 7 1 1 50 6 1 3
2 71 33 36.02 -115.24 211 22 60 270 2014 7 1 1 51 6 1 3
2 71 33 36.08 -115.22 205 16 49 270 2014 7 1 1 52 16 1 3
2 71 33 36.121 -115.21 189 11 42 270 2014 7 1 1 53 6 1 3
2 71 33 36.16 -115.18 177 16 39 270 2014 7 1 1 54 6 1 3
2 71 33 36.136 -115.14 160 101 30 270 2014 7 1 1 55 15 1 3
2 71 33 36.106 -115.15 160 126 23 270 2014 7 1 1 56 7 1 3
4 71 33 33.63 -117.89 157 0 22 290 2014 7 1 0 18 6 1 2
4 71 33 33.585 -117.9 158 204 38 290 2014 7 1 0 19 6 1 2
4 71 33 33.545 -117.92 158 202 38 290 2014 7 1 0 20 6 1 2
4 71 33 33.511 -117.92 229 194 76 290 2014 7 1 0 21 6 1 2
4 71 33 33.614 -118.08 332 242 120 290 2014 7 1 0 22 6 1 2
4 71 33 33.705 -118.07 332 8 120 290 2014 7 1 0 23 6 1 2
4 71 33 33.705 -118.07 363 328 153 290 2014 7 1 0 24 6 1 18
4 71 33 33.909 -117.94 389 12 215 290 2014 7 1 0 25 6 1 18
4 71 33 33.994 -117.86 389 37 215 290 2014 7 1 0 26 6 1 18
4 71 33 34 -117.86 409 31 242 290 2014 7 1 0 27 6 1 43
4 71 33 34.085 -117.77 409 41 242 290 2014 7 1 0 28 6 1 43
4 71 33 34.166 -117.67 413 37 290 290 2014 7 1 0 29 6 1 43
4 71 33 34.244 -117.56 420 44 290 290 2014 7 1 0 30 6 1 43
4 71 33 34.333 -117.44 469 48 290 290 2014 7 1 0 31 6 1 43
4 71 33 34.422 -117.32 471 48 290 290 2014 7 1 0 32 6 1 43
4 71 33 34.508 -117.2 470 48 290 290 2014 7 1 0 33 6 1 43
4 71 33 34.604 -117.07 438 48 290 290 2014 7 1 0 34 6 1 43
4 71 33 34.682 -116.96 430 48 290 290 2014 7 1 0 35 6 1 43
4 71 33 34.76 -116.85 430 48 290 130 2014 7 1 0 36 6 1 43
4 71 33 34.838 -116.75 427 48 290 130 2014 7 1 0 37 15 1 43
4 71 33 34.916 -116.64 427 48 287 130 2014 7 1 0 38 16 1 43
4 71 33 35.011 -116.51 426 48 263 130 2014 7 1 0 39 6 1 43
4 71 33 35.09 -116.42 410 47 240 130 2014 7 1 0 40 6 1 43
4 71 33 35.169 -116.31 410 46 240 130 2014 7 1 0 41 6 1 43
4 71 33 35.251 -116.21 420 45 240 130 2014 7 1 0 42 6 1 43
4 71 33 35.335 -116.11 431 45 224 130 2014 7 1 0 43 6 1 31
4 71 33 35.413 -116.01 417 45 199 130 2014 7 1 0 44 6 1 31
4 71 33 35.506 -115.9 410 45 171 130 2014 7 1 0 45 6 1 31
4 71 33 35.575 -115.8 386 44 148 130 2014 7 1 0 46 6 1 31
4 71 33 35.637 -115.71 363 51 131 130 2014 7 1 0 47 6 1 31
4 71 33 35.69 -115.58 348 63 115 130 2014 7 1 0 48 6 1 3
4 71 33 35.749 -115.51 318 47 102 130 2014 7 1 0 49 6 1 3
4 71 33 35.811 -115.43 306 46 86 130 2014 7 1 0 50 6 1 3
4 71 33 35.87 -115.35 298 47 73 130 2014 7 1 0 51 6 1 3
4 71 33 35.931 -115.3 266 45 70 130 2014 7 1 0 52 6 1 3
4 71 33 35.985 -115.32 205 339 62 130 2014 7 1 0 53 16 1 3
4 71 33 35.985 -115.32 205 339 62 130 2014 7 1 0 54 6 1 3
4 71 33 36.076 -115.28 196 7 40 130 2014 7 1 0 55 6 1 3
4 71 33 36.072 -115.22 156 48 31 130 2014 7 1 0 56 6 1 3
4 71 33 36.072 -115.21 158 94 30 130 2014 7 1 0 57 6 1 3
4 71 33 36.073 -115.16 146 92 22 130 2014 7 1 0 58 6 1 3
5 71 33 33.65 -117.88 170 0 18 350 2014 7 1 3 6 6 1 2
5 71 33 33.599 -117.9 178 195 37 350 2014 7 1 3 7 6 1 2
5 71 33 33.533 -117.92 219 192 57 350 2014 7 1 3 8 6 1 2
5 71 33 33.484 -117.95 226 189 64 350 2014 7 1 3 9 15 1 2
5 71 33 33.495 -118.02 239 205 82 350 2014 7 1 3 10 6 1 2
5 71 33 33.547 -118.09 239 243 106 350 2014 7 1 3 11 6 1 2
5 71 33 33.598 -118.15 251 297 124 350 2014 7 1 3 12 6 1 2
5 71 33 33.662 -118.12 251 23 124 350 2014 7 1 3 13 16 1 2
5 71 33 33.671 -118.13 276 334 134 350 2014 7 1 3 14 6 1 18
5 71 33 33.738 -118.08 281 346 153 350 2014 7 1 3 15 6 1 18
5 71 33 33.803 -118.04 274 21 172 350 2014 7 1 3 16 6 1 18
5 71 33 33.861 -117.98 269 29 189 350 2014 7 1 3 17 6 1 18
5 71 33 33.934 -117.92 274 33 209 350 2014 7 1 3 18 6 1 18
5 71 33 33.997 -117.86 281 37 222 350 2014 7 1 3 19 6 1 18
5 71 33 34.063 -117.8 293 36 235 350 2014 7 1 3 20 6 1 21
5 71 33 34.123 -117.73 304 37 249 350 2014 7 1 3 21 6 1 43
5 71 33 34.178 -117.65 304 41 265 350 2014 7 1 3 22 6 1 43
5 71 33 34.233 -117.58 296 46 278 350 2014 7 1 3 23 6 1 43
5 71 33 34.291 -117.5 309 48 287 350 2014 7 1 3 24 6 1 43
5 71 33 34.364 -117.4 330 48 298 350 2014 7 1 3 25 6 1 43
5 71 33 34.417 -117.33 334 48 306 350 2014 7 1 3 26 6 1 43
5 71 33 34.492 -117.22 344 48 318 350 2014 7 1 3 27 6 1 43
5 71 33 34.557 -117.13 347 48 329 350 2014 7 1 3 28 6 1 43
5 71 33 34.619 -117.05 344 48 340 350 2014 7 1 3 29 6 1 43
5 71 33 34.681 -116.96 339 48 349 350 2014 7 1 3 30 6 1 43
5 71 33 34.744 -116.88 340 48 350 350 2014 7 1 3 31 6 1 43
5 71 33 34.813 -116.78 372 47 345 350 2014 7 1 3 32 6 1 43
5 71 33 34.905 -116.65 421 48 321 350 2014 7 1 3 33 6 1 43
5 71 33 34.984 -116.54 430 48 298 350 2014 7 1 3 34 6 1 43
5 71 33 35.067 -116.45 424 48 277 130 2014 7 1 3 35 6 1 43
5 71 33 35.148 -116.35 420 46 255 130 2014 7 1 3 36 16 1 43
5 71 33 35.224 -116.25 405 44 235 130 2014 7 1 3 37 6 1 31
5 71 33 35.298 -116.15 391 45 214 130 2014 7 1 3 38 6 1 31
5 71 33 35.388 -116.04 389 46 191 130 2014 7 1 3 39 15 1 31
5 71 33 35.457 -115.96 375 44 171 130 2014 7 1 3 40 6 1 31
5 71 33 35.521 -115.87 355 43 155 130 2014 7 1 3 41 6 1 31
5 71 33 35.581 -115.79 337 47 140 130 2014 7 1 3 42 6 1 31
5 71 33 35.641 -115.72 324 45 130 130 2014 7 1 3 43 6 1 31
5 71 33 35.7 -115.64 313 46 130 130 2014 7 1 3 44 6 1 31
5 71 33 35.741 -115.6 307 45 130 130 2014 7 1 3 45 6 1 3
5 71 33 35.826 -115.57 298 34 130 130 2014 7 1 3 46 6 1 3
5 71 33 35.894 -115.51 307 19 130 130 2014 7 1 3 47 6 1 3
5 71 33 35.995 -115.41 301 38 113 130 2014 7 1 3 48 16 1 3
5 71 33 36.025 -115.33 265 43 109 130 2014 7 1 3 49 6 1 3
5 71 33 36.019 -115.24 252 91 92 130 2014 7 1 3 50 6 1 3
5 71 33 36.016 -115.15 254 91 80 130 2014 7 1 3 51 6 1 3
5 71 33 36.013 -115.12 220 92 80 130 2014 7 1 3 52 6 1 3
5 71 33 36.049 -115.08 197 71 68 130 2014 7 1 3 53 6 1 3
5 71 33 36.107 -115.05 200 22 56 130 2014 7 1 3 54 6 1 3
5 71 33 36.136 -115.13 172 306 37 130 2014 7 1 3 55 15 1 3
5 71 33 36.127 -115.14 148 274 34 130 2014 7 1 3 56 6 1 3
5 71 33 36.1 -115.15 137 258 22 130 2014 7 1 3 57 6 1 3
5 71 33 36.131 -115.17 19 205 21 130 2014 7 1 3 58 6 1 3
5 71 33 36.126 -115.17 19 163 21 130 2014 7 1 3 59 6 1 3
6 71 33 33.65 -117.88 152 0 20 250 2014 7 1 4 31 6 1 2
6 71 33 33.651 -117.88 145 206 17 250 2014 7 1 4 32 15 1 2
6 71 33 33.601 -117.9 152 207 37 250 2014 7 1 4 33 6 1 2
6 71 33 33.532 -117.91 235 192 71 250 2014 7 1 4 34 15 1 2
6 71 33 33.503 -117.99 282 190 80 250 2014 7 1 4 35 6 1 2
6 71 33 33.495 -118.09 284 218 88 250 2014 7 1 4 36 6 1 2
6 71 33 33.514 -118.18 306 256 127 250 2014 7 1 4 37 15 1 2
6 71 33 33.604 -118.21 329 262 157 250 2014 7 1 4 38 15 1 18
6 71 33 33.702 -118.2 383 317 170 250 2014 7 1 4 39 6 1 18
6 71 33 33.758 -118.09 379 353 198 250 2014 7 1 4 40 6 1 18
6 71 33 33.856 -117.99 404 31 237 250 2014 7 1 4 41 6 1 18
6 71 33 33.947 -117.91 411 48 250 250 2014 7 1 4 42 6 1 43
6 71 33 34.041 -117.82 417 39 250 250 2014 7 1 4 43 15 1 43
6 71 33 34.124 -117.72 420 36 250 250 2014 7 1 4 44 16 1 43
6 71 33 34.201 -117.62 417 42 250 250 2014 7 1 4 45 16 1 43
6 71 33 34.278 -117.52 417 45 250 250 2014 7 1 4 46 6 1 43
6 71 33 34.356 -117.41 418 48 250 250 2014 7 1 4 47 6 1 43
6 71 33 34.436 -117.3 418 48 250 250 2014 7 1 4 48 16 1 43
6 71 33 34.513 -117.2 418 48 250 250 2014 7 1 4 49 15 1 43
6 71 33 34.59 -117.09 419 48 250 250 2014 7 1 4 50 16 1 43
6 71 33 34.682 -116.97 419 48 250 250 2014 7 1 4 51 6 1 43
6 71 33 34.759 -116.86 423 48 250 250 2014 7 1 4 52 6 1 43
6 71 33 34.841 -116.74 444 48 250 250 2014 7 1 4 53 6 1 43
6 71 33 34.922 -116.63 446 48 250 250 2014 7 1 4 54 16 1 43
6 71 33 35.006 -116.52 446 48 250 250 2014 7 1 4 55 15 1 43
6 71 33 35.094 -116.41 446 48 244 130 2014 7 1 4 56 6 1 43
6 71 33 35.179 -116.31 446 46 240 130 2014 7 1 4 57 16 1 43
6 71 33 35.263 -116.2 436 45 240 130 2014 7 1 4 58 6 1 43
6 71 33 35.363 -116.07 437 45 229 130 2014 7 1 4 59 6 1 31
6 71 33 35.446 -115.97 432 45 199 130 2014 7 1 5 0 6 1 31
6 71 33 35.516 -115.88 414 46 171 130 2014 7 1 5 1 15 1 31
6 71 33 35.606 -115.76 392 44 139 130 2014 7 1 5 2 15 1 31
6 71 33 35.672 -115.68 349 45 130 130 2014 7 1 5 3 16 1 31
6 71 33 35.731 -115.61 315 45 130 130 2014 7 1 5 4 15 1 3
6 71 33 35.806 -115.57 308 35 130 130 2014 7 1 5 5 15 1 3
6 71 33 35.865 -115.57 301 22 130 130 2014 7 1 5 6 6 1 3
6 71 33 35.973 -115.54 301 2 130 130 2014 7 1 5 7 6 1 3
6 71 33 35.999 -115.48 300 13 123 130 2014 7 1 5 8 6 1 3
6 71 33 36.029 -115.35 297 67 110 130 2014 7 1 5 9 15 1 3
6 71 33 36.022 -115.25 280 92 98 130 2014 7 1 5 10 15 1 3
6 71 33 36.017 -115.16 277 95 86 130 2014 7 1 5 11 6 1 3
6 71 33 36.011 -115.09 240 94 79 130 2014 7 1 5 12 6 1 3
6 71 33 36.007 -115.02 213 95 71 130 2014 7 1 5 13 6 1 3
6 71 33 36.023 -114.94 208 89 59 130 2014 7 1 5 14 15 1 3
6 71 33 36.073 -114.96 181 359 45 130 2014 7 1 5 15 15 1 3
6 71 33 36.073 -114.96 181 359 45 130 2014 7 1 5 16 6 1 3
6 71 33 36.074 -115.01 152 277 38 130 2014 7 1 5 17 6 1 3
6 71 33 36.073 -115.09 113 269 27 130 2014 7 1 5 18 15 1 3
6 71 33 36.072 -115.13 118 268 20 130 2014 7 1 5 19 15 1 3
6 71 33 36.072 -115.13 118 268 20 130 2014 7 1 5 20 6 1 3
8 71 33 33.667 -117.88 151 0 13 290 2014 7 1 14 17 16 1 2
8 71 33 33.617 -117.9 154 234 26 290 2014 7 1 14 18 6 1 2
8 71 33 33.527 -117.94 235 180 78 290 2014 7 1 14 19 15 1 2
8 71 33 33.533 -117.95 252 221 80 290 2014 7 1 14 20 6 1 2
8 71 33 33.521 -118.03 259 291 81 290 2014 7 1 14 21 6 1 2
8 71 33 33.531 -118.13 291 264 95 290 2014 7 1 14 22 6 1 2
8 71 33 33.585 -118.19 313 269 132 290 2014 7 1 14 23 6 1 18
8 71 33 33.684 -118.12 361 295 161 290 2014 7 1 14 24 6 1 18
8 71 33 33.774 -118.06 377 0 196 290 2014 7 1 14 25 6 1 18
8 71 33 33.863 -117.98 392 29 227 290 2014 7 1 14 26 6 1 18
8 71 33 33.954 -117.9 410 33 230 290 2014 7 1 14 27 6 1 18
8 71 33 34.045 -117.82 411 36 234 290 2014 7 1 14 28 6 1 18
8 71 33 34.143 -117.7 413 36 273 290 2014 7 1 14 29 6 1 43
8 71 33 34.219 -117.6 413 43 290 290 2014 7 1 14 30 16 1 43
8 71 33 34.296 -117.49 413 46 290 290 2014 7 1 14 31 6 1 43
8 71 33 34.372 -117.39 413 48 290 290 2014 7 1 14 32 16 1 43
8 71 33 34.451 -117.28 413 48 290 290 2014 7 1 14 33 15 1 43
8 71 33 34.526 -117.18 413 48 290 290 2014 7 1 14 34 6 1 43
8 71 33 34.602 -117.07 413 48 290 240 2014 7 1 14 35 6 1 43
8 71 33 34.678 -116.97 413 48 290 240 2014 7 1 14 36 6 1 43
8 71 33 34.768 -116.84 413 48 290 240 2014 7 1 14 37 6 1 43
8 71 33 34.843 -116.74 413 48 290 240 2014 7 1 14 38 6 1 43
8 71 33 34.919 -116.63 413 49 290 240 2014 7 1 14 39 18 1 43
8 71 33 34.998 -116.53 414 47 268 240 2014 7 1 14 40 15 1 43
8 71 33 35.077 -116.43 414 47 245 240 2014 7 1 14 41 10 1 43
8 71 33 35.17 -116.32 408 46 240 240 2014 7 1 14 42 6 1 43
8 71 33 35.244 -116.22 390 45 240 240 2014 7 1 14 43 6 1 43
8 71 33 35.318 -116.13 390 45 227 240 2014 7 1 14 44 6 1 31
8 71 33 35.394 -116.03 390 45 227 240 2014 7 1 14 45 6 1 31
8 71 33 35.391 -116.04 379 45 207 240 2014 7 1 14 46 6 1 31
8 71 33 35.521 -115.88 366 44 172 240 2014 7 1 14 47 6 1 31
8 71 33 35.587 -115.8 345 50 153 240 2014 7 1 14 48 6 1 31
8 71 33 35.652 -115.71 332 45 134 240 2014 7 1 14 49 6 1 31
8 71 33 35.723 -115.62 319 46 130 240 2014 7 1 14 50 15 1 3
8 71 33 35.739 -115.6 321 46 130 240 2014 7 1 14 51 7 1 3
8 71 33 35.88 -115.57 322 13 130 240 2014 7 1 14 52 15 1 3
8 71 33 35.967 -115.55 323 2 130 240 2014 7 1 14 53 16 1 3
8 71 33 36.008 -115.45 305 32 117 240 2014 7 1 14 54 6 1 3
8 71 33 36.02 -115.41 302 63 112 240 2014 7 1 14 55 6 1 3
8 71 33 36.026 -115.31 287 78 106 240 2014 7 1 14 56 9 1 3
8 71 33 36.016 -115.17 266 94 87 240 2014 7 1 14 57 15 1 3
8 71 33 36.014 -115.12 264 96 83 240 2014 7 1 14 58 6 1 3
8 71 33 36.01 -115.03 168 94 68 240 2014 7 1 14 59 6 1 3
8 71 33 36.046 -114.99 167 63 49 240 2014 7 1 15 0 6 1 3
8 71 33 36.074 -115.03 166 348 35 240 2014 7 1 15 1 6 1 3
8 71 33 36.074 -115.06 153 311 31 240 2014 7 1 15 2 16 1 3
8 71 33 36.073 -115.11 145 268 23 240 2014 7 1 15 3 6 1 3
9 71 33 33.648 -117.89 162 234 230 230 2014 7 1 19 33 6 1 18
9 71 33 33.594 -117.9 197 207 50 230 2014 7 1 19 34 16 1 2
9 71 33 33.554 -117.96 261 194 56 230 2014 7 1 19 35 6 1 2
9 71 33 33.57 -118.04 252 212 70 230 2014 7 1 19 36 6 1 2
9 71 33 33.599 -118.12 277 258 90 230 2014 7 1 19 37 16 1 2
9 71 33 33.683 -118.14 290 288 117 230 2014 7 1 19 38 16 1 2
9 71 33 33.75 -118.08 292 347 136 230 2014 7 1 19 39 16 1 18
9 71 33 33.82 -118.02 313 11 155 230 2014 7 1 19 40 16 1 18
9 71 33 33.82 -118.02 313 11 155 230 2014 7 1 19 41 6 1 18
9 71 33 33.893 -117.96 320 35 174 230 2014 7 1 19 42 6 1 18
9 71 33 33.967 -117.89 331 36 193 230 2014 7 1 19 43 16 1 18
9 71 33 34.056 -117.81 332 36 216 230 2014 7 1 19 44 6 1 21
9 71 33 34.125 -117.73 342 37 230 230 2014 7 1 19 45 6 1 21
9 71 33 34.196 -117.63 380 40 230 230 2014 7 1 19 46 6 1 21
9 71 33 34.27 -117.53 401 46 230 230 2014 7 1 19 47 7 1 21
9 71 33 34.344 -117.43 401 48 230 230 2014 7 1 19 48 15 1 21
9 71 33 34.422 -117.32 403 48 230 230 2014 7 1 19 49 16 1 21
9 71 33 34.494 -117.22 396 48 230 230 2014 7 1 19 50 6 1 21
9 71 33 34.584 -117.1 402 48 230 230 2014 7 1 19 51 6 1 22
9 71 33 34.656 -117 402 48 230 230 2014 7 1 19 52 6 1 22
9 71 33 34.729 -116.9 401 48 230 230 2014 7 1 19 53 6 1 22
9 71 33 34.802 -116.8 401 48 230 230 2014 7 1 19 54 16 1 22
9 71 33 34.875 -116.7 401 48 230 230 2014 7 1 19 55 6 1 22
9 71 33 34.947 -116.59 401 48 230 230 2014 7 1 19 56 6 1 22
9 71 33 35.039 -116.48 400 48 230 230 2014 7 1 19 57 6 1 22
9 71 33 35.116 -116.38 400 47 230 230 2014 7 1 19 58 15 1 31
9 71 33 35.192 -116.29 398 45 222 230 2014 7 1 19 59 6 1 31
9 71 33 35.264 -116.2 382 45 210 230 2014 7 1 20 0 6 1 31
9 71 33 35.337 -116.11 377 46 196 230 2014 7 1 20 1 6 1 31
9 71 33 35.407 -116.02 369 45 182 230 2014 7 1 20 2 16 1 31
9 71 33 35.489 -115.91 365 46 165 230 2014 7 1 20 3 15 1 31
9 71 33 35.566 -115.82 359 39 151 230 2014 7 1 20 4 16 1 31
9 71 33 35.631 -115.73 340 46 139 230 2014 7 1 20 5 16 1 31
9 71 33 35.669 -115.66 282 47 130 230 2014 7 1 20 6 6 1 31
9 71 33 35.693 -115.57 266 69 120 230 2014 7 1 20 7 6 1 3
9 71 33 35.727 -115.49 268 71 111 230 2014 7 1 20 8 6 1 3
9 71 33 35.763 -115.47 270 63 104 230 2014 7 1 20 9 6 1 3
9 71 33 35.855 -115.4 252 30 82 230 2014 7 1 20 10 6 1 3
9 71 33 35.914 -115.36 249 30 67 230 2014 7 1 20 11 6 1 3
9 71 33 35.943 -115.34 243 29 61 230 2014 7 1 20 12 6 1 3
9 71 33 35.996 -115.3 228 30 49 230 2014 7 1 20 13 6 1 3
9 71 33 36.033 -115.23 228 54 49 230 2014 7 1 20 14 16 1 3
9 71 33 36.074 -115.21 158 36 31 230 2014 7 1 20 15 6 1 3
9 71 33 36.073 -115.17 157 43 25 230 2014 7 1 20 16 6 1 3
10 71 33 33.633 -117.9 205 211 21 230 2014 7 1 20 1 6 1 2
10 71 33 33.567 -117.92 234 196 48 230 2014 7 1 20 2 16 1 2
10 71 33 33.55 -117.97 219 216 75 230 2014 7 1 20 3 15 1 2
10 71 33 33.567 -118.05 247 285 92 230 2014 7 1 20 4 16 1 2
10 71 33 33.615 -118.08 256 283 112 230 2014 7 1 20 5 16 1 2
10 71 33 33.685 -118.07 258 331 133 230 2014 7 1 20 6 6 1 18
10 71 33 33.756 -118.06 258 353 153 230 2014 7 1 20 7 6 1 18
10 71 33 33.822 -118.02 273 5 167 230 2014 7 1 20 8 6 1 18
10 71 33 33.9 -117.95 286 16 187 230 2014 7 1 20 9 6 1 18
10 71 33 33.968 -117.89 299 33 202 230 2014 7 1 20 10 6 1 18
10 71 33 34.036 -117.83 300 36 217 230 2014 7 1 20 11 6 1 18
10 71 33 34.101 -117.76 303 36 230 230 2014 7 1 20 12 6 1 21
10 71 33 34.153 -117.68 303 51 230 230 2014 7 1 20 13 6 1 21
10 71 33 34.21 -117.61 303 47 230 230 2014 7 1 20 14 16 1 21
10 71 33 34.266 -117.53 303 47 230 230 2014 7 1 20 15 6 1 21
10 71 33 34.394 -117.36 389 46 230 230 2014 7 1 20 16 6 1 21
10 71 33 34.466 -117.26 389 48 230 230 2014 7 1 20 17 6 1 21
10 71 33 34.468 -117.26 394 48 230 230 2014 7 1 20 18 6 1 21
10 71 33 34.54 -117.16 394 48 230 230 2014 7 1 20 19 16 1 21
10 71 33 34.613 -117.06 395 48 230 230 2014 7 1 20 20 6 1 22
10 71 33 34.685 -116.96 396 48 230 230 2014 7 1 20 21 6 1 22
10 71 33 34.757 -116.86 396 48 230 230 2014 7 1 20 22 6 1 22
10 71 33 34.844 -116.74 396 48 230 230 2014 7 1 20 23 16 1 22
10 71 33 34.917 -116.64 396 48 230 230 2014 7 1 20 24 6 1 22
10 71 33 34.99 -116.54 396 48 230 230 2014 7 1 20 25 6 1 22
10 71 33 35.067 -116.45 395 47 230 230 2014 7 1 20 26 10 1 31
10 71 33 35.142 -116.35 394 46 230 230 2014 7 1 20 27 6 1 31
10 71 33 35.233 -116.24 392 45 224 230 2014 7 1 20 28 6 1 31
10 71 33 35.306 -116.15 383 45 209 230 2014 7 1 20 29 6 1 31
10 71 33 35.379 -116.05 382 45 194 230 2014 7 1 20 30 6 1 31
10 71 33 35.46 -115.95 375 46 176 230 2014 7 1 20 31 6 1 31
10 71 33 35.532 -115.86 369 44 161 230 2014 7 1 20 32 6 1 31
10 71 33 35.631 -115.74 312 47 136 230 2014 7 1 20 33 16 1 31
10 71 33 35.683 -115.67 301 45 126 230 2014 7 1 20 34 16 1 31
10 71 33 35.723 -115.57 306 57 111 230 2014 7 1 20 35 6 1 3
10 71 33 35.781 -115.5 309 57 98 230 2014 7 1 20 36 6 1 3
10 71 33 35.833 -115.46 298 46 88 230 2014 7 1 20 37 6 1 3
10 71 33 35.932 -115.39 295 30 77 230 2014 7 1 20 38 16 1 3
10 71 33 36.001 -115.35 290 26 68 230 2014 7 1 20 39 16 1 3
10 71 33 36.068 -115.32 246 17 54 230 2014 7 1 20 40 16 1 3
10 71 33 36.073 -115.26 215 21 42 230 2014 7 1 20 41 6 1 3
10 71 33 36.073 -115.21 155 85 29 230 2014 7 1 20 42 6 1 3
10 71 33 36.074 -115.16 135 89 22 230 2014 7 1 20 43 15 1 3
11 71 33 33.65 -117.88 160 0 13 250 2014 7 1 20 12 6 1 2
11 71 33 33.6 -117.9 225 206 40 250 2014 7 1 20 13 6 1 2
11 71 33 33.541 -117.92 225 199 40 250 2014 7 1 20 14 16 1 2
11 71 33 33.547 -117.99 253 199 86 250 2014 7 1 20 15 6 1 2
11 71 33 33.598 -118.08 266 220 109 250 2014 7 1 20 16 6 1 2
11 71 33 33.667 -118.1 285 269 129 250 2014 7 1 20 17 6 1 2
11 71 33 33.743 -118.07 290 321 151 250 2014 7 1 20 18 6 1 18
11 71 33 33.816 -118.02 305 7 174 250 2014 7 1 20 19 16 1 18
11 71 33 33.884 -117.96 305 36 174 250 2014 7 1 20 20 6 1 18
11 71 33 33.884 -117.96 303 28 198 250 2014 7 1 20 21 6 1 18
11 71 33 34.041 -117.82 331 36 240 250 2014 7 1 20 22 6 1 43
11 71 33 34.114 -117.74 349 37 250 250 2014 7 1 20 23 16 1 43
11 71 33 34.186 -117.64 385 39 250 250 2014 7 1 20 24 6 1 43
11 71 33 34.272 -117.56 385 35 250 250 2014 7 1 20 25 6 1 43
11 71 33 34.266 -117.53 419 42 250 250 2014 7 1 20 26 10 1 43
11 71 33 34.349 -117.42 439 48 250 250 2014 7 1 20 27 6 1 43
11 71 33 34.436 -117.3 449 47 250 250 2014 7 1 20 28 6 1 43
11 71 33 34.52 -117.19 457 48 250 250 2014 7 1 20 29 6 1 43
11 71 33 34.621 -117.05 457 48 250 250 2014 7 1 20 30 6 1 43
11 71 33 34.705 -116.94 456 47 250 250 2014 7 1 20 31 6 1 43
11 71 33 34.79 -116.82 456 48 250 250 2014 7 1 20 32 6 1 43
11 71 33 34.874 -116.71 456 47 250 250 2014 7 1 20 33 16 1 43
11 71 33 34.96 -116.59 457 47 242 250 2014 7 1 20 34 16 1 43
11 71 33 35.066 -116.45 468 47 240 250 2014 7 1 20 35 6 1 43
11 71 33 35.151 -116.34 458 47 231 250 2014 7 1 20 36 6 1 31
11 71 33 35.231 -116.23 430 46 215 250 2014 7 1 20 37 6 1 31
11 71 33 35.314 -116.13 421 46 199 250 2014 7 1 20 38 16 1 31
11 71 33 35.394 -116.03 417 45 184 250 2014 7 1 20 39 16 1 31
11 71 33 35.488 -115.91 414 45 166 250 2014 7 1 20 40 16 1 31
11 71 33 35.591 -115.79 366 45 147 250 2014 7 1 20 41 6 1 31
11 71 33 35.627 -115.74 357 47 140 250 2014 7 1 20 42 6 1 31
11 71 33 35.699 -115.59 307 60 115 250 2014 7 1 20 43 15 1 3
11 71 33 35.736 -115.5 305 61 101 250 2014 7 1 20 44 6 1 3
11 71 33 35.758 -115.45 296 61 92 250 2014 7 1 20 45 6 1 3
11 71 33 35.82 -115.4 265 58 80 250 2014 7 1 20 46 6 1 3
11 71 33 35.893 -115.36 280 22 78 250 2014 7 1 20 47 6 1 3
11 71 33 35.973 -115.32 286 21 71 250 2014 7 1 20 48 6 1 3
11 71 33 36.048 -115.29 239 19 61 250 2014 7 1 20 49 16 1 3
11 71 33 36.099 -115.27 229 19 59 250 2014 7 1 20 50 15 1 3
11 71 33 36.155 -115.22 229 25 52 250 2014 7 1 20 51 6 1 3
11 71 33 36.167 -115.16 179 43 38 250 2014 7 1 20 52 6 1 3
11 71 33 36.13 -115.14 154 110 30 250 2014 7 1 20 53 16 1 3
11 71 33 36.099 -115.16 139 188 23 250 2014 7 1 20 54 6 1 3
12 71 33 33.651 -117.88 132 0 290 290 2014 7 1 22 0 6 1 51
12 71 33 33.616 -117.89 144 196 29 290 2014 7 1 22 1 10 1 2
12 71 33 33.553 -117.91 182 191 56 290 2014 7 1 22 2 6 1 2
12 71 33 33.521 -117.99 265 231 86 290 2014 7 1 22 3 6 1 2
12 71 33 33.565 -118.08 305 220 100 290 2014 7 1 22 4 6 1 2
12 71 33 33.644 -118.14 343 274 109 290 2014 7 1 22 5 6 1 2
12 71 33 33.734 -118.15 358 314 137 290 2014 7 1 22 6 6 1 18
12 71 33 33.789 -118.05 366 340 170 290 2014 7 1 22 7 6 1 18
12 71 33 33.891 -117.96 389 27 211 290 2014 7 1 22 8 15 1 18
12 71 33 33.982 -117.87 405 42 238 290 2014 7 1 22 9 6 1 18
12 71 33 34.075 -117.79 419 37 271 290 2014 7 1 22 10 6 1 43
12 71 33 34.155 -117.68 426 37 290 290 2014 7 1 22 11 6 1 43
12 71 33 34.239 -117.57 446 42 290 290 2014 7 1 22 12 16 1 43
12 71 33 34.325 -117.45 453 47 290 290 2014 7 1 22 13 16 1 43
12 71 33 34.412 -117.33 457 47 290 290 2014 7 1 22 14 16 1 43
12 71 33 34.497 -117.22 459 48 290 290 2014 7 1 22 15 16 1 43
12 71 33 34.497 -117.22 459 48 290 290 2014 7 1 22 16 6 1 43
12 71 33 34.598 -117.08 461 48 290 290 2014 7 1 22 17 6 1 43
12 71 33 34.683 -116.96 462 48 290 290 2014 7 1 22 18 6 1 43
12 71 33 34.853 -116.73 464 48 290 290 2014 7 1 22 19 6 1 43
12 71 33 34.939 -116.61 464 48 290 130 2014 7 1 22 20 6 1 43
12 71 33 34.938 -116.61 464 48 286 130 2014 7 1 22 21 6 1 43
12 71 33 35.025 -116.5 462 48 261 130 2014 7 1 22 22 15 1 43
12 71 33 35.126 -116.37 443 47 240 130 2014 7 1 22 23 6 1 43
12 71 33 35.286 -116.17 415 45 239 130 2014 7 1 22 24 16 1 31
12 71 33 35.286 -116.17 415 45 239 130 2014 7 1 22 25 6 1 31
12 71 33 35.365 -116.07 413 45 217 130 2014 7 1 22 26 6 1 31
12 71 33 35.44 -115.97 392 45 194 130 2014 7 1 22 27 6 1 31
12 71 33 35.521 -115.87 379 44 168 130 2014 7 1 22 28 6 1 31
12 71 33 35.608 -115.77 359 48 142 130 2014 7 1 22 29 6 1 31
12 71 33 35.682 -115.67 322 46 124 130 2014 7 1 22 30 6 1 31
12 71 33 35.734 -115.58 293 52 108 130 2014 7 1 22 31 6 1 3
12 71 33 35.789 -115.5 301 51 89 130 2014 7 1 22 32 15 1 3
12 71 33 35.83 -115.43 285 52 82 130 2014 7 1 22 33 16 1 3
12 71 33 35.866 -115.37 261 51 77 130 2014 7 1 22 34 16 1 3
12 71 33 35.906 -115.31 203 52 77 130 2014 7 1 22 35 17 1 3
12 71 33 35.962 -115.31 182 1 67 130 2014 7 1 22 36 13 1 3
12 71 33 36.005 -115.33 192 346 58 130 2014 7 1 22 37 16 1 3
12 71 33 36.06 -115.3 197 20 45 130 2014 7 1 22 38 6 1 3
12 71 33 36.073 -115.25 177 75 36 130 2014 7 1 22 39 6 1 3
12 71 33 36.073 -115.2 144 89 27 130 2014 7 1 22 40 16 1 3
12 71 33 36.073 -115.15 141 89 21 130 2014 7 1 22 41 6 1 3
13 71 33 33.657 -117.88 134 0 14 290 2014 7 1 22 53 6 1 2
13 71 33 33.618 -117.89 148 206 28 290 2014 7 1 22 54 16 1 2
13 71 33 33.568 -117.91 173 200 48 290 2014 7 1 22 55 16 1 2
13 71 33 33.564 -117.99 237 194 85 290 2014 7 1 22 56 6 1 2
13 71 33 33.628 -118.01 237 346 85 290 2014 7 1 22 57 6 1 2
13 71 33 33.699 -118.1 347 287 137 290 2014 7 1 22 58 16 1 18
13 71 33 33.788 -118.05 347 22 137 290 2014 7 1 22 59 16 1 18
13 71 33 33.792 -118.04 374 346 165 290 2014 7 1 23 0 6 1 18
13 71 33 33.879 -117.97 389 6 198 290 2014 7 1 23 1 6 1 18
13 71 33 33.987 -117.87 402 30 229 290 2014 7 1 23 2 6 1 18
13 71 33 34.083 -117.78 426 36 256 290 2014 7 1 23 3 6 1 43
13 71 33 34.165 -117.67 447 37 280 290 2014 7 1 23 4 15 1 43
13 71 33 34.247 -117.56 447 42 290 290 2014 7 1 23 5 6 1 43
13 71 33 34.328 -117.45 443 48 290 290 2014 7 1 23 6 6 1 43
13 71 33 34.412 -117.33 439 47 290 290 2014 7 1 23 7 6 1 43
13 71 33 34.493 -117.22 439 48 290 290 2014 7 1 23 8 15 1 43
13 71 33 34.572 -117.11 439 48 290 290 2014 7 1 23 9 6 1 43
13 71 33 34.669 -116.98 439 48 290 290 2014 7 1 23 10 15 1 43
13 71 33 34.749 -116.87 439 48 290 290 2014 7 1 23 11 6 1 43
13 71 33 34.829 -116.76 439 48 290 130 2014 7 1 23 12 6 1 43
13 71 33 34.911 -116.65 439 48 289 130 2014 7 1 23 13 6 1 43
13 71 33 34.992 -116.54 440 48 268 130 2014 7 1 23 14 16 1 43
13 71 33 35.092 -116.41 431 48 243 130 2014 7 1 23 15 6 1 43
13 71 33 35.17 -116.32 413 46 227 130 2014 7 1 23 16 7 1 31
13 71 33 35.247 -116.22 407 45 212 130 2014 7 1 23 17 6 1 31
13 71 33 35.32 -116.13 388 45 198 130 2014 7 1 23 18 6 1 31
13 71 33 35.392 -116.03 381 45 184 130 2014 7 1 23 19 6 1 31
13 71 33 35.491 -115.91 368 45 165 130 2014 7 1 23 20 15 1 31
13 71 33 35.567 -115.82 366 46 151 130 2014 7 1 23 21 6 1 31
13 71 33 35.615 -115.75 358 43 141 130 2014 7 1 23 22 16 1 31
13 71 33 35.677 -115.67 340 44 130 130 2014 7 1 23 23 6 1 31
13 71 33 35.694 -115.65 310 45 125 130 2014 7 1 23 24 6 1 31
13 71 33 35.691 -115.48 309 91 100 130 2014 7 1 23 25 6 1 3
13 71 33 35.774 -115.43 304 80 84 130 2014 7 1 23 26 6 1 3
13 71 33 35.785 -115.43 287 24 81 130 2014 7 1 23 27 6 1 3
13 71 33 35.927 -115.37 282 21 62 130 2014 7 1 23 28 6 1 3
13 71 33 35.999 -115.33 230 20 52 130 2014 7 1 23 29 6 1 3
13 71 33 36.046 -115.31 198 21 46 130 2014 7 1 23 30 15 1 3
13 71 33 36.072 -115.27 161 19 40 130 2014 7 1 23 31 7 1 3
13 71 33 36.072 -115.27 146 47 40 130 2014 7 1 23 32 6 1 3
13 71 33 36.072 -115.22 147 88 31 130 2014 7 1 23 33 6 1 3
13 71 33 36.073 -115.17 151 89 23 130 2014 7 1 23 34 6 1 3
14 71 33 33.65 -117.88 158 0 19 290 2014 7 2 17 34 16 1 2
14 71 33 33.581 -117.9 160 199 41 290 2014 7 2 17 35 16 1 2
14 71 33 33.54 -117.96 237 195 67 290 2014 7 2 17 36 6 1 2
14 71 33 33.602 -117.98 237 341 67 290 2014 7 2 17 37 6 1 2
14 71 33 33.535 -118.05 270 287 81 290 2014 7 2 17 38 6 1 2
14 71 33 33.683 -118.11 316 287 115 290 2014 7 2 17 39 6 1 2
14 71 33 33.774 -118.06 354 342 146 290 2014 7 2 17 40 6 1 18
14 71 33 33.869 -118.03 354 15 146 290 2014 7 2 17 41 7 1 18
14 71 33 33.858 -117.99 376 16 174 290 2014 7 2 17 42 6 1 18
14 71 33 33.944 -117.91 386 29 203 290 2014 7 2 17 43 6 1 18
14 71 33 34.033 -117.83 399 35 229 290 2014 7 2 17 44 6 1 18
14 71 33 34.136 -117.71 420 37 244 290 2014 7 2 17 45 6 1 43
14 71 33 34.218 -117.6 436 42 269 290 2014 7 2 17 46 6 1 43
14 71 33 34.298 -117.49 437 45 290 290 2014 7 2 17 47 9 1 43
14 71 33 34.383 -117.38 452 48 290 290 2014 7 2 17 48 6 1 43
14 71 33 34.473 -117.25 469 48 290 290 2014 7 2 17 49 6 1 43
14 71 33 34.56 -117.13 469 48 290 290 2014 7 2 17 50 6 1 43
14 71 33 34.645 -117.01 469 48 290 290 2014 7 2 17 51 6 1 43
14 71 33 34.748 -116.87 469 48 290 290 2014 7 2 17 52 6 1 43
14 71 33 34.833 -116.75 469 46 290 290 2014 7 2 17 53 16 1 43
14 71 33 34.919 -116.64 468 48 288 290 2014 7 2 17 54 6 1 43
14 71 33 35.002 -116.52 456 48 266 130 2014 7 2 17 55 6 1 43
14 71 33 35.087 -116.42 442 48 242 130 2014 7 2 17 56 6 1 43
14 71 33 35.184 -116.3 426 46 240 130 2014 7 2 17 57 6 1 43
14 71 33 35.266 -116.2 423 45 236 130 2014 7 2 17 58 6 1 31
14 71 33 35.344 -116.09 413 45 214 130 2014 7 2 17 59 6 1 31
14 71 33 35.421 -116 399 45 193 130 2014 7 2 18 0 6 1 31
14 71 33 35.491 -115.91 394 45 172 130 2014 7 2 18 1 7 1 31
14 71 33 35.578 -115.8 375 42 148 130 2014 7 2 18 2 16 1 31
14 71 33 35.647 -115.71 365 46 131 130 2014 7 2 18 3 6 1 31
14 71 33 35.701 -115.62 328 52 120 130 2014 7 2 18 4 6 1 31
14 71 33 35.774 -115.55 314 44 104 130 2014 7 2 18 5 16 1 3
14 71 33 35.844 -115.48 302 38 89 130 2014 7 2 18 6 16 1 3
14 71 33 35.894 -115.44 286 37 77 130 2014 7 2 18 7 6 1 3
14 71 33 35.951 -115.38 262 37 69 130 2014 7 2 18 8 6 1 3
14 71 33 36.03 -115.32 258 35 52 130 2014 7 2 18 9 6 1 3
14 71 33 36.064 -115.29 217 31 46 130 2014 7 2 18 10 6 1 3
14 71 33 36.073 -115.23 157 41 34 130 2014 7 2 18 11 11 1 3
14 71 33 36.073 -115.18 148 89 25 130 2014 7 2 18 12 6 1 3
14 71 33 36.073 -115.16 156 89 21 130 2014 7 2 18 13 16 1 3
15 71 33 33.65 -117.88 150 207 19 290 2014 7 2 22 4 6 1 2
15 71 33 33.604 -117.9 147 206 32 290 2014 7 2 22 5 6 1 2
15 71 33 33.544 -117.91 199 190 50 290 2014 7 2 22 6 6 1 2
15 71 33 33.502 -118.01 258 192 81 290 2014 7 2 22 7 6 1 2
15 71 33 33.551 -118.08 290 252 80 290 2014 7 2 22 8 6 1 2
15 71 33 33.623 -118.12 295 273 97 290 2014 7 2 22 9 6 1 2
15 71 33 33.714 -118.09 327 323 125 290 2014 7 2 22 10 6 1 2
15 71 33 33.816 -118.03 362 355 163 290 2014 7 2 22 11 6 1 18
15 71 33 33.9 -117.95 379 21 185 290 2014 7 2 22 12 6 1 18
15 71 33 33.985 -117.87 379 36 185 290 2014 7 2 22 13 6 1 18
15 71 33 33.994 -117.86 414 33 212 290 2014 7 2 22 14 6 1 18
15 71 33 34.175 -117.66 454 37 250 290 2014 7 2 22 15 6 1 43
15 71 33 34.255 -117.54 454 50 250 290 2014 7 2 22 16 6 1 43
15 71 33 34.259 -117.54 459 45 258 290 2014 7 2 22 17 6 1 43
15 71 33 34.357 -117.41 447 48 274 290 2014 7 2 22 18 16 1 43
15 71 33 34.443 -117.29 446 48 290 270 2014 7 2 22 19 16 1 43
15 71 33 34.526 -117.18 448 48 284 270 2014 7 2 22 20 6 1 43
15 71 33 34.608 -117.06 449 48 274 270 2014 7 2 22 21 6 1 43
15 71 33 34.691 -116.95 449 48 270 270 2014 7 2 22 22 6 1 43
15 71 33 34.771 -116.84 446 48 270 270 2014 7 2 22 23 6 1 43
15 71 33 34.87 -116.7 447 48 270 270 2014 7 2 22 24 16 1 43
15 71 33 34.953 -116.59 451 48 270 270 2014 7 2 22 25 6 1 43
15 71 33 35.04 -116.48 452 48 261 130 2014 7 2 22 26 6 1 43
15 71 33 35.122 -116.38 433 46 240 130 2014 7 2 22 27 6 1 43
15 71 33 35.202 -116.27 424 45 233 130 2014 7 2 22 28 6 1 31
15 71 33 35.298 -116.15 418 45 222 130 2014 7 2 22 29 6 1 31
15 71 33 35.377 -116.05 408 45 204 130 2014 7 2 22 30 6 1 31
15 71 33 35.449 -115.96 393 45 185 130 2014 7 2 22 31 6 1 31
15 71 33 35.535 -115.86 382 46 159 130 2014 7 2 22 32 16 1 31
15 71 33 35.604 -115.77 364 44 140 130 2014 7 2 22 33 6 1 31
15 71 33 35.669 -115.68 351 47 128 130 2014 7 2 22 34 6 1 31
15 71 33 35.737 -115.58 319 53 112 130 2014 7 2 22 35 16 1 3
15 71 33 35.785 -115.5 320 51 100 130 2014 7 2 22 36 6 1 3
15 71 33 35.834 -115.42 289 51 94 130 2014 7 2 22 37 6 1 3
15 71 33 35.89 -115.34 270 51 85 130 2014 7 2 22 38 6 1 3
15 71 33 35.942 -115.3 262 38 76 130 2014 7 2 22 39 16 1 3
15 71 33 36.002 -115.33 218 338 67 130 2014 7 2 22 40 6 1 3
15 71 33 36.054 -115.31 194 17 56 130 2014 7 2 22 41 6 1 3
15 71 33 36.065 -115.24 194 78 56 130 2014 7 2 22 42 6 1 3
15 71 33 36.074 -115.21 156 60 29 130 2014 7 2 22 43 6 1 3
15 71 33 36.073 -115.2 153 89 28 130 2014 7 2 22 44 16 1 3
15 71 33 36.073 -115.16 155 89 21 130 2014 7 2 22 45 6 1 3
16 71 33 33.647 -117.89 146 206 19 290 2014 7 2 4 40 15 1 2
16 71 33 33.606 -117.9 149 208 32 290 2014 7 2 4 41 15 1 2
16 71 33 33.548 -117.91 209 193 63 290 2014 7 2 4 42 15 1 2
16 71 33 33.538 -117.98 244 189 84 290 2014 7 2 4 43 15 1 2
16 71 33 33.598 -118.05 304 227 114 290 2014 7 2 4 44 15 1 2
16 71 33 33.694 -118.05 347 293 152 290 2014 7 2 4 45 15 1 18
16 71 33 33.79 -118.06 347 357 152 290 2014 7 2 4 46 7 1 18
16 71 33 33.898 -117.95 391 3 228 290 2014 7 2 4 47 16 1 18
16 71 33 33.989 -117.87 405 22 266 290 2014 7 2 4 48 15 1 43
16 71 33 34.077 -117.79 400 36 290 290 2014 7 2 4 49 15 1 43
16 71 33 34.151 -117.69 398 40 290 290 2014 7 2 4 50 15 1 43
16 71 33 34.224 -117.59 398 42 290 290 2014 7 2 4 51 15 1 43
16 71 33 34.297 -117.49 398 48 290 290 2014 7 2 4 52 15 1 43
16 71 33 34.371 -117.39 398 48 290 290 2014 7 2 4 53 15 1 43
16 71 33 34.37 -117.39 398 48 290 290 2014 7 2 4 54 15 1 43
16 71 33 34.446 -117.29 397 48 290 290 2014 7 2 4 55 7 1 43
16 71 33 34.606 -117.07 398 48 290 290 2014 7 2 4 56 15 1 43
16 71 33 34.679 -116.97 398 48 290 290 2014 7 2 4 57 15 1 43
16 71 33 34.753 -116.87 398 48 290 290 2014 7 2 4 58 15 1 43
16 71 33 34.826 -116.76 400 48 290 290 2014 7 2 4 59 16 1 43
16 71 33 34.826 -116.76 400 48 290 290 2014 7 2 5 0 15 1 43
16 71 33 34.9 -116.66 400 48 290 290 2014 7 2 5 1 15 1 43
16 71 33 34.973 -116.56 400 48 282 290 2014 7 2 5 2 15 1 43
16 71 33 35.052 -116.46 401 48 254 130 2014 7 2 5 3 6 1 43
16 71 33 35.132 -116.36 408 47 239 130 2014 7 2 5 4 15 1 31
16 71 33 35.224 -116.25 405 45 224 130 2014 7 2 5 5 15 1 31
16 71 33 35.305 -116.15 411 45 213 130 2014 7 2 5 6 6 1 31
16 71 33 35.385 -116.04 413 45 205 130 2014 7 2 5 7 15 1 31
16 71 33 35.475 -115.93 411 45 182 130 2014 7 2 5 8 15 1 31
16 71 33 35.534 -115.85 396 43 164 130 2014 7 2 5 9 15 1 31
16 71 33 35.619 -115.75 355 47 136 130 2014 7 2 5 10 15 1 31
16 71 33 35.688 -115.67 341 46 130 130 2014 7 2 5 11 15 1 31
16 71 33 35.756 -115.59 345 44 130 130 2014 7 2 5 12 15 1 3
16 71 33 35.858 -115.57 352 5 130 130 2014 7 2 5 13 15 1 3
16 71 33 35.962 -115.55 350 6 130 130 2014 7 2 5 14 15 1 3
16 71 33 36.006 -115.45 332 57 115 130 2014 7 2 5 15 15 1 3
16 71 33 36.029 -115.35 299 72 110 130 2014 7 2 5 16 15 1 3
16 71 33 36.022 -115.26 275 94 97 130 2014 7 2 5 17 15 1 3
16 71 33 36.015 -115.15 280 93 85 130 2014 7 2 5 18 15 1 3
16 71 33 36.009 -115.06 262 95 77 130 2014 7 2 5 19 15 1 3
16 71 33 36.017 -114.98 253 91 57 130 2014 7 2 5 20 15 1 3
16 71 33 36.071 -114.98 198 18 49 130 2014 7 2 5 21 6 1 3
16 71 33 36.074 -115.03 140 271 37 130 2014 7 2 5 22 15 1 3
16 71 33 36.074 -115.07 144 268 28 130 2014 7 2 5 23 15 1 3
16 71 33 36.073 -115.13 143 270 21 130 2014 7 2 5 24 6 1 3
19 71 33 33.633 -117.9 146 0 23 290 2014 7 2 20 2 16 1 2
19 71 33 33.583 -117.9 170 204 36 290 2014 7 2 20 3 6 1 2
19 71 33 33.55 -117.93 262 182 59 290 2014 7 2 20 4 6 1 2
19 71 33 33.539 -117.98 236 219 73 290 2014 7 2 20 5 6 1 2
19 71 33 33.534 -118.09 276 248 103 290 2014 7 2 20 6 6 1 2
19 71 33 33.613 -118.12 334 295 135 290 2014 7 2 20 7 6 1 18
19 71 33 33.705 -118.09 350 301 155 290 2014 7 2 20 8 16 1 18
19 71 33 33.8 -118.04 378 2 183 290 2014 7 2 20 9 6 1 18
19 71 33 33.906 -117.94 394 20 214 290 2014 7 2 20 10 6 1 18
19 71 33 33.999 -117.86 416 32 238 290 2014 7 2 20 11 6 1 18
19 71 33 34.085 -117.77 416 41 238 290 2014 7 2 20 12 6 1 21
19 71 33 34.096 -117.77 440 38 260 290 2014 7 2 20 13 6 1 43
19 71 33 34.178 -117.65 448 37 289 290 2014 7 2 20 14 6 1 43
19 71 33 34.259 -117.54 443 45 290 290 2014 7 2 20 15 6 1 43
19 71 33 34.358 -117.41 445 48 290 290 2014 7 2 20 16 6 1 43
19 71 33 34.428 -117.31 448 48 290 290 2014 7 2 20 17 6 1 43
19 71 33 34.527 -117.18 449 48 290 290 2014 7 2 20 18 6 1 43
19 71 33 34.611 -117.06 456 48 290 290 2014 7 2 20 19 6 1 43
19 71 33 34.69 -116.95 431 48 290 290 2014 7 2 20 20 16 1 43
19 71 33 34.764 -116.85 412 48 290 290 2014 7 2 20 21 6 1 43
19 71 33 34.838 -116.75 409 48 290 290 2014 7 2 20 22 6 1 43
19 71 33 34.928 -116.62 408 48 280 290 2014 7 2 20 23 6 1 43
19 71 33 35.079 -116.43 397 47 245 290 2014 7 2 20 24 16 1 43
19 71 33 35.163 -116.32 417 46 240 130 2014 7 2 20 25 16 1 43
19 71 33 35.163 -116.32 417 46 240 130 2014 7 2 20 26 6 1 43
19 71 33 35.245 -116.22 421 45 239 130 2014 7 2 20 27 6 1 31
19 71 33 35.339 -116.1 411 45 214 130 2014 7 2 20 28 6 1 31
19 71 33 35.459 -115.95 398 45 182 130 2014 7 2 20 29 16 1 31
19 71 33 35.54 -115.86 380 46 159 130 2014 7 2 20 30 6 1 31
19 71 33 35.609 -115.76 359 45 140 130 2014 7 2 20 31 12 1 31
19 71 33 35.681 -115.68 343 46 127 130 2014 7 2 20 32 6 1 31
19 71 33 35.699 -115.63 331 45 122 130 2014 7 2 20 33 6 1 31
19 71 33 35.721 -115.47 261 80 115 130 2014 7 2 20 34 15 1 3
19 71 33 35.739 -115.45 275 82 109 130 2014 7 2 20 35 6 1 3
19 71 33 35.821 -115.37 270 38 93 130 2014 7 2 20 36 6 1 3
19 71 33 35.882 -115.32 262 35 83 130 2014 7 2 20 37 6 1 3
19 71 33 35.94 -115.28 247 35 78 130 2014 7 2 20 38 15 1 3
19 71 33 35.988 -115.31 184 345 69 130 2014 7 2 20 39 6 1 3
19 71 33 36.032 -115.33 169 323 53 130 2014 7 2 20 40 6 1 3
19 71 33 36.068 -115.28 175 35 43 130 2014 7 2 20 41 6 1 3
19 71 33 36.073 -115.24 164 50 37 130 2014 7 2 20 42 6 1 3
19 71 33 36.073 -115.17 149 89 24 130 2014 7 2 20 43 6 1 3
19 71 33 36.074 -115.13 153 91 21 130 2014 7 2 20 44 6 1 3
20 71 33 33.647 -117.89 150 0 14 210 2014 7 2 3 16 16 1 2
20 71 33 33.6 -117.91 185 204 27 210 2014 7 2 3 17 15 1 2
20 71 33 33.567 -117.92 235 203 33 210 2014 7 2 3 18 15 1 2
20 71 33 33.546 -118.04 271 211 70 210 2014 7 2 3 19 15 1 2
20 71 33 33.546 -118.04 271 211 70 210 2014 7 2 3 20 6 1 2
20 71 33 33.61 -118.23 298 278 114 210 2014 7 2 3 21 15 1 2
20 71 33 33.686 -118.21 309 292 132 210 2014 7 2 3 22 15 1 18
20 71 33 33.686 -118.21 309 292 132 210 2014 7 2 3 23 6 1 18
20 71 33 33.743 -118.12 336 332 148 210 2014 7 2 3 24 6 1 18
20 71 33 33.801 -118.03 344 41 179 210 2014 7 2 3 25 6 1 18
20 71 33 33.875 -117.97 329 51 202 210 2014 7 2 3 26 15 1 18
20 71 33 33.954 -117.9 350 43 210 210 2014 7 2 3 27 6 1 18
20 71 33 34.066 -117.8 419 36 210 210 2014 7 2 3 28 15 1 21
20 71 33 34.146 -117.7 419 37 210 210 2014 7 2 3 29 15 1 21
20 71 33 34.222 -117.59 418 41 210 210 2014 7 2 3 30 16 1 21
20 71 33 34.297 -117.49 409 47 210 210 2014 7 2 3 31 16 1 21
20 71 33 34.372 -117.39 409 48 210 210 2014 7 2 3 32 15 1 21
20 71 33 34.449 -117.28 408 48 210 210 2014 7 2 3 33 6 1 21
20 71 33 34.525 -117.18 408 48 210 210 2014 7 2 3 34 16 1 21
20 71 33 34.6 -117.08 409 48 210 210 2014 7 2 3 35 6 1 22
20 71 33 34.693 -116.95 414 48 210 210 2014 7 2 3 36 6 1 22
20 71 33 34.769 -116.84 417 48 210 210 2014 7 2 3 37 15 1 22
20 71 33 34.846 -116.74 417 48 210 210 2014 7 2 3 38 16 1 22
20 71 33 34.923 -116.63 420 48 210 210 2014 7 2 3 39 15 1 22
20 71 33 35.001 -116.53 420 48 210 210 2014 7 2 3 40 15 1 22
20 71 33 35.085 -116.42 421 48 210 130 2014 7 2 3 41 15 1 31
20 71 33 35.181 -116.3 421 46 210 130 2014 7 2 3 42 6 1 31
20 71 33 35.263 -116.2 421 45 210 130 2014 7 2 3 43 16 1 31
20 71 33 35.343 -116.1 420 45 207 130 2014 7 2 3 44 15 1 31
20 71 33 35.423 -116 417 46 187 130 2014 7 2 3 45 15 1 31
20 71 33 35.497 -115.9 399 47 164 130 2014 7 2 3 46 15 1 31
20 71 33 35.571 -115.81 383 42 142 130 2014 7 2 3 47 16 1 31
20 71 33 35.641 -115.72 365 45 131 130 2014 7 2 3 48 15 1 31
20 71 33 35.712 -115.63 323 47 130 130 2014 7 2 3 49 6 1 31
20 71 33 35.783 -115.57 320 45 131 130 2014 7 2 3 50 15 1 3
20 71 33 35.873 -115.57 322 18 131 130 2014 7 2 3 51 6 1 3
20 71 33 35.908 -115.57 324 1 131 130 2014 7 2 3 52 6 1 3
20 71 33 36.007 -115.46 314 26 113 130 2014 7 2 3 53 15 1 3
20 71 33 36.031 -115.36 283 68 109 130 2014 7 2 3 54 15 1 3
20 71 33 36.023 -115.26 283 79 96 130 2014 7 2 3 55 15 1 3
20 71 33 36.017 -115.17 270 97 85 130 2014 7 2 3 56 15 1 3
20 71 33 36.01 -115.07 248 92 80 130 2014 7 2 3 57 15 1 3
20 71 33 36.01 -115.05 208 95 81 130 2014 7 2 3 58 15 1 3
20 71 33 36.06 -115.02 218 53 69 130 2014 7 2 3 59 16 1 3
20 71 33 36.117 -115.02 211 5 56 130 2014 7 2 4 0 6 1 3
20 71 33 36.153 -115.06 189 327 48 130 2014 7 2 4 1 6 1 3
20 71 33 36.151 -115.12 154 277 32 130 2014 7 2 4 2 16 1 3
20 71 33 36.119 -115.15 123 217 25 130 2014 7 2 4 3 15 1 3
20 71 33 36.097 -115.16 128 208 21 130 2014 7 2 4 4 15 1 3
21 71 33 33.65 -117.88 140 0 15 290 2014 7 2 15 42 6 1 2
21 71 33 33.613 -117.9 140 198 15 290 2014 7 2 15 43 6 1 2
21 71 33 33.607 -117.89 150 201 33 290 2014 7 2 15 44 8 1 2
21 71 33 33.541 -117.94 244 198 64 290 2014 7 2 15 45 6 1 2
21 71 33 33.509 -118.02 277 202 78 290 2014 7 2 15 46 6 1 2
21 71 33 33.504 -118.12 293 258 99 290 2014 7 2 15 47 6 1 2
21 71 33 33.575 -118.17 320 256 100 290 2014 7 2 15 48 6 1 2
21 71 33 33.662 -118.12 346 329 119 290 2014 7 2 15 49 6 1 2
21 71 33 33.773 -118.08 359 359 149 290 2014 7 2 15 50 15 1 18
21 71 33 33.857 -118.03 356 34 180 290 2014 7 2 15 51 6 1 18
21 71 33 33.941 -117.94 399 22 198 290 2014 7 2 15 52 6 1 18
21 71 33 34.018 -117.84 399 45 198 290 2014 7 2 15 53 6 1 18
21 71 33 34.122 -117.73 446 41 210 290 2014 7 2 15 54 6 1 21
21 71 33 34.219 -117.6 446 57 210 290 2014 7 2 15 55 6 1 21
21 71 33 34.301 -117.49 447 46 217 290 2014 7 2 15 56 6 1 21
21 71 33 34.391 -117.36 459 48 230 250 2014 7 2 15 57 6 1 21
21 71 33 34.476 -117.25 459 48 230 250 2014 7 2 15 58 6 1 21
21 71 33 34.566 -117.12 485 48 250 250 2014 7 2 15 59 6 1 43
21 71 33 34.656 -117 485 48 250 250 2014 7 2 16 0 6 1 43
21 71 33 34.659 -117 505 48 250 250 2014 7 2 16 1 6 1 43
21 71 33 34.752 -116.87 505 48 250 250 2014 7 2 16 2 6 1 43
21 71 33 34.861 -116.71 505 48 250 250 2014 7 2 16 3 6 1 43
21 71 33 35.051 -116.46 505 48 250 250 2014 7 2 16 4 16 1 43
21 71 33 35.051 -116.46 505 48 250 250 2014 7 2 16 5 6 1 43
21 71 33 35.147 -116.34 502 46 240 130 2014 7 2 16 6 6 1 43
21 71 33 35.237 -116.23 473 45 240 130 2014 7 2 16 7 6 1 43
21 71 33 35.346 -116.09 470 45 229 130 2014 7 2 16 8 6 1 31
21 71 33 35.483 -115.92 460 46 175 130 2014 7 2 16 9 6 1 31
21 71 33 35.558 -115.83 442 45 147 130 2014 7 2 16 10 6 1 31
21 71 33 35.633 -115.74 378 46 134 130 2014 7 2 16 11 6 1 31
21 71 33 35.691 -115.64 335 46 119 130 2014 7 2 16 12 6 1 31
21 71 33 35.726 -115.52 314 69 105 130 2014 7 2 16 13 6 1 3
21 71 33 35.746 -115.45 276 71 100 130 2014 7 2 16 14 19 1 3
21 71 33 35.769 -115.37 265 70 90 130 2014 7 2 16 15 16 1 3
21 71 33 35.843 -115.33 265 24 80 130 2014 7 2 16 16 6 1 3
21 71 33 35.899 -115.3 239 21 77 130 2014 7 2 16 17 6 1 3
21 71 33 35.964 -115.31 210 354 66 130 2014 7 2 16 18 6 1 3
21 71 33 36.003 -115.26 210 48 66 130 2014 7 2 16 19 6 1 3
21 71 33 36.071 -115.29 175 21 42 130 2014 7 2 16 20 9 1 3
21 71 33 36.073 -115.24 158 83 35 130 2014 7 2 16 21 6 1 3
21 71 33 36.073 -115.19 149 89 27 130 2014 7 2 16 22 16 1 3
21 71 33 36.073 -115.15 147 89 20 130 2014 7 2 16 23 16 1 3
22 71 33 33.649 -117.88 150 0 18 290 2014 7 2 14 17 16 1 2
22 71 33 33.609 -117.9 147 207 33 290 2014 7 2 14 18 16 1 2
22 71 33 33.55 -117.91 199 199 56 290 2014 7 2 14 19 7 1 2
22 71 33 33.531 -117.99 277 190 83 290 2014 7 2 14 20 16 1 2
22 71 33 33.561 -118.09 312 224 109 290 2014 7 2 14 21 6 1 2
22 71 33 33.671 -118.11 365 304 146 290 2014 7 2 14 22 16 1 18
22 71 33 33.764 -118.06 366 324 172 290 2014 7 2 14 23 15 1 18
22 71 33 33.853 -117.99 387 5 203 290 2014 7 2 14 24 15 1 18
22 71 33 33.942 -117.91 397 31 231 290 2014 7 2 14 25 16 1 18
22 71 33 34.036 -117.82 421 35 253 290 2014 7 2 14 26 6 1 43
22 71 33 34.145 -117.7 461 36 279 290 2014 7 2 14 27 6 1 43
22 71 33 34.23 -117.58 461 47 279 290 2014 7 2 14 28 6 1 43
22 71 33 34.229 -117.58 460 43 290 290 2014 7 2 14 29 6 1 43
22 71 33 34.404 -117.35 460 47 290 290 2014 7 2 14 30 16 1 43
22 71 33 34.488 -117.23 461 47 290 290 2014 7 2 14 31 6 1 43
22 71 33 34.573 -117.11 462 48 290 290 2014 7 2 14 32 16 1 43
22 71 33 34.659 -117 462 48 290 290 2014 7 2 14 33 16 1 43
22 71 33 34.76 -116.86 462 48 290 290 2014 7 2 14 34 16 1 43
22 71 33 34.76 -116.86 462 48 290 290 2014 7 2 14 35 6 1 43
22 71 33 34.844 -116.74 463 48 290 290 2014 7 2 14 36 6 1 43
22 71 33 35.015 -116.51 459 48 263 290 2014 7 2 14 37 16 1 43
22 71 33 35.015 -116.51 459 48 263 290 2014 7 2 14 38 6 1 43
22 71 33 35.098 -116.4 441 46 240 130 2014 7 2 14 39 6 1 43
22 71 33 35.191 -116.29 397 46 240 130 2014 7 2 14 40 6 1 43
22 71 33 35.264 -116.2 385 45 232 130 2014 7 2 14 41 6 1 31
22 71 33 35.332 -116.11 368 45 215 130 2014 7 2 14 42 6 1 31
22 71 33 35.402 -116.02 360 46 199 130 2014 7 2 14 43 6 1 31
22 71 33 35.495 -115.91 338 45 175 130 2014 7 2 14 44 6 1 31
22 71 33 35.546 -115.84 342 44 162 130 2014 7 2 14 45 6 1 31
22 71 33 35.64 -115.73 324 44 138 130 2014 7 2 14 46 11 1 31
22 71 33 35.671 -115.68 327 45 130 130 2014 7 2 14 47 6 1 31
22 71 33 35.737 -115.6 323 46 130 130 2014 7 2 14 48 6 1 3
22 71 33 35.828 -115.57 327 40 130 130 2014 7 2 14 49 6 1 3
22 71 33 35.917 -115.56 324 3 130 130 2014 7 2 14 50 6 1 3
22 71 33 35.992 -115.51 324 5 116 130 2014 7 2 14 51 6 1 3
22 71 33 36.061 -115.43 315 41 106 130 2014 7 2 14 52 16 1 3
22 71 33 36.123 -115.36 304 44 98 130 2014 7 2 14 53 6 1 3
22 71 33 36.186 -115.29 290 43 75 130 2014 7 2 14 54 7 1 3
22 71 33 36.213 -115.21 260 48 59 130 2014 7 2 14 55 16 1 38
22 71 33 36.207 -115.17 226 67 54 130 2014 7 2 14 56 6 1 38
22 71 33 36.165 -115.11 148 115 36 130 2014 7 2 14 57 16 1 3
22 71 33 36.13 -115.13 142 195 27 130 2014 7 2 14 58 6 1 3
22 71 33 36.122 -115.14 138 204 25 130 2014 7 2 14 59 6 1 3
22 71 33 36.098 -115.15 141 202 21 130 2014 7 2 15 0 6 1 3
25 71 33 33.676 -117.87 124 0 0 250 2014 7 2 22 18 16 1 2
25 71 33 33.635 -117.89 201 0 33 250 2014 7 2 22 19 16 1 2
25 71 33 33.569 -117.91 230 199 69 250 2014 7 2 22 20 6 1 2
25 71 33 33.52 -117.96 272 189 110 250 2014 7 2 22 21 6 1 2
25 71 33 33.548 -118.06 314 213 120 250 2014 7 2 22 22 6 1 2
25 71 33 33.64 -118.07 343 261 129 250 2014 7 2 22 23 6 1 2
25 71 33 33.757 -118.05 364 322 165 250 2014 7 2 22 24 16 1 18
25 71 33 33.851 -117.99 393 2 190 250 2014 7 2 22 25 6 1 18
25 71 33 33.947 -117.91 431 23 214 250 2014 7 2 22 26 6 1 18
25 71 33 34.035 -117.83 398 32 238 250 2014 7 2 22 27 6 1 18
25 71 33 34.115 -117.74 386 36 250 250 2014 7 2 22 28 6 1 43
25 71 33 34.219 -117.6 462 67 250 250 2014 7 2 22 29 6 1 43
25 71 33 34.316 -117.47 502 45 250 250 2014 7 2 22 30 6 1 43
25 71 33 34.415 -117.34 512 47 250 250 2014 7 2 22 31 6 1 43
25 71 33 34.511 -117.21 521 47 250 250 2014 7 2 22 32 16 1 43
25 71 33 34.608 -117.08 521 47 250 250 2014 7 2 22 33 6 1 43
25 71 33 34.701 -116.95 518 48 250 250 2014 7 2 22 34 6 1 43
25 71 33 34.814 -116.8 516 47 250 250 2014 7 2 22 35 16 1 43
25 71 33 34.91 -116.67 516 48 250 250 2014 7 2 22 36 6 1 43
25 71 33 34.908 -116.67 514 47 250 250 2014 7 2 22 37 6 1 43
25 71 33 35.096 -116.41 511 48 240 250 2014 7 2 22 38 6 1 43
25 71 33 35.21 -116.31 511 36 240 130 2014 7 2 22 39 16 1 43
25 71 33 35.191 -116.29 505 44 235 130 2014 7 2 22 40 6 1 31
25 71 33 35.387 -116.04 444 45 196 130 2014 7 2 22 41 6 1 31
25 71 33 35.472 -115.93 444 45 196 130 2014 7 2 22 42 6 1 31
25 71 33 35.509 -115.89 396 46 165 130 2014 7 2 22 43 6 1 31
25 71 33 35.584 -115.8 377 45 147 130 2014 7 2 22 44 16 1 31
25 71 33 35.65 -115.72 373 45 131 130 2014 7 2 22 45 6 1 31
25 71 33 35.709 -115.63 325 46 130 130 2014 7 2 22 46 6 1 31
25 71 33 35.751 -115.54 306 58 117 130 2014 7 2 22 47 6 1 3
25 71 33 35.793 -115.45 316 60 96 130 2014 7 2 22 48 6 1 3
25 71 33 35.858 -115.4 323 35 86 130 2014 7 2 22 49 6 1 3
25 71 33 35.938 -115.35 259 27 80 130 2014 7 2 22 50 16 1 3
25 71 33 36.008 -115.31 230 24 62 130 2014 7 2 22 51 18 1 3
25 71 33 36.062 -115.27 220 21 45 130 2014 7 2 22 52 6 1 3
25 71 33 36.072 -115.21 165 68 34 130 2014 7 2 22 53 6 1 3
25 71 33 36.074 -115.17 154 78 23 130 2014 7 2 22 54 16 1 3
26 71 33 33.65 -117.88 145 0 16 290 2014 7 3 17 39 6 1 2
26 71 33 33.638 -117.89 157 206 21 290 2014 7 3 17 40 6 1 2
26 71 33 33.591 -117.9 165 205 36 290 2014 7 3 17 41 6 1 2
26 71 33 33.531 -117.92 211 196 56 290 2014 7 3 17 42 6 1 2
26 71 33 33.522 -118.01 260 194 81 290 2014 7 3 17 43 6 1 2
26 71 33 33.555 -118.1 299 232 111 290 2014 7 3 17 44 6 1 2
26 71 33 33.665 -118.09 349 279 145 290 2014 7 3 17 45 6 1 18
26 71 33 33.764 -118.06 368 349 171 290 2014 7 3 17 46 7 1 18
26 71 33 33.857 -117.99 402 10 200 290 2014 7 3 17 47 6 1 18
26 71 33 33.943 -117.91 397 28 226 290 2014 7 3 17 48 6 1 18
26 71 33 34.054 -117.81 411 34 233 290 2014 7 3 17 49 6 1 21
26 71 33 34.137 -117.71 414 37 257 290 2014 7 3 17 50 6 1 43
26 71 33 34.214 -117.6 421 40 283 290 2014 7 3 17 51 7 1 43
26 71 33 34.292 -117.5 421 46 290 290 2014 7 3 17 52 6 1 43
26 71 33 34.37 -117.39 422 48 290 290 2014 7 3 17 53 6 1 43
26 71 33 34.447 -117.29 422 48 290 290 2014 7 3 17 54 6 1 43
26 71 33 34.526 -117.18 419 48 290 290 2014 7 3 17 55 6 1 43
26 71 33 34.617 -117.05 419 48 290 290 2014 7 3 17 56 6 1 43
26 71 33 34.695 -116.95 419 48 290 290 2014 7 3 17 57 6 1 43
26 71 33 34.694 -116.95 419 48 290 290 2014 7 3 17 58 6 1 43
26 71 33 34.771 -116.84 419 48 290 290 2014 7 3 17 59 6 1 43
26 71 33 34.924 -116.63 418 48 283 290 2014 7 3 18 0 6 1 43
26 71 33 35.003 -116.53 418 46 283 290 2014 7 3 18 1 6 1 43
26 71 33 35.084 -116.42 418 45 283 130 2014 7 3 18 2 6 1 43
26 71 33 35.092 -116.41 399 47 241 130 2014 7 3 18 3 6 1 43
26 71 33 35.166 -116.32 389 46 240 130 2014 7 3 18 4 6 1 43
26 71 33 35.243 -116.23 389 45 234 130 2014 7 3 18 5 6 1 31
26 71 33 35.314 -116.13 381 45 217 130 2014 7 3 18 6 6 1 31
26 71 33 35.387 -116.04 378 45 199 130 2014 7 3 18 7 6 1 31
26 71 33 35.466 -115.94 371 45 180 130 2014 7 3 18 8 6 1 31
26 71 33 35.533 -115.86 361 41 163 130 2014 7 3 18 9 6 1 31
26 71 33 35.614 -115.75 351 47 143 130 2014 7 3 18 10 6 1 31
26 71 33 35.67 -115.66 346 49 132 130 2014 7 3 18 11 6 1 31
26 71 33 35.714 -115.57 320 60 117 130 2014 7 3 18 12 6 1 3
26 71 33 35.764 -115.46 319 60 101 130 2014 7 3 18 13 6 1 3
26 71 33 35.838 -115.41 309 39 89 130 2014 7 3 18 14 6 1 3
26 71 33 35.915 -115.38 299 22 76 130 2014 7 3 18 15 6 1 3
26 71 33 35.992 -115.33 282 23 62 130 2014 7 3 18 16 6 1 3
26 71 33 36.05 -115.29 252 31 48 130 2014 7 3 18 17 16 1 3
26 71 33 36.074 -115.22 191 46 34 130 2014 7 3 18 18 16 1 3
26 71 33 36.073 -115.17 170 88 23 130 2014 7 3 18 19 6 1 3
27 71 33 33.65 -117.88 141 0 13 290 2014 7 3 20 6 7 1 2
27 71 33 33.643 -117.89 148 206 290 290 2014 7 3 20 7 6 1 51
27 71 33 33.604 -117.9 156 208 30 290 2014 7 3 20 8 6 1 2
27 71 33 33.553 -117.91 180 194 50 290 2014 7 3 20 9 6 1 2
27 71 33 33.561 -118 240 192 81 290 2014 7 3 20 10 16 1 2
27 71 33 33.637 -118.03 300 282 107 290 2014 7 3 20 11 6 1 2
27 71 33 33.734 -118.05 343 310 132 290 2014 7 3 20 12 6 1 18
27 71 33 33.829 -118.01 376 347 164 290 2014 7 3 20 13 6 1 18
27 71 33 33.914 -117.94 383 15 197 290 2014 7 3 20 14 6 1 18
27 71 33 34.009 -117.85 361 27 237 290 2014 7 3 20 15 6 1 18
27 71 33 34.092 -117.77 369 36 256 290 2014 7 3 20 16 6 1 43
27 71 33 34.167 -117.67 413 37 272 290 2014 7 3 20 17 6 1 43
27 71 33 34.244 -117.56 418 45 290 290 2014 7 3 20 18 6 1 43
27 71 33 34.321 -117.46 418 48 290 290 2014 7 3 20 19 6 1 43
27 71 33 34.4 -117.35 417 48 290 290 2014 7 3 20 20 6 1 43
27 71 33 34.476 -117.25 417 48 290 290 2014 7 3 20 21 6 1 43
27 71 33 34.569 -117.12 424 48 290 290 2014 7 3 20 22 9 1 43
27 71 33 34.65 -117.01 442 48 290 290 2014 7 3 20 23 6 1 43
27 71 33 34.731 -116.89 443 48 290 290 2014 7 3 20 24 6 1 43
27 71 33 34.813 -116.78 443 48 290 290 2014 7 3 20 25 6 1 43
27 71 33 34.893 -116.67 443 48 290 290 2014 7 3 20 26 6 1 43
27 71 33 34.991 -116.54 442 48 268 290 2014 7 3 20 27 6 1 43
27 71 33 35.074 -116.44 431 47 246 130 2014 7 3 20 28 6 1 43
27 71 33 35.154 -116.33 420 46 240 130 2014 7 3 20 29 6 1 43
27 71 33 35.234 -116.24 411 45 240 130 2014 7 3 20 30 6 1 43
27 71 33 35.312 -116.14 409 45 220 130 2014 7 3 20 31 6 1 31
27 71 33 35.402 -116.02 391 45 196 130 2014 7 3 20 32 6 1 31
27 71 33 35.476 -115.93 387 46 175 130 2014 7 3 20 33 6 1 31
27 71 33 35.542 -115.84 375 44 157 130 2014 7 3 20 34 6 1 31
27 71 33 35.614 -115.75 375 46 157 130 2014 7 3 20 35 6 1 31
27 71 33 35.645 -115.72 358 48 132 130 2014 7 3 20 36 6 1 31
27 71 33 35.704 -115.65 333 45 130 130 2014 7 3 20 37 6 1 31
27 71 33 35.772 -115.58 322 42 130 130 2014 7 3 20 38 6 1 3
27 71 33 35.854 -115.57 324 3 130 130 2014 7 3 20 39 6 1 3
27 71 33 35.952 -115.56 326 2 130 130 2014 7 3 20 40 7 1 3
27 71 33 35.999 -115.47 309 51 119 130 2014 7 3 20 41 7 1 3
27 71 33 36.029 -115.38 304 68 110 130 2014 7 3 20 42 6 1 3
27 71 33 36.024 -115.28 272 92 99 130 2014 7 3 20 43 6 1 3
27 71 33 36.017 -115.18 272 95 87 130 2014 7 3 20 44 6 1 3
27 71 33 36.011 -115.09 249 93 80 130 2014 7 3 20 45 6 1 3
27 71 33 36.053 -115.05 220 60 80 130 2014 7 3 20 46 17 1 3
27 71 33 36.111 -115.03 220 17 69 130 2014 7 3 20 47 6 1 3
27 71 33 36.159 -115.05 182 352 56 130 2014 7 3 20 48 6 1 3
27 71 33 36.162 -115.11 159 280 41 130 2014 7 3 20 49 7 1 3
27 71 33 36.131 -115.14 138 230 28 130 2014 7 3 20 50 6 1 3
27 71 33 36.094 -115.17 168 204 20 130 2014 7 3 20 51 6 1 3
28 71 33 33.648 -117.88 145 0 16 290 2014 7 3 22 8 6 1 2
28 71 33 33.607 -117.9 151 205 30 290 2014 7 3 22 9 6 1 2
28 71 33 33.554 -117.91 183 198 41 290 2014 7 3 22 10 6 1 2
28 71 33 33.504 -117.97 261 219 69 290 2014 7 3 22 11 6 1 2
28 71 33 33.574 -117.99 261 345 69 290 2014 7 3 22 12 6 1 2
28 71 33 33.622 -118.07 344 259 131 290 2014 7 3 22 13 6 1 18
28 71 33 33.723 -118.06 367 324 163 290 2014 7 3 22 14 6 1 18
28 71 33 33.825 -118.05 367 2 163 290 2014 7 3 22 15 6 1 18
28 71 33 33.938 -117.91 419 11 218 290 2014 7 3 22 16 6 1 18
28 71 33 34.031 -117.83 419 36 218 290 2014 7 3 22 17 6 1 18
28 71 33 34.032 -117.83 423 31 242 290 2014 7 3 22 18 6 1 43
28 71 33 34.124 -117.73 441 36 262 290 2014 7 3 22 19 6 1 43
28 71 33 34.209 -117.61 460 39 281 290 2014 7 3 22 20 8 1 43
28 71 33 34.299 -117.49 479 45 290 290 2014 7 3 22 21 9 1 43
28 71 33 34.392 -117.36 487 48 290 290 2014 7 3 22 22 6 1 43
28 71 33 34.483 -117.24 487 48 290 290 2014 7 3 22 23 6 1 43
28 71 33 34.591 -117.09 493 48 290 290 2014 7 3 22 24 7 1 43
28 71 33 34.682 -116.96 494 48 290 290 2014 7 3 22 25 6 1 43
28 71 33 34.772 -116.84 499 48 290 290 2014 7 3 22 26 6 1 43
28 71 33 34.864 -116.71 499 48 287 290 2014 7 3 22 27 6 1 43
28 71 33 34.954 -116.59 495 48 275 290 2014 7 3 22 28 6 1 43
28 71 33 35.069 -116.44 495 48 244 130 2014 7 3 22 29 6 1 43
28 71 33 35.162 -116.33 488 46 240 130 2014 7 3 22 30 6 1 43
28 71 33 35.254 -116.21 480 45 238 130 2014 7 3 22 31 6 1 31
28 71 33 35.346 -116.09 480 45 217 130 2014 7 3 22 32 6 1 31
28 71 33 35.432 -115.98 451 45 185 130 2014 7 3 22 33 6 1 31
28 71 33 35.547 -115.85 440 46 146 130 2014 7 3 22 34 6 1 31
28 71 33 35.602 -115.77 412 42 139 130 2014 7 3 22 35 6 1 31
28 71 33 35.688 -115.66 370 46 130 130 2014 7 3 22 36 6 1 31
28 71 33 35.78 -115.58 394 36 121 130 2014 7 3 22 37 6 1 3
28 71 33 35.866 -115.51 373 34 120 130 2014 7 3 22 38 6 1 3
28 71 33 35.957 -115.44 364 34 113 130 2014 7 3 22 39 6 1 3
28 71 33 36.03 -115.35 355 35 107 130 2014 7 3 22 40 6 1 3
28 71 33 36.021 -115.24 302 88 96 130 2014 7 3 22 41 6 1 3
28 71 33 36.016 -115.17 263 95 91 130 2014 7 3 22 42 6 1 3
28 71 33 36.016 -115.15 275 95 92 130 2014 7 3 22 43 6 1 3
28 71 33 36.007 -115.02 200 95 68 130 2014 7 3 22 44 6 1 3
28 71 33 36.006 -115 208 92 64 130 2014 7 3 22 45 6 1 3
28 71 33 36.013 -114.93 209 86 60 130 2014 7 3 22 46 6 1 3
28 71 33 36.062 -114.95 194 345 54 130 2014 7 3 22 47 6 1 3
28 71 33 36.074 -115.01 170 288 38 130 2014 7 3 22 48 6 1 3
28 71 33 36.074 -115.06 153 270 31 130 2014 7 3 22 49 6 1 3
28 71 33 36.074 -115.11 145 269 23 130 2014 7 3 22 50 6 1 3
29 71 33 33.65 -117.88 150 0 15 290 2014 7 3 4 46 15 1 2
29 71 33 33.61 -117.9 151 206 30 290 2014 7 3 4 47 15 1 2
29 71 33 33.555 -117.91 187 200 58 290 2014 7 3 4 48 6 1 2
29 71 33 33.535 -117.97 246 191 85 290 2014 7 3 4 49 15 1 2
29 71 33 33.545 -118.07 283 219 114 290 2014 7 3 4 50 15 1 2
29 71 33 33.623 -118.06 283 3 114 290 2014 7 3 4 51 6 1 2
29 71 33 33.619 -118.13 341 297 148 290 2014 7 3 4 52 15 1 18
29 71 33 33.731 -118.08 371 301 171 290 2014 7 3 4 53 15 1 18
29 71 33 33.823 -118.02 379 357 200 290 2014 7 3 4 54 15 1 18
29 71 33 34.004 -117.85 408 33 263 290 2014 7 3 4 55 15 1 43
29 71 33 34.094 -117.77 409 36 284 290 2014 7 3 4 56 15 1 43
29 71 33 34.175 -117.66 442 37 290 290 2014 7 3 4 57 16 1 43
29 71 33 34.175 -117.66 442 37 290 290 2014 7 3 4 58 15 1 43
29 71 33 34.262 -117.54 462 44 290 290 2014 7 3 4 59 6 1 43
29 71 33 34.348 -117.42 464 48 290 290 2014 7 3 5 0 16 1 43
29 71 33 34.438 -117.3 467 48 290 290 2014 7 3 5 1 16 1 43
29 71 33 34.524 -117.18 468 48 290 290 2014 7 3 5 2 15 1 43
29 71 33 34.627 -117.04 469 48 290 290 2014 7 3 5 3 16 1 43
29 71 33 34.714 -116.92 471 48 290 290 2014 7 3 5 4 15 1 43
29 71 33 34.801 -116.8 471 48 290 290 2014 7 3 5 5 16 1 43
29 71 33 34.886 -116.68 471 48 290 290 2014 7 3 5 6 15 1 43
29 71 33 34.971 -116.56 467 48 290 290 2014 7 3 5 7 6 1 43
29 71 33 35.062 -116.45 470 48 285 290 2014 7 3 5 8 15 1 43
29 71 33 35.148 -116.34 456 47 273 290 2014 7 3 5 9 6 1 43
29 71 33 35.233 -116.24 436 45 251 290 2014 7 3 5 10 15 1 43
29 71 33 35.327 -116.12 416 45 230 130 2014 7 3 5 11 15 1 31
29 71 33 35.417 -116.04 405 45 230 130 2014 7 3 5 12 15 1 31
29 71 33 35.532 -116.02 419 42 221 130 2014 7 3 5 13 6 1 31
29 71 33 35.633 -115.98 397 26 198 130 2014 7 3 5 14 15 1 31
29 71 33 35.654 -115.85 373 81 168 130 2014 7 3 5 15 16 1 31
29 71 33 35.674 -115.71 336 83 134 130 2014 7 3 5 16 6 1 31
29 71 33 35.724 -115.62 319 62 130 130 2014 7 3 5 17 16 1 3
29 71 33 35.794 -115.57 318 33 131 130 2014 7 3 5 18 15 1 3
29 71 33 35.888 -115.57 315 2 131 130 2014 7 3 5 19 16 1 3
29 71 33 35.972 -115.55 314 5 131 130 2014 7 3 5 20 16 1 3
29 71 33 36.002 -115.47 308 11 120 130 2014 7 3 5 21 16 1 3
29 71 33 36.027 -115.32 276 71 107 130 2014 7 3 5 22 16 1 3
29 71 33 36.02 -115.23 261 95 94 130 2014 7 3 5 23 15 1 3
29 71 33 36.017 -115.18 265 95 88 130 2014 7 3 5 24 6 1 3
29 71 33 36.012 -115.09 251 94 62 130 2014 7 3 5 25 6 1 3
29 71 33 36.028 -115.02 221 95 43 130 2014 7 3 5 26 6 1 3
29 71 33 36.072 -115.04 140 348 34 130 2014 7 3 5 27 15 1 3
29 71 33 36.073 -115.09 129 272 27 130 2014 7 3 5 28 16 1 3
29 71 33 36.073 -115.13 138 271 21 130 2014 7 3 5 29 15 1 3
31 71 33 33.656 -117.88 146 234 13 290 2014 7 3 0 44 16 1 2
31 71 33 33.62 -117.89 137 195 26 290 2014 7 3 0 45 6 1 2
31 71 33 33.565 -117.9 161 197 35 290 2014 7 3 0 46 16 1 2
31 71 33 33.507 -117.93 225 181 62 290 2014 7 3 0 47 6 1 2
31 71 33 33.5 -118.02 258 194 94 290 2014 7 3 0 48 6 1 2
31 71 33 33.566 -118.08 314 273 120 290 2014 7 3 0 49 6 1 2
31 71 33 33.663 -118.06 341 296 149 290 2014 7 3 0 50 6 1 18
31 71 33 33.786 -118.05 375 353 182 290 2014 7 3 0 51 6 1 18
31 71 33 33.88 -117.97 398 6 212 290 2014 7 3 0 52 6 1 18
31 71 33 33.966 -117.89 405 20 231 290 2014 7 3 0 53 6 1 18
31 71 33 34.062 -117.8 424 35 257 290 2014 7 3 0 54 15 1 43
31 71 33 34.144 -117.7 426 37 285 290 2014 7 3 0 55 16 1 43
31 71 33 34.221 -117.59 424 41 290 290 2014 7 3 0 56 6 1 43
31 71 33 34.314 -117.47 422 47 290 270 2014 7 3 0 57 6 1 43
31 71 33 34.391 -117.36 419 48 283 270 2014 7 3 0 58 16 1 43
31 71 33 34.47 -117.25 418 48 272 270 2014 7 3 0 59 16 1 43
31 71 33 34.548 -117.15 418 47 272 270 2014 7 3 1 0 6 1 43
31 71 33 34.626 -117.04 431 48 270 270 2014 7 3 1 1 16 1 43
31 71 33 34.626 -117.04 431 48 270 270 2014 7 3 1 2 6 1 43
31 71 33 34.707 -116.93 438 48 270 270 2014 7 3 1 3 6 1 43
31 71 33 34.882 -116.69 437 48 270 270 2014 7 3 1 4 15 1 43
31 71 33 34.882 -116.69 437 48 270 270 2014 7 3 1 5 6 1 43
31 71 33 34.962 -116.57 437 48 261 270 2014 7 3 1 6 6 1 43
31 71 33 35.048 -116.47 442 48 247 130 2014 7 3 1 7 6 1 43
31 71 33 35.132 -116.36 441 47 240 130 2014 7 3 1 8 6 1 43
31 71 33 35.216 -116.26 433 45 240 130 2014 7 3 1 9 6 1 43
31 71 33 35.314 -116.13 428 45 225 130 2014 7 3 1 10 6 1 31
31 71 33 35.392 -116.03 409 45 202 130 2014 7 3 1 11 16 1 31
31 71 33 35.509 -115.89 406 45 165 130 2014 7 3 1 12 6 1 31
31 71 33 35.584 -115.8 387 46 144 130 2014 7 3 1 13 6 1 31
31 71 33 35.664 -115.7 353 45 130 130 2014 7 3 1 14 6 1 31
31 71 33 35.716 -115.61 337 48 117 130 2014 7 3 1 15 16 1 3
31 71 33 35.769 -115.53 317 52 105 130 2014 7 3 1 16 15 1 3
31 71 33 35.804 -115.47 304 52 100 130 2014 7 3 1 17 6 1 3
31 71 33 35.873 -115.38 271 52 93 130 2014 7 3 1 18 6 1 3
31 71 33 35.953 -115.35 260 20 76 130 2014 7 3 1 19 15 1 3
31 71 33 36.013 -115.33 263 15 58 130 2014 7 3 1 20 6 1 3
31 71 33 36.074 -115.29 221 21 44 130 2014 7 3 1 21 15 1 3
31 71 33 36.072 -115.23 175 83 35 130 2014 7 3 1 22 6 1 3
31 71 33 36.073 -115.18 175 91 25 130 2014 7 3 1 23 6 1 3
31 71 33 36.073 -115.13 173 88 21 130 2014 7 3 1 24 16 1 3
32 71 33 33.648 -117.89 156 0 15 270 2014 7 3 0 26 6 1 2
32 71 33 33.597 -117.9 179 208 30 270 2014 7 3 0 27 6 1 2
32 71 33 33.531 -117.91 225 198 58 270 2014 7 3 0 28 16 1 2
32 71 33 33.52 -118 245 190 88 270 2014 7 3 0 29 16 1 2
32 71 33 33.587 -118.02 245 350 88 270 2014 7 3 0 30 6 1 2
32 71 33 33.59 -118.02 271 263 116 270 2014 7 3 0 31 6 1 2
32 71 33 33.673 -118.02 299 302 142 270 2014 7 3 0 32 6 1 18
32 71 33 33.771 -118.03 362 353 155 270 2014 7 3 0 33 6 1 18
32 71 33 33.888 -117.96 398 338 180 270 2014 7 3 0 34 6 1 18
32 71 33 33.981 -117.88 417 21 205 270 2014 7 3 0 35 15 1 18
32 71 33 34.074 -117.79 419 31 225 270 2014 7 3 0 36 16 1 21
32 71 33 34.159 -117.68 445 37 241 270 2014 7 3 0 37 6 1 43
32 71 33 34.329 -117.45 463 47 270 270 2014 7 3 0 38 16 1 43
32 71 33 34.329 -117.45 463 47 270 270 2014 7 3 0 39 6 1 43
32 71 33 34.421 -117.32 468 49 270 270 2014 7 3 0 40 6 1 43
32 71 33 34.523 -117.18 471 48 270 270 2014 7 3 0 41 6 1 43
32 71 33 34.609 -117.06 471 48 270 270 2014 7 3 0 42 6 1 43
32 71 33 34.695 -116.95 470 48 270 270 2014 7 3 0 43 15 1 43
32 71 33 34.779 -116.83 468 48 270 270 2014 7 3 0 44 16 1 43
32 71 33 34.864 -116.71 467 48 267 270 2014 7 3 0 45 6 1 43
32 71 33 34.968 -116.57 469 48 255 270 2014 7 3 0 46 16 1 43
32 71 33 35.059 -116.45 473 48 242 270 2014 7 3 0 47 6 1 43
32 71 33 35.149 -116.34 464 47 233 270 2014 7 3 0 48 6 1 31
32 71 33 35.242 -116.22 446 45 214 270 2014 7 3 0 49 6 1 31
32 71 33 35.314 -116.13 428 45 199 270 2014 7 3 0 50 6 1 31
32 71 33 35.41 -116.01 415 45 178 270 2014 7 3 0 51 6 1 31
32 71 33 35.487 -115.91 405 45 164 270 2014 7 3 0 52 6 1 31
32 71 33 35.557 -115.82 397 44 152 270 2014 7 3 0 53 6 1 31
32 71 33 35.644 -115.72 373 45 135 270 2014 7 3 0 54 15 1 31
32 71 33 35.712 -115.64 334 43 130 270 2014 7 3 0 55 16 1 31
32 71 33 35.789 -115.58 326 34 118 270 2014 7 3 0 56 6 1 3
32 71 33 35.868 -115.52 316 33 102 270 2014 7 3 0 57 6 1 3
32 71 33 35.936 -115.46 289 33 100 270 2014 7 3 0 58 16 1 3
32 71 33 36.002 -115.41 270 34 98 270 2014 7 3 0 59 16 1 3
32 71 33 36.048 -115.37 258 33 91 270 2014 7 3 1 0 6 1 3
32 71 33 36.105 -115.3 232 41 91 270 2014 7 3 1 1 16 1 3
32 71 33 36.129 -115.26 216 46 85 270 2014 7 3 1 2 6 1 3
32 71 33 36.165 -115.2 194 53 67 270 2014 7 3 1 3 6 1 3
32 71 33 36.151 -115.13 161 92 35 270 2014 7 3 1 4 15 1 3
32 71 33 36.151 -115.13 161 92 35 270 2014 7 3 1 5 6 1 3
32 71 33 36.112 -115.15 140 185 24 270 2014 7 3 1 6 6 1 3
33 71 33 33.65 -117.88 148 0 17 290 2014 7 3 15 34 6 1 2
33 71 33 33.61 -117.9 144 204 30 290 2014 7 3 15 35 6 1 2
33 71 33 33.542 -117.91 202 180 59 290 2014 7 3 15 36 6 1 2
33 71 33 33.592 -117.94 202 333 59 290 2014 7 3 15 37 6 1 2
33 71 33 33.559 -118.07 291 250 112 290 2014 7 3 15 38 6 1 2
33 71 33 33.639 -118.07 291 4 112 290 2014 7 3 15 39 8 1 2
33 71 33 33.648 -118.1 355 306 132 290 2014 7 3 15 40 6 1 18
33 71 33 33.745 -118.07 363 321 147 290 2014 7 3 15 41 6 1 18
33 71 33 33.852 -117.99 378 6 170 290 2014 7 3 15 42 6 1 18
33 71 33 33.938 -117.92 385 23 194 290 2014 7 3 15 43 6 1 18
33 71 33 34.024 -117.84 386 32 222 290 2014 7 3 15 44 6 1 18
33 71 33 34.111 -117.75 407 38 245 290 2014 7 3 15 45 6 1 43
33 71 33 34.188 -117.64 417 42 271 290 2014 7 3 15 46 6 1 43
33 71 33 34.284 -117.51 436 44 290 290 2014 7 3 15 47 6 1 43
33 71 33 34.367 -117.39 450 48 290 290 2014 7 3 15 48 6 1 43
33 71 33 34.454 -117.28 450 48 290 290 2014 7 3 15 49 16 1 43
33 71 33 34.536 -117.17 448 48 290 290 2014 7 3 15 50 10 1 43
33 71 33 34.617 -117.05 448 47 290 290 2014 7 3 15 51 6 1 43
33 71 33 34.7 -116.94 449 48 290 290 2014 7 3 15 52 16 1 43
33 71 33 34.783 -116.82 450 48 290 290 2014 7 3 15 53 6 1 43
33 71 33 34.882 -116.69 453 48 290 290 2014 7 3 15 54 6 1 43
33 71 33 34.964 -116.57 452 48 276 290 2014 7 3 15 55 6 1 43
33 71 33 35.045 -116.47 433 47 253 130 2014 7 3 15 56 6 1 43
33 71 33 35.126 -116.37 422 46 240 130 2014 7 3 15 57 6 1 43
33 71 33 35.204 -116.27 410 45 232 130 2014 7 3 15 58 6 1 31
33 71 33 35.296 -116.15 402 45 220 130 2014 7 3 15 59 6 1 31
33 71 33 35.375 -116.06 401 45 204 130 2014 7 3 16 0 6 1 31
33 71 33 35.45 -115.96 395 45 183 130 2014 7 3 16 1 6 1 31
33 71 33 35.529 -115.86 379 45 162 130 2014 7 3 16 2 6 1 31
33 71 33 35.599 -115.77 367 43 142 130 2014 7 3 16 3 6 1 31
33 71 33 35.667 -115.69 358 45 131 130 2014 7 3 16 4 6 1 31
33 71 33 35.682 -115.67 340 45 130 130 2014 7 3 16 5 6 1 31
33 71 33 35.717 -115.58 259 54 128 130 2014 7 3 16 6 6 1 3
33 71 33 35.722 -115.42 251 87 105 130 2014 7 3 16 7 6 1 3
33 71 33 35.724 -115.42 243 87 104 130 2014 7 3 16 8 6 1 3
33 71 33 35.726 -115.34 243 85 91 130 2014 7 3 16 9 6 1 3
33 71 33 35.822 -115.29 210 48 77 130 2014 7 3 16 10 6 1 3
33 71 33 35.831 -115.29 212 354 77 130 2014 7 3 16 11 7 1 3
33 71 33 35.888 -115.29 207 359 78 130 2014 7 3 16 12 6 1 3
33 71 33 35.939 -115.3 205 352 73 130 2014 7 3 16 13 6 1 3
33 71 33 36.002 -115.33 206 339 59 130 2014 7 3 16 14 6 1 3
33 71 33 36.054 -115.3 199 12 47 130 2014 7 3 16 15 6 1 3
33 71 33 36.072 -115.26 159 51 38 130 2014 7 3 16 16 6 1 3
33 71 33 36.073 -115.21 148 89 30 130 2014 7 3 16 17 6 1 3
34 71 33 33.633 -117.88 151 207 20 290 2014 7 3 14 12 6 1 2
34 71 33 33.601 -117.9 155 192 34 290 2014 7 3 14 13 6 1 2
34 71 33 33.542 -117.91 211 201 61 290 2014 7 3 14 14 6 1 2
34 71 33 33.529 -117.99 239 189 95 290 2014 7 3 14 15 6 1 2
34 71 33 33.604 -118.03 298 227 116 290 2014 7 3 14 16 6 1 2
34 71 33 33.7 -118.04 338 323 145 290 2014 7 3 14 17 6 1 18
34 71 33 33.82 -118.02 388 346 183 290 2014 7 3 14 18 6 1 18
34 71 33 33.908 -117.94 392 2 213 290 2014 7 3 14 19 6 1 18
34 71 33 33.996 -117.86 399 26 241 290 2014 7 3 14 20 6 1 43
34 71 33 34.088 -117.78 410 37 266 290 2014 7 3 14 21 6 1 43
34 71 33 34.164 -117.67 415 41 290 290 2014 7 3 14 22 6 1 43
34 71 33 34.241 -117.57 415 43 290 290 2014 7 3 14 23 6 1 43
34 71 33 34.335 -117.44 419 48 290 290 2014 7 3 14 24 6 1 43
34 71 33 34.422 -117.32 459 48 290 290 2014 7 3 14 25 6 1 43
34 71 33 34.507 -117.2 459 48 290 290 2014 7 3 14 26 6 1 43
34 71 33 34.589 -117.09 457 48 290 290 2014 7 3 14 27 7 1 43
34 71 33 34.673 -116.98 455 48 288 290 2014 7 3 14 28 6 1 43
34 71 33 34.756 -116.86 455 48 277 290 2014 7 3 14 29 6 1 43
34 71 33 34.867 -116.93 455 331 277 290 2014 7 3 14 30 6 1 43
34 71 33 34.855 -116.72 454 24 270 290 2014 7 3 14 31 6 1 43
34 71 33 34.934 -116.61 443 48 270 290 2014 7 3 14 32 6 1 43
34 71 33 35.1 -116.4 434 47 241 130 2014 7 3 14 33 6 1 43
34 71 33 35.184 -116.3 434 45 241 130 2014 7 3 14 34 6 1 43
34 71 33 35.179 -116.3 414 45 240 130 2014 7 3 14 35 6 1 43
34 71 33 35.272 -116.19 406 45 235 130 2014 7 3 14 36 6 1 31
34 71 33 35.349 -116.09 399 45 214 130 2014 7 3 14 37 6 1 31
34 71 33 35.423 -116 387 45 193 130 2014 7 3 14 38 6 1 31
34 71 33 35.496 -115.9 379 45 173 130 2014 7 3 14 39 6 1 31
34 71 33 35.614 -115.76 353 46 139 130 2014 7 3 14 40 6 1 31
34 71 33 35.681 -115.68 341 45 131 130 2014 7 3 14 41 6 1 31
34 71 33 35.706 -115.64 337 45 131 130 2014 7 3 14 42 6 1 31
34 71 33 35.846 -115.57 338 33 131 130 2014 7 3 14 43 6 1 3
34 71 33 35.887 -115.57 337 9 131 130 2014 7 3 14 44 6 1 3
34 71 33 35.975 -115.54 340 1 129 130 2014 7 3 14 45 6 1 3
34 71 33 36.026 -115.39 298 67 111 130 2014 7 3 14 46 14 1 3
34 71 33 36.027 -115.3 271 76 104 130 2014 7 3 14 47 6 1 3
34 71 33 36.02 -115.21 264 95 91 130 2014 7 3 14 48 6 1 3
34 71 33 36.015 -115.14 258 94 84 130 2014 7 3 14 49 6 1 3
34 71 33 36.009 -115.05 255 94 76 130 2014 7 3 14 50 6 1 3
34 71 33 36.004 -114.97 259 94 67 130 2014 7 3 14 51 6 1 3
34 71 33 36.007 -114.89 251 76 56 130 2014 7 3 14 52 9 1 3
34 71 33 36.072 -114.9 232 353 54 130 2014 7 3 14 53 6 1 3
34 71 33 36.073 -114.97 185 275 48 130 2014 7 3 14 54 6 1 3
34 71 33 36.074 -115.02 177 269 36 130 2014 7 3 14 55 6 1 3
34 71 33 36.077 -115.08 177 273 36 130 2014 7 3 14 56 6 1 3
34 71 33 36.073 -115.13 145 268 21 130 2014 7 3 14 57 6 1 3
35 71 33 33.638 -117.89 201 0 29 270 2014 7 3 16 23 6 1 2
35 71 33 33.617 -117.9 222 205 53 270 2014 7 3 16 24 6 1 2
35 71 33 33.578 -117.9 213 204 78 270 2014 7 3 16 25 6 1 2
35 71 33 33.548 -117.96 235 257 83 270 2014 7 3 16 26 7 1 2
35 71 33 33.574 -118.04 241 216 125 270 2014 7 3 16 27 6 1 2
35 71 33 33.623 -118.09 250 298 167 230 2014 7 3 16 28 6 1 18
35 71 33 33.732 -118.07 336 305 196 270 2014 7 3 16 29 6 1 18
35 71 33 33.828 -118.01 393 350 227 270 2014 7 3 16 30 6 1 18
35 71 33 33.923 -117.93 421 23 230 270 2014 7 3 16 31 6 1 18
35 71 33 34.022 -117.84 442 32 230 270 2014 7 3 16 32 6 1 18
35 71 33 34.117 -117.74 464 36 245 270 2014 7 3 16 33 6 1 43
35 71 33 34.225 -117.59 485 39 263 270 2014 7 3 16 34 6 1 43
35 71 33 34.317 -117.46 496 45 268 270 2014 7 3 16 35 6 1 43
35 71 33 34.413 -117.33 497 48 270 270 2014 7 3 16 36 6 1 43
35 71 33 34.505 -117.21 499 48 270 270 2014 7 3 16 37 6 1 43
35 71 33 34.596 -117.08 499 48 270 270 2014 7 3 16 38 6 1 43
35 71 33 34.686 -116.96 499 48 270 270 2014 7 3 16 39 6 1 43
35 71 33 34.778 -116.83 499 48 269 130 2014 7 3 16 40 6 1 43
35 71 33 34.887 -116.68 499 48 256 130 2014 7 3 16 41 6 1 43
35 71 33 34.976 -116.56 492 48 246 130 2014 7 3 16 42 6 1 43
35 71 33 35.07 -116.44 485 47 241 130 2014 7 3 16 43 6 1 43
35 71 33 35.163 -116.33 482 46 240 130 2014 7 3 16 44 6 1 43
35 71 33 35.249 -116.21 458 45 227 130 2014 7 3 16 45 6 1 31
35 71 33 35.348 -116.09 428 45 197 130 2014 7 3 16 46 6 1 31
35 71 33 35.429 -115.99 418 45 172 130 2014 7 3 16 47 6 1 31
35 71 33 35.516 -115.89 380 46 145 130 2014 7 3 16 48 6 1 31
35 71 33 35.573 -115.81 376 44 132 130 2014 7 3 16 49 6 1 31
35 71 33 35.645 -115.7 335 49 124 130 2014 7 3 16 50 6 1 31
35 71 33 35.649 -115.7 322 52 123 130 2014 7 3 16 51 10 1 31
35 71 33 35.698 -115.62 317 49 113 130 2014 7 3 16 52 6 1 31
35 71 33 35.774 -115.46 262 68 96 130 2014 7 3 16 53 6 1 3
35 71 33 35.82 -115.42 264 48 88 130 2014 7 3 16 54 6 1 3
35 71 33 35.914 -115.37 267 24 70 130 2014 7 3 16 55 6 1 3
35 71 33 35.955 -115.35 261 23 60 130 2014 7 3 16 56 6 1 3
35 71 33 36.016 -115.31 196 24 46 130 2014 7 3 16 57 6 1 3
35 71 33 36.058 -115.28 173 24 42 130 2014 7 3 16 58 6 1 3
35 71 33 36.074 -115.23 171 39 36 130 2014 7 3 16 59 6 1 3
35 71 33 36.074 -115.18 151 83 25 130 2014 7 3 17 0 6 1 3
35 71 33 36.073 -115.16 146 90 21 130 2014 7 3 17 1 6 1 3
38 71 33 33.638 -117.89 164 206 16 230 2014 7 4 21 27 16 1 2
38 71 33 33.587 -117.9 177 206 28 230 2014 7 4 21 28 6 1 2
38 71 33 33.531 -117.93 224 193 56 230 2014 7 4 21 29 6 1 2
38 71 33 33.523 -118.02 276 228 84 230 2014 7 4 21 30 6 1 2
38 71 33 33.559 -118.11 314 237 105 230 2014 7 4 21 31 6 1 2
38 71 33 33.651 -118.18 346 280 116 230 2014 7 4 21 32 15 1 2
38 71 33 33.727 -118.12 350 313 138 230 2014 7 4 21 33 6 1 18
38 71 33 33.796 -118.04 349 356 165 230 2014 7 4 21 34 6 1 18
38 71 33 33.877 -117.97 365 37 184 230 2014 7 4 21 35 18 1 18
38 71 33 33.877 -117.97 365 37 184 230 2014 7 4 21 36 6 1 18
38 71 33 34.059 -117.8 417 36 216 270 2014 7 4 21 37 16 1 21
38 71 33 34.156 -117.68 420 37 232 270 2014 7 4 21 38 16 1 21
38 71 33 34.241 -117.58 430 41 250 270 2014 7 4 21 39 16 1 43
38 71 33 34.241 -117.58 430 41 250 270 2014 7 4 21 40 6 1 43
38 71 33 34.341 -117.49 443 45 265 270 2014 7 4 21 41 6 1 43
38 71 33 34.45 -117.4 458 43 270 270 2014 7 4 21 42 16 1 43
38 71 33 34.568 -117.34 459 35 270 270 2014 7 4 21 43 16 1 43
38 71 33 34.689 -117.3 459 28 270 270 2014 7 4 21 44 18 1 43
38 71 33 34.811 -117.26 459 19 270 270 2014 7 4 21 45 6 1 43
38 71 33 34.933 -117.21 459 16 270 270 2014 7 4 21 46 6 1 34
38 71 33 35.045 -117.14 458 15 270 270 2014 7 4 21 47 6 1 34
38 71 33 35.122 -116.99 460 21 270 270 2014 7 4 21 48 6 1 34
38 71 33 35.12 -116.84 457 59 270 270 2014 7 4 21 49 15 1 34
38 71 33 35.114 -116.68 457 73 270 270 2014 7 4 21 50 16 1 43
38 71 33 35.108 -116.53 449 91 257 130 2014 7 4 21 51 6 1 43
38 71 33 35.119 -116.39 442 92 240 130 2014 7 4 21 52 16 1 43
38 71 33 35.197 -116.28 428 88 240 110 2014 7 4 21 53 6 1 43
38 71 33 35.291 -116.19 434 66 240 110 2014 7 4 21 54 6 1 43
38 71 33 35.386 -116.1 431 43 228 110 2014 7 4 21 55 6 1 31
38 71 33 35.482 -116.02 428 33 196 110 2014 7 4 21 56 15 1 31
38 71 33 35.594 -115.92 414 32 150 110 2014 7 4 21 57 16 1 31
38 71 33 35.692 -115.87 401 24 117 110 2014 7 4 21 58 15 1 31
38 71 33 35.785 -115.77 344 38 110 110 2014 7 4 21 59 16 1 31
38 71 33 35.792 -115.65 308 78 110 110 2014 7 4 22 0 6 1 3
38 71 33 35.791 -115.56 290 90 94 110 2014 7 4 22 1 15 1 3
38 71 33 35.792 -115.44 299 90 80 110 2014 7 4 22 2 6 1 3
38 71 33 35.841 -115.4 254 48 80 110 2014 7 4 22 3 6 1 3
38 71 33 35.904 -115.36 264 23 73 110 2014 7 4 22 4 16 1 3
38 71 33 35.982 -115.32 243 26 58 110 2014 7 4 22 5 16 1 3
38 71 33 36.024 -115.29 239 30 47 110 2014 7 4 22 6 6 1 3
38 71 33 36.068 -115.23 196 46 35 110 2014 7 4 22 7 16 1 3
38 71 33 36.074 -115.18 168 82 25 110 2014 7 4 22 8 16 1 3
38 71 33 36.074 -115.13 151 83 21 110 2014 7 4 22 9 15 1 3
43 71 33 33.649 -117.88 147 206 14 290 2014 7 4 0 39 6 1 2
43 71 33 33.606 -117.9 154 205 29 290 2014 7 4 0 40 6 1 2
43 71 33 33.556 -117.9 171 194 47 290 2014 7 4 0 41 7 1 2
43 71 33 33.503 -117.94 215 217 59 290 2014 7 4 0 42 6 1 2
43 71 33 33.513 -118.05 275 201 91 290 2014 7 4 0 43 6 1 2
43 71 33 33.599 -118.06 317 285 114 290 2014 7 4 0 44 6 1 2
43 71 33 33.698 -118.06 349 314 144 290 2014 7 4 0 45 6 1 18
43 71 33 33.8 -118.04 381 359 173 290 2014 7 4 0 46 6 1 18
43 71 33 33.888 -117.96 390 15 201 290 2014 7 4 0 47 6 1 18
43 71 33 33.994 -117.86 399 22 235 290 2014 7 4 0 48 6 1 18
43 71 33 34.084 -117.78 408 36 258 290 2014 7 4 0 49 6 1 43
43 71 33 34.163 -117.67 420 37 282 290 2014 7 4 0 50 6 1 43
43 71 33 34.241 -117.57 421 43 290 290 2014 7 4 0 51 6 1 43
43 71 33 34.318 -117.46 421 47 290 290 2014 7 4 0 52 6 1 43
43 71 33 34.396 -117.36 421 47 290 290 2014 7 4 0 53 6 1 43
43 71 33 34.475 -117.25 419 48 290 290 2014 7 4 0 54 6 1 43
43 71 33 34.567 -117.12 419 48 290 290 2014 7 4 0 55 6 1 43
43 71 33 34.644 -117.02 419 48 290 290 2014 7 4 0 56 6 1 43
43 71 33 34.642 -117.02 419 48 290 290 2014 7 4 0 57 6 1 43
43 71 33 34.796 -116.81 418 48 290 290 2014 7 4 0 58 15 1 43
43 71 33 34.796 -116.81 418 48 290 290 2014 7 4 0 59 6 1 43
43 71 33 34.873 -116.7 420 48 290 290 2014 7 4 1 0 6 1 43
43 71 33 34.964 -116.57 419 48 275 290 2014 7 4 1 1 7 1 43
43 71 33 35.12 -116.38 402 47 240 290 2014 7 4 1 2 16 1 43
43 71 33 35.12 -116.38 402 47 240 130 2014 7 4 1 3 6 1 43
43 71 33 35.192 -116.29 384 45 240 130 2014 7 4 1 4 6 1 43
43 71 33 35.266 -116.2 379 45 233 130 2014 7 4 1 5 6 1 31
43 71 33 35.352 -116.09 375 45 211 130 2014 7 4 1 6 6 1 31
43 71 33 35.42 -116 361 45 193 130 2014 7 4 1 7 6 1 31
43 71 33 35.489 -115.91 360 46 175 130 2014 7 4 1 8 6 1 31
43 71 33 35.574 -115.81 354 45 155 130 2014 7 4 1 9 6 1 31
43 71 33 35.652 -115.71 348 45 134 130 2014 7 4 1 10 13 1 31
43 71 33 35.719 -115.63 328 45 131 130 2014 7 4 1 11 6 1 31
43 71 33 35.79 -115.57 296 39 131 130 2014 7 4 1 12 6 1 3
43 71 33 35.886 -115.57 294 3 131 130 2014 7 4 1 13 6 1 3
43 71 33 35.965 -115.55 295 2 131 130 2014 7 4 1 14 6 1 3
43 71 33 36.001 -115.47 305 47 118 130 2014 7 4 1 15 6 1 3
43 71 33 36.03 -115.38 299 68 111 130 2014 7 4 1 16 6 1 3
43 71 33 36.024 -115.28 290 90 101 130 2014 7 4 1 17 6 1 3
43 71 33 36.016 -115.18 284 95 91 130 2014 7 4 1 18 6 1 3
43 71 33 36.01 -115.08 224 94 84 130 2014 7 4 1 19 16 1 3
43 71 33 36.006 -115.02 212 94 78 130 2014 7 4 1 20 6 1 3
43 71 33 36.005 -114.95 210 94 67 130 2014 7 4 1 21 6 1 3
43 71 33 36.061 -114.95 199 1 54 130 2014 7 4 1 22 6 1 3
43 71 33 36.073 -115.01 181 282 40 130 2014 7 4 1 23 6 1 3
43 71 33 36.074 -115.08 185 283 32 130 2014 7 4 1 24 6 1 3
43 71 33 36.073 -115.12 142 271 22 130 2014 7 4 1 25 6 1 3
44 71 33 33.643 -117.89 151 0 19 290 2014 7 4 22 56 16 1 2
44 71 33 33.633 -117.9 150 207 26 290 2014 7 4 22 57 6 1 2
44 71 33 33.603 -117.9 145 212 34 290 2014 7 4 22 58 6 1 2
44 71 33 33.526 -117.99 258 187 92 290 2014 7 4 22 59 16 1 2
44 71 33 33.518 -118.11 308 225 123 290 2014 7 4 23 0 16 1 2
44 71 33 33.602 -118.09 308 9 123 290 2014 7 4 23 1 16 1 2
44 71 33 33.571 -118.22 348 290 161 290 2014 7 4 23 2 6 1 18
44 71 33 33.663 -118.25 373 283 190 290 2014 7 4 23 3 15 1 18
44 71 33 33.728 -118.16 388 320 223 290 2014 7 4 23 4 6 1 18
44 71 33 33.784 -118.06 379 17 246 290 2014 7 4 23 5 6 1 51
44 71 33 33.873 -117.97 407 53 269 290 2014 7 4 23 6 6 1 51
44 71 33 34.076 -117.79 416 37 290 290 2014 7 4 23 7 15 1 43
44 71 33 34.076 -117.79 416 37 290 290 2014 7 4 23 8 6 1 43
44 71 33 34.156 -117.68 430 40 290 290 2014 7 4 23 9 6 1 43
44 71 33 34.222 -117.56 428 41 290 290 2014 7 4 23 10 16 1 43
44 71 33 34.286 -117.44 426 51 290 290 2014 7 4 23 11 15 1 43
44 71 33 34.35 -117.32 426 56 290 290 2014 7 4 23 12 16 1 43
44 71 33 34.412 -117.2 421 56 290 290 2014 7 4 23 13 16 1 43
44 71 33 34.473 -117.08 420 58 290 290 2014 7 4 23 14 6 1 43
44 71 33 34.533 -116.96 420 52 290 290 2014 7 4 23 15 15 1 44
44 71 33 34.595 -116.83 429 58 290 290 2014 7 4 23 16 6 1 44
44 71 33 34.661 -116.71 435 58 290 290 2014 7 4 23 17 6 1 44
44 71 33 34.764 -116.59 436 57 290 290 2014 7 4 23 18 6 1 44
44 71 33 34.872 -116.53 432 49 283 290 2014 7 4 23 19 16 1 44
44 71 33 34.976 -116.47 422 35 264 290 2014 7 4 23 20 16 1 43
44 71 33 35.076 -116.41 405 24 245 130 2014 7 4 23 21 6 1 43
44 71 33 35.155 -116.33 382 22 240 130 2014 7 4 23 22 16 1 43
44 71 33 35.227 -116.25 370 32 240 130 2014 7 4 23 23 6 1 43
44 71 33 35.296 -116.15 368 42 227 130 2014 7 4 23 24 16 1 31
44 71 33 35.364 -116.07 354 45 209 130 2014 7 4 23 25 15 1 31
44 71 33 35.465 -115.94 343 45 183 130 2014 7 4 23 26 6 1 31
44 71 33 35.528 -115.87 334 45 167 130 2014 7 4 23 27 16 1 31
44 71 33 35.567 -115.81 329 42 157 130 2014 7 4 23 28 15 1 31
44 71 33 35.626 -115.73 324 45 139 130 2014 7 4 23 29 16 1 31
44 71 33 35.679 -115.65 313 52 117 130 2014 7 4 23 30 16 1 31
44 71 33 35.744 -115.55 312 50 91 130 2014 7 4 23 31 15 1 3
44 71 33 35.811 -115.45 279 52 80 130 2014 7 4 23 32 15 1 3
44 71 33 35.839 -115.41 259 52 80 130 2014 7 4 23 33 6 1 3
44 71 33 35.926 -115.36 238 23 70 130 2014 7 4 23 34 15 1 3
44 71 33 35.97 -115.34 240 23 61 130 2014 7 4 23 35 16 1 3
44 71 33 36.031 -115.32 233 19 50 130 2014 7 4 23 36 16 1 3
44 71 33 36.054 -115.31 191 20 44 130 2014 7 4 23 37 6 1 3
44 71 33 36.073 -115.26 138 29 39 130 2014 7 4 23 38 6 1 3
44 71 33 36.073 -115.18 150 90 26 130 2014 7 4 23 39 15 1 3
44 71 33 36.074 -115.14 143 89 21 130 2014 7 4 23 40 15 1 3
45 71 33 33.645 -117.89 183 0 230 230 2014 7 4 2 15 6 1 18
45 71 33 33.597 -117.91 183 198 230 230 2014 7 4 2 16 6 1 18
45 71 33 33.539 -117.93 230 194 53 230 2014 7 4 2 17 16 1 2
45 71 33 33.505 -118.01 256 197 70 230 2014 7 4 2 18 15 1 2
45 71 33 33.575 -118.02 256 351 70 230 2014 7 4 2 19 6 1 2
45 71 33 33.513 -118.1 311 260 89 230 2014 7 4 2 20 16 1 2
45 71 33 33.608 -118.18 352 260 117 230 2014 7 4 2 21 6 1 2
45 71 33 33.698 -118.13 368 305 141 230 2014 7 4 2 22 16 1 18
45 71 33 33.782 -118.06 375 353 166 230 2014 7 4 2 23 16 1 18
45 71 33 33.866 -117.98 378 30 193 230 2014 7 4 2 24 16 1 18
45 71 33 33.95 -117.9 379 36 214 230 2014 7 4 2 25 16 1 18
45 71 33 34.058 -117.81 402 36 228 230 2014 7 4 2 26 6 1 21
45 71 33 34.141 -117.7 426 39 230 230 2014 7 4 2 27 6 1 21
45 71 33 34.221 -117.59 434 40 230 230 2014 7 4 2 28 6 1 21
45 71 33 34.302 -117.48 434 47 230 230 2014 7 4 2 29 6 1 21
45 71 33 34.383 -117.38 435 48 230 230 2014 7 4 2 30 6 1 21
45 71 33 34.465 -117.26 436 48 230 230 2014 7 4 2 31 6 1 21
45 71 33 34.544 -117.15 434 48 230 230 2014 7 4 2 32 6 1 21
45 71 33 34.624 -117.04 435 44 230 230 2014 7 4 2 33 6 1 22
45 71 33 34.719 -116.91 434 48 230 230 2014 7 4 2 34 6 1 22
45 71 33 34.797 -116.8 434 48 230 230 2014 7 4 2 35 16 1 22
45 71 33 34.877 -116.69 434 48 230 230 2014 7 4 2 36 6 1 22
45 71 33 34.958 -116.58 436 48 230 230 2014 7 4 2 37 16 1 22
45 71 33 35.042 -116.47 437 48 230 230 2014 7 4 2 38 7 1 22
45 71 33 35.126 -116.37 437 46 230 130 2014 7 4 2 39 15 1 31
45 71 33 35.21 -116.27 437 45 227 130 2014 7 4 2 40 6 1 31
45 71 33 35.308 -116.14 428 45 203 130 2014 7 4 2 41 6 1 31
45 71 33 35.389 -116.04 423 45 184 130 2014 7 4 2 42 6 1 31
45 71 33 35.468 -115.94 417 45 164 130 2014 7 4 2 43 6 1 31
45 71 33 35.547 -115.84 409 45 146 130 2014 7 4 2 44 6 1 31
45 71 33 35.638 -115.73 378 45 133 130 2014 7 4 2 45 6 1 31
45 71 33 35.706 -115.64 338 46 131 130 2014 7 4 2 46 6 1 31
45 71 33 35.788 -115.58 346 37 131 130 2014 7 4 2 47 15 1 3
45 71 33 35.877 -115.57 347 34 131 130 2014 7 4 2 48 16 1 3
45 71 33 35.973 -115.57 346 0 131 130 2014 7 4 2 49 6 1 3
45 71 33 35.991 -115.57 348 359 131 130 2014 7 4 2 50 6 1 3
45 71 33 36.038 -115.46 346 44 121 130 2014 7 4 2 51 6 1 3
45 71 33 36.03 -115.33 339 92 109 130 2014 7 4 2 52 6 1 3
45 71 33 36.023 -115.23 309 94 98 130 2014 7 4 2 53 6 1 3
45 71 33 36.014 -115.14 263 95 89 130 2014 7 4 2 54 6 1 3
45 71 33 36.05 -115.07 233 73 77 130 2014 7 4 2 55 6 1 3
45 71 33 36.109 -115.05 211 21 62 130 2014 7 4 2 56 6 1 3
45 71 33 36.142 -115.1 167 333 47 130 2014 7 4 2 57 6 1 3
45 71 33 36.13 -115.14 122 272 29 130 2014 7 4 2 58 16 1 3
45 71 33 36.11 -115.15 129 250 24 130 2014 7 4 2 59 6 1 3
47 71 33 33.65 -117.88 148 0 18 290 2014 7 4 20 1 6 1 2
47 71 33 33.627 -117.89 144 206 25 290 2014 7 4 20 2 6 1 2
47 71 33 33.584 -117.9 151 203 41 290 2014 7 4 20 3 15 1 2
47 71 33 33.526 -117.93 214 196 77 290 2014 7 4 20 4 15 1 2
47 71 33 33.533 -118.01 258 195 93 290 2014 7 4 20 5 16 1 2
47 71 33 33.588 -118.08 315 240 112 290 2014 7 4 20 6 6 1 2
47 71 33 33.68 -118.08 343 320 123 290 2014 7 4 20 7 16 1 2
47 71 33 33.796 -118.04 360 339 161 290 2014 7 4 20 8 16 1 18
47 71 33 33.88 -117.97 377 9 194 290 2014 7 4 20 9 16 1 18
47 71 33 33.968 -117.89 392 28 222 290 2014 7 4 20 10 6 1 18
47 71 33 34.059 -117.81 406 36 234 290 2014 7 4 20 11 15 1 21
47 71 33 34.139 -117.71 414 36 259 290 2014 7 4 20 12 6 1 43
47 71 33 34.219 -117.6 434 41 277 290 2014 7 4 20 13 15 1 43
47 71 33 34.321 -117.46 453 47 290 290 2014 7 4 20 14 16 1 43
47 71 33 34.407 -117.34 457 48 290 290 2014 7 4 20 15 16 1 43
47 71 33 34.491 -117.23 457 48 290 290 2014 7 4 20 16 6 1 43
47 71 33 34.574 -117.11 457 48 290 290 2014 7 4 20 17 6 1 43
47 71 33 34.659 -117 457 48 290 290 2014 7 4 20 18 6 1 43
47 71 33 34.742 -116.88 458 48 290 290 2014 7 4 20 19 6 1 43
47 71 33 34.826 -116.76 458 48 290 290 2014 7 4 20 20 16 1 43
47 71 33 34.927 -116.62 458 48 288 290 2014 7 4 20 21 16 1 43
47 71 33 35.011 -116.51 457 48 264 290 2014 7 4 20 22 6 1 43
47 71 33 35.095 -116.41 436 47 241 290 2014 7 4 20 23 6 1 43
47 71 33 35.179 -116.3 436 45 241 130 2014 7 4 20 24 6 1 43
47 71 33 35.255 -116.21 410 45 240 130 2014 7 4 20 25 15 1 43
47 71 33 35.334 -116.11 410 45 240 130 2014 7 4 20 26 15 1 43
47 71 33 35.411 -116.01 391 45 198 130 2014 7 4 20 27 6 1 31
47 71 33 35.454 -115.96 381 45 186 130 2014 7 4 20 28 6 1 31
47 71 33 35.562 -115.82 356 43 153 130 2014 7 4 20 29 15 1 31
47 71 33 35.589 -115.79 350 47 148 130 2014 7 4 20 30 6 1 31
47 71 33 35.676 -115.74 358 35 139 130 2014 7 4 20 31 6 1 31
47 71 33 35.765 -115.69 348 24 129 130 2014 7 4 20 32 6 1 31
47 71 33 35.845 -115.64 325 24 120 130 2014 7 4 20 33 6 1 3
47 71 33 35.927 -115.59 294 25 110 130 2014 7 4 20 34 6 1 3
47 71 33 35.984 -115.52 277 27 110 130 2014 7 4 20 35 6 1 3
47 71 33 36.013 -115.43 279 68 110 130 2014 7 4 20 36 15 1 3
47 71 33 36.028 -115.33 279 70 108 130 2014 7 4 20 37 6 1 3
47 71 33 36.023 -115.24 272 94 95 130 2014 7 4 20 38 6 1 3
47 71 33 36.014 -115.13 253 94 84 130 2014 7 4 20 39 15 1 3
47 71 33 36.011 -115.08 207 94 81 130 2014 7 4 20 40 6 1 3
47 71 33 36.004 -115 193 93 65 130 2014 7 4 20 41 6 1 3
47 71 33 36.003 -114.95 202 95 59 130 2014 7 4 20 42 6 1 3
47 71 33 36.034 -114.91 203 91 53 130 2014 7 4 20 43 6 1 3
47 71 33 36.074 -114.98 202 320 43 130 2014 7 4 20 44 6 1 3
47 71 33 36.074 -115.02 201 289 36 130 2014 7 4 20 45 6 1 3
47 71 33 36.074 -115.1 156 270 25 130 2014 7 4 20 46 16 1 3
47 71 33 36.073 -115.13 149 268 20 130 2014 7 4 20 47 16 1 3
48 71 33 33.676 -117.87 149 0 0 290 2014 7 4 15 32 6 1 2
48 71 33 33.617 -117.9 150 204 27 290 2014 7 4 15 33 6 1 2
48 71 33 33.568 -117.91 164 198 45 290 2014 7 4 15 34 16 1 2
48 71 33 33.523 -117.97 260 186 67 290 2014 7 4 15 35 15 1 2
48 71 33 33.523 -117.97 260 186 67 290 2014 7 4 15 36 6 1 2
48 71 33 33.489 -118.06 282 213 81 290 2014 7 4 15 37 6 1 2
48 71 33 33.544 -118.12 297 237 95 290 2014 7 4 15 38 16 1 2
48 71 33 33.633 -118.14 315 279 119 290 2014 7 4 15 39 6 1 2
48 71 33 33.721 -118.1 350 352 154 290 2014 7 4 15 40 15 1 18
48 71 33 33.806 -118.03 365 5 184 290 2014 7 4 15 41 6 1 18
48 71 33 33.889 -117.96 374 26 212 290 2014 7 4 15 42 6 1 18
48 71 33 33.994 -117.86 396 36 230 290 2014 7 4 15 43 6 1 18
48 71 33 34.083 -117.78 401 37 246 290 2014 7 4 15 44 15 1 43
48 71 33 34.159 -117.68 404 37 274 290 2014 7 4 15 45 6 1 43
48 71 33 34.234 -117.58 410 42 290 290 2014 7 4 15 46 16 1 43
48 71 33 34.311 -117.47 410 48 290 290 2014 7 4 15 47 16 1 43
48 71 33 34.39 -117.36 411 47 290 290 2014 7 4 15 48 6 1 43
48 71 33 34.466 -117.26 412 48 290 290 2014 7 4 15 49 16 1 43
48 71 33 34.544 -117.15 418 48 290 290 2014 7 4 15 50 6 1 43
48 71 33 34.634 -117.03 419 48 290 290 2014 7 4 15 51 6 1 43
48 71 33 34.711 -116.92 419 48 290 130 2014 7 4 15 52 16 1 43
48 71 33 34.789 -116.82 419 48 284 130 2014 7 4 15 53 6 1 43
48 71 33 34.863 -116.71 417 48 274 130 2014 7 4 15 54 15 1 43
48 71 33 34.938 -116.61 415 48 264 130 2014 7 4 15 55 6 1 43
48 71 33 35.013 -116.51 404 49 254 130 2014 7 4 15 56 15 1 43
48 71 33 35.105 -116.4 397 47 240 130 2014 7 4 15 57 6 1 43
48 71 33 35.181 -116.3 394 45 238 130 2014 7 4 15 58 6 1 31
48 71 33 35.259 -116.2 397 45 228 130 2014 7 4 15 59 16 1 31
48 71 33 35.333 -116.11 391 45 217 130 2014 7 4 16 0 6 1 31
48 71 33 35.407 -116.02 383 45 198 130 2014 7 4 16 1 15 1 31
48 71 33 35.499 -115.91 373 45 175 130 2014 7 4 16 2 15 1 31
48 71 33 35.561 -115.82 353 44 157 130 2014 7 4 16 3 6 1 31
48 71 33 35.626 -115.74 337 48 139 130 2014 7 4 16 4 6 1 31
48 71 33 35.696 -115.66 326 45 130 130 2014 7 4 16 5 15 1 31
48 71 33 35.753 -115.58 311 44 131 130 2014 7 4 16 6 6 1 3
48 71 33 35.767 -115.58 308 44 130 130 2014 7 4 16 7 6 1 3
48 71 33 35.856 -115.57 313 5 130 130 2014 7 4 16 8 6 1 3
48 71 33 35.942 -115.57 313 2 130 130 2014 7 4 16 9 6 1 3
48 71 33 35.996 -115.49 307 43 123 130 2014 7 4 16 10 6 1 3
48 71 33 36.025 -115.39 299 68 111 130 2014 7 4 16 11 6 1 3
48 71 33 36.019 -115.2 273 95 90 130 2014 7 4 16 12 15 1 3
48 71 33 36.014 -115.12 257 94 82 130 2014 7 4 16 13 15 1 3
48 71 33 36.013 -115.11 262 93 81 130 2014 7 4 16 14 6 1 3
48 71 33 36.008 -115.03 215 95 79 130 2014 7 4 16 15 16 1 3
48 71 33 36.004 -114.96 205 94 68 130 2014 7 4 16 16 6 1 3
48 71 33 36.049 -114.93 208 40 52 130 2014 7 4 16 17 15 1 3
48 71 33 36.073 -114.98 184 308 43 130 2014 7 4 16 18 6 1 3
48 71 33 36.074 -115.09 155 270 27 130 2014 7 4 16 19 15 1 3
48 71 33 36.073 -115.1 151 271 25 130 2014 7 4 16 20 6 1 3
48 71 33 36.072 -115.14 144 269 21 130 2014 7 4 16 21 6 1 3
49 71 33 33.636 -117.89 142 196 24 290 2014 7 4 17 32 15 1 2
49 71 33 33.592 -117.9 151 202 38 290 2014 7 4 17 33 15 1 2
49 71 33 33.553 -117.92 151 199 38 290 2014 7 4 17 34 6 1 2
49 71 33 33.552 -118.07 271 231 93 290 2014 7 4 17 35 15 1 2
49 71 33 33.552 -118.07 271 231 93 290 2014 7 4 17 36 6 1 2
49 71 33 33.604 -118.14 322 284 118 290 2014 7 4 17 37 16 1 2
49 71 33 33.698 -118.12 354 286 150 290 2014 7 4 17 38 6 1 18
49 71 33 33.783 -118.05 359 345 171 290 2014 7 4 17 39 15 1 18
49 71 33 33.879 -117.97 360 20 173 290 2014 7 4 17 40 6 1 18
49 71 33 33.962 -117.89 371 35 190 290 2014 7 4 17 41 6 1 18
49 71 33 34.044 -117.82 374 36 190 290 2014 7 4 17 42 16 1 18
49 71 33 34.12 -117.73 374 37 200 290 2014 7 4 17 43 6 1 21
49 71 33 34.192 -117.63 384 40 226 290 2014 7 4 17 44 6 1 21
49 71 33 34.266 -117.53 400 45 239 290 2014 7 4 17 45 6 1 21
49 71 33 34.358 -117.41 412 48 262 290 2014 7 4 17 46 6 1 43
49 71 33 34.425 -117.32 429 48 270 290 2014 7 4 17 47 16 1 43
49 71 33 34.52 -117.19 431 48 270 290 2014 7 4 17 48 6 1 43
49 71 33 34.598 -117.08 430 47 270 290 2014 7 4 17 49 6 1 43
49 71 33 34.677 -116.97 430 48 270 290 2014 7 4 17 50 16 1 43
49 71 33 34.755 -116.86 430 48 270 290 2014 7 4 17 51 6 1 43
49 71 33 34.849 -116.73 428 48 270 290 2014 7 4 17 52 6 1 43
49 71 33 34.927 -116.62 428 48 270 130 2014 7 4 17 53 6 1 43
49 71 33 35.009 -116.52 430 48 264 130 2014 7 4 17 54 15 1 43
49 71 33 35.089 -116.42 422 47 246 130 2014 7 4 17 55 15 1 43
49 71 33 35.168 -116.32 411 46 236 130 2014 7 4 17 56 6 1 31
49 71 33 35.244 -116.22 407 45 226 130 2014 7 4 17 57 16 1 31
49 71 33 35.337 -116.11 398 46 214 130 2014 7 4 17 58 6 1 31
49 71 33 35.409 -116.01 384 45 195 130 2014 7 4 17 59 6 1 31
49 71 33 35.479 -115.92 370 45 176 130 2014 7 4 18 0 16 1 31
49 71 33 35.551 -115.83 360 44 156 130 2014 7 4 18 1 6 1 31
49 71 33 35.617 -115.75 350 46 141 130 2014 7 4 18 2 8 1 31
49 71 33 35.684 -115.67 345 46 130 130 2014 7 4 18 3 6 1 31
49 71 33 35.685 -115.66 349 45 130 130 2014 7 4 18 4 6 1 31
49 71 33 35.847 -115.52 348 39 130 130 2014 7 4 18 5 15 1 3
49 71 33 35.923 -115.46 345 31 120 130 2014 7 4 18 6 15 1 3
49 71 33 35.94 -115.45 345 32 116 130 2014 7 4 18 7 6 1 3
49 71 33 36.013 -115.39 309 32 111 130 2014 7 4 18 8 6 1 3
49 71 33 36.018 -115.2 271 95 87 130 2014 7 4 18 9 16 1 3
49 71 33 36.015 -115.15 261 95 77 130 2014 7 4 18 10 16 1 3
49 71 33 36.013 -115.08 236 93 70 130 2014 7 4 18 11 15 1 3
49 71 33 36.066 -115.03 199 74 42 130 2014 7 4 18 12 16 1 3
49 71 33 36.071 -115.08 168 347 33 130 2014 7 4 18 13 6 1 3
49 71 33 36.073 -115.1 160 278 26 130 2014 7 4 18 14 16 1 3
49 71 33 36.073 -115.14 137 268 20 130 2014 7 4 18 15 16 1 3
50 71 33 33.644 -117.89 143 212 19 290 2014 7 4 21 43 16 1 2
50 71 33 33.605 -117.9 142 180 36 290 2014 7 4 21 44 18 1 2
50 71 33 33.546 -117.92 218 193 61 290 2014 7 4 21 45 6 1 2
50 71 33 33.531 -118.01 288 195 97 290 2014 7 4 21 46 6 1 2
50 71 33 33.583 -118.08 326 232 126 290 2014 7 4 21 47 6 1 2
50 71 33 33.699 -118.06 353 285 167 290 2014 7 4 21 48 6 1 18
50 71 33 33.797 -118.04 370 345 198 290 2014 7 4 21 49 15 1 18
50 71 33 33.883 -117.97 381 18 227 290 2014 7 4 21 50 16 1 18
50 71 33 33.883 -117.97 381 18 227 290 2014 7 4 21 51 6 1 18
50 71 33 34.059 -117.8 398 36 231 290 2014 7 4 21 52 16 1 21
50 71 33 34.059 -117.8 398 36 231 290 2014 7 4 21 53 6 1 21
50 71 33 34.148 -117.72 403 37 257 290 2014 7 4 21 54 6 1 43
50 71 33 34.346 -117.54 408 37 290 290 2014 7 4 21 55 6 1 43
50 71 33 34.429 -117.48 409 36 290 290 2014 7 4 21 56 15 1 43
50 71 33 34.475 -117.35 409 66 290 290 2014 7 4 21 57 16 1 43
50 71 33 34.524 -117.4 410 44 290 290 2014 7 4 21 58 15 1 43
50 71 33 34.64 -117.31 410 32 290 290 2014 7 4 21 59 16 1 43
50 71 33 34.734 -117.24 410 32 290 290 2014 7 4 22 0 6 1 43
50 71 33 34.934 -117.11 412 31 290 290 2014 7 4 22 1 15 1 43
50 71 33 34.934 -117.11 412 31 290 290 2014 7 4 22 2 6 1 43
50 71 33 35.01 -117.01 406 28 290 290 2014 7 4 22 3 6 1 34
50 71 33 35.035 -116.87 407 37 290 290 2014 7 4 22 4 16 1 43
50 71 33 35.081 -116.74 406 60 282 290 2014 7 4 22 5 16 1 43
50 71 33 35.157 -116.61 406 71 270 290 2014 7 4 22 6 6 1 43
50 71 33 35.219 -116.5 403 60 260 150 2014 7 4 22 7 16 1 43
50 71 33 35.281 -116.39 398 55 250 150 2014 7 4 22 8 16 1 43
50 71 33 35.348 -116.29 385 55 239 150 2014 7 4 22 9 15 1 31
50 71 33 35.422 -116.2 366 52 229 150 2014 7 4 22 10 16 1 31
50 71 33 35.495 -116.12 363 46 220 110 2014 7 4 22 11 6 1 31
50 71 33 35.606 -116 362 43 190 110 2014 7 4 22 12 16 1 31
50 71 33 35.675 -115.92 345 43 172 150 2014 7 4 22 13 6 1 31
50 71 33 35.737 -115.84 334 44 156 150 2014 7 4 22 14 6 1 31
50 71 33 35.803 -115.76 323 42 144 150 2014 7 4 22 15 6 1 31
50 71 33 35.86 -115.69 307 43 130 150 2014 7 4 22 16 15 1 3
50 71 33 35.866 -115.61 254 68 130 150 2014 7 4 22 17 16 1 3
50 71 33 35.811 -115.55 247 139 120 150 2014 7 4 22 18 16 1 3
50 71 33 35.797 -115.46 261 109 106 150 2014 7 4 22 19 16 1 3
50 71 33 35.807 -115.4 261 70 97 150 2014 7 4 22 20 16 1 3
50 71 33 35.89 -115.36 254 19 79 150 2014 7 4 22 21 15 1 3
50 71 33 35.954 -115.34 238 16 69 150 2014 7 4 22 22 15 1 3
50 71 33 36.016 -115.32 233 16 56 150 2014 7 4 22 23 6 1 3
50 71 33 36.068 -115.28 209 22 42 150 2014 7 4 22 24 6 1 3
50 71 33 36.072 -115.22 153 79 33 150 2014 7 4 22 25 15 1 3
50 71 33 36.073 -115.18 142 85 25 150 2014 7 4 22 26 6 1 3
50 71 33 36.074 -115.13 141 89 21 150 2014 7 4 22 27 15 1 3
