2 71 70 33.667 -117.88 146 0 14 400 2014 7 1 0 44 6 1 2
2 71 70 33.647 -117.89 144 234 20 400 2014 7 1 0 45 6 1 2
2 71 70 33.596 -117.9 152 208 37 400 2014 7 1 0 46 6 1 2
2 71 70 33.539 -117.93 219 208 55 400 2014 7 1 0 47 6 1 2
2 71 70 33.475 -117.98 260 197 70 400 2014 7 1 0 48 6 1 2
2 71 70 33.409 -118.03 274 224 79 400 2014 7 1 0 49 6 1 2
2 71 70 33.347 -118.09 288 213 112 400 2014 7 1 0 50 6 1 2
2 71 70 33.351 -118.2 344 216 134 400 2014 7 1 0 51 6 1 17
2 71 70 33.436 -118.27 365 247 169 400 2014 7 1 0 52 6 1 17
2 71 70 33.556 -118.32 387 307 208 400 2014 7 1 0 53 16 1 17
2 71 70 33.665 -118.35 395 334 237 400 2014 7 1 0 54 6 1 17
2 71 70 33.766 -118.38 415 343 261 400 2014 7 1 0 55 6 1 51
2 71 70 33.906 -118.42 427 346 291 400 2014 7 1 0 56 6 1 51
2 71 70 34.026 -118.45 432 346 311 400 2014 7 1 0 57 6 1 51
2 71 70 34.149 -118.47 442 347 334 400 2014 7 1 0 58 6 1 53
2 71 70 34.27 -118.49 441 351 357 400 2014 7 1 0 59 6 1 53
2 71 70 34.382 -118.54 432 16 374 400 2014 7 1 1 0 6 1 53
2 71 70 34.494 -118.6 433 345 388 400 2014 7 1 1 1 6 1 53
2 71 70 34.63 -118.66 435 338 400 400 2014 7 1 1 2 6 1 53
2 71 70 34.743 -118.72 442 337 400 400 2014 7 1 1 3 6 1 53
2 71 70 34.856 -118.78 441 337 400 400 2014 7 1 1 4 6 1 53
2 71 70 34.899 -118.8 438 337 400 400 2014 7 1 1 5 6 1 53
2 71 70 35.076 -118.89 437 337 400 400 2014 7 1 1 6 6 1 53
2 71 70 35.211 -118.95 438 337 400 400 2014 7 1 1 7 6 1 53
2 71 70 35.322 -119.01 436 337 400 400 2014 7 1 1 8 6 1 53
2 71 70 35.432 -119.06 436 337 400 400 2014 7 1 1 9 6 1 53
2 71 70 35.542 -119.12 435 337 400 400 2014 7 1 1 10 6 1 53
2 71 70 35.649 -119.19 438 335 400 400 2014 7 1 1 11 6 1 53
2 71 70 35.688 -119.22 429 332 400 400 2014 7 1 1 12 6 1 53
2 71 70 35.793 -119.28 429 331 400 400 2014 7 1 1 13 6 1 53
2 71 70 35.901 -119.35 430 332 400 400 2014 7 1 1 14 6 1 53
2 71 70 36.006 -119.42 430 332 400 400 2014 7 1 1 15 6 1 53
2 71 70 36.112 -119.49 429 332 400 400 2014 7 1 1 16 6 4 187
2 71 70 36.217 -119.56 430 332 400 400 2014 7 1 1 17 6 4 187
2 71 70 36.344 -119.64 429 332 400 400 2014 7 1 1 18 6 4 187
2 71 70 36.45 -119.71 429 332 400 400 2014 7 1 1 19 16 4 187
2 71 70 36.556 -119.78 430 332 400 240 2014 7 1 1 20 6 4 187
2 71 70 36.661 -119.85 430 332 393 240 2014 7 1 1 21 6 4 187
2 71 70 36.766 -119.92 430 332 384 240 2014 7 1 1 22 6 4 187
2 71 70 36.871 -119.98 430 332 368 240 2014 7 1 1 23 6 4 187
2 71 70 36.977 -120.06 430 332 340 240 2014 7 1 1 24 6 4 187
2 71 70 37.085 -120.13 431 332 316 240 2014 7 1 1 25 6 4 187
2 71 70 37.25 -120.23 433 332 279 240 2014 7 1 1 26 6 4 187
2 71 70 37.35 -120.3 442 332 257 240 2014 7 1 1 27 6 4 187
2 71 70 37.416 -120.35 413 332 241 240 2014 7 1 1 28 6 4 184
2 71 70 37.503 -120.43 391 332 230 240 2014 7 1 1 29 6 4 152
2 71 70 37.617 -120.53 373 320 217 240 2014 7 1 1 30 6 4 152
2 71 70 37.683 -120.62 369 321 208 240 2014 7 1 1 31 6 4 152
2 71 70 37.767 -120.7 366 321 198 240 2014 7 1 1 32 6 4 177
2 71 70 37.85 -120.78 363 321 188 240 2014 7 1 1 33 6 4 177
2 71 70 37.933 -120.85 360 321 176 240 2014 7 1 1 34 16 4 177
2 71 70 37.98 -120.91 354 320 163 240 2014 7 1 1 35 6 4 172
2 71 70 38.071 -121 349 321 140 240 2014 7 1 1 36 6 4 172
2 71 70 38.133 -121.09 340 315 121 240 2014 7 1 1 37 16 4 172
2 71 70 38.193 -121.18 333 310 103 240 2014 7 1 1 38 6 4 172
2 71 70 38.248 -121.26 307 313 92 240 2014 7 1 1 39 6 4 153
2 71 70 38.302 -121.34 295 307 77 240 2014 7 1 1 40 6 4 153
2 71 70 38.354 -121.42 288 307 62 240 2014 7 1 1 41 6 4 153
2 71 70 38.4 -121.48 280 310 51 240 2014 7 1 1 42 6 4 153
2 71 70 38.474 -121.53 261 338 40 240 2014 7 1 1 43 16 4 153
2 71 70 38.533 -121.56 230 338 32 240 2014 7 1 1 44 15 4 153
2 71 70 38.583 -121.58 210 337 19 240 2014 7 1 1 45 6 4 153
2 71 70 38.636 -121.6 185 345 10 240 2014 7 1 1 46 7 4 153
2 71 70 38.678 -121.6 158 0 2 240 2014 7 1 1 47 7 4 153
2 71 70 38.678 -121.6 158 0 2 240 2014 7 1 1 48 6 4 153
8 71 70 33.676 -117.87 149 0 0 400 2014 7 2 23 13 6 1 2
8 71 70 33.567 -117.9 170 196 33 400 2014 7 2 23 14 16 1 2
8 71 70 33.517 -117.93 272 193 50 400 2014 7 2 23 15 6 1 2
8 71 70 33.501 -117.95 241 202 51 400 2014 7 2 23 16 6 1 2
8 71 70 33.436 -118 269 211 90 400 2014 7 2 23 17 16 1 2
8 71 70 33.369 -118.06 285 234 116 400 2014 7 2 23 18 6 1 2
8 71 70 33.342 -118.18 345 214 158 400 2014 7 2 23 19 6 1 17
8 71 70 33.359 -118.3 359 238 190 400 2014 7 2 23 20 6 1 17
8 71 70 33.412 -118.41 389 271 222 400 2014 7 2 23 21 6 1 17
8 71 70 33.524 -118.42 411 290 245 400 2014 7 2 23 22 6 1 51
8 71 70 33.643 -118.43 423 328 272 400 2014 7 2 23 23 6 1 51
8 71 70 33.782 -118.43 432 357 299 400 2014 7 2 23 24 16 1 51
8 71 70 33.896 -118.43 441 358 316 400 2014 7 2 23 25 16 1 51
8 71 70 34.02 -118.45 445 359 335 400 2014 7 2 23 26 10 1 51
8 71 70 34.146 -118.47 450 356 340 400 2014 7 2 23 27 6 1 53
8 71 70 34.294 -118.49 452 353 340 400 2014 7 2 23 28 6 1 53
8 71 70 34.414 -118.53 450 351 342 400 2014 7 2 23 29 20 1 53
8 71 70 34.529 -118.59 450 341 360 400 2014 7 2 23 30 8 1 53
8 71 70 34.64 -118.65 442 336 377 400 2014 7 2 23 31 6 1 53
8 71 70 34.753 -118.71 442 337 391 400 2014 7 2 23 32 6 1 53
8 71 70 34.865 -118.77 442 337 400 400 2014 7 2 23 33 6 1 53
8 71 70 34.936 -118.8 441 336 400 400 2014 7 2 23 34 6 1 53
8 71 70 35.113 -118.9 438 336 400 400 2014 7 2 23 35 6 1 53
8 71 70 35.159 -118.92 439 336 400 400 2014 7 2 23 36 6 1 53
8 71 70 35.339 -119.02 439 336 400 400 2014 7 2 23 37 16 1 53
8 71 70 35.403 -119.05 438 336 400 400 2014 7 2 23 38 6 1 53
8 71 70 35.515 -119.11 439 337 400 400 2014 7 2 23 39 6 1 53
8 71 70 35.623 -119.18 439 333 400 400 2014 7 2 23 40 6 1 53
8 71 70 35.73 -119.25 438 332 400 400 2014 7 2 23 41 6 1 53
8 71 70 35.838 -119.32 438 332 400 400 2014 7 2 23 42 6 1 53
8 71 70 35.968 -119.4 438 332 400 400 2014 7 2 23 43 6 1 53
8 71 70 36.073 -119.47 434 332 400 400 2014 7 2 23 44 6 4 187
8 71 70 36.181 -119.54 434 332 400 400 2014 7 2 23 45 6 4 187
8 71 70 36.287 -119.61 434 332 400 400 2014 7 2 23 46 6 4 187
8 71 70 36.395 -119.68 434 332 400 400 2014 7 2 23 47 6 4 187
8 71 70 36.502 -119.75 435 332 400 400 2014 7 2 23 48 6 4 187
8 71 70 36.61 -119.81 437 332 400 400 2014 7 2 23 49 16 4 187
8 71 70 36.74 -119.9 438 332 400 400 2014 7 2 23 50 6 4 187
8 71 70 36.849 -119.97 441 332 387 400 2014 7 2 23 51 6 4 187
8 71 70 36.955 -120.04 438 332 361 400 2014 7 2 23 52 6 4 187
8 71 70 37.063 -120.11 437 332 329 400 2014 7 2 23 53 15 4 187
8 71 70 37.167 -120.18 438 332 302 400 2014 7 2 23 54 16 4 187
8 71 70 37.272 -120.25 434 332 276 200 2014 7 2 23 55 16 4 187
8 71 70 37.379 -120.32 434 332 276 200 2014 7 2 23 56 6 4 184
8 71 70 37.374 -120.32 424 331 252 200 2014 7 2 23 57 6 4 184
8 71 70 37.572 -120.5 399 327 224 200 2014 7 2 23 58 15 4 152
8 71 70 37.6 -120.52 392 317 222 200 2014 7 2 23 59 6 4 152
8 71 70 37.683 -120.6 390 321 212 200 2014 7 3 0 0 6 4 152
8 71 70 37.767 -120.68 394 321 203 200 2014 7 3 0 1 6 4 177
8 71 70 37.85 -120.77 386 320 192 200 2014 7 3 0 2 6 4 177
8 71 70 37.933 -120.85 387 321 182 200 2014 7 3 0 3 16 4 177
8 71 70 38.017 -120.95 388 321 171 200 2014 7 3 0 4 16 4 172
8 71 70 38.079 -121.01 385 320 164 200 2014 7 3 0 5 6 4 172
8 71 70 38.167 -121.13 374 310 151 200 2014 7 3 0 6 6 4 172
8 71 70 38.226 -121.23 365 312 142 200 2014 7 3 0 7 6 4 172
8 71 70 38.291 -121.33 357 310 132 200 2014 7 3 0 8 6 4 172
8 71 70 38.355 -121.42 351 307 119 200 2014 7 3 0 9 6 4 172
8 71 70 38.407 -121.5 320 315 111 200 2014 7 3 0 10 6 4 153
8 71 70 38.473 -121.57 296 313 96 200 2014 7 3 0 11 6 4 153
8 71 70 38.542 -121.63 290 329 82 200 2014 7 3 0 12 6 4 153
8 71 70 38.614 -121.67 288 329 70 200 2014 7 3 0 13 6 4 153
8 71 70 38.689 -121.68 276 0 43 200 2014 7 3 0 14 6 4 153
8 71 70 38.76 -121.68 263 348 25 200 2014 7 3 0 15 6 4 153
8 71 70 38.779 -121.63 196 49 19 200 2014 7 3 0 16 7 4 153
8 71 70 38.75 -121.6 144 122 9 200 2014 7 3 0 17 6 4 153
8 71 70 38.721 -121.6 136 180 3 200 2014 7 3 0 18 6 4 153
13 71 70 33.676 -117.87 149 0 0 400 2014 7 2 17 15 6 1 2
13 71 70 33.639 -117.89 145 212 21 400 2014 7 2 17 16 7 1 2
13 71 70 33.583 -117.9 202 181 39 400 2014 7 2 17 17 6 1 2
13 71 70 33.516 -117.94 243 216 70 400 2014 7 2 17 18 16 1 2
13 71 70 33.458 -118 276 208 102 400 2014 7 2 17 19 6 1 2
13 71 70 33.434 -118.11 329 214 128 400 2014 7 2 17 20 16 1 2
13 71 70 33.411 -118.23 350 246 160 400 2014 7 2 17 21 6 1 17
13 71 70 33.403 -118.35 378 256 188 400 2014 7 2 17 22 6 1 17
13 71 70 33.493 -118.42 398 261 217 400 2014 7 2 17 23 6 1 17
13 71 70 33.636 -118.43 426 296 240 400 2014 7 2 17 24 6 1 51
13 71 70 33.764 -118.43 445 345 264 400 2014 7 2 17 25 6 1 51
13 71 70 33.894 -118.43 453 358 288 400 2014 7 2 17 26 6 1 51
13 71 70 34.02 -118.45 455 358 305 400 2014 7 2 17 27 6 1 51
13 71 70 34.15 -118.47 468 355 322 400 2014 7 2 17 28 6 1 53
13 71 70 34.278 -118.5 468 353 346 400 2014 7 2 17 29 6 1 53
13 71 70 34.391 -118.56 446 350 365 400 2014 7 2 17 30 6 1 53
13 71 70 34.504 -118.61 443 337 377 400 2014 7 2 17 31 6 1 53
13 71 70 34.642 -118.68 444 338 393 400 2014 7 2 17 32 6 1 53
13 71 70 34.756 -118.73 444 338 400 400 2014 7 2 17 33 6 1 53
13 71 70 34.87 -118.79 444 338 400 400 2014 7 2 17 34 16 1 53
13 71 70 34.987 -118.85 445 338 400 400 2014 7 2 17 35 16 1 53
13 71 70 35.101 -118.91 444 337 400 400 2014 7 2 17 36 6 1 53
13 71 70 35.214 -118.96 443 338 400 400 2014 7 2 17 37 6 1 53
13 71 70 35.35 -119.03 441 337 400 400 2014 7 2 17 38 6 1 53
13 71 70 35.396 -119.05 442 338 400 400 2014 7 2 17 39 6 1 53
13 71 70 35.579 -119.15 447 337 400 400 2014 7 2 17 40 6 1 53
13 71 70 35.625 -119.17 445 337 400 400 2014 7 2 17 41 7 1 53
13 71 70 35.763 -119.24 445 337 400 400 2014 7 2 17 42 6 1 53
13 71 70 35.878 -119.3 448 337 400 400 2014 7 2 17 43 6 1 53
13 71 70 35.991 -119.36 448 337 400 400 2014 7 2 17 44 6 1 53
13 71 70 36.096 -119.43 441 332 400 400 2014 7 2 17 45 6 4 187
13 71 70 36.203 -119.51 440 330 400 400 2014 7 2 17 46 6 4 187
13 71 70 36.311 -119.58 442 330 400 400 2014 7 2 17 47 9 4 187
13 71 70 36.42 -119.65 445 331 400 400 2014 7 2 17 48 6 4 187
13 71 70 36.552 -119.74 446 331 393 400 2014 7 2 17 49 6 4 187
13 71 70 36.658 -119.82 445 338 383 400 2014 7 2 17 50 6 4 187
13 71 70 36.767 -119.89 445 340 373 240 2014 7 2 17 51 6 4 187
13 71 70 36.876 -119.97 447 330 364 240 2014 7 2 17 52 6 4 187
13 71 70 36.985 -120.04 450 330 338 240 2014 7 2 17 53 16 4 187
13 71 70 37.1 -120.12 450 331 312 240 2014 7 2 17 54 6 4 187
13 71 70 37.206 -120.2 438 331 289 200 2014 7 2 17 55 6 4 187
13 71 70 37.307 -120.27 421 329 266 200 2014 7 2 17 56 6 4 187
13 71 70 37.35 -120.3 437 330 258 200 2014 7 2 17 57 6 4 187
13 71 70 37.533 -120.45 410 332 228 200 2014 7 2 17 58 6 4 152
13 71 70 37.602 -120.53 404 317 220 200 2014 7 2 17 59 6 4 152
13 71 70 37.689 -120.61 400 319 210 200 2014 7 2 18 0 6 4 152
13 71 70 37.774 -120.7 398 321 200 200 2014 7 2 18 1 7 4 177
13 71 70 37.883 -120.8 389 321 188 200 2014 7 2 18 2 16 4 177
13 71 70 37.883 -120.8 389 321 188 200 2014 7 2 18 3 6 4 177
13 71 70 37.948 -120.88 384 324 169 200 2014 7 2 18 4 6 4 177
13 71 70 38.087 -121.06 371 310 142 200 2014 7 2 18 5 16 4 172
13 71 70 38.167 -121.17 354 315 120 200 2014 7 2 18 6 16 4 172
13 71 70 38.167 -121.17 354 315 120 200 2014 7 2 18 7 6 4 172
13 71 70 38.232 -121.26 346 309 102 200 2014 7 2 18 8 6 4 172
13 71 70 38.291 -121.34 317 315 100 200 2014 7 2 18 9 6 4 172
13 71 70 38.346 -121.42 297 313 100 200 2014 7 2 18 10 6 4 172
13 71 70 38.45 -121.55 292 313 77 200 2014 7 2 18 11 11 4 153
13 71 70 38.463 -121.57 296 313 72 200 2014 7 2 18 12 6 4 153
13 71 70 38.583 -121.67 281 328 42 200 2014 7 2 18 13 16 4 153
13 71 70 38.667 -121.68 248 328 33 200 2014 7 2 18 14 7 4 153
13 71 70 38.717 -121.68 209 353 30 200 2014 7 2 18 15 6 4 153
13 71 70 38.75 -121.67 169 5 21 200 2014 7 2 18 16 6 4 153
13 71 70 38.75 -121.62 146 41 12 200 2014 7 2 18 17 6 4 153
13 71 70 38.733 -121.58 148 88 6 200 2014 7 2 18 18 6 4 153
13 71 70 38.714 -121.58 145 122 2 200 2014 7 2 18 19 6 4 153
14 71 70 33.633 -117.88 149 0 20 400 2014 7 3 20 28 6 1 2
14 71 70 33.6 -117.9 159 200 34 400 2014 7 3 20 29 6 1 2
14 71 70 33.556 -117.92 194 224 50 400 2014 7 3 20 30 6 1 2
14 71 70 33.501 -117.96 233 196 78 400 2014 7 3 20 31 6 1 2
14 71 70 33.434 -118.02 268 224 108 400 2014 7 3 20 32 6 1 2
14 71 70 33.356 -118.09 326 229 128 400 2014 7 3 20 33 6 1 2
14 71 70 33.351 -118.24 380 215 165 400 2014 7 3 20 34 6 1 17
14 71 70 33.435 -118.31 410 245 191 400 2014 7 3 20 35 6 1 17
14 71 70 33.544 -118.36 424 293 213 400 2014 7 3 20 36 6 1 17
14 71 70 33.651 -118.43 446 332 221 400 2014 7 3 20 37 6 1 17
14 71 70 33.779 -118.44 445 321 247 400 2014 7 3 20 38 6 1 51
14 71 70 33.901 -118.49 448 344 268 400 2014 7 3 20 39 6 1 51
14 71 70 34.02 -118.53 448 342 268 400 2014 7 3 20 40 7 1 51
14 71 70 34.024 -118.53 456 347 285 400 2014 7 3 20 41 7 1 51
14 71 70 34.149 -118.58 467 342 307 400 2014 7 3 20 42 6 1 51
14 71 70 34.298 -118.64 467 342 333 400 2014 7 3 20 43 6 1 53
14 71 70 34.475 -118.72 461 340 358 400 2014 7 3 20 44 6 1 53
14 71 70 34.619 -118.78 461 339 377 400 2014 7 3 20 45 6 1 53
14 71 70 34.736 -118.83 459 339 391 400 2014 7 3 20 46 17 1 53
14 71 70 34.852 -118.88 451 340 400 400 2014 7 3 20 47 6 1 53
14 71 70 34.969 -118.94 450 340 400 400 2014 7 3 20 48 6 1 53
14 71 70 35.013 -118.96 443 340 400 400 2014 7 3 20 49 7 1 53
14 71 70 35.2 -119.04 449 340 400 400 2014 7 3 20 50 6 1 53
14 71 70 35.271 -119.07 448 339 400 400 2014 7 3 20 51 6 1 53
14 71 70 35.388 -119.12 449 339 400 400 2014 7 3 20 52 10 1 53
14 71 70 35.502 -119.18 447 339 400 400 2014 7 3 20 53 6 1 53
14 71 70 35.616 -119.23 442 339 400 400 2014 7 3 20 54 6 1 53
14 71 70 35.731 -119.28 441 339 400 400 2014 7 3 20 55 6 1 53
14 71 70 35.913 -119.36 442 339 400 400 2014 7 3 20 56 6 1 53
14 71 70 35.983 -119.4 441 339 400 400 2014 7 3 20 57 6 1 53
14 71 70 36.097 -119.45 441 339 400 400 2014 7 3 20 58 6 4 187
14 71 70 36.212 -119.5 442 338 400 400 2014 7 3 20 59 6 4 187
14 71 70 36.329 -119.56 445 339 400 400 2014 7 3 21 0 6 4 187
14 71 70 36.46 -119.64 444 338 400 400 2014 7 3 21 1 6 4 187
14 71 70 36.5 -119.67 444 332 400 400 2014 7 3 21 2 6 4 187
14 71 70 36.606 -119.74 444 328 400 400 2014 7 3 21 3 6 4 187
14 71 70 36.734 -119.84 444 330 400 400 2014 7 3 21 4 6 4 187
14 71 70 36.839 -119.92 444 329 400 260 2014 7 3 21 5 6 4 187
14 71 70 36.944 -119.99 438 329 382 260 2014 7 3 21 6 6 4 187
14 71 70 37.049 -120.07 443 329 349 240 2014 7 3 21 7 6 4 187
14 71 70 37.163 -120.16 446 329 313 240 2014 7 3 21 8 6 4 187
14 71 70 37.271 -120.24 452 329 278 240 2014 7 3 21 9 6 4 187
14 71 70 37.378 -120.32 451 329 251 200 2014 7 3 21 10 6 4 184
14 71 70 37.477 -120.4 436 329 227 200 2014 7 3 21 11 6 4 152
14 71 70 37.588 -120.51 426 322 216 200 2014 7 3 21 12 6 4 152
14 71 70 37.679 -120.61 424 326 206 200 2014 7 3 21 13 6 4 152
14 71 70 37.768 -120.69 413 321 198 200 2014 7 3 21 14 6 4 177
14 71 70 37.857 -120.78 409 316 187 200 2014 7 3 21 15 6 4 177
14 71 70 37.983 -120.9 402 321 170 200 2014 7 3 21 16 6 4 172
14 71 70 38.05 -120.98 395 321 155 200 2014 7 3 21 17 6 4 172
14 71 70 38.108 -121.05 384 315 145 200 2014 7 3 21 18 6 4 172
14 71 70 38.2 -121.18 372 309 119 200 2014 7 3 21 19 6 4 172
14 71 70 38.267 -121.3 355 311 99 200 2014 7 3 21 20 7 4 172
14 71 70 38.333 -121.39 355 311 99 200 2014 7 3 21 21 10 4 172
14 71 70 38.369 -121.44 303 315 95 200 2014 7 3 21 22 6 4 172
14 71 70 38.433 -121.53 303 314 80 200 2014 7 3 21 23 6 4 153
14 71 70 38.487 -121.59 288 306 80 200 2014 7 3 21 24 6 4 153
14 71 70 38.551 -121.63 266 321 73 200 2014 7 3 21 25 8 4 153
14 71 70 38.609 -121.68 247 332 58 200 2014 7 3 21 26 6 4 153
14 71 70 38.617 -121.68 248 327 56 200 2014 7 3 21 27 6 4 153
14 71 70 38.733 -121.7 210 347 34 200 2014 7 3 21 28 6 4 153
14 71 70 38.767 -121.67 160 357 23 200 2014 7 3 21 29 6 4 153
14 71 70 38.767 -121.62 146 33 12 200 2014 7 3 21 30 6 4 153
14 71 70 38.733 -121.6 134 94 5 200 2014 7 3 21 31 6 4 153
14 71 70 38.728 -121.6 138 158 4 200 2014 7 3 21 32 6 4 153
16 71 70 33.633 -117.88 154 0 22 400 2014 7 3 1 2 6 1 2
16 71 70 33.607 -117.9 158 199 34 400 2014 7 3 1 3 6 1 2
16 71 70 33.533 -117.93 267 198 62 400 2014 7 3 1 4 15 1 2
16 71 70 33.469 -117.98 260 213 98 400 2014 7 3 1 5 6 1 2
16 71 70 33.4 -118.03 282 209 122 400 2014 7 3 1 6 6 1 2
16 71 70 33.337 -118.12 349 214 153 400 2014 7 3 1 7 6 1 17
16 71 70 33.351 -118.25 377 241 178 400 2014 7 3 1 8 6 1 17
16 71 70 33.382 -118.37 396 263 208 400 2014 7 3 1 9 6 1 17
16 71 70 33.487 -118.42 415 281 234 400 2014 7 3 1 10 6 1 17
16 71 70 33.611 -118.43 442 312 254 400 2014 7 3 1 11 16 1 51
16 71 70 33.759 -118.43 454 352 279 400 2014 7 3 1 12 6 1 51
16 71 70 33.875 -118.43 458 359 297 400 2014 7 3 1 13 6 1 51
16 71 70 34.004 -118.44 461 358 307 400 2014 7 3 1 14 6 1 51
16 71 70 34.147 -118.5 459 356 328 400 2014 7 3 1 15 16 1 51
16 71 70 34.267 -118.56 460 347 345 400 2014 7 3 1 16 15 1 53
16 71 70 34.385 -118.62 459 340 365 400 2014 7 3 1 17 6 1 53
16 71 70 34.436 -118.64 445 338 371 400 2014 7 3 1 18 6 1 53
16 71 70 34.616 -118.72 447 339 388 400 2014 7 3 1 19 15 1 53
16 71 70 34.668 -118.75 445 339 392 400 2014 7 3 1 20 6 1 53
16 71 70 34.875 -118.84 451 339 400 400 2014 7 3 1 21 15 1 53
16 71 70 34.903 -118.85 451 339 400 400 2014 7 3 1 22 6 1 53
16 71 70 35.018 -118.91 450 338 400 400 2014 7 3 1 23 6 1 53
16 71 70 35.155 -118.97 446 338 400 400 2014 7 3 1 24 16 1 53
16 71 70 35.27 -119.03 446 339 400 400 2014 7 3 1 25 6 1 53
16 71 70 35.385 -119.08 446 339 400 400 2014 7 3 1 26 6 1 53
16 71 70 35.501 -119.14 446 338 400 400 2014 7 3 1 27 6 1 53
16 71 70 35.617 -119.2 446 338 400 400 2014 7 3 1 28 15 1 53
16 71 70 35.733 -119.25 449 338 400 400 2014 7 3 1 29 16 1 53
16 71 70 35.851 -119.31 452 338 400 400 2014 7 3 1 30 16 1 53
16 71 70 35.967 -119.37 452 338 400 400 2014 7 3 1 31 6 1 53
16 71 70 36.105 -119.43 448 338 400 400 2014 7 3 1 32 17 4 187
16 71 70 36.172 -119.48 448 334 400 400 2014 7 3 1 33 6 4 187
16 71 70 36.322 -119.58 453 330 400 400 2014 7 3 1 34 15 4 187
16 71 70 36.429 -119.65 445 330 400 340 2014 7 3 1 35 16 4 187
16 71 70 36.539 -119.73 447 331 400 340 2014 7 3 1 36 6 4 187
16 71 70 36.647 -119.8 448 332 400 340 2014 7 3 1 37 15 4 187
16 71 70 36.756 -119.88 448 330 400 340 2014 7 3 1 38 6 4 187
16 71 70 36.861 -119.95 445 330 390 340 2014 7 3 1 39 6 4 187
16 71 70 36.987 -120.04 436 330 361 340 2014 7 3 1 40 16 4 187
16 71 70 37.09 -120.11 436 330 337 240 2014 7 3 1 41 15 4 187
16 71 70 37.188 -120.18 436 330 302 200 2014 7 3 1 42 6 4 187
16 71 70 37.3 -120.27 460 330 271 200 2014 7 3 1 43 6 4 187
16 71 70 37.4 -120.33 464 331 245 200 2014 7 3 1 44 6 4 184
16 71 70 37.519 -120.44 434 321 233 200 2014 7 3 1 45 6 4 152
16 71 70 37.617 -120.54 442 326 223 200 2014 7 3 1 46 6 4 152
16 71 70 37.712 -120.64 443 321 213 200 2014 7 3 1 47 6 4 152
16 71 70 37.807 -120.74 441 321 203 200 2014 7 3 1 48 6 4 177
16 71 70 37.904 -120.83 438 320 192 200 2014 7 3 1 49 15 4 177
16 71 70 37.983 -120.9 432 322 173 200 2014 7 3 1 50 16 4 172
16 71 70 38.067 -120.98 427 321 156 200 2014 7 3 1 51 6 4 172
16 71 70 38.087 -121.02 429 321 153 200 2014 7 3 1 52 6 4 172
16 71 70 38.161 -121.13 415 320 143 200 2014 7 3 1 53 6 4 172
16 71 70 38.233 -121.24 405 309 133 200 2014 7 3 1 54 6 4 172
16 71 70 38.305 -121.34 395 310 121 200 2014 7 3 1 55 6 4 172
16 71 70 38.417 -121.52 340 310 100 200 2014 7 3 1 56 6 4 153
16 71 70 38.483 -121.58 300 310 89 200 2014 7 3 1 57 6 4 153
16 71 70 38.5 -121.6 297 321 85 200 2014 7 3 1 58 16 4 153
16 71 70 38.617 -121.68 284 329 60 200 2014 7 3 1 59 7 4 153
16 71 70 38.7 -121.7 273 335 46 200 2014 7 3 2 0 6 4 153
16 71 70 38.767 -121.72 252 355 38 200 2014 7 3 2 1 6 4 153
16 71 70 38.797 -121.71 255 348 33 200 2014 7 3 2 2 6 4 153
16 71 70 38.817 -121.63 194 33 24 200 2014 7 3 2 3 16 4 153
16 71 70 38.806 -121.61 192 72 20 200 2014 7 3 2 4 15 4 153
16 71 70 38.765 -121.6 155 145 11 200 2014 7 3 2 5 16 4 153
16 71 70 38.729 -121.6 138 153 5 200 2014 7 3 2 6 6 4 153
17 71 70 33.65 -117.88 144 0 17 400 2014 7 3 0 31 6 1 2
17 71 70 33.621 -117.89 146 206 28 400 2014 7 3 0 32 6 1 2
17 71 70 33.571 -117.9 171 200 47 400 2014 7 3 0 33 6 1 2
17 71 70 33.508 -117.95 236 191 78 400 2014 7 3 0 34 6 1 2
17 71 70 33.428 -118.01 269 202 111 400 2014 7 3 0 35 15 1 2
17 71 70 33.392 -118.12 341 212 142 400 2014 7 3 0 36 16 1 17
17 71 70 33.39 -118.24 358 257 175 400 2014 7 3 0 37 6 1 17
17 71 70 33.473 -118.31 382 258 208 400 2014 7 3 0 38 16 1 17
17 71 70 33.576 -118.33 382 347 208 400 2014 7 3 0 39 6 1 17
17 71 70 33.716 -118.37 421 336 263 400 2014 7 3 0 40 6 1 51
17 71 70 33.796 -118.47 421 313 263 400 2014 7 3 0 41 6 1 51
17 71 70 33.832 -118.4 429 336 288 400 2014 7 3 0 42 6 1 51
17 71 70 33.94 -118.43 432 347 306 400 2014 7 3 0 43 15 1 51
17 71 70 34.063 -118.45 442 346 325 400 2014 7 3 0 44 16 1 51
17 71 70 34.214 -118.48 455 350 340 400 2014 7 3 0 45 6 1 53
17 71 70 34.34 -118.5 456 352 341 400 2014 7 3 0 46 16 1 53
17 71 70 34.504 -118.58 436 344 368 400 2014 7 3 0 47 6 1 53
17 71 70 34.619 -118.64 443 337 382 400 2014 7 3 0 48 6 1 53
17 71 70 34.733 -118.7 443 337 394 400 2014 7 3 0 49 6 1 53
17 71 70 34.868 -118.77 443 337 400 400 2014 7 3 0 50 6 1 53
17 71 70 34.982 -118.82 443 337 400 400 2014 7 3 0 51 6 1 53
17 71 70 35.095 -118.88 443 337 400 400 2014 7 3 0 52 6 1 53
17 71 70 35.207 -118.94 442 337 400 400 2014 7 3 0 53 6 1 53
17 71 70 35.318 -118.99 440 337 400 400 2014 7 3 0 54 15 1 53
17 71 70 35.43 -119.05 440 337 400 400 2014 7 3 0 55 16 1 53
17 71 70 35.543 -119.11 440 336 400 400 2014 7 3 0 56 6 1 53
17 71 70 35.636 -119.16 441 337 400 400 2014 7 3 0 57 6 1 53
17 71 70 35.794 -119.24 444 337 400 400 2014 7 3 0 58 16 1 53
17 71 70 35.907 -119.3 445 337 400 400 2014 7 3 0 59 16 1 53
17 71 70 36.02 -119.36 444 336 400 400 2014 7 3 1 0 6 1 53
17 71 70 36.132 -119.42 440 336 400 400 2014 7 3 1 1 16 4 187
17 71 70 36.224 -119.47 442 337 400 400 2014 7 3 1 2 6 4 187
17 71 70 36.337 -119.53 442 336 400 400 2014 7 3 1 3 6 4 187
17 71 70 36.493 -119.61 442 336 400 400 2014 7 3 1 4 15 4 187
17 71 70 36.493 -119.61 442 336 400 400 2014 7 3 1 5 6 4 187
17 71 70 36.606 -119.67 442 336 400 400 2014 7 3 1 6 6 4 187
17 71 70 36.72 -119.73 443 337 400 400 2014 7 3 1 7 6 4 187
17 71 70 36.833 -119.79 443 336 398 400 2014 7 3 1 8 6 4 187
17 71 70 36.935 -119.87 438 337 374 400 2014 7 3 1 9 6 4 187
17 71 70 37.029 -119.96 425 332 346 400 2014 7 3 1 10 6 4 187
17 71 70 37.126 -120.05 427 325 320 200 2014 7 3 1 11 16 4 187
17 71 70 37.218 -120.15 427 322 303 200 2014 7 3 1 12 6 4 187
17 71 70 37.367 -120.3 462 321 255 200 2014 7 3 1 13 6 4 184
17 71 70 37.467 -120.4 447 321 238 200 2014 7 3 1 14 6 4 152
17 71 70 37.55 -120.48 429 321 229 200 2014 7 3 1 15 16 4 152
17 71 70 37.65 -120.57 418 321 218 200 2014 7 3 1 16 15 4 152
17 71 70 37.733 -120.67 405 321 208 200 2014 7 3 1 17 6 4 177
17 71 70 37.833 -120.75 400 321 197 200 2014 7 3 1 18 6 4 177
17 71 70 37.917 -120.83 389 321 187 200 2014 7 3 1 19 15 4 177
17 71 70 38 -120.92 390 321 176 200 2014 7 3 1 20 6 4 172
17 71 70 38.067 -121 387 321 166 200 2014 7 3 1 21 15 4 172
17 71 70 38.15 -121.1 375 314 156 200 2014 7 3 1 22 6 4 172
17 71 70 38.187 -121.17 374 313 150 200 2014 7 3 1 23 6 4 172
17 71 70 38.267 -121.3 351 303 123 200 2014 7 3 1 24 16 4 172
17 71 70 38.317 -121.4 341 301 103 200 2014 7 3 1 25 6 4 172
17 71 70 38.383 -121.48 307 314 95 200 2014 7 3 1 26 6 4 172
17 71 70 38.45 -121.55 300 316 80 200 2014 7 3 1 27 6 4 153
17 71 70 38.517 -121.6 287 328 65 200 2014 7 3 1 28 15 4 153
17 71 70 38.583 -121.65 278 329 51 200 2014 7 3 1 29 16 4 153
17 71 70 38.65 -121.7 272 330 40 200 2014 7 3 1 30 16 4 153
17 71 70 38.717 -121.7 228 357 36 200 2014 7 3 1 31 6 4 153
17 71 70 38.764 -121.68 215 13 26 200 2014 7 3 1 32 17 4 153
17 71 70 38.794 -121.64 193 37 17 200 2014 7 3 1 33 6 4 153
17 71 70 38.769 -121.6 162 130 11 200 2014 7 3 1 34 15 4 153
17 71 70 38.735 -121.6 135 180 5 200 2014 7 3 1 35 16 4 153
18 71 70 33.633 -117.88 147 206 21 400 2014 7 3 23 44 6 1 2
18 71 70 33.608 -117.89 140 196 30 400 2014 7 3 23 45 6 1 2
18 71 70 33.552 -117.91 208 202 48 400 2014 7 3 23 46 6 1 2
18 71 70 33.5 -117.98 262 197 74 400 2014 7 3 23 47 6 1 2
18 71 70 33.475 -118.07 280 212 107 400 2014 7 3 23 48 6 1 2
18 71 70 33.446 -118.17 316 252 138 400 2014 7 3 23 49 6 1 17
18 71 70 33.514 -118.24 353 251 170 400 2014 7 3 23 50 6 1 17
18 71 70 33.639 -118.26 380 285 207 400 2014 7 3 23 51 6 1 17
18 71 70 33.747 -118.31 399 319 237 400 2014 7 3 23 52 6 1 17
18 71 70 33.842 -118.36 408 345 261 400 2014 7 3 23 53 6 1 51
18 71 70 33.974 -118.42 425 339 287 400 2014 7 3 23 54 6 1 51
18 71 70 34.084 -118.47 425 339 287 400 2014 7 3 23 55 6 1 51
18 71 70 34.089 -118.47 439 339 307 400 2014 7 3 23 56 7 1 51
18 71 70 34.208 -118.53 451 338 328 400 2014 7 3 23 57 6 1 53
18 71 70 34.444 -118.64 455 339 366 400 2014 7 3 23 58 6 1 53
18 71 70 34.524 -118.68 454 338 379 400 2014 7 3 23 59 6 1 53
18 71 70 34.64 -118.73 453 338 397 400 2014 7 4 0 0 6 1 53
18 71 70 34.753 -118.78 445 338 400 400 2014 7 4 0 1 9 1 53
18 71 70 34.889 -118.85 444 338 400 400 2014 7 4 0 2 6 1 53
18 71 70 35.003 -118.9 443 339 400 400 2014 7 4 0 3 6 1 53
18 71 70 35.116 -118.95 442 338 400 400 2014 7 4 0 4 6 1 53
18 71 70 35.231 -119.01 442 338 400 400 2014 7 4 0 5 6 1 53
18 71 70 35.346 -119.06 442 339 400 400 2014 7 4 0 6 6 1 53
18 71 70 35.458 -119.12 442 339 400 400 2014 7 4 0 7 6 1 53
18 71 70 35.529 -119.15 441 338 400 400 2014 7 4 0 8 6 1 53
18 71 70 35.642 -119.21 441 338 400 400 2014 7 4 0 9 6 1 53
18 71 70 35.817 -119.3 439 337 400 400 2014 7 4 0 10 6 1 53
18 71 70 35.861 -119.33 435 334 400 400 2014 7 4 0 11 6 1 53
18 71 70 36.028 -119.44 435 332 400 400 2014 7 4 0 12 6 1 53
18 71 70 36.095 -119.48 434 332 400 400 2014 7 4 0 13 6 4 187
18 71 70 36.242 -119.58 434 332 400 400 2014 7 4 0 14 8 4 187
18 71 70 36.307 -119.62 433 332 400 400 2014 7 4 0 15 7 4 187
18 71 70 36.414 -119.69 433 332 400 240 2014 7 4 0 16 6 4 187
18 71 70 36.477 -119.73 436 332 395 240 2014 7 4 0 17 6 4 187
18 71 70 36.584 -119.8 436 332 386 240 2014 7 4 0 18 6 4 187
18 71 70 36.693 -119.87 438 332 376 240 2014 7 4 0 19 6 4 187
18 71 70 36.801 -119.94 441 332 367 240 2014 7 4 0 20 6 4 187
18 71 70 36.911 -120.01 443 332 353 240 2014 7 4 0 21 6 4 187
18 71 70 37.02 -120.08 443 332 353 200 2014 7 4 0 22 6 4 187
18 71 70 37.133 -120.16 430 332 304 200 2014 7 4 0 23 6 4 187
18 71 70 37.234 -120.23 417 332 282 200 2014 7 4 0 24 6 4 187
18 71 70 37.35 -120.3 420 332 258 200 2014 7 4 0 25 6 4 187
18 71 70 37.45 -120.37 400 332 236 200 2014 7 4 0 26 6 4 152
18 71 70 37.517 -120.45 365 321 227 200 2014 7 4 0 27 6 4 152
18 71 70 37.6 -120.53 364 321 217 200 2014 7 4 0 28 6 4 152
18 71 70 37.681 -120.61 365 324 207 200 2014 7 4 0 29 6 4 152
18 71 70 37.758 -120.69 359 315 197 200 2014 7 4 0 30 6 4 177
18 71 70 37.836 -120.76 358 321 187 200 2014 7 4 0 31 6 4 177
18 71 70 37.917 -120.83 352 323 176 200 2014 7 4 0 32 6 4 177
18 71 70 37.988 -120.92 352 319 166 200 2014 7 4 0 33 6 4 172
18 71 70 38.062 -120.99 339 327 156 200 2014 7 4 0 34 6 4 172
18 71 70 38.117 -121.08 338 321 146 200 2014 7 4 0 35 6 4 172
18 71 70 38.198 -121.19 332 315 134 200 2014 7 4 0 36 6 4 172
18 71 70 38.258 -121.28 332 315 124 200 2014 7 4 0 37 6 4 172
18 71 70 38.318 -121.36 330 307 114 200 2014 7 4 0 38 6 4 172
18 71 70 38.377 -121.45 325 315 104 200 2014 7 4 0 39 6 4 172
18 71 70 38.433 -121.53 313 307 92 200 2014 7 4 0 40 6 4 153
18 71 70 38.501 -121.6 301 315 75 200 2014 7 4 0 41 7 4 153
18 71 70 38.571 -121.65 291 329 60 200 2014 7 4 0 42 6 4 153
18 71 70 38.646 -121.68 288 338 46 200 2014 7 4 0 43 6 4 153
18 71 70 38.72 -121.68 267 351 40 200 2014 7 4 0 44 6 4 153
18 71 70 38.767 -121.66 191 14 31 200 2014 7 4 0 45 6 4 153
18 71 70 38.769 -121.61 174 66 15 200 2014 7 4 0 46 6 4 153
18 71 70 38.725 -121.6 144 142 4 200 2014 7 4 0 47 6 4 153
19 71 70 33.641 -117.89 149 0 19 400 2014 7 3 3 50 15 1 2
19 71 70 33.599 -117.9 148 204 33 400 2014 7 3 3 51 15 1 2
19 71 70 33.537 -117.92 230 187 57 400 2014 7 3 3 52 16 1 2
19 71 70 33.472 -117.97 262 193 80 400 2014 7 3 3 53 15 1 2
19 71 70 33.472 -117.97 262 193 80 400 2014 7 3 3 54 6 1 2
19 71 70 33.342 -118.1 314 213 122 400 2014 7 3 3 55 15 1 2
19 71 70 33.348 -118.21 349 218 156 400 2014 7 3 3 56 6 1 17
19 71 70 33.363 -118.33 349 278 156 400 2014 7 3 3 57 15 1 17
19 71 70 33.363 -118.33 360 259 190 400 2014 7 3 3 58 15 1 17
19 71 70 33.459 -118.42 404 276 219 400 2014 7 3 3 59 15 1 17
19 71 70 33.578 -118.43 422 302 243 400 2014 7 3 4 0 16 1 51
19 71 70 33.706 -118.43 447 340 267 400 2014 7 3 4 1 16 1 51
19 71 70 33.839 -118.43 452 358 290 400 2014 7 3 4 2 6 1 51
19 71 70 33.971 -118.44 461 359 310 400 2014 7 3 4 3 15 1 51
19 71 70 34.097 -118.46 461 358 329 400 2014 7 3 4 4 16 1 51
19 71 70 34.223 -118.49 464 354 349 400 2014 7 3 4 5 16 1 53
19 71 70 34.339 -118.55 451 349 369 400 2014 7 3 4 6 6 1 53
19 71 70 34.456 -118.61 450 342 384 400 2014 7 3 4 7 6 1 53
19 71 70 34.571 -118.66 448 337 397 400 2014 7 3 4 8 15 1 53
19 71 70 34.71 -118.73 450 338 400 400 2014 7 3 4 9 15 1 53
19 71 70 34.826 -118.79 450 338 400 400 2014 7 3 4 10 16 1 53
19 71 70 34.946 -118.84 449 338 400 400 2014 7 3 4 11 6 1 53
19 71 70 35.062 -118.9 449 337 400 400 2014 7 3 4 12 6 1 53
19 71 70 35.176 -118.96 447 338 400 400 2014 7 3 4 13 15 1 53
19 71 70 35.291 -119.01 447 338 400 400 2014 7 3 4 14 16 1 53
19 71 70 35.403 -119.07 444 337 400 400 2014 7 3 4 15 6 1 53
19 71 70 35.519 -119.12 446 337 400 400 2014 7 3 4 16 6 1 53
19 71 70 35.656 -119.19 445 338 400 400 2014 7 3 4 17 16 1 53
19 71 70 35.771 -119.25 447 337 400 400 2014 7 3 4 18 16 1 53
19 71 70 35.888 -119.31 448 338 400 400 2014 7 3 4 19 6 1 53
19 71 70 36.002 -119.37 449 337 400 400 2014 7 3 4 20 16 1 53
19 71 70 36.114 -119.43 446 334 400 400 2014 7 3 4 21 6 4 187
19 71 70 36.223 -119.51 449 331 400 400 2014 7 3 4 22 16 4 187
19 71 70 36.333 -119.59 450 330 400 400 2014 7 3 4 23 16 4 187
19 71 70 36.465 -119.68 455 330 400 400 2014 7 3 4 24 16 4 187
19 71 70 36.551 -119.73 455 330 400 400 2014 7 3 4 25 16 4 187
19 71 70 36.661 -119.81 455 331 400 400 2014 7 3 4 26 6 4 187
19 71 70 36.77 -119.89 453 331 400 400 2014 7 3 4 27 6 4 187
19 71 70 36.877 -119.96 451 330 399 200 2014 7 3 4 28 6 4 187
19 71 70 36.985 -120.04 446 330 380 200 2014 7 3 4 29 6 4 187
19 71 70 37.105 -120.12 441 330 345 200 2014 7 3 4 30 15 4 187
19 71 70 37.215 -120.2 453 330 307 200 2014 7 3 4 31 15 4 187
19 71 70 37.333 -120.28 490 330 269 200 2014 7 3 4 32 6 4 187
19 71 70 37.439 -120.36 462 327 240 200 2014 7 3 4 33 15 4 184
19 71 70 37.538 -120.46 455 321 231 200 2014 7 3 4 34 15 4 152
19 71 70 37.635 -120.56 450 321 222 200 2014 7 3 4 35 15 4 152
19 71 70 37.733 -120.66 448 321 208 200 2014 7 3 4 36 15 4 152
19 71 70 37.845 -120.77 436 326 173 200 2014 7 3 4 37 15 4 177
19 71 70 37.936 -120.86 422 316 161 200 2014 7 3 4 38 15 4 177
19 71 70 38.027 -120.96 420 321 161 200 2014 7 3 4 39 15 4 172
19 71 70 38.083 -121.02 422 321 160 200 2014 7 3 4 40 15 4 172
19 71 70 38.15 -121.12 416 316 146 200 2014 7 3 4 41 6 4 172
19 71 70 38.233 -121.23 394 310 130 200 2014 7 3 4 42 6 4 172
19 71 70 38.3 -121.33 388 310 114 200 2014 7 3 4 43 16 4 172
19 71 70 38.389 -121.47 337 306 100 200 2014 7 3 4 44 15 4 172
19 71 70 38.443 -121.55 294 321 84 200 2014 7 3 4 45 15 4 153
19 71 70 38.512 -121.6 289 313 69 200 2014 7 3 4 46 15 4 153
19 71 70 38.58 -121.66 283 329 53 200 2014 7 3 4 47 15 4 153
19 71 70 38.617 -121.68 287 329 45 200 2014 7 3 4 48 6 4 153
19 71 70 38.7 -121.7 272 332 33 200 2014 7 3 4 49 15 4 153
19 71 70 38.767 -121.7 219 359 32 200 2014 7 3 4 50 15 4 153
19 71 70 38.783 -121.65 160 13 23 200 2014 7 3 4 51 6 4 153
19 71 70 38.767 -121.6 138 92 13 200 2014 7 3 4 52 15 4 153
19 71 70 38.718 -121.6 134 180 2 200 2014 7 3 4 53 15 4 153
21 71 70 33.676 -117.87 149 0 0 380 2014 7 3 17 15 6 1 2
21 71 70 33.6 -117.9 166 196 33 380 2014 7 3 17 16 6 1 2
21 71 70 33.533 -117.93 224 196 59 380 2014 7 3 17 17 16 1 2
21 71 70 33.483 -117.98 270 208 61 380 2014 7 3 17 18 6 1 2
21 71 70 33.417 -118.03 284 214 87 380 2014 7 3 17 19 6 1 2
21 71 70 33.401 -118.04 267 212 98 380 2014 7 3 17 20 6 1 2
21 71 70 33.341 -118.12 320 214 119 380 2014 7 3 17 21 6 1 2
21 71 70 33.353 -118.26 344 248 160 380 2014 7 3 17 22 6 1 17
21 71 70 33.43 -118.33 368 254 187 380 2014 7 3 17 23 6 1 17
21 71 70 33.538 -118.35 384 296 216 380 2014 7 3 17 24 6 1 17
21 71 70 33.65 -118.38 394 337 241 380 2014 7 3 17 25 6 1 51
21 71 70 33.768 -118.4 421 350 260 380 2014 7 3 17 26 6 1 51
21 71 70 33.9 -118.42 435 350 281 380 2014 7 3 17 27 6 1 51
21 71 70 34.028 -118.45 455 350 300 380 2014 7 3 17 28 6 1 51
21 71 70 34.156 -118.47 458 350 300 380 2014 7 3 17 29 6 1 53
21 71 70 34.284 -118.49 464 11 301 380 2014 7 3 17 30 6 1 53
21 71 70 34.429 -118.56 469 352 328 380 2014 7 3 17 31 6 1 53
21 71 70 34.546 -118.62 457 338 349 380 2014 7 3 17 32 6 1 53
21 71 70 34.662 -118.67 454 337 363 380 2014 7 3 17 33 6 1 53
21 71 70 34.778 -118.73 454 338 378 380 2014 7 3 17 34 6 1 53
21 71 70 34.902 -118.8 454 338 380 380 2014 7 3 17 35 6 1 53
21 71 70 35.019 -118.85 454 337 380 380 2014 7 3 17 36 6 1 53
21 71 70 35.134 -118.91 454 338 380 380 2014 7 3 17 37 6 1 53
21 71 70 35.276 -118.98 455 337 380 380 2014 7 3 17 38 16 1 53
21 71 70 35.321 -119 454 338 380 380 2014 7 3 17 39 6 1 53
21 71 70 35.507 -119.1 450 337 380 380 2014 7 3 17 40 6 1 53
21 71 70 35.622 -119.16 450 337 380 380 2014 7 3 17 41 6 1 53
21 71 70 35.666 -119.18 451 337 380 380 2014 7 3 17 42 6 1 53
21 71 70 35.781 -119.24 449 337 380 380 2014 7 3 17 43 6 1 53
21 71 70 35.918 -119.31 449 337 380 380 2014 7 3 17 44 6 1 53
21 71 70 36.029 -119.38 447 337 380 380 2014 7 3 17 45 6 1 53
21 71 70 36.136 -119.45 440 330 380 380 2014 7 3 17 46 7 4 187
21 71 70 36.243 -119.52 441 330 380 380 2014 7 3 17 47 6 4 187
21 71 70 36.35 -119.6 442 330 380 380 2014 7 3 17 48 6 4 187
21 71 70 36.457 -119.67 442 330 380 380 2014 7 3 17 49 6 4 187
21 71 70 36.585 -119.76 442 338 380 240 2014 7 3 17 50 6 4 187
21 71 70 36.692 -119.83 442 331 380 200 2014 7 3 17 51 7 4 187
21 71 70 36.799 -119.91 444 330 375 200 2014 7 3 17 52 6 4 187
21 71 70 36.905 -119.99 440 330 348 200 2014 7 3 17 53 6 4 187
21 71 70 37.011 -120.06 438 330 326 200 2014 7 3 17 54 6 4 187
21 71 70 37.117 -120.13 417 330 304 200 2014 7 3 17 55 6 4 187
21 71 70 37.227 -120.21 409 332 281 200 2014 7 3 17 56 6 4 187
21 71 70 37.323 -120.28 402 332 261 200 2014 7 3 17 57 6 4 187
21 71 70 37.4 -120.33 408 330 245 200 2014 7 3 17 58 6 4 184
21 71 70 37.483 -120.4 387 330 235 200 2014 7 3 17 59 6 4 152
21 71 70 37.58 -120.51 374 321 223 200 2014 7 3 18 0 6 4 152
21 71 70 37.65 -120.57 371 320 212 200 2014 7 3 18 1 6 4 152
21 71 70 37.733 -120.65 386 321 198 200 2014 7 3 18 2 6 4 152
21 71 70 37.817 -120.73 384 312 184 200 2014 7 3 18 3 6 4 177
21 71 70 37.9 -120.82 374 322 171 200 2014 7 3 18 4 6 4 177
21 71 70 37.983 -120.9 367 321 161 200 2014 7 3 18 5 6 4 172
21 71 70 38.05 -120.98 365 321 156 200 2014 7 3 18 6 6 4 172
21 71 70 38.117 -121.07 360 319 150 200 2014 7 3 18 7 6 4 172
21 71 70 38.183 -121.17 358 310 149 200 2014 7 3 18 8 6 4 172
21 71 70 38.25 -121.27 362 310 121 200 2014 7 3 18 9 6 4 172
21 71 70 38.317 -121.37 361 310 100 200 2014 7 3 18 10 6 4 172
21 71 70 38.367 -121.45 311 310 93 200 2014 7 3 18 11 6 4 153
21 71 70 38.433 -121.53 305 310 77 200 2014 7 3 18 12 6 4 153
21 71 70 38.483 -121.58 286 317 70 200 2014 7 3 18 13 6 4 153
21 71 70 38.55 -121.63 255 328 64 200 2014 7 3 18 14 6 4 153
21 71 70 38.617 -121.68 251 329 44 200 2014 7 3 18 15 6 4 153
21 71 70 38.667 -121.7 208 338 35 200 2014 7 3 18 16 6 4 153
21 71 70 38.705 -121.7 194 358 30 200 2014 7 3 18 17 16 4 153
21 71 70 38.748 -121.69 185 37 23 200 2014 7 3 18 18 16 4 153
21 71 70 38.752 -121.62 159 89 11 200 2014 7 3 18 19 6 4 153
21 71 70 38.717 -121.6 141 152 3 200 2014 7 3 18 20 6 4 153
21 71 70 38.687 -121.6 148 152 3 200 2014 7 3 18 21 6 4 153
22 71 70 33.657 -117.88 136 0 400 400 2014 7 4 20 48 6 1 51
22 71 70 33.616 -117.9 139 204 30 400 2014 7 4 20 49 15 1 2
22 71 70 33.559 -117.91 206 199 54 400 2014 7 4 20 50 16 1 2
22 71 70 33.508 -117.98 276 192 97 400 2014 7 4 20 51 16 1 2
22 71 70 33.478 -118.08 313 213 129 400 2014 7 4 20 52 15 1 2
22 71 70 33.443 -118.2 347 240 168 400 2014 7 4 20 53 6 1 17
22 71 70 33.412 -118.32 376 271 201 400 2014 7 4 20 54 6 1 17
22 71 70 33.476 -118.41 389 251 235 400 2014 7 4 20 55 15 1 17
22 71 70 33.59 -118.42 402 280 261 400 2014 7 4 20 56 6 1 51
22 71 70 33.708 -118.42 428 334 285 400 2014 7 4 20 57 6 1 51
22 71 70 33.839 -118.43 442 358 307 400 2014 7 4 20 58 6 1 51
22 71 70 33.972 -118.45 464 358 325 400 2014 7 4 20 59 16 1 51
22 71 70 34.118 -118.51 464 350 354 400 2014 7 4 21 0 15 1 51
22 71 70 34.238 -118.56 461 344 375 400 2014 7 4 21 1 16 1 53
22 71 70 34.357 -118.61 456 340 394 400 2014 7 4 21 2 15 1 53
22 71 70 34.475 -118.66 454 339 400 400 2014 7 4 21 3 6 1 53
22 71 70 34.596 -118.72 466 338 401 400 2014 7 4 21 4 15 1 53
22 71 70 34.708 -118.78 434 340 400 400 2014 7 4 21 5 15 1 53
22 71 70 34.823 -118.83 439 338 400 400 2014 7 4 21 6 6 1 53
22 71 70 34.906 -118.87 441 339 400 400 2014 7 4 21 7 6 1 53
22 71 70 35.021 -118.92 443 338 400 400 2014 7 4 21 8 6 1 53
22 71 70 35.184 -119 446 338 400 400 2014 7 4 21 9 18 1 53
22 71 70 35.3 -119.05 446 339 400 400 2014 7 4 21 10 15 1 53
22 71 70 35.389 -119.09 446 339 400 400 2014 7 4 21 11 6 1 53
22 71 70 35.553 -119.17 445 339 400 400 2014 7 4 21 12 16 1 53
22 71 70 35.62 -119.2 446 338 400 400 2014 7 4 21 13 6 1 53
22 71 70 35.737 -119.26 449 339 400 400 2014 7 4 21 14 15 1 53
22 71 70 35.854 -119.32 452 338 400 400 2014 7 4 21 15 15 1 53
22 71 70 35.971 -119.37 452 338 400 400 2014 7 4 21 16 16 1 53
22 71 70 36.081 -119.44 446 338 400 400 2014 7 4 21 17 16 4 187
22 71 70 36.189 -119.51 442 331 400 400 2014 7 4 21 18 6 4 187
22 71 70 36.318 -119.6 442 331 400 400 2014 7 4 21 19 6 4 187
22 71 70 36.426 -119.67 442 331 400 400 2014 7 4 21 20 16 4 187
22 71 70 36.532 -119.74 440 331 400 240 2014 7 4 21 21 15 4 187
22 71 70 36.532 -119.74 440 331 400 240 2014 7 4 21 22 6 4 187
22 71 70 36.639 -119.81 440 332 400 240 2014 7 4 21 23 6 4 187
22 71 70 36.746 -119.88 438 331 396 240 2014 7 4 21 24 6 4 187
22 71 70 36.961 -120.03 443 331 361 200 2014 7 4 21 25 15 4 187
22 71 70 37.068 -120.11 443 331 339 200 2014 7 4 21 26 15 4 187
22 71 70 37.198 -120.19 446 331 296 200 2014 7 4 21 27 16 4 187
22 71 70 37.306 -120.27 446 331 296 200 2014 7 4 21 28 6 4 187
22 71 70 37.35 -120.3 465 331 253 200 2014 7 4 21 29 6 4 187
22 71 70 37.45 -120.38 433 330 234 200 2014 7 4 21 30 6 4 152
22 71 70 37.533 -120.47 398 323 225 200 2014 7 4 21 31 6 4 152
22 71 70 37.633 -120.55 392 321 215 200 2014 7 4 21 32 15 4 152
22 71 70 37.717 -120.63 387 321 205 200 2014 7 4 21 33 6 4 152
22 71 70 37.8 -120.72 385 321 195 200 2014 7 4 21 34 6 4 177
22 71 70 37.883 -120.8 378 321 172 200 2014 7 4 21 35 18 4 177
22 71 70 37.95 -120.88 367 321 149 200 2014 7 4 21 36 6 4 177
22 71 70 38.033 -120.97 360 321 125 200 2014 7 4 21 37 16 4 172
22 71 70 38.1 -121.05 347 320 104 200 2014 7 4 21 38 16 4 172
22 71 70 38.15 -121.13 339 310 100 200 2014 7 4 21 39 16 4 172
22 71 70 38.233 -121.23 337 310 100 200 2014 7 4 21 40 6 4 172
22 71 70 38.283 -121.32 339 311 100 200 2014 7 4 21 41 6 4 172
22 71 70 38.35 -121.42 334 310 100 200 2014 7 4 21 42 16 4 172
22 71 70 38.392 -121.48 315 307 93 200 2014 7 4 21 43 16 4 153
22 71 70 38.467 -121.57 294 318 73 200 2014 7 4 21 44 18 4 153
22 71 70 38.533 -121.62 307 329 59 200 2014 7 4 21 45 6 4 153
22 71 70 38.617 -121.68 295 328 42 200 2014 7 4 21 46 6 4 153
22 71 70 38.667 -121.7 266 339 39 200 2014 7 4 21 47 6 4 153
22 71 70 38.733 -121.7 230 356 34 200 2014 7 4 21 48 6 4 153
22 71 70 38.8 -121.7 222 2 27 200 2014 7 4 21 49 15 4 153
22 71 70 38.817 -121.62 204 73 22 200 2014 7 4 21 50 16 4 153
22 71 70 38.784 -121.6 179 135 16 200 2014 7 4 21 51 6 4 153
22 71 70 38.749 -121.6 144 180 8 200 2014 7 4 21 52 16 4 153
22 71 70 38.711 -121.6 134 180 3 200 2014 7 4 21 53 6 4 153
23 71 70 33.676 -117.87 157 0 0 400 2014 7 4 0 44 6 1 2
23 71 70 33.617 -117.9 169 0 26 400 2014 7 4 0 45 6 1 2
23 71 70 33.575 -117.9 164 204 36 400 2014 7 4 0 46 6 1 2
23 71 70 33.517 -117.94 228 209 48 400 2014 7 4 0 47 6 1 2
23 71 70 33.454 -117.99 253 198 84 400 2014 7 4 0 48 6 1 2
23 71 70 33.371 -118.06 286 226 115 400 2014 7 4 0 49 6 1 2
23 71 70 33.339 -118.16 338 213 145 400 2014 7 4 0 50 6 1 17
23 71 70 33.375 -118.27 369 231 174 400 2014 7 4 0 51 6 1 17
23 71 70 33.476 -118.31 382 271 202 400 2014 7 4 0 52 6 1 17
23 71 70 33.586 -118.34 396 317 229 400 2014 7 4 0 53 6 1 17
23 71 70 33.697 -118.37 397 345 252 400 2014 7 4 0 54 6 1 51
23 71 70 33.816 -118.41 430 344 270 400 2014 7 4 0 55 6 1 51
23 71 70 33.94 -118.46 443 346 288 400 2014 7 4 0 56 6 1 51
23 71 70 34.058 -118.52 448 341 305 400 2014 7 4 0 57 6 1 51
23 71 70 34.203 -118.58 458 339 324 400 2014 7 4 0 58 15 1 53
23 71 70 34.325 -118.63 463 339 339 400 2014 7 4 0 59 6 1 53
23 71 70 34.446 -118.69 464 339 355 400 2014 7 4 1 0 6 1 53
23 71 70 34.568 -118.74 464 339 370 400 2014 7 4 1 1 7 1 53
23 71 70 34.687 -118.8 460 340 384 400 2014 7 4 1 2 16 1 53
23 71 70 34.804 -118.85 452 339 395 400 2014 7 4 1 3 6 1 53
23 71 70 34.93 -118.91 448 339 400 400 2014 7 4 1 4 6 1 53
23 71 70 34.977 -118.93 451 339 400 400 2014 7 4 1 5 6 1 53
23 71 70 35.119 -118.99 451 339 400 400 2014 7 4 1 6 6 1 53
23 71 70 35.236 -119.04 452 339 400 400 2014 7 4 1 7 6 1 53
23 71 70 35.426 -119.13 449 339 400 400 2014 7 4 1 8 6 1 53
23 71 70 35.541 -119.19 449 338 400 400 2014 7 4 1 9 6 1 53
23 71 70 35.582 -119.21 447 338 400 400 2014 7 4 1 10 13 1 53
23 71 70 35.693 -119.28 445 333 400 400 2014 7 4 1 11 6 1 53
23 71 70 35.826 -119.36 445 334 400 400 2014 7 4 1 12 6 1 53
23 71 70 35.937 -119.43 446 333 400 400 2014 7 4 1 13 6 1 53
23 71 70 36.046 -119.49 443 333 400 400 2014 7 4 1 14 6 4 187
23 71 70 36.154 -119.56 440 333 400 400 2014 7 4 1 15 6 4 187
23 71 70 36.264 -119.63 440 333 400 400 2014 7 4 1 16 6 4 187
23 71 70 36.374 -119.69 440 333 400 400 2014 7 4 1 17 6 4 187
23 71 70 36.483 -119.76 441 333 400 240 2014 7 4 1 18 6 4 187
23 71 70 36.615 -119.84 442 333 400 240 2014 7 4 1 19 16 4 187
23 71 70 36.726 -119.91 442 333 400 240 2014 7 4 1 20 6 4 187
23 71 70 36.835 -119.98 441 333 383 240 2014 7 4 1 21 6 4 187
23 71 70 36.944 -120.05 441 333 356 240 2014 7 4 1 22 6 4 187
23 71 70 37.058 -120.12 455 333 323 240 2014 7 4 1 23 6 4 187
23 71 70 37.193 -120.21 466 333 292 240 2014 7 4 1 24 6 4 187
23 71 70 37.305 -120.28 455 333 267 240 2014 7 4 1 25 6 4 187
23 71 70 37.412 -120.35 435 333 242 200 2014 7 4 1 26 6 4 184
23 71 70 37.483 -120.4 425 333 237 200 2014 7 4 1 27 6 4 152
23 71 70 37.567 -120.5 400 324 228 200 2014 7 4 1 28 6 4 152
23 71 70 37.678 -120.6 399 326 215 200 2014 7 4 1 29 6 4 152
23 71 70 37.762 -120.69 394 315 205 200 2014 7 4 1 30 6 4 177
23 71 70 37.846 -120.77 389 326 195 200 2014 7 4 1 31 7 4 177
23 71 70 37.928 -120.86 382 321 185 200 2014 7 4 1 32 6 4 177
23 71 70 38 -120.92 380 321 176 200 2014 7 4 1 33 6 4 172
23 71 70 38.067 -121 381 321 166 200 2014 7 4 1 34 7 4 172
23 71 70 38.15 -121.1 372 317 156 200 2014 7 4 1 35 6 4 172
23 71 70 38.2 -121.2 364 310 146 200 2014 7 4 1 36 6 4 172
23 71 70 38.25 -121.28 356 310 137 200 2014 7 4 1 37 6 4 172
23 71 70 38.317 -121.4 360 302 114 200 2014 7 4 1 38 6 4 172
23 71 70 38.421 -121.53 330 315 96 200 2014 7 4 1 39 15 4 153
23 71 70 38.45 -121.55 304 317 90 200 2014 7 4 1 40 6 4 153
23 71 70 38.517 -121.62 303 324 74 200 2014 7 4 1 41 6 4 153
23 71 70 38.583 -121.67 300 329 59 200 2014 7 4 1 42 16 4 153
23 71 70 38.667 -121.7 291 329 44 200 2014 7 4 1 43 6 4 153
23 71 70 38.733 -121.7 271 353 31 200 2014 7 4 1 44 6 4 153
23 71 70 38.8 -121.68 233 358 24 200 2014 7 4 1 45 6 4 153
23 71 70 38.8 -121.62 204 67 19 200 2014 7 4 1 46 6 4 153
23 71 70 38.75 -121.6 156 141 10 200 2014 7 4 1 47 6 4 153
23 71 70 38.717 -121.6 132 181 2 200 2014 7 4 1 48 15 4 153
24 71 70 33.676 -117.87 149 0 0 400 2014 7 4 3 24 16 1 2
24 71 70 33.65 -117.88 149 206 16 400 2014 7 4 3 25 15 1 2
24 71 70 33.604 -117.9 152 206 30 400 2014 7 4 3 26 6 1 2
24 71 70 33.547 -117.92 208 217 48 400 2014 7 4 3 27 6 1 2
24 71 70 33.486 -117.97 256 213 73 400 2014 7 4 3 28 6 1 2
24 71 70 33.443 -118.04 288 206 99 400 2014 7 4 3 29 16 1 2
24 71 70 33.469 -118.15 336 225 131 400 2014 7 4 3 30 7 1 17
24 71 70 33.556 -118.21 356 263 164 400 2014 7 4 3 31 6 1 18
24 71 70 33.65 -118.27 370 309 192 400 2014 7 4 3 32 6 1 17
24 71 70 33.753 -118.33 393 332 220 400 2014 7 4 3 33 6 1 17
24 71 70 33.863 -118.39 406 315 249 400 2014 7 4 3 34 6 1 51
24 71 70 33.971 -118.44 419 334 273 400 2014 7 4 3 35 6 1 51
24 71 70 34.086 -118.46 418 336 298 400 2014 7 4 3 36 6 1 51
24 71 70 34.225 -118.48 419 345 322 400 2014 7 4 3 37 16 1 53
24 71 70 34.341 -118.5 422 352 341 400 2014 7 4 3 38 15 1 53
24 71 70 34.457 -118.52 422 352 358 400 2014 7 4 3 39 16 1 53
24 71 70 34.564 -118.57 415 348 373 400 2014 7 4 3 40 16 1 53
24 71 70 34.666 -118.62 405 336 382 400 2014 7 4 3 41 6 1 53
24 71 70 34.774 -118.68 420 337 383 400 2014 7 4 3 42 6 1 53
24 71 70 34.899 -118.75 444 336 387 400 2014 7 4 3 43 6 1 53
24 71 70 35.017 -118.81 459 337 396 400 2014 7 4 3 44 16 1 53
24 71 70 35.135 -118.87 461 336 400 400 2014 7 4 3 45 15 1 53
24 71 70 35.253 -118.93 462 337 400 400 2014 7 4 3 46 6 1 53
24 71 70 35.391 -119 456 336 400 400 2014 7 4 3 47 16 1 53
24 71 70 35.505 -119.06 454 336 400 400 2014 7 4 3 48 15 1 53
24 71 70 35.619 -119.13 450 336 400 400 2014 7 4 3 49 16 1 53
24 71 70 35.732 -119.19 447 336 400 400 2014 7 4 3 50 17 1 53
24 71 70 35.774 -119.21 450 336 400 400 2014 7 4 3 51 6 1 53
24 71 70 35.946 -119.33 441 330 400 400 2014 7 4 3 52 16 1 53
24 71 70 36.075 -119.42 441 331 400 400 2014 7 4 3 53 16 4 187
24 71 70 36.115 -119.45 439 331 400 400 2014 7 4 3 54 16 4 187
24 71 70 36.171 -119.58 439 297 400 400 2014 7 4 3 55 24 4 187
24 71 70 36.222 -119.52 439 331 400 400 2014 7 4 3 56 6 4 187
24 71 70 36.437 -119.66 440 331 400 400 2014 7 4 3 57 6 4 187
24 71 70 36.546 -119.74 444 331 400 400 2014 7 4 3 58 15 4 187
24 71 70 36.653 -119.81 444 331 400 400 2014 7 4 3 59 6 4 187
24 71 70 36.776 -119.81 444 359 400 400 2014 7 4 4 0 6 4 187
24 71 70 36.864 -119.96 436 338 358 400 2014 7 4 4 1 6 4 187
24 71 70 36.991 -120.05 435 330 330 400 2014 7 4 4 2 6 4 187
24 71 70 37.091 -120.12 430 330 309 200 2014 7 4 4 3 16 4 187
24 71 70 37.19 -120.19 416 331 289 200 2014 7 4 4 4 6 4 187
24 71 70 37.286 -120.25 403 332 268 200 2014 7 4 4 5 16 4 187
24 71 70 37.381 -120.32 395 330 257 200 2014 7 4 4 6 6 4 184
24 71 70 37.471 -120.39 388 321 247 200 2014 7 4 4 7 6 4 184
24 71 70 37.552 -120.48 378 326 237 200 2014 7 4 4 8 6 4 152
24 71 70 37.633 -120.56 378 315 227 200 2014 7 4 4 9 6 4 152
24 71 70 37.713 -120.64 373 327 217 200 2014 7 4 4 10 6 4 152
24 71 70 37.808 -120.74 366 316 205 200 2014 7 4 4 11 6 4 177
24 71 70 37.886 -120.81 362 327 195 200 2014 7 4 4 12 15 4 177
24 71 70 37.963 -120.89 356 315 185 200 2014 7 4 4 13 6 4 172
24 71 70 38.038 -120.97 347 321 174 200 2014 7 4 4 14 6 4 172
24 71 70 38.083 -121.02 351 321 168 200 2014 7 4 4 15 6 4 172
24 71 70 38.15 -121.12 348 315 157 200 2014 7 4 4 16 6 4 172
24 71 70 38.23 -121.24 335 307 142 200 2014 7 4 4 17 6 4 172
24 71 70 38.288 -121.32 320 310 125 200 2014 7 4 4 18 16 4 172
24 71 70 38.346 -121.41 319 315 109 200 2014 7 4 4 19 15 4 172
24 71 70 38.403 -121.49 316 307 94 200 2014 7 4 4 20 15 4 153
24 71 70 38.462 -121.57 301 315 80 200 2014 7 4 4 21 6 4 153
24 71 70 38.517 -121.6 292 314 69 200 2014 7 4 4 22 6 4 153
24 71 70 38.583 -121.65 289 329 53 200 2014 7 4 4 23 6 4 153
24 71 70 38.65 -121.67 248 337 35 200 2014 7 4 4 24 15 4 153
24 71 70 38.732 -121.67 226 0 19 200 2014 7 4 4 25 15 4 153
24 71 70 38.759 -121.63 185 21 10 200 2014 7 4 4 26 15 4 153
24 71 70 38.75 -121.6 138 42 7 200 2014 7 4 4 27 8 4 153
24 71 70 38.717 -121.6 123 130 2 200 2014 7 4 4 28 6 4 153
24 71 70 38.698 -121.6 142 180 2 200 2014 7 4 4 29 6 4 153
