1 77 34 34.2 -118.48 170 0 14 50 2014 7 3 17 8 16 1 8
1 77 34 34.15 -118.43 250 150 39 50 2014 7 3 17 9 6 1 8
1 77 34 34.151 -118.35 272 114 50 50 2014 7 3 17 10 6 1 8
1 77 34 34.112 -118.28 247 121 50 50 2014 7 3 17 11 6 1 8
1 77 34 34.017 -118.22 205 136 35 50 2014 7 3 17 12 6 1 15
1 77 34 33.967 -118.25 181 171 25 50 2014 7 3 17 13 6 1 15
1 77 34 33.958 -118.25 190 208 22 50 2014 7 3 17 14 6 1 15
1 77 34 33.95 -118.33 136 255 10 50 2014 7 3 17 15 6 1 15
1 77 34 33.933 -118.37 138 261 3 50 2014 7 3 17 16 6 1 15
1 77 34 33.938 -118.39 141 238 2 50 2014 7 3 17 17 16 1 15
2 77 34 34.183 -118.48 184 0 18 50 2014 7 3 22 3 6 1 8
2 77 34 34.15 -118.43 230 168 36 50 2014 7 3 22 4 6 1 8
2 77 34 34.15 -118.37 226 115 45 50 2014 7 3 22 5 6 1 8
2 77 34 34.117 -118.32 224 117 48 50 2014 7 3 22 6 7 1 8
2 77 34 34.067 -118.25 225 133 39 50 2014 7 3 22 7 6 1 15
2 77 34 34.017 -118.22 215 146 30 50 2014 7 3 22 8 6 1 15
2 77 34 33.967 -118.27 193 203 26 50 2014 7 3 22 9 6 1 15
2 77 34 33.967 -118.32 175 254 16 50 2014 7 3 22 10 6 1 15
2 77 34 33.955 -118.37 170 258 7 50 2014 7 3 22 11 6 1 15
2 77 34 33.949 -118.42 152 254 2 50 2014 7 3 22 12 6 1 15
3 77 34 34.183 -118.48 155 0 21 50 2014 7 4 0 22 6 1 8
3 77 34 34.15 -118.43 217 168 40 50 2014 7 4 0 23 6 1 8
3 77 34 34.1 -118.35 280 132 41 50 2014 7 4 0 24 6 1 0
3 77 34 34.067 -118.28 232 123 41 50 2014 7 4 0 25 6 1 15
3 77 34 34.033 -118.23 194 121 38 50 2014 7 4 0 26 6 1 15
3 77 34 34 -118.2 205 123 28 50 2014 7 4 0 27 6 1 15
3 77 34 33.967 -118.27 191 187 25 50 2014 7 4 0 28 6 1 15
3 77 34 33.967 -118.32 151 248 17 50 2014 7 4 0 29 6 1 15
3 77 34 33.95 -118.35 113 261 10 50 2014 7 4 0 30 6 1 15
3 77 34 33.956 -118.38 134 238 7 50 2014 7 4 0 31 6 1 15
3 77 34 33.951 -118.42 121 265 2 50 2014 7 4 0 32 6 1 15
