1 77 51 34.183 -118.48 178 0 16 60 2014 7 1 19 18 6 1 8
1 77 51 34.15 -118.52 193 168 31 60 2014 7 1 19 19 16 1 8
1 77 51 34.133 -118.58 224 200 40 60 2014 7 1 19 20 15 1 8
1 77 51 34.133 -118.67 240 263 40 60 2014 7 1 19 21 6 1 8
1 77 51 34.161 -118.72 207 273 40 60 2014 7 1 19 22 6 1 8
1 77 51 34.191 -118.77 193 313 40 60 2014 7 1 19 23 6 1 8
1 77 51 34.198 -118.83 183 284 40 60 2014 7 1 19 24 6 1 14
1 77 51 34.198 -118.89 183 269 40 60 2014 7 1 19 25 15 1 14
1 77 51 34.199 -118.94 187 270 37 60 2014 7 1 19 26 6 1 14
1 77 51 34.198 -119 181 271 32 60 2014 7 1 19 27 6 1 14
1 77 51 34.198 -119.05 127 269 25 60 2014 7 1 19 28 6 1 14
1 77 51 34.2 -119.09 129 270 18 60 2014 7 1 19 29 16 1 14
1 77 51 34.198 -119.14 120 271 11 60 2014 7 1 19 30 16 1 14
2 77 51 34.658 -120.33 94 0 45 40 2014 7 4 15 43 6 1 12
2 77 51 34.639 -120.31 100 293 48 50 2014 7 4 15 44 15 1 12
2 77 51 34.62 -120.29 105 293 50 50 2014 7 4 15 45 6 1 12
2 77 51 34.587 -120.26 134 132 51 50 2014 7 4 15 46 16 1 12
2 77 51 34.565 -120.24 117 131 50 50 2014 7 4 15 47 16 1 13
2 77 51 34.54 -120.21 124 139 51 50 2014 7 4 15 48 6 1 13
2 77 51 34.514 -120.18 118 138 52 50 2014 7 4 15 49 16 1 13
2 77 51 34.492 -120.16 114 137 47 50 2014 7 4 15 50 6 1 13
2 77 51 34.465 -120.13 114 137 43 50 2014 7 4 15 51 6 1 13
2 77 51 34.243 -119.23 83 142 39 50 2014 7 4 15 52 16 1 14
2 77 51 34.263 -119.23 163 19 49 50 2014 7 4 15 53 6 1 14
2 77 51 34.275 -119.18 148 48 51 50 2014 7 4 15 54 15 1 14
2 77 51 34.262 -119.13 145 85 50 50 2014 7 4 15 55 6 1 14
2 77 51 34.259 -119.08 136 92 50 50 2014 7 4 15 56 15 1 14
2 77 51 34.254 -119.03 139 100 51 50 2014 7 4 15 57 6 1 14
2 77 51 34.249 -118.99 142 98 50 50 2014 7 4 15 58 6 1 14
2 77 51 34.243 -118.95 141 89 51 50 2014 7 4 15 59 16 1 14
2 77 51 34.233 -118.88 136 101 49 50 2014 7 4 16 0 6 1 14
2 77 51 34.227 -118.83 146 101 49 50 2014 7 4 16 1 15 1 14
2 77 51 34.233 -118.77 142 83 51 50 2014 7 4 16 2 15 1 8
2 77 51 34.233 -118.77 142 83 51 50 2014 7 4 16 3 6 1 8
2 77 51 34.23 -118.69 138 89 51 50 2014 7 4 16 4 6 1 8
2 77 51 34.233 -118.67 142 89 50 50 2014 7 4 16 5 15 1 8
2 77 51 34.233 -118.63 135 87 50 50 2014 7 4 16 6 6 1 8
2 77 51 34.233 -118.6 134 88 49 50 2014 7 4 16 7 6 1 8
2 77 51 34.233 -118.53 137 97 31 50 2014 7 4 16 8 6 1 8
2 77 51 34.232 -118.51 134 80 18 50 2014 7 4 16 9 6 1 8
2 77 51 34.167 -118.5 112 128 27 50 2014 7 4 16 11 6 1 8
2 77 51 34.21 -118.49 72 0 8 60 2014 7 4 16 12 15 1 8
2 77 51 34.174 -118.64 156 309 46 60 2014 7 4 16 14 6 1 8
2 77 51 34.199 -118.69 161 304 41 60 2014 7 4 16 15 16 1 8
2 77 51 34.196 -118.74 152 277 41 60 2014 7 4 16 16 6 1 8
2 77 51 34.195 -118.79 148 270 41 60 2014 7 4 16 17 15 1 8
2 77 51 34.198 -118.84 156 271 33 60 2014 7 4 16 18 6 1 14
2 77 51 34.196 -118.89 158 271 37 60 2014 7 4 16 19 15 1 14
2 77 51 34.197 -118.94 153 270 39 60 2014 7 4 16 20 6 1 14
2 77 51 34.199 -118.99 146 270 33 60 2014 7 4 16 21 6 1 14
2 77 51 34.199 -119.04 140 271 25 60 2014 7 4 16 22 16 1 14
2 77 51 34.199 -119.08 110 270 20 60 2014 7 4 16 23 6 1 14
2 77 51 34.199 -119.12 119 268 14 60 2014 7 4 16 24 15 1 14
2 77 51 34.2 -119.16 116 270 7 60 2014 7 4 16 25 15 1 14
2 77 51 34.188 -119.29 166 263 21 60 2014 7 4 16 28 16 1 14
2 77 51 34.188 -119.29 166 263 21 60 2014 7 4 16 29 6 1 14
2 77 51 34.229 -119.26 118 355 40 60 2014 7 4 16 30 16 1 14
2 77 51 34.242 -119.22 141 59 40 60 2014 7 4 16 31 6 1 14
2 77 51 34.248 -119.17 135 59 41 60 2014 7 4 16 32 16 1 14
2 77 51 34.254 -119.14 104 82 41 60 2014 7 4 16 33 6 1 14
2 77 51 34.261 -119.09 135 78 41 60 2014 7 4 16 34 16 1 14
2 77 51 34.267 -119.04 133 79 41 60 2014 7 4 16 35 15 1 14
2 77 51 34.267 -119.04 133 79 41 60 2014 7 4 16 36 6 1 14
2 77 51 34.28 -118.96 135 79 41 60 2014 7 4 16 37 16 1 14
2 77 51 34.28 -118.96 135 79 41 60 2014 7 4 16 38 6 1 14
2 77 51 34.273 -118.92 134 121 37 60 2014 7 4 16 39 6 1 14
2 77 51 34.235 -118.88 123 143 31 60 2014 7 4 16 40 7 1 14
2 77 51 34.197 -118.93 145 249 31 60 2014 7 4 16 41 15 1 14
2 77 51 34.198 -118.98 145 270 31 60 2014 7 4 16 42 16 1 14
2 77 51 34.202 -118.98 151 275 26 60 2014 7 4 16 43 6 1 14
