0 26.19 16.435 23.822 29.003 22.167 29.875 26.505 18.628 17.311 23.966 18.741 29.178 12.541 16.803
0 0 12.734 11.792 13.488 33.855 12.927 15.101 34.095 38.647 22.347 12.406 15.288 25.319 34.942
0 0 0 10.847 13.538 27.415 15.495 15.686 27.654 30.813 22.434 10.439 15.306 17.266 27.648
0 0 0 0 13.691 32.987 9.7969 10.672 33.304 36.68 22.575 15.215 11.616 22.475 33.026
0 0 0 0 0 36.938 9.8207 14.145 37.193 41.695 21.976 15.91 11.807 29.16 38.179
0 0 0 0 0 0 37.988 34.791 20.766 21.911 32.912 28.815 37.156 21.001 21.868
0 0 0 0 0 0 0 14.82 38.208 42.419 22.522 13.754 15.208 29.259 38.712
0 0 0 0 0 0 0 0 35.029 38.897 22.818 13.119 15.476 26.219 35.185
0 0 0 0 0 0 0 0 0 22.955 33.251 29.098 37.338 21.189 23.944
0 0 0 0 0 0 0 0 0 0 35.377 33.247 40.852 20.136 11.907
0 0 0 0 0 0 0 0 0 0 0 22.691 22.144 22.74 32.447
0 0 0 0 0 0 0 0 0 0 0 0 17.371 19.84 29.896
0 0 0 0 0 0 0 0 0 0 0 0 0 27.784 37.176
0 0 0 0 0 0 0 0 0 0 0 0 0 0 17.278
0 0 0 0 0 0 0 0 0 0 0 0 0 0 0
