0 10.823 11.115 13.903 47.076 11.837 30.278 26.622 8.6509 10.153 14.13 10.366 10.613 11.153 11.391 10.773 12.103 12.553 21.009 13.039 18.686 16.194 8.1146 13.285 13.538 13.779 11.605 12.192 14.133 14.855 11.382 10.774 16.244 14.481 23.329 8.796 26.181 13.545 10.584 13.986 14.115 12.372 10.066 13.499 9.8532 13.716 12.199 12.802 12.92 12.282 10.077 12.767 10.408 21.228 14.077 10.798
0 0 13.582 16.142 45.199 15.089 29.435 33.04 12.849 11.414 15.061 13.624 13.998 15.103 13.476 15.796 16.845 11.404 13.675 10.838 14.61 12.243 11.664 11.654 9.7862 14.917 17.005 9.7811 15.796 11.49 11.137 13.223 17.091 15.245 21.088 10.279 32.544 8.3013 15.687 14.835 15.723 17.865 14.607 8.2562 13.981 17.361 11.174 14.917 18.813 14.944 13.272 15.32 14.318 19.814 14.125 15.088
0 0 0 12.547 48.564 13.098 32.006 25.67 13.104 14.276 15.249 14.831 11.661 10.553 8.4616 12.768 14.204 12.456 21.309 10.786 19.863 17.331 13.749 10.049 13.365 10.378 10.866 10.485 12.664 13.171 14.309 13.749 14.972 13.06 24.217 10.799 26.55 9.7289 11.413 11.391 9.3493 13.833 12.232 11.583 13.221 13.498 12.213 11.021 11.3 13.363 14.767 14.16 9.7838 21.541 12.366 11.229
0 0 0 0 51.91 14.166 34.992 28.969 14.145 14.331 14.611 12.521 17.452 9.6228 12.821 11.659 15.193 11.713 28.015 10.001 26.214 23.109 12.234 14.227 16.226 15.088 12.863 10.844 14.989 15.551 15.323 12.227 14.283 16.884 27.383 12.386 32.324 15.958 8.874 12.399 10.14 11.945 12.536 15.921 13.386 16.082 13.446 12.399 18.112 10.951 15.611 13.347 11.197 21.882 11.235 11.742
0 0 0 0 0 45.835 20.641 37.736 47.212 45.599 48.249 47.56 44.057 51.468 50.009 51.371 52.06 47.487 38.953 52.053 39.792 42.012 50.219 45.532 44.196 46.731 46.826 48.639 48.623 46.607 42.345 49.348 55.268 46.729 31.001 46.506 41.539 45.878 48.866 51.017 49.47 46.589 48.341 46.876 47.345 45.535 47.65 52.744 43.797 50.197 45.889 51.101 49.739 50.273 49.651 48.783
0 0 0 0 0 0 29.474 19.001 11.419 13.823 15.857 12.652 10.45 12.171 13.377 11.014 13.518 10.344 15.238 9.1062 18.464 13.552 12.923 13.412 13.628 8.6241 8.3962 9.0119 14.133 13.189 10.982 10.248 17.358 16.179 22.074 9.2013 20.623 11.576 8.3459 11.054 11.059 6.9308 10.542 8.4534 11.784 14.441 7.7285 12.683 10.221 8.9942 13.201 14.114 10.009 20.674 11.466 11.256
0 0 0 0 0 0 0 24.129 31.464 29.263 32.119 31.886 28.04 34.496 32.646 35.584 34.7 31.147 22.867 34.826 24.651 25.505 32.661 29.251 28.242 30.166 29.963 32.151 32.597 32.89 23.911 33.018 41.678 32.546 12.35 29.572 25.72 28.795 32.198 33.649 32.18 30.153 31.433 31.94 30.811 29.744 30.868 36.639 27.365 33.122 30.419 34.177 32.586 32.988 32.962 32.24
0 0 0 0 0 0 0 0 23.106 30.827 33.81 30.553 19.756 26.637 22.98 25.627 28.705 28.275 31.503 24.136 35.823 30.065 30.366 29.764 31.567 18.126 17.448 24.79 22.362 23.944 26.575 23.698 23.582 19.567 34.749 25.68 13.73 29.482 21.807 26.501 22.664 18.712 19.891 26.364 19.816 32.357 21.911 30.625 18.433 24.426 24.819 26.535 23.123 24.878 23.558 25.48
0 0 0 0 0 0 0 0 0 12.659 14.053 14.858 12.38 13.058 12.757 11.54 15.119 12.666 18.467 11.419 17.27 16.398 10.06 12.575 11.507 13.078 12.172 9.9506 14.133 9.9075 13.5 11.337 15.82 14.495 22.832 10.906 23.351 11.115 11.633 11.513 12.134 9.5236 12.849 11.979 12.321 18.023 12.748 12.649 10.559 12.052 14.369 10.937 11.698 21.622 12.039 10.42
0 0 0 0 0 0 0 0 0 0 14.654 15.038 12.018 12.958 11.599 13.881 13.628 12.596 14.756 11.693 12.534 14.115 12.219 11.507 13.926 12.719 14.797 8.8786 14.103 13.227 13.823 11.253 17.76 14.66 21.627 8.9776 30.353 11.507 15.135 12.647 13.469 15.826 12.451 13.932 13.835 12.388 12.568 11.253 16.862 12.398 14.367 13.087 12.342 20.486 13.836 11.133
0 0 0 0 0 0 0 0 0 0 0 13.915 15.092 15.421 14.986 16.688 15.57 14.611 21.271 11.884 18.877 16.542 15.001 17.208 13.951 15.7 17.78 13.794 16.688 14.129 16.736 15.001 13.873 15.707 25.457 14.124 33.334 14.046 17.552 15.625 16.442 18.731 15.419 11.502 14.867 14.292 14.226 10.247 19.679 14.854 14.72 16.354 15.159 31.846 14.807 13.566
0 0 0 0 0 0 0 0 0 0 0 0 13.323 14.999 11.134 13.974 12.75 10.29 19.174 9.7106 16.395 15.917 15.096 12.545 12.76 12.442 14.525 9.9881 13.974 14.934 15.381 13.366 13.744 12.054 24.963 14.419 30.011 13.472 15.517 12.342 13.945 15.733 13.786 9.6852 12.852 15.038 12.327 10.272 17.038 12 13.539 12.931 14.727 29.34 11.935 12.588
0 0 0 0 0 0 0 0 0 0 0 0 0 15.487 11.487 14.9 16.339 9.2583 13.616 12.593 17.724 11.569 12.743 13.384 12.923 13.451 12.74 12.937 16.743 13.237 13.335 14.295 17.547 15.925 20.63 13.995 19.065 13.588 12.927 14.738 14.176 9.4091 12.942 10.625 12.023 13.84 13.105 13.273 14.303 12.894 14.618 15.368 15.465 20.498 13.711 14.727
0 0 0 0 0 0 0 0 0 0 0 0 0 0 9.6426 13.384 9.1228 9.9364 25.861 9.9645 23.708 21.521 14.189 12.262 15.722 13.51 13.035 12.034 16.743 15.246 16.426 13.499 14.014 15.432 26.373 12.572 31.554 12.663 12.487 12.663 11.945 10.634 13.56 14.166 13.54 14.311 11.695 12.496 16.311 14.104 15.156 11.705 10.244 21.994 11.713 12.668
0 0 0 0 0 0 0 0 0 0 0 0 0 0 0 10.444 13.284 12.729 22.079 10.918 20.207 17.069 12.653 10.496 12.421 14.217 12.318 10.753 14.133 15.027 13.482 12.653 14.292 13.59 25.417 14.298 27.832 10.216 9.6154 11.886 11.425 12.739 11.134 11.757 7.9967 12.933 9.6851 11.091 14.121 11.764 12.462 13.717 12.332 21.287 12.638 8.3565
0 0 0 0 0 0 0 0 0 0 0 0 0 0 0 0 11.039 11.084 25.415 10.077 23.78 19.808 14.768 13.013 14.762 14.255 15.569 12.768 12.638 14.22 17.902 13.669 15.149 14.472 27.871 15.317 31.438 13.06 8.472 10.774 12.14 10.503 13.055 14.159 11.206 15.683 12.392 13.838 15.751 9.3271 12.584 9.7852 12.506 22.107 12.025 11.069
0 0 0 0 0 0 0 0 0 0 0 0 0 0 0 0 0 14.295 27.579 12.665 26.121 23.521 11.234 13.936 16.922 14.617 13.512 10.433 14.84 15.577 15.125 9.4399 14.06 18.451 26.867 12.744 32.427 14.545 11.134 9.6134 10.609 13.364 15.105 13.501 11.915 16.844 11.409 11.907 17.487 11.418 13.252 13.911 14.114 19.53 14.004 9.9777
0 0 0 0 0 0 0 0 0 0 0 0 0 0 0 0 0 0 19.571 8.3962 18.285 15.276 8.1944 11.764 12.002 10.151 12.22 7.7141 14.103 13.093 11.935 8.5079 16.495 14.216 23.307 8.4609 27.758 7.9287 12.041 10.06 11.075 13.089 10.223 10.992 11.027 13.556 7.8328 8.6112 14.035 9.2421 12.467 13.648 9.7321 21.05 11.052 9.99
0 0 0 0 0 0 0 0 0 0 0 0 0 0 0 0 0 0 0 21.64 13.527 10.366 23.522 14.443 12.066 18.501 17.457 20.616 21.193 19.764 24.435 23.002 22.726 18.148 18.544 18.591 31.188 17.042 20.264 25.326 21.623 17.584 19.494 17.488 17.596 14.878 18.492 23.826 18.489 23.448 15.082 25.84 22.967 24.02 23.286 24.884
0 0 0 0 0 0 0 0 0 0 0 0 0 0 0 0 0 0 0 0 20.369 17.269 10.464 15.771 11.574 13.249 12.886 7.7066 14.092 14.716 16.666 11.557 11.958 12.301 27.282 10.853 27.644 11.502 10.942 10.968 13.044 10.665 10.904 9.7516 9.7534 14.812 9.9368 8.1158 14.837 8.2381 9.9585 15.141 11.397 28.048 11.347 9.9415
0 0 0 0 0 0 0 0 0 0 0 0 0 0 0 0 0 0 0 0 0 12.563 21.916 12.828 12.461 18.458 20.33 19.13 20.304 16.137 21.176 21.307 21.803 18.557 16.151 15.634 35.574 13.417 20.935 23.816 20.097 22.248 18.479 14.706 17.651 14.721 16.698 21.725 23.148 21.682 14.525 24.15 20.537 22.331 21.044 22.575
0 0 0 0 0 0 0 0 0 0 0 0 0 0 0 0 0 0 0 0 0 0 18.673 12.818 11.592 15.591 13.918 16.759 16.99 17.801 19.235 18.763 19.182 16.307 19.389 15.441 29.479 15.092 15.486 20.698 17.071 14.812 15.326 13.394 12.77 13.345 15.201 18.428 16.14 18.641 12.462 21.233 18.493 22.5 17.521 19.143
0 0 0 0 0 0 0 0 0 0 0 0 0 0 0 0 0 0 0 0 0 0 0 10.268 12.085 14.266 14.788 7.8956 14.768 14.939 14.144 11.077 13.603 14.094 25.537 14.067 30.083 9.7148 15.7 12.928 13.03 16.775 12.968 12.965 13.412 15.797 9.2957 10.931 17.661 13.03 10.683 12.945 13.092 21.48 11.201 9.02
0 0 0 0 0 0 0 0 0 0 0 0 0 0 0 0 0 0 0 0 0 0 0 0 13.494 14.992 13.739 14.162 16.743 13.653 10.714 9.9318 17.769 15.43 21.273 10.344 29.299 14.812 13.776 13.167 13.105 14.872 11.417 13.732 11.071 13.796 13.988 14.65 15.786 12.311 13.794 12.02 11.864 20.978 12.062 11.864
0 0 0 0 0 0 0 0 0 0 0 0 0 0 0 0 0 0 0 0 0 0 0 0 0 13.493 15.556 11.543 14.762 11.835 12.682 11.738 17.963 15.897 22.437 9.4773 31.119 8.9276 14.81 14.833 14.157 16.702 13.263 10.771 12.92 13.913 9.704 13.354 17.644 14.055 14.993 13.949 15.046 19.718 14.204 14.006
0 0 0 0 0 0 0 0 0 0 0 0 0 0 0 0 0 0 0 0 0 0 0 0 0 0 13.242 10.749 12.345 14.361 13.45 12.707 17.29 14.999 23.023 13.285 22.404 13.013 11.241 13.428 12.707 9.8543 9.6456 12.562 13.936 14.487 13.242 12.545 14.559 11.613 13.099 14.114 13.361 21.07 13.983 10.651
0 0 0 0 0 0 0 0 0 0 0 0 0 0 0 0 0 0 0 0 0 0 0 0 0 0 0 13.492 13.224 11.838 12.528 13.737 16.15 14.491 22.787 9.7616 21.494 13.313 11.251 10.748 13.833 7.8991 9.6082 10.906 13.54 16.369 11.306 14.61 12.562 9.9936 12.227 11.559 13.428 20.272 14.505 13.872
0 0 0 0 0 0 0 0 0 0 0 0 0 0 0 0 0 0 0 0 0 0 0 0 0 0 0 0 12.345 11.612 14.387 12.661 14.416 13.521 24.402 9.847 26.092 9.2337 9.756 12.571 12.952 10.369 8.4948 8.4462 9.3427 12.286 8.2466 10.699 13.356 7.5556 14.767 11.308 11.314 21.895 8.4524 9.2683
0 0 0 0 0 0 0 0 0 0 0 0 0 0 0 0 0 0 0 0 0 0 0 0 0 0 0 0 0 16.177 14.832 11.728 14.103 14.103 24.39 16.743 26.497 14.092 14.133 14.088 16.743 12.345 14.996 14.092 14.634 15.683 14.103 13.838 13.253 14.103 14.092 12.734 14.09 21.788 14.133 16.743
0 0 0 0 0 0 0 0 0 0 0 0 0 0 0 0 0 0 0 0 0 0 0 0 0 0 0 0 0 0 14.372 10.934 17.246 14.247 23.143 15.153 22.297 14.697 10.806 15.029 14.468 12.584 13.215 13.884 14.39 12.591 11.838 13.094 15.169 14.075 11.587 14.927 14.746 20.622 11.463 12.611
0 0 0 0 0 0 0 0 0 0 0 0 0 0 0 0 0 0 0 0 0 0 0 0 0 0 0 0 0 0 0 14.501 26.328 20.91 14.038 13.727 28.02 10.551 12.934 15.262 14.113 12.052 12.568 13.57 12.778 15.286 12.866 17.768 13.227 14.089 13.92 14.707 14.543 17.747 15.135 13.057
0 0 0 0 0 0 0 0 0 0 0 0 0 0 0 0 0 0 0 0 0 0 0 0 0 0 0 0 0 0 0 0 14.262 13.59 24.547 12.292 27.613 10.048 8.9072 11.045 13.756 10.857 9.6022 12.312 13.412 12.545 11.152 10.794 13.511 8.4242 12.676 12.191 11.901 21.48 12.916 11.202
0 0 0 0 0 0 0 0 0 0 0 0 0 0 0 0 0 0 0 0 0 0 0 0 0 0 0 0 0 0 0 0 0 12.864 35.418 17.669 28.324 17.329 15.561 12.983 14.031 16.496 15.4 15.026 14.188 16.679 15.313 12.764 18.902 14.462 18.824 14.833 14.226 27.044 13.72 15.371
0 0 0 0 0 0 0 0 0 0 0 0 0 0 0 0 0 0 0 0 0 0 0 0 0 0 0 0 0 0 0 0 0 0 29.232 14.436 18.799 14.811 15.238 15.754 14.025 14.705 14.611 11.204 10.694 14.963 15.343 12.939 16.117 13.316 16.296 14.886 13.073 28.804 15.269 14.584
0 0 0 0 0 0 0 0 0 0 0 0 0 0 0 0 0 0 0 0 0 0 0 0 0 0 0 0 0 0 0 0 0 0 0 22.493 34.277 21.845 24.183 26.157 25.069 22.54 24.943 24.034 23.673 21.872 23.755 28.933 21.234 25.023 24.818 26.217 25.844 25.579 24.462 23.76
0 0 0 0 0 0 0 0 0 0 0 0 0 0 0 0 0 0 0 0 0 0 0 0 0 0 0 0 0 0 0 0 0 0 0 0 25.234 13.338 10.309 11.569 13.585 11.075 10.028 12.969 13.662 13.425 13.458 11.791 12.239 11.654 10.315 13.458 10.504 20.272 14.378 12.582
0 0 0 0 0 0 0 0 0 0 0 0 0 0 0 0 0 0 0 0 0 0 0 0 0 0 0 0 0 0 0 0 0 0 0 0 0 28.946 25.763 30.306 27.471 22.793 25.411 25.838 23.14 31.929 23.452 30.173 17.398 28.94 24.358 30.477 28.729 28.727 28.437 29.844
0 0 0 0 0 0 0 0 0 0 0 0 0 0 0 0 0 0 0 0 0 0 0 0 0 0 0 0 0 0 0 0 0 0 0 0 0 0 14.7 12.078 12.412 14.812 11.42 11.277 11.128 13.882 7.8908 11.021 16.14 12.339 9.8738 11.854 11.704 20.746 12.742 12.204
0 0 0 0 0 0 0 0 0 0 0 0 0 0 0 0 0 0 0 0 0 0 0 0 0 0 0 0 0 0 0 0 0 0 0 0 0 0 0 8.7309 12.683 9.1936 10.861 12.08 13.621 15.94 8.0171 14.7 12.15 8.8995 11.815 11.028 11.469 22.363 10.547 11.438
0 0 0 0 0 0 0 0 0 0 0 0 0 0 0 0 0 0 0 0 0 0 0 0 0 0 0 0 0 0 0 0 0 0 0 0 0 0 0 0 13.667 11.021 8.8353 12.395 10.233 16.925 8.8735 12.482 15.312 9.338 11.545 10.887 12.855 22.383 7.915 9.622
0 0 0 0 0 0 0 0 0 0 0 0 0 0 0 0 0 0 0 0 0 0 0 0 0 0 0 0 0 0 0 0 0 0 0 0 0 0 0 0 0 8.4719 8.5936 12.094 11.425 14.92 8.1909 14.025 14.212 12.774 12.212 10.794 11.961 21.461 11.347 11.064
0 0 0 0 0 0 0 0 0 0 0 0 0 0 0 0 0 0 0 0 0 0 0 0 0 0 0 0 0 0 0 0 0 0 0 0 0 0 0 0 0 0 11.098 11.181 13.305 17.599 7.8991 15.762 11.822 9.4063 12.649 13.045 8.7743 20.576 12.756 10.859
0 0 0 0 0 0 0 0 0 0 0 0 0 0 0 0 0 0 0 0 0 0 0 0 0 0 0 0 0 0 0 0 0 0 0 0 0 0 0 0 0 0 0 10.344 14.846 14.117 10.775 12.314 10.286 9.3354 12.776 11.58 10.913 22.467 11.994 9.8591
0 0 0 0 0 0 0 0 0 0 0 0 0 0 0 0 0 0 0 0 0 0 0 0 0 0 0 0 0 0 0 0 0 0 0 0 0 0 0 0 0 0 0 0 10.786 14.487 10.173 11.498 12.641 13.451 11.765 14.388 10.353 26.857 12.372 11.443
0 0 0 0 0 0 0 0 0 0 0 0 0 0 0 0 0 0 0 0 0 0 0 0 0 0 0 0 0 0 0 0 0 0 0 0 0 0 0 0 0 0 0 0 0 14.211 12.852 11.994 9.1654 12.857 11.51 12.664 12.656 25.991 11.692 11.325
0 0 0 0 0 0 0 0 0 0 0 0 0 0 0 0 0 0 0 0 0 0 0 0 0 0 0 0 0 0 0 0 0 0 0 0 0 0 0 0 0 0 0 0 0 0 12.14 16.638 18.539 13.838 15.227 15.885 13.954 20.486 13.966 19.225
0 0 0 0 0 0 0 0 0 0 0 0 0 0 0 0 0 0 0 0 0 0 0 0 0 0 0 0 0 0 0 0 0 0 0 0 0 0 0 0 0 0 0 0 0 0 0 9.1916 13.363 8.6144 11.906 9.0151 10.278 21.182 11.321 9.9486
0 0 0 0 0 0 0 0 0 0 0 0 0 0 0 0 0 0 0 0 0 0 0 0 0 0 0 0 0 0 0 0 0 0 0 0 0 0 0 0 0 0 0 0 0 0 0 0 16.703 11.993 12.972 13.709 12.126 29.114 11.577 8.6724
0 0 0 0 0 0 0 0 0 0 0 0 0 0 0 0 0 0 0 0 0 0 0 0 0 0 0 0 0 0 0 0 0 0 0 0 0 0 0 0 0 0 0 0 0 0 0 0 0 13.721 11.707 16.082 15.1 20.761 13.859 14.919
0 0 0 0 0 0 0 0 0 0 0 0 0 0 0 0 0 0 0 0 0 0 0 0 0 0 0 0 0 0 0 0 0 0 0 0 0 0 0 0 0 0 0 0 0 0 0 0 0 0 12.773 13.413 11.469 21.895 11.439 11.716
0 0 0 0 0 0 0 0 0 0 0 0 0 0 0 0 0 0 0 0 0 0 0 0 0 0 0 0 0 0 0 0 0 0 0 0 0 0 0 0 0 0 0 0 0 0 0 0 0 0 0 11.949 11.992 21.104 15.535 12.863
0 0 0 0 0 0 0 0 0 0 0 0 0 0 0 0 0 0 0 0 0 0 0 0 0 0 0 0 0 0 0 0 0 0 0 0 0 0 0 0 0 0 0 0 0 0 0 0 0 0 0 0 9.6127 23.784 12.939 11.343
0 0 0 0 0 0 0 0 0 0 0 0 0 0 0 0 0 0 0 0 0 0 0 0 0 0 0 0 0 0 0 0 0 0 0 0 0 0 0 0 0 0 0 0 0 0 0 0 0 0 0 0 0 21.18 10.939 10.191
0 0 0 0 0 0 0 0 0 0 0 0 0 0 0 0 0 0 0 0 0 0 0 0 0 0 0 0 0 0 0 0 0 0 0 0 0 0 0 0 0 0 0 0 0 0 0 0 0 0 0 0 0 0 22.089 21.437
0 0 0 0 0 0 0 0 0 0 0 0 0 0 0 0 0 0 0 0 0 0 0 0 0 0 0 0 0 0 0 0 0 0 0 0 0 0 0 0 0 0 0 0 0 0 0 0 0 0 0 0 0 0 0 10.357
0 0 0 0 0 0 0 0 0 0 0 0 0 0 0 0 0 0 0 0 0 0 0 0 0 0 0 0 0 0 0 0 0 0 0 0 0 0 0 0 0 0 0 0 0 0 0 0 0 0 0 0 0 0 0 0
