0 14.515 21.597 20.033 12.716 13.016 28.048 19.67 27.99 20.266 20.265 28.374 18.601 28.54 28.703 13.374 19.645 14.087 10.598 20.281 32.45 19.444 13.745 20.681 19.924 19.883
0 0 22.21 22.058 13.984 15.173 27.922 22.177 28.038 22.21 22.781 28.293 19.503 28.397 28.533 14.007 23.226 14.062 12.452 22.1 33.51 23.618 15.751 22.781 22.431 24.157
0 0 0 17.774 21.229 18.829 40.284 21.232 40.561 13.162 10.542 40.876 19.936 40.975 40.831 25.861 13.615 21.34 23.537 17.918 23.422 19.608 27.956 15.325 22.386 14.172
0 0 0 0 20.658 19.064 27.369 13.248 27.542 13.075 15.317 27.932 18.303 28.226 28.04 25.555 14.015 20.795 22.786 14.778 23.756 12.386 28.193 11.076 11.017 13.167
0 0 0 0 0 12.685 33.965 20.8 33.512 20.628 20.481 33.828 18.582 33.956 34.651 14.314 20.265 14.795 11.935 20.677 32.431 20.176 13.334 20.881 20.527 20.299
0 0 0 0 0 0 34.007 19.251 34.438 19.264 18.783 34.826 17.607 35.066 34.721 13.937 18.571 13.185 11.668 18.97 31.579 18.5 14.154 19.185 18.831 18.592
0 0 0 0 0 0 0 24.6 14.755 35.928 38 14.278 33.62 12.425 12.595 36.478 35.112 28.58 29.66 31.084 33.371 26.036 36.926 29.855 22.814 35.293
0 0 0 0 0 0 0 0 23.718 17.937 18.019 24.062 20.099 24.202 25.367 25.524 18.718 20.925 22.627 12.263 23.672 15.57 27.994 17.76 16.006 15.429
0 0 0 0 0 0 0 0 0 35.901 38.176 13.001 33.427 15.016 13.612 36.358 34.475 28.474 28.79 28.844 33.021 25.832 37.571 29.767 22.895 35.193
0 0 0 0 0 0 0 0 0 0 9.4017 36.288 17.936 36.445 36.43 24.857 12.091 20.751 22.393 21.619 23.672 14.633 27.579 10.616 16.38 11.53
0 0 0 0 0 0 0 0 0 0 0 38.574 19.424 38.734 38.542 25.508 8.7092 20.68 23.052 16.91 23.412 16.288 27.253 13.624 18.663 11.257
0 0 0 0 0 0 0 0 0 0 0 0 33.719 14.153 13.167 36.645 34.809 28.909 29.215 29.308 33.327 26.115 37.782 30.044 23.144 35.477
0 0 0 0 0 0 0 0 0 0 0 0 0 33.837 34.267 20.079 19.14 18.272 19.832 19.07 26.184 20.099 22.956 18.489 18.752 20.142
0 0 0 0 0 0 0 0 0 0 0 0 0 0 14.516 36.761 34.944 29.085 29.386 29.495 33.451 26.231 37.868 30.157 23.247 35.593
0 0 0 0 0 0 0 0 0 0 0 0 0 0 0 37.108 35.823 29.128 30.1 31.302 34.042 26.703 37.427 30.493 23.449 35.923
0 0 0 0 0 0 0 0 0 0 0 0 0 0 0 0 25.637 17.622 13.496 26.203 34.499 25.444 10.025 25.789 25.913 25.814
0 0 0 0 0 0 0 0 0 0 0 0 0 0 0 0 0 20.439 23.384 23.917 23.422 15.225 27.544 10.545 15.513 12.543
0 0 0 0 0 0 0 0 0 0 0 0 0 0 0 0 0 0 14.75 20.866 32.42 20.341 13.546 21.082 20.702 20.487
0 0 0 0 0 0 0 0 0 0 0 0 0 0 0 0 0 0 0 24.057 33.255 23.048 14.027 23.331 23.68 23.81
0 0 0 0 0 0 0 0 0 0 0 0 0 0 0 0 0 0 0 0 23.836 17.903 27.7 20.28 16.462 15.595
0 0 0 0 0 0 0 0 0 0 0 0 0 0 0 0 0 0 0 0 0 23.831 35.216 24.433 23.801 24.072
0 0 0 0 0 0 0 0 0 0 0 0 0 0 0 0 0 0 0 0 0 0 27.553 10.41 10.169 12.215
0 0 0 0 0 0 0 0 0 0 0 0 0 0 0 0 0 0 0 0 0 0 0 27.621 27.787 27.352
0 0 0 0 0 0 0 0 0 0 0 0 0 0 0 0 0 0 0 0 0 0 0 0 10.006 12.392
0 0 0 0 0 0 0 0 0 0 0 0 0 0 0 0 0 0 0 0 0 0 0 0 0 15.234
0 0 0 0 0 0 0 0 0 0 0 0 0 0 0 0 0 0 0 0 0 0 0 0 0 0
