0 14.249 23.865 14.663 16.721 14.883 12.361 12.59 17.834 17.968 18.583 45.006 16.958 20.88 20.813 18.326 20.394 17.463 20.984 21.579 28.436 21.255 21.395 26.365 19.094 12.84 13.801 15.591 12.975 11.985
0 0 21.137 13.678 15.985 17.956 14.955 13.999 17.621 11.938 21.072 45.045 19.444 23.436 23.375 20.881 22.954 19.671 23.541 24.138 28.096 23.815 23.922 28.919 23.275 15.939 12.717 10.933 11.977 13.248
0 0 0 14.425 21.173 20.635 20.591 21.307 20.87 19.843 21.072 45.571 20.68 25.417 23.375 21.353 22.954 21.266 23.541 24.138 26.667 23.815 23.922 28.919 21.229 20.761 20.986 15.052 20.772 20.892
0 0 0 0 20.298 21.776 14.771 14.23 23.04 15.442 20.976 44.975 19.347 23.332 23.269 20.777 22.847 24.058 23.436 24.443 27.593 23.707 23.929 28.816 25.511 12.43 12.201 13.083 13.904 13.9
0 0 0 0 0 14.429 14.656 15 21.518 14.051 18.299 46.209 16.676 23.446 20.494 18.016 20.071 23.25 20.672 24.809 27.17 20.932 21.216 26.055 21.164 19.079 15.846 14.148 15.944 17.751
0 0 0 0 0 0 15.289 14.658 13.275 12.924 23.3 46.458 21.672 25.938 25.976 23.376 25.594 22.36 26.044 26.794 27.086 26.466 26.429 31.392 14.289 25.342 17.356 14.071 14.641 16.817
0 0 0 0 0 0 0 12.573 15.056 13.826 22.044 45.973 20.414 24.482 24.443 21.923 24.031 20.757 24.586 25.218 27.067 24.894 24.927 29.959 17.051 17.479 13.976 14.986 13.779 13.585
0 0 0 0 0 0 0 0 16.007 11.826 18.988 45.989 17.369 22.711 21.042 18.616 20.6 17.651 21.264 21.774 27.488 21.454 21.748 26.652 17.519 15.966 12.792 11.939 11.349 14.937
0 0 0 0 0 0 0 0 0 15.389 22.142 46.343 20.512 24.586 24.55 22.028 24.138 23.543 24.691 25.326 27.758 25.002 25.028 30.064 15.153 27.584 19.632 15.552 18.013 18.615
0 0 0 0 0 0 0 0 0 0 20.218 45.973 18.588 25.514 22.632 20.097 22.228 18.967 22.761 23.419 26.993 23.094 23.096 28.132 14.891 16.954 13.136 14.604 15.938 13.505
0 0 0 0 0 0 0 0 0 0 0 45.556 15.383 24.343 14.548 16.071 13.889 18.354 14.548 16.034 27.528 10.488 15.386 11.35 18.963 18.711 22.338 21.596 18.393 22.24
0 0 0 0 0 0 0 0 0 0 0 0 44.936 26.927 46.571 46.529 45.196 43.964 45.625 46.781 70.753 46.363 46.343 45.556 46.781 44.823 45.625 45.557 45.631 44.014
0 0 0 0 0 0 0 0 0 0 0 0 0 26.501 14.917 14.781 15.474 17.365 14.249 18.869 28.12 13.897 18.034 13.382 19.168 17.094 20.708 19.966 16.769 20.61
0 0 0 0 0 0 0 0 0 0 0 0 0 0 23.537 23.599 22.711 21.954 22.705 23.796 46.628 23.392 24.607 23.094 24.703 22.705 24.796 24.132 22.741 24.691
0 0 0 0 0 0 0 0 0 0 0 0 0 0 0 13.153 18.063 22.995 15.308 12.95 27.197 13.384 12.802 13.541 21.24 20.726 24.765 24.138 20.6 24.657
0 0 0 0 0 0 0 0 0 0 0 0 0 0 0 0 17.633 20.273 15.744 20.449 26.768 14.695 19.783 13.273 18.74 18.311 22.237 21.571 18.119 22.133
0 0 0 0 0 0 0 0 0 0 0 0 0 0 0 0 0 24.352 13.606 24.658 28.276 14.112 23.07 14.89 26.793 20.281 24.354 23.745 20.179 24.246
0 0 0 0 0 0 0 0 0 0 0 0 0 0 0 0 0 0 18.404 23.583 29.613 20.564 24.97 16.495 25.368 18.854 21.083 20.497 17.249 20.974
0 0 0 0 0 0 0 0 0 0 0 0 0 0 0 0 0 0 0 20.47 27.503 13.492 18.745 12.495 21.4 20.957 24.901 24.238 20.776 24.796
0 0 0 0 0 0 0 0 0 0 0 0 0 0 0 0 0 0 0 0 30.222 20.326 11.263 17.187 22.011 27.885 25.542 24.941 21.363 25.434
0 0 0 0 0 0 0 0 0 0 0 0 0 0 0 0 0 0 0 0 0 26.657 29.303 27.45 32.097 27.488 27.482 27.443 27.488 29.369
0 0 0 0 0 0 0 0 0 0 0 0 0 0 0 0 0 0 0 0 0 0 16.626 13.009 21.687 21.133 25.218 24.614 21.04 25.11
0 0 0 0 0 0 0 0 0 0 0 0 0 0 0 0 0 0 0 0 0 0 0 16.99 21.792 27.899 25.231 24.558 21.197 25.129
0 0 0 0 0 0 0 0 0 0 0 0 0 0 0 0 0 0 0 0 0 0 0 0 26.779 26.345 30.273 29.599 26.158 30.168
0 0 0 0 0 0 0 0 0 0 0 0 0 0 0 0 0 0 0 0 0 0 0 0 0 27.783 20.412 17.683 17.584 20.888
0 0 0 0 0 0 0 0 0 0 0 0 0 0 0 0 0 0 0 0 0 0 0 0 0 0 12.17 16.02 13.257 13.136
0 0 0 0 0 0 0 0 0 0 0 0 0 0 0 0 0 0 0 0 0 0 0 0 0 0 0 13.581 13.164 13.029
0 0 0 0 0 0 0 0 0 0 0 0 0 0 0 0 0 0 0 0 0 0 0 0 0 0 0 0 12.468 11.552
0 0 0 0 0 0 0 0 0 0 0 0 0 0 0 0 0 0 0 0 0 0 0 0 0 0 0 0 0 13.124
0 0 0 0 0 0 0 0 0 0 0 0 0 0 0 0 0 0 0 0 0 0 0 0 0 0 0 0 0 0
