0 12.54 9.9428 14.541 11.13 10.333 12.282 9.648 12.652 7.9188 11.786 13.42 13.407 11.365 14.502
0 0 12.346 10.566 15.517 9.6031 14.569 10.198 14.953 12.368 11.909 11.818 11.7 13.735 18.762
0 0 0 12.544 12.648 12.536 13.578 11.515 18.056 10.306 13.406 14.838 12.367 13.01 13.983
0 0 0 0 13.407 8.0427 17.236 9.1859 11.356 13.38 12.806 11.479 13.499 12.575 17.11
0 0 0 0 0 13.193 13.871 13.588 16.679 15.205 14.028 16.359 13.825 15.374 13.488
0 0 0 0 0 0 14.285 8.5724 11.283 12.52 13.045 9.1343 13.406 14.056 17.29
0 0 0 0 0 0 0 11.589 16.982 13.39 13.355 16.586 13.578 11.94 12.756
0 0 0 0 0 0 0 0 13.932 11.527 13.788 9.2771 11.361 13.34 12.743
0 0 0 0 0 0 0 0 0 13.732 10.758 14.08 12.722 15.797 22.33
0 0 0 0 0 0 0 0 0 0 11.991 12.303 13.055 9.3294 12.392
0 0 0 0 0 0 0 0 0 0 0 10.628 13.187 13.195 16.239
0 0 0 0 0 0 0 0 0 0 0 0 15.211 14.65 20.31
0 0 0 0 0 0 0 0 0 0 0 0 0 11.603 12.596
0 0 0 0 0 0 0 0 0 0 0 0 0 0 13.268
0 0 0 0 0 0 0 0 0 0 0 0 0 0 0
