1 18 1 39.859 -104.67 238 0 54 240 6 233
1 18 1 39.633 -104.9 255 189 138 240 6 233
1 18 1 39.338 -105 266 193 184 240 6 233
1 18 1 38.982 -105.16 270 201 225 240 6 236
1 18 1 38.598 -105.38 328 203 240 240 6 236
1 18 1 38.134 -105.55 349 195 240 240 6 236
1 18 1 37.59 -105.74 354 194 240 240 6 236
1 18 1 38.021 -105.59 351 195 240 240 6 236
1 18 1 37.489 -105.77 353 195 240 240 6 236
1 18 1 37.074 -105.94 346 200 240 240 6 236
1 18 1 36.618 -106.14 339 198 240 240 2 69
1 18 1 36.16 -106.34 354 199 223 240 2 69
1 18 1 35.703 -106.54 365 199 177 240 2 69
1 18 1 35.257 -106.72 315 198 93 240 2 80
1 18 1 35.046 -106.6 136 225 54 240 2 80
2 18 1 39.859 -104.67 238 0 54 240 6 233
2 18 1 39.553 -104.78 254 209 134 240 6 233
2 18 1 39.202 -105.02 291 208 192 240 6 233
2 18 1 38.814 -105.25 297 204 240 240 6 236
2 18 1 38.346 -105.47 368 200 240 240 6 236
2 18 1 37.828 -105.65 373 195 240 240 6 236
2 18 1 37.551 -105.72 373 195 240 240 6 236
2 18 1 36.996 -105.87 379 184 240 240 6 236
2 18 1 36.571 -105.91 375 185 240 240 2 69
2 18 1 36.023 -106.14 374 215 240 240 2 69
2 18 1 35.662 -106.46 380 215 183 240 2 69
2 18 1 35.24 -106.72 293 202 101 240 2 80
2 18 1 35.044 -106.62 137 91 54 240 2 80
3 18 1 39.9 -104.73 246 0 88 340 6 233
3 18 1 39.55 -104.88 361 168 187 340 6 233
3 18 1 39.029 -104.75 399 179 286 340 6 266
3 18 1 38.506 -105.06 423 205 340 340 6 265
3 18 1 37.965 -105.36 424 203 340 340 6 265
3 18 1 37.51 -105.7 425 211 340 340 6 265
3 18 1 37.156 -105.87 425 200 340 320 6 265
3 18 1 36.573 -106.14 440 200 320 290 2 99
3 18 1 36.005 -106.41 443 200 239 150 2 69
3 18 1 35.475 -106.63 391 198 157 150 2 69
3 18 1 35.063 -106.84 242 196 75 150 2 80
3 18 1 35.044 -106.62 117 91 54 150 2 80
4 18 1 39.852 -104.63 188.17 0 67.5 360 6 233
4 18 1 39.486 -104.6 369.5 192.83 195.33 360 6 233
4 18 1 38.932 -104.8 412.67 195.5 305 360 6 236
4 18 1 38.404 -105.15 418.33 206.17 330 360 6 265
4 18 1 37.877 -105.5 426.33 207 329.33 300 6 265
4 18 1 37.318 -105.8 432.67 200.83 333.33 300 6 265
4 18 1 36.782 -106.06 436.83 200.33 325.83 300 6 266
4 18 1 36.197 -106.31 443.17 198.17 293.5 8 2 99
4 18 1 35.651 -106.53 383.67 199.67 198.83 8 2 69
4 18 1 35.218 -106.77 303.83 202.83 99 8 2 80
4 18 1 35.032 -106.64 158.17 92.833 57.667 8 2 80
5 18 1 39.859 -104.67 270 0 54 360 6 233
5 18 1 39.574 -104.6 335 187 131 360 6 233
5 18 1 39.067 -104.64 373 178 197 360 6 236
5 18 1 38.632 -104.73 343 176 289 360 6 266
5 18 1 38.641 -105.33 368 267 340 360 6 265
5 18 1 38.083 -105.62 437 195 350 360 6 265
5 18 1 37.594 -105.79 402 195 360 360 6 265
5 18 1 36.908 -106.03 440 195 364 370 6 265
5 18 1 36.422 -106.22 415 199 370 370 2 95
5 18 1 35.819 -106.34 423 183 217 370 2 69
5 18 1 35.31 -106.66 375 205 122 370 2 80
5 18 1 35.044 -106.63 158 91 55 370 2 80
6 18 1 39.783 -104.65 212 0 75 360 6 233
6 18 1 39.388 -104.65 392 197 161 360 6 233
6 18 1 38.816 -104.88 433 199 251 320 6 236
6 18 1 38.216 -105.2 455 205 319 320 6 266
6 18 1 37.58 -105.36 451 190 319 320 6 266
6 18 1 37.265 -105.53 451 190 319 320 6 266
6 18 1 36.634 -105.86 437 217 319 320 2 99
6 18 1 36.129 -106.35 452 217 269 320 2 69
6 18 1 35.599 -106.61 402 193 160 320 2 69
6 18 1 35.159 -106.77 279 197 89 320 2 80
6 18 1 34.993 -106.66 182 68 61 320 2 80
7 18 1 39.883 -104.6 170 0 65 360 6 233
7 18 1 39.558 -104.56 369 194 167 360 6 233
7 18 1 38.975 -104.52 425 168 296 360 6 266
7 18 1 38.455 -104.84 450 219 330 360 6 266
7 18 1 37.962 -105.37 443 213 330 320 6 266
7 18 1 37.396 -105.77 457 199 330 320 6 266
7 18 1 36.83 -105.89 438 188 320 320 6 266
7 18 1 36.294 -106.01 437 189 320 160 2 99
7 18 1 35.626 -106.26 414 197 181 160 2 69
7 18 1 35.198 -106.59 360 185 109 160 2 80
7 18 1 35.044 -106.62 169 99 54 160 2 80
8 18 10 39.857 -104.69 214 0 68 320 6 233
8 18 10 39.772 -105.19 324 254.5 143.5 320 6 233
8 18 10 39.62 -105.77 343 253 202.5 320 6 249
8 18 10 39.392 -106.34 366.5 243 229.5 320 6 240
8 18 10 39.134 -106.94 370 240 272.5 320 6 246
8 18 10 38.849 -107.54 382.5 237.5 301.5 320 6 278
8 18 10 38.6 -108.04 399 237 316.5 320 6 268
8 18 10 38.285 -108.67 415.5 237 320 320 6 260
8 18 10 37.955 -109.31 427.5 237 320 320 6 270
8 18 10 37.623 -109.94 421 237 320 320 6 270
8 18 10 37.293 -110.57 419 234.5 320 320 6 270
8 18 10 36.966 -111.16 423.5 235 321.5 320 6 270
8 18 10 36.715 -111.83 407 244.5 330 320 1 48
8 18 10 36.432 -112.47 413.5 244 330 320 1 45
8 18 10 36.174 -113.13 418.5 243.5 330 320 1 45
8 18 10 35.958 -113.67 422.5 243.5 330 320 1 45
8 18 10 35.689 -114.34 423 243 330 320 1 40
8 18 10 35.413 -115.02 440.5 243 320 320 1 44
8 18 10 35.129 -115.69 441.5 242.5 299 240 1 44
8 18 10 34.858 -116.31 443.5 242 248.5 200 1 44
8 18 10 34.736 -117.05 421.5 263 186.5 200 1 22
8 18 10 34.672 -117.65 392 262.5 137 200 1 22
8 18 10 34.561 -118.17 315 223.5 100 200 1 34
8 18 10 34.41 -118.52 249.5 192.5 65.5 200 1 8
8 18 10 34.206 -118.39 148.5 140.5 13.5 200 1 8
9 18 10 39.859 -104.69 218.33 0 63.333 400 6 233
9 18 10 39.72 -105.15 351.33 250.67 181.67 400 6 233
9 18 10 39.499 -105.81 400.67 247.33 270.33 400 6 277
9 18 10 39.296 -106.53 412.33 250 343.33 400 6 277
9 18 10 38.972 -107.16 415.67 234.67 363 400 6 278
9 18 10 38.725 -107.69 416 241.67 369.67 400 6 253
9 18 10 38.434 -108.37 418 241 373.67 400 6 254
9 18 10 38.162 -109.05 415.67 242.33 373.67 400 6 269
9 18 10 37.873 -109.76 419 242.33 373.67 400 6 269
9 18 10 37.602 -110.4 413.67 241.67 380.33 400 6 269
9 18 10 37.33 -111.04 414.67 241.33 380.33 400 6 269
9 18 10 37.023 -111.66 417.33 238.33 380.33 400 6 49
9 18 10 36.859 -112.03 417.33 238.33 380.33 400 6 49
9 18 10 36.529 -112.76 413.67 240.67 380.33 400 1 49
9 18 10 36.274 -113.44 412.67 240 380.33 400 1 49
9 18 10 36.003 -114.03 414 239 374 340 1 47
9 18 10 35.714 -114.63 417 238.67 357 340 1 47
9 18 10 35.425 -115.22 426.67 238.33 340.33 340 1 44
9 18 10 35.107 -115.85 418.67 238.33 329.33 340 1 44
9 18 10 34.83 -116.42 405.67 237.67 248.33 340 1 44
9 18 10 34.725 -117.07 379.33 256 193 340 1 22
9 18 10 34.672 -117.68 370.67 262 152.33 340 1 22
9 18 10 34.522 -118.27 313.33 236.33 99 340 1 34
9 18 10 34.361 -118.56 241 207.67 59 340 1 8
9 18 10 34.2 -118.4 135.33 113.33 12.333 340 1 8
10 18 33 39.815 -104.66 207.25 0 67.25 340 6 233
10 18 33 39.734 -105.11 348.75 275.25 171.75 340 6 233
10 18 33 39.654 -105.76 415.25 258.75 263.5 340 6 249
10 18 33 39.5 -106.57 433.25 251 344.25 340 6 277
10 18 33 39.312 -107.28 421.75 250.25 367.5 340 6 278
10 18 33 39.114 -108 418.62 250 370 340 6 278
10 18 33 38.933 -108.64 426 249.5 370 340 6 278
10 18 33 38.737 -109.33 419 250 370 340 6 278
10 18 33 38.525 -110.02 419.75 245.25 370 340 5 203
10 18 33 38.183 -110.94 418.75 242 356.75 360 5 203
10 18 33 37.918 -111.6 421 242.75 337.25 320 5 202
10 18 33 37.652 -112.21 427.25 237.75 322.5 320 5 202
10 18 33 37.335 -112.85 429.75 233 301 240 1 48
10 18 33 36.979 -113.44 413.75 232.5 257.75 240 1 48
10 18 33 36.65 -114.01 404.5 233.5 198 240 1 30
10 18 33 36.363 -114.52 337 235.25 106.75 240 1 30
10 18 33 36.157 -114.89 218.5 235.25 63.75 240 1 3
10 18 33 36.095 -115.15 145.75 245 22.5 240 1 3
11 18 33 39.863 -104.69 221.57 7.7391 64.435 360 6 233
11 18 33 39.794 -105.18 336.78 259.57 172.13 360 6 233
11 18 33 39.688 -105.82 398.43 257.83 258.39 360 6 249
11 18 33 39.525 -106.56 432.61 250.3 327.3 360 6 277
11 18 33 39.309 -107.3 429.43 248.96 362.7 360 6 278
11 18 33 39.09 -108.03 426.35 248.09 367 360 6 278
11 18 33 38.872 -108.73 428.17 247.24 367 360 6 278
11 18 33 38.644 -109.41 426.91 247.54 367.87 360 6 278
11 18 33 38.395 -110.09 425.54 235.96 366.39 360 5 203
11 18 33 38.06 -110.86 428.59 238.83 351.39 320 5 202
11 18 33 37.765 -111.51 428.91 228.57 329.52 320 5 202
11 18 33 37.467 -112.16 428.57 239.91 320.43 320 1 48
11 18 33 37.184 -112.81 428.26 241.43 303.87 240 1 48
11 18 33 36.901 -113.44 418.65 240.17 274.48 120 1 48
11 18 33 36.621 -114.01 388.13 236 195.3 120 1 30
11 18 33 36.352 -114.51 311.61 228.87 112.52 120 1 30
11 18 33 36.134 -114.86 223.65 242.57 67.087 120 1 3
11 18 33 36.09 -115.14 148.35 249.39 22.348 120 1 3
12 18 34 39.783 -104.63 192 0 75 380 6 233
12 18 34 39.633 -104.88 370 262 177 380 6 233
12 18 34 39.514 -105.75 424 250 297 380 6 277
12 18 34 39.351 -106.34 427 250 380 380 6 277
12 18 34 39.047 -107.02 441 238 380 380 6 278
12 18 34 38.73 -107.69 440 239 380 380 6 253
12 18 34 38.402 -108.36 429 238 380 380 6 254
12 18 34 38.081 -109 430 236 380 380 6 254
12 18 34 37.752 -109.64 429 236 380 380 6 269
12 18 34 37.433 -110.26 437 237 380 380 6 269
12 18 34 37.09 -110.91 430 236 380 380 6 269
12 18 34 36.772 -111.5 422 236 380 380 6 269
12 18 34 36.473 -112.15 422 241 380 380 1 49
12 18 34 36.199 -112.76 421 241 380 380 1 45
12 18 34 35.903 -113.42 421 240 380 380 1 45
12 18 34 35.612 -114.04 426 240 380 380 1 45
12 18 34 35.306 -114.69 434 239 380 380 1 45
12 18 34 35.007 -115.3 426 239 380 380 1 44
12 18 34 34.706 -115.92 426 239 360 380 1 44
12 18 34 34.395 -116.54 430 238 300 380 1 44
12 18 34 34.1 -117.12 360 238 190 380 1 19
12 18 34 34.006 -117.7 354 270 144 380 1 1
12 18 34 33.985 -118.26 332 273 104 380 1 15
12 18 34 33.967 -118.67 250 270 45 380 1 15
12 18 34 33.952 -118.4 140 73 1 380 1 15
13 18 34 39.868 -104.69 230.36 0 63.182 400 6 233
13 18 34 39.736 -105.2 351 255.55 176.55 400 6 233
13 18 34 39.537 -105.79 409 244.27 266.64 400 6 249
13 18 34 39.283 -106.51 435.91 244.45 344.18 400 6 277
13 18 34 38.959 -107.18 425.82 235.64 373.27 400 6 278
13 18 34 38.662 -107.78 417.82 237.34 380 400 6 253
13 18 34 38.349 -108.41 421.91 236.91 381.82 400 6 254
13 18 34 38.046 -109.04 418.91 238.82 381.82 400 6 254
13 18 34 37.735 -109.66 423.59 236.45 381.82 400 6 269
13 18 34 37.407 -110.29 422.82 236.36 381.82 400 6 269
13 18 34 37.091 -110.9 422.36 237.05 383.64 400 6 269
13 18 34 36.767 -111.54 424.82 237.09 383.64 400 6 269
13 18 34 36.476 -112.15 425.36 239.64 383.64 400 1 49
13 18 34 36.195 -112.73 425.41 238.45 383.64 400 1 45
13 18 34 35.898 -113.35 426.82 239.82 383.64 400 1 45
13 18 34 35.596 -114.02 426.82 240.36 383.64 400 1 45
13 18 34 35.304 -114.65 426.64 240 383.64 400 1 45
13 18 34 35.005 -115.29 426.91 239.73 379.64 380 1 44
13 18 34 34.709 -115.9 432.05 239.09 358.73 380 1 44
13 18 34 34.404 -116.53 433.09 238.91 296.27 190 1 44
13 18 34 34.118 -117.11 389 241.18 188.36 190 1 19
13 18 34 34.016 -117.68 326.36 265.55 100.82 190 1 2
13 18 34 33.972 -118.13 245.82 259.82 43.182 190 1 15
13 18 34 33.948 -118.4 148.73 254.73 2 190 1 15
14 18 34 39.867 -105.03 312 256 153 360 6 233
14 18 34 39.747 -105.58 359 256 250 360 6 249
14 18 34 39.452 -106.28 447 240 305 360 6 277
14 18 34 39.139 -106.98 437 238 340 400 6 278
14 18 34 38.894 -107.63 375 242 399 400 6 278
14 18 34 38.583 -108.25 404 236 400 400 6 278
14 18 34 38.327 -108.74 419 237 400 400 6 278
14 18 34 37.999 -109.37 425 232 400 400 6 269
14 18 34 37.653 -110.01 417 236 400 400 6 269
14 18 34 37.315 -110.62 412 235 400 400 6 269
14 18 34 36.97 -111.24 415 235 400 400 6 269
14 18 34 36.628 -111.84 417 234 400 400 1 49
14 18 34 36.445 -112.24 419 241 400 400 1 49
14 18 34 36.22 -112.74 417 240 400 400 1 45
14 18 34 35.929 -113.38 417 240 400 400 1 45
14 18 34 35.628 -114.03 421 240 400 400 1 45
14 18 34 35.324 -114.66 423 239 400 400 1 45
14 18 34 35.019 -115.29 420 239 400 400 1 44
14 18 34 34.764 -115.81 432 238 364 400 1 44
14 18 34 34.436 -116.47 438 238 309 400 1 44
14 18 34 34.122 -117.07 388 247 196 400 1 19
14 18 34 34.017 -117.62 381 264 111 400 1 2
14 18 34 33.967 -118.1 258 256 47 400 1 15
14 18 34 33.94 -118.37 160 248 3 400 1 15
15 18 34 39.874 -104.69 199.8 0 67.7 360 6 233
15 18 34 39.735 -105.16 347.7 247.2 165.7 360 6 233
15 18 34 39.524 -105.79 405.5 246.3 257.5 360 6 249
15 18 34 39.283 -106.51 433.7 245.2 330 360 6 277
15 18 34 38.939 -107.17 436.9 231.8 359.2 360 6 278
15 18 34 38.571 -107.78 433.6 232.5 366 360 6 253
15 18 34 38.208 -108.31 440.3 240.9 366 360 6 254
15 18 34 37.808 -108.89 429 234.5 366 360 6 254
15 18 34 37.519 -109.54 422.7 240.1 369.6 380 6 269
15 18 34 37.222 -110.2 423.7 239.4 370 380 6 269
15 18 34 36.929 -110.84 423.2 240 370 380 6 269
15 18 34 36.631 -111.51 424.7 240 370 380 6 269
15 18 34 36.352 -112.13 425.9 241 370 380 1 45
15 18 34 36.074 -112.75 426.9 240.4 370 380 1 45
15 18 34 35.781 -113.38 429.1 239.7 370 380 1 45
15 18 34 35.491 -114.04 431.4 241.5 370 380 1 45
15 18 34 35.213 -114.68 433.85 241.5 370 380 1 45
15 18 34 34.935 -115.3 428.3 241.4 368 380 1 44
15 18 34 34.661 -115.92 431.7 242 360.1 240 1 44
15 18 34 34.373 -116.56 426.6 239.4 289.6 190 1 44
15 18 34 34.095 -117.13 381.3 236.4 185.2 190 1 19
15 18 34 34.014 -117.66 321.3 263.2 105 190 1 2
15 18 34 33.967 -118.1 242.5 261.9 48.7 190 1 15
15 18 34 33.942 -118.39 149.4 256.1 3 190 1 15
16 18 34 39.817 -104.65 171 0 68 380 6 233
16 18 34 39.767 -105.18 364 248 152 380 6 233
16 18 34 39.56 -105.82 379 248 234 380 6 249
16 18 34 39.567 -106.55 422 285 281 380 6 277
16 18 34 39.236 -107.23 446 236 323 380 6 278
16 18 34 38.813 -107.81 421 226 373 380 6 278
16 18 34 38.473 -108.41 436 271 380 380 6 278
16 18 34 38.022 -108.73 430 234 380 380 6 254
16 18 34 37.71 -109.4 433 239 380 380 6 269
16 18 34 37.394 -110.06 414 236 380 380 6 269
16 18 34 37.093 -110.68 418 236 380 380 6 269
16 18 34 36.77 -111.33 422 236 380 380 6 269
16 18 34 36.34 -112.24 422 242 380 380 1 45
16 18 34 36.064 -112.88 422 242 380 380 1 45
16 18 34 35.841 -113.39 421 241 380 380 1 45
16 18 34 35.491 -114.17 423 240 380 380 1 45
16 18 34 35.253 -114.69 425 240 380 380 1 45
16 18 34 34.957 -115.34 425 240 380 380 1 44
16 18 34 34.662 -115.96 430 240 380 190 1 44
16 18 34 34.33 -116.65 468 239 265 190 1 44
16 18 34 34.046 -117.26 366 238 174 190 1 19
16 18 34 33.999 -117.77 295 258 99 190 1 15
16 18 34 33.967 -118.17 230 262 36 190 1 15
16 18 34 33.937 -118.4 121 264 2 190 1 15
17 18 46 39.817 -104.67 183 0 68 360 6 233
17 18 46 39.621 -104.83 318 229 164 360 6 233
17 18 46 39.838 -105.63 419 289 264 360 6 249
17 18 46 39.801 -106.4 430 263 342 360 6 277
17 18 46 39.758 -107 412 265 360 360 6 277
17 18 46 39.704 -107.75 404 264 360 360 6 279
17 18 46 39.647 -108.46 408 264 360 360 6 279
17 18 46 39.582 -109.22 407 264 360 360 6 279
17 18 46 39.518 -109.93 408 263 360 360 6 279
17 18 46 39.425 -110.65 402 260 360 360 5 203
17 18 46 39.322 -111.38 403 260 360 360 5 203
17 18 46 39.219 -112.08 402 259 360 360 5 206
17 18 46 39.113 -112.79 403 258 360 360 5 206
17 18 46 38.998 -113.51 395 258 360 360 5 204
17 18 46 38.907 -114.08 402 258 360 360 5 204
17 18 46 38.787 -114.79 408 257 360 360 5 204
17 18 46 38.661 -115.49 405 257 360 360 5 204
17 18 46 38.523 -116.25 406 257 360 360 5 204
17 18 46 38.399 -116.91 402 256 360 360 5 204
17 18 46 38.299 -117.52 402 261 360 360 4 180
17 18 46 38.196 -118.33 402 260 360 360 4 180
17 18 46 38.119 -118.9 393 260 360 360 4 180
17 18 46 38.023 -119.59 390 260 341 360 4 184
17 18 46 37.9 -120.42 430 259 280 360 4 184
17 18 46 37.843 -121.02 392 270 179 360 4 177
17 18 46 37.688 -121.58 318 243 79 360 4 152
17 18 46 37.561 -122.01 255 245 38 360 4 156
17 18 46 37.711 -122.23 147 309 360 360 4 185
18 18 46 39.867 -104.7 199 0 69.25 380 6 233
18 18 46 39.881 -105.19 351.25 268.75 169.5 380 6 233
18 18 46 39.849 -105.89 411.25 264.75 269.25 380 6 277
18 18 46 39.791 -106.68 430.25 264.75 346.75 380 6 277
18 18 46 39.735 -107.46 417.75 264 376.25 380 6 279
18 18 46 39.672 -108.23 423.75 263.25 380 380 6 279
18 18 46 39.61 -108.97 413.5 263.25 380 380 6 279
18 18 46 39.543 -109.7 414.5 263 380 380 6 279
18 18 46 39.465 -110.41 411.75 261 380 380 5 203
18 18 46 39.373 -111.11 409.5 259.75 380 380 5 203
18 18 46 39.272 -111.85 410.5 259.5 380 380 5 206
18 18 46 39.173 -112.55 413.25 259.25 380 380 5 206
18 18 46 39.067 -113.26 410.75 252.5 380 380 5 204
18 18 46 38.996 -113.69 410.75 252.5 380 380 5 204
18 18 46 38.848 -114.55 411.75 257.75 380 380 5 204
18 18 46 38.713 -115.29 411.75 256.25 380 380 5 204
18 18 46 38.576 -116.02 411.75 255.5 380 380 5 204
18 18 46 38.444 -116.7 411.5 255.5 380 380 5 204
18 18 46 38.322 -117.39 413.5 257.75 380 380 4 180
18 18 46 38.227 -118.12 415.75 259.75 380 380 4 180
18 18 46 38.132 -118.83 424.25 260 372.25 380 4 180
18 18 46 38.03 -119.56 434.75 259.5 365 380 4 184
18 18 46 37.914 -120.34 427.5 259.75 283.25 380 4 184
18 18 46 37.806 -121.01 375 259 176.25 380 4 170
18 18 46 37.676 -121.58 294 254.5 94.5 380 4 156
18 18 46 37.585 -122 230 262.75 40.5 380 4 156
18 18 46 37.704 -122.22 144 310.75 196 380 4 152
19 18 49 39.914 -104.71 191 336 68 320 6 233
19 18 49 39.717 -105.12 312 219 156 320 6 233
19 18 49 39.551 -105.62 370 247 197 320 6 249
19 18 49 39.366 -106.29 401 250 246 320 6 240
19 18 49 39.124 -106.97 396 243 293 320 6 278
19 18 49 38.812 -107.62 410 237 320 320 6 278
19 18 49 38.502 -108.24 403 237 320 320 6 268
19 18 49 38.251 -108.74 414 237 320 320 6 260
19 18 49 37.906 -109.42 411 236 320 320 6 270
19 18 49 37.575 -110.05 412 236 320 320 6 270
19 18 49 37.249 -110.65 412 235 320 320 6 270
19 18 49 36.943 -111.22 412 235 320 320 6 270
19 18 49 36.746 -111.57 414 235 320 320 6 270
19 18 49 36.4 -112.19 416 235 320 320 1 48
19 18 49 36.091 -112.74 420 234 320 320 1 46
19 18 49 35.772 -113.36 420 249 320 320 1 46
19 18 49 35.501 -114 416 251 320 320 1 40
19 18 49 35.344 -114.57 416 251 320 320 1 40
19 18 49 35.138 -115.24 426 247 293 320 1 44
19 18 49 34.858 -115.85 409 241 269 320 1 44
19 18 49 34.588 -116.43 378 241 239 320 1 19
19 18 49 34.344 -116.95 314 240 140 320 1 19
19 18 49 34.117 -117.27 264 219 77 320 1 6
19 18 49 34.056 -117.55 169 261 17 320 1 6
20 18 49 39.808 -104.69 192.5 0 73 320 6 233
20 18 49 39.743 -105.25 335 255 163 320 6 233
20 18 49 39.616 -105.75 367 253 229 320 6 249
20 18 49 39.383 -106.36 393 243 291.5 320 6 240
20 18 49 39.094 -106.97 397.5 234.5 326 320 6 278
20 18 49 38.789 -107.59 400 238 339 320 6 253
20 18 49 38.472 -108.23 419 237.5 340 320 6 254
20 18 49 38.159 -108.87 420 237 340 320 6 254
20 18 49 37.84 -109.49 420 236.5 340 320 6 269
20 18 49 37.522 -110.1 405 235.5 340 320 6 269
20 18 49 37.212 -110.69 401 236.5 340 320 6 269
20 18 49 36.88 -111.3 402 235.5 340 320 6 269
20 18 49 37.144 -110.81 401.5 235.5 340 320 6 269
20 18 49 36.831 -111.39 403 235 340 320 6 269
20 18 49 36.527 -111.97 400.5 239.5 340 320 1 48
20 18 49 36.222 -112.66 401.5 240.5 340 320 1 45
20 18 49 36.044 -113.16 410.5 245.5 340 320 1 45
20 18 49 35.802 -113.83 419 245.5 340 320 1 45
20 18 49 35.574 -114.44 420.5 245 340 320 1 40
20 18 49 35.326 -115.1 425 245 340 320 1 44
20 18 49 35.069 -115.78 427.5 244.5 340 320 1 44
20 18 49 34.805 -116.43 444.5 244.5 276 120 1 44
20 18 49 34.398 -116.94 387.5 228 152.5 120 1 19
20 18 49 34.115 -117.31 255.5 230.5 62 120 1 6
20 18 49 34.055 -117.59 143.5 269.5 11 120 1 6
21 18 49 39.817 -104.65 180 0 71 400 6 233
21 18 49 39.568 -104.98 398 267 203 400 6 233
21 18 49 39.326 -105.72 472 242 313 400 6 268
21 18 49 39.088 -106.29 450 241 398 400 6 253
21 18 49 38.793 -106.97 430 241 400 400 6 253
21 18 49 38.494 -107.65 434 241 400 400 6 253
21 18 49 38.186 -108.34 436 241 400 400 6 254
21 18 49 37.881 -109 439 239 400 400 6 254
21 18 49 37.582 -109.65 437 239 400 400 6 269
21 18 49 37.256 -110.33 430 238 400 400 6 269
21 18 49 36.94 -110.97 434 238 400 400 6 269
21 18 49 36.539 -111.78 438 238 400 400 1 49
21 18 49 36.242 -112.36 433 238 400 400 1 45
21 18 49 35.998 -113.03 425 247 400 400 1 45
21 18 49 35.77 -113.71 424 247 400 400 1 45
21 18 49 35.541 -114.38 424 247 400 400 1 45
21 18 49 35.309 -115.04 424 246 400 400 1 44
21 18 49 35.07 -115.71 427 246 367 400 1 44
21 18 49 34.804 -116.44 468 245 295 400 1 44
21 18 49 34.366 -116.99 420 224 133 400 1 19
21 18 49 34.067 -117.32 238 261 43 400 1 6
21 18 49 34.055 -117.59 153 270 14 400 1 6
22 18 49 39.8 -104.68 193 0 75 360 6 233
22 18 49 39.708 -105.19 336 257 192 360 6 233
22 18 49 39.542 -105.66 399 245 252 360 6 249
22 18 49 39.335 -106.39 416 250 332 360 6 277
22 18 49 39.04 -107.04 416 233 360 360 6 278
22 18 49 38.674 -107.6 419 230 360 360 6 253
22 18 49 38.298 -108.17 405 229 360 360 6 254
22 18 49 37.916 -108.73 412 228 360 360 6 254
22 18 49 37.522 -109.32 414 229 360 360 6 269
22 18 49 37.274 -110.01 413 247 360 360 6 269
22 18 49 37.069 -110.61 410 246 360 360 6 269
22 18 49 36.824 -111.29 408 245 360 360 6 269
22 18 49 37.025 -110.73 409 246 360 360 6 269
22 18 49 36.792 -111.38 409 246 360 360 6 269
22 18 49 36.555 -112.03 409 244 360 360 1 49
22 18 49 36.325 -112.64 408 245 360 360 1 49
22 18 49 36.08 -113.29 408 244 360 360 1 45
22 18 49 35.83 -113.93 414 244 360 360 1 45
22 18 49 35.576 -114.57 417 244 360 360 1 45
22 18 49 35.307 -115.24 418 243 347 360 1 44
22 18 49 35.052 -115.85 411 243 320 360 1 44
22 18 49 34.762 -116.51 409 242 259 360 1 44
22 18 49 34.45 -116.88 372 225 167 360 1 19
22 18 49 34.159 -117.24 268 227 78 360 1 6
22 18 49 34.056 -117.56 168 270 14 360 1 6
23 18 49 39.887 -104.69 217.86 45.286 65.714 320 6 233
23 18 49 39.751 -105.12 329 246.43 158.14 320 6 233
23 18 49 39.537 -105.69 378.07 243.79 235.29 320 6 249
23 18 49 39.326 -106.37 398.71 247.14 297.29 320 6 240
23 18 49 39.066 -107.03 411.57 241.86 319.71 320 6 278
23 18 49 38.8 -107.65 413.93 241 333.57 320 6 278
23 18 49 38.524 -108.3 420 240.86 342.86 320 6 278
23 18 49 38.214 -109.01 423.71 240.57 342.86 320 6 278
23 18 49 37.914 -109.7 426.14 240.43 342.86 320 6 270
23 18 49 37.627 -110.32 426.57 239.86 342.86 320 6 270
23 18 49 37.335 -110.98 425.43 241.43 342.86 320 6 270
23 18 49 37.169 -111.37 425.43 241.43 342.86 320 6 270
23 18 49 36.834 -112.14 425.71 240.64 342.86 320 1 48
23 18 49 36.57 -112.73 423.14 240.57 342.86 320 1 48
23 18 49 36.276 -113.38 426.14 240.14 342.86 320 1 48
23 18 49 35.966 -114.05 425.93 239.71 342.86 320 1 47
23 18 49 35.666 -114.68 425.71 239.43 342.86 320 1 47
23 18 49 35.359 -115.32 424.29 238.86 342.14 320 1 44
23 18 49 35.05 -115.92 425 237.14 323.29 320 1 44
23 18 49 34.72 -116.5 406.71 233.71 250.43 120 1 19
23 18 49 34.345 -117 359.14 227.29 137.57 120 1 19
23 18 49 34.072 -117.33 221.57 217.43 58.857 120 1 6
23 18 49 34.055 -117.59 148.14 269.71 11.571 120 1 6
24 18 53 39.857 -104.7 195.57 45.143 69.571 360 6 233
24 18 53 39.935 -105.23 342.29 276.71 164.14 360 6 233
24 18 53 39.958 -105.85 391.14 274.71 239 360 6 249
24 18 53 40.046 -106.61 420.29 280.86 308.29 360 6 277
24 18 53 40.304 -107.31 425.29 298.57 345.43 360 6 274
24 18 53 40.59 -107.97 418.57 298.71 358 360 6 274
24 18 53 40.876 -108.65 414.43 298.43 360 360 6 274
24 18 53 41.138 -109.29 416.29 298.07 360 360 5 211
24 18 53 41.41 -109.96 418 297.71 360 360 5 211
24 18 53 41.679 -110.64 418 297.43 360 360 5 211
24 18 53 41.951 -111.35 423.5 296.86 360 360 5 220
24 18 53 42.221 -112.07 425.57 296.14 360 360 5 220
24 18 53 42.49 -112.81 430.29 295.86 360 360 5 219
24 18 53 42.788 -113.61 431 296.43 360 360 5 213
24 18 53 42.6 -113.1 430.43 295.86 360 360 5 213
24 18 53 42.861 -113.82 431.14 295.86 360 360 5 213
24 18 53 43.106 -114.5 428 295.14 360 360 5 213
24 18 53 43.37 -115.25 426.43 295.14 360 360 5 213
24 18 53 43.614 -115.96 429.57 294.71 360 360 5 213
24 18 53 43.869 -116.73 427 294.14 360 360 5 213
24 18 53 44.114 -117.48 426.57 293.57 360 360 5 213
24 18 53 44.353 -118.23 422.57 293 360 360 5 213
24 18 53 44.601 -119.01 423.57 294 360 360 3 139
24 18 53 44.864 -119.73 426.71 300 359.14 360 3 139
24 18 53 45.149 -120.45 430.57 297.57 271 360 3 139
24 18 53 45.4 -121.15 375.43 296.57 174 360 3 123
24 18 53 45.527 -121.79 293.86 279.71 95 360 3 112
24 18 53 45.511 -122.29 240.43 265 42.143 360 3 112
24 18 53 45.588 -122.58 136 298.29 258.14 360 3 135
25 18 53 39.883 -104.65 225.62 0 63.25 380 6 233
25 18 53 40.23 -104.64 337.75 253.75 166.38 380 6 233
25 18 53 40.686 -104.97 393.75 329.62 256.25 380 6 242
25 18 53 41.14 -105.43 416.12 318.25 327.12 380 6 262
25 18 53 41.444 -106.06 410.62 295.62 360.75 380 6 262
25 18 53 41.663 -106.77 410.25 291.25 370 380 6 262
25 18 53 41.877 -107.5 414.62 291 370 380 6 262
25 18 53 42.084 -108.22 416.88 290.5 370 380 5 211
25 18 53 42.292 -108.97 418.75 289.88 370 380 5 211
25 18 53 42.487 -109.69 418.5 289.38 370 380 5 219
25 18 53 42.675 -110.41 420.38 289.19 370 380 5 219
25 18 53 42.876 -111.2 419.88 288.75 370 380 5 219
25 18 53 43.064 -111.97 421.5 288.25 370 380 5 219
25 18 53 43.255 -112.74 422 288.12 370 380 5 219
25 18 53 43.523 -113.79 423.62 288.75 370 380 5 213
25 18 53 43.708 -114.53 426.75 288.5 370 380 5 213
25 18 53 43.895 -115.31 427.12 287.75 370 380 5 213
25 18 53 44.08 -116.1 426.88 287.62 370 380 5 213
25 18 53 44.248 -116.82 426.88 287.31 370 380 5 213
25 18 53 44.432 -117.63 424.88 287 370 380 5 213
25 18 53 44.59 -118.41 426.38 282.88 370 380 5 213
25 18 53 44.764 -119.17 426.38 292.44 370 380 3 139
25 18 53 45.001 -119.87 428.12 295.75 359.12 380 3 139
25 18 53 45.257 -120.63 413.5 294.62 260.25 380 3 139
25 18 53 45.457 -121.34 357.62 287.88 164.88 380 3 123
25 18 53 45.542 -121.96 288.62 272.5 95.5 380 3 112
25 18 53 45.56 -122.43 218.88 278.12 40.375 380 3 112
25 18 53 45.59 -122.59 143 253.12 275.25 380 3 135
26 18 55 39.75 -104.68 242 179 80 360 6 233
26 18 55 39.423 -104.87 360 207 179 360 6 233
26 18 55 38.924 -105.23 442 206 261 360 6 236
26 18 55 38.431 -105.78 448 221 330 360 6 268
26 18 55 37.963 -106.29 440 220 358 360 6 260
26 18 55 37.464 -106.83 432 220 360 360 6 259
26 18 55 37.013 -107.3 441 219 360 360 6 259
26 18 55 36.529 -107.81 444 219 360 360 6 259
26 18 55 36.045 -108.3 437 219 360 360 6 259
26 18 55 35.552 -108.5 448 196 360 360 2 88
26 18 55 35.091 -109.14 436 237 361 340 2 88
26 18 55 34.814 -109.66 439 237 340 340 2 88
26 18 55 34.527 -110.34 443 242 335 340 2 105
26 18 55 34.217 -110.97 409 230 208 340 2 106
26 18 55 33.85 -111.43 312 223 116 340 2 79
26 18 55 33.54 -111.7 250 214 60 340 2 79
26 18 55 33.441 -111.98 139 270 13 340 2 79
27 18 55 39.848 -104.62 212.29 0 66.714 380 6 233
27 18 55 39.48 -104.75 360.71 209.43 167.43 380 6 233
27 18 55 39.003 -105.12 423.43 210.57 265.36 380 6 236
27 18 55 38.498 -105.59 448.86 217.29 337.29 380 6 265
27 18 55 38.058 -106.13 432 224.43 374.71 380 6 253
27 18 55 37.62 -106.63 431.14 222 377.14 380 6 259
27 18 55 37.13 -107.16 430.14 220.14 377.14 380 6 259
27 18 55 36.697 -107.62 429 219.71 377.43 380 6 259
27 18 55 36.228 -108.11 429.14 219.14 377.14 380 6 259
27 18 55 35.963 -108.38 431.57 218.86 377.14 380 2 104
27 18 55 35.497 -108.86 431.86 194.43 373 360 2 88
27 18 55 35.099 -109.36 428.43 226.14 368.57 360 2 88
27 18 55 34.682 -109.94 431.14 230 355.86 360 2 88
27 18 55 34.422 -110.55 421.14 239.71 297.43 360 2 106
27 18 55 34.12 -111.07 385 230.57 186.71 360 2 106
27 18 55 33.79 -111.48 307.71 220.14 102.57 360 2 79
27 18 55 33.508 -111.73 234.29 225.43 53.286 360 2 79
27 18 55 33.441 -112 140.57 265.71 12 360 2 79
28 18 55 39.8 -104.67 187 0 81 380 6 233
28 18 55 39.296 -104.93 444 206 227 380 6 233
28 18 55 38.746 -105.07 486 191 297 380 6 266
28 18 55 38.107 -105.46 455 213 340 380 6 265
28 18 55 37.684 -105.91 429 227 371 380 6 265
28 18 55 37.184 -106.43 435 217 395 400 6 259
28 18 55 36.758 -107.01 446 231 400 400 6 259
28 18 55 36.365 -107.59 445 229 400 400 6 259
28 18 55 35.962 -108.17 452 229 400 400 2 104
28 18 55 36.277 -107.72 444 229 400 400 6 259
28 18 55 35.859 -108.32 451 229 400 400 2 104
28 18 55 35.519 -108.81 450 229 400 400 2 104
28 18 55 35.065 -109.4 452 226 397 360 2 104
28 18 55 34.652 -110 456 227 356 360 2 105
28 18 55 34.391 -110.7 383 245 242 360 2 106
28 18 55 34.083 -111.15 339 226 169 360 2 106
28 18 55 33.75 -111.52 298 214 87 360 2 79
28 18 55 33.51 -111.73 232 212 50 360 2 79
28 18 55 33.429 -111.98 123 270 14 360 2 79
29 18 55 39.852 -104.68 224.27 90.818 65.364 380 6 233
29 18 55 39.499 -104.87 366.64 201.73 166.64 380 6 233
29 18 55 38.969 -105.17 438.36 204.82 257.64 380 6 236
29 18 55 38.404 -105.52 463.36 207.73 323.18 380 6 265
29 18 55 37.858 -105.94 442.36 213.91 353.45 380 6 265
29 18 55 37.436 -106.46 434.09 224.45 359.91 380 6 259
29 18 55 37.011 -106.99 434.73 224.91 367.27 360 6 259
29 18 55 36.569 -107.55 437.91 224.82 367.36 360 6 259
29 18 55 36.14 -108.07 436.27 224.18 367.27 360 6 259
29 18 55 35.868 -108.38 437.09 221.55 367.27 360 2 88
29 18 55 35.45 -108.9 435.73 226.77 364 360 2 88
29 18 55 35.044 -109.45 439.09 227.82 358.09 360 2 88
29 18 55 34.675 -110.03 443.55 231.45 353.09 360 2 88
29 18 55 34.386 -110.67 425.73 239.18 267.91 360 2 106
29 18 55 34.029 -111.19 375.91 229.18 162.82 360 2 106
29 18 55 33.735 -111.59 292.73 222.18 92.545 360 2 79
29 18 55 33.496 -111.87 221.91 230.64 51.273 360 2 79
29 18 55 33.44 -112.02 144.91 223.09 12.182 360 2 79
30 18 55 39.867 -104.57 192 0 72 400 6 233
30 18 55 39.617 -104.55 378 220 178 400 6 233
30 18 55 39.192 -105.01 431 219 285 400 6 266
30 18 55 38.611 -105.4 456 206 343 400 6 265
30 18 55 38.054 -105.75 435 206 400 400 6 257
30 18 55 37.609 -106.29 427 225 400 400 6 259
30 18 55 37.223 -106.78 424 223 400 400 6 259
30 18 55 36.788 -107.31 428 224 400 400 6 259
30 18 55 36.347 -107.84 434 224 400 400 6 259
30 18 55 35.825 -108.46 421 223 400 400 2 104
30 18 55 35.258 -108.74 426 201 400 360 2 104
30 18 55 34.986 -109.22 420 242 365 360 2 88
30 18 55 34.704 -109.87 425 242 360 360 2 88
30 18 55 34.465 -110.52 413 245 291 360 2 106
30 18 55 34.15 -111.07 366 226 188 360 2 106
30 18 55 33.817 -111.47 309 216 110 360 2 79
30 18 55 33.533 -111.73 240 228 59 360 2 79
30 18 55 33.44 -112.02 150 270 12 360 2 79
31 18 55 39.872 -104.58 197.67 0 70.667 320 6 233
31 18 55 39.592 -104.51 351.33 202 169.67 320 6 233
31 18 55 39.201 -104.96 410.67 223.33 249 320 6 233
31 18 55 38.661 -105.35 432 214.33 299 320 6 266
31 18 55 38.186 -105.7 430.17 200.5 340.67 320 6 236
31 18 55 37.756 -106.14 428.33 221.33 350.67 320 6 259
31 18 55 37.321 -106.68 428.33 223.67 360 320 6 259
31 18 55 36.876 -107.22 432.33 223.33 360 320 6 259
31 18 55 36.427 -107.76 429.67 223.33 360.33 320 6 259
31 18 55 35.807 -108.51 432.33 224 360.33 320 2 88
31 18 55 35.404 -109 421.67 224.67 360.33 360 2 88
31 18 55 34.966 -109.5 426 218 340.33 360 2 88
31 18 55 34.627 -110.06 430 232.33 338 360 2 105
31 18 55 34.367 -110.67 423.33 241.33 281.33 360 2 106
31 18 55 33.983 -111.25 377.67 229.67 162.67 360 2 106
31 18 55 33.703 -111.67 309.33 227.67 97.333 360 2 79
31 18 55 33.503 -112 230 235 57 360 2 79
31 18 55 33.437 -112.03 159.67 155 15 360 2 79
32 18 57 39.817 -104.67 198 0 66 320 6 233
32 18 57 39.733 -105.13 306 255 150 320 6 233
32 18 57 39.543 -105.65 352 245 199 320 6 249
32 18 57 39.363 -106.3 384 249 237 320 6 240
32 18 57 39.124 -106.95 413 244 272 320 6 278
32 18 57 38.795 -107.59 413 236 299 320 6 278
32 18 57 38.534 -108.07 410 235 320 320 6 268
32 18 57 38.19 -108.72 427 235 320 320 6 260
32 18 57 37.824 -109.38 429 232 320 320 6 270
32 18 57 37.474 -110.01 421 234 320 320 6 270
32 18 57 37.136 -110.59 419 234 320 320 6 270
32 18 57 36.759 -111.24 422 233 320 320 6 270
32 18 57 37.056 -110.73 418 234 320 320 6 270
32 18 57 36.724 -111.3 421 233 320 320 6 270
32 18 57 36.417 -111.82 419 233 320 320 1 46
32 18 57 36.544 -112.51 415 276 320 320 1 48
32 18 57 36.638 -113.24 413 280 320 320 1 48
32 18 57 36.385 -113.89 411 244 320 320 1 48
32 18 57 35.926 -114.31 415 212 320 320 1 47
32 18 57 35.411 -114.71 417 212 320 320 1 40
32 18 57 34.983 -115.04 439 211 273 320 1 44
32 18 57 34.489 -115.41 392 211 233 320 1 27
32 18 57 34.033 -115.83 354 221 110 320 1 27
32 18 57 33.807 -116.18 258 238 69 320 1 4
32 18 57 33.817 -116.5 158 286 7 320 1 4
33 18 62 39.866 -104.7 201.64 16.273 69.364 360 6 233
33 18 62 39.718 -105.16 351.36 242.36 161.55 360 6 233
33 18 62 39.486 -105.81 409.18 245.82 263.27 360 6 249
33 18 62 39.277 -106.54 439.55 249.27 330.55 360 6 277
33 18 62 38.941 -107.19 432.45 234.91 366.91 360 6 278
33 18 62 38.597 -107.81 427.73 234.27 369.18 360 6 253
33 18 62 38.271 -108.39 426.55 234.27 369.09 360 6 254
33 18 62 37.956 -108.98 418.55 235.09 369.09 360 6 254
33 18 62 37.612 -109.61 422.91 235 369.09 360 6 269
33 18 62 37.297 -110.19 421.45 234.86 369.09 360 6 269
33 18 62 36.952 -110.8 422.09 234.18 369.09 360 6 269
33 18 62 36.607 -111.41 422.82 234 369.09 360 6 269
33 18 62 36.255 -112.02 424.09 233.64 369.09 360 1 45
33 18 62 35.916 -112.59 425.36 233.55 370 360 1 45
33 18 62 35.57 -113.17 426.55 233.18 370 360 1 45
33 18 62 35.22 -113.74 428 232.73 368.55 360 1 45
33 18 62 34.862 -114.31 426 232.36 332.73 300 1 45
33 18 62 34.446 -114.84 429.64 224.36 297.73 300 1 42
33 18 62 34.016 -115.33 423.73 224.36 280.64 280 1 42
33 18 62 33.601 -115.81 408.55 227.27 257.64 280 1 41
33 18 62 33.231 -116.23 376.64 222.36 173.64 280 1 28
33 18 62 32.855 -116.56 312.27 219.82 104.18 280 1 9
33 18 62 32.683 -116.93 232.73 255 48.182 280 1 9
33 18 62 32.735 -117.2 144.36 287.36 65.273 280 1 9
34 18 62 39.838 -104.68 194 0 70.25 360 6 233
34 18 62 39.731 -105.16 348.5 244.5 167 360 6 233
34 18 62 39.556 -105.75 401.75 267.25 250.75 360 6 249
34 18 62 39.256 -106.42 441.75 239.75 319 360 6 277
34 18 62 38.901 -107.09 440.75 233.75 364.75 380 6 278
34 18 62 38.519 -107.74 434.5 232 365 380 6 253
34 18 62 38.141 -108.37 437 233.25 368.5 360 6 254
34 18 62 37.835 -108.88 435 232.75 370 360 6 254
34 18 62 37.496 -109.5 436.5 237.25 370 360 6 269
34 18 62 37.173 -110.13 434 235.25 370 360 6 269
34 18 62 36.837 -110.75 435.5 235 370 360 6 269
34 18 62 36.475 -111.38 437 233.25 370 360 6 269
34 18 62 36.261 -111.77 436 235.75 370 360 1 45
34 18 62 35.944 -112.36 432.75 235.75 370 360 1 45
34 18 62 35.596 -113 437.5 235.75 370 360 1 45
34 18 62 35.245 -113.59 440 233.75 363.5 300 1 45
34 18 62 34.909 -114.15 443.5 233.5 335.5 300 1 45
34 18 62 34.477 -114.77 438.25 227.75 306 280 1 42
34 18 62 34.04 -115.28 435.25 224.5 286.25 280 1 42
34 18 62 33.603 -115.8 424.5 225 261.75 280 1 41
34 18 62 33.195 -116.22 370.5 213.25 180.25 280 1 28
34 18 62 32.842 -116.61 317.5 220.75 97.5 280 1 9
34 18 62 32.691 -116.94 236.75 254.5 46.5 280 1 9
34 18 62 32.737 -117.2 143.75 285.75 1.75 280 1 9
35 18 65 39.895 -104.63 195.38 9.125 66.375 380 6 233
35 18 65 40.266 -104.71 356.5 335.88 173 380 6 233
35 18 65 40.718 -105.03 406.12 327.88 262.12 380 6 242
35 18 65 41.117 -105.58 426.44 311.5 326.44 360 6 262
35 18 65 41.435 -106.24 415.75 300.38 364.25 360 6 262
35 18 65 41.726 -106.9 413.88 300.38 367.5 360 6 262
35 18 65 42.014 -107.56 414 299.75 367.5 360 5 211
35 18 65 42.312 -108.24 418.38 300 367.5 360 5 211
35 18 65 42.598 -108.91 423.88 299.62 367.5 360 5 223
35 18 65 42.871 -109.57 421 299.12 370 360 5 223
35 18 65 43.139 -110.22 422 298.75 370 360 5 223
35 18 65 43.441 -110.99 425.75 298.12 370 360 5 223
35 18 65 43.713 -111.69 427.38 297.62 370 360 5 219
35 18 65 43.993 -112.43 427.62 297.12 370 360 5 219
35 18 65 44.26 -113.15 426.88 296.75 370 360 5 225
35 18 65 44.533 -113.92 427.88 296 370 360 5 225
35 18 65 44.781 -114.63 429.31 295.31 370 360 5 213
35 18 65 45.034 -115.38 429.56 294.81 370 360 5 213
35 18 65 45.279 -116.12 429.75 294.38 370 360 5 213
35 18 65 45.525 -116.89 426.5 293.75 371.25 360 3 133
35 18 65 45.761 -117.65 427.5 293.12 371.12 360 3 134
35 18 65 45.993 -118.42 422.12 292.88 371.25 360 3 134
35 18 65 46.224 -119.2 426.62 293.12 371.25 360 3 134
35 18 65 46.458 -120 430.88 292.5 351.38 360 3 134
35 18 65 46.733 -120.77 417.12 299 263.5 360 3 148
35 18 65 47.03 -121.42 350.25 302.75 160.88 360 3 148
35 18 65 47.256 -121.94 299.38 297.62 110.38 360 3 114
35 18 65 47.381 -122.29 221.5 306.75 44.625 360 3 114
35 18 65 47.459 -122.31 153.38 112.5 5 360 3 114
36 18 65 39.864 -104.64 216 0 62.833 360 6 233
36 18 65 40.191 -104.7 333.5 222.5 155.17 360 6 233
36 18 65 40.598 -104.9 378.17 334.67 237.5 360 6 233
36 18 65 41.039 -105.46 418 306 306.17 360 6 262
36 18 65 41.349 -106.12 428.83 298.67 346.67 360 6 262
36 18 65 41.627 -106.8 417.83 298.33 363.33 360 6 262
36 18 65 41.908 -107.5 414 297.67 363.33 360 5 211
36 18 65 42.172 -108.18 420.5 297.17 363.33 360 5 211
36 18 65 42.448 -108.9 424.67 296.83 363.33 360 5 211
36 18 65 42.706 -109.61 426.67 295.5 363.33 360 5 223
36 18 65 42.937 -110.27 427.58 298.25 363.33 360 5 219
36 18 65 43.188 -110.97 427.42 295.33 363.25 360 5 219
36 18 65 43.455 -111.72 422.67 295.67 366.67 360 5 219
36 18 65 43.72 -112.47 425.67 295.67 366.67 360 5 219
36 18 65 43.992 -113.28 424.5 293.83 366.67 360 5 219
36 18 65 43.772 -112.62 425.5 295.5 366.67 360 5 219
36 18 65 44.027 -113.38 424.67 295.5 366.67 360 5 219
36 18 65 44.281 -114.1 424 296.5 366.67 360 5 213
36 18 65 44.559 -114.85 426.67 296.5 366.67 360 5 213
36 18 65 44.839 -115.59 429.67 297.33 366.67 360 5 213
36 18 65 45.118 -116.36 427.5 266.67 366.67 360 5 213
36 18 65 45.39 -117.1 426.67 297.5 366.67 360 3 134
36 18 65 45.671 -117.86 425.5 297.33 366.67 360 3 134
36 18 65 45.924 -118.56 423.33 295.33 366.67 360 3 134
36 18 65 46.165 -119.32 423 295.17 366.67 360 3 134
36 18 65 46.393 -120.08 422.67 290.33 352.5 360 3 134
36 18 65 46.733 -120.78 423.5 305.17 270.33 360 3 148
36 18 65 47.054 -121.48 358.83 303.83 166 360 3 148
36 18 65 47.285 -121.98 290.17 300.17 97.833 360 3 114
36 18 65 47.45 -122.27 241 233.33 45.5 360 3 114
36 18 65 47.435 -122.31 138.67 149.83 5 360 3 114
37 18 66 39.883 -104.71 225.33 0 72 380 6 233
37 18 66 39.947 -105.23 338.33 272.33 181.67 380 6 233
37 18 66 39.956 -105.94 412 270 272 380 6 277
37 18 66 39.938 -106.77 424 262.67 351.67 380 6 277
37 18 66 39.872 -107.51 420 263 373.33 380 6 279
37 18 66 39.792 -108.25 420.67 261.67 373.33 380 6 279
37 18 66 39.701 -109.05 425.67 261 373.33 380 6 279
37 18 66 39.606 -109.75 428 259 373.33 380 6 279
37 18 66 39.478 -110.57 429.33 257.33 373.33 380 5 203
37 18 66 39.362 -111.24 430 257 373.33 380 5 203
37 18 66 39.224 -112 428 256.33 373.33 380 5 206
37 18 66 39.095 -112.7 428.17 256.33 373.33 380 5 206
37 18 66 38.945 -113.47 419.67 255.67 373.33 380 5 204
37 18 66 38.869 -113.85 419.67 255.67 373.33 380 5 204
37 18 66 38.714 -114.61 420.33 255 373.33 380 5 204
37 18 66 38.58 -115.33 419.33 262 373.33 380 5 204
37 18 66 38.443 -116.05 415.67 251.67 373.33 380 5 204
37 18 66 38.267 -116.74 416 251.67 373.33 380 5 204
37 18 66 38.087 -117.45 419.33 250.67 369.33 380 4 180
37 18 66 37.96 -118.17 417.33 262 366.67 380 4 180
37 18 66 37.885 -118.86 414.33 261.67 366.67 380 4 180
37 18 66 37.8 -119.61 422.33 263 354.67 380 4 184
37 18 66 37.711 -120.32 430.33 260.33 307 380 4 184
37 18 66 37.62 -121.05 383 260 195 380 4 170
37 18 66 37.546 -121.63 319.33 262.33 107.33 380 4 156
37 18 66 37.532 -122.1 244 284.33 45.667 380 4 156
37 18 66 37.617 -122.37 156.67 294.67 114.33 380 4 155
38 18 66 39.863 -104.7 238.29 16.235 67.294 380 6 233
38 18 66 39.868 -105.22 352.94 273.06 173.94 360 6 233
38 18 66 39.836 -105.92 411.09 264.88 269.21 360 6 249
38 18 66 39.76 -106.68 429.09 262.12 337.26 360 6 277
38 18 66 39.67 -107.45 423.44 261.06 367.18 360 6 279
38 18 66 39.581 -108.22 422.06 260.94 368.24 360 6 279
38 18 66 39.488 -108.96 422.18 260.18 368.29 360 6 279
38 18 66 39.392 -109.69 422.47 259.82 368.29 360 6 279
38 18 66 39.29 -110.44 423.06 259.35 367.06 360 5 203
38 18 66 39.186 -111.16 421.41 259 369.12 380 5 203
38 18 66 39.069 -111.91 419.88 257.94 371.12 380 5 206
38 18 66 38.959 -112.62 420.06 258.18 373.35 380 5 206
38 18 66 38.837 -113.37 415.94 257.59 374.18 380 5 206
38 18 66 38.764 -113.8 415.94 257.59 374.18 380 5 206
38 18 66 38.612 -114.67 417 257 374.76 380 5 204
38 18 66 38.478 -115.4 416.18 256.24 374.76 380 5 204
38 18 66 38.343 -116.11 413.71 255.82 374.12 380 5 204
38 18 66 38.208 -116.82 413.94 255.68 373 380 5 204
38 18 66 38.075 -117.52 414.18 256.06 373 380 4 180
38 18 66 37.971 -118.23 414.41 260.94 372.41 380 4 180
38 18 66 37.888 -118.95 415.53 261.29 368.59 380 4 180
38 18 66 37.802 -119.65 419.24 261.12 357.74 360 4 184
38 18 66 37.704 -120.4 420.35 260.18 297.94 380 4 184
38 18 66 37.617 -121.07 378.35 260.35 191 360 4 170
38 18 66 37.543 -121.67 308.94 260.29 103.41 380 4 156
38 18 66 37.527 -122.1 227.65 284.82 47.529 380 4 156
38 18 66 37.612 -122.35 149.71 296.65 2.6471 380 4 155
39 18 67 39.8 -104.72 249 0 93 380 6 233
39 18 67 39.813 -105.24 297 269 108 380 6 233
39 18 67 39.837 -105.98 430 268 289 380 6 277
39 18 67 39.764 -106.77 431 262 376 380 6 277
39 18 67 39.671 -107.57 429 260 380 380 6 279
39 18 67 39.577 -108.36 430 260 380 380 6 279
39 18 67 39.478 -109.13 421 260 380 380 6 279
39 18 67 39.384 -109.84 423 260 380 380 6 279
39 18 67 39.289 -110.52 421 259 380 380 5 203
39 18 67 39.184 -111.23 421 259 380 380 5 203
39 18 67 39.069 -111.98 412 259 380 380 5 206
39 18 67 38.947 -112.74 423 258 380 380 5 206
39 18 67 38.81 -113.49 410 248 380 380 5 206
39 18 67 38.651 -114.23 416 254 380 380 5 204
39 18 67 38.526 -114.79 416 254 380 380 5 204
39 18 67 38.396 -115.37 410 253 380 380 5 204
39 18 67 38.226 -116.1 413 253 380 380 5 204
39 18 67 38.053 -116.82 408 252 380 380 5 204
39 18 67 37.888 -117.49 410 252 362 380 4 180
39 18 67 37.696 -118.25 421 252 328 380 4 180
39 18 67 37.514 -118.94 425 251 300 380 4 180
39 18 67 37.325 -119.65 412 251 260 380 4 187
39 18 67 37.242 -120.2 379 261 206 200 4 166
39 18 67 37.128 -120.83 348 254 152 200 4 174
39 18 67 37.003 -121.4 332 259 101 200 4 154
39 18 67 37.067 -121.83 274 336 77 200 4 154
39 18 67 37.348 -122.03 220 320 44 200 4 154
39 18 67 37.383 -121.95 138 139 3 200 4 156
40 18 67 39.817 -104.67 181 0 67 400 6 233
40 18 67 39.834 -105.15 358 274 190 400 6 233
40 18 67 39.848 -105.87 435 272 281 400 6 277
40 18 67 39.766 -106.74 417 263 393 400 6 277
40 18 67 39.681 -107.49 414 261 400 400 6 279
40 18 67 39.606 -108.13 410 261 400 400 6 279
40 18 67 39.511 -108.88 415 261 400 400 6 279
40 18 67 39.414 -109.61 416 260 400 400 6 279
40 18 67 39.311 -110.36 411 259 400 400 5 203
40 18 67 39.212 -111.04 413 258 400 400 5 203
40 18 67 39.097 -111.79 417 259 400 400 5 206
40 18 67 38.984 -112.52 417 258 400 400 5 206
40 18 67 38.865 -113.24 414 258 400 400 5 206
40 18 67 38.789 -113.68 414 258 400 400 5 206
40 18 67 38.632 -114.56 419 257 400 400 5 204
40 18 67 38.485 -115.35 417 256 400 400 5 204
40 18 67 38.36 -116.01 416 256 400 400 5 204
40 18 67 38.215 -116.71 410 255 400 400 5 204
40 18 67 38.056 -117.33 420 251 400 400 4 180
40 18 67 37.851 -118.12 424 251 400 400 4 180
40 18 67 37.689 -118.72 413 251 376 400 4 180
40 18 67 37.495 -119.43 423 250 326 200 4 184
40 18 67 37.306 -120.1 392 250 241 200 4 187
40 18 67 37.186 -120.75 354 258 166 200 4 179
40 18 67 37.09 -121.32 330 258 110 200 4 154
40 18 67 37.179 -121.73 274 306 46 200 4 154
40 18 67 37.357 -121.93 141 318 1 200 4 154
41 18 67 39.859 -104.67 270 0 54 400 6 233
41 18 67 39.895 -105.19 339 270 185 400 6 233
41 18 67 39.845 -105.91 400 265 291 400 6 277
41 18 67 39.771 -106.7 416 263 386 400 6 277
41 18 67 39.689 -107.44 400 261 400 400 6 279
41 18 67 39.611 -108.08 406 262 400 400 6 279
41 18 67 39.514 -108.85 411 260 400 400 6 279
41 18 67 39.414 -109.61 415 260 400 400 6 279
41 18 67 39.31 -110.38 419 260 400 400 5 203
41 18 67 39.226 -110.98 422 259 400 400 5 203
41 18 67 39.116 -111.74 414 258 400 400 5 206
41 18 67 39.002 -112.49 414 258 400 400 5 206
41 18 67 38.884 -113.23 404 258 400 400 5 206
41 18 67 38.753 -114.02 412 257 400 400 5 204
41 18 67 38.86 -113.37 409 258 400 400 5 206
41 18 67 38.737 -114.11 412 258 400 400 5 204
41 18 67 38.631 -114.71 413 257 400 400 5 204
41 18 67 38.506 -115.42 408 256 400 400 5 204
41 18 67 38.364 -116.17 407 256 400 400 5 204
41 18 67 38.215 -116.86 403 253 400 400 5 204
41 18 67 38.052 -117.56 406 253 400 400 4 180
41 18 67 37.743 -118.2 417 233 363 340 4 180
41 18 67 37.396 -118.77 402 232 319 340 4 180
41 18 67 37.323 -119.45 387 262 275 200 4 187
41 18 67 37.25 -120.1 358 262 223 200 4 166
41 18 67 37.167 -120.68 325 255 169 200 4 179
41 18 67 37.15 -121.23 302 272 102 200 4 154
41 18 67 37.233 -121.68 217 284 57 200 4 154
41 18 67 37.352 -121.92 143 321 2 200 4 154
42 18 67 39.877 -104.7 217.5 0 65.5 380 6 233
42 18 67 39.881 -105.21 346.25 271 164.25 380 6 233
42 18 67 39.832 -105.92 416 261.25 268 380 6 277
42 18 67 39.764 -106.68 417.62 262.25 348.75 380 6 277
42 18 67 39.704 -107.39 417.5 262.62 365 380 6 279
42 18 67 39.611 -108.17 415.5 260.5 365.75 380 6 279
42 18 67 39.521 -108.87 413.5 260 370 380 6 279
42 18 67 39.421 -109.63 414.5 260.25 370 380 6 279
42 18 67 39.329 -110.3 415.25 259.25 370 380 5 203
42 18 67 39.232 -110.98 407 258.75 375 380 5 203
42 18 67 39.122 -111.71 409.88 258.75 375 380 5 203
42 18 67 39.012 -112.42 414 258.25 375 380 5 206
42 18 67 38.892 -113.16 408 257.75 375 380 5 206
42 18 67 38.765 -113.91 409.75 257.75 375 380 5 204
42 18 67 38.867 -113.31 409 257.75 375 380 5 206
42 18 67 38.748 -114 409.5 257.25 375 380 5 204
42 18 67 38.619 -114.73 410.75 256.75 375 380 5 204
42 18 67 38.499 -115.38 412 256.25 375 380 5 204
42 18 67 38.364 -116.08 411.25 255.75 375 380 5 204
42 18 67 38.188 -116.74 407.88 249.75 375 380 5 204
42 18 67 37.965 -117.41 407.25 243.5 375 380 4 180
42 18 67 37.72 -118.05 407.5 246.75 371.25 380 4 180
42 18 67 37.502 -118.75 427 251 325.5 380 4 180
42 18 67 37.359 -119.45 418.5 254.75 290.5 200 4 187
42 18 67 37.256 -120.07 383 259.75 227.25 200 4 166
42 18 67 37.162 -120.69 344.25 256 157.5 200 4 179
42 18 67 37.1 -121.27 321 265 100 200 4 154
42 18 67 37.194 -121.72 221 286 47.5 200 4 154
42 18 67 37.357 -121.92 138.75 325.5 1.5 200 4 154
43 18 67 39.917 -104.7 187 0 72 380 6 233
43 18 67 39.9 -105.27 372 262 198 380 6 233
43 18 67 39.84 -105.96 428 262 300 380 6 277
43 18 67 39.77 -106.71 412 261 380 380 6 277
43 18 67 39.687 -107.44 412 261 380 380 6 279
43 18 67 39.439 -108.16 431 245 380 380 6 279
43 18 67 39.267 -108.91 426 262 380 380 6 279
43 18 67 39.188 -109.67 432 261 380 380 6 279
43 18 67 39.099 -110.45 435 261 380 380 5 203
43 18 67 39.007 -111.22 441 261 380 380 5 203
43 18 67 38.906 -112.02 444 260 380 380 5 206
43 18 67 38.797 -112.83 447 260 380 380 5 206
43 18 67 38.671 -113.71 444 259 380 380 5 206
43 18 67 38.754 -113.14 447 259 380 380 5 206
43 18 67 38.642 -113.91 441 259 380 380 5 204
43 18 67 38.525 -114.69 421 259 380 380 5 204
43 18 67 38.409 -115.41 420 257 380 380 5 204
43 18 67 38.293 -116.11 425 257 380 380 5 204
43 18 67 38.184 -116.76 422 257 380 380 5 204
43 18 67 38.013 -117.46 425 252 380 380 4 180
43 18 67 37.824 -118.19 417 252 380 380 4 180
43 18 67 37.647 -118.86 433 251 348 380 4 180
43 18 67 37.436 -119.63 458 251 300 200 4 187
43 18 67 37.217 -120.38 446 247 202 200 4 166
43 18 67 37.117 -121.1 405 273 123 200 4 152
43 18 67 37.158 -121.64 295 281 60 200 4 154
43 18 67 37.34 -121.91 162 321 4 200 4 154
44 18 67 39.917 -104.72 215 0 68 320 6 233
44 18 67 39.741 -105.1 319 236 137 320 6 233
44 18 67 39.612 -105.7 359 260 207 320 6 249
44 18 67 39.547 -106.37 376 263 252 320 6 249
44 18 67 39.468 -107.11 407 262 284 320 6 277
44 18 67 39.387 -107.84 399 261 311 320 6 279
44 18 67 39.308 -108.51 410 261 320 320 6 279
44 18 67 39.214 -109.27 419 260 320 320 6 279
44 18 67 39.126 -109.94 413 260 320 320 6 279
44 18 67 39.03 -110.68 418 260 320 320 5 202
44 18 67 38.941 -111.34 412 260 320 320 5 202
44 18 67 38.838 -112.09 410 260 320 320 5 205
44 18 67 38.733 -112.83 412 259 320 320 5 205
44 18 67 38.62 -113.57 410 259 320 320 5 205
44 18 67 38.507 -114.29 412 258 320 320 5 201
44 18 67 38.384 -115.04 417 257 320 320 5 201
44 18 67 38.261 -115.75 416 257 320 320 5 201
44 18 67 38.155 -116.35 415 257 320 320 5 201
44 18 67 37.958 -117.24 420 245 320 320 4 180
44 18 67 37.761 -117.78 422 245 320 320 4 180
44 18 67 37.511 -118.46 426 244 320 320 4 180
44 18 67 37.35 -119.18 432 260 320 320 4 187
44 18 67 37.267 -120.02 411 261 211 200 4 166
44 18 67 37.172 -120.63 376 252 134 200 4 179
44 18 67 37.037 -121.24 349 247 100 200 4 154
44 18 67 37.167 -121.7 239 300 53 200 4 154
44 18 67 37.366 -121.94 151 319 200 200 4 156
45 18 69 39.884 -104.7 206.91 0 69.182 360 6 233
45 18 69 39.93 -105.19 331.73 272.27 164.91 360 6 233
45 18 69 39.958 -105.84 381.68 276.14 250.55 360 6 249
45 18 69 39.997 -106.57 405.73 273 307.82 360 6 277
45 18 69 40.037 -107.33 404.64 274 339.91 360 6 279
45 18 69 40.074 -108.1 411.45 273.27 342.18 360 6 279
45 18 69 40.107 -108.85 412.91 272.55 345.45 360 6 279
45 18 69 40.133 -109.59 419.77 271.91 340.18 300 5 209
45 18 69 40.153 -110.31 423.41 273.27 305.77 300 5 209
45 18 69 40.118 -111.02 406.55 267.73 226.82 160 5 215
45 18 69 40.178 -111.67 317.18 292.82 153.64 160 5 215
45 18 69 40.498 -111.94 264.09 347.45 94 160 5 197
45 18 69 40.763 -111.97 150.73 355.09 45.364 160 5 197
46 18 69 39.861 -104.69 213.58 0 65.667 380 6 233
46 18 69 39.922 -105.17 329.33 272.67 167.92 340 6 233
46 18 69 39.946 -105.83 379.17 272.42 265.42 340 6 249
46 18 69 39.995 -106.58 407.58 274.5 332.42 360 6 277
46 18 69 40.038 -107.33 412.92 273.33 351.25 380 6 279
46 18 69 40.074 -108.08 416.17 272.75 351.33 380 6 279
46 18 69 40.104 -108.8 413.5 257.62 346.58 340 6 279
46 18 69 40.131 -109.43 414.08 272.67 339.83 300 5 209
46 18 69 40.165 -110.14 419.75 276.83 319.17 300 5 209
46 18 69 40.158 -110.88 418.5 271.67 282.08 190 5 215
46 18 69 40.175 -111.61 372.92 281.42 191.33 190 5 215
46 18 69 40.514 -112.03 341.08 310.08 132.42 190 5 197
46 18 69 40.901 -112.1 247.83 269.33 90.5 190 5 197
46 18 69 40.81 -111.99 141.25 174.33 43.75 190 5 197
47 18 70 39.808 -104.67 209 0 68 360 6 233
47 18 70 39.93 -105.09 320 273.5 159 360 6 233
47 18 70 39.998 -105.75 405.5 276.5 238 360 6 249
47 18 70 40.035 -106.54 442 271.5 293 360 6 277
47 18 70 40.055 -107.36 435 271.5 349 360 6 279
47 18 70 40.151 -108.12 430 284 360 360 6 279
47 18 70 40.304 -108.91 432.5 284 360 360 6 274
47 18 70 40.443 -109.63 435 282.5 360 360 5 210
47 18 70 40.593 -110.47 434 283 360 360 5 210
47 18 70 40.727 -111.25 430 282.5 360 360 5 210
47 18 70 40.844 -112.05 437.5 282 360 360 5 210
47 18 70 40.799 -112.77 426.5 265 360 360 5 216
47 18 70 40.722 -113.51 430.25 260.75 360 360 5 216
47 18 70 40.675 -113.88 432 256 360 360 5 200
47 18 70 40.504 -114.75 429.5 254 363.5 360 5 208
47 18 70 40.355 -115.44 429.5 254 370 360 5 208
47 18 70 40.181 -116.21 427.5 253 370 360 5 208
47 18 70 40.006 -116.97 424.5 252.5 370 360 5 208
47 18 70 39.832 -117.71 422.5 252 370 360 4 181
47 18 70 39.656 -118.43 420 252 370 360 4 181
47 18 70 39.474 -119.15 407 251.5 360 300 4 181
47 18 70 39.284 -119.87 403 251 303 200 4 181
47 18 70 39.112 -120.53 390.5 251 203 160 4 162
47 18 70 39.008 -121.09 338.5 265.5 109.5 160 4 175
47 18 70 38.902 -121.54 235.5 241 34 160 4 153
47 18 70 38.694 -121.58 152.5 180.5 81 160 4 153
48 18 70 39.878 -104.71 206 0 69 380 6 233
48 18 70 39.953 -105.21 338.67 279.67 175 380 6 233
48 18 70 39.975 -105.91 402.67 271 264.33 380 6 277
48 18 70 40.015 -106.67 419.33 274 318 380 6 277
48 18 70 40.082 -107.47 422.67 275.33 339.67 380 6 279
48 18 70 40.19 -108.18 420.67 282.33 352.67 380 6 279
48 18 70 40.321 -108.94 414.67 282.33 360 380 6 274
48 18 70 40.437 -109.63 415.67 281.67 360 380 5 210
48 18 70 40.586 -110.36 420.33 286 360 380 5 210
48 18 70 40.722 -111.03 419.67 289 360 380 5 210
48 18 70 40.774 -111.8 414.67 274.33 360 380 5 210
48 18 70 40.777 -112.53 414.67 269 360 380 5 216
48 18 70 40.745 -113.3 410.33 266.33 360 380 5 216
48 18 70 40.708 -114.23 407.67 267 360 380 5 216
48 18 70 40.681 -114.9 407.33 266.67 360 380 5 208
48 18 70 40.641 -115.67 409.33 265.33 360 380 5 208
48 18 70 40.599 -116.44 410.33 265.33 360 380 5 208
48 18 70 40.499 -117.17 409.67 252.33 360 380 5 208
48 18 70 40.289 -117.87 404 248 360 380 5 181
48 18 70 40.067 -118.54 402 243.67 360 380 4 181
48 18 70 39.778 -119.19 407 238.67 348 380 4 181
48 18 70 39.519 -119.75 403 238.67 298 380 4 181
48 18 70 39.222 -120.4 385.33 241.33 218.33 380 4 162
48 18 70 39.022 -121.02 341.33 248.33 114.33 380 4 175
48 18 70 38.877 -121.47 238.33 257.67 44.333 380 4 153
48 18 70 38.685 -121.59 148 179 2.3333 380 4 153
49 18 71 39.911 -104.72 214 0 69.5 390 6 233
49 18 71 39.764 -105.2 346.25 247 176.5 390 6 233
49 18 71 39.547 -105.81 416.5 243.5 274.75 380 6 249
49 18 71 39.302 -106.54 434 246 360.25 380 6 277
49 18 71 38.95 -107.17 428.25 230 391.5 400 6 278
49 18 71 38.574 -107.75 428.25 229.75 395 400 6 253
49 18 71 38.205 -108.31 420.75 229.75 395 400 6 254
49 18 71 37.827 -108.87 419.75 228.25 395 400 6 254
49 18 71 37.44 -109.43 428.88 228 395 400 6 269
49 18 71 37.051 -109.98 424 228.75 395 400 6 269
49 18 71 36.643 -110.55 425.25 227.75 395 400 6 269
49 18 71 36.291 -111.1 427.5 230.75 395 400 6 269
49 18 71 35.983 -111.71 418.25 242.25 395 400 6 269
49 18 71 35.701 -112.37 419.75 242 395 400 1 45
49 18 71 35.435 -112.98 421.25 241.75 395 400 1 45
49 18 71 35.162 -113.6 419.75 241 395 400 1 45
49 18 71 34.855 -114.29 424.25 240.25 391.75 400 1 45
49 18 71 34.59 -114.87 425.5 240.75 382.75 400 1 42
49 18 71 34.318 -115.53 428.25 244 331 240 1 42
49 18 71 34.064 -116.16 428 243.5 267 140 1 42
49 18 71 33.898 -116.83 366.75 258 146.75 140 1 20
49 18 71 33.802 -117.35 291.5 261.75 91.75 140 1 6
49 18 71 33.822 -117.74 198 291 49 140 1 2
49 18 71 33.675 -117.86 144.25 203.5 1.75 140 1 2
50 18 71 39.827 -104.68 193.22 0 70.778 380 6 233
50 18 71 39.721 -105.16 341 245.11 171 380 6 233
50 18 71 39.519 -105.78 397.78 247.56 267.33 380 6 249
50 18 71 39.291 -106.51 430.89 246.67 336.78 380 6 277
50 18 71 38.985 -107.13 433.72 234.11 370.89 380 6 278
50 18 71 38.646 -107.73 426 234.33 374.67 380 6 253
50 18 71 38.296 -108.36 430 233.89 377.67 380 6 254
50 18 71 37.957 -108.94 425.78 233.56 377.78 380 6 254
50 18 71 37.607 -109.57 427.67 234.11 377.78 380 6 269
50 18 71 37.275 -110.17 429.11 234.78 377.78 380 6 269
50 18 71 36.938 -110.78 429.78 234.78 377.78 380 6 269
50 18 71 36.594 -111.39 428.83 234.39 377.67 380 6 269
50 18 71 36.256 -111.98 428.11 234.22 379.78 380 1 45
50 18 71 35.912 -112.57 425.67 233.89 380 380 1 45
50 18 71 35.588 -113.12 427.56 233.56 380.67 380 1 45
50 18 71 35.229 -113.72 429.11 233 379.89 380 1 45
50 18 71 34.88 -114.3 427.33 233.44 373.56 380 1 45
50 18 71 34.585 -114.92 432.11 240.44 358.67 380 1 42
50 18 71 34.346 -115.57 435.56 245.39 318.22 380 1 42
50 18 71 34.11 -116.21 416.89 245.22 253.89 380 1 42
50 18 71 33.904 -116.83 367.89 248.67 148.89 380 1 20
50 18 71 33.791 -117.36 288.22 253.56 90.778 380 1 6
50 18 71 33.817 -117.73 202.56 288 44.667 380 1 2
50 18 71 33.669 -117.87 141.22 207.89 43.889 380 1 2
51 18 76 39.88 -104.69 230 0 61 360 6 233
51 18 76 39.772 -105.17 324.5 248 147 360 6 233
51 18 76 39.573 -105.71 338 241 223 360 6 249
51 18 76 39.344 -106.36 390 256 276.5 360 6 277
51 18 76 39.049 -106.94 390 233 334 360 6 278
51 18 76 38.727 -107.47 411 231.5 360 360 6 253
51 18 76 38.337 -108.08 428 231 360 360 6 254
51 18 76 37.806 -108.27 441.5 187 365 360 6 254
51 18 76 37.162 -108.39 454 188 365 360 6 259
51 18 76 36.594 -108.5 454 188.25 365 360 6 259
51 18 76 35.915 -108.62 457.5 188 365 360 2 88
51 18 76 35.306 -108.73 457 188 365 360 2 88
51 18 76 34.656 -108.83 456.5 188.5 365 360 2 100
51 18 76 34.016 -108.85 457 190.5 365 360 2 104
51 18 76 33.465 -109.06 450.5 199 362.5 360 2 94
51 18 76 32.921 -109.41 454 205.5 321 360 2 91
51 18 76 32.453 -109.89 438.5 221 233 360 2 59
51 18 76 32.231 -110.45 356.5 277.5 119 360 2 77
51 18 76 32.183 -110.86 267.5 243 77.5 360 2 77
51 18 76 32.105 -110.92 175 225 33 360 2 77
52 18 76 39.839 -104.65 192.67 0 67.333 400 6 233
52 18 76 39.467 -104.68 368 195 178 400 6 233
52 18 76 39.007 -105.02 433.33 208 279.33 400 6 266
52 18 76 38.492 -105.35 442.33 206.67 334.33 400 6 257
52 18 76 37.895 -105.67 437 201.67 367.67 400 6 265
52 18 76 37.313 -106.02 426 206 393.33 400 6 257
52 18 76 36.8 -106.42 432.67 211.33 393.33 400 6 259
52 18 76 36.256 -106.78 430.67 207.67 393.33 400 2 95
52 18 76 35.739 -107.12 433 208 393.33 400 2 95
52 18 76 34.989 -107.6 436.67 207.33 393.33 400 2 104
52 18 76 34.467 -107.93 440 207 393.33 400 2 104
52 18 76 33.947 -108.25 445.33 207 393.33 400 2 104
52 18 76 33.497 -108.66 432.33 219.33 386.67 400 2 94
52 18 76 33.114 -109.16 436.33 229 362.33 400 2 94
52 18 76 32.729 -109.7 438.67 229 270.67 400 2 91
52 18 76 32.372 -110.25 385.33 240.67 145.33 400 2 59
52 18 76 32.211 -110.73 286.67 253 88.333 400 2 77
52 18 76 32.123 -110.95 151 197.67 31.333 400 2 77
53 18 76 39.8 -104.68 204.5 0 76.5 360 6 233
53 18 76 39.697 -105.16 350.5 248.5 141 360 6 233
53 18 76 39.522 -105.73 346.5 248.5 214.5 360 6 249
53 18 76 39.338 -106.38 381.5 249.5 272.5 360 6 240
53 18 76 39.013 -106.94 399 229 328 360 6 268
53 18 76 38.585 -107.47 425.5 224 353.5 360 6 253
53 18 76 38.196 -107.96 436 223.75 360 360 6 254
53 18 76 37.733 -108.54 444.5 223 360 360 6 254
53 18 76 37.21 -109 446 213.5 360 360 6 259
53 18 76 36.715 -109.4 443.5 213 360 360 6 259
53 18 76 36.443 -109.62 442.5 212 360 360 6 269
53 18 76 35.928 -110.03 443.5 212.5 360 360 6 269
53 18 76 35.426 -110.42 445.5 211.5 360 360 2 101
53 18 76 34.883 -110.79 446.5 208.5 360 360 2 101
53 18 76 34.35 -111.18 449 210 357.5 300 2 89
53 18 76 33.711 -111.59 452 207 322.5 300 2 89
53 18 76 33.149 -111.72 467 190.5 254.5 260 2 60
53 18 76 32.615 -111.5 410.5 157 179.5 300 2 60
53 18 76 32.246 -111.18 289.5 137 81.5 300 2 77
53 18 76 32.105 -110.93 173 106 38 300 2 77
