0 27.039 21.934 20.325 53.778 59.91 55.163 12.993 11.033 58.348 25.31 78.065 13.497 25.421 17.807 21.717
0 0 20.266 34.918 35.911 43.328 37.758 27.152 27.057 41.61 18.45 57.572 26.395 20.898 27.062 11.46
0 0 0 19.012 50.07 60.213 54.428 21.691 22.156 58.642 10.495 66.3 19.862 12.958 15.834 13.601
0 0 0 0 56.551 75.477 68.69 19.905 20.077 74.413 18.074 70.206 19.592 20.762 18.109 27.938
0 0 0 0 0 25.023 28.396 53.91 54.239 19.034 49.042 26.217 54.895 49.381 55.49 41.463
0 0 0 0 0 0 26.315 59.312 59.463 27.631 58.995 23.861 59.521 56.906 60.858 49.886
0 0 0 0 0 0 0 55.242 55.098 31.206 54.492 26.097 55.716 54.441 56.927 43.593
0 0 0 0 0 0 0 0 11.352 58.025 25.685 78.041 12.642 25.914 19.053 21.062
0 0 0 0 0 0 0 0 0 58.594 25.453 78.226 11.163 25.621 17.062 21.36
0 0 0 0 0 0 0 0 0 0 58.879 22.693 58.999 57.741 59.199 48.573
0 0 0 0 0 0 0 0 0 0 0 66.072 24.394 12.726 18.825 12.334
0 0 0 0 0 0 0 0 0 0 0 0 78.09 66.718 77.327 62.056
0 0 0 0 0 0 0 0 0 0 0 0 0 24.362 17.52 20.071
0 0 0 0 0 0 0 0 0 0 0 0 0 0 18.354 15.516
0 0 0 0 0 0 0 0 0 0 0 0 0 0 0 19.531
0 0 0 0 0 0 0 0 0 0 0 0 0 0 0 0
