0 14.12 19.598 13.918 18.911 13.306 62.85 59.123 16.335 48.306 12.245 12.975 27.903 14.927 29.743 14.465 20.764 16.014 12.457
0 0 13.388 15.063 23.07 12.816 63.284 59.815 12.908 51.281 13.633 14.778 19.789 13.915 23.427 15.739 21.208 15.818 16.375
0 0 0 19.231 19.492 18.509 63.35 59.808 15.736 51.059 18.254 18.549 23.513 18.682 24.038 19.389 20.213 20.895 19.445
0 0 0 0 15.606 10.96 63.232 59.404 14.837 50.257 12.88 13.08 27.491 19.557 24.872 10.216 17.351 14.589 13.889
0 0 0 0 0 19.162 63.91 59.566 16.853 50.837 19.359 17.024 28.164 31.478 25.095 13.436 18.648 21.527 15.021
0 0 0 0 0 0 63.206 59.456 12.387 50.783 9.1701 10.669 26.946 17.049 24.987 11.261 19.826 12.466 11.151
0 0 0 0 0 0 0 18.093 68.185 41.625 63.481 63.428 78.679 62.675 67.478 70.913 75.589 71.81 62.702
0 0 0 0 0 0 0 0 65.536 34.097 59.117 59.338 74.898 59.117 62.586 66.859 72.157 67.852 59.628
0 0 0 0 0 0 0 0 0 55.617 15.263 13.981 16.609 18.822 20.368 13.636 18.136 14.834 14.509
0 0 0 0 0 0 0 0 0 0 50.835 50.856 68.005 48.07 40.575 58.565 60.443 59.954 48.893
0 0 0 0 0 0 0 0 0 0 0 9.8122 27.557 17.468 24.558 11.797 19.334 11.88 11.858
0 0 0 0 0 0 0 0 0 0 0 0 27.104 18.717 24.432 11.354 19.52 13.586 13.102
0 0 0 0 0 0 0 0 0 0 0 0 0 24.422 29.96 28.179 22.828 27.927 29.097
0 0 0 0 0 0 0 0 0 0 0 0 0 0 26.075 23.522 31.432 15.559 24.128
0 0 0 0 0 0 0 0 0 0 0 0 0 0 0 22.843 23.725 23.628 28.847
0 0 0 0 0 0 0 0 0 0 0 0 0 0 0 0 16.982 14.243 11.82
0 0 0 0 0 0 0 0 0 0 0 0 0 0 0 0 0 23.028 20.361
0 0 0 0 0 0 0 0 0 0 0 0 0 0 0 0 0 0 15.525
0 0 0 0 0 0 0 0 0 0 0 0 0 0 0 0 0 0 0
