0 21.775 54.425 13.428 13.429 15.035 17.888 19.62 36.153 19.57 19.199 48.426 21.031 54.839 22.042 20.786 33.57 47.437 15.253 13.309 16.346 14.197 256.6 18.201 55.661 14.39 16.741 22.182 22.617 36.699 30.183 20.724 39.706 14.088 15.298 20.615 45.049 13.203 12.88 51.151
0 0 57.167 21.135 12.765 13.515 22.123 28.408 36.139 22.067 21.768 53.004 34.003 66.637 32.78 20.911 33.3 46.762 16.519 22.985 18.827 29.96 247.14 19.787 55.106 14.691 21.688 20.335 26.509 35.988 28.539 22.346 38.443 23 19.711 22.925 45.118 18.423 17.582 51.074
0 0 0 56.774 61.883 57.079 65.262 52.705 40.649 56.835 57.326 20.198 56.892 76.871 64.959 57.408 40.485 40.745 57.12 57.229 54.189 56.99 207.99 43.408 35.243 52.818 54.414 57.074 34.123 40.633 41.419 57.207 91.328 51.784 47.488 54.201 63.826 56.344 56.835 103.48
0 0 0 0 16.024 15.968 14.587 25.099 37.125 25.388 25.203 52.692 14.06 47.515 15.754 25.086 33.578 53.548 14.195 16.168 18.396 14.251 258.42 19.374 55.261 16.333 13.895 23.107 26.048 36.225 35.348 25.454 38.518 15.649 14.081 26.147 44.627 13.187 13.883 51.506
0 0 0 0 0 15.055 18.423 21.872 36.324 20.598 20.53 57.064 26.335 60.365 28.901 14.748 34.118 47.283 11.728 15.275 23.268 18.015 253.63 24.586 56.837 14.242 17.729 14.501 31.424 36.248 31.188 21.494 38.45 23.817 17.02 22.117 46.366 13.337 14.06 51.26
0 0 0 0 0 0 19.453 21.595 36.151 21.737 21.276 52.965 23.426 57.666 28.701 16.153 33.538 46.821 13.854 13.484 19.569 20.454 251.94 22.114 55.037 14.784 14.342 16.798 26.639 35.924 28.35 23.235 38.349 25.311 19.382 23.533 44.794 13.173 12.932 51.765
0 0 0 0 0 0 0 23.452 49.525 23.134 22.893 63.671 20.15 54.617 23.333 20.01 46.305 63.075 18.742 20.666 18.742 15.262 265.44 21.866 65.308 19.468 14.542 20.261 35.593 43.952 44.784 23.235 37.848 18.297 22.8 20.15 45.336 14.451 18.257 51.353
0 0 0 0 0 0 0 0 35.172 28.069 16.953 49.765 23.725 56.441 24.889 22.339 32.9 52.278 28.11 20.806 20.219 21.744 246.41 19.379 52.209 20.461 31.989 21.872 23.725 32.174 34.118 14.325 44.803 19.737 25.393 21.151 38.276 20.847 21.185 57.222
0 0 0 0 0 0 0 0 0 36.195 41.752 38.931 36.353 68.53 47.831 42.004 20.017 21.682 36.375 36.371 36.221 36.3 224.27 27.801 41.742 34.752 36.391 41.14 21.672 21.405 9.9442 36.328 72.074 34.672 31.539 35.916 47.237 36.589 36.197 83.925
0 0 0 0 0 0 0 0 0 0 19.921 53.209 32.173 65.636 31.557 21.737 33.971 47.397 28.913 21.528 20.178 29.295 248.04 19.908 55.466 20.598 32.076 21.737 26.111 36.766 29.175 14.71 38.067 27.002 25.881 25.787 44.946 20.418 20.441 51.391
0 0 0 0 0 0 0 0 0 0 0 57.431 24.036 57.622 24.115 21.513 38.02 57.009 28.363 20.5 19.708 20.967 261.79 19.995 55.993 20.5 32.652 22.951 28.231 37.474 38.411 12.327 38.171 19.737 25.494 18.237 44.742 20.328 20.159 51.484
0 0 0 0 0 0 0 0 0 0 0 0 52.714 74.724 60.015 57.414 37.621 37.493 53.064 53.058 45.901 52.757 208.33 43.857 35.865 46.578 51.099 56.952 31.968 37.608 39.535 53.099 71.321 46.459 47.618 45.762 59.818 52.852 52.954 85.391
0 0 0 0 0 0 0 0 0 0 0 0 0 34.507 15.896 33.953 33.544 47.878 19.28 20.31 23.378 16.724 256.2 20.121 54.976 23.489 24.145 23.926 26.254 36.057 36.576 24.124 40.558 26.278 20.15 31.729 44.964 24.254 23.249 51.416
0 0 0 0 0 0 0 0 0 0 0 0 0 0 35.2 68.459 57.619 78.752 53.507 47.028 57.841 50.868 275.83 54.445 76.97 57.952 58.022 57.733 55.662 57.664 70.714 57.78 57.669 60.002 53.105 56.014 63.624 57.812 57.063 53.811
0 0 0 0 0 0 0 0 0 0 0 0 0 0 0 38.171 45.395 59.728 20.121 24.004 23.979 23.463 268.04 23.81 64.651 23.22 22.925 37.006 33.75 43.149 41.109 24.311 32.839 25.192 22.593 36.308 48.01 23.284 23.515 47.053
0 0 0 0 0 0 0 0 0 0 0 0 0 0 0 0 38.181 57.281 21.464 22.783 19.725 23.758 263.46 20.454 55.872 21.727 21.244 11.609 28.533 37.915 38.625 24.385 38.492 34.391 27.831 32.399 45.118 20.595 20.996 51.371
0 0 0 0 0 0 0 0 0 0 0 0 0 0 0 0 0 31.18 33.976 33.266 34.008 34.066 227.64 24.764 37.424 32.029 33.398 37.462 15.467 10.353 23.48 33.898 70.105 32.491 26.629 34.287 44.374 33.774 33.3 82.316
0 0 0 0 0 0 0 0 0 0 0 0 0 0 0 0 0 0 47.201 47.197 47.175 51.751 210.2 42.55 39.029 46.31 49.525 56.692 35.268 21.966 23.425 47.647 80.07 46.712 49.34 47.338 59.931 50.621 47.283 91.26
0 0 0 0 0 0 0 0 0 0 0 0 0 0 0 0 0 0 0 12.38 18.467 17.69 253.38 20.319 55.527 12.454 14.742 21.987 27.326 36.568 28.778 28.404 38.663 14.229 14.016 20.558 44.639 11.728 12.815 51.45
0 0 0 0 0 0 0 0 0 0 0 0 0 0 0 0 0 0 0 0 19.456 21.854 251.22 20.141 55.106 13.17 17.232 18.459 26.198 35.956 29.06 22.379 38.443 17.505 14.539 17.845 44.787 13.822 12.614 51.371
0 0 0 0 0 0 0 0 0 0 0 0 0 0 0 0 0 0 0 0 0 17.956 253.31 14.034 54.379 15.899 15.535 18.727 21.965 33.899 28.806 21.46 45.941 16.557 12.017 17.304 28.926 18.719 18.926 61.073
0 0 0 0 0 0 0 0 0 0 0 0 0 0 0 0 0 0 0 0 0 0 258.79 20.007 54.723 20.923 19.397 19.234 26.81 36.078 33.558 22.379 38.464 17.8 14.345 26.221 44.578 16.372 18.959 51.664
0 0 0 0 0 0 0 0 0 0 0 0 0 0 0 0 0 0 0 0 0 0 0 250.19 208.27 251.71 258.84 263.19 238.22 229.76 228.63 255.77 263.15 254.04 250.69 251.09 245.11 259.27 255.51 269.56
0 0 0 0 0 0 0 0 0 0 0 0 0 0 0 0 0 0 0 0 0 0 0 0 43.442 17.79 18.244 20.924 14.439 22.752 23.773 20.186 55.015 15.885 13.924 18.182 26.889 19.684 20.558 68.227
0 0 0 0 0 0 0 0 0 0 0 0 0 0 0 0 0 0 0 0 0 0 0 0 0 52.99 54.633 55.849 35.528 37.198 42.282 55.078 92.279 51.479 42.914 54.886 63.701 55.24 55.034 104.33
0 0 0 0 0 0 0 0 0 0 0 0 0 0 0 0 0 0 0 0 0 0 0 0 0 0 16.899 23.56 21.843 33.755 27.693 20.732 42.229 13.064 14.708 16.549 38.996 15.615 12.877 56.395
0 0 0 0 0 0 0 0 0 0 0 0 0 0 0 0 0 0 0 0 0 0 0 0 0 0 0 22.728 22.08 35.399 32.539 32.263 40.993 15.821 13.608 16.482 37.937 14.496 14.703 55.845
0 0 0 0 0 0 0 0 0 0 0 0 0 0 0 0 0 0 0 0 0 0 0 0 0 0 0 0 27.519 37.025 38.691 23.235 38.046 33.096 28.335 34.065 44.974 22.543 22.2 51.353
0 0 0 0 0 0 0 0 0 0 0 0 0 0 0 0 0 0 0 0 0 0 0 0 0 0 0 0 0 17.168 23.535 27.255 57.542 23.717 18.937 22.229 33.317 26.104 26.758 70.773
0 0 0 0 0 0 0 0 0 0 0 0 0 0 0 0 0 0 0 0 0 0 0 0 0 0 0 0 0 0 21.999 35.869 72.915 30.085 29.395 35.15 41.36 35.783 35.988 85.035
0 0 0 0 0 0 0 0 0 0 0 0 0 0 0 0 0 0 0 0 0 0 0 0 0 0 0 0 0 0 0 29.518 65.933 30.841 30.564 29.723 41.538 32.417 29.037 78.409
0 0 0 0 0 0 0 0 0 0 0 0 0 0 0 0 0 0 0 0 0 0 0 0 0 0 0 0 0 0 0 0 38 23.267 25.747 20.542 45.454 22.737 21.867 51.786
0 0 0 0 0 0 0 0 0 0 0 0 0 0 0 0 0 0 0 0 0 0 0 0 0 0 0 0 0 0 0 0 0 48.912 50.093 43.25 66.253 38.179 38.518 16.356
0 0 0 0 0 0 0 0 0 0 0 0 0 0 0 0 0 0 0 0 0 0 0 0 0 0 0 0 0 0 0 0 0 0 13.5 14.608 33.141 15.281 14.857 62.547
0 0 0 0 0 0 0 0 0 0 0 0 0 0 0 0 0 0 0 0 0 0 0 0 0 0 0 0 0 0 0 0 0 0 0 19.701 33.055 13.057 13.279 63.208
0 0 0 0 0 0 0 0 0 0 0 0 0 0 0 0 0 0 0 0 0 0 0 0 0 0 0 0 0 0 0 0 0 0 0 0 37.551 16.372 16.835 57.273
0 0 0 0 0 0 0 0 0 0 0 0 0 0 0 0 0 0 0 0 0 0 0 0 0 0 0 0 0 0 0 0 0 0 0 0 0 44.595 44.992 74.185
0 0 0 0 0 0 0 0 0 0 0 0 0 0 0 0 0 0 0 0 0 0 0 0 0 0 0 0 0 0 0 0 0 0 0 0 0 0 13.685 51.351
0 0 0 0 0 0 0 0 0 0 0 0 0 0 0 0 0 0 0 0 0 0 0 0 0 0 0 0 0 0 0 0 0 0 0 0 0 0 0 51.506
0 0 0 0 0 0 0 0 0 0 0 0 0 0 0 0 0 0 0 0 0 0 0 0 0 0 0 0 0 0 0 0 0 0 0 0 0 0 0 0
