0 21.775 13.428 13.429 15.035 17.888 19.62 19.57 19.199 21.031 22.042 20.786 15.253 13.309 16.346 14.197 18.201 14.39 16.741 22.182 22.617 20.724 14.088 15.298 20.615 13.203 12.88
0 0 21.135 12.765 13.515 22.123 28.408 22.067 21.768 34.003 32.78 20.911 16.519 22.985 18.827 29.96 19.787 14.691 21.688 20.335 26.509 22.346 23 19.711 22.925 18.423 17.582
0 0 0 16.024 15.968 14.587 25.099 25.388 25.203 14.06 15.754 25.086 14.195 16.168 18.396 14.251 19.374 16.333 13.895 23.107 26.048 25.454 15.649 14.081 26.147 13.187 13.883
0 0 0 0 15.055 18.423 21.872 20.598 20.53 26.335 28.901 14.748 11.728 15.275 23.268 18.015 24.586 14.242 17.729 14.501 31.424 21.494 23.817 17.02 22.117 13.337 14.06
0 0 0 0 0 19.453 21.595 21.737 21.276 23.426 28.701 16.153 13.854 13.484 19.569 20.454 22.114 14.784 14.342 16.798 26.639 23.235 25.311 19.382 23.533 13.173 12.932
0 0 0 0 0 0 23.452 23.134 22.893 20.15 23.333 20.01 18.742 20.666 18.742 15.262 21.866 19.468 14.542 20.261 35.593 23.235 18.297 22.8 20.15 14.451 18.257
0 0 0 0 0 0 0 28.069 16.953 23.725 24.889 22.339 28.11 20.806 20.219 21.744 19.379 20.461 31.989 21.872 23.725 14.325 19.737 25.393 21.151 20.847 21.185
0 0 0 0 0 0 0 0 19.921 32.173 31.557 21.737 28.913 21.528 20.178 29.295 19.908 20.598 32.076 21.737 26.111 14.71 27.002 25.881 25.787 20.418 20.441
0 0 0 0 0 0 0 0 0 24.036 24.115 21.513 28.363 20.5 19.708 20.967 19.995 20.5 32.652 22.951 28.231 12.327 19.737 25.494 18.237 20.328 20.159
0 0 0 0 0 0 0 0 0 0 15.896 33.953 19.28 20.31 23.378 16.724 20.121 23.489 24.145 23.926 26.254 24.124 26.278 20.15 31.729 24.254 23.249
0 0 0 0 0 0 0 0 0 0 0 38.171 20.121 24.004 23.979 23.463 23.81 23.22 22.925 37.006 33.75 24.311 25.192 22.593 36.308 23.284 23.515
0 0 0 0 0 0 0 0 0 0 0 0 21.464 22.783 19.725 23.758 20.454 21.727 21.244 11.609 28.533 24.385 34.391 27.831 32.399 20.595 20.996
0 0 0 0 0 0 0 0 0 0 0 0 0 12.38 18.467 17.69 20.319 12.454 14.742 21.987 27.326 28.404 14.229 14.016 20.558 11.728 12.815
0 0 0 0 0 0 0 0 0 0 0 0 0 0 19.456 21.854 20.141 13.17 17.232 18.459 26.198 22.379 17.505 14.539 17.845 13.822 12.614
0 0 0 0 0 0 0 0 0 0 0 0 0 0 0 17.956 14.034 15.899 15.535 18.727 21.965 21.46 16.557 12.017 17.304 18.719 18.926
0 0 0 0 0 0 0 0 0 0 0 0 0 0 0 0 20.007 20.923 19.397 19.234 26.81 22.379 17.8 14.345 26.221 16.372 18.959
0 0 0 0 0 0 0 0 0 0 0 0 0 0 0 0 0 17.79 18.244 20.924 14.439 20.186 15.885 13.924 18.182 19.684 20.558
0 0 0 0 0 0 0 0 0 0 0 0 0 0 0 0 0 0 16.899 23.56 21.843 20.732 13.064 14.708 16.549 15.615 12.877
0 0 0 0 0 0 0 0 0 0 0 0 0 0 0 0 0 0 0 22.728 22.08 32.263 15.821 13.608 16.482 14.496 14.703
0 0 0 0 0 0 0 0 0 0 0 0 0 0 0 0 0 0 0 0 27.519 23.235 33.096 28.335 34.065 22.543 22.2
0 0 0 0 0 0 0 0 0 0 0 0 0 0 0 0 0 0 0 0 0 27.255 23.717 18.937 22.229 26.104 26.758
0 0 0 0 0 0 0 0 0 0 0 0 0 0 0 0 0 0 0 0 0 0 23.267 25.747 20.542 22.737 21.867
0 0 0 0 0 0 0 0 0 0 0 0 0 0 0 0 0 0 0 0 0 0 0 13.5 14.608 15.281 14.857
0 0 0 0 0 0 0 0 0 0 0 0 0 0 0 0 0 0 0 0 0 0 0 0 19.701 13.057 13.279
0 0 0 0 0 0 0 0 0 0 0 0 0 0 0 0 0 0 0 0 0 0 0 0 0 16.372 16.835
0 0 0 0 0 0 0 0 0 0 0 0 0 0 0 0 0 0 0 0 0 0 0 0 0 0 13.685
0 0 0 0 0 0 0 0 0 0 0 0 0 0 0 0 0 0 0 0 0 0 0 0 0 0 0
