1 1 49 35.041 -106.61 258 0 53 380 2014 7 1 3 3 16 2 80
1 1 49 35.09 -106.7 255 80 92 380 2014 7 1 3 5 6 2 80
1 1 49 35.088 -106.8 312 275 109 380 2014 7 1 3 6 6 2 80
1 1 49 35.083 -106.93 389 267 128 380 2014 7 1 3 7 6 2 80
1 1 49 35.079 -107.02 395 267 146 380 2014 7 1 3 8 6 2 80
1 1 49 35.073 -107.16 412 267 163 380 2014 7 1 3 9 15 2 80
1 1 49 35.065 -107.33 422 266 200 380 2014 7 1 3 10 6 2 68
1 1 49 35.057 -107.49 446 266 232 380 2014 7 1 3 11 6 2 68
1 1 49 35.05 -107.64 455 266 259 380 2014 7 1 3 12 6 2 68
1 1 49 35.042 -107.8 470 266 282 380 2014 7 1 3 13 16 2 68
1 1 49 35.034 -107.96 475 266 308 380 2014 7 1 3 14 6 2 88
1 1 49 35.026 -108.12 474 266 332 380 2014 7 1 3 15 6 2 88
1 1 49 35.016 -108.3 467 266 358 380 2014 7 1 3 16 6 2 88
1 1 49 35.007 -108.45 459 266 376 380 2014 7 1 3 17 6 2 104
1 1 49 34.999 -108.6 456 266 380 380 2014 7 1 3 18 6 2 104
1 1 49 34.989 -108.77 455 266 380 380 2014 7 1 3 19 6 2 104
1 1 49 34.98 -108.92 454 266 380 380 2014 7 1 3 20 6 2 104
1 1 49 34.97 -109.09 452 265 380 380 2014 7 1 3 21 6 2 104
1 1 49 34.961 -109.24 452 265 380 380 2014 7 1 3 22 6 2 104
1 1 49 34.951 -109.38 452 265 380 380 2014 7 1 3 23 6 2 104
1 1 49 34.939 -109.55 451 265 380 380 2014 7 1 3 24 6 2 104
1 1 49 34.929 -109.7 451 265 380 380 2014 7 1 3 25 6 2 104
1 1 49 34.917 -109.87 450 265 380 380 2014 7 1 3 26 6 2 104
1 1 49 34.907 -110.01 449 264 380 380 2014 7 1 3 27 6 2 104
1 1 49 34.903 -110.04 449 265 380 380 2014 7 1 3 28 6 2 104
1 1 49 34.893 -110.19 449 264 380 380 2014 7 1 3 29 6 2 104
1 1 49 34.878 -110.38 448 264 380 380 2014 7 1 3 30 6 2 101
1 1 49 34.867 -110.52 448 264 380 380 2014 7 1 3 31 6 2 101
1 1 49 34.848 -110.79 445 265 380 380 2014 7 1 3 32 6 2 101
1 1 49 34.836 -110.94 443 264 380 380 2014 7 1 3 33 6 2 101
1 1 49 34.832 -110.97 440 264 380 380 2014 7 1 3 34 6 2 101
1 1 49 34.822 -111.12 440 264 380 380 2014 7 1 3 35 6 2 101
1 1 49 34.807 -111.29 440 264 380 380 2014 7 1 3 36 16 2 101
1 1 49 34.795 -111.44 440 264 380 380 2014 7 1 3 37 6 2 101
1 1 49 34.778 -111.59 440 263 380 380 2014 7 1 3 38 6 2 101
1 1 49 34.758 -111.72 440 259 380 380 2014 7 1 3 39 15 2 101
1 1 49 34.728 -111.9 440 258 380 380 2014 7 1 3 40 6 2 101
1 1 49 34.703 -112.04 439 258 380 380 2014 7 1 3 41 6 2 101
1 1 49 34.678 -112.19 439 258 380 380 2014 7 1 3 42 6 2 89
1 1 49 34.653 -112.33 439 258 380 380 2014 7 1 3 43 6 2 89
1 1 49 34.627 -112.48 439 258 380 380 2014 7 1 3 44 6 2 89
1 1 49 34.602 -112.62 440 258 380 380 2014 7 1 3 45 6 2 89
1 1 49 34.577 -112.77 440 257 380 380 2014 7 1 3 46 6 2 89
1 1 49 34.551 -112.91 439 257 380 380 2014 7 1 3 47 6 2 89
1 1 49 34.52 -113.09 440 257 380 380 2014 7 1 3 48 16 2 89
1 1 49 34.504 -113.17 440 257 380 380 2014 7 1 3 49 6 2 89
1 1 49 34.468 -113.38 440 257 380 380 2014 7 1 3 50 6 2 89
1 1 49 34.441 -113.52 440 257 380 380 2014 7 1 3 51 6 2 89
1 1 49 34.414 -113.67 441 257 380 380 2014 7 1 3 52 6 2 89
1 1 49 34.388 -113.81 441 257 380 380 2014 7 1 3 53 6 2 89
1 1 49 34.356 -113.98 441 257 380 380 2014 7 1 3 54 6 2 89
1 1 49 34.329 -114.12 441 257 380 380 2014 7 1 3 55 15 1 42
1 1 49 34.309 -114.23 440 257 380 380 2014 7 1 3 56 6 1 42
1 1 49 34.281 -114.38 443 257 366 380 2014 7 1 3 57 6 1 42
1 1 49 34.252 -114.53 461 257 347 380 2014 7 1 3 58 6 1 42
1 1 49 34.246 -114.56 462 257 344 380 2014 7 1 3 59 6 1 42
1 1 49 34.216 -114.72 468 257 330 380 2014 7 1 4 0 6 1 42
1 1 49 34.186 -114.87 470 256 317 380 2014 7 1 4 1 6 1 42
1 1 49 34.149 -115.06 480 256 300 380 2014 7 1 4 2 16 1 42
1 1 49 34.118 -115.22 482 256 300 380 2014 7 1 4 3 6 1 42
1 1 49 34.087 -115.37 471 256 299 380 2014 7 1 4 4 6 1 42
1 1 49 34.058 -115.51 440 256 300 380 2014 7 1 4 5 6 1 42
1 1 49 34.03 -115.66 438 256 300 380 2014 7 1 4 6 6 1 42
1 1 49 34.001 -115.8 437 256 300 380 2014 7 1 4 7 15 1 42
1 1 49 33.972 -115.94 438 256 300 380 2014 7 1 4 8 16 1 42
1 1 49 33.937 -116.11 437 256 293 380 2014 7 1 4 9 6 1 41
1 1 49 33.909 -116.24 423 256 262 380 2014 7 1 4 10 6 1 41
1 1 49 33.881 -116.38 418 256 240 380 2014 7 1 4 11 6 1 41
1 1 49 33.874 -116.51 393 256 224 380 2014 7 1 4 12 6 1 20
1 1 49 33.88 -116.64 389 270 202 380 2014 7 1 4 13 6 1 20
1 1 49 33.886 -116.76 378 273 168 380 2014 7 1 4 14 6 1 20
1 1 49 33.907 -116.91 394 275 125 380 2014 7 1 4 15 6 1 6
1 1 49 33.948 -117.03 372 297 105 380 2014 7 1 4 16 6 1 6
1 1 49 33.979 -117.12 313 291 86 380 2014 7 1 4 17 6 1 6
1 1 49 34.008 -117.21 290 283 63 380 2014 7 1 4 18 6 1 6
1 1 49 34.035 -117.3 282 291 49 380 2014 7 1 4 19 6 1 6
1 1 49 34.05 -117.38 240 289 41 380 2014 7 1 4 20 16 1 6
1 1 49 34.056 -117.46 242 262 29 380 2014 7 1 4 21 6 1 6
1 1 49 34.056 -117.52 204 270 20 380 2014 7 1 4 22 6 1 6
1 1 49 34.056 -117.57 154 270 11 380 2014 7 1 4 23 15 1 6
1 1 49 34.057 -117.61 149 270 9 380 2014 7 1 4 24 6 1 6
2 1 49 35.074 -106.61 232 212 76 380 2014 7 3 2 9 6 2 80
2 1 49 35.084 -106.67 241 4 98 380 2014 7 3 2 10 6 2 80
2 1 49 35.077 -106.77 298 317 117 380 2014 7 3 2 11 6 2 80
2 1 49 35.068 -106.9 353 271 161 380 2014 7 3 2 12 6 2 80
2 1 49 35.057 -107.03 392 265 197 380 2014 7 3 2 13 15 2 80
2 1 49 35.045 -107.17 417 264 235 380 2014 7 3 2 14 6 2 68
2 1 49 35.036 -107.33 438 265 270 380 2014 7 3 2 15 16 2 68
2 1 49 35.029 -107.48 444 265 294 380 2014 7 3 2 16 6 2 100
2 1 49 35.017 -107.62 448 266 321 380 2014 7 3 2 17 6 2 100
2 1 49 35.005 -107.77 444 265 353 380 2014 7 3 2 18 15 2 100
2 1 49 34.994 -107.92 435 264 378 380 2014 7 3 2 19 6 2 104
2 1 49 34.983 -108.06 437 264 380 380 2014 7 3 2 20 6 2 104
2 1 49 34.97 -108.22 439 264 380 380 2014 7 3 2 21 6 2 104
2 1 49 34.958 -108.37 439 264 380 380 2014 7 3 2 22 16 2 104
2 1 49 34.956 -108.39 441 264 380 380 2014 7 3 2 23 15 2 104
2 1 49 34.944 -108.53 442 264 380 380 2014 7 3 2 24 6 2 104
2 1 49 34.918 -108.84 444 264 380 380 2014 7 3 2 25 16 2 104
2 1 49 34.918 -108.84 444 264 380 380 2014 7 3 2 26 6 2 104
2 1 49 34.905 -108.99 445 264 380 380 2014 7 3 2 27 6 2 104
2 1 49 34.89 -109.15 447 264 380 380 2014 7 3 2 28 6 2 104
2 1 49 34.877 -109.3 448 263 380 380 2014 7 3 2 29 16 2 104
2 1 49 34.851 -109.58 454 263 380 380 2014 7 3 2 30 16 2 104
2 1 49 34.836 -109.73 454 263 380 380 2014 7 3 2 31 6 2 104
2 1 49 34.818 -109.93 451 263 380 380 2014 7 3 2 32 16 2 104
2 1 49 34.804 -110.08 452 263 380 380 2014 7 3 2 33 15 2 104
2 1 49 34.792 -110.18 454 262 380 380 2014 7 3 2 34 6 2 104
2 1 49 34.778 -110.33 454 263 380 380 2014 7 3 2 35 16 2 105
2 1 49 34.759 -110.52 454 263 380 380 2014 7 3 2 36 6 2 101
2 1 49 34.758 -110.54 453 262 380 380 2014 7 3 2 37 6 2 101
2 1 49 34.743 -110.68 453 263 380 380 2014 7 3 2 38 15 2 101
2 1 49 34.726 -110.85 453 262 380 380 2014 7 3 2 39 15 2 101
2 1 49 34.711 -111 453 263 380 380 2014 7 3 2 40 6 2 101
2 1 49 34.698 -111.12 453 263 380 380 2014 7 3 2 41 6 2 101
2 1 49 34.682 -111.27 452 262 380 380 2014 7 3 2 42 6 2 101
2 1 49 34.662 -111.45 451 262 380 380 2014 7 3 2 43 16 2 101
2 1 49 34.646 -111.6 451 262 380 380 2014 7 3 2 44 16 2 101
2 1 49 34.629 -111.75 450 262 380 380 2014 7 3 2 45 16 2 101
2 1 49 34.609 -111.93 450 262 380 380 2014 7 3 2 46 15 2 89
2 1 49 34.593 -112.08 450 262 380 380 2014 7 3 2 47 6 2 89
2 1 49 34.575 -112.23 450 262 380 380 2014 7 3 2 48 15 2 89
2 1 49 34.56 -112.36 450 262 380 380 2014 7 3 2 49 15 2 89
2 1 49 34.538 -112.54 451 261 380 380 2014 7 3 2 50 6 2 89
2 1 49 34.52 -112.69 451 261 380 380 2014 7 3 2 51 6 2 89
2 1 49 34.502 -112.84 452 261 380 380 2014 7 3 2 52 6 2 89
2 1 49 34.484 -113 452 261 380 380 2014 7 3 2 53 15 2 89
2 1 49 34.465 -113.15 452 261 380 380 2014 7 3 2 54 6 2 89
2 1 49 34.447 -113.3 451 261 380 380 2014 7 3 2 55 6 2 89
2 1 49 34.428 -113.45 450 261 380 380 2014 7 3 2 56 15 2 89
2 1 49 34.409 -113.6 449 261 380 380 2014 7 3 2 57 6 2 89
2 1 49 34.388 -113.74 448 260 380 380 2014 7 3 2 58 16 2 89
2 1 49 34.362 -113.92 448 259 380 380 2014 7 3 2 59 7 2 89
2 1 49 34.34 -114.07 447 259 380 360 2014 7 3 3 0 16 1 42
2 1 49 34.318 -114.22 447 259 371 360 2014 7 3 3 1 6 1 42
2 1 49 34.295 -114.36 448 259 360 360 2014 7 3 3 2 6 1 42
2 1 49 34.272 -114.52 447 259 360 360 2014 7 3 3 3 6 1 42
2 1 49 34.249 -114.66 448 259 349 360 2014 7 3 3 4 6 1 42
2 1 49 34.226 -114.81 451 259 338 360 2014 7 3 3 5 6 1 42
2 1 49 34.202 -114.96 456 259 325 360 2014 7 3 3 6 6 1 42
2 1 49 34.178 -115.12 461 259 312 360 2014 7 3 3 7 6 1 42
2 1 49 34.148 -115.3 470 259 300 360 2014 7 3 3 8 16 1 42
2 1 49 34.123 -115.46 472 259 294 360 2014 7 3 3 9 16 1 42
2 1 49 34.098 -115.61 472 258 294 360 2014 7 3 3 10 16 1 42
2 1 49 34.098 -115.61 471 259 289 360 2014 7 3 3 11 6 1 42
2 1 49 34.047 -115.92 472 258 280 360 2014 7 3 3 12 16 1 42
2 1 49 34.022 -116.07 467 258 275 360 2014 7 3 3 13 15 1 42
2 1 49 33.997 -116.22 447 258 252 360 2014 7 3 3 14 16 1 42
2 1 49 33.997 -116.22 447 258 252 360 2014 7 3 3 15 6 1 42
2 1 49 33.967 -116.45 417 258 209 360 2014 7 3 3 16 6 1 20
2 1 49 33.933 -116.57 414 258 187 360 2014 7 3 3 17 15 1 20
2 1 49 33.917 -116.7 406 258 164 360 2014 7 3 3 18 15 1 20
2 1 49 33.9 -116.82 394 258 146 360 2014 7 3 3 19 6 1 20
2 1 49 33.9 -116.95 333 266 140 360 2014 7 3 3 20 6 1 20
2 1 49 33.9 -117.05 314 273 120 360 2014 7 3 3 21 6 1 6
2 1 49 33.933 -117.15 296 278 96 360 2014 7 3 3 22 16 1 6
2 1 49 34 -117.18 283 323 75 360 2014 7 3 3 23 6 1 6
2 1 49 34.045 -117.2 263 349 75 360 2014 7 3 3 24 15 1 6
2 1 49 34.05 -117.27 192 278 62 360 2014 7 3 3 25 16 1 6
2 1 49 34.05 -117.33 195 266 48 360 2014 7 3 3 26 16 1 6
2 1 49 34.05 -117.4 186 272 37 360 2014 7 3 3 27 6 1 6
2 1 49 34.056 -117.46 191 264 27 360 2014 7 3 3 28 6 1 6
2 1 49 34.055 -117.51 167 270 20 360 2014 7 3 3 29 6 1 6
2 1 49 34.056 -117.55 134 270 14 360 2014 7 3 3 30 6 1 6
