1 1 66 35.026 -106.56 186 83 72 380 2014 7 1 11 44 6 2 80
1 1 66 34.986 -106.59 243 108 89 380 2014 7 1 11 45 15 2 80
1 1 66 35.002 -106.7 292 236 107 380 2014 7 1 11 46 6 2 80
1 1 66 35.025 -106.8 331 285 122 380 2014 7 1 11 47 15 2 80
1 1 66 35.032 -106.83 325 284 126 380 2014 7 1 11 48 6 2 80
1 1 66 35.061 -106.96 356 285 142 380 2014 7 1 11 49 6 2 80
1 1 66 35.089 -107.08 381 285 152 380 2014 7 1 11 50 15 2 80
1 1 66 35.119 -107.21 393 285 172 380 2014 7 1 11 51 15 2 80
1 1 66 35.148 -107.35 393 285 192 380 2014 7 1 11 52 6 2 68
1 1 66 35.178 -107.47 393 285 211 380 2014 7 1 11 53 6 2 68
1 1 66 35.206 -107.61 396 285 233 380 2014 7 1 11 54 15 2 68
1 1 66 35.234 -107.74 396 284 249 380 2014 7 1 11 55 6 2 68
1 1 66 35.262 -107.87 404 284 263 380 2014 7 1 11 56 7 2 68
1 1 66 35.291 -107.99 405 285 278 380 2014 7 1 11 57 6 2 68
1 1 66 35.324 -108.15 408 285 295 380 2014 7 1 11 58 15 2 88
1 1 66 35.351 -108.28 409 285 309 380 2014 7 1 11 59 7 2 88
1 1 66 35.378 -108.41 409 284 323 380 2014 7 1 12 0 15 2 88
1 1 66 35.412 -108.55 403 284 340 380 2014 7 1 12 1 6 2 88
1 1 66 35.438 -108.68 395 285 355 380 2014 7 1 12 2 15 2 88
1 1 66 35.463 -108.8 391 285 366 380 2014 7 1 12 3 6 2 88
1 1 66 35.478 -108.93 390 284 373 380 2014 7 1 12 4 6 2 104
1 1 66 35.486 -109.08 391 281 380 380 2014 7 1 12 5 15 2 104
1 1 66 35.493 -109.21 400 275 380 380 2014 7 1 12 6 6 2 104
1 1 66 35.5 -109.35 420 273 380 380 2014 7 1 12 7 6 2 104
1 1 66 35.506 -109.49 426 273 380 380 2014 7 1 12 8 6 2 104
1 1 66 35.513 -109.66 427 273 380 380 2014 7 1 12 9 6 2 104
1 1 66 35.518 -109.79 434 273 380 380 2014 7 1 12 10 6 2 101
1 1 66 35.524 -109.94 431 272 380 380 2014 7 1 12 11 6 2 101
1 1 66 35.532 -110.12 436 273 380 380 2014 7 1 12 12 16 2 101
1 1 66 35.539 -110.27 436 272 380 380 2014 7 1 12 13 16 2 101
1 1 66 35.543 -110.42 437 272 380 380 2014 7 1 12 14 6 2 101
1 1 66 35.549 -110.57 435 273 380 380 2014 7 1 12 15 6 2 101
1 1 66 35.554 -110.72 437 272 380 380 2014 7 1 12 16 10 2 101
1 1 66 35.559 -110.86 436 272 380 380 2014 7 1 12 17 16 2 101
1 1 66 35.564 -111.01 436 272 380 380 2014 7 1 12 18 6 2 101
1 1 66 35.568 -111.16 438 272 380 380 2014 7 1 12 19 6 2 101
1 1 66 35.571 -111.3 437 272 380 380 2014 7 1 12 20 15 2 101
1 1 66 35.578 -111.46 438 271 380 380 2014 7 1 12 21 6 2 101
1 1 66 35.582 -111.61 438 272 380 380 2014 7 1 12 22 6 2 101
1 1 66 35.585 -111.76 438 271 380 380 2014 7 1 12 23 16 2 101
1 1 66 35.607 -111.91 438 278 380 380 2014 7 1 12 24 16 2 45
1 1 66 35.628 -112.05 438 279 380 380 2014 7 1 12 25 6 1 45
1 1 66 35.648 -112.2 438 279 380 380 2014 7 1 12 26 6 1 45
1 1 66 35.669 -112.34 438 280 380 380 2014 7 1 12 27 16 1 45
1 1 66 35.689 -112.49 436 279 380 380 2014 7 1 12 28 15 1 45
1 1 66 35.709 -112.64 436 279 380 380 2014 7 1 12 29 16 1 45
1 1 66 35.731 -112.78 435 280 380 380 2014 7 1 12 30 16 1 45
1 1 66 35.751 -112.92 435 279 380 380 2014 7 1 12 31 6 1 45
1 1 66 35.769 -113.07 434 279 380 380 2014 7 1 12 32 6 1 45
1 1 66 35.789 -113.22 435 278 380 380 2014 7 1 12 33 16 1 45
1 1 66 35.808 -113.36 435 279 380 380 2014 7 1 12 34 6 1 45
1 1 66 35.83 -113.51 435 279 380 380 2014 7 1 12 35 15 1 45
1 1 66 35.87 -113.65 426 280 380 380 2014 7 1 12 36 10 1 45
1 1 66 35.916 -113.82 435 286 380 380 2014 7 1 12 37 15 1 45
1 1 66 35.959 -113.96 446 289 380 380 2014 7 1 12 38 16 1 45
1 1 66 35.998 -114.11 442 289 380 380 2014 7 1 12 39 6 1 47
1 1 66 36.036 -114.25 443 289 380 380 2014 7 1 12 40 16 1 47
1 1 66 36.075 -114.39 442 288 380 380 2014 7 1 12 41 6 1 47
1 1 66 36.113 -114.54 443 288 380 380 2014 7 1 12 42 16 1 47
1 1 66 36.152 -114.68 442 288 380 380 2014 7 1 12 43 6 1 47
1 1 66 36.189 -114.83 442 288 380 380 2014 7 1 12 44 6 1 47
1 1 66 36.228 -114.97 442 288 380 380 2014 7 1 12 45 6 1 47
1 1 66 36.266 -115.11 443 288 380 380 2014 7 1 12 46 6 1 47
1 1 66 36.304 -115.26 441 288 380 380 2014 7 1 12 47 16 1 47
1 1 66 36.342 -115.4 441 288 380 380 2014 7 1 12 48 6 1 47
1 1 66 36.38 -115.54 441 288 380 380 2014 7 1 12 49 15 1 56
1 1 66 36.416 -115.69 455 288 380 380 2014 7 1 12 50 6 1 56
1 1 66 36.45 -115.83 436 288 380 380 2014 7 1 12 51 6 1 56
1 1 66 36.488 -115.97 438 287 380 380 2014 7 1 12 52 16 1 56
1 1 66 36.525 -116.12 442 287 380 380 2014 7 1 12 53 16 1 56
1 1 66 36.562 -116.27 438 287 380 380 2014 7 1 12 54 6 1 56
1 1 66 36.598 -116.42 444 287 380 380 2014 7 1 12 55 6 1 56
1 1 66 36.635 -116.56 444 287 380 380 2014 7 1 12 56 6 1 56
1 1 66 36.67 -116.71 444 286 380 380 2014 7 1 12 57 16 1 56
1 1 66 36.707 -116.85 443 287 380 380 2014 7 1 12 58 16 1 56
1 1 66 36.744 -117 442 286 380 380 2014 7 1 12 59 6 1 56
1 1 66 36.779 -117.15 441 287 380 380 2014 7 1 13 0 16 1 34
1 1 66 36.813 -117.29 441 286 380 380 2014 7 1 13 1 14 1 34
1 1 66 36.849 -117.44 440 287 380 380 2014 7 1 13 2 16 1 34
1 1 66 36.883 -117.58 440 286 380 380 2014 7 1 13 3 16 1 34
1 1 66 36.918 -117.73 440 286 380 380 2014 7 1 13 4 6 1 34
1 1 66 36.952 -117.88 440 286 380 380 2014 7 1 13 5 15 1 34
1 1 66 36.986 -118.02 440 286 380 380 2014 7 1 13 6 8 1 34
1 1 66 37.022 -118.17 443 286 380 380 2014 7 1 13 7 6 1 34
1 1 66 37.064 -118.35 443 286 380 380 2014 7 1 13 8 6 1 34
1 1 66 37.097 -118.5 443 285 380 380 2014 7 1 13 9 16 1 34
1 1 66 37.13 -118.65 442 286 380 380 2014 7 1 13 10 6 4 187
1 1 66 37.159 -118.78 441 285 380 380 2014 7 1 13 11 6 4 187
1 1 66 37.198 -118.94 442 286 380 380 2014 7 1 13 12 15 4 187
1 1 66 37.232 -119.09 443 285 380 380 2014 7 1 13 13 6 4 187
1 1 66 37.259 -119.23 444 285 380 380 2014 7 1 13 14 6 4 187
1 1 66 37.293 -119.38 445 285 380 380 2014 7 1 13 15 6 4 187
1 1 66 37.324 -119.53 445 285 380 380 2014 7 1 13 16 10 4 187
1 1 66 37.358 -119.68 446 285 380 380 2014 7 1 13 17 15 4 187
1 1 66 37.391 -119.83 447 285 380 380 2014 7 1 13 18 6 4 187
1 1 66 37.424 -119.98 447 285 380 380 2014 7 1 13 19 6 4 184
1 1 66 37.455 -120.13 447 285 360 380 2014 7 1 13 20 16 4 184
1 1 66 37.488 -120.28 448 285 334 380 2014 7 1 13 21 6 4 184
1 1 66 37.52 -120.44 453 284 309 380 2014 7 1 13 22 6 4 184
1 1 66 37.553 -120.59 453 284 284 380 2014 7 1 13 23 6 4 184
1 1 66 37.583 -120.75 454 287 256 380 2014 7 1 13 24 16 4 184
1 1 66 37.616 -120.9 455 284 228 380 2014 7 1 13 25 16 4 152
1 1 66 37.617 -121 437 284 209 380 2014 7 1 13 26 6 4 152
1 1 66 37.6 -121.17 416 270 177 380 2014 7 1 13 27 6 4 170
1 1 66 37.583 -121.34 399 259 146 380 2014 7 1 13 28 16 4 170
1 1 66 37.568 -121.47 388 270 123 380 2014 7 1 13 29 16 4 152
1 1 66 37.554 -121.6 376 261 110 380 2014 7 1 13 30 6 4 156
1 1 66 37.543 -121.71 309 259 104 380 2014 7 1 13 31 21 4 156
1 1 66 37.533 -121.8 286 258 88 380 2014 7 1 13 32 6 4 156
1 1 66 37.524 -121.9 276 270 72 380 2014 7 1 13 33 6 4 156
1 1 66 37.517 -121.92 269 263 67 380 2014 7 1 13 34 6 4 156
1 1 66 37.517 -122.02 238 262 50 380 2014 7 1 13 35 6 4 156
1 1 66 37.5 -122.1 190 262 40 380 2014 7 1 13 36 7 4 156
1 1 66 37.533 -122.15 188 281 36 380 2014 7 1 13 37 6 4 156
1 1 66 37.55 -122.22 184 297 26 380 2014 7 1 13 38 6 4 156
1 1 66 37.584 -122.29 168 305 13 380 2014 7 1 13 39 16 4 156
1 1 66 37.583 -122.3 141 299 11 380 2014 7 1 13 40 6 4 156
1 1 66 37.617 -122.35 131 297 3 380 2014 7 1 13 41 6 4 152
1 1 66 37.62 -122.37 140 310 2 380 2014 7 1 13 42 6 4 155
2 1 66 35.044 -106.58 173 0 60 320 2014 7 2 11 59 6 2 80
2 1 66 35.01 -106.54 202 90 79 320 2014 7 2 12 0 6 2 80
2 1 66 34.944 -106.55 233 135 101 320 2014 7 2 12 1 6 2 80
2 1 66 34.918 -106.62 249 172 122 320 2014 7 2 12 2 18 2 80
2 1 66 34.941 -106.7 250 214 144 320 2014 7 2 12 3 6 2 80
2 1 66 34.963 -106.78 257 268 163 320 2014 7 2 12 4 6 2 80
2 1 66 34.977 -106.88 270 288 178 320 2014 7 2 12 5 15 2 80
2 1 66 34.994 -106.98 299 283 187 320 2014 7 2 12 6 6 2 80
2 1 66 35.014 -107.09 319 281 198 320 2014 7 2 12 7 6 2 80
2 1 66 35.032 -107.2 339 281 206 320 2014 7 2 12 8 16 2 68
2 1 66 35.05 -107.32 352 281 214 320 2014 7 2 12 9 6 2 68
2 1 66 35.069 -107.44 363 280 225 320 2014 7 2 12 10 6 2 68
2 1 66 35.088 -107.57 376 280 235 320 2014 7 2 12 11 16 2 68
2 1 66 35.108 -107.69 377 280 245 320 2014 7 2 12 12 16 2 68
2 1 66 35.126 -107.81 376 281 253 320 2014 7 2 12 13 16 2 68
2 1 66 35.147 -107.95 376 280 261 320 2014 7 2 12 14 15 2 68
2 1 66 35.168 -108.07 382 280 268 320 2014 7 2 12 15 6 2 68
2 1 66 35.186 -108.2 385 281 274 320 2014 7 2 12 16 6 2 68
2 1 66 35.208 -108.35 389 280 280 320 2014 7 2 12 17 6 2 68
2 1 66 35.227 -108.47 393 280 284 320 2014 7 2 12 18 16 2 68
2 1 66 35.227 -108.47 393 280 284 320 2014 7 2 12 19 6 2 68
2 1 66 35.265 -108.73 398 280 294 320 2014 7 2 12 20 8 2 88
2 1 66 35.265 -108.73 398 280 294 320 2014 7 2 12 21 6 2 88
2 1 66 35.307 -109.01 405 280 304 320 2014 7 2 12 22 16 2 88
2 1 66 35.325 -109.15 406 280 309 320 2014 7 2 12 23 16 2 88
2 1 66 35.347 -109.3 407 280 315 320 2014 7 2 12 24 16 2 88
2 1 66 35.366 -109.43 408 279 320 320 2014 7 2 12 25 6 2 88
2 1 66 35.384 -109.57 410 279 320 320 2014 7 2 12 26 6 2 88
2 1 66 35.403 -109.7 410 279 320 320 2014 7 2 12 27 6 2 88
2 1 66 35.401 -109.7 411 279 320 320 2014 7 2 12 28 6 2 88
2 1 66 35.44 -110 427 279 320 340 2014 7 2 12 29 6 2 101
2 1 66 35.46 -110.14 431 278 325 340 2014 7 2 12 30 16 2 101
2 1 66 35.459 -110.14 426 279 325 340 2014 7 2 12 31 6 2 101
2 1 66 35.497 -110.42 417 279 335 340 2014 7 2 12 32 15 2 101
2 1 66 35.514 -110.56 415 279 340 340 2014 7 2 12 33 16 2 101
2 1 66 35.515 -110.56 414 278 340 340 2014 7 2 12 34 6 2 101
2 1 66 35.534 -110.72 414 279 340 340 2014 7 2 12 35 6 2 101
2 1 66 35.552 -110.85 414 278 340 340 2014 7 2 12 36 6 2 101
2 1 66 35.587 -111.12 423 278 340 340 2014 7 2 12 37 16 2 101
2 1 66 35.605 -111.27 429 279 340 360 2014 7 2 12 38 6 2 101
2 1 66 35.623 -111.41 429 278 345 360 2014 7 2 12 39 16 2 101
2 1 66 35.639 -111.55 423 278 350 360 2014 7 2 12 40 16 2 101
2 1 66 35.657 -111.69 412 278 355 360 2014 7 2 12 41 6 2 101
2 1 66 35.659 -111.72 410 279 356 360 2014 7 2 12 42 6 2 101
2 1 66 35.674 -111.84 402 278 359 360 2014 7 2 12 43 6 2 101
2 1 66 35.689 -111.96 398 278 360 360 2014 7 2 12 44 6 1 45
2 1 66 35.72 -112.22 396 278 360 360 2014 7 2 12 45 16 1 45
2 1 66 35.72 -112.22 396 278 360 360 2014 7 2 12 46 6 1 45
2 1 66 35.754 -112.51 394 278 360 360 2014 7 2 12 47 16 1 45
2 1 66 35.769 -112.64 392 278 360 360 2014 7 2 12 48 16 1 45
2 1 66 35.783 -112.78 391 278 360 360 2014 7 2 12 49 15 1 45
2 1 66 35.784 -112.78 392 277 360 360 2014 7 2 12 50 6 1 45
2 1 66 35.812 -113.03 388 278 360 360 2014 7 2 12 51 16 1 45
2 1 66 35.827 -113.17 388 277 360 360 2014 7 2 12 52 16 1 45
2 1 66 35.826 -113.17 387 277 360 360 2014 7 2 12 53 15 1 45
2 1 66 35.839 -113.3 387 277 360 360 2014 7 2 12 54 6 1 45
2 1 66 35.854 -113.43 387 277 360 360 2014 7 2 12 55 15 1 45
2 1 66 35.868 -113.56 389 277 360 360 2014 7 2 12 56 6 1 45
2 1 66 35.881 -113.7 389 277 360 360 2014 7 2 12 57 15 1 45
2 1 66 35.909 -113.96 390 276 360 360 2014 7 2 12 58 16 1 45
2 1 66 35.922 -114.09 390 277 360 360 2014 7 2 12 59 16 1 47
2 1 66 35.921 -114.09 388 277 360 360 2014 7 2 13 0 6 1 47
2 1 66 35.933 -114.22 382 277 360 360 2014 7 2 13 1 6 1 47
2 1 66 35.947 -114.35 382 276 360 360 2014 7 2 13 2 6 1 47
2 1 66 35.959 -114.48 382 288 360 360 2014 7 2 13 3 16 1 47
2 1 66 35.972 -114.61 382 276 360 360 2014 7 2 13 4 6 1 47
2 1 66 36.004 -114.73 382 276 360 360 2014 7 2 13 5 6 1 47
2 1 66 36.04 -114.86 382 282 360 360 2014 7 2 13 6 6 1 47
2 1 66 36.076 -114.98 382 288 360 360 2014 7 2 13 7 16 1 47
2 1 66 36.112 -115.11 382 289 360 360 2014 7 2 13 8 6 1 47
2 1 66 36.148 -115.23 382 289 360 360 2014 7 2 13 9 6 1 47
2 1 66 36.185 -115.36 386 289 360 360 2014 7 2 13 10 6 1 47
2 1 66 36.22 -115.48 384 289 360 360 2014 7 2 13 11 6 1 47
2 1 66 36.254 -115.62 396 289 360 360 2014 7 2 13 12 6 1 56
2 1 66 36.294 -115.75 395 288 360 360 2014 7 2 13 13 16 1 56
2 1 66 36.33 -115.87 391 289 360 360 2014 7 2 13 14 6 1 56
2 1 66 36.373 -116.02 387 290 360 360 2014 7 2 13 15 6 1 56
2 1 66 36.407 -116.14 387 289 360 360 2014 7 2 13 16 6 1 56
2 1 66 36.439 -116.26 385 289 360 360 2014 7 2 13 17 15 1 56
2 1 66 36.474 -116.38 385 289 360 360 2014 7 2 13 18 15 1 56
2 1 66 36.508 -116.51 381 288 360 360 2014 7 2 13 19 15 1 56
2 1 66 36.545 -116.64 382 289 360 360 2014 7 2 13 20 6 1 56
2 1 66 36.58 -116.77 382 288 360 360 2014 7 2 13 21 6 1 56
2 1 66 36.61 -116.88 382 289 360 360 2014 7 2 13 22 6 1 56
2 1 66 36.644 -117 382 288 360 360 2014 7 2 13 23 6 1 56
2 1 66 36.677 -117.13 382 288 360 360 2014 7 2 13 24 6 1 34
2 1 66 36.718 -117.28 382 288 360 360 2014 7 2 13 25 6 1 34
2 1 66 36.751 -117.4 380 288 360 360 2014 7 2 13 26 6 1 34
2 1 66 36.784 -117.53 380 288 360 360 2014 7 2 13 27 6 1 34
2 1 66 36.814 -117.64 379 288 360 360 2014 7 2 13 28 16 1 34
2 1 66 36.847 -117.77 379 288 360 360 2014 7 2 13 29 6 1 34
2 1 66 36.872 -117.87 377 288 360 360 2014 7 2 13 30 6 1 34
2 1 66 36.913 -118.02 380 287 360 360 2014 7 2 13 31 6 1 34
2 1 66 36.944 -118.15 379 287 360 360 2014 7 2 13 32 16 1 34
2 1 66 36.983 -118.3 379 288 360 360 2014 7 2 13 33 6 1 34
2 1 66 37.016 -118.42 379 287 360 360 2014 7 2 13 34 15 1 34
2 1 66 37.047 -118.55 379 286 360 360 2014 7 2 13 35 6 1 34
2 1 66 37.08 -118.67 379 288 360 360 2014 7 2 13 36 9 4 187
2 1 66 37.113 -118.8 379 286 360 360 2014 7 2 13 37 6 4 187
2 1 66 37.141 -118.92 379 287 360 360 2014 7 2 13 38 6 4 187
2 1 66 37.172 -119.05 379 287 360 360 2014 7 2 13 39 16 4 187
2 1 66 37.204 -119.18 379 286 360 360 2014 7 2 13 40 6 4 187
2 1 66 37.222 -119.26 384 287 360 360 2014 7 2 13 41 6 4 187
2 1 66 37.254 -119.38 384 287 360 360 2014 7 2 13 42 6 4 187
2 1 66 37.291 -119.54 385 286 360 360 2014 7 2 13 43 6 4 187
2 1 66 37.323 -119.67 386 287 360 360 2014 7 2 13 44 6 4 187
2 1 66 37.354 -119.8 387 287 360 360 2014 7 2 13 45 6 4 187
2 1 66 37.385 -119.93 386 287 360 360 2014 7 2 13 46 15 4 187
2 1 66 37.415 -120.05 384 286 360 360 2014 7 2 13 47 6 4 184
2 1 66 37.446 -120.18 382 286 360 360 2014 7 2 13 48 6 4 184
2 1 66 37.476 -120.31 381 286 346 360 2014 7 2 13 49 6 4 184
2 1 66 37.507 -120.44 382 286 325 360 2014 7 2 13 50 6 4 184
2 1 66 37.536 -120.57 382 286 303 360 2014 7 2 13 51 6 4 184
2 1 66 37.566 -120.69 377 286 281 360 2014 7 2 13 52 16 4 184
2 1 66 37.595 -120.82 377 286 259 360 2014 7 2 13 53 16 4 184
2 1 66 37.622 -120.94 364 286 236 360 2014 7 2 13 54 6 4 152
2 1 66 37.615 -121.06 354 286 214 360 2014 7 2 13 55 16 4 152
2 1 66 37.601 -121.19 344 275 191 360 2014 7 2 13 56 6 4 170
2 1 66 37.588 -121.31 332 266 168 360 2014 7 2 13 57 6 4 170
2 1 66 37.576 -121.42 321 262 148 360 2014 7 2 13 58 15 4 170
2 1 66 37.564 -121.52 306 262 130 360 2014 7 2 13 59 6 4 152
2 1 66 37.552 -121.62 295 261 111 360 2014 7 2 14 0 6 4 156
2 1 66 37.53 -121.71 281 261 94 360 2014 7 2 14 1 6 4 156
2 1 66 37.517 -121.81 281 257 84 360 2014 7 2 14 2 6 4 156
2 1 66 37.513 -121.91 279 265 74 360 2014 7 2 14 3 6 4 156
2 1 66 37.508 -122 279 263 57 360 2014 7 2 14 4 6 4 156
2 1 66 37.505 -122.09 265 266 41 360 2014 7 2 14 5 16 4 156
2 1 66 37.528 -122.16 217 267 36 360 2014 7 2 14 6 6 4 156
2 1 66 37.558 -122.23 188 279 24 360 2014 7 2 14 7 6 4 156
2 1 66 37.582 -122.28 187 296 15 360 2014 7 2 14 8 16 4 156
2 1 66 37.601 -122.33 169 298 7 360 2014 7 2 14 9 6 4 156
2 1 66 37.618 -122.37 157 298 3 360 2014 7 2 14 10 16 4 155
3 1 66 35.043 -106.58 179 0 62 320 2014 7 3 11 57 6 2 80
3 1 66 34.994 -106.58 226 168 85 320 2014 7 3 11 58 15 2 80
3 1 66 35.003 -106.69 262 278 104 320 2014 7 3 11 59 16 2 80
3 1 66 35.003 -106.69 262 278 104 320 2014 7 3 12 0 6 2 80
3 1 66 35.024 -106.78 296 280 121 320 2014 7 3 12 1 6 2 80
3 1 66 35.049 -106.89 309 283 141 320 2014 7 3 12 2 6 2 80
3 1 66 35.069 -106.98 320 285 154 320 2014 7 3 12 3 6 2 80
3 1 66 35.093 -107.09 325 285 170 320 2014 7 3 12 4 6 2 80
3 1 66 35.149 -107.33 342 285 200 320 2014 7 3 12 5 16 2 68
3 1 66 35.075 -107.4 342 218 200 320 2014 7 3 12 6 16 2 68
3 1 66 35.19 -107.55 355 285 225 320 2014 7 3 12 7 15 2 68
3 1 66 35.209 -107.69 358 282 234 320 2014 7 3 12 8 16 2 68
3 1 66 35.209 -107.69 358 282 234 320 2014 7 3 12 9 6 2 68
3 1 66 35.225 -107.81 371 280 244 320 2014 7 3 12 10 16 2 68
3 1 66 35.242 -107.93 377 279 255 320 2014 7 3 12 11 6 2 68
3 1 66 35.259 -108.06 380 279 260 320 2014 7 3 12 12 16 2 68
3 1 66 35.279 -108.2 387 279 268 320 2014 7 3 12 13 16 2 68
3 1 66 35.298 -108.33 395 279 273 320 2014 7 3 12 14 16 2 68
3 1 66 35.315 -108.46 399 279 278 320 2014 7 3 12 15 6 2 68
3 1 66 35.336 -108.61 400 279 284 320 2014 7 3 12 16 6 2 68
3 1 66 35.353 -108.75 402 279 291 320 2014 7 3 12 17 15 2 88
3 1 66 35.371 -108.88 402 279 298 320 2014 7 3 12 18 15 2 88
3 1 66 35.388 -109.01 403 279 305 320 2014 7 3 12 19 6 2 88
3 1 66 35.407 -109.16 405 279 310 320 2014 7 3 12 20 16 2 88
3 1 66 35.424 -109.29 408 279 315 320 2014 7 3 12 21 6 2 88
3 1 66 35.441 -109.42 407 278 320 320 2014 7 3 12 22 6 2 88
3 1 66 35.458 -109.58 406 279 320 320 2014 7 3 12 23 15 2 88
3 1 66 35.474 -109.71 410 278 320 320 2014 7 3 12 24 6 2 88
3 1 66 35.491 -109.85 420 278 320 320 2014 7 3 12 25 6 2 101
3 1 66 35.507 -109.99 423 278 320 320 2014 7 3 12 26 6 2 101
3 1 66 35.526 -110.15 427 278 320 320 2014 7 3 12 27 6 2 101
3 1 66 35.543 -110.29 426 278 320 320 2014 7 3 12 28 16 2 101
3 1 66 35.557 -110.42 420 278 320 320 2014 7 3 12 29 6 2 101
3 1 66 35.576 -110.58 420 278 320 320 2014 7 3 12 30 6 2 101
3 1 66 35.593 -110.71 420 278 320 320 2014 7 3 12 31 6 2 101
3 1 66 35.608 -110.85 419 277 320 320 2014 7 3 12 32 6 2 101
3 1 66 35.626 -111 415 277 320 320 2014 7 3 12 33 6 2 101
3 1 66 35.64 -111.14 410 277 320 320 2014 7 3 12 34 16 2 101
3 1 66 35.655 -111.27 410 277 320 320 2014 7 3 12 35 15 2 101
3 1 66 35.671 -111.42 408 277 320 320 2014 7 3 12 36 6 2 101
3 1 66 35.684 -111.54 408 277 320 320 2014 7 3 12 37 6 2 101
3 1 66 35.7 -111.68 408 277 320 320 2014 7 3 12 38 15 2 101
3 1 66 35.714 -111.81 408 277 320 320 2014 7 3 12 39 16 2 101
3 1 66 35.732 -111.98 407 277 320 320 2014 7 3 12 40 15 1 46
3 1 66 35.745 -112.11 407 276 320 320 2014 7 3 12 41 15 1 46
3 1 66 35.759 -112.25 405 277 320 320 2014 7 3 12 42 16 1 46
3 1 66 35.774 -112.39 411 277 320 320 2014 7 3 12 43 16 1 46
3 1 66 35.788 -112.53 411 276 320 320 2014 7 3 12 44 6 1 46
3 1 66 35.802 -112.67 413 277 320 320 2014 7 3 12 45 6 1 46
3 1 66 35.816 -112.81 418 277 320 320 2014 7 3 12 46 6 1 46
3 1 66 35.827 -112.93 420 277 320 320 2014 7 3 12 47 16 1 46
3 1 66 35.841 -113.07 421 276 320 320 2014 7 3 12 48 6 1 46
3 1 66 35.857 -113.24 422 276 320 320 2014 7 3 12 49 15 1 46
3 1 66 35.87 -113.39 423 276 320 320 2014 7 3 12 50 16 1 46
3 1 66 35.883 -113.53 424 276 320 320 2014 7 3 12 51 6 1 46
3 1 66 35.895 -113.67 424 276 320 320 2014 7 3 12 52 6 1 46
3 1 66 35.908 -113.82 424 276 320 320 2014 7 3 12 53 6 1 46
3 1 66 35.921 -113.96 423 276 320 320 2014 7 3 12 54 6 1 46
3 1 66 35.933 -114.1 421 276 320 320 2014 7 3 12 55 15 1 47
3 1 66 35.945 -114.25 423 276 320 320 2014 7 3 12 56 6 1 47
3 1 66 35.968 -114.39 419 275 320 320 2014 7 3 12 57 6 1 47
3 1 66 36.009 -114.53 429 278 320 320 2014 7 3 12 58 16 1 47
3 1 66 36.047 -114.67 428 285 320 320 2014 7 3 12 59 6 1 47
3 1 66 36.086 -114.81 428 289 320 320 2014 7 3 13 0 6 1 47
3 1 66 36.126 -114.94 428 289 320 320 2014 7 3 13 1 6 1 47
3 1 66 36.165 -115.08 428 289 320 320 2014 7 3 13 2 6 1 47
3 1 66 36.204 -115.22 428 289 320 320 2014 7 3 13 3 6 1 47
3 1 66 36.244 -115.36 431 289 320 320 2014 7 3 13 4 6 1 47
3 1 66 36.282 -115.5 429 289 320 320 2014 7 3 13 5 6 1 47
3 1 66 36.323 -115.66 438 289 320 320 2014 7 3 13 6 6 1 56
3 1 66 36.362 -115.8 430 288 320 320 2014 7 3 13 7 9 1 56
3 1 66 36.401 -115.94 428 288 320 320 2014 7 3 13 8 6 1 56
3 1 66 36.439 -116.08 428 289 320 320 2014 7 3 13 9 6 1 56
3 1 66 36.476 -116.22 428 288 320 320 2014 7 3 13 10 6 1 56
3 1 66 36.511 -116.35 428 288 320 320 2014 7 3 13 11 6 1 56
3 1 66 36.552 -116.5 428 288 320 320 2014 7 3 13 12 6 1 56
3 1 66 36.59 -116.64 428 288 320 320 2014 7 3 13 13 6 1 56
3 1 66 36.626 -116.78 428 287 320 320 2014 7 3 13 14 6 1 56
3 1 66 36.659 -116.91 428 288 320 320 2014 7 3 13 15 6 1 56
3 1 66 36.692 -117.04 428 288 320 320 2014 7 3 13 16 6 1 34
3 1 66 36.738 -117.22 428 287 320 320 2014 7 3 13 17 6 1 34
3 1 66 36.764 -117.32 428 288 320 320 2014 7 3 13 18 6 1 34
3 1 66 36.808 -117.49 427 286 320 320 2014 7 3 13 19 6 1 34
3 1 66 36.836 -117.6 423 288 320 320 2014 7 3 13 20 6 1 34
3 1 66 36.879 -117.77 424 287 320 320 2014 7 3 13 21 6 1 34
3 1 66 36.915 -117.91 424 287 320 320 2014 7 3 13 22 6 1 34
3 1 66 36.95 -118.06 426 286 320 320 2014 7 3 13 23 6 1 34
3 1 66 36.985 -118.19 425 287 320 320 2014 7 3 13 24 6 1 34
3 1 66 37.02 -118.33 421 287 320 320 2014 7 3 13 25 6 1 34
3 1 66 37.053 -118.47 418 286 320 320 2014 7 3 13 26 6 1 34
3 1 66 37.092 -118.64 414 286 320 320 2014 7 3 13 27 6 4 187
3 1 66 37.126 -118.78 414 287 320 320 2014 7 3 13 28 16 4 187
3 1 66 37.158 -118.91 414 286 320 320 2014 7 3 13 29 6 4 187
3 1 66 37.19 -119.05 414 286 320 320 2014 7 3 13 30 6 4 187
3 1 66 37.212 -119.14 411 286 320 320 2014 7 3 13 31 8 4 187
3 1 66 37.244 -119.28 412 287 320 320 2014 7 3 13 32 6 4 187
3 1 66 37.278 -119.41 413 286 320 320 2014 7 3 13 33 6 4 187
3 1 66 37.309 -119.55 413 286 320 320 2014 7 3 13 34 6 4 187
3 1 66 37.342 -119.69 413 286 320 320 2014 7 3 13 35 6 4 187
3 1 66 37.376 -119.84 413 286 320 320 2014 7 3 13 36 6 4 187
3 1 66 37.408 -119.98 413 286 320 320 2014 7 3 13 37 6 4 184
3 1 66 37.439 -120.12 413 286 320 320 2014 7 3 13 38 6 4 184
3 1 66 37.471 -120.26 413 286 320 320 2014 7 3 13 39 6 4 184
3 1 66 37.501 -120.4 417 287 320 320 2014 7 3 13 40 6 4 184
3 1 66 37.55 -120.58 437 281 320 320 2014 7 3 13 41 6 4 184
3 1 66 37.567 -120.72 419 286 320 320 2014 7 3 13 42 16 4 184
3 1 66 37.6 -120.87 411 285 312 320 2014 7 3 13 43 6 4 184
3 1 66 37.617 -121 423 284 272 320 2014 7 3 13 44 6 4 184
3 1 66 37.611 -121.11 416 259 245 320 2014 7 3 13 45 6 4 184
3 1 66 37.6 -121.27 412 266 199 320 2014 7 3 13 46 6 4 152
3 1 66 37.578 -121.39 402 264 164 320 2014 7 3 13 47 6 4 170
3 1 66 37.567 -121.53 380 259 124 320 2014 7 3 13 48 6 4 152
3 1 66 37.546 -121.65 369 262 110 320 2014 7 3 13 49 6 4 156
3 1 66 37.522 -121.75 316 247 103 320 2014 7 3 13 50 6 4 156
3 1 66 37.5 -121.83 290 256 86 320 2014 7 3 13 51 6 4 156
3 1 66 37.494 -121.96 279 271 70 320 2014 7 3 13 52 15 4 156
3 1 66 37.515 -122.05 272 270 48 320 2014 7 3 13 53 6 4 156
3 1 66 37.533 -122.1 241 286 37 320 2014 7 3 13 54 6 4 156
3 1 66 37.55 -122.17 191 292 27 320 2014 7 3 13 55 6 4 156
3 1 66 37.576 -122.24 181 292 19 320 2014 7 3 13 56 6 4 156
3 1 66 37.589 -122.29 161 292 16 320 2014 7 3 13 57 6 4 156
3 1 66 37.602 -122.33 148 302 6 320 2014 7 3 13 58 6 4 156
3 1 66 37.617 -122.37 145 289 2 320 2014 7 3 13 59 6 4 155
4 1 66 35.042 -106.57 195 0 60 320 2014 7 4 11 53 6 2 80
4 1 66 35.007 -106.54 239 87 73 320 2014 7 4 11 54 15 2 80
4 1 66 34.985 -106.62 297 121 90 320 2014 7 4 11 55 16 2 80
4 1 66 34.989 -106.64 283 216 94 320 2014 7 4 11 56 15 2 80
4 1 66 35.012 -106.73 289 256 112 320 2014 7 4 11 57 15 2 80
4 1 66 35.035 -106.83 300 286 133 320 2014 7 4 11 58 6 2 80
4 1 66 35.052 -106.92 310 286 146 320 2014 7 4 11 59 6 2 80
4 1 66 35.088 -107.14 326 281 177 320 2014 7 4 12 0 15 2 80
4 1 66 35.088 -107.14 326 281 177 320 2014 7 4 12 1 6 2 80
4 1 66 35.123 -107.38 354 280 192 320 2014 7 4 12 2 15 2 68
4 1 66 35.123 -107.38 354 280 192 320 2014 7 4 12 3 6 2 68
4 1 66 35.142 -107.5 370 280 200 320 2014 7 4 12 4 6 2 68
4 1 66 35.177 -107.76 379 279 224 320 2014 7 4 12 5 15 2 68
4 1 66 35.196 -107.89 379 280 224 320 2014 7 4 12 6 16 2 68
4 1 66 35.196 -107.88 380 279 232 320 2014 7 4 12 7 15 2 68
4 1 66 35.214 -108.01 384 280 244 320 2014 7 4 12 8 6 2 68
4 1 66 35.234 -108.15 383 280 253 320 2014 7 4 12 9 15 2 68
4 1 66 35.252 -108.27 383 280 259 320 2014 7 4 12 10 15 2 68
4 1 66 35.268 -108.4 386 280 263 320 2014 7 4 12 11 6 2 68
4 1 66 35.291 -108.55 391 279 269 320 2014 7 4 12 12 6 2 68
4 1 66 35.308 -108.67 394 279 274 320 2014 7 4 12 13 6 2 68
4 1 66 35.344 -108.94 402 279 284 320 2014 7 4 12 14 15 2 68
4 1 66 35.344 -108.94 402 279 284 320 2014 7 4 12 15 8 2 68
4 1 66 35.382 -109.22 405 279 294 320 2014 7 4 12 16 16 2 88
4 1 66 35.382 -109.22 405 279 294 320 2014 7 4 12 17 15 2 88
4 1 66 35.4 -109.35 402 279 299 320 2014 7 4 12 18 6 2 88
4 1 66 35.417 -109.48 398 279 304 320 2014 7 4 12 19 15 2 88
4 1 66 35.436 -109.62 396 279 309 320 2014 7 4 12 20 16 2 88
4 1 66 35.452 -109.75 386 279 314 320 2014 7 4 12 21 16 2 88
4 1 66 35.466 -109.87 382 278 319 320 2014 7 4 12 22 15 2 101
4 1 66 35.479 -109.99 384 279 320 320 2014 7 4 12 23 15 2 101
4 1 66 35.498 -110.14 383 276 320 320 2014 7 4 12 24 15 2 101
4 1 66 35.511 -110.25 386 279 320 320 2014 7 4 12 25 15 2 101
4 1 66 35.549 -110.54 391 278 320 320 2014 7 4 12 26 15 2 101
4 1 66 35.546 -110.51 388 279 320 320 2014 7 4 12 27 6 2 101
4 1 66 35.576 -110.78 392 278 320 320 2014 7 4 12 28 15 2 101
4 1 66 35.578 -110.79 391 278 320 320 2014 7 4 12 29 6 2 101
4 1 66 35.597 -110.94 391 278 320 320 2014 7 4 12 30 6 2 101
4 1 66 35.623 -111.17 388 278 320 320 2014 7 4 12 31 15 2 101
4 1 66 35.627 -111.19 391 278 320 320 2014 7 4 12 32 6 2 101
4 1 66 35.644 -111.32 392 278 320 320 2014 7 4 12 33 15 2 101
4 1 66 35.657 -111.46 392 278 320 320 2014 7 4 12 34 16 2 101
4 1 66 35.67 -111.58 389 277 320 320 2014 7 4 12 35 6 2 101
4 1 66 35.684 -111.7 390 277 320 320 2014 7 4 12 36 15 2 101
4 1 66 35.702 -111.86 392 278 320 320 2014 7 4 12 37 16 2 101
4 1 66 35.729 -112.1 393 277 320 320 2014 7 4 12 38 16 1 46
4 1 66 35.731 -112.13 392 277 320 320 2014 7 4 12 39 6 1 46
4 1 66 35.757 -112.37 396 277 320 320 2014 7 4 12 40 16 1 46
4 1 66 35.76 -112.4 395 277 320 320 2014 7 4 12 41 6 1 46
4 1 66 35.775 -112.53 397 278 320 320 2014 7 4 12 42 6 1 46
4 1 66 35.789 -112.66 397 277 320 320 2014 7 4 12 43 6 1 46
4 1 66 35.803 -112.8 397 277 320 320 2014 7 4 12 44 15 1 46
4 1 66 35.816 -112.93 397 277 320 340 2014 7 4 12 45 15 1 46
4 1 66 35.827 -113.04 397 276 322 340 2014 7 4 12 46 6 1 46
4 1 66 35.841 -113.17 395 276 327 340 2014 7 4 12 47 6 1 46
4 1 66 35.854 -113.3 389 277 332 340 2014 7 4 12 48 15 1 46
4 1 66 35.866 -113.43 386 277 335 340 2014 7 4 12 49 6 1 46
4 1 66 35.881 -113.59 386 277 339 340 2014 7 4 12 50 6 1 46
4 1 66 35.905 -113.84 388 276 340 340 2014 7 4 12 51 15 1 45
4 1 66 35.905 -113.84 388 276 340 340 2014 7 4 12 52 6 1 45
4 1 66 35.93 -114.11 386 276 340 340 2014 7 4 12 53 15 1 47
4 1 66 35.942 -114.24 386 276 340 340 2014 7 4 12 54 15 1 47
4 1 66 35.942 -114.24 387 276 340 340 2014 7 4 12 55 6 1 47
4 1 66 35.953 -114.37 386 276 340 340 2014 7 4 12 56 6 1 47
4 1 66 35.965 -114.5 388 276 340 340 2014 7 4 12 57 6 1 47
4 1 66 35.976 -114.64 388 276 340 340 2014 7 4 12 58 6 1 47
4 1 66 35.988 -114.77 389 276 340 340 2014 7 4 12 59 18 1 47
4 1 66 36.013 -114.9 395 276 340 340 2014 7 4 13 0 6 1 47
4 1 66 36.067 -115.03 405 279 340 340 2014 7 4 13 1 6 1 47
4 1 66 36.122 -115.15 410 290 340 340 2014 7 4 13 2 15 1 47
4 1 66 36.176 -115.27 407 298 340 340 2014 7 4 13 3 6 1 47
4 1 66 36.229 -115.4 406 298 340 340 2014 7 4 13 4 16 1 47
4 1 66 36.282 -115.52 406 298 340 340 2014 7 4 13 5 6 1 47
4 1 66 36.343 -115.66 418 298 340 340 2014 7 4 13 6 6 1 56
4 1 66 36.396 -115.79 408 297 340 340 2014 7 4 13 7 6 1 56
4 1 66 36.445 -115.9 404 298 340 340 2014 7 4 13 8 6 1 56
4 1 66 36.498 -116.03 404 298 340 340 2014 7 4 13 9 15 1 56
4 1 66 36.549 -116.15 403 298 340 340 2014 7 4 13 10 15 1 56
4 1 66 36.602 -116.27 386 297 340 340 2014 7 4 13 11 16 1 56
4 1 66 36.653 -116.39 401 298 340 340 2014 7 4 13 12 16 1 56
4 1 66 36.701 -116.52 403 294 340 340 2014 7 4 13 13 16 1 56
4 1 66 36.731 -116.65 403 285 340 340 2014 7 4 13 14 16 1 56
4 1 66 36.763 -116.79 403 286 340 340 2014 7 4 13 15 15 1 56
4 1 66 36.796 -116.93 403 286 340 340 2014 7 4 13 16 15 1 56
4 1 66 36.825 -117.06 404 285 340 340 2014 7 4 13 17 15 1 56
4 1 66 36.856 -117.2 404 286 340 340 2014 7 4 13 18 11 1 34
4 1 66 36.885 -117.33 404 285 340 340 2014 7 4 13 19 16 1 34
4 1 66 36.915 -117.46 404 285 340 340 2014 7 4 13 20 6 1 34
4 1 66 36.945 -117.6 401 285 340 340 2014 7 4 13 21 6 1 34
4 1 66 36.972 -117.73 394 285 340 340 2014 7 4 13 22 6 1 34
4 1 66 37.002 -117.86 394 285 340 340 2014 7 4 13 23 20 1 34
4 1 66 37.032 -118 398 284 340 340 2014 7 4 13 24 16 1 34
4 1 66 37.059 -118.13 394 285 340 340 2014 7 4 13 25 15 1 34
4 1 66 37.095 -118.29 399 284 340 340 2014 7 4 13 26 6 1 34
4 1 66 37.124 -118.43 399 285 340 340 2014 7 4 13 27 15 1 34
4 1 66 37.152 -118.56 398 285 340 340 2014 7 4 13 28 6 1 34
4 1 66 37.174 -118.67 398 285 340 340 2014 7 4 13 29 15 4 187
4 1 66 37.208 -118.83 396 282 340 340 2014 7 4 13 30 15 4 187
4 1 66 37.228 -118.93 396 285 340 340 2014 7 4 13 31 6 4 187
4 1 66 37.256 -119.07 396 284 340 340 2014 7 4 13 32 6 4 187
4 1 66 37.283 -119.2 397 284 340 340 2014 7 4 13 33 6 4 187
4 1 66 37.311 -119.33 398 283 340 340 2014 7 4 13 34 15 4 187
4 1 66 37.337 -119.47 399 284 340 340 2014 7 4 13 35 15 4 187
4 1 66 37.364 -119.6 399 284 340 340 2014 7 4 13 36 15 4 187
4 1 66 37.39 -119.74 399 284 340 340 2014 7 4 13 37 16 4 187
4 1 66 37.417 -119.87 399 283 340 340 2014 7 4 13 38 6 4 187
4 1 66 37.444 -120.01 400 283 340 340 2014 7 4 13 39 6 4 184
4 1 66 37.497 -120.28 400 283 340 340 2014 7 4 13 41 15 4 184
4 1 66 37.497 -120.28 400 283 340 340 2014 7 4 13 41 15 4 184
4 1 66 37.533 -120.46 417 284 317 340 2014 7 4 13 42 6 4 184
4 1 66 37.56 -120.6 418 284 291 340 2014 7 4 13 43 6 4 184
4 1 66 37.573 -120.75 415 278 265 340 2014 7 4 13 44 6 4 184
4 1 66 37.57 -120.88 404 270 238 340 2014 7 4 13 45 6 4 152
4 1 66 37.567 -121.08 388 268 197 340 2014 7 4 13 46 6 4 152
4 1 66 37.567 -121.2 379 268 175 340 2014 7 4 13 47 15 4 170
4 1 66 37.567 -121.32 363 268 152 340 2014 7 4 13 48 6 4 170
4 1 66 37.55 -121.45 338 268 130 340 2014 7 4 13 49 16 4 152
4 1 66 37.55 -121.55 301 267 116 340 2014 7 4 13 50 16 4 152
4 1 66 37.55 -121.65 286 268 107 340 2014 7 4 13 51 7 4 156
4 1 66 37.517 -121.73 256 254 95 340 2014 7 4 13 52 16 4 156
4 1 66 37.5 -121.82 252 253 82 340 2014 7 4 13 53 6 4 156
4 1 66 37.483 -121.88 249 254 79 340 2014 7 4 13 54 16 4 156
4 1 66 37.467 -121.97 232 256 65 340 2014 7 4 13 55 15 4 156
4 1 66 37.476 -122.03 241 255 53 340 2014 7 4 13 56 15 4 156
4 1 66 37.517 -122.13 237 284 39 340 2014 7 4 13 57 16 4 156
4 1 66 37.55 -122.2 204 298 27 340 2014 7 4 13 58 15 4 156
4 1 66 37.567 -122.27 178 302 18 340 2014 7 4 13 59 6 4 156
4 1 66 37.583 -122.3 152 295 11 340 2014 7 4 14 0 15 4 156
4 1 66 37.608 -122.34 157 293 3 340 2014 7 4 14 1 6 4 152
5 1 66 35.041 -106.61 253 0 53 430 2014 7 4 17 18 6 2 80
5 1 66 35.098 -106.55 217 96 113 430 2014 7 4 17 20 16 2 80
5 1 66 35.111 -106.62 217 281 113 430 2014 7 4 17 21 6 2 80
5 1 66 35.092 -106.64 254 350 132 430 2014 7 4 17 22 16 2 80
5 1 66 35.093 -106.75 300 294 148 430 2014 7 4 17 23 6 2 80
5 1 66 35.108 -106.86 338 268 159 430 2014 7 4 17 24 6 2 80
5 1 66 35.189 -107.09 381 300 177 430 2014 7 4 17 25 16 2 80
5 1 66 35.189 -107.09 381 300 177 430 2014 7 4 17 26 6 2 80
5 1 66 35.255 -107.23 397 298 190 430 2014 7 4 17 27 6 2 80
5 1 66 35.31 -107.35 409 299 201 430 2014 7 4 17 28 6 2 68
5 1 66 35.374 -107.49 415 299 213 430 2014 7 4 17 29 15 2 68
5 1 66 35.429 -107.61 422 299 223 430 2014 7 4 17 30 16 2 68
5 1 66 35.486 -107.74 428 299 234 430 2014 7 4 17 31 6 2 68
5 1 66 35.553 -107.88 435 299 246 430 2014 7 4 17 32 15 2 68
5 1 66 35.61 -108.01 438 299 257 430 2014 7 4 17 33 15 2 68
5 1 66 35.668 -108.13 441 299 267 430 2014 7 4 17 34 6 2 68
5 1 66 35.737 -108.29 445 298 280 430 2014 7 4 17 35 15 2 68
5 1 66 35.795 -108.42 451 299 290 430 2014 7 4 17 36 6 2 88
5 1 66 35.864 -108.57 454 299 302 430 2014 7 4 17 37 16 2 88
5 1 66 35.924 -108.7 457 299 313 430 2014 7 4 17 38 6 2 88
5 1 66 35.985 -108.84 459 299 324 430 2014 7 4 17 39 15 6 260
5 1 66 36.05 -108.98 478 299 335 430 2014 7 4 17 40 6 6 260
5 1 66 36.137 -109.1 464 310 346 430 2014 7 4 17 41 6 6 260
5 1 66 36.237 -109.25 463 310 359 430 2014 7 4 17 42 16 6 260
5 1 66 36.316 -109.37 464 309 370 430 2014 7 4 17 43 6 6 269
5 1 66 36.397 -109.49 466 309 380 430 2014 7 4 17 44 6 6 269
5 1 66 36.49 -109.62 465 308 391 430 2014 7 4 17 45 6 6 269
5 1 66 36.566 -109.74 465 304 400 430 2014 7 4 17 46 6 6 269
5 1 66 36.638 -109.94 465 301 412 430 2014 7 4 17 47 16 6 269
5 1 66 36.681 -110.04 464 292 417 430 2014 7 4 17 48 6 6 269
5 1 66 36.743 -110.2 466 289 425 430 2014 7 4 17 49 6 6 269
5 1 66 36.799 -110.35 466 297 432 450 2014 7 4 17 50 16 6 269
5 1 66 36.818 -110.41 466 295 435 450 2014 7 4 17 51 6 6 269
5 1 66 36.873 -110.56 466 297 442 450 2014 7 4 17 52 6 6 269
5 1 66 36.966 -110.78 464 293 450 450 2014 7 4 17 53 6 6 269
5 1 66 37.022 -110.93 464 295 450 450 2014 7 4 17 54 15 6 269
5 1 66 37.078 -111.08 467 294 450 450 2014 7 4 17 55 15 6 269
5 1 66 37.111 -111.17 469 293 450 450 2014 7 4 17 56 6 6 269
5 1 66 37.166 -111.32 473 294 450 450 2014 7 4 17 57 16 6 269
5 1 66 37.247 -111.53 478 295 450 450 2014 7 4 17 58 6 6 269
5 1 66 37.303 -111.68 479 295 450 450 2014 7 4 17 59 6 6 269
5 1 66 37.356 -111.84 479 294 451 450 2014 7 4 18 0 16 6 269
5 1 66 37.401 -111.96 478 293 453 450 2014 7 4 18 1 6 1 49
5 1 66 37.455 -112.11 478 296 455 450 2014 7 4 18 2 8 1 49
5 1 66 37.51 -112.26 477 294 458 450 2014 7 4 18 3 6 5 203
5 1 66 37.587 -112.47 476 293 461 450 2014 7 4 18 4 6 5 203
5 1 66 37.63 -112.59 476 294 463 450 2014 7 4 18 5 15 5 203
5 1 66 37.704 -112.8 475 294 466 450 2014 7 4 18 6 15 5 203
5 1 66 37.736 -112.89 476 294 467 450 2014 7 4 18 7 6 5 203
5 1 66 37.786 -113.04 474 293 470 450 2014 7 4 18 8 6 5 206
5 1 66 37.848 -113.21 466 293 470 450 2014 7 4 18 9 16 5 206
5 1 66 37.899 -113.37 467 293 470 450 2014 7 4 18 10 16 5 206
5 1 66 37.953 -113.52 468 293 470 450 2014 7 4 18 11 15 5 206
5 1 66 38.004 -113.67 468 293 470 470 2014 7 4 18 12 16 5 206
5 1 66 38.025 -113.73 469 293 470 470 2014 7 4 18 13 6 5 206
5 1 66 38.108 -113.97 469 293 470 470 2014 7 4 18 14 16 5 206
5 1 66 38.129 -114.03 468 293 470 470 2014 7 4 18 15 16 5 206
5 1 66 38.19 -114.21 468 293 470 470 2014 7 4 18 16 16 5 204
5 1 66 38.22 -114.3 467 293 470 470 2014 7 4 18 17 6 5 204
5 1 66 38.249 -114.46 462 293 470 470 2014 7 4 18 18 6 5 204
5 1 66 38.244 -114.62 457 287 470 470 2014 7 4 18 19 16 5 204
5 1 66 38.238 -114.78 458 275 470 470 2014 7 4 18 20 15 5 204
5 1 66 38.232 -114.94 457 267 470 470 2014 7 4 18 21 6 5 204
5 1 66 38.223 -115.13 457 266 470 470 2014 7 4 18 22 6 5 204
5 1 66 38.218 -115.29 456 267 470 470 2014 7 4 18 23 6 5 204
5 1 66 38.208 -115.51 454 267 470 470 2014 7 4 18 24 15 5 204
5 1 66 38.199 -115.7 452 266 470 470 2014 7 4 18 25 15 5 204
5 1 66 38.194 -115.85 448 266 470 470 2014 7 4 18 26 6 5 204
5 1 66 38.185 -116.01 449 266 470 470 2014 7 4 18 27 16 5 204
5 1 66 38.178 -116.17 449 266 470 470 2014 7 4 18 28 6 5 204
5 1 66 38.17 -116.33 449 266 470 470 2014 7 4 18 29 6 5 204
5 1 66 38.165 -116.42 450 266 470 470 2014 7 4 18 30 6 5 204
5 1 66 38.153 -116.65 453 266 470 470 2014 7 4 18 31 15 5 204
5 1 66 38.148 -116.74 452 266 470 470 2014 7 4 18 32 6 5 204
5 1 66 38.138 -116.93 451 266 470 470 2014 7 4 18 33 6 5 204
5 1 66 38.13 -117.09 450 266 470 470 2014 7 4 18 34 6 5 204
5 1 66 38.109 -117.32 457 265 470 470 2014 7 4 18 35 16 4 180
5 1 66 38.083 -117.42 450 262 470 470 2014 7 4 18 36 16 4 180
5 1 66 38.049 -117.58 451 252 470 470 2014 7 4 18 37 16 4 180
5 1 66 38.034 -117.64 449 254 470 470 2014 7 4 18 38 6 4 180
5 1 66 37.99 -117.89 451 254 470 470 2014 7 4 18 39 16 4 180
5 1 66 37.974 -118.04 452 262 470 470 2014 7 4 18 40 15 4 180
5 1 66 37.966 -118.11 451 262 470 470 2014 7 4 18 41 6 4 180
5 1 66 37.938 -118.38 424 263 454 470 2014 7 4 18 42 16 4 180
5 1 66 37.935 -118.41 417 262 452 470 2014 7 4 18 43 15 4 180
5 1 66 37.92 -118.54 383 262 433 360 2014 7 4 18 44 6 4 180
5 1 66 37.906 -118.67 380 261 413 360 2014 7 4 18 45 6 4 180
5 1 66 37.89 -118.8 389 262 392 360 2014 7 4 18 46 6 4 180
5 1 66 37.871 -118.98 412 262 370 360 2014 7 4 18 47 16 4 180
5 1 66 37.855 -119.12 421 261 360 360 2014 7 4 18 48 6 4 184
5 1 66 37.836 -119.27 433 262 360 360 2014 7 4 18 49 6 4 184
5 1 66 37.818 -119.43 436 263 360 360 2014 7 4 18 50 6 4 184
5 1 66 37.801 -119.58 445 263 360 360 2014 7 4 18 51 16 4 184
5 1 66 37.781 -119.74 450 261 360 360 2014 7 4 18 52 16 4 184
5 1 66 37.761 -119.9 453 263 360 360 2014 7 4 18 53 16 4 184
5 1 66 37.741 -120.05 454 261 360 360 2014 7 4 18 54 6 4 184
5 1 66 37.719 -120.25 454 261 349 360 2014 7 4 18 55 15 4 184
5 1 66 37.697 -120.41 473 261 329 360 2014 7 4 18 56 15 4 184
5 1 66 37.676 -120.57 464 262 308 360 2014 7 4 18 57 6 4 184
5 1 66 37.656 -120.73 448 255 287 360 2014 7 4 18 58 6 4 184
5 1 66 37.638 -120.87 428 259 257 360 2014 7 4 18 59 6 4 184
5 1 66 37.619 -121.01 420 262 227 360 2014 7 4 19 0 6 4 152
5 1 66 37.605 -121.15 409 259 201 360 2014 7 4 19 1 6 4 152
5 1 66 37.591 -121.27 361 270 176 360 2014 7 4 19 2 16 4 170
5 1 66 37.578 -121.38 331 259 155 360 2014 7 4 19 3 6 4 170
5 1 66 37.564 -121.51 315 258 131 360 2014 7 4 19 4 15 4 152
5 1 66 37.552 -121.61 310 258 113 360 2014 7 4 19 5 16 4 156
5 1 66 37.532 -121.7 283 258 101 360 2014 7 4 19 6 6 4 156
5 1 66 37.511 -121.79 270 255 85 360 2014 7 4 19 7 16 4 156
5 1 66 37.491 -121.88 262 258 80 360 2014 7 4 19 8 16 4 156
5 1 66 37.494 -121.97 258 270 75 360 2014 7 4 19 9 15 4 156
5 1 66 37.5 -122.02 245 272 69 360 2014 7 4 19 10 6 4 156
5 1 66 37.533 -122.1 241 287 52 360 2014 7 4 19 11 6 4 156
5 1 66 37.55 -122.17 219 293 33 360 2014 7 4 19 12 6 4 156
5 1 66 37.567 -122.23 179 290 20 360 2014 7 4 19 13 6 4 156
5 1 66 37.583 -122.28 163 288 13 360 2014 7 4 19 14 6 4 156
5 1 66 37.612 -122.35 149 292 2 360 2014 7 4 19 15 16 4 152
5 1 66 37.612 -122.35 149 292 2 360 2014 7 4 19 16 15 4 152
