1 1 69 35.043 -106.58 168 0 60 360 2014 7 1 23 48 6 2 80
1 1 69 35.061 -106.52 212 84 77 360 2014 7 1 23 49 15 2 80
1 1 69 35.107 -106.54 240 67 92 360 2014 7 1 23 50 6 2 80
1 1 69 35.16 -106.59 240 322 92 360 2014 7 1 23 51 6 2 80
1 1 69 35.156 -106.6 264 319 106 360 2014 7 1 23 52 6 2 80
1 1 69 35.286 -106.75 299 312 157 360 2014 7 1 23 53 6 2 80
1 1 69 35.351 -106.81 299 319 178 360 2014 7 1 23 54 6 2 80
1 1 69 35.429 -106.88 310 321 197 360 2014 7 1 23 55 16 2 80
1 1 69 35.499 -106.93 326 327 212 360 2014 7 1 23 56 6 2 69
1 1 69 35.583 -106.99 340 333 227 360 2014 7 1 23 57 15 2 69
1 1 69 35.701 -107.05 377 330 234 360 2014 7 1 23 58 6 2 69
1 1 69 35.807 -107.1 406 337 248 360 2014 7 1 23 59 6 2 69
1 1 69 35.925 -107.16 415 338 262 360 2014 7 2 0 0 15 2 69
1 1 69 36.031 -107.21 415 338 262 360 2014 7 2 0 1 6 2 69
1 1 69 36.153 -107.27 425 337 290 360 2014 7 2 0 2 6 2 99
1 1 69 36.262 -107.33 434 337 301 360 2014 7 2 0 3 6 6 260
1 1 69 36.262 -107.33 434 337 301 360 2014 7 2 0 4 16 6 260
1 1 69 36.499 -107.45 443 338 332 360 2014 7 2 0 5 15 6 260
1 1 69 36.499 -107.45 443 338 332 360 2014 7 2 0 6 6 6 260
1 1 69 36.602 -107.5 429 337 347 360 2014 7 2 0 7 16 6 260
1 1 69 36.72 -107.56 416 337 359 360 2014 7 2 0 8 15 6 260
1 1 69 36.839 -107.62 415 337 360 360 2014 7 2 0 9 6 6 259
1 1 69 36.948 -107.67 431 337 360 360 2014 7 2 0 10 6 6 259
1 1 69 37.073 -107.74 434 337 360 360 2014 7 2 0 11 6 6 259
1 1 69 37.179 -107.8 434 337 360 360 2014 7 2 0 12 6 6 259
1 1 69 37.282 -107.85 424 337 360 360 2014 7 2 0 13 15 6 259
1 1 69 37.402 -107.91 421 337 360 360 2014 7 2 0 14 6 6 259
1 1 69 37.502 -107.96 410 337 360 360 2014 7 2 0 15 6 6 259
1 1 69 37.619 -108.02 409 338 360 360 2014 7 2 0 16 6 6 259
1 1 69 37.719 -108.08 408 337 360 360 2014 7 2 0 17 16 6 254
1 1 69 37.844 -108.14 427 337 360 360 2014 7 2 0 18 16 6 254
1 1 69 37.952 -108.2 435 337 360 360 2014 7 2 0 19 6 6 254
1 1 69 38.078 -108.26 437 337 360 360 2014 7 2 0 20 16 6 254
1 1 69 38.186 -108.32 437 337 360 360 2014 7 2 0 21 6 6 254
1 1 69 38.31 -108.39 436 337 360 360 2014 7 2 0 22 16 6 254
1 1 69 38.426 -108.45 436 337 360 360 2014 7 2 0 23 16 6 254
1 1 69 38.534 -108.51 427 338 360 360 2014 7 2 0 24 15 6 278
1 1 69 38.651 -108.57 426 336 360 360 2014 7 2 0 25 6 6 278
1 1 69 38.759 -108.63 419 337 360 360 2014 7 2 0 26 6 6 278
1 1 69 38.867 -108.69 422 336 360 360 2014 7 2 0 27 6 6 278
1 1 69 38.983 -108.75 423 337 360 360 2014 7 2 0 28 6 6 278
1 1 69 39.075 -108.84 421 327 360 360 2014 7 2 0 29 6 6 278
1 1 69 39.122 -108.94 420 321 360 360 2014 7 2 0 30 6 6 278
1 1 69 39.172 -109.07 417 299 360 320 2014 7 2 0 31 6 6 279
1 1 69 39.244 -109.25 433 297 347 320 2014 7 2 0 32 16 6 279
1 1 69 39.309 -109.41 455 297 322 320 2014 7 2 0 33 15 6 279
1 1 69 39.364 -109.55 452 297 320 320 2014 7 2 0 34 15 6 279
1 1 69 39.429 -109.71 454 296 320 320 2014 7 2 0 35 15 6 279
1 1 69 39.466 -109.81 455 296 320 320 2014 7 2 0 36 6 6 279
1 1 69 39.521 -109.95 450 297 320 320 2014 7 2 0 37 6 6 279
1 1 69 39.576 -110.09 441 297 320 320 2014 7 2 0 38 16 6 279
1 1 69 39.631 -110.23 434 296 320 320 2014 7 2 0 39 15 5 215
1 1 69 39.649 -110.28 431 297 320 160 2014 7 2 0 40 6 5 215
1 1 69 39.708 -110.43 426 296 320 160 2014 7 2 0 41 6 5 215
1 1 69 39.804 -110.68 456 296 290 160 2014 7 2 0 42 16 5 215
1 1 69 39.859 -110.83 455 296 268 160 2014 7 2 0 43 6 5 215
1 1 69 39.911 -110.96 419 296 248 160 2014 7 2 0 44 6 5 215
1 1 69 39.963 -111.1 424 296 226 160 2014 7 2 0 45 16 5 215
1 1 69 40.055 -111.19 424 321 226 160 2014 7 2 0 46 6 5 215
1 1 69 40.017 -111.24 438 305 202 160 2014 7 2 0 47 15 5 215
1 1 69 40.113 -111.52 417 296 161 160 2014 7 2 0 48 16 5 215
1 1 69 40.178 -111.67 399 295 149 160 2014 7 2 0 49 15 5 215
1 1 69 40.178 -111.67 399 295 149 160 2014 7 2 0 50 6 5 215
1 1 69 40.252 -111.78 398 311 130 160 2014 7 2 0 51 6 5 197
1 1 69 40.404 -111.94 354 318 108 160 2014 7 2 0 52 15 5 197
1 1 69 40.49 -111.95 298 331 98 160 2014 7 2 0 53 15 5 197
1 1 69 40.569 -111.95 277 354 81 160 2014 7 2 0 54 16 5 197
1 1 69 40.642 -111.96 261 355 64 160 2014 7 2 0 55 16 5 197
1 1 69 40.705 -111.97 218 355 58 160 2014 7 2 0 56 16 5 197
1 1 69 40.713 -111.97 214 355 56 160 2014 7 2 0 57 16 5 197
1 1 69 40.756 -111.97 133 357 47 160 2014 7 2 0 59 16 5 197
2 1 69 35.042 -106.58 152 0 62 360 2014 7 1 12 22 6 2 80
2 1 69 34.997 -106.57 230 137 79 360 2014 7 1 12 23 16 2 80
2 1 69 35.004 -106.66 270 171 95 360 2014 7 1 12 24 16 2 80
2 1 69 35.073 -106.72 306 268 108 360 2014 7 1 12 25 6 2 80
2 1 69 35.168 -106.79 351 303 123 360 2014 7 1 12 26 6 2 80
2 1 69 35.26 -106.84 369 325 138 360 2014 7 1 12 27 16 2 80
2 1 69 35.357 -106.89 375 333 151 360 2014 7 1 12 28 15 2 80
2 1 69 35.48 -106.95 401 338 169 360 2014 7 1 12 29 16 2 69
2 1 69 35.603 -107.01 396 338 186 360 2014 7 1 12 30 16 2 69
2 1 69 35.708 -107.06 403 337 201 360 2014 7 1 12 31 6 2 69
2 1 69 35.78 -107.1 413 338 211 360 2014 7 1 12 32 6 2 69
2 1 69 35.924 -107.17 419 338 231 360 2014 7 1 12 33 16 2 69
2 1 69 36.033 -107.22 420 337 246 360 2014 7 1 12 34 6 2 69
2 1 69 36.143 -107.28 421 338 259 360 2014 7 1 12 35 15 2 69
2 1 69 36.252 -107.33 426 338 269 360 2014 7 1 12 36 10 2 69
2 1 69 36.38 -107.4 437 337 280 360 2014 7 1 12 37 15 6 260
2 1 69 36.491 -107.45 443 338 290 360 2014 7 1 12 38 16 6 260
2 1 69 36.591 -107.51 455 337 299 360 2014 7 1 12 39 6 6 260
2 1 69 36.729 -107.57 450 337 310 360 2014 7 1 12 40 16 6 260
2 1 69 36.815 -107.62 451 339 318 360 2014 7 1 12 41 6 6 260
2 1 69 36.952 -107.69 450 337 330 360 2014 7 1 12 42 16 6 260
2 1 69 37.08 -107.75 448 337 341 360 2014 7 1 12 43 6 6 260
2 1 69 37.19 -107.81 443 337 350 360 2014 7 1 12 44 6 6 260
2 1 69 37.299 -107.86 442 338 360 360 2014 7 1 12 45 6 6 259
2 1 69 37.401 -107.92 444 337 360 360 2014 7 1 12 46 6 6 259
2 1 69 37.514 -107.98 450 338 360 360 2014 7 1 12 47 16 6 259
2 1 69 37.541 -107.99 458 337 360 360 2014 7 1 12 48 6 6 259
2 1 69 37.789 -108.12 463 337 360 360 2014 7 1 12 49 15 6 254
2 1 69 37.789 -108.12 463 337 360 360 2014 7 1 12 50 6 6 254
2 1 69 37.984 -108.22 449 337 360 360 2014 7 1 12 51 6 6 254
2 1 69 38.13 -108.29 442 337 360 360 2014 7 1 12 52 16 6 254
2 1 69 38.258 -108.36 444 337 360 360 2014 7 1 12 53 16 6 254
2 1 69 38.33 -108.4 446 336 360 360 2014 7 1 12 54 6 6 254
2 1 69 38.458 -108.47 445 337 360 360 2014 7 1 12 55 6 6 278
2 1 69 38.565 -108.53 443 337 360 360 2014 7 1 12 56 6 6 278
2 1 69 38.674 -108.59 443 337 360 360 2014 7 1 12 57 16 6 278
2 1 69 38.8 -108.65 442 336 360 360 2014 7 1 12 58 16 6 278
2 1 69 38.819 -108.66 440 337 360 360 2014 7 1 12 59 6 6 278
2 1 69 39.015 -108.77 440 337 360 360 2014 7 1 13 0 16 6 278
2 1 69 39.104 -108.9 435 330 360 360 2014 7 1 13 1 14 6 278
2 1 69 39.157 -109.04 434 305 360 360 2014 7 1 13 2 16 6 279
2 1 69 39.21 -109.17 434 297 360 360 2014 7 1 13 3 16 6 279
2 1 69 39.23 -109.22 436 297 360 320 2014 7 1 13 4 6 6 279
2 1 69 39.327 -109.46 434 297 351 320 2014 7 1 13 5 15 6 279
2 1 69 39.344 -109.5 435 297 347 320 2014 7 1 13 6 8 6 279
2 1 69 39.399 -109.64 439 296 338 320 2014 7 1 13 7 6 6 279
2 1 69 39.453 -109.78 441 297 328 320 2014 7 1 13 8 6 6 279
2 1 69 39.551 -110.03 451 297 320 320 2014 7 1 13 9 16 6 279
2 1 69 39.571 -110.08 452 296 320 320 2014 7 1 13 10 6 6 279
2 1 69 39.626 -110.22 452 296 320 320 2014 7 1 13 11 6 5 215
2 1 69 39.688 -110.38 452 297 316 160 2014 7 1 13 12 15 5 215
2 1 69 39.741 -110.52 451 297 296 160 2014 7 1 13 13 6 5 215
2 1 69 39.802 -110.68 442 296 274 160 2014 7 1 13 14 6 5 215
2 1 69 39.851 -110.81 431 296 255 160 2014 7 1 13 15 6 5 215
2 1 69 39.884 -110.9 430 295 242 160 2014 7 1 13 16 10 5 215
2 1 69 39.934 -111.03 422 307 223 160 2014 7 1 13 17 15 5 215
2 1 69 39.991 -111.18 418 296 201 160 2014 7 1 13 18 6 5 215
2 1 69 40.041 -111.31 419 296 181 160 2014 7 1 13 19 6 5 215
2 1 69 40.107 -111.51 407 296 160 160 2014 7 1 13 20 16 5 215
2 1 69 40.138 -111.57 397 293 160 160 2014 7 1 13 21 6 5 215
2 1 69 40.19 -111.7 388 299 150 160 2014 7 1 13 22 6 5 215
2 1 69 40.26 -111.8 393 315 136 160 2014 7 1 13 23 6 5 197
2 1 69 40.347 -111.89 374 317 121 160 2014 7 1 13 24 16 5 197
2 1 69 40.424 -111.94 320 339 106 160 2014 7 1 13 25 16 5 197
2 1 69 40.508 -111.94 278 351 89 160 2014 7 1 13 26 6 5 197
2 1 69 40.574 -111.97 238 346 81 160 2014 7 1 13 27 6 5 197
2 1 69 40.629 -111.98 203 350 74 160 2014 7 1 13 28 16 5 197
2 1 69 40.73 -111.99 163 355 52 160 2014 7 1 13 29 16 5 197
2 1 69 40.742 -111.99 160 353 49 160 2014 7 1 13 30 6 5 197
3 1 69 35.041 -106.61 255 0 53 360 2014 7 1 18 54 6 2 80
3 1 69 35.109 -106.53 264 141 87 360 2014 7 1 18 56 6 2 80
3 1 69 35.175 -106.62 303 333 118 360 2014 7 1 18 57 16 2 80
3 1 69 35.226 -106.7 293 311 144 360 2014 7 1 18 58 6 2 80
3 1 69 35.299 -106.76 324 311 155 360 2014 7 1 18 59 15 2 80
3 1 69 35.37 -106.79 339 332 169 360 2014 7 1 19 0 6 2 80
3 1 69 35.461 -106.84 351 337 187 360 2014 7 1 19 1 6 2 69
3 1 69 35.587 -106.91 357 337 212 360 2014 7 1 19 2 6 2 69
3 1 69 35.678 -106.96 377 337 221 360 2014 7 1 19 3 16 2 69
3 1 69 35.77 -107 392 336 230 360 2014 7 1 19 4 16 2 69
3 1 69 35.879 -107.06 414 337 240 360 2014 7 1 19 5 6 2 69
3 1 69 36.027 -107.14 434 337 253 360 2014 7 1 19 6 6 2 69
3 1 69 36.107 -107.18 447 336 262 360 2014 7 1 19 7 6 2 69
3 1 69 36.139 -107.19 450 336 266 360 2014 7 1 19 8 6 2 69
3 1 69 36.27 -107.26 453 336 283 360 2014 7 1 19 9 6 2 69
3 1 69 36.467 -107.37 446 337 308 360 2014 7 1 19 10 6 6 260
3 1 69 36.484 -107.39 447 334 310 360 2014 7 1 19 11 6 6 260
3 1 69 36.707 -107.56 453 328 330 360 2014 7 1 19 12 16 6 260
3 1 69 36.707 -107.56 453 328 330 360 2014 7 1 19 13 6 6 260
3 1 69 36.913 -107.72 454 328 352 360 2014 7 1 19 14 15 6 260
3 1 69 37.013 -107.81 454 322 352 360 2014 7 1 19 15 16 6 260
3 1 69 37.028 -107.81 447 326 360 360 2014 7 1 19 16 6 6 259
3 1 69 37.126 -107.89 439 327 360 360 2014 7 1 19 17 6 6 259
3 1 69 37.238 -107.97 426 328 360 360 2014 7 1 19 18 6 6 259
3 1 69 37.331 -108.05 421 328 360 360 2014 7 1 19 19 16 6 259
3 1 69 37.439 -108.13 414 328 360 360 2014 7 1 19 20 15 6 259
3 1 69 37.531 -108.2 409 328 360 360 2014 7 1 19 21 6 6 259
3 1 69 37.635 -108.29 404 325 360 360 2014 7 1 19 22 6 6 254
3 1 69 37.726 -108.36 403 327 360 360 2014 7 1 19 23 6 6 254
3 1 69 37.816 -108.43 402 328 360 360 2014 7 1 19 24 6 6 254
3 1 69 37.922 -108.51 401 327 360 360 2014 7 1 19 25 15 6 254
3 1 69 38.011 -108.58 400 327 360 360 2014 7 1 19 26 6 6 254
3 1 69 38.117 -108.67 399 325 360 360 2014 7 1 19 27 6 6 254
3 1 69 38.213 -108.74 423 327 360 360 2014 7 1 19 28 6 6 254
3 1 69 38.326 -108.84 408 327 360 360 2014 7 1 19 29 16 6 278
3 1 69 38.419 -108.91 404 327 360 360 2014 7 1 19 30 16 6 278
3 1 69 38.514 -108.99 404 327 360 360 2014 7 1 19 31 6 6 278
3 1 69 38.609 -109.07 404 327 360 360 2014 7 1 19 32 6 6 278
3 1 69 38.704 -109.14 404 327 360 360 2014 7 1 19 33 6 6 278
3 1 69 38.799 -109.22 405 327 360 360 2014 7 1 19 34 16 6 278
3 1 69 38.913 -109.32 405 327 360 360 2014 7 1 19 35 6 6 278
3 1 69 39.007 -109.39 405 327 360 320 2014 7 1 19 36 6 6 278
3 1 69 39.095 -109.47 406 327 356 320 2014 7 1 19 37 16 6 279
3 1 69 39.192 -109.55 417 327 346 320 2014 7 1 19 38 16 6 279
3 1 69 39.292 -109.63 415 327 336 320 2014 7 1 19 39 16 6 279
3 1 69 39.409 -109.73 416 326 324 320 2014 7 1 19 40 16 6 279
3 1 69 39.47 -109.83 428 326 320 320 2014 7 1 19 41 6 6 279
3 1 69 39.532 -109.98 415 308 320 320 2014 7 1 19 42 6 6 279
3 1 69 39.579 -110.1 407 297 320 320 2014 7 1 19 43 16 6 279
3 1 69 39.579 -110.1 407 297 320 320 2014 7 1 19 44 6 6 279
3 1 69 39.636 -110.25 407 296 320 320 2014 7 1 19 45 6 5 215
3 1 69 39.685 -110.37 410 296 320 270 2014 7 1 19 46 6 5 215
3 1 69 39.737 -110.51 410 296 319 270 2014 7 1 19 47 7 5 215
3 1 69 39.848 -110.8 410 296 279 270 2014 7 1 19 48 15 5 215
3 1 69 39.848 -110.8 409 296 278 260 2014 7 1 19 49 16 5 215
3 1 69 39.899 -110.93 410 296 270 250 2014 7 1 19 50 6 5 215
3 1 69 39.948 -111.06 403 296 256 160 2014 7 1 19 51 6 5 215
3 1 69 39.996 -111.19 401 296 231 160 2014 7 1 19 52 6 5 215
3 1 69 40.046 -111.32 402 296 205 160 2014 7 1 19 53 6 5 215
3 1 69 40.118 -111.53 397 296 166 160 2014 7 1 19 54 16 5 215
3 1 69 40.16 -111.64 355 296 159 160 2014 7 1 19 55 6 5 215
3 1 69 40.195 -111.71 337 296 149 160 2014 7 1 19 56 6 5 215
3 1 69 40.269 -111.81 300 315 130 160 2014 7 1 19 57 6 5 197
3 1 69 40.313 -111.86 301 310 119 160 2014 7 1 19 58 15 5 197
3 1 69 40.391 -111.92 290 341 103 160 2014 7 1 19 59 6 5 197
3 1 69 40.474 -111.95 289 342 97 160 2014 7 1 20 0 6 5 197
3 1 69 40.565 -111.98 286 345 79 160 2014 7 1 20 1 6 5 197
3 1 69 40.635 -111.98 234 356 74 160 2014 7 1 20 2 16 5 197
3 1 69 40.688 -111.99 169 354 61 160 2014 7 1 20 3 15 5 197
3 1 69 40.73 -111.99 157 354 51 160 2014 7 1 20 4 16 5 197
3 1 69 40.77 -111.99 156 354 45 160 2014 7 1 20 5 16 5 197
4 1 69 35.041 -106.61 255 0 53 360 2014 7 2 12 38 6 2 80
4 1 69 35.069 -106.58 192 43 72 360 2014 7 2 12 40 16 2 80
4 1 69 35.15 -106.67 270 33 90 360 2014 7 2 12 41 6 2 80
4 1 69 35.188 -106.75 273 328 105 360 2014 7 2 12 42 6 2 80
4 1 69 35.23 -106.83 293 311 128 360 2014 7 2 12 43 6 2 80
4 1 69 35.299 -106.88 302 300 153 360 2014 7 2 12 44 6 2 80
4 1 69 35.466 -106.96 313 334 193 360 2014 7 2 12 45 16 2 69
4 1 69 35.459 -106.96 328 339 192 360 2014 7 2 12 46 6 2 69
4 1 69 35.547 -107 334 338 208 340 2014 7 2 12 47 16 2 69
4 1 69 35.639 -107.04 350 338 223 340 2014 7 2 12 48 16 2 69
4 1 69 35.752 -107.1 370 338 243 340 2014 7 2 12 49 15 2 69
4 1 69 35.845 -107.14 372 338 257 340 2014 7 2 12 50 6 2 69
4 1 69 35.952 -107.2 384 338 271 340 2014 7 2 12 51 16 2 69
4 1 69 36.057 -107.25 394 338 283 340 2014 7 2 12 52 16 2 69
4 1 69 36.161 -107.3 404 337 295 340 2014 7 2 12 53 15 2 99
4 1 69 36.28 -107.36 415 338 309 340 2014 7 2 12 54 6 6 260
4 1 69 36.383 -107.41 417 338 322 340 2014 7 2 12 55 15 6 260
4 1 69 36.486 -107.46 417 337 334 340 2014 7 2 12 56 6 6 260
4 1 69 36.587 -107.51 416 338 340 340 2014 7 2 12 57 15 6 260
4 1 69 36.714 -107.57 430 337 340 340 2014 7 2 12 58 16 6 260
4 1 69 36.837 -107.64 432 338 340 340 2014 7 2 12 59 16 6 260
4 1 69 36.941 -107.69 427 338 340 340 2014 7 2 13 0 6 6 260
4 1 69 37.045 -107.74 424 338 340 360 2014 7 2 13 1 6 6 260
4 1 69 37.167 -107.8 424 337 351 360 2014 7 2 13 2 6 6 260
4 1 69 37.271 -107.86 424 338 360 360 2014 7 2 13 3 16 6 259
4 1 69 37.377 -107.91 425 337 360 360 2014 7 2 13 4 6 6 259
4 1 69 37.504 -107.97 432 337 360 360 2014 7 2 13 5 6 6 259
4 1 69 37.608 -108.03 429 338 360 360 2014 7 2 13 6 6 6 259
4 1 69 37.728 -108.09 419 337 360 360 2014 7 2 13 7 16 6 254
4 1 69 37.83 -108.15 417 337 360 360 2014 7 2 13 8 6 6 254
4 1 69 37.934 -108.2 418 337 360 360 2014 7 2 13 9 6 6 254
4 1 69 38.056 -108.26 424 337 360 360 2014 7 2 13 10 6 6 254
4 1 69 38.163 -108.32 425 337 360 360 2014 7 2 13 11 6 6 254
4 1 69 38.271 -108.37 433 338 360 360 2014 7 2 13 12 6 6 254
4 1 69 38.399 -108.44 443 337 360 360 2014 7 2 13 13 16 6 254
4 1 69 38.512 -108.5 438 337 360 360 2014 7 2 13 14 6 6 278
4 1 69 38.625 -108.56 439 337 360 360 2014 7 2 13 15 6 6 278
4 1 69 38.722 -108.61 439 337 360 360 2014 7 2 13 16 6 6 278
4 1 69 38.854 -108.68 429 338 360 360 2014 7 2 13 17 15 6 278
4 1 69 38.962 -108.74 422 338 360 360 2014 7 2 13 18 15 6 278
4 1 69 39.06 -108.82 415 333 360 360 2014 7 2 13 19 15 6 278
4 1 69 39.126 -108.94 409 307 360 320 2014 7 2 13 20 6 6 278
4 1 69 39.181 -109.08 414 295 351 320 2014 7 2 13 21 6 6 279
4 1 69 39.231 -109.2 421 296 341 320 2014 7 2 13 22 6 6 279
4 1 69 39.286 -109.34 421 298 332 320 2014 7 2 13 23 6 6 279
4 1 69 39.338 -109.47 421 297 321 320 2014 7 2 13 24 6 6 279
4 1 69 39.391 -109.61 422 296 320 320 2014 7 2 13 25 6 6 279
4 1 69 39.444 -109.75 426 296 320 320 2014 7 2 13 26 6 6 279
4 1 69 39.497 -109.88 426 296 320 320 2014 7 2 13 27 6 6 279
4 1 69 39.554 -110.03 427 296 320 320 2014 7 2 13 28 16 6 279
4 1 69 39.615 -110.19 428 296 320 320 2014 7 2 13 29 6 6 279
4 1 69 39.667 -110.32 429 297 320 190 2014 7 2 13 30 6 5 215
4 1 69 39.709 -110.43 427 296 320 190 2014 7 2 13 31 6 5 215
4 1 69 39.778 -110.61 428 296 320 190 2014 7 2 13 32 16 5 215
4 1 69 39.827 -110.74 428 297 320 190 2014 7 2 13 33 6 5 215
4 1 69 39.879 -110.88 429 296 315 190 2014 7 2 13 34 15 5 215
4 1 69 39.935 -111.02 443 295 288 190 2014 7 2 13 35 6 5 215
4 1 69 40.029 -111.13 443 320 288 190 2014 7 2 13 36 9 5 215
4 1 69 39.99 -111.17 445 304 260 190 2014 7 2 13 37 6 5 215
4 1 69 40.042 -111.31 429 296 233 190 2014 7 2 13 38 6 5 215
4 1 69 40.126 -111.55 388 296 190 190 2014 7 2 13 39 16 5 215
4 1 69 40.145 -111.6 378 295 190 190 2014 7 2 13 40 6 5 215
4 1 69 40.191 -111.72 362 295 185 190 2014 7 2 13 41 6 5 215
4 1 69 40.226 -111.81 375 294 177 190 2014 7 2 13 42 6 5 215
4 1 69 40.269 -111.92 353 297 171 190 2014 7 2 13 43 6 5 215
4 1 69 40.363 -112.01 345 325 157 190 2014 7 2 13 44 6 5 197
4 1 69 40.452 -112.06 349 337 145 190 2014 7 2 13 45 6 5 197
4 1 69 40.547 -112.07 343 354 126 190 2014 7 2 13 46 15 5 197
4 1 69 40.646 -112.08 326 354 110 190 2014 7 2 13 47 6 5 197
4 1 69 40.729 -112.09 325 354 110 190 2014 7 2 13 48 6 5 197
4 1 69 40.811 -112.1 245 355 108 190 2014 7 2 13 49 6 5 197
4 1 69 40.87 -112.11 239 355 94 190 2014 7 2 13 50 6 5 197
4 1 69 40.931 -112.09 231 12 74 190 2014 7 2 13 51 6 5 197
4 1 69 40.919 -112.02 192 102 64 190 2014 7 2 13 52 16 5 197
4 1 69 40.865 -112.01 186 163 53 190 2014 7 2 13 53 16 5 197
4 1 69 40.823 -112 156 175 46 190 2014 7 2 13 54 6 5 197
4 1 69 40.789 -112 133 175 42 190 2014 7 2 13 55 16 5 197
5 1 69 35.044 -106.58 163 0 59 360 2014 7 2 18 46 6 2 80
5 1 69 35.081 -106.51 242 85 85 360 2014 7 2 18 47 6 2 80
5 1 69 35.124 -106.58 307 19 90 360 2014 7 2 18 48 6 2 80
5 1 69 35.136 -106.6 297 308 92 360 2014 7 2 18 49 6 2 80
5 1 69 35.198 -106.67 298 300 117 360 2014 7 2 18 50 6 2 80
5 1 69 35.277 -106.73 294 315 148 360 2014 7 2 18 51 6 2 80
5 1 69 35.345 -106.79 296 325 169 360 2014 7 2 18 52 6 2 80
5 1 69 35.416 -106.85 310 325 182 360 2014 7 2 18 53 6 2 80
5 1 69 35.509 -106.89 326 341 202 360 2014 7 2 18 54 15 2 69
5 1 69 35.604 -106.94 338 336 220 360 2014 7 2 18 55 6 2 69
5 1 69 35.697 -106.99 356 336 234 360 2014 7 2 18 56 16 2 69
5 1 69 35.792 -107.04 370 339 248 360 2014 7 2 18 57 6 2 69
5 1 69 35.897 -107.09 379 337 264 360 2014 7 2 18 58 6 2 69
5 1 69 35.999 -107.14 385 338 278 360 2014 7 2 18 59 6 2 69
5 1 69 36.112 -107.2 392 337 291 360 2014 7 2 19 0 6 2 99
5 1 69 36.213 -107.25 402 337 301 360 2014 7 2 19 1 6 2 99
5 1 69 36.316 -107.31 414 337 310 360 2014 7 2 19 2 6 6 260
5 1 69 36.434 -107.37 415 336 321 360 2014 7 2 19 3 6 6 260
5 1 69 36.542 -107.42 426 338 334 360 2014 7 2 19 4 6 6 260
5 1 69 36.66 -107.49 420 336 347 360 2014 7 2 19 5 16 6 260
5 1 69 36.763 -107.54 419 336 358 360 2014 7 2 19 6 6 6 260
5 1 69 36.882 -107.6 419 337 360 360 2014 7 2 19 7 6 6 259
5 1 69 36.99 -107.66 437 337 360 360 2014 7 2 19 8 6 6 259
5 1 69 37.117 -107.73 443 336 360 360 2014 7 2 19 9 6 6 259
5 1 69 37.222 -107.8 443 337 360 360 2014 7 2 19 10 6 6 259
5 1 69 37.336 -107.89 442 335 360 360 2014 7 2 19 11 6 6 259
5 1 69 37.432 -107.98 440 326 360 360 2014 7 2 19 12 6 6 259
5 1 69 37.543 -108.07 438 325 360 360 2014 7 2 19 13 6 6 259
5 1 69 37.639 -108.16 438 325 360 360 2014 7 2 19 14 6 6 254
5 1 69 37.75 -108.25 437 325 360 360 2014 7 2 19 15 6 6 254
5 1 69 37.844 -108.33 435 325 360 360 2014 7 2 19 16 17 6 254
5 1 69 37.955 -108.43 434 325 360 360 2014 7 2 19 17 6 6 254
5 1 69 38.044 -108.53 434 318 360 360 2014 7 2 19 18 16 6 254
5 1 69 38.159 -108.61 429 325 360 360 2014 7 2 19 19 16 6 254
5 1 69 38.246 -108.71 429 317 360 360 2014 7 2 19 20 6 6 254
5 1 69 38.303 -108.72 425 325 360 360 2014 7 2 19 21 6 6 254
5 1 69 38.466 -108.88 436 323 360 360 2014 7 2 19 22 16 6 278
5 1 69 38.506 -108.91 433 325 360 360 2014 7 2 19 23 16 6 278
5 1 69 38.605 -109 433 325 360 360 2014 7 2 19 24 6 6 278
5 1 69 38.704 -109.09 434 324 360 360 2014 7 2 19 25 6 6 278
5 1 69 38.822 -109.19 434 325 360 360 2014 7 2 19 26 6 6 278
5 1 69 38.92 -109.28 433 325 360 360 2014 7 2 19 27 6 6 278
5 1 69 39.013 -109.37 433 325 360 360 2014 7 2 19 28 6 6 278
5 1 69 39.123 -109.47 432 324 360 320 2014 7 2 19 29 6 6 279
5 1 69 39.219 -109.55 441 325 347 320 2014 7 2 19 30 6 6 279
5 1 69 39.328 -109.65 458 324 331 320 2014 7 2 19 31 6 6 279
5 1 69 39.433 -109.76 474 324 320 320 2014 7 2 19 32 6 6 279
5 1 69 39.502 -109.9 472 309 320 320 2014 7 2 19 33 15 6 279
5 1 69 39.572 -110.08 466 297 320 320 2014 7 2 19 34 6 6 279
5 1 69 39.605 -110.17 462 297 320 320 2014 7 2 19 35 6 6 279
5 1 69 39.662 -110.31 462 296 320 160 2014 7 2 19 36 6 5 215
5 1 69 39.716 -110.45 462 296 320 160 2014 7 2 19 37 7 5 215
5 1 69 39.78 -110.62 462 296 319 160 2014 7 2 19 38 6 5 215
5 1 69 39.834 -110.76 460 296 290 160 2014 7 2 19 39 6 5 215
5 1 69 39.858 -110.82 460 296 276 160 2014 7 2 19 40 6 5 215
5 1 69 39.919 -110.98 410 296 250 160 2014 7 2 19 41 6 5 215
5 1 69 40.004 -111.21 348 296 210 160 2014 7 2 19 42 16 5 215
5 1 69 40.004 -111.21 348 296 210 160 2014 7 2 19 43 6 5 215
5 1 69 40.044 -111.32 340 305 190 160 2014 7 2 19 44 6 5 215
5 1 69 40.083 -111.42 320 295 174 160 2014 7 2 19 45 6 5 215
5 1 69 40.12 -111.52 305 294 160 160 2014 7 2 19 46 6 5 215
5 1 69 40.176 -111.68 307 298 155 160 2014 7 2 19 47 6 5 215
5 1 69 40.232 -111.76 306 306 139 160 2014 7 2 19 48 6 5 197
5 1 69 40.29 -111.84 303 314 124 160 2014 7 2 19 49 6 5 197
5 1 69 40.343 -111.89 304 320 112 160 2014 7 2 19 50 6 5 197
5 1 69 40.448 -111.94 293 331 99 160 2014 7 2 19 51 6 5 197
5 1 69 40.498 -111.95 267 354 96 160 2014 7 2 19 52 16 5 197
5 1 69 40.566 -111.95 229 353 90 160 2014 7 2 19 53 6 5 197
5 1 69 40.629 -111.96 228 355 75 160 2014 7 2 19 54 6 5 197
5 1 69 40.69 -111.96 224 355 58 160 2014 7 2 19 55 6 5 197
5 1 69 40.741 -111.97 187 353 49 160 2014 7 2 19 56 6 5 197
6 1 69 35.049 -106.52 191 83 76 360 2014 7 3 2 23 15 2 80
6 1 69 35.109 -106.52 246 62 90 360 2014 7 3 2 24 6 2 80
6 1 69 35.167 -106.58 277 1 110 360 2014 7 3 2 25 16 2 80
6 1 69 35.234 -106.63 277 330 110 360 2014 7 3 2 26 6 2 80
6 1 69 35.229 -106.65 295 329 134 360 2014 7 3 2 27 6 2 80
6 1 69 35.394 -106.76 318 331 179 360 2014 7 3 2 28 6 2 80
6 1 69 35.46 -106.79 323 336 193 360 2014 7 3 2 29 16 2 69
6 1 69 35.549 -106.84 353 329 208 360 2014 7 3 2 30 16 2 69
6 1 69 35.656 -106.94 384 326 226 360 2014 7 3 2 31 6 2 69
6 1 69 35.755 -107.03 402 324 243 360 2014 7 3 2 32 16 2 69
6 1 69 35.836 -107.12 403 319 257 360 2014 7 3 2 33 15 2 69
6 1 69 35.914 -107.2 409 319 271 360 2014 7 3 2 34 6 2 69
6 1 69 36.017 -107.31 409 319 289 360 2014 7 3 2 35 16 2 69
6 1 69 36.017 -107.31 409 319 289 360 2014 7 3 2 36 6 2 69
6 1 69 36.102 -107.4 412 318 303 360 2014 7 3 2 37 6 2 99
6 1 69 36.286 -107.6 423 319 325 360 2014 7 3 2 38 15 6 260
6 1 69 36.371 -107.69 424 318 335 360 2014 7 3 2 39 15 6 260
6 1 69 36.458 -107.78 428 318 345 360 2014 7 3 2 40 6 6 260
6 1 69 36.472 -107.8 429 318 346 360 2014 7 3 2 41 6 6 260
6 1 69 36.559 -107.89 430 319 356 360 2014 7 3 2 42 6 6 260
6 1 69 36.646 -107.98 430 319 360 360 2014 7 3 2 43 16 6 259
6 1 69 36.734 -108.08 438 318 360 360 2014 7 3 2 44 16 6 259
6 1 69 36.852 -108.18 447 319 360 360 2014 7 3 2 45 16 6 259
6 1 69 36.954 -108.26 452 323 360 360 2014 7 3 2 46 15 6 259
6 1 69 37.073 -108.35 453 327 360 360 2014 7 3 2 47 6 6 259
6 1 69 37.171 -108.43 445 327 360 360 2014 7 3 2 48 15 6 259
6 1 69 37.284 -108.52 437 327 360 360 2014 7 3 2 49 15 6 259
6 1 69 37.383 -108.59 431 327 360 360 2014 7 3 2 50 6 6 259
6 1 69 37.506 -108.66 431 329 360 360 2014 7 3 2 51 6 6 254
6 1 69 37.613 -108.72 433 333 360 360 2014 7 3 2 52 6 6 254
6 1 69 37.773 -108.8 443 336 360 360 2014 7 3 2 53 15 6 254
6 1 69 37.885 -108.86 443 335 360 360 2014 7 3 2 54 6 6 254
6 1 69 37.998 -108.93 442 337 360 360 2014 7 3 2 55 6 6 254
6 1 69 38.129 -109 442 336 360 360 2014 7 3 2 56 15 6 254
6 1 69 38.188 -109.03 442 335 360 360 2014 7 3 2 57 6 6 278
6 1 69 38.356 -109.13 446 335 360 360 2014 7 3 2 58 16 6 278
6 1 69 38.469 -109.19 446 335 360 360 2014 7 3 2 59 7 6 278
6 1 69 38.582 -109.26 446 336 360 360 2014 7 3 3 0 16 6 278
6 1 69 38.696 -109.33 446 335 360 360 2014 7 3 3 1 6 6 278
6 1 69 38.808 -109.39 446 335 360 360 2014 7 3 3 2 6 6 278
6 1 69 38.894 -109.44 445 335 360 360 2014 7 3 3 3 6 6 278
6 1 69 39.008 -109.51 451 335 360 320 2014 7 3 3 4 6 6 278
6 1 69 39.11 -109.57 450 336 359 320 2014 7 3 3 5 6 6 279
6 1 69 39.236 -109.64 445 335 343 320 2014 7 3 3 6 6 6 279
6 1 69 39.347 -109.7 449 335 329 320 2014 7 3 3 7 6 6 279
6 1 69 39.486 -109.86 441 323 320 320 2014 7 3 3 8 16 6 279
6 1 69 39.516 -109.94 439 311 320 320 2014 7 3 3 9 16 6 279
6 1 69 39.57 -110.08 442 297 320 320 2014 7 3 3 10 16 6 279
6 1 69 39.635 -110.24 453 296 320 320 2014 7 3 3 11 6 5 215
6 1 69 39.688 -110.38 452 297 317 190 2014 7 3 3 12 16 5 215
6 1 69 39.751 -110.54 453 296 300 190 2014 7 3 3 13 15 5 215
6 1 69 39.806 -110.69 457 296 282 190 2014 7 3 3 14 16 5 215
6 1 69 39.822 -110.73 454 297 276 190 2014 7 3 3 15 6 5 215
6 1 69 39.887 -110.9 446 296 255 190 2014 7 3 3 16 6 5 215
6 1 69 39.943 -111.04 445 306 237 190 2014 7 3 3 17 15 5 215
6 1 69 39.997 -111.19 444 296 220 190 2014 7 3 3 18 15 5 215
6 1 69 40.048 -111.33 426 296 205 190 2014 7 3 3 19 6 5 215
6 1 69 40.1 -111.48 417 296 190 190 2014 7 3 3 20 6 5 215
6 1 69 40.17 -111.67 414 299 190 190 2014 7 3 3 21 6 5 215
6 1 69 40.283 -111.78 419 307 167 190 2014 7 3 3 22 16 5 215
6 1 69 40.314 -111.8 410 322 161 190 2014 7 3 3 23 6 5 215
6 1 69 40.451 -111.92 333 326 160 190 2014 7 3 3 24 15 5 197
6 1 69 40.479 -111.94 343 327 160 190 2014 7 3 3 25 16 5 197
6 1 69 40.594 -112.05 306 326 145 190 2014 7 3 3 26 16 5 197
6 1 69 40.67 -112.08 294 329 127 190 2014 7 3 3 27 6 5 197
6 1 69 40.752 -112.09 295 355 110 190 2014 7 3 3 28 6 5 197
6 1 69 40.829 -112.1 269 354 108 190 2014 7 3 3 29 6 5 197
6 1 69 40.896 -112.11 232 356 93 190 2014 7 3 3 30 6 5 197
6 1 69 40.935 -112.08 233 28 81 190 2014 7 3 3 31 6 5 197
6 1 69 40.924 -112.01 228 26 63 190 2014 7 3 3 32 6 5 197
6 1 69 40.866 -112.01 214 119 53 190 2014 7 3 3 33 6 5 197
6 1 69 40.823 -112 159 176 46 190 2014 7 3 3 34 16 5 197
7 1 69 35.043 -106.56 192 0 60 360 2014 7 3 23 42 6 2 80
7 1 69 35.05 -106.52 219 86 69 360 2014 7 3 23 43 6 2 80
7 1 69 35.104 -106.53 240 52 85 360 2014 7 3 23 44 6 2 80
7 1 69 35.133 -106.61 269 349 104 360 2014 7 3 23 45 6 2 80
7 1 69 35.204 -106.69 277 346 130 360 2014 7 3 23 46 6 2 80
7 1 69 35.27 -106.75 296 308 145 360 2014 7 3 23 47 6 2 80
7 1 69 35.344 -106.81 332 323 163 360 2014 7 3 23 48 6 2 80
7 1 69 35.412 -106.89 338 322 183 360 2014 7 3 23 49 6 2 80
7 1 69 35.501 -106.97 338 319 209 360 2014 7 3 23 50 6 2 69
7 1 69 35.577 -107.03 332 327 228 360 2014 7 3 23 51 6 2 69
7 1 69 35.647 -107.1 338 327 233 360 2014 7 3 23 52 6 2 69
7 1 69 35.726 -107.2 358 317 250 360 2014 7 3 23 53 6 2 68
7 1 69 35.784 -107.29 363 311 267 360 2014 7 3 23 54 6 2 68
7 1 69 35.821 -107.35 361 306 275 360 2014 7 3 23 55 6 2 68
7 1 69 35.882 -107.46 370 305 282 360 2014 7 3 23 56 7 2 68
7 1 69 35.965 -107.57 400 305 290 360 2014 7 3 23 57 6 2 88
7 1 69 36.109 -107.67 414 329 310 360 2014 7 3 23 58 6 2 88
7 1 69 36.158 -107.7 416 332 317 360 2014 7 3 23 59 6 6 260
7 1 69 36.263 -107.79 408 330 327 360 2014 7 4 0 0 6 6 260
7 1 69 36.411 -107.88 413 333 335 360 2014 7 4 0 1 9 6 260
7 1 69 36.479 -107.92 422 334 341 360 2014 7 4 0 2 6 6 260
7 1 69 36.581 -107.99 429 332 351 360 2014 7 4 0 3 6 6 260
7 1 69 36.696 -108.06 424 332 360 360 2014 7 4 0 4 6 6 259
7 1 69 36.803 -108.11 431 337 360 360 2014 7 4 0 5 6 6 259
7 1 69 36.936 -108.15 436 335 360 360 2014 7 4 0 6 6 6 259
7 1 69 37.05 -108.19 439 344 360 360 2014 7 4 0 7 6 6 259
7 1 69 37.184 -108.23 440 346 360 360 2014 7 4 0 8 6 6 259
7 1 69 37.298 -108.26 440 346 360 360 2014 7 4 0 9 6 6 259
7 1 69 37.416 -108.29 440 346 360 360 2014 7 4 0 10 6 6 259
7 1 69 37.431 -108.3 440 346 360 360 2014 7 4 0 11 6 6 259
7 1 69 37.545 -108.33 440 346 360 360 2014 7 4 0 12 6 6 259
7 1 69 37.788 -108.41 433 346 360 360 2014 7 4 0 13 6 6 254
7 1 69 37.904 -108.44 433 346 360 360 2014 7 4 0 14 8 6 254
7 1 69 37.918 -108.45 433 346 360 360 2014 7 4 0 15 7 6 254
7 1 69 38.029 -108.48 431 346 360 360 2014 7 4 0 16 6 6 254
7 1 69 38.142 -108.51 430 339 360 360 2014 7 4 0 17 6 6 254
7 1 69 38.274 -108.64 428 336 360 360 2014 7 4 0 18 6 6 254
7 1 69 38.316 -108.77 415 296 360 360 2014 7 4 0 19 6 6 278
7 1 69 38.375 -108.93 422 292 360 360 2014 7 4 0 20 6 6 278
7 1 69 38.464 -109.03 424 309 360 360 2014 7 4 0 21 6 6 278
7 1 69 38.569 -109.11 428 328 360 360 2014 7 4 0 22 6 6 278
7 1 69 38.676 -109.19 436 330 360 320 2014 7 4 0 23 6 6 278
7 1 69 38.784 -109.27 446 330 353 320 2014 7 4 0 24 6 6 278
7 1 69 38.895 -109.35 456 330 344 320 2014 7 4 0 25 6 6 278
7 1 69 39.023 -109.44 455 329 340 320 2014 7 4 0 26 6 6 278
7 1 69 39.124 -109.52 443 330 340 320 2014 7 4 0 27 6 6 279
7 1 69 39.238 -109.6 429 330 340 320 2014 7 4 0 28 6 6 279
7 1 69 39.327 -109.67 423 330 334 320 2014 7 4 0 29 6 6 279
7 1 69 39.402 -109.73 431 329 326 320 2014 7 4 0 30 6 6 279
7 1 69 39.487 -109.87 438 324 320 320 2014 7 4 0 31 6 6 279
7 1 69 39.563 -110.06 442 297 320 320 2014 7 4 0 32 6 6 279
7 1 69 39.603 -110.16 438 297 320 320 2014 7 4 0 33 6 6 279
7 1 69 39.655 -110.29 436 296 320 320 2014 7 4 0 34 6 5 215
7 1 69 39.715 -110.45 435 297 320 320 2014 7 4 0 35 6 5 215
7 1 69 39.767 -110.58 435 296 320 170 2014 7 4 0 36 6 5 215
7 1 69 39.828 -110.74 435 296 308 170 2014 7 4 0 37 6 5 215
7 1 69 39.844 -110.78 436 296 300 170 2014 7 4 0 38 6 5 215
7 1 69 39.895 -110.92 429 305 275 170 2014 7 4 0 39 6 5 215
7 1 69 39.946 -111.05 412 296 249 170 2014 7 4 0 40 6 5 215
7 1 69 39.994 -111.18 393 296 224 170 2014 7 4 0 41 7 5 215
7 1 69 40.041 -111.31 388 305 200 160 2014 7 4 0 42 6 5 215
7 1 69 40.104 -111.49 356 296 171 160 2014 7 4 0 43 6 5 215
7 1 69 40.145 -111.6 343 296 160 160 2014 7 4 0 44 6 5 215
7 1 69 40.184 -111.69 312 295 155 160 2014 7 4 0 45 6 5 215
7 1 69 40.236 -111.76 345 298 142 160 2014 7 4 0 46 6 5 215
7 1 69 40.319 -111.87 291 315 129 160 2014 7 4 0 47 6 5 197
7 1 69 40.381 -111.93 278 322 120 160 2014 7 4 0 48 6 5 197
7 1 69 40.45 -111.94 248 339 109 160 2014 7 4 0 49 6 5 197
7 1 69 40.497 -111.94 255 351 98 160 2014 7 4 0 50 6 5 197
7 1 69 40.604 -111.95 258 355 77 160 2014 7 4 0 51 6 5 197
7 1 69 40.665 -111.96 214 354 68 160 2014 7 4 0 52 6 5 197
7 1 69 40.703 -111.96 199 354 57 160 2014 7 4 0 53 6 5 197
7 1 69 40.753 -111.97 146 353 47 160 2014 7 4 0 54 6 5 197
7 1 69 40.788 -111.97 156 356 43 160 2014 7 4 0 55 6 5 197
8 1 69 35.042 -106.57 179 0 62 360 2014 7 3 12 41 15 2 80
8 1 69 35.038 -106.56 181 88 65 360 2014 7 3 12 42 16 2 80
8 1 69 34.999 -106.59 229 199 82 360 2014 7 3 12 43 16 2 80
8 1 69 35.048 -106.65 254 316 99 360 2014 7 3 12 44 6 2 80
8 1 69 35.126 -106.67 291 316 117 360 2014 7 3 12 45 6 2 80
8 1 69 35.212 -106.7 323 336 129 360 2014 7 3 12 46 6 2 80
8 1 69 35.398 -106.79 364 338 165 360 2014 7 3 12 47 16 2 80
8 1 69 35.398 -106.79 364 338 165 360 2014 7 3 12 48 6 2 80
8 1 69 35.601 -106.9 376 337 197 360 2014 7 3 12 49 15 2 69
8 1 69 35.692 -106.94 391 336 209 360 2014 7 3 12 50 16 2 69
8 1 69 35.795 -106.99 398 337 227 360 2014 7 3 12 51 6 2 69
8 1 69 35.813 -107 405 337 230 360 2014 7 3 12 52 6 2 69
8 1 69 35.911 -107.05 404 336 248 360 2014 7 3 12 53 6 2 69
8 1 69 36.007 -107.11 399 337 261 360 2014 7 3 12 54 6 2 69
8 1 69 36.122 -107.17 399 336 273 360 2014 7 3 12 55 15 2 69
8 1 69 36.222 -107.22 406 336 282 360 2014 7 3 12 56 6 2 69
8 1 69 36.327 -107.28 417 336 292 340 2014 7 3 12 57 6 6 260
8 1 69 36.448 -107.34 422 336 303 340 2014 7 3 12 58 16 6 260
8 1 69 36.535 -107.39 423 336 311 340 2014 7 3 12 59 6 6 260
8 1 69 36.658 -107.45 427 337 322 340 2014 7 3 13 0 6 6 260
8 1 69 36.762 -107.51 427 336 332 340 2014 7 3 13 1 6 6 260
8 1 69 36.884 -107.58 427 336 340 340 2014 7 3 13 2 6 6 260
8 1 69 36.989 -107.63 427 336 340 340 2014 7 3 13 3 6 6 260
8 1 69 37.099 -107.69 441 336 340 340 2014 7 3 13 4 6 6 260
8 1 69 37.228 -107.76 449 336 340 340 2014 7 3 13 5 6 6 260
8 1 69 37.337 -107.82 450 336 340 340 2014 7 3 13 6 6 6 260
8 1 69 37.446 -107.88 448 336 340 340 2014 7 3 13 7 9 6 260
8 1 69 37.571 -107.95 445 336 340 340 2014 7 3 13 8 6 6 260
8 1 69 37.679 -108.01 445 336 340 340 2014 7 3 13 9 6 6 260
8 1 69 37.806 -108.08 445 336 340 340 2014 7 3 13 10 6 6 260
8 1 69 37.914 -108.15 445 336 340 340 2014 7 3 13 11 6 6 260
8 1 69 38.023 -108.2 445 335 340 340 2014 7 3 13 12 6 6 260
8 1 69 38.149 -108.28 445 336 340 340 2014 7 3 13 13 6 6 260
8 1 69 38.258 -108.34 445 336 340 340 2014 7 3 13 14 6 6 260
8 1 69 38.383 -108.41 446 336 340 340 2014 7 3 13 15 6 6 260
8 1 69 38.492 -108.47 436 336 340 340 2014 7 3 13 16 6 6 278
8 1 69 38.601 -108.53 431 336 340 340 2014 7 3 13 17 6 6 278
8 1 69 38.709 -108.59 426 337 340 340 2014 7 3 13 18 6 6 278
8 1 69 38.821 -108.66 434 336 340 340 2014 7 3 13 19 6 6 278
8 1 69 38.938 -108.72 431 334 340 320 2014 7 3 13 20 6 6 278
8 1 69 39.024 -108.83 434 332 340 320 2014 7 3 13 21 6 6 278
8 1 69 39.081 -108.96 423 307 340 320 2014 7 3 13 22 6 6 278
8 1 69 39.139 -109.09 426 299 340 320 2014 7 3 13 23 6 6 279
8 1 69 39.196 -109.23 427 299 340 320 2014 7 3 13 24 6 6 279
8 1 69 39.254 -109.36 430 299 340 320 2014 7 3 13 25 6 6 279
8 1 69 39.31 -109.49 430 299 340 320 2014 7 3 13 26 6 6 279
8 1 69 39.376 -109.65 436 299 336 320 2014 7 3 13 27 6 6 279
8 1 69 39.432 -109.78 435 298 326 320 2014 7 3 13 28 16 6 279
8 1 69 39.486 -109.91 429 298 320 320 2014 7 3 13 29 6 6 279
8 1 69 39.55 -110.06 427 298 320 320 2014 7 3 13 30 6 6 279
8 1 69 39.574 -110.12 430 298 320 320 2014 7 3 13 31 8 6 279
8 1 69 39.67 -110.35 433 298 320 190 2014 7 3 13 32 6 5 215
8 1 69 39.689 -110.39 433 298 320 190 2014 7 3 13 33 6 5 215
8 1 69 39.757 -110.56 433 298 320 190 2014 7 3 13 34 6 5 215
8 1 69 39.837 -110.77 433 296 320 190 2014 7 3 13 35 6 5 215
8 1 69 39.863 -110.83 433 296 312 190 2014 7 3 13 36 6 5 215
8 1 69 39.916 -110.97 425 296 287 190 2014 7 3 13 37 6 5 215
8 1 69 39.966 -111.11 419 296 263 190 2014 7 3 13 38 6 5 215
8 1 69 40.017 -111.24 418 296 240 190 2014 7 3 13 39 6 5 215
8 1 69 40.067 -111.37 409 294 218 190 2014 7 3 13 40 6 5 215
8 1 69 40.127 -111.55 386 299 191 190 2014 7 3 13 41 6 5 215
8 1 69 40.165 -111.66 375 295 188 190 2014 7 3 13 42 16 5 215
8 1 69 40.22 -111.8 362 295 178 190 2014 7 3 13 43 6 5 215
8 1 69 40.265 -111.92 360 296 172 190 2014 7 3 13 44 6 5 215
8 1 69 40.353 -112 365 312 161 190 2014 7 3 13 45 6 5 215
8 1 69 40.443 -112.06 360 331 147 190 2014 7 3 13 46 6 5 197
8 1 69 40.514 -112.06 357 351 133 190 2014 7 3 13 47 6 5 197
8 1 69 40.61 -112.08 350 356 113 190 2014 7 3 13 48 6 5 197
8 1 69 40.702 -112.09 326 353 110 190 2014 7 3 13 49 6 5 197
8 1 69 40.793 -112.1 253 354 110 190 2014 7 3 13 50 6 5 197
8 1 69 40.851 -112.1 266 356 110 190 2014 7 3 13 51 6 5 197
8 1 69 40.936 -112.11 265 354 96 190 2014 7 3 13 52 15 5 197
8 1 69 40.971 -112.06 254 39 82 190 2014 7 3 13 53 6 5 197
8 1 69 40.924 -111.99 225 131 65 190 2014 7 3 13 54 6 5 197
8 1 69 40.874 -111.99 180 174 56 190 2014 7 3 13 55 6 5 197
8 1 69 40.839 -111.98 132 173 49 190 2014 7 3 13 56 6 5 197
8 1 69 40.805 -111.98 128 174 43 190 2014 7 3 13 57 6 5 197
9 1 69 35.054 -106.52 203 86 76 360 2014 7 3 18 52 6 2 80
9 1 69 35.107 -106.55 265 43 89 360 2014 7 3 18 53 6 2 80
9 1 69 35.142 -106.64 288 327 111 360 2014 7 3 18 54 6 2 80
9 1 69 35.182 -106.73 299 301 131 360 2014 7 3 18 55 6 2 80
9 1 69 35.25 -106.78 299 325 131 360 2014 7 3 18 56 6 2 80
9 1 69 35.327 -106.85 320 314 178 360 2014 7 3 18 57 6 2 80
9 1 69 35.42 -106.86 326 346 194 360 2014 7 3 18 58 6 2 80
9 1 69 35.531 -106.88 375 353 203 360 2014 7 3 18 59 6 2 69
9 1 69 35.541 -106.88 365 352 204 360 2014 7 3 19 0 6 2 69
9 1 69 35.638 -106.89 385 353 215 360 2014 7 3 19 1 7 2 69
9 1 69 35.788 -106.91 410 352 233 360 2014 7 3 19 2 6 2 69
9 1 69 35.903 -106.93 417 352 250 360 2014 7 3 19 3 6 2 69
9 1 69 36.009 -106.99 421 339 260 360 2014 7 3 19 4 6 2 69
9 1 69 36.119 -107.05 424 336 272 360 2014 7 3 19 5 6 2 69
9 1 69 36.247 -107.12 430 334 283 360 2014 7 3 19 6 6 2 69
9 1 69 36.354 -107.18 436 335 295 360 2014 7 3 19 7 6 6 260
9 1 69 36.469 -107.27 435 333 313 360 2014 7 3 19 8 6 6 260
9 1 69 36.556 -107.36 424 320 326 360 2014 7 3 19 9 6 6 260
9 1 69 36.656 -107.46 424 320 340 360 2014 7 3 19 10 6 6 260
9 1 69 36.742 -107.55 419 321 348 360 2014 7 3 19 11 6 6 260
9 1 69 36.843 -107.65 419 321 359 360 2014 7 3 19 12 6 6 260
9 1 69 36.933 -107.73 418 317 360 360 2014 7 3 19 13 6 6 259
9 1 69 37.046 -107.83 443 322 360 360 2014 7 3 19 14 8 6 259
9 1 69 37.148 -107.92 454 323 360 360 2014 7 3 19 15 6 6 259
9 1 69 37.27 -108.02 463 317 360 360 2014 7 3 19 16 6 6 259
9 1 69 37.375 -108.1 464 327 360 360 2014 7 3 19 17 6 6 259
9 1 69 37.51 -108.17 472 311 360 360 2014 7 3 19 18 6 6 259
9 1 69 37.462 -108.33 472 248 360 360 2014 7 3 19 19 6 6 259
9 1 69 37.627 -108.23 472 308 360 360 2014 7 3 19 20 6 6 254
9 1 69 37.763 -108.3 472 337 360 360 2014 7 3 19 21 6 6 254
9 1 69 38.022 -108.42 474 338 360 360 2014 7 3 19 22 6 6 254
9 1 69 38.092 -108.28 474 58 360 360 2014 7 3 19 23 6 6 254
9 1 69 38.142 -108.46 472 3 360 360 2014 7 3 19 24 6 6 254
9 1 69 38.283 -108.51 472 344 360 360 2014 7 3 19 25 6 6 254
9 1 69 38.415 -108.56 473 334 360 360 2014 7 3 19 26 6 6 278
9 1 69 38.54 -108.6 470 343 360 360 2014 7 3 19 27 6 6 278
9 1 69 38.684 -108.72 464 336 360 360 2014 7 3 19 28 9 6 278
9 1 69 38.764 -108.86 465 308 360 360 2014 7 3 19 29 6 6 278
9 1 69 38.834 -108.98 463 307 360 360 2014 7 3 19 30 6 6 278
9 1 69 38.927 -109.13 459 307 360 360 2014 7 3 19 31 6 6 278
9 1 69 39.008 -109.27 459 307 360 360 2014 7 3 19 32 6 6 278
9 1 69 39.082 -109.39 460 307 360 360 2014 7 3 19 33 6 6 279
9 1 69 39.165 -109.53 444 307 358 320 2014 7 3 19 34 6 6 279
9 1 69 39.238 -109.66 443 307 351 320 2014 7 3 19 35 6 6 279
9 1 69 39.312 -109.78 441 307 344 320 2014 7 3 19 36 6 6 279
9 1 69 39.386 -109.91 441 306 337 320 2014 7 3 19 37 6 6 279
9 1 69 39.459 -110.04 441 306 330 320 2014 7 3 19 38 6 6 279
9 1 69 39.519 -110.14 443 306 324 320 2014 7 3 19 39 6 6 279
9 1 69 39.584 -110.25 409 306 320 320 2014 7 3 19 40 6 6 279
9 1 69 39.676 -110.41 398 306 320 270 2014 7 3 19 41 6 5 215
9 1 69 39.72 -110.49 395 306 320 270 2014 7 3 19 42 6 5 215
9 1 69 39.783 -110.63 396 306 320 270 2014 7 3 19 43 6 5 215
9 1 69 39.864 -110.78 403 304 320 270 2014 7 3 19 44 10 5 215
9 1 69 39.864 -110.78 403 304 320 270 2014 7 3 19 45 6 5 215
9 1 69 39.953 -110.91 406 310 316 190 2014 7 3 19 46 6 5 215
9 1 69 40.031 -111.03 426 309 299 190 2014 7 3 19 47 6 5 215
9 1 69 40.071 -111.17 424 311 265 190 2014 7 3 19 48 6 5 215
9 1 69 40.094 -111.34 407 286 231 190 2014 7 3 19 49 6 5 215
9 1 69 40.116 -111.45 381 280 204 190 2014 7 3 19 51 6 5 215
9 1 69 40.116 -111.45 381 280 204 190 2014 7 3 19 51 6 5 215
9 1 69 40.244 -111.76 407 298 175 190 2014 7 3 19 52 6 5 215
9 1 69 40.315 -111.88 388 307 165 190 2014 7 3 19 53 6 5 215
9 1 69 40.38 -111.99 376 307 155 190 2014 7 3 19 54 6 5 197
9 1 69 40.443 -112.05 343 313 149 190 2014 7 3 19 55 6 5 197
9 1 69 40.562 -112.07 348 351 121 190 2014 7 3 19 56 6 5 197
9 1 69 40.67 -112.08 336 354 110 190 2014 7 3 19 57 6 5 197
9 1 69 40.711 -112.09 316 355 110 190 2014 7 3 19 58 6 5 197
9 1 69 40.795 -112.1 250 356 109 190 2014 7 3 19 59 6 5 197
9 1 69 40.866 -112.11 225 355 93 190 2014 7 3 20 0 6 5 197
9 1 69 40.928 -112.11 229 356 75 190 2014 7 3 20 1 6 5 197
9 1 69 40.917 -112.03 199 84 60 190 2014 7 3 20 2 6 5 197
9 1 69 40.866 -112.01 171 151 54 190 2014 7 3 20 3 6 5 197
9 1 69 40.835 -112 124 175 48 190 2014 7 3 20 4 6 5 197
9 1 69 40.799 -112 132 174 43 190 2014 7 3 20 5 6 5 197
10 1 69 35.047 -106.57 209 82 64 400 2014 7 4 1 35 6 2 80
10 1 69 35.122 -106.58 278 77 93 400 2014 7 4 1 36 6 2 80
10 1 69 35.179 -106.64 270 357 123 400 2014 7 4 1 37 6 2 80
10 1 69 35.241 -106.61 260 305 144 400 2014 7 4 1 38 6 2 80
10 1 69 35.298 -106.54 286 314 171 400 2014 7 4 1 39 15 2 80
10 1 69 35.365 -106.48 275 40 193 400 2014 7 4 1 40 6 2 69
10 1 69 35.416 -106.46 273 20 207 400 2014 7 4 1 41 6 2 69
10 1 69 35.509 -106.5 272 333 228 400 2014 7 4 1 42 16 2 69
10 1 69 35.584 -106.54 286 334 243 400 2014 7 4 1 43 6 2 69
10 1 69 35.664 -106.59 321 334 249 400 2014 7 4 1 44 6 2 69
10 1 69 35.733 -106.63 336 330 256 400 2014 7 4 1 45 6 2 69
10 1 69 35.843 -106.7 350 335 267 400 2014 7 4 1 46 6 2 69
10 1 69 35.927 -106.75 352 333 275 400 2014 7 4 1 47 6 2 69
10 1 69 36.014 -106.8 351 333 284 400 2014 7 4 1 48 15 2 69
10 1 69 36.106 -106.86 344 332 300 400 2014 7 4 1 49 6 2 99
10 1 69 36.183 -106.91 328 333 313 400 2014 7 4 1 50 6 2 99
10 1 69 36.271 -106.97 325 332 327 400 2014 7 4 1 51 6 2 99
10 1 69 36.345 -107.01 317 333 337 400 2014 7 4 1 52 6 2 99
10 1 69 36.421 -107.06 317 333 346 400 2014 7 4 1 53 6 6 260
10 1 69 36.502 -107.11 329 332 355 400 2014 7 4 1 54 10 6 260
10 1 69 36.594 -107.17 332 332 364 400 2014 7 4 1 55 15 6 259
10 1 69 36.688 -107.23 334 332 373 400 2014 7 4 1 56 6 6 259
10 1 69 36.767 -107.28 335 332 382 400 2014 7 4 1 57 6 6 259
10 1 69 36.846 -107.33 334 333 390 400 2014 7 4 1 58 16 6 259
10 1 69 36.928 -107.38 334 332 390 400 2014 7 4 1 59 6 6 259
10 1 69 36.936 -107.39 329 333 399 400 2014 7 4 2 0 6 6 259
10 1 69 37.014 -107.44 328 332 400 400 2014 7 4 2 1 6 6 259
10 1 69 37.11 -107.5 344 332 400 400 2014 7 4 2 2 6 6 259
10 1 69 37.246 -107.66 354 326 400 400 2014 7 4 2 3 6 6 259
10 1 69 37.328 -107.76 367 315 400 400 2014 7 4 2 4 6 6 259
10 1 69 37.399 -107.85 367 314 400 400 2014 7 4 2 5 6 6 259
10 1 69 37.396 -107.85 369 314 400 400 2014 7 4 2 6 6 6 259
10 1 69 37.478 -107.96 369 315 400 400 2014 7 4 2 7 16 6 259
10 1 69 37.547 -108.05 370 314 400 400 2014 7 4 2 8 8 6 259
10 1 69 37.629 -108.15 374 314 400 400 2014 7 4 2 9 6 6 254
10 1 69 37.7 -108.24 374 314 400 400 2014 7 4 2 10 6 6 254
10 1 69 37.782 -108.35 376 314 400 400 2014 7 4 2 11 6 6 254
10 1 69 37.852 -108.44 376 314 400 400 2014 7 4 2 12 6 6 254
10 1 69 37.923 -108.53 377 314 400 400 2014 7 4 2 13 6 6 254
10 1 69 38.004 -108.64 377 314 400 400 2014 7 4 2 14 15 6 254
10 1 69 38.093 -108.75 366 314 400 400 2014 7 4 2 15 6 6 254
10 1 69 38.161 -108.84 369 313 400 400 2014 7 4 2 16 6 6 254
10 1 69 38.233 -108.94 373 314 400 400 2014 7 4 2 17 16 6 278
10 1 69 38.308 -109.03 377 314 400 400 2014 7 4 2 18 15 6 278
10 1 69 38.378 -109.13 374 312 400 400 2014 7 4 2 19 6 6 278
10 1 69 38.467 -109.25 379 315 400 400 2014 7 4 2 20 16 6 278
10 1 69 38.537 -109.34 378 313 400 400 2014 7 4 2 21 6 6 278
10 1 69 38.61 -109.44 378 313 400 400 2014 7 4 2 22 16 6 278
10 1 69 38.681 -109.53 380 314 400 400 2014 7 4 2 23 16 6 278
10 1 69 38.756 -109.64 380 313 400 400 2014 7 4 2 24 16 6 278
10 1 69 38.829 -109.73 379 313 400 320 2014 7 4 2 25 16 6 278
10 1 69 38.902 -109.83 380 313 399 320 2014 7 4 2 26 6 6 278
10 1 69 38.975 -109.93 384 313 395 320 2014 7 4 2 27 6 6 279
10 1 69 39.058 -110.04 394 314 389 320 2014 7 4 2 28 6 5 203
10 1 69 39.138 -110.16 399 314 384 320 2014 7 4 2 29 6 5 203
10 1 69 39.21 -110.25 399 312 370 320 2014 7 4 2 30 6 5 203
10 1 69 39.296 -110.37 400 313 346 320 2014 7 4 2 31 6 5 202
10 1 69 39.372 -110.48 400 313 346 320 2014 7 4 2 32 6 5 202
10 1 69 39.453 -110.59 396 314 320 320 2014 7 4 2 33 6 5 202
10 1 69 39.528 -110.69 396 312 320 320 2014 7 4 2 34 6 5 215
10 1 69 39.604 -110.8 405 311 320 190 2014 7 4 2 35 16 5 215
10 1 69 39.6 -110.79 406 313 320 190 2014 7 4 2 36 6 5 215
10 1 69 39.756 -111.02 406 312 296 190 2014 7 4 2 37 16 5 215
10 1 69 39.756 -111.02 406 312 296 190 2014 7 4 2 38 7 5 215
10 1 69 39.925 -111.26 408 313 248 190 2014 7 4 2 39 15 5 215
10 1 69 39.925 -111.26 408 313 248 190 2014 7 4 2 40 6 5 215
10 1 69 39.999 -111.36 391 312 226 190 2014 7 4 2 41 6 5 215
10 1 69 40.069 -111.46 380 311 204 190 2014 7 4 2 42 6 5 215
10 1 69 40.154 -111.53 365 331 190 190 2014 7 4 2 43 6 5 215
10 1 69 40.243 -111.59 354 333 186 190 2014 7 4 2 44 6 5 215
10 1 69 40.33 -111.65 360 331 171 190 2014 7 4 2 45 6 5 215
10 1 69 40.412 -111.71 330 332 155 190 2014 7 4 2 46 6 5 197
10 1 69 40.485 -111.76 300 332 141 190 2014 7 4 2 47 15 5 197
10 1 69 40.564 -111.82 270 330 140 190 2014 7 4 2 48 16 5 197
10 1 69 40.641 -111.84 287 348 129 190 2014 7 4 2 49 6 5 197
10 1 69 40.711 -111.88 272 339 112 190 2014 7 4 2 50 6 5 197
10 1 69 40.778 -111.89 232 354 110 190 2014 7 4 2 51 6 5 197
10 1 69 40.834 -111.89 199 357 110 190 2014 7 4 2 52 6 5 197
10 1 69 40.886 -111.9 188 351 95 190 2014 7 4 2 53 6 5 197
10 1 69 40.89 -111.95 187 274 66 190 2014 7 4 2 54 6 5 197
10 1 69 40.848 -111.96 155 194 52 190 2014 7 4 2 55 6 5 197
10 1 69 40.816 -111.96 123 183 46 190 2014 7 4 2 56 6 5 197
11 1 69 35.043 -106.57 272 0 62 360 2014 7 4 12 33 15 2 80
11 1 69 34.985 -106.61 236 131 99 360 2014 7 4 12 35 6 2 80
11 1 69 34.987 -106.61 223 206 100 360 2014 7 4 12 36 15 2 80
11 1 69 35.055 -106.63 254 344 120 360 2014 7 4 12 37 16 2 80
11 1 69 35.191 -106.72 307 351 160 360 2014 7 4 12 38 16 2 80
11 1 69 35.191 -106.72 307 351 160 360 2014 7 4 12 39 6 2 80
11 1 69 35.297 -106.92 335 304 195 360 2014 7 4 12 40 16 2 80
11 1 69 35.297 -106.92 335 304 195 360 2014 7 4 12 41 6 2 80
11 1 69 35.353 -107.01 354 302 214 360 2014 7 4 12 42 6 2 68
11 1 69 35.464 -107.13 395 309 239 360 2014 7 4 12 43 6 2 68
11 1 69 35.551 -107.2 372 329 253 360 2014 7 4 12 44 15 2 68
11 1 69 35.641 -107.26 372 329 269 360 2014 7 4 12 45 15 2 68
11 1 69 35.75 -107.34 380 328 286 360 2014 7 4 12 46 6 2 68
11 1 69 35.842 -107.41 382 328 298 360 2014 7 4 12 47 6 2 88
11 1 69 35.938 -107.48 395 329 306 360 2014 7 4 12 48 15 2 88
11 1 69 36.026 -107.55 407 327 310 360 2014 7 4 12 49 6 2 88
11 1 69 36.142 -107.64 427 328 319 360 2014 7 4 12 50 6 2 88
11 1 69 36.274 -107.74 433 328 333 360 2014 7 4 12 51 15 6 260
11 1 69 36.274 -107.74 433 328 333 360 2014 7 4 12 52 6 6 260
11 1 69 36.483 -107.9 429 328 360 360 2014 7 4 12 53 15 6 259
11 1 69 36.545 -107.95 420 327 360 360 2014 7 4 12 54 15 6 259
11 1 69 36.641 -108.02 420 328 360 360 2014 7 4 12 55 6 6 259
11 1 69 36.739 -108.1 420 328 360 360 2014 7 4 12 56 6 6 259
11 1 69 36.851 -108.19 426 328 360 360 2014 7 4 12 57 6 6 259
11 1 69 36.964 -108.27 427 328 360 360 2014 7 4 12 58 6 6 259
11 1 69 37.061 -108.35 428 327 360 360 2014 7 4 12 59 18 6 259
11 1 69 37.162 -108.43 428 328 360 360 2014 7 4 13 0 6 6 259
11 1 69 37.158 -108.43 428 327 360 360 2014 7 4 13 1 6 6 259
11 1 69 37.363 -108.59 423 327 360 360 2014 7 4 13 2 15 6 259
11 1 69 37.363 -108.59 423 327 360 360 2014 7 4 13 3 6 6 259
11 1 69 37.565 -108.75 411 329 360 360 2014 7 4 13 4 16 6 254
11 1 69 37.565 -108.75 411 329 360 360 2014 7 4 13 5 6 6 254
11 1 69 37.75 -108.89 407 329 360 360 2014 7 4 13 6 6 6 254
11 1 69 37.858 -108.98 414 327 360 360 2014 7 4 13 7 6 6 254
11 1 69 37.866 -108.98 412 326 360 360 2014 7 4 13 8 6 6 254
11 1 69 38.041 -109.12 408 328 360 360 2014 7 4 13 9 15 6 269
11 1 69 38.056 -109.14 412 327 360 360 2014 7 4 13 10 15 6 269
11 1 69 38.132 -109.2 408 327 360 360 2014 7 4 13 11 16 6 269
11 1 69 38.331 -109.36 409 327 360 360 2014 7 4 13 12 16 6 278
11 1 69 38.44 -109.45 412 327 360 360 2014 7 4 13 13 16 6 278
11 1 69 38.533 -109.53 414 328 360 320 2014 7 4 13 14 16 6 278
11 1 69 38.629 -109.61 416 326 360 320 2014 7 4 13 15 15 6 278
11 1 69 38.727 -109.69 416 327 358 320 2014 7 4 13 16 15 6 278
11 1 69 38.827 -109.77 428 327 348 320 2014 7 4 13 17 15 6 278
11 1 69 38.846 -109.79 425 326 346 320 2014 7 4 13 18 11 6 278
11 1 69 38.93 -109.86 436 326 337 320 2014 7 4 13 19 16 6 278
11 1 69 39.034 -109.94 447 327 327 320 2014 7 4 13 20 6 6 279
11 1 69 39.167 -110.05 456 326 320 320 2014 7 4 13 21 6 5 202
11 1 69 39.246 -110.12 454 327 320 320 2014 7 4 13 22 6 5 202
11 1 69 39.379 -110.23 455 326 320 320 2014 7 4 13 23 20 5 202
11 1 69 39.565 -110.39 449 326 320 190 2014 7 4 13 24 16 5 202
11 1 69 39.586 -110.41 446 326 320 190 2014 7 4 13 25 15 5 215
11 1 69 39.692 -110.49 447 326 320 190 2014 7 4 13 26 6 5 215
11 1 69 39.776 -110.61 449 316 320 190 2014 7 4 13 27 15 5 215
11 1 69 39.831 -110.75 445 297 300 190 2014 7 4 13 28 6 5 215
11 1 69 39.881 -110.89 428 297 279 190 2014 7 4 13 29 15 5 215
11 1 69 39.932 -111.02 400 295 259 190 2014 7 4 13 30 15 5 215
11 1 69 39.977 -111.14 378 296 239 190 2014 7 4 13 31 6 5 215
11 1 69 40.023 -111.26 376 305 219 190 2014 7 4 13 32 6 5 215
11 1 69 40.07 -111.38 374 295 199 190 2014 7 4 13 33 6 5 215
11 1 69 40.131 -111.56 373 294 190 190 2014 7 4 13 34 15 5 215
11 1 69 40.178 -111.69 374 299 190 190 2014 7 4 13 35 15 5 215
11 1 69 40.224 -111.81 379 296 180 190 2014 7 4 13 36 15 5 215
11 1 69 40.273 -111.94 361 295 170 190 2014 7 4 13 37 16 5 215
11 1 69 40.356 -112.01 354 318 160 190 2014 7 4 13 38 6 5 197
11 1 69 40.445 -112.06 319 330 150 190 2014 7 4 13 39 6 5 197
11 1 69 40.619 -112.01 319 11 150 190 2014 7 4 13 41 15 5 197
11 1 69 40.619 -112.01 319 11 150 190 2014 7 4 13 41 15 5 197
11 1 69 40.701 -112.09 313 353 116 190 2014 7 4 13 42 6 5 197
11 1 69 40.758 -112.09 284 354 110 190 2014 7 4 13 43 6 5 197
11 1 69 40.844 -112.1 249 355 110 190 2014 7 4 13 44 6 5 197
11 1 69 40.903 -112.11 265 355 102 190 2014 7 4 13 45 6 5 197
11 1 69 40.974 -112.09 230 4 80 190 2014 7 4 13 46 6 5 197
11 1 69 40.948 -112.03 183 103 70 190 2014 7 4 13 47 15 5 197
11 1 69 40.901 -112.01 166 158 59 190 2014 7 4 13 48 6 5 197
11 1 69 40.868 -112.01 160 174 53 190 2014 7 4 13 49 16 5 197
11 1 69 40.822 -112 122 173 45 190 2014 7 4 13 51 7 5 197
12 1 69 35.043 -106.58 181 0 61 360 2014 7 4 18 50 6 2 80
12 1 69 35.057 -106.51 227 85 84 360 2014 7 4 18 51 16 2 80
12 1 69 35.116 -106.55 283 76 97 360 2014 7 4 18 52 16 2 80
12 1 69 35.154 -106.63 298 351 121 360 2014 7 4 18 53 16 2 80
12 1 69 35.22 -106.7 306 313 144 360 2014 7 4 18 54 6 2 80
12 1 69 35.252 -106.8 306 292 144 360 2014 7 4 18 55 15 2 80
12 1 69 35.379 -106.79 326 326 180 360 2014 7 4 18 56 15 2 80
12 1 69 35.379 -106.79 328 334 180 360 2014 7 4 18 57 6 2 80
12 1 69 35.557 -106.88 345 337 211 360 2014 7 4 18 58 6 2 69
12 1 69 35.579 -106.9 350 338 214 360 2014 7 4 18 59 6 2 69
12 1 69 35.751 -106.98 378 335 240 360 2014 7 4 19 0 6 2 69
12 1 69 35.868 -107.05 381 338 258 360 2014 7 4 19 1 6 2 69
12 1 69 35.869 -107.05 387 336 258 360 2014 7 4 19 2 16 2 69
12 1 69 35.981 -107.1 387 337 271 360 2014 7 4 19 3 6 2 69
12 1 69 36.081 -107.16 399 337 283 360 2014 7 4 19 4 15 2 69
12 1 69 36.281 -107.26 406 337 306 360 2014 7 4 19 5 16 6 260
12 1 69 36.297 -107.27 406 336 308 360 2014 7 4 19 6 6 6 260
12 1 69 36.501 -107.38 411 337 334 360 2014 7 4 19 7 16 6 260
12 1 69 36.608 -107.45 403 337 340 360 2014 7 4 19 8 16 6 260
12 1 69 36.608 -107.45 402 330 340 360 2014 7 4 19 9 15 6 260
12 1 69 36.721 -107.54 416 328 340 360 2014 7 4 19 10 6 6 260
12 1 69 36.817 -107.61 421 327 340 360 2014 7 4 19 11 6 6 260
12 1 69 36.914 -107.69 427 328 340 360 2014 7 4 19 12 6 6 260
12 1 69 37.011 -107.77 428 326 340 360 2014 7 4 19 13 6 6 260
12 1 69 37.126 -107.86 434 327 340 360 2014 7 4 19 14 6 6 260
12 1 69 37.225 -107.94 436 327 340 360 2014 7 4 19 15 16 6 260
12 1 69 37.34 -108.03 436 325 340 360 2014 7 4 19 16 15 6 260
12 1 69 37.439 -108.11 437 327 340 360 2014 7 4 19 17 16 6 260
12 1 69 37.532 -108.19 437 327 340 360 2014 7 4 19 18 6 6 260
12 1 69 37.612 -108.32 423 325 340 360 2014 7 4 19 19 16 6 260
12 1 69 37.684 -108.43 422 315 343 360 2014 7 4 19 20 16 6 260
12 1 69 37.774 -108.55 413 309 350 360 2014 7 4 19 21 15 6 260
12 1 69 37.857 -108.65 427 315 350 360 2014 7 4 19 22 6 6 260
12 1 69 37.959 -108.76 439 315 356 360 2014 7 4 19 23 6 6 260
12 1 69 38.05 -108.86 440 320 360 360 2014 7 4 19 24 6 6 254
12 1 69 38.199 -108.99 435 325 360 360 2014 7 4 19 25 15 6 254
12 1 69 38.256 -109.05 440 322 360 360 2014 7 4 19 26 6 6 278
12 1 69 38.352 -109.13 428 324 360 360 2014 7 4 19 27 16 6 278
12 1 69 38.461 -109.21 422 325 360 360 2014 7 4 19 28 16 6 278
12 1 69 38.558 -109.27 414 332 360 360 2014 7 4 19 29 6 6 278
12 1 69 38.666 -109.34 414 333 360 360 2014 7 4 19 30 6 6 278
12 1 69 38.775 -109.41 410 334 360 360 2014 7 4 19 31 6 6 278
12 1 69 38.878 -109.47 409 334 360 320 2014 7 4 19 32 16 6 278
12 1 69 38.983 -109.54 422 333 352 320 2014 7 4 19 33 15 6 278
12 1 69 39.1 -109.61 437 332 342 320 2014 7 4 19 34 6 6 279
12 1 69 39.211 -109.69 450 335 331 320 2014 7 4 19 35 16 6 279
12 1 69 39.295 -109.81 453 323 321 320 2014 7 4 19 36 16 6 279
12 1 69 39.335 -109.87 449 313 320 320 2014 7 4 19 37 6 6 279
12 1 69 39.412 -109.99 439 308 320 320 2014 7 4 19 38 6 6 279
12 1 69 39.523 -110.17 422 309 320 320 2014 7 4 19 39 15 6 279
12 1 69 39.593 -110.31 420 308 320 190 2014 7 4 19 40 15 5 215
12 1 69 39.624 -110.45 419 293 320 190 2014 7 4 19 41 6 5 215
12 1 69 39.639 -110.51 417 286 320 190 2014 7 4 19 42 6 5 215
12 1 69 39.702 -110.76 432 290 320 190 2014 7 4 19 43 16 5 215
12 1 69 39.721 -110.83 433 286 320 190 2014 7 4 19 44 16 5 215
12 1 69 39.79 -110.97 458 286 302 190 2014 7 4 19 45 16 5 215
12 1 69 39.866 -111.1 451 302 272 190 2014 7 4 19 46 6 5 215
12 1 69 39.938 -111.22 433 305 242 190 2014 7 4 19 47 16 5 215
12 1 69 40.007 -111.34 415 307 212 190 2014 7 4 19 48 6 5 215
12 1 69 40.079 -111.47 393 307 190 190 2014 7 4 19 49 6 5 215
12 1 69 40.13 -111.57 399 305 190 190 2014 7 4 19 50 16 5 215
12 1 69 40.208 -111.67 389 307 180 190 2014 7 4 19 51 6 5 215
12 1 69 40.292 -111.76 378 324 155 190 2014 7 4 19 52 15 5 197
12 1 69 40.388 -111.85 355 324 150 190 2014 7 4 19 53 16 5 197
12 1 69 40.471 -111.9 335 332 146 190 2014 7 4 19 54 15 5 197
12 1 69 40.55 -111.95 315 334 140 190 2014 7 4 19 55 15 5 197
12 1 69 40.627 -112 309 333 120 190 2014 7 4 19 56 15 5 197
12 1 69 40.776 -112.09 282 332 109 190 2014 7 4 19 58 6 5 197
12 1 69 40.85 -112.1 268 343 93 190 2014 7 4 19 59 15 5 197
12 1 69 40.921 -112.11 263 353 81 190 2014 7 4 20 0 6 5 197
12 1 69 40.96 -112.07 203 355 72 190 2014 7 4 20 1 6 5 197
12 1 69 40.922 -112.02 192 44 60 190 2014 7 4 20 2 6 5 197
12 1 69 40.866 -112.01 164 170 53 190 2014 7 4 20 3 15 5 197
12 1 69 40.825 -112 154 176 46 190 2014 7 4 20 4 15 5 197
