1 77 71 34.167 -118.48 219 0 27 90 1 8
1 77 71 34.167 -118.42 236 172 57 90 1 8
1 77 71 34.183 -118.33 285 71 88 90 1 8
1 77 71 34.15 -118.27 289 103 90 90 1 8
1 77 71 34.067 -118.22 279 145 90 90 1 15
1 77 71 34.017 -118.18 279 154 90 90 1 15
1 77 71 33.917 -118.18 283 167 82 90 1 15
1 77 71 33.867 -118.2 282 193 78 90 1 15
1 77 71 33.783 -118.23 283 194 66 90 1 2
1 77 71 33.717 -118.2 284 175 51 90 1 2
1 77 71 33.7 -118.12 243 107 50 90 1 2
1 77 71 33.683 -118.03 240 103 50 90 1 2
1 77 71 33.685 -117.97 244 91 50 90 1 2
1 77 71 33.736 -117.93 224 29 49 90 1 2
1 77 71 33.782 -117.89 203 28 40 90 1 2
1 77 71 33.826 -117.86 186 39 39 90 1 2
1 77 71 33.869 -117.83 186 28 30 90 1 2
1 77 71 33.867 -117.78 180 30 30 90 1 2
1 77 71 33.816 -117.78 181 123 29 90 1 2
1 77 71 33.779 -117.8 165 208 21 90 1 2
1 77 71 33.746 -117.82 146 202 15 90 1 2
1 77 71 33.712 -117.84 138 219 8 90 1 2
1 77 71 33.683 -117.87 130 205 2 90 1 2
