1 33 49 36.076 -115.17 153 0 32 280 2014 7 1 5 26 6 1 3
1 33 49 36.077 -115.22 192 249 45 280 2014 7 1 5 27 6 1 3
1 33 49 36.016 -115.28 291 260 69 280 2014 7 1 5 28 6 1 3
1 33 49 35.908 -115.31 290 202 102 280 2014 7 1 5 29 15 1 3
1 33 49 35.908 -115.31 290 202 102 280 2014 7 1 5 30 6 1 3
1 33 49 35.719 -115.3 372 184 140 280 2014 7 1 5 31 15 1 3
1 33 49 35.719 -115.3 372 184 140 280 2014 7 1 5 32 7 1 3
1 33 49 35.63 -115.36 377 177 167 280 2014 7 1 5 33 15 1 3
1 33 49 35.556 -115.46 386 191 196 280 2014 7 1 5 34 6 1 31
1 33 49 35.482 -115.56 390 218 223 280 2014 7 1 5 35 15 1 31
1 33 49 35.401 -115.67 403 227 244 280 2014 7 1 5 36 6 1 44
1 33 49 35.322 -115.77 414 227 271 280 2014 7 1 5 37 15 1 44
1 33 49 35.245 -115.87 413 227 280 280 2014 7 1 5 38 15 1 44
1 33 49 35.167 -115.98 412 227 280 280 2014 7 1 5 39 15 1 44
1 33 49 35.013 -116.18 409 227 280 280 2014 7 1 5 40 15 1 44
1 33 49 34.936 -116.28 409 227 280 280 2014 7 1 5 41 15 1 44
1 33 49 34.935 -116.28 408 227 280 280 2014 7 1 5 42 6 1 44
1 33 49 34.858 -116.38 408 226 270 280 2014 7 1 5 43 16 1 44
1 33 49 34.788 -116.47 387 226 251 280 2014 7 1 5 44 15 1 44
1 33 49 34.699 -116.58 377 227 240 280 2014 7 1 5 45 16 1 44
1 33 49 34.626 -116.67 372 226 220 280 2014 7 1 5 46 6 1 19
1 33 49 34.546 -116.77 398 225 185 280 2014 7 1 5 47 16 1 19
1 33 49 34.467 -116.87 393 225 160 280 2014 7 1 5 48 6 1 19
1 33 49 34.4 -116.95 381 224 140 280 2014 7 1 5 49 6 1 19
1 33 49 34.321 -117.04 367 225 120 280 2014 7 1 5 50 15 1 19
1 33 49 34.261 -117.12 314 227 113 280 2014 7 1 5 51 6 1 6
1 33 49 34.209 -117.18 278 227 95 280 2014 7 1 5 52 15 1 6
1 33 49 34.158 -117.24 267 219 81 280 2014 7 1 5 53 15 1 6
1 33 49 34.113 -117.3 232 227 68 280 2014 7 1 5 54 15 1 6
1 33 49 34.083 -117.35 200 225 52 280 2014 7 1 5 55 6 1 6
1 33 49 34.057 -117.42 200 233 36 280 2014 7 1 5 56 6 1 6
1 33 49 34.056 -117.48 190 270 26 280 2014 7 1 5 57 15 1 6
1 33 49 34.056 -117.53 176 270 18 280 2014 7 1 5 58 16 1 6
1 33 49 34.057 -117.57 165 270 14 280 2014 7 1 5 59 6 1 6
2 33 49 36.076 -115.11 176 0 33 280 2014 7 1 2 25 6 1 3
2 33 49 36.075 -114.99 255 93 53 280 2014 7 1 2 26 6 1 3
2 33 49 36.02 -114.93 282 90 76 280 2014 7 1 2 27 16 1 3
2 33 49 35.944 -114.92 283 120 97 280 2014 7 1 2 28 15 1 3
2 33 49 35.883 -115 310 182 107 280 2014 7 1 2 29 16 1 3
2 33 49 35.809 -115.09 346 202 132 280 2014 7 1 2 30 16 1 3
2 33 49 35.746 -115.19 357 225 149 280 2014 7 1 2 31 6 1 3
2 33 49 35.683 -115.29 377 228 166 280 2014 7 1 2 32 6 1 3
2 33 49 35.61 -115.39 385 231 190 280 2014 7 1 2 33 6 1 3
2 33 49 35.537 -115.48 385 229 210 280 2014 7 1 2 34 6 1 31
2 33 49 35.465 -115.58 385 227 210 280 2014 7 1 2 35 6 1 31
2 33 49 35.454 -115.59 387 227 229 280 2014 7 1 2 36 7 1 31
2 33 49 35.3 -115.8 410 227 253 280 2014 7 1 2 37 6 1 44
2 33 49 35.22 -115.91 420 227 262 280 2014 7 1 2 38 16 1 44
2 33 49 35.139 -116.01 430 227 278 280 2014 7 1 2 39 6 1 44
2 33 49 35.054 -116.13 440 227 280 280 2014 7 1 2 40 6 1 44
2 33 49 34.969 -116.24 446 227 280 280 2014 7 1 2 41 6 1 44
2 33 49 34.885 -116.35 446 227 280 280 2014 7 1 2 42 6 1 44
2 33 49 34.867 -116.37 446 227 280 280 2014 7 1 2 43 6 1 44
2 33 49 34.784 -116.48 441 226 262 280 2014 7 1 2 44 15 1 44
2 33 49 34.703 -116.58 420 227 240 280 2014 7 1 2 45 6 1 44
2 33 49 34.626 -116.67 390 226 223 280 2014 7 1 2 46 6 1 19
2 33 49 34.551 -116.76 386 225 196 280 2014 7 1 2 47 16 1 19
2 33 49 34.475 -116.86 385 225 171 280 2014 7 1 2 48 6 1 19
2 33 49 34.403 -116.94 371 225 150 280 2014 7 1 2 49 6 1 19
2 33 49 34.267 -117.1 361 225 106 280 2014 7 1 2 50 6 1 6
2 33 49 34.217 -117.18 319 224 98 280 2014 7 1 2 51 6 1 6
2 33 49 34.15 -117.25 304 225 81 280 2014 7 1 2 52 6 1 6
2 33 49 34.13 -117.28 301 219 77 280 2014 7 1 2 53 6 1 6
2 33 49 34.076 -117.34 274 227 52 280 2014 7 1 2 54 6 1 6
2 33 49 34.057 -117.42 266 234 34 280 2014 7 1 2 55 6 1 6
2 33 49 34.05 -117.52 151 268 19 280 2014 7 1 2 56 6 1 6
2 33 49 34.056 -117.54 175 270 15 280 2014 7 1 2 57 6 1 6
2 33 49 34.056 -117.58 158 270 11 280 2014 7 1 2 58 6 1 6
3 33 49 36.074 -115.16 158 0 33 280 2014 7 1 13 46 6 1 3
3 33 49 36.05 -115.26 272 260 73 280 2014 7 1 13 47 6 1 3
3 33 49 35.967 -115.3 294 253 116 280 2014 7 1 13 48 16 1 3
3 33 49 35.876 -115.31 334 210 150 280 2014 7 1 13 49 6 1 3
3 33 49 35.778 -115.31 353 192 186 280 2014 7 1 13 50 16 1 3
3 33 49 35.667 -115.32 390 181 219 280 2014 7 1 13 51 6 1 31
3 33 49 35.594 -115.41 390 227 219 280 2014 7 1 13 52 6 1 31
3 33 49 35.523 -115.51 378 204 280 280 2014 7 1 13 53 15 1 44
3 33 49 35.459 -115.59 375 227 280 280 2014 7 1 13 54 6 1 44
3 33 49 35.367 -115.71 405 227 280 280 2014 7 1 13 55 15 1 44
3 33 49 35.291 -115.81 405 227 280 280 2014 7 1 13 56 6 1 44
3 33 49 35.288 -115.82 413 227 280 280 2014 7 1 13 57 9 1 44
3 33 49 35.212 -115.92 413 227 280 280 2014 7 1 13 58 6 1 44
3 33 49 35.135 -116.02 412 227 280 280 2014 7 1 13 59 6 1 44
3 33 49 34.979 -116.22 412 227 280 280 2014 7 1 14 0 16 1 44
3 33 49 34.898 -116.33 413 227 280 280 2014 7 1 14 1 9 1 44
3 33 49 34.821 -116.43 413 227 280 280 2014 7 1 14 2 15 1 44
3 33 49 34.804 -116.45 413 227 280 280 2014 7 1 14 3 6 1 44
3 33 49 34.648 -116.64 401 226 236 280 2014 7 1 14 4 6 1 19
3 33 49 34.571 -116.74 401 225 236 280 2014 7 1 14 5 16 1 19
3 33 49 34.573 -116.73 386 225 211 280 2014 7 1 14 6 6 1 19
3 33 49 34.501 -116.82 373 225 187 280 2014 7 1 14 7 6 1 19
3 33 49 34.431 -116.91 365 225 163 280 2014 7 1 14 8 6 1 19
3 33 49 34.362 -117 359 224 139 280 2014 7 1 14 9 6 1 19
3 33 49 34.25 -117.13 299 224 105 280 2014 7 1 14 10 16 1 6
3 33 49 34.222 -117.17 316 227 98 280 2014 7 1 14 11 14 1 6
3 33 49 34.169 -117.23 286 225 80 280 2014 7 1 14 12 6 1 6
3 33 49 34.122 -117.29 249 227 73 280 2014 7 1 14 13 6 1 6
3 33 49 34.078 -117.34 221 208 56 280 2014 7 1 14 14 6 1 6
3 33 49 34.056 -117.4 216 238 40 280 2014 7 1 14 15 16 1 6
3 33 49 34.056 -117.48 207 270 25 280 2014 7 1 14 16 6 1 6
3 33 49 34.056 -117.53 174 270 17 280 2014 7 1 14 17 16 1 6
3 33 49 34.056 -117.57 150 270 12 280 2014 7 1 14 18 6 1 6
4 33 49 36.076 -115.12 137 0 31 280 2014 7 1 17 53 6 1 3
4 33 49 36.076 -115.08 181 99 39 280 2014 7 1 17 54 6 1 3
4 33 49 36.068 -114.99 266 89 58 280 2014 7 1 17 55 16 1 3
4 33 49 36.044 -114.97 266 96 70 280 2014 7 1 17 56 8 1 3
4 33 49 35.963 -115.01 285 178 103 280 2014 7 1 17 57 6 1 3
4 33 49 35.886 -115.04 292 186 133 280 2014 7 1 17 58 6 1 3
4 33 49 35.798 -115.11 358 199 158 280 2014 7 1 17 59 6 1 3
4 33 49 35.733 -115.21 372 214 170 280 2014 7 1 18 0 6 1 3
4 33 49 35.663 -115.31 376 221 184 280 2014 7 1 18 1 6 1 3
4 33 49 35.589 -115.41 383 230 212 280 2014 7 1 18 2 15 1 31
4 33 49 35.513 -115.52 401 228 236 280 2014 7 1 18 3 6 1 31
4 33 49 35.44 -115.61 417 227 261 280 2014 7 1 18 4 6 1 44
4 33 49 35.318 -115.67 397 227 280 280 2014 7 1 18 5 6 1 44
4 33 49 35.213 -115.69 385 212 280 280 2014 7 1 18 6 9 1 44
4 33 49 35.124 -115.75 380 207 280 240 2014 7 1 18 7 16 1 44
4 33 49 35.075 -115.86 369 197 280 240 2014 7 1 18 8 6 1 44
4 33 49 35.024 -115.96 368 223 280 240 2014 7 1 18 9 6 1 44
4 33 49 34.975 -116.07 368 240 280 240 2014 7 1 18 10 6 1 44
4 33 49 34.915 -116.2 369 240 280 240 2014 7 1 18 11 6 1 44
4 33 49 34.863 -116.31 369 239 280 240 2014 7 1 18 12 16 1 44
4 33 49 34.813 -116.42 369 240 265 240 2014 7 1 18 13 16 1 44
4 33 49 34.756 -116.51 352 236 247 240 2014 7 1 18 14 6 1 44
4 33 49 34.689 -116.59 347 236 230 240 2014 7 1 18 15 6 1 19
4 33 49 34.621 -116.67 340 228 213 240 2014 7 1 18 16 6 1 19
4 33 49 34.544 -116.77 337 224 193 240 2014 7 1 18 17 6 1 19
4 33 49 34.481 -116.85 337 227 193 240 2014 7 1 18 18 6 1 19
4 33 49 34.415 -116.93 330 225 158 240 2014 7 1 18 19 6 1 19
4 33 49 34.35 -117.02 317 220 141 240 2014 7 1 18 20 6 1 19
4 33 49 34.291 -117.08 310 219 125 240 2014 7 1 18 21 12 1 19
4 33 49 34.233 -117.17 296 225 105 240 2014 7 1 18 22 6 1 6
4 33 49 34.167 -117.23 276 225 91 240 2014 7 1 18 23 6 1 6
4 33 49 34.133 -117.28 275 225 72 240 2014 7 1 18 24 16 1 6
4 33 49 34.067 -117.35 250 224 57 240 2014 7 1 18 25 16 1 6
4 33 49 34.05 -117.42 216 224 45 240 2014 7 1 18 26 6 1 6
4 33 49 34.058 -117.42 233 253 44 240 2014 7 1 18 27 6 1 6
4 33 49 34.05 -117.48 167 237 32 240 2014 7 1 18 28 6 1 6
4 33 49 34.056 -117.55 171 270 16 240 2014 7 1 18 29 6 1 6
5 33 49 36.08 -115.15 172 0 21 280 2014 7 1 23 2 6 1 3
5 33 49 36.076 -115.01 220 95 56 280 2014 7 1 23 4 15 1 3
5 33 49 36.037 -114.94 277 89 76 280 2014 7 1 23 5 6 1 3
5 33 49 35.959 -114.92 292 108 102 280 2014 7 1 23 6 6 1 3
5 33 49 35.887 -114.99 331 148 118 280 2014 7 1 23 7 6 1 3
5 33 49 35.818 -115.08 348 197 147 280 2014 7 1 23 8 15 1 3
5 33 49 35.748 -115.19 372 220 175 280 2014 7 1 23 9 6 1 3
5 33 49 35.685 -115.28 382 228 201 280 2014 7 1 23 10 15 1 31
5 33 49 35.611 -115.39 395 230 225 280 2014 7 1 23 11 6 1 31
5 33 49 35.532 -115.49 410 229 258 280 2014 7 1 23 12 6 1 44
5 33 49 35.457 -115.59 396 228 280 280 2014 7 1 23 13 6 1 44
5 33 49 35.383 -115.69 390 227 280 280 2014 7 1 23 14 16 1 44
5 33 49 35.295 -115.81 390 227 280 280 2014 7 1 23 15 6 1 44
5 33 49 35.221 -115.9 390 227 280 280 2014 7 1 23 16 7 1 44
5 33 49 35.148 -116 390 227 280 280 2014 7 1 23 17 6 1 44
5 33 49 35.071 -116.1 391 227 280 280 2014 7 1 23 18 6 1 44
5 33 49 34.997 -116.2 391 226 280 280 2014 7 1 23 19 6 1 44
5 33 49 34.925 -116.3 390 226 280 280 2014 7 1 23 20 15 1 44
5 33 49 34.852 -116.39 390 228 266 280 2014 7 1 23 21 6 1 44
5 33 49 34.768 -116.5 370 227 244 280 2014 7 1 23 22 16 1 44
5 33 49 34.706 -116.6 370 232 244 280 2014 7 1 23 23 6 1 44
5 33 49 34.701 -116.58 354 228 240 120 2014 7 1 23 24 6 1 44
5 33 49 34.63 -116.67 354 228 222 120 2014 7 1 23 25 6 1 19
5 33 49 34.553 -116.76 380 225 191 120 2014 7 1 23 26 6 1 19
5 33 49 34.476 -116.85 388 225 167 120 2014 7 1 23 27 6 1 19
5 33 49 34.35 -117.02 332 225 138 120 2014 7 1 23 28 6 1 19
5 33 49 34.283 -117.08 316 224 117 120 2014 7 1 23 29 6 1 19
5 33 49 34.2 -117.13 301 212 103 120 2014 7 1 23 30 15 1 6
5 33 49 34.183 -117.14 290 206 101 120 2014 7 1 23 31 7 1 6
5 33 49 34.127 -117.18 250 202 83 120 2014 7 1 23 32 6 1 6
5 33 49 34.098 -117.24 235 238 64 120 2014 7 1 23 33 6 1 6
5 33 49 34.067 -117.35 178 247 43 120 2014 7 1 23 34 6 1 6
5 33 49 34.05 -117.4 176 249 36 120 2014 7 1 23 35 6 1 6
5 33 49 34.05 -117.47 164 265 28 120 2014 7 1 23 36 6 1 6
5 33 49 34.05 -117.52 143 274 20 120 2014 7 1 23 37 16 1 6
5 33 49 34.05 -117.55 134 270 14 120 2014 7 1 23 38 6 1 6
5 33 49 34.057 -117.58 148 270 14 120 2014 7 1 23 39 6 1 6
6 33 49 36.077 -115.18 175 0 35 280 2014 7 2 5 25 15 1 3
6 33 49 36.032 -115.27 229 255 70 280 2014 7 2 5 26 15 1 3
6 33 49 35.96 -115.3 274 203 70 280 2014 7 2 5 27 15 1 3
6 33 49 35.896 -115.31 282 198 78 280 2014 7 2 5 28 15 1 3
6 33 49 35.829 -115.31 287 184 104 280 2014 7 2 5 29 15 1 3
6 33 49 35.797 -115.31 293 180 108 280 2014 7 2 5 30 15 1 3
6 33 49 35.715 -115.3 342 177 127 280 2014 7 2 5 31 15 1 3
6 33 49 35.616 -115.38 366 174 161 280 2014 7 2 5 32 15 1 3
6 33 49 35.544 -115.47 375 197 192 280 2014 7 2 5 33 16 1 31
6 33 49 35.409 -115.66 397 227 242 280 2014 7 2 5 34 15 1 44
6 33 49 35.335 -115.76 397 227 242 280 2014 7 2 5 35 15 1 44
6 33 49 35.32 -115.77 392 227 278 280 2014 7 2 5 36 15 1 44
6 33 49 35.247 -115.87 389 227 280 280 2014 7 2 5 37 15 1 44
6 33 49 35.168 -115.98 412 227 280 280 2014 7 2 5 38 15 1 44
6 33 49 35.089 -116.08 416 227 280 280 2014 7 2 5 39 15 1 44
6 33 49 35.01 -116.19 417 227 280 280 2014 7 2 5 40 15 1 44
6 33 49 34.931 -116.29 417 227 280 280 2014 7 2 5 41 16 1 44
6 33 49 34.851 -116.39 417 227 280 280 2014 7 2 5 42 15 1 44
6 33 49 34.771 -116.49 418 226 276 280 2014 7 2 5 43 6 1 44
6 33 49 34.685 -116.6 424 226 242 280 2014 7 2 5 44 15 1 44
6 33 49 34.601 -116.7 426 225 214 280 2014 7 2 5 45 15 1 19
6 33 49 34.523 -116.8 410 224 188 280 2014 7 2 5 46 6 1 19
6 33 49 34.433 -116.92 390 225 156 280 2014 7 2 5 47 6 1 19
6 33 49 34.35 -117.02 376 225 132 280 2014 7 2 5 48 15 1 19
6 33 49 34.283 -117.08 334 224 126 280 2014 7 2 5 49 15 1 19
6 33 49 34.233 -117.15 295 225 120 280 2014 7 2 5 50 15 1 6
6 33 49 34.183 -117.22 255 225 111 280 2014 7 2 5 51 15 1 6
6 33 49 34.132 -117.27 238 223 99 280 2014 7 2 5 52 15 1 6
6 33 49 34.089 -117.32 228 219 84 280 2014 7 2 5 53 15 1 6
6 33 49 34.053 -117.38 205 238 70 280 2014 7 2 5 54 15 1 6
6 33 49 34.051 -117.43 179 270 57 280 2014 7 2 5 55 15 1 6
6 33 49 34.059 -117.48 175 270 37 280 2014 7 2 5 56 15 1 6
6 33 49 34.05 -117.53 155 281 18 280 2014 7 2 5 57 15 1 6
7 33 49 36.076 -115.09 180 97 40 280 2014 7 2 23 6 6 1 3
7 33 49 36.075 -115 253 95 55 280 2014 7 2 23 7 6 1 3
7 33 49 36.025 -114.93 281 95 79 280 2014 7 2 23 8 6 1 3
7 33 49 35.997 -114.92 271 130 88 280 2014 7 2 23 9 6 1 3
7 33 49 35.921 -114.95 289 156 115 280 2014 7 2 23 10 6 1 3
7 33 49 35.858 -115.03 323 205 135 280 2014 7 2 23 11 6 1 3
7 33 49 35.791 -115.12 351 213 162 280 2014 7 2 23 12 6 1 3
7 33 49 35.726 -115.22 374 226 190 280 2014 7 2 23 13 6 1 3
7 33 49 35.659 -115.32 382 229 217 280 2014 7 2 23 14 16 1 31
7 33 49 35.584 -115.42 392 231 244 280 2014 7 2 23 15 6 1 44
7 33 49 35.495 -115.54 394 228 275 280 2014 7 2 23 16 6 1 44
7 33 49 35.407 -115.63 419 227 280 280 2014 7 2 23 17 16 1 44
7 33 49 35.309 -115.71 420 224 280 280 2014 7 2 23 18 6 1 44
7 33 49 35.211 -115.79 422 216 280 280 2014 7 2 23 19 6 1 44
7 33 49 35.112 -115.87 422 213 280 280 2014 7 2 23 20 6 1 44
7 33 49 35.013 -115.95 422 212 280 280 2014 7 2 23 21 6 1 44
7 33 49 34.914 -116.03 424 222 280 240 2014 7 2 23 22 6 1 44
7 33 49 34.834 -116.14 429 213 280 240 2014 7 2 23 23 6 1 44
7 33 49 34.75 -116.27 423 221 273 240 2014 7 2 23 24 16 1 44
7 33 49 34.686 -116.39 415 230 247 240 2014 7 2 23 25 16 1 44
7 33 49 34.621 -116.5 406 234 219 120 2014 7 2 23 26 10 1 19
7 33 49 34.557 -116.61 406 235 219 120 2014 7 2 23 27 6 1 19
7 33 49 34.494 -116.72 400 235 163 120 2014 7 2 23 28 6 1 19
7 33 49 34.429 -116.83 392 235 136 120 2014 7 2 23 29 20 1 19
7 33 49 34.359 -116.95 375 234 119 120 2014 7 2 23 30 8 1 19
7 33 49 34.317 -117.02 320 234 116 120 2014 7 2 23 31 6 1 19
7 33 49 34.267 -117.1 307 234 109 120 2014 7 2 23 32 6 1 6
7 33 49 34.217 -117.18 301 234 98 120 2014 7 2 23 33 6 1 6
7 33 49 34.15 -117.25 281 224 79 120 2014 7 2 23 34 6 1 6
7 33 49 34.1 -117.32 274 226 58 120 2014 7 2 23 35 6 1 6
7 33 49 34.05 -117.38 273 224 41 120 2014 7 2 23 36 6 1 6
7 33 49 34.05 -117.45 206 248 40 120 2014 7 2 23 37 16 1 6
7 33 49 34.05 -117.5 159 267 24 120 2014 7 2 23 38 6 1 6
7 33 49 34.05 -117.55 144 269 14 120 2014 7 2 23 39 6 1 6
7 33 49 34.057 -117.58 163 270 12 120 2014 7 2 23 40 6 1 6
8 33 49 36.076 -115.2 181 255 38 280 2014 7 2 2 50 6 1 3
8 33 49 36.023 -115.28 264 246 60 280 2014 7 2 2 51 16 1 3
8 33 49 35.96 -115.3 290 228 71 280 2014 7 2 2 52 16 1 3
8 33 49 35.895 -115.31 280 195 97 280 2014 7 2 2 53 15 1 3
8 33 49 35.866 -115.31 278 185 103 280 2014 7 2 2 54 6 1 3
8 33 49 35.768 -115.3 333 185 118 280 2014 7 2 2 55 15 1 3
8 33 49 35.686 -115.36 343 177 143 280 2014 7 2 2 56 16 1 3
8 33 49 35.616 -115.45 355 191 159 280 2014 7 2 2 57 16 1 3
8 33 49 35.543 -115.54 367 217 185 280 2014 7 2 2 58 15 1 31
8 33 49 35.471 -115.63 369 225 202 280 2014 7 2 2 59 16 1 31
8 33 49 35.391 -115.73 382 225 226 280 2014 7 2 3 0 6 1 31
8 33 49 35.315 -115.83 389 225 240 280 2014 7 2 3 1 15 1 44
8 33 49 35.23 -115.93 422 225 240 280 2014 7 2 3 2 15 1 44
8 33 49 35.15 -116.03 423 224 240 280 2014 7 2 3 3 6 1 44
8 33 49 35.072 -116.13 402 225 246 280 2014 7 2 3 4 15 1 44
8 33 49 34.99 -116.22 408 225 262 280 2014 7 2 3 5 16 1 44
8 33 49 34.909 -116.32 409 225 278 240 2014 7 2 3 6 6 1 44
8 33 49 34.813 -116.44 410 225 271 240 2014 7 2 3 7 16 1 44
8 33 49 34.736 -116.54 399 225 249 240 2014 7 2 3 8 15 1 44
8 33 49 34.661 -116.63 384 225 229 120 2014 7 2 3 9 16 1 19
8 33 49 34.588 -116.72 378 225 205 120 2014 7 2 3 10 15 1 19
8 33 49 34.517 -116.81 369 225 184 120 2014 7 2 3 11 6 1 19
8 33 49 34.446 -116.89 362 230 161 120 2014 7 2 3 12 6 1 19
8 33 49 34.379 -116.97 348 225 142 120 2014 7 2 3 13 6 1 19
8 33 49 34.283 -117.08 327 225 120 120 2014 7 2 3 14 15 1 19
8 33 49 34.217 -117.17 322 225 100 120 2014 7 2 3 15 16 1 6
8 33 49 34.179 -117.22 308 225 92 120 2014 7 2 3 16 16 1 6
8 33 49 34.117 -117.3 278 226 68 120 2014 7 2 3 17 15 1 6
8 33 49 34.067 -117.37 260 225 41 120 2014 7 2 3 18 15 1 6
8 33 49 34.05 -117.43 190 254 33 120 2014 7 2 3 19 15 1 6
8 33 49 34.05 -117.5 172 268 24 120 2014 7 2 3 20 6 1 6
8 33 49 34.056 -117.53 161 261 17 120 2014 7 2 3 21 15 1 6
9 33 49 36.076 -115.16 151 0 34 280 2014 7 2 13 41 6 1 3
9 33 49 36.075 -115.22 214 263 51 280 2014 7 2 13 42 6 1 3
9 33 49 35.946 -115.3 305 214 111 280 2014 7 2 13 43 6 1 3
9 33 49 35.924 -115.31 311 194 120 280 2014 7 2 13 44 6 1 3
9 33 49 35.832 -115.31 332 192 159 280 2014 7 2 13 45 6 1 3
9 33 49 35.733 -115.3 359 183 190 280 2014 7 2 13 46 15 1 3
9 33 49 35.643 -115.34 373 178 219 280 2014 7 2 13 47 6 1 31
9 33 49 35.572 -115.44 375 201 256 280 2014 7 2 13 48 6 1 44
9 33 49 35.501 -115.53 375 219 280 280 2014 7 2 13 49 6 1 44
9 33 49 35.414 -115.65 424 227 280 280 2014 7 2 13 50 6 1 44
9 33 49 35.331 -115.76 438 227 280 280 2014 7 2 13 51 6 1 44
9 33 49 35.243 -115.88 459 227 280 280 2014 7 2 13 52 16 1 44
9 33 49 35.157 -115.99 459 227 280 280 2014 7 2 13 53 16 1 44
9 33 49 35.07 -116.11 459 227 280 280 2014 7 2 13 54 6 1 44
9 33 49 34.966 -116.24 457 227 280 280 2014 7 2 13 55 16 1 44
9 33 49 34.879 -116.36 456 227 280 280 2014 7 2 13 56 6 1 44
9 33 49 34.792 -116.47 456 226 280 280 2014 7 2 13 57 6 1 44
9 33 49 34.704 -116.58 456 226 269 280 2014 7 2 13 58 15 1 44
9 33 49 34.62 -116.68 427 226 235 280 2014 7 2 13 59 6 1 19
9 33 49 34.539 -116.78 416 225 204 280 2014 7 2 14 0 6 1 19
9 33 49 34.461 -116.87 401 225 173 280 2014 7 2 14 1 6 1 19
9 33 49 34.385 -116.96 392 224 147 280 2014 7 2 14 2 6 1 19
9 33 49 34.301 -117.06 356 225 125 280 2014 7 2 14 3 6 1 19
9 33 49 34.242 -117.13 304 225 114 280 2014 7 2 14 4 6 1 6
9 33 49 34.176 -117.18 288 211 100 280 2014 7 2 14 5 16 1 6
9 33 49 34.108 -117.2 260 202 84 280 2014 7 2 14 6 6 1 6
9 33 49 34.066 -117.26 272 202 59 280 2014 7 2 14 7 6 1 6
9 33 49 34.059 -117.36 241 270 40 280 2014 7 2 14 8 16 1 6
9 33 49 34.05 -117.38 193 265 40 280 2014 7 2 14 9 6 1 6
9 33 49 34.057 -117.47 185 270 26 280 2014 7 2 14 10 16 1 6
9 33 49 34.05 -117.5 144 271 24 280 2014 7 2 14 11 7 1 6
9 33 49 34.05 -117.53 133 268 17 280 2014 7 2 14 12 6 1 6
9 33 49 34.056 -117.57 144 270 14 280 2014 7 2 14 13 6 1 6
10 33 49 36.08 -115.15 171 0 21 280 2014 7 2 17 54 6 1 3
10 33 49 36.072 -114.97 260 45 59 280 2014 7 2 17 56 6 1 3
10 33 49 35.981 -114.98 290 144 92 280 2014 7 2 17 57 6 1 3
10 33 49 35.939 -115.02 291 184 105 280 2014 7 2 17 58 6 1 3
10 33 49 35.865 -115.1 349 224 121 280 2014 7 2 17 59 6 1 3
10 33 49 35.783 -115.19 354 219 148 280 2014 7 2 18 0 6 1 3
10 33 49 35.705 -115.27 364 220 169 280 2014 7 2 18 1 7 1 3
10 33 49 35.628 -115.36 380 223 191 280 2014 7 2 18 2 16 1 31
10 33 49 35.554 -115.46 392 222 212 280 2014 7 2 18 3 6 1 31
10 33 49 35.477 -115.56 402 226 231 280 2014 7 2 18 4 6 1 31
10 33 49 35.397 -115.67 403 228 252 280 2014 7 2 18 5 16 1 44
10 33 49 35.318 -115.78 415 227 264 280 2014 7 2 18 6 16 1 44
10 33 49 35.236 -115.89 429 228 279 280 2014 7 2 18 7 6 1 44
10 33 49 35.138 -116.02 434 227 280 240 2014 7 2 18 8 6 1 44
10 33 49 35.054 -116.12 437 227 280 240 2014 7 2 18 9 6 1 44
10 33 49 34.971 -116.23 438 227 280 240 2014 7 2 18 10 6 1 44
10 33 49 34.889 -116.34 437 227 277 240 2014 7 2 18 11 11 1 44
10 33 49 34.81 -116.44 419 227 261 240 2014 7 2 18 12 6 1 44
10 33 49 34.738 -116.53 383 228 241 240 2014 7 2 18 13 16 1 44
10 33 49 34.653 -116.64 364 226 240 120 2014 7 2 18 14 7 1 44
10 33 49 34.584 -116.72 356 225 223 120 2014 7 2 18 15 6 1 19
10 33 49 34.511 -116.81 367 225 195 120 2014 7 2 18 16 6 1 19
10 33 49 34.435 -116.9 381 225 164 120 2014 7 2 18 17 6 1 19
10 33 49 34.359 -117 386 225 135 120 2014 7 2 18 18 6 1 19
10 33 49 34.288 -117.08 364 225 120 120 2014 7 2 18 19 6 1 19
10 33 49 34.219 -117.16 290 219 119 120 2014 7 2 18 20 6 1 6
10 33 49 34.2 -117.17 264 223 111 120 2014 7 2 18 21 6 1 6
10 33 49 34.094 -117.25 283 211 80 120 2014 7 2 18 22 6 1 6
10 33 49 34.067 -117.28 256 222 76 120 2014 7 2 18 23 6 1 6
10 33 49 34.056 -117.39 243 253 42 120 2014 7 2 18 24 6 1 6
10 33 49 34.05 -117.42 230 274 35 120 2014 7 2 18 25 6 1 6
10 33 49 34.05 -117.48 187 270 26 120 2014 7 2 18 26 6 1 6
10 33 49 34.05 -117.55 148 268 16 120 2014 7 2 18 27 6 1 6
10 33 49 34.056 -117.58 177 270 16 120 2014 7 2 18 28 6 1 6
11 33 49 36.076 -115.18 158 258 38 280 2014 7 3 5 38 15 1 3
11 33 49 36.067 -115.25 221 259 58 280 2014 7 3 5 39 15 1 3
11 33 49 36.067 -115.25 221 259 58 280 2014 7 3 5 40 6 1 3
11 33 49 35.921 -115.31 295 229 110 280 2014 7 3 5 41 16 1 3
11 33 49 35.817 -115.31 347 198 141 280 2014 7 3 5 42 16 1 3
11 33 49 35.765 -115.21 347 122 141 280 2014 7 3 5 43 15 1 3
11 33 49 35.721 -115.33 365 165 172 280 2014 7 3 5 44 15 1 3
11 33 49 35.655 -115.41 371 184 199 280 2014 7 3 5 45 15 1 31
11 33 49 35.579 -115.51 385 206 229 280 2014 7 3 5 46 6 1 31
11 33 49 35.423 -115.7 382 225 280 280 2014 7 3 5 47 16 1 44
11 33 49 35.346 -115.79 387 224 280 280 2014 7 3 5 48 15 1 44
11 33 49 35.346 -115.79 387 224 280 280 2014 7 3 5 49 6 1 44
11 33 49 35.184 -115.99 410 225 280 280 2014 7 3 5 50 15 1 44
11 33 49 35.104 -116.09 410 225 280 280 2014 7 3 5 51 16 1 44
11 33 49 35.103 -116.09 410 225 280 280 2014 7 3 5 52 15 1 44
11 33 49 35.023 -116.19 410 224 280 280 2014 7 3 5 53 15 1 44
11 33 49 34.941 -116.29 411 225 280 280 2014 7 3 5 54 16 1 44
11 33 49 34.86 -116.39 411 225 278 280 2014 7 3 5 55 16 1 44
11 33 49 34.78 -116.48 409 224 253 280 2014 7 3 5 56 15 1 44
11 33 49 34.703 -116.58 397 224 230 280 2014 7 3 5 57 16 1 22
11 33 49 34.614 -116.69 384 224 203 280 2014 7 3 5 58 15 1 19
11 33 49 34.542 -116.77 369 225 180 280 2014 7 3 5 59 6 1 19
11 33 49 34.471 -116.86 359 225 159 280 2014 7 3 6 0 6 1 19
11 33 49 34.403 -116.94 356 225 138 280 2014 7 3 6 1 15 1 19
11 33 49 34.317 -117.05 322 225 120 280 2014 7 3 6 2 15 1 19
11 33 49 34.25 -117.12 270 225 114 280 2014 7 3 6 3 15 1 6
11 33 49 34.2 -117.18 242 224 101 280 2014 7 3 6 4 15 1 6
11 33 49 34.167 -117.23 225 226 90 280 2014 7 3 6 5 6 1 6
11 33 49 34.133 -117.28 219 224 73 280 2014 7 3 6 6 6 1 6
11 33 49 34.083 -117.33 218 223 53 280 2014 7 3 6 7 6 1 6
11 33 49 34.067 -117.4 208 245 42 280 2014 7 3 6 8 15 1 6
11 33 49 34.05 -117.47 186 259 29 280 2014 7 3 6 9 15 1 6
11 33 49 34.05 -117.52 152 263 19 280 2014 7 3 6 10 16 1 6
11 33 49 34.05 -117.57 144 271 13 280 2014 7 3 6 11 16 1 6
11 33 49 34.057 -117.6 155 270 11 280 2014 7 3 6 12 15 1 6
12 33 49 36.076 -115.18 177 0 34 280 2014 7 3 22 0 6 1 3
12 33 49 36.076 -115.21 191 258 43 280 2014 7 3 22 1 6 1 3
12 33 49 35.981 -115.3 279 232 70 280 2014 7 3 22 2 6 1 3
12 33 49 35.963 -115.3 267 200 70 280 2014 7 3 22 3 6 1 3
12 33 49 35.882 -115.31 275 209 103 280 2014 7 3 22 4 6 1 3
12 33 49 35.793 -115.31 329 186 123 280 2014 7 3 22 5 6 1 3
12 33 49 35.691 -115.3 343 195 157 280 2014 7 3 22 6 7 1 3
12 33 49 35.613 -115.38 365 176 185 280 2014 7 3 22 7 6 1 3
12 33 49 35.542 -115.48 376 208 211 280 2014 7 3 22 8 6 1 31
12 33 49 35.468 -115.58 391 224 232 280 2014 7 3 22 9 6 1 31
12 33 49 35.392 -115.68 409 227 258 280 2014 7 3 22 10 6 1 44
12 33 49 35.315 -115.78 409 227 258 280 2014 7 3 22 11 6 1 44
12 33 49 35.316 -115.78 409 227 280 240 2014 7 3 22 12 6 1 44
12 33 49 35.148 -116 409 227 280 240 2014 7 3 22 13 6 1 44
12 33 49 35.071 -116.1 406 226 280 240 2014 7 3 22 14 6 1 44
12 33 49 34.994 -116.21 405 227 280 240 2014 7 3 22 15 6 1 44
12 33 49 34.917 -116.31 406 227 278 240 2014 7 3 22 16 6 1 44
12 33 49 34.845 -116.4 389 227 258 240 2014 7 3 22 17 6 1 44
12 33 49 34.759 -116.51 377 227 240 240 2014 7 3 22 18 6 1 44
12 33 49 34.687 -116.6 367 226 240 120 2014 7 3 22 19 6 1 44
12 33 49 34.616 -116.68 365 225 215 120 2014 7 3 22 20 8 1 19
12 33 49 34.543 -116.77 367 225 192 120 2014 7 3 22 21 9 1 19
12 33 49 34.471 -116.86 367 225 172 120 2014 7 3 22 22 6 1 19
12 33 49 34.402 -116.94 352 227 151 120 2014 7 3 22 23 6 1 19
12 33 49 34.35 -117 355 225 134 120 2014 7 3 22 24 7 1 19
12 33 49 34.253 -117.13 334 225 110 120 2014 7 3 22 25 6 1 6
12 33 49 34.217 -117.17 293 225 99 120 2014 7 3 22 26 6 1 6
12 33 49 34.183 -117.23 282 222 84 120 2014 7 3 22 27 6 1 6
12 33 49 34.133 -117.3 265 240 69 120 2014 7 3 22 28 6 1 6
12 33 49 34.1 -117.38 254 238 40 120 2014 7 3 22 29 6 1 6
12 33 49 34.067 -117.45 196 238 27 120 2014 7 3 22 30 6 1 6
12 33 49 34.054 -117.5 151 238 25 120 2014 7 3 22 31 6 1 6
12 33 49 34.056 -117.54 146 270 16 120 2014 7 3 22 32 6 1 6
13 33 49 36.076 -115.11 200 0 32 280 2014 7 3 2 32 16 1 3
13 33 49 36.078 -115.06 197 93 45 280 2014 7 3 2 33 15 1 3
13 33 49 36.074 -114.98 248 90 68 280 2014 7 3 2 34 6 1 3
13 33 49 36.007 -114.98 273 147 91 280 2014 7 3 2 35 16 1 3
13 33 49 35.946 -115.04 289 179 105 280 2014 7 3 2 36 6 1 3
13 33 49 35.868 -115.11 345 221 124 280 2014 7 3 2 37 6 1 3
13 33 49 35.788 -115.19 362 218 145 280 2014 7 3 2 38 15 1 3
13 33 49 35.704 -115.27 369 220 165 280 2014 7 3 2 39 15 1 3
13 33 49 35.627 -115.36 380 218 186 280 2014 7 3 2 40 6 1 3
13 33 49 35.553 -115.46 387 221 209 280 2014 7 3 2 41 6 1 31
13 33 49 35.481 -115.56 387 227 209 280 2014 7 3 2 42 6 1 31
13 33 49 35.481 -115.56 387 226 224 280 2014 7 3 2 43 16 1 31
13 33 49 35.412 -115.65 392 227 245 280 2014 7 3 2 44 16 1 44
13 33 49 35.321 -115.77 397 227 261 280 2014 7 3 2 45 16 1 44
13 33 49 35.163 -115.98 422 227 280 280 2014 7 3 2 46 15 1 44
13 33 49 35.163 -115.98 422 227 280 280 2014 7 3 2 47 6 1 44
13 33 49 35.082 -116.09 427 227 280 280 2014 7 3 2 48 15 1 44
13 33 49 35.001 -116.2 428 227 280 280 2014 7 3 2 49 15 1 44
13 33 49 34.92 -116.3 426 227 280 280 2014 7 3 2 50 6 1 44
13 33 49 34.839 -116.41 426 226 276 280 2014 7 3 2 51 6 1 44
13 33 49 34.745 -116.53 410 226 250 280 2014 7 3 2 52 6 1 44
13 33 49 34.664 -116.62 406 226 223 280 2014 7 3 2 53 15 1 19
13 33 49 34.591 -116.71 386 225 200 280 2014 7 3 2 54 6 1 19
13 33 49 34.517 -116.81 379 225 177 280 2014 7 3 2 55 6 1 19
13 33 49 34.446 -116.89 364 225 157 280 2014 7 3 2 56 15 1 19
13 33 49 34.367 -116.98 347 224 136 280 2014 7 3 2 57 6 1 19
13 33 49 34.311 -117.05 344 224 118 280 2014 7 3 2 58 16 1 19
13 33 49 34.233 -117.15 334 225 99 280 2014 7 3 2 59 7 1 6
13 33 49 34.178 -117.22 297 227 93 280 2014 7 3 3 0 16 1 6
13 33 49 34.125 -117.28 271 227 77 280 2014 7 3 3 1 6 1 6
13 33 49 34.078 -117.34 251 219 51 280 2014 7 3 3 2 6 1 6
13 33 49 34.055 -117.41 247 238 33 280 2014 7 3 3 3 6 1 6
13 33 49 34.057 -117.47 213 270 27 280 2014 7 3 3 4 6 1 6
13 33 49 34.056 -117.53 166 270 17 280 2014 7 3 3 5 6 1 6
13 33 49 34.056 -117.57 152 270 13 280 2014 7 3 3 6 6 1 6
14 33 49 36.075 -115.16 157 0 31 280 2014 7 3 13 45 6 1 3
14 33 49 36.075 -115.22 197 219 56 280 2014 7 3 13 46 6 1 3
14 33 49 36.026 -115.28 278 243 71 280 2014 7 3 13 47 6 1 3
14 33 49 35.955 -115.3 272 219 70 280 2014 7 3 13 48 6 1 3
14 33 49 35.874 -115.31 274 199 106 280 2014 7 3 13 49 6 1 3
14 33 49 35.788 -115.31 311 191 140 280 2014 7 3 13 50 6 1 3
14 33 49 35.688 -115.3 339 195 175 280 2014 7 3 13 51 6 1 3
14 33 49 35.61 -115.39 373 177 214 280 2014 7 3 13 52 15 1 31
14 33 49 35.536 -115.48 385 200 230 280 2014 7 3 13 53 6 1 31
14 33 49 35.463 -115.58 388 224 266 280 2014 7 3 13 54 6 1 44
14 33 49 35.395 -115.68 387 227 280 280 2014 7 3 13 55 6 1 44
14 33 49 35.322 -115.77 386 227 280 280 2014 7 3 13 56 6 1 44
14 33 49 35.25 -115.87 384 227 280 280 2014 7 3 13 57 6 1 44
14 33 49 35.178 -115.96 385 227 280 280 2014 7 3 13 58 6 1 44
14 33 49 35.074 -116.1 459 227 280 280 2014 7 3 13 59 6 1 44
14 33 49 34.985 -116.22 467 227 280 280 2014 7 3 14 0 6 1 44
14 33 49 34.895 -116.33 468 227 280 280 2014 7 3 14 1 6 1 44
14 33 49 34.806 -116.45 468 226 280 280 2014 7 3 14 2 6 1 44
14 33 49 34.715 -116.56 468 227 267 280 2014 7 3 14 3 6 1 44
14 33 49 34.627 -116.67 451 226 237 280 2014 7 3 14 4 6 1 19
14 33 49 34.547 -116.77 409 225 205 280 2014 7 3 14 5 6 1 19
14 33 49 34.455 -116.88 390 225 172 280 2014 7 3 14 6 7 1 19
14 33 49 34.384 -116.97 366 226 148 280 2014 7 3 14 7 6 1 19
14 33 49 34.318 -117.05 344 225 124 280 2014 7 3 14 8 6 1 19
14 33 49 34.258 -117.12 305 219 112 280 2014 7 3 14 9 6 1 6
14 33 49 34.206 -117.18 276 227 93 280 2014 7 3 14 10 6 1 6
14 33 49 34.14 -117.26 275 227 79 280 2014 7 3 14 11 6 1 6
14 33 49 34.083 -117.32 252 219 64 280 2014 7 3 14 12 6 1 6
14 33 49 34.05 -117.38 239 227 48 280 2014 7 3 14 13 6 1 6
14 33 49 34.05 -117.45 190 233 32 280 2014 7 3 14 14 6 1 6
14 33 49 34.05 -117.5 164 275 22 280 2014 7 3 14 15 6 1 6
14 33 49 34.056 -117.55 160 270 14 280 2014 7 3 14 16 6 1 6
15 33 49 36.077 -115.09 178 95 38 280 2014 7 3 17 55 6 1 3
15 33 49 36.076 -115.02 229 94 56 280 2014 7 3 17 56 6 1 3
15 33 49 36.041 -114.94 289 98 75 280 2014 7 3 17 57 6 1 3
15 33 49 35.965 -114.92 274 158 105 280 2014 7 3 17 58 6 1 3
15 33 49 35.913 -114.96 309 166 112 280 2014 7 3 17 59 6 1 3
15 33 49 35.847 -115.04 335 209 133 280 2014 7 3 18 0 6 1 3
15 33 49 35.779 -115.14 347 220 155 280 2014 7 3 18 1 6 1 3
15 33 49 35.721 -115.23 367 227 170 280 2014 7 3 18 2 6 1 3
15 33 49 35.638 -115.35 378 230 192 280 2014 7 3 18 3 6 1 31
15 33 49 35.565 -115.45 384 229 213 280 2014 7 3 18 4 6 1 31
15 33 49 35.495 -115.54 377 228 241 280 2014 7 3 18 5 6 1 44
15 33 49 35.427 -115.63 365 227 258 280 2014 7 3 18 6 6 1 44
15 33 49 35.365 -115.72 366 227 271 280 2014 7 3 18 7 6 1 44
15 33 49 35.281 -115.83 371 227 270 280 2014 7 3 18 8 6 1 44
15 33 49 35.211 -115.92 371 227 262 280 2014 7 3 18 9 6 1 44
15 33 49 35.139 -116.01 377 227 260 240 2014 7 3 18 10 6 1 44
15 33 49 35.07 -116.11 373 227 260 240 2014 7 3 18 11 6 1 44
15 33 49 35.001 -116.19 361 227 260 240 2014 7 3 18 12 6 1 44
15 33 49 34.931 -116.29 369 227 260 240 2014 7 3 18 13 6 1 44
15 33 49 34.839 -116.41 395 227 260 240 2014 7 3 18 14 6 1 44
15 33 49 34.766 -116.5 389 227 251 240 2014 7 3 18 15 6 1 44
15 33 49 34.696 -116.59 359 226 236 240 2014 7 3 18 16 6 1 22
15 33 49 34.626 -116.67 354 226 215 240 2014 7 3 18 17 16 1 19
15 33 49 34.555 -116.76 360 225 196 240 2014 7 3 18 18 16 1 19
15 33 49 34.485 -116.84 359 225 176 240 2014 7 3 18 19 6 1 19
15 33 49 34.415 -116.93 359 225 176 240 2014 7 3 18 20 6 1 19
15 33 49 34.341 -117.02 334 224 130 240 2014 7 3 18 21 6 1 19
15 33 49 34.317 -117.05 340 225 126 240 2014 7 3 18 22 6 1 19
15 33 49 34.267 -117.12 304 225 120 240 2014 7 3 18 23 6 1 6
15 33 49 34.2 -117.15 263 210 120 240 2014 7 3 18 24 8 1 6
15 33 49 34.133 -117.18 254 203 109 240 2014 7 3 18 25 6 1 6
15 33 49 34.069 -117.19 241 190 95 240 2014 7 3 18 26 6 1 6
15 33 49 34.017 -117.22 235 208 67 240 2014 7 3 18 27 6 1 6
15 33 49 34.033 -117.3 237 282 47 240 2014 7 3 18 28 6 1 6
15 33 49 34.045 -117.37 235 274 39 240 2014 7 3 18 29 7 1 6
15 33 49 34.055 -117.43 216 286 32 240 2014 7 3 18 30 6 1 6
15 33 49 34.057 -117.51 198 270 22 240 2014 7 3 18 31 6 1 6
15 33 49 34.056 -117.56 174 270 15 240 2014 7 3 18 32 6 1 6
16 33 49 36.08 -115.15 171 0 21 280 2014 7 4 2 32 6 1 3
16 33 49 36.01 -115.28 268 42 66 280 2014 7 4 2 34 6 1 3
16 33 49 35.94 -115.31 275 207 94 280 2014 7 4 2 35 16 1 3
16 33 49 35.911 -115.31 271 196 101 280 2014 7 4 2 36 6 1 3
16 33 49 35.816 -115.31 322 187 116 280 2014 7 4 2 37 16 1 3
16 33 49 35.727 -115.3 344 180 137 280 2014 7 4 2 38 7 1 3
16 33 49 35.642 -115.34 364 178 157 280 2014 7 4 2 39 15 1 3
16 33 49 35.561 -115.45 370 187 179 280 2014 7 4 2 40 6 1 31
16 33 49 35.486 -115.55 376 221 199 280 2014 7 4 2 41 6 1 31
16 33 49 35.413 -115.65 390 227 215 280 2014 7 4 2 42 6 1 31
16 33 49 35.339 -115.75 392 227 231 280 2014 7 4 2 43 6 1 31
16 33 49 35.262 -115.85 403 228 246 280 2014 7 4 2 44 6 1 44
16 33 49 35.182 -115.96 413 227 259 280 2014 7 4 2 45 6 1 44
16 33 49 35.101 -116.06 425 228 270 280 2014 7 4 2 46 6 1 44
16 33 49 35.018 -116.17 432 228 270 280 2014 7 4 2 47 15 1 44
16 33 49 34.935 -116.28 433 227 270 120 2014 7 4 2 48 16 1 44
16 33 49 34.837 -116.41 433 227 248 120 2014 7 4 2 49 6 1 44
16 33 49 34.758 -116.51 412 226 239 120 2014 7 4 2 50 6 1 22
16 33 49 34.686 -116.6 373 226 215 120 2014 7 4 2 51 6 1 19
16 33 49 34.611 -116.69 374 225 191 120 2014 7 4 2 52 6 1 19
16 33 49 34.537 -116.78 375 225 167 120 2014 7 4 2 53 6 1 19
16 33 49 34.466 -116.87 366 224 147 120 2014 7 4 2 54 6 1 19
16 33 49 34.399 -116.95 350 225 128 120 2014 7 4 2 55 6 1 19
16 33 49 34.334 -117.03 331 225 119 120 2014 7 4 2 56 6 1 19
16 33 49 34.271 -117.1 266 225 120 120 2014 7 4 2 57 6 1 6
16 33 49 34.219 -117.17 261 225 101 120 2014 7 4 2 58 16 1 6
16 33 49 34.207 -117.25 261 260 101 120 2014 7 4 2 59 6 1 6
16 33 49 34.117 -117.29 261 224 65 120 2014 7 4 3 0 6 1 6
16 33 49 34.072 -117.35 242 227 48 120 2014 7 4 3 1 16 1 6
16 33 49 34.057 -117.42 213 238 34 120 2014 7 4 3 2 6 1 6
16 33 49 34.056 -117.48 188 256 24 120 2014 7 4 3 3 6 1 6
16 33 49 34.056 -117.52 160 263 19 120 2014 7 4 3 4 16 1 6
17 33 49 36.076 -115.16 151 0 33 280 2014 7 4 13 43 6 1 3
17 33 49 36.076 -115.19 166 243 43 280 2014 7 4 13 44 6 1 3
17 33 49 36.049 -115.26 274 261 65 280 2014 7 4 13 45 6 1 3
17 33 49 35.996 -115.29 274 246 75 280 2014 7 4 13 46 6 1 3
17 33 49 35.817 -115.31 334 194 153 280 2014 7 4 13 47 15 1 3
17 33 49 35.817 -115.31 334 194 153 280 2014 7 4 13 48 6 1 3
17 33 49 35.726 -115.3 356 185 189 280 2014 7 4 13 49 16 1 3
17 33 49 35.634 -115.35 387 177 220 280 2014 7 4 13 50 16 1 31
17 33 49 35.559 -115.46 395 203 260 280 2014 7 4 13 51 7 1 44
17 33 49 35.488 -115.55 389 217 280 280 2014 7 4 13 52 16 1 44
17 33 49 35.418 -115.64 377 227 280 280 2014 7 4 13 53 6 1 44
17 33 49 35.349 -115.74 373 227 280 280 2014 7 4 13 54 16 1 44
17 33 49 35.277 -115.83 374 227 280 240 2014 7 4 13 55 15 1 44
17 33 49 35.19 -115.94 375 227 280 240 2014 7 4 13 56 15 1 44
17 33 49 35.12 -116.04 375 227 280 240 2014 7 4 13 57 16 1 44
17 33 49 35.049 -116.13 375 227 280 240 2014 7 4 13 58 15 1 44
17 33 49 34.976 -116.23 378 227 280 240 2014 7 4 13 59 6 1 44
17 33 49 34.904 -116.32 379 227 272 240 2014 7 4 14 0 15 1 44
17 33 49 34.831 -116.42 381 226 262 240 2014 7 4 14 1 6 1 44
17 33 49 34.756 -116.51 382 227 252 240 2014 7 4 14 2 6 1 44
17 33 49 34.681 -116.6 382 226 240 240 2014 7 4 14 3 16 1 44
17 33 49 34.607 -116.69 381 225 218 240 2014 7 4 14 4 6 1 19
17 33 49 34.535 -116.78 372 225 196 240 2014 7 4 14 5 16 1 19
17 33 49 34.463 -116.87 366 224 175 240 2014 7 4 14 6 16 1 19
17 33 49 34.393 -116.96 359 225 154 240 2014 7 4 14 7 16 1 19
17 33 49 34.326 -117.04 345 225 130 240 2014 7 4 14 8 6 1 19
17 33 49 34.245 -117.13 343 227 101 240 2014 7 4 14 9 6 1 6
17 33 49 34.2 -117.2 295 222 93 240 2014 7 4 14 10 16 1 6
17 33 49 34.134 -117.27 280 223 70 240 2014 7 4 14 11 15 1 6
17 33 49 34.08 -117.34 278 227 51 240 2014 7 4 14 12 15 1 6
17 33 49 34.053 -117.41 270 225 40 240 2014 7 4 14 13 6 1 6
17 33 49 34.059 -117.49 258 256 26 240 2014 7 4 14 14 6 1 6
17 33 49 34.056 -117.55 204 270 15 240 2014 7 4 14 15 6 1 6
17 33 49 34.057 -117.6 177 266 11 240 2014 7 4 14 16 6 1 6
18 33 49 36.076 -115.18 196 258 37 260 2014 7 4 17 57 16 1 3
18 33 49 36.034 -115.23 196 219 37 260 2014 7 4 17 58 6 1 3
18 33 49 36.057 -115.26 238 233 55 260 2014 7 4 17 59 6 1 3
18 33 49 35.905 -115.31 283 224 107 260 2014 7 4 18 0 16 1 3
18 33 49 35.905 -115.31 283 224 107 260 2014 7 4 18 1 6 1 3
18 33 49 35.811 -115.31 336 203 129 260 2014 7 4 18 2 8 1 3
18 33 49 35.721 -115.3 345 184 152 260 2014 7 4 18 3 6 1 3
18 33 49 35.621 -115.37 369 177 181 260 2014 7 4 18 4 6 1 3
18 33 49 35.548 -115.47 384 194 197 260 2014 7 4 18 5 15 1 31
18 33 49 35.472 -115.57 402 218 220 260 2014 7 4 18 6 15 1 31
18 33 49 35.398 -115.67 403 227 241 260 2014 7 4 18 7 6 1 44
18 33 49 35.322 -115.77 404 227 256 260 2014 7 4 18 8 6 1 44
18 33 49 35.242 -115.88 419 227 260 260 2014 7 4 18 9 16 1 44
18 33 49 35.146 -116.01 424 227 260 260 2014 7 4 18 10 16 1 44
18 33 49 35.066 -116.11 423 227 260 260 2014 7 4 18 11 15 1 44
18 33 49 34.986 -116.21 423 227 260 260 2014 7 4 18 12 16 1 44
18 33 49 34.907 -116.32 422 227 260 120 2014 7 4 18 13 6 1 44
18 33 49 34.826 -116.42 422 227 260 120 2014 7 4 18 14 16 1 44
18 33 49 34.742 -116.53 430 227 255 120 2014 7 4 18 15 16 1 44
18 33 49 34.65 -116.64 386 226 236 120 2014 7 4 18 16 16 1 19
18 33 49 34.575 -116.73 379 225 205 120 2014 7 4 18 17 6 1 19
18 33 49 34.501 -116.83 390 225 180 120 2014 7 4 18 18 6 1 19
18 33 49 34.44 -116.94 382 226 158 120 2014 7 4 18 19 16 1 19
18 33 49 34.37 -117.03 371 233 136 120 2014 7 4 18 20 15 1 19
18 33 49 34.292 -117.09 347 219 119 120 2014 7 4 18 21 6 1 19
18 33 49 34.21 -117.18 335 213 99 120 2014 7 4 18 22 6 1 6
18 33 49 34.153 -117.25 301 219 82 120 2014 7 4 18 23 6 1 6
18 33 49 34.098 -117.31 282 234 63 120 2014 7 4 18 24 15 1 6
18 33 49 34.055 -117.37 251 219 45 120 2014 7 4 18 25 15 1 6
18 33 49 34.057 -117.45 229 238 31 120 2014 7 4 18 26 6 1 6
18 33 49 34.05 -117.47 198 272 26 120 2014 7 4 18 27 16 1 6
18 33 49 34.057 -117.52 203 264 19 120 2014 7 4 18 28 6 1 6
18 33 49 34.05 -117.57 143 285 11 120 2014 7 4 18 29 6 1 6
19 33 49 36.08 -115.15 172 0 21 260 2014 7 4 21 56 15 1 3
19 33 49 36.074 -115.06 219 224 45 260 2014 7 4 21 58 15 1 3
19 33 49 36.013 -114.93 270 95 99 260 2014 7 4 21 59 16 1 3
19 33 49 35.996 -114.92 265 119 110 260 2014 7 4 22 0 6 1 3
19 33 49 35.927 -114.92 255 173 136 260 2014 7 4 22 1 15 1 3
19 33 49 35.86 -114.97 287 176 169 260 2014 7 4 22 2 6 1 3
19 33 49 35.791 -115.05 315 208 193 260 2014 7 4 22 3 6 1 29
19 33 49 35.726 -115.13 358 218 214 260 2014 7 4 22 4 16 1 31
19 33 49 35.647 -115.24 379 197 237 260 2014 7 4 22 5 16 1 31
19 33 49 35.555 -115.32 410 227 257 260 2014 7 4 22 6 6 1 44
19 33 49 35.459 -115.41 423 223 260 260 2014 7 4 22 7 16 1 44
19 33 49 35.363 -115.5 429 217 260 260 2014 7 4 22 8 16 1 44
19 33 49 35.281 -115.59 419 217 260 260 2014 7 4 22 9 15 1 44
19 33 49 35.198 -115.69 406 219 260 260 2014 7 4 22 10 16 1 44
19 33 49 35.113 -115.79 411 223 260 260 2014 7 4 22 11 6 1 44
19 33 49 35.026 -115.88 411 220 260 260 2014 7 4 22 12 16 1 44
19 33 49 34.937 -115.97 412 221 260 260 2014 7 4 22 13 6 1 44
19 33 49 34.843 -116.06 415 220 258 260 2014 7 4 22 14 6 1 44
19 33 49 34.75 -116.14 417 219 253 260 2014 7 4 22 15 6 1 44
19 33 49 34.641 -116.25 420 217 246 260 2014 7 4 22 16 15 1 44
19 33 49 34.547 -116.33 420 217 239 260 2014 7 4 22 17 16 1 19
19 33 49 34.454 -116.42 421 216 229 260 2014 7 4 22 18 16 1 19
19 33 49 34.365 -116.5 405 217 221 260 2014 7 4 22 19 16 1 19
19 33 49 34.278 -116.59 401 217 212 260 2014 7 4 22 20 16 1 19
19 33 49 34.167 -116.75 392 225 182 260 2014 7 4 22 21 15 1 19
19 33 49 34.1 -116.83 363 230 166 260 2014 7 4 22 22 15 1 19
19 33 49 34.06 -116.89 367 225 156 260 2014 7 4 22 23 6 1 20
19 33 49 33.996 -116.97 352 231 137 260 2014 7 4 22 24 6 1 20
19 33 49 33.983 -117.12 308 246 112 260 2014 7 4 22 25 15 1 6
19 33 49 33.991 -117.16 300 281 98 260 2014 7 4 22 26 6 1 6
19 33 49 34.017 -117.28 272 290 62 260 2014 7 4 22 27 15 1 6
19 33 49 34.033 -117.37 247 280 44 260 2014 7 4 22 28 6 1 6
19 33 49 34.05 -117.45 206 282 37 260 2014 7 4 22 29 6 1 6
19 33 49 34.05 -117.5 168 278 22 260 2014 7 4 22 30 16 1 6
19 33 49 34.05 -117.55 136 271 14 260 2014 7 4 22 31 15 1 6
