0 15.392 27.257 18.833 26.43 25.859 24.472 56.8 29.278 15.318 17.811 16.036 15.163 20.645 28.512 32.493 19.371 27.688 37.123 27.057 25.43 25.108 24.497 27.141 38.316 29.52 34.154 30.482 32.339 29.988 27.81 28.555 28.91 24.894 26.504 27.257 24.894 24.573 28.626 20.352 20.294 72.659 181.79 27.356 25.534 26.311 21.204 18.889 24.06 22.85 20.588 17.795 19.801 183.68 33.16 24.679 25.377 41.246 48.656 29.438 26.504 28.064 24.931 21.312 16.751 20.196 21.168 21.964 81.349
0 0 23.643 12.182 24.355 22.301 28.178 63.79 16.08 7.8546 15.298 12.477 9.5356 24.884 28.415 26.837 10.996 24.059 37.824 23.557 24.546 31.216 23.835 25.624 38.192 25.924 32.688 28.917 31.115 28.832 27.437 24.993 27.147 21.379 23.145 25.154 21.379 28.122 33.773 20.216 16.594 73.558 180.87 25.993 23.215 22.845 17.58 15.474 20.553 19.289 16.868 17.777 16.162 183.05 32.943 21.878 31.222 37.491 50.554 29.252 22.919 26.859 23.236 17.652 14.315 20.422 17.611 22.518 87.767
0 0 0 23.996 13.82 19.833 50.704 58.476 23.594 23.594 29.743 23.186 27.689 47.063 28.12 24.214 28.738 13.343 20.192 15.989 10.223 26.061 13.931 18.895 16.473 10.635 17.276 14.749 18.02 19.495 18.465 16.005 16.047 12.934 16.887 10.709 13.785 23.441 28.066 31.387 25.844 73.332 169.07 21.744 14.842 10.054 22.777 23.643 24.672 29.612 31.145 35.327 30.603 169.76 33.329 23.219 26.502 41.802 47.92 29.624 19.579 19.388 17.609 22.281 26.404 22.254 30.717 25.634 82.94
0 0 0 0 24.739 22.552 28.384 61.584 18.503 11.114 14.767 13.295 12.813 23.706 28.466 23.641 13.578 24.44 37.126 23.505 24.036 30.799 23.227 25.721 37.746 26.064 32.621 28.925 30.837 28.829 26.931 25.062 27.323 21.553 23.218 24.784 21.553 28.522 33.731 20.313 19.277 73.114 181.98 26.012 22.935 22.726 20.859 18.726 23.059 21.419 19.259 17.718 18.794 183.87 33.106 22.359 28.256 38.832 49.937 29.402 23.218 26.553 22.547 20.588 16.27 20.205 19.092 23.435 85.378
0 0 0 0 0 19.833 47.765 62.877 25.307 25.162 26.827 24.325 24.923 44.07 25.388 23.84 25.787 12.437 20.602 17.801 11.59 24.394 13.67 15.156 15.914 11.892 13.941 13.477 16.005 15.758 17.702 15.39 15.259 10.406 16.096 11.875 14.935 20.557 26.283 28.393 24.473 73.518 167.67 26.013 12.471 11.942 24.968 25.162 24.796 26.619 28.267 32.346 27.644 167.71 33.042 22.822 30.327 39.526 49.31 29.277 19.373 19.559 14.274 24.26 24.325 24.26 27.843 22.912 82.266
0 0 0 0 0 0 49.288 59.614 20.612 22.197 28.336 22.772 26.351 45.622 26.797 23.213 27.316 18.61 26.937 19.833 20.612 25.889 18.165 26.837 21.662 18.165 26.863 27.469 27.377 25.173 27.469 26.819 27.502 19.389 27.592 20.056 16.942 23.374 28.588 29.945 26.731 73.592 169.25 22.899 21.057 19.833 27.519 26.937 25.77 28.171 29.756 33.891 29.177 169.68 33.603 26.063 26.727 40.058 49.435 33.885 26.491 24.788 27.191 26.274 27.487 26.382 29.33 26.283 83.752
0 0 0 0 0 0 0 62.79 29.888 27.711 21.538 28.042 25.107 13.069 32.061 36.067 22.202 51.14 47.019 50.45 48.852 48.526 47.874 48.606 49.672 52.95 50.45 48.715 48.725 50.45 48.635 51.971 50.993 48.308 49.941 50.704 48.308 47.982 50.922 20.194 25.15 73.332 176.76 48.498 48.618 49.691 28.668 28.217 26.625 24.969 22.513 17.723 21.893 177.01 33.329 27.493 30.482 51.14 48.875 29.624 49.941 48.725 48.281 29.57 24.893 32.437 23.084 26.718 87.476
0 0 0 0 0 0 0 0 65.244 62.236 62.606 62.735 62.176 63.906 61.769 65.307 63.576 63.95 64.216 65.819 63.993 47.388 58.105 61.836 64.107 64.127 61.876 61.725 60.494 62.255 64.1 63.685 62.236 62.236 61.819 63.924 63.989 49.754 50.493 63.039 61.915 73.281 168.65 50.665 62.988 63.254 64.033 62.255 62.458 63.281 63.884 61.808 63.797 168.98 56.986 62.102 39.73 73.639 40.186 54.963 62.408 63.949 62.577 63.797 63.839 62.324 64.765 46.242 66.984
0 0 0 0 0 0 0 0 0 16.28 24.22 22.047 15.837 26.328 29.758 25.925 14.198 22.092 37.36 21.279 24.068 38.415 23.937 26.38 38.528 23.718 33.863 30.117 32.339 30.045 27.769 22.761 28.248 22.871 22.846 26.291 23.912 35.411 41.294 20.504 16.36 73.665 180.9 31.961 24.279 25.549 15.234 16.253 16.385 13.786 14.681 17.87 14.643 183.19 33.051 16.28 30.959 37.516 50.802 29.362 21.627 28.064 22.843 18.133 15.364 20.207 15.364 35.871 88.184
0 0 0 0 0 0 0 0 0 0 12.943 12.171 10.216 24.107 28.183 26.194 10.157 24.025 37.469 23.399 24.259 31.071 23.545 26.496 38.282 25.858 33.072 29.393 31.315 29.265 27.533 24.893 27.73 21.732 22.841 25.262 21.234 28.804 33.551 19.667 15.713 72.953 180.02 26.764 23.319 22.655 16.778 14.83 19.82 18.406 15.959 17.399 15.349 182.49 33.074 21.106 28.507 39.354 50.347 29.389 22.841 27.026 22.854 16.816 14.917 20.257 16.628 22.738 85.501
0 0 0 0 0 0 0 0 0 0 0 18.2 16.147 18.107 27.382 26.654 14.382 30.176 30.252 29.521 27.905 27.581 26.934 27.699 30.546 32 29.521 27.806 28.001 29.521 27.689 31.028 30.059 27.365 28.985 29.743 27.365 27.042 29.959 23.072 17.768 64.594 178.37 27.592 27.898 28.77 13.733 13.532 14.01 15.106 15.328 20.406 15.634 179.74 26.945 15.843 29.869 45.229 42.06 21.419 28.985 28.001 27.378 15.006 16.006 22.047 20.163 22.035 86.76
0 0 0 0 0 0 0 0 0 0 0 0 14.819 24.848 28.183 26.15 12.455 23.612 36.7 23.033 23.462 25.163 22.653 25.664 37.582 25.46 32.491 28.736 30.83 28.646 26.869 24.507 27.024 21.109 22.443 24.808 20.859 21.358 27.932 19.687 13.486 73.648 180.8 31.09 23.223 22.3 16.271 16.088 17.544 16.162 14.311 17.428 14.789 183.51 33.589 18.586 32.709 30.312 57.97 32.629 22.443 26.547 22.087 14.68 14.42 20.257 15.542 21.614 89.363
0 0 0 0 0 0 0 0 0 0 0 0 0 21.86 28.415 26.753 12.676 28.103 37.869 27.61 25.942 30.94 25.025 25.889 37.911 29.97 32.588 28.814 31.07 28.733 27.111 29.042 28.12 25.431 26.967 27.689 25.431 28.91 33.662 20.218 17.286 73.962 180.65 25.789 26.518 26.898 18.193 15.941 21.08 19.98 17.59 17.718 16.788 182.89 37.485 22.063 29.251 38.602 49.777 34.553 26.967 26.841 25.588 18.298 14.858 20.205 18.257 22.837 85.652
0 0 0 0 0 0 0 0 0 0 0 0 0 0 29.041 31.737 18.611 47.506 42.891 46.706 45.178 44.846 44.181 44.825 45.714 49.251 46.706 44.936 44.644 46.706 44.957 48.255 47.259 44.624 46.287 47.063 44.624 44.292 47.284 19.497 21.221 73.436 180.39 44.715 44.534 45.931 24.884 24.958 25.064 23.792 21.348 17.149 20.692 182.95 33.112 25.947 30.482 47.506 48.603 29.363 46.287 44.644 44.493 25.135 21.221 28.615 21.968 23.394 87.476
0 0 0 0 0 0 0 0 0 0 0 0 0 0 0 19.314 28.455 28.529 35.668 27.379 26.393 31.573 25.488 25.635 35.404 29.768 29.541 26.987 27.87 27.379 26.191 28.83 27.896 25.889 27.406 28.12 25.889 28.145 34.435 29.248 28.243 73.319 181.31 25.533 24.086 26.659 28.455 28.243 29.222 30.545 28.183 28.243 29.041 183.53 33.345 29.21 28.944 38.741 49.855 29.616 27.406 24.191 25.33 28.738 28.243 28.55 29.515 35.792 85.512
0 0 0 0 0 0 0 0 0 0 0 0 0 0 0 0 27.421 24.531 35.389 23.297 22.915 42.601 24.172 23.605 35.815 25.194 30.313 26.757 28.509 26.537 24.969 24.438 25.061 22.549 23.67 24.214 26.175 35.29 41.83 27.549 26.837 73.219 180.39 31.883 20.649 28.721 26.464 26.837 26.75 26.725 26.644 27.506 27.398 182.95 32.891 26.663 30.904 37.69 50.903 29.141 23.67 24.23 21.759 25.312 27.273 22.817 26.955 35.839 87.979
0 0 0 0 0 0 0 0 0 0 0 0 0 0 0 0 0 29.177 37.383 28.468 26.879 29.165 25.896 26.621 38.203 30.976 33.097 29.336 31.462 29.248 27.458 29.993 29.012 26.333 27.972 28.738 26.333 26.595 31.727 20.254 14.425 73.592 181.22 26.574 26.68 27.707 15.727 13.244 18.302 16.783 15.598 17.848 14.395 183.44 32.957 18.627 30.633 39.003 49.654 29.196 27.972 27.184 26.296 15.898 14.328 20.594 15.233 23.282 87.537
0 0 0 0 0 0 0 0 0 0 0 0 0 0 0 0 0 0 20.453 11.466 10.187 31.216 10.125 12.674 17.1 9.1291 13.989 13.491 16.093 12.004 18.532 15.648 15.449 12.761 16.276 11.165 13.877 28.056 34.547 31.831 26.287 74.058 169.4 25.054 13.905 13.749 22.633 24.059 25.104 30.056 31.573 35.769 31.042 170.13 33.929 23.656 30.689 38.935 48.359 30.159 20.26 19.859 11.155 22.726 26.838 21.538 31.145 26.043 87.759
0 0 0 0 0 0 0 0 0 0 0 0 0 0 0 0 0 0 0 19.955 22.48 31.495 20.201 17.282 25.848 20.208 15.353 16.609 12.036 17.265 15.608 15.754 15.345 20.238 16.275 20.306 20.192 28.418 33.853 27.273 37.27 72.953 153.38 25.583 20.263 20.283 37.256 38.1 37.894 36.627 37.357 36.7 37.575 153.59 40.834 34.582 37.892 37.748 50.875 43.202 20.231 15.023 16.367 37.824 37.596 37.123 37.126 26.397 87.635
0 0 0 0 0 0 0 0 0 0 0 0 0 0 0 0 0 0 0 0 8.7946 39.4 17.448 20.031 19.443 14.447 19.554 16.609 16.093 20.671 17.805 15.83 15.726 13.581 16.276 14.896 18.132 36.824 42.653 31.026 25.501 73.114 170.18 33.551 9.5123 21.302 21.866 23.557 24.466 29.256 30.966 35.001 30.321 170.74 33.106 24.206 31.345 37.582 50.716 29.499 18.596 18.863 19.352 21.819 26.181 20.258 30.542 29.814 88.424
0 0 0 0 0 0 0 0 0 0 0 0 0 0 0 0 0 0 0 0 0 31.785 11.907 15.88 16.821 13.841 13.83 14.835 17.088 16.45 19.16 16.512 16.088 14.435 16.926 11.262 16.064 28.056 34.228 29.501 23.994 73.865 166.66 25.173 11.84 13.537 23.995 24.949 24.633 27.727 29.33 33.449 28.739 166.67 33.589 21.361 30.896 38.974 48.388 29.825 20.96 21.513 14.163 24.546 24.565 23.832 28.904 23.912 87.571
0 0 0 0 0 0 0 0 0 0 0 0 0 0 0 0 0 0 0 0 0 0 23.94 30.215 32.487 31.071 31.051 31.071 27.487 31.067 31.123 32.435 32.05 30.94 30.948 31.327 24.109 16.386 20.038 29.169 31.071 73.464 169.25 20.231 31.859 21.44 31.534 31.171 33.581 32.268 30.567 33.118 31.785 169.68 33.236 33.049 28.743 44.566 46.564 29.499 31.013 32.049 31.067 31.21 31.059 32.127 37.04 23.611 74.614
0 0 0 0 0 0 0 0 0 0 0 0 0 0 0 0 0 0 0 0 0 0 0 15.177 15.874 11.17 15.038 13.904 19.326 15.82 18.164 15.704 15.494 11.118 16.318 11.118 15.087 19.945 25.506 28.503 23.515 74.364 165.11 21.64 12.941 13.276 23.571 24.698 24.164 26.73 28.373 32.456 27.754 165.53 34.855 21.303 25.773 40.73 49.205 31.217 19.191 19.432 14.496 23.835 23.937 23.556 27.949 23.012 82.701
0 0 0 0 0 0 0 0 0 0 0 0 0 0 0 0 0 0 0 0 0 0 0 0 14.19 17.18 10.139 11.036 16.837 9.3814 18.32 14.41 12.048 20.466 12.285 17.59 20.708 26.476 31.85 29.146 25.615 73.464 167.14 23.949 18.653 21.464 26.288 26.57 25.95 27.378 29.169 33.13 28.468 167.2 33.236 24.021 28.4 39.213 49.991 29.499 18.681 18.809 10.972 25.486 25.664 25.486 28.748 24.214 85.621
0 0 0 0 0 0 0 0 0 0 0 0 0 0 0 0 0 0 0 0 0 0 0 0 0 17.079 15.085 15.474 25.317 15.833 19.46 17.069 16.872 17.621 17.713 18.359 22.635 29.276 34.462 30.054 37.996 63.333 154.49 25.73 16.921 20.232 38.201 39.174 38.352 37.177 37.849 37.759 37.535 154.44 29.483 35.803 38.915 45.436 41.241 29.899 20.357 20.199 17.51 38.004 38.279 38.004 37.746 26.925 87.032
0 0 0 0 0 0 0 0 0 0 0 0 0 0 0 0 0 0 0 0 0 0 0 0 0 0 16.164 13.847 16.542 17.796 18.255 16.102 16.103 7.6479 16.898 8.7449 12.696 28.629 33.842 33.572 28.04 73.616 169.4 25.873 10.568 13.239 24.398 25.924 26.933 31.801 33.414 37.535 32.835 170.13 33.278 25.459 30.633 39.084 48.344 29.515 18.999 19.454 16.497 24.38 28.66 21.308 32.987 27.914 87.537
0 0 0 0 0 0 0 0 0 0 0 0 0 0 0 0 0 0 0 0 0 0 0 0 0 0 0 10.263 14.589 10.611 14.972 12.558 8.5272 18.667 12.885 16.609 19.277 28.629 33.842 31.026 32.984 73.167 160.99 25.604 18.113 19.776 33.185 33.072 33.294 32.648 33.171 35.001 32.1 160.69 32.53 31.301 33.636 38.791 49.667 28.77 15.961 15.081 13.706 32.67 32.491 32.67 32.491 25.587 85.23
0 0 0 0 0 0 0 0 0 0 0 0 0 0 0 0 0 0 0 0 0 0 0 0 0 0 0 0 14.648 9.566 11.279 15.563 7.6662 16.25 10.182 13.796 16.706 27.993 34.228 29.256 29.22 72.659 161.07 24.722 15.163 17.327 29.425 29.393 29.528 28.927 29.44 33.24 28.577 161.48 32.782 27.532 30.211 39.185 49.937 29.03 10.549 10.609 10.447 28.896 28.736 28.896 28.889 23.996 85.367
0 0 0 0 0 0 0 0 0 0 0 0 0 0 0 0 0 0 0 0 0 0 0 0 0 0 0 0 0 12.721 16.759 16.467 16.872 16.837 14.589 16.253 17.776 24.281 29.811 29.013 31.315 74.168 161.05 22.499 16.338 16.097 31.547 31.315 31.855 31.374 31.449 33.082 30.55 161.24 43.019 29.844 31.768 39.405 49.732 42.937 19.043 16.015 13.756 31.148 30.83 31.148 30.83 26.392 84.099
0 0 0 0 0 0 0 0 0 0 0 0 0 0 0 0 0 0 0 0 0 0 0 0 0 0 0 0 0 0 18.143 13.011 11.09 21.064 11.486 18.209 21.32 28.721 33.913 31.026 29.144 73.32 166.26 25.173 19.288 22.069 29.336 29.265 29.451 29.559 30.966 35.001 30.321 165.6 35.732 28.037 29.913 39 50.694 32.934 18.708 18.338 10.339 29.309 28.646 28.814 30.542 25.587 85.652
0 0 0 0 0 0 0 0 0 0 0 0 0 0 0 0 0 0 0 0 0 0 0 0 0 0 0 0 0 0 0 11.008 9.2953 18.125 7.9904 18.591 18.643 29.272 33.825 29.28 27.153 73.281 165.82 25.604 18.054 18.011 27.521 28.706 27.512 27.506 29.117 33.229 28.52 165.48 33.408 25.343 30.661 39 48.608 29.723 11.893 11.06 16.266 27.206 27.635 27.206 28.692 23.712 87.838
0 0 0 0 0 0 0 0 0 0 0 0 0 0 0 0 0 0 0 0 0 0 0 0 0 0 0 0 0 0 0 0 11.881 16.221 14.688 15.96 16.011 29.19 33.742 32.576 27.046 73.424 167.79 25.992 16.105 15.162 23.407 24.993 25.966 30.805 32.454 36.543 31.85 168.31 32.782 24.479 30.275 39.924 50.004 29.03 11.083 14.403 12.156 23.378 27.688 21.686 32.028 26.998 87.454
0 0 0 0 0 0 0 0 0 0 0 0 0 0 0 0 0 0 0 0 0 0 0 0 0 0 0 0 0 0 0 0 0 15.924 11.024 15.703 17.552 28.258 34.342 31.579 27.377 73.138 167.45 25.191 15.825 15.585 27.696 27.73 27.691 29.809 31.497 35.551 30.867 166.88 32.904 25.703 28.507 39.213 50.235 29.166 11.076 11.549 9.2789 27.097 27.024 27.097 31.072 26.089 85.317
0 0 0 0 0 0 0 0 0 0 0 0 0 0 0 0 0 0 0 0 0 0 0 0 0 0 0 0 0 0 0 0 0 0 16.727 10.318 10.982 28.91 33.662 28.947 23.408 73.464 169.56 25.396 11.949 12.915 21.808 22.223 23.398 27.173 28.798 32.898 28.191 170.03 33.236 24.025 28.977 38.633 49.765 29.499 18.926 19.384 19 21.383 24.025 21.383 28.373 23.411 85.6
0 0 0 0 0 0 0 0 0 0 0 0 0 0 0 0 0 0 0 0 0 0 0 0 0 0 0 0 0 0 0 0 0 0 0 16.516 18.047 28.23 33.884 30.611 25.068 73.167 169.03 25.319 16.633 16.009 22.527 24.204 23.917 28.836 30.396 34.554 29.835 168.95 32.53 22.453 28.276 38.985 49.765 28.77 9.7336 14.08 12.018 23.145 25.646 22.916 29.969 24.922 85.446
0 0 0 0 0 0 0 0 0 0 0 0 0 0 0 0 0 0 0 0 0 0 0 0 0 0 0 0 0 0 0 0 0 0 0 0 15.482 28.448 34.107 31.387 25.844 73.644 170.07 25.606 9.961 12.379 25.537 25.262 26.032 29.612 31.145 35.327 30.603 169.89 33.451 24.006 30.353 39.112 48.158 32.088 20.016 19.638 16.942 25.236 26.404 25.236 30.717 25.634 87.424
0 0 0 0 0 0 0 0 0 0 0 0 0 0 0 0 0 0 0 0 0 0 0 0 0 0 0 0 0 0 0 0 0 0 0 0 0 20.775 24.721 28.947 23.408 73.284 169.4 25.327 15.524 12.578 21.02 22.843 23.956 27.173 28.798 32.898 28.191 170.13 33.16 24.864 30.633 39 48.277 29.438 19.283 21.072 19.611 21.096 24.025 20.715 28.373 23.411 87.537
0 0 0 0 0 0 0 0 0 0 0 0 0 0 0 0 0 0 0 0 0 0 0 0 0 0 0 0 0 0 0 0 0 0 0 0 0 0 10.097 28.614 28.418 73.648 168.65 17.118 28.845 19.406 28.565 28.418 29.19 28.611 28.479 32.566 28.145 168.98 33.451 28.918 27.557 43.692 47.12 29.693 28.549 29.274 28.31 28.629 28.176 28.167 34.733 23.112 78.191
0 0 0 0 0 0 0 0 0 0 0 0 0 0 0 0 0 0 0 0 0 0 0 0 0 0 0 0 0 0 0 0 0 0 0 0 0 0 0 31.609 33.853 73.355 167.21 16.863 34.878 22.518 34.261 33.853 33.714 35.623 32.869 35.548 34.435 166.94 33.125 33.772 33.219 44.006 46.825 29.388 33.887 34.51 33.853 33.842 34.047 34.658 38.884 25.838 76.83
0 0 0 0 0 0 0 0 0 0 0 0 0 0 0 0 0 0 0 0 0 0 0 0 0 0 0 0 0 0 0 0 0 0 0 0 0 0 0 0 15.942 73.284 177.85 29.035 28.904 30.252 17.013 13.218 20.001 18.152 17.263 10.653 16.479 178.68 33.16 19.822 30.292 39.269 48.603 29.438 30.611 29.013 28.814 16.744 12.007 12.942 17.597 19.909 87.5
0 0 0 0 0 0 0 0 0 0 0 0 0 0 0 0 0 0 0 0 0 0 0 0 0 0 0 0 0 0 0 0 0 0 0 0 0 0 0 0 0 73.848 181.61 25.949 24.114 24.729 10.39 9.3102 10.987 12.709 7.6311 12.163 9.709 184.02 33.206 12.734 28.507 38.633 49.887 32.963 25.068 27.026 23.297 9.7067 10.071 15.618 9.816 23.293 85.477
0 0 0 0 0 0 0 0 0 0 0 0 0 0 0 0 0 0 0 0 0 0 0 0 0 0 0 0 0 0 0 0 0 0 0 0 0 0 0 0 0 0 118.16 74.168 74.383 74.058 73.938 73.114 73.616 74.383 73.396 73.558 73.534 120.52 42.503 73.85 73.665 93.602 43.916 45.986 73.679 74.007 75.416 74.54 73.558 73.648 73.865 59.582 69.126
0 0 0 0 0 0 0 0 0 0 0 0 0 0 0 0 0 0 0 0 0 0 0 0 0 0 0 0 0 0 0 0 0 0 0 0 0 0 0 0 0 0 0 167.56 168.42 170.82 182.4 180.96 180.34 180.02 180.79 180.76 180.93 33.824 158.8 180.87 180.48 171.94 158.59 158.33 167.79 168.06 168.05 181.42 181.98 180.8 179.79 160.01 155.07
0 0 0 0 0 0 0 0 0 0 0 0 0 0 0 0 0 0 0 0 0 0 0 0 0 0 0 0 0 0 0 0 0 0 0 0 0 0 0 0 0 0 0 0 25.396 25.382 26.669 26.975 26.287 27.267 29.064 33.02 28.36 167.29 33.929 25.295 27.315 51.884 40.8 30.159 25.048 26.498 25.688 26.555 26.051 25.844 31.327 23.799 65.304
0 0 0 0 0 0 0 0 0 0 0 0 0 0 0 0 0 0 0 0 0 0 0 0 0 0 0 0 0 0 0 0 0 0 0 0 0 0 0 0 0 0 0 0 0 17.337 23.645 23.605 23.87 27.164 29.485 32.974 28.48 169.03 34.855 23.014 29.624 39.208 51.242 31.171 19.771 19.567 18.029 24.231 24.583 23.082 29.079 27.058 86.44
0 0 0 0 0 0 0 0 0 0 0 0 0 0 0 0 0 0 0 0 0 0 0 0 0 0 0 0 0 0 0 0 0 0 0 0 0 0 0 0 0 0 0 0 0 0 21.636 22.845 24.501 28.483 30.225 34.23 29.558 171.47 33.929 25.115 31.133 37.741 50.384 30.159 19.133 20.086 20.109 21.741 25.43 20.536 29.802 24.888 87.938
0 0 0 0 0 0 0 0 0 0 0 0 0 0 0 0 0 0 0 0 0 0 0 0 0 0 0 0 0 0 0 0 0 0 0 0 0 0 0 0 0 0 0 0 0 0 0 13.652 12.934 10.377 10.368 14.769 14.445 184.33 34.855 13.666 30.327 39.748 48.978 31.217 21.417 27.268 22.653 14.876 10.223 17.315 12 22.837 87.537
0 0 0 0 0 0 0 0 0 0 0 0 0 0 0 0 0 0 0 0 0 0 0 0 0 0 0 0 0 0 0 0 0 0 0 0 0 0 0 0 0 0 0 0 0 0 0 0 14.392 12.709 10.252 13.276 11.881 183.61 33.106 12.674 28.882 39.269 51.714 29.402 23.035 27.026 23.97 13.557 10.112 13.006 10.603 23.182 85.45
0 0 0 0 0 0 0 0 0 0 0 0 0 0 0 0 0 0 0 0 0 0 0 0 0 0 0 0 0 0 0 0 0 0 0 0 0 0 0 0 0 0 0 0 0 0 0 0 0 13.561 11.076 17.406 10.146 182.64 33.051 9.3344 29.34 38.424 49.89 29.284 23.917 27.673 23.515 12.73 13.724 18.95 11.307 22.661 85.648
0 0 0 0 0 0 0 0 0 0 0 0 0 0 0 0 0 0 0 0 0 0 0 0 0 0 0 0 0 0 0 0 0 0 0 0 0 0 0 0 0 0 0 0 0 0 0 0 0 0 10.978 15.891 13.602 182.49 34.227 11.138 29.324 38.087 50.019 31.556 28.836 27.328 27.047 12.235 12.745 19.202 11.982 27.28 86.205
0 0 0 0 0 0 0 0 0 0 0 0 0 0 0 0 0 0 0 0 0 0 0 0 0 0 0 0 0 0 0 0 0 0 0 0 0 0 0 0 0 0 0 0 0 0 0 0 0 0 0 14.762 13.663 183.13 33.1 9.6799 30.633 39.159 48.233 29.346 30.396 29.587 28.853 12.16 10.226 17.228 11.353 25.285 87.537
0 0 0 0 0 0 0 0 0 0 0 0 0 0 0 0 0 0 0 0 0 0 0 0 0 0 0 0 0 0 0 0 0 0 0 0 0 0 0 0 0 0 0 0 0 0 0 0 0 0 0 0 13.807 182.74 32.943 17.218 31.132 39.197 49.715 29.176 34.554 33.082 32.8 13.797 9.8484 16.895 15.044 22.837 88.121
0 0 0 0 0 0 0 0 0 0 0 0 0 0 0 0 0 0 0 0 0 0 0 0 0 0 0 0 0 0 0 0 0 0 0 0 0 0 0 0 0 0 0 0 0 0 0 0 0 0 0 0 0 183.51 32.953 10.258 30.788 39.736 48.433 29.184 29.835 28.586 28.142 14.43 11.047 16.87 11.116 23.343 87.461
0 0 0 0 0 0 0 0 0 0 0 0 0 0 0 0 0 0 0 0 0 0 0 0 0 0 0 0 0 0 0 0 0 0 0 0 0 0 0 0 0 0 0 0 0 0 0 0 0 0 0 0 0 0 161.37 182.1 182.99 171.74 161.11 160.85 168.31 168.14 168.14 184 183.87 183.51 182.06 162.09 157.78
0 0 0 0 0 0 0 0 0 0 0 0 0 0 0 0 0 0 0 0 0 0 0 0 0 0 0 0 0 0 0 0 0 0 0 0 0 0 0 0 0 0 0 0 0 0 0 0 0 0 0 0 0 0 0 33.451 33.051 57.84 30.475 25.986 33.954 33.79 34.227 33.983 32.943 33.451 33.589 29.624 76.72
0 0 0 0 0 0 0 0 0 0 0 0 0 0 0 0 0 0 0 0 0 0 0 0 0 0 0 0 0 0 0 0 0 0 0 0 0 0 0 0 0 0 0 0 0 0 0 0 0 0 0 0 0 0 0 0 28.511 39.248 50.103 29.693 22.453 25.653 20.793 13.008 14.386 18.678 12.722 22.186 85.736
0 0 0 0 0 0 0 0 0 0 0 0 0 0 0 0 0 0 0 0 0 0 0 0 0 0 0 0 0 0 0 0 0 0 0 0 0 0 0 0 0 0 0 0 0 0 0 0 0 0 0 0 0 0 0 0 0 54.779 38.855 29.284 29.802 29.388 28.856 30.275 30.386 28.5 30.737 22.994 59.134
0 0 0 0 0 0 0 0 0 0 0 0 0 0 0 0 0 0 0 0 0 0 0 0 0 0 0 0 0 0 0 0 0 0 0 0 0 0 0 0 0 0 0 0 0 0 0 0 0 0 0 0 0 0 0 0 0 0 85.389 60.9 39.046 40.736 38.419 39.736 39.334 39.158 37.748 45.329 109.15
0 0 0 0 0 0 0 0 0 0 0 0 0 0 0 0 0 0 0 0 0 0 0 0 0 0 0 0 0 0 0 0 0 0 0 0 0 0 0 0 0 0 0 0 0 0 0 0 0 0 0 0 0 0 0 0 0 0 0 27.34 50.064 49.435 49.78 49.203 48.381 52.18 50.621 42.849 62.743
0 0 0 0 0 0 0 0 0 0 0 0 0 0 0 0 0 0 0 0 0 0 0 0 0 0 0 0 0 0 0 0 0 0 0 0 0 0 0 0 0 0 0 0 0 0 0 0 0 0 0 0 0 0 0 0 0 0 0 0 30.292 30.054 31.83 30.285 29.715 29.693 29.825 17.894 74.814
0 0 0 0 0 0 0 0 0 0 0 0 0 0 0 0 0 0 0 0 0 0 0 0 0 0 0 0 0 0 0 0 0 0 0 0 0 0 0 0 0 0 0 0 0 0 0 0 0 0 0 0 0 0 0 0 0 0 0 0 0 11.837 17.181 21.917 25.646 21.696 29.969 24.922 85.896
0 0 0 0 0 0 0 0 0 0 0 0 0 0 0 0 0 0 0 0 0 0 0 0 0 0 0 0 0 0 0 0 0 0 0 0 0 0 0 0 0 0 0 0 0 0 0 0 0 0 0 0 0 0 0 0 0 0 0 0 0 0 15.711 26.917 26.547 26.917 29.18 26.548 87.278
0 0 0 0 0 0 0 0 0 0 0 0 0 0 0 0 0 0 0 0 0 0 0 0 0 0 0 0 0 0 0 0 0 0 0 0 0 0 0 0 0 0 0 0 0 0 0 0 0 0 0 0 0 0 0 0 0 0 0 0 0 0 0 23.236 24.039 22.918 28.433 23.602 85.609
0 0 0 0 0 0 0 0 0 0 0 0 0 0 0 0 0 0 0 0 0 0 0 0 0 0 0 0 0 0 0 0 0 0 0 0 0 0 0 0 0 0 0 0 0 0 0 0 0 0 0 0 0 0 0 0 0 0 0 0 0 0 0 0 12.867 17.019 12.019 23.447 87.454
0 0 0 0 0 0 0 0 0 0 0 0 0 0 0 0 0 0 0 0 0 0 0 0 0 0 0 0 0 0 0 0 0 0 0 0 0 0 0 0 0 0 0 0 0 0 0 0 0 0 0 0 0 0 0 0 0 0 0 0 0 0 0 0 0 10.339 9.8166 22.571 87.565
0 0 0 0 0 0 0 0 0 0 0 0 0 0 0 0 0 0 0 0 0 0 0 0 0 0 0 0 0 0 0 0 0 0 0 0 0 0 0 0 0 0 0 0 0 0 0 0 0 0 0 0 0 0 0 0 0 0 0 0 0 0 0 0 0 0 17.127 24.009 85.674
0 0 0 0 0 0 0 0 0 0 0 0 0 0 0 0 0 0 0 0 0 0 0 0 0 0 0 0 0 0 0 0 0 0 0 0 0 0 0 0 0 0 0 0 0 0 0 0 0 0 0 0 0 0 0 0 0 0 0 0 0 0 0 0 0 0 0 26.725 87.65
0 0 0 0 0 0 0 0 0 0 0 0 0 0 0 0 0 0 0 0 0 0 0 0 0 0 0 0 0 0 0 0 0 0 0 0 0 0 0 0 0 0 0 0 0 0 0 0 0 0 0 0 0 0 0 0 0 0 0 0 0 0 0 0 0 0 0 0 76.161
0 0 0 0 0 0 0 0 0 0 0 0 0 0 0 0 0 0 0 0 0 0 0 0 0 0 0 0 0 0 0 0 0 0 0 0 0 0 0 0 0 0 0 0 0 0 0 0 0 0 0 0 0 0 0 0 0 0 0 0 0 0 0 0 0 0 0 0 0
