0 17.081 13.283 74.448 76.129 74.053 12.776 58.744 11 63.239 73.691 74.771 74.033 74.527 74.935
0 0 17.73 63.284 65.632 63.091 16.375 42.581 17.156 48.597 60.115 63.753 61.119 62.738 63.256
0 0 0 74.115 75.734 73.755 12.584 58.024 16.167 62.565 72.662 74.411 73.368 74.27 74.292
0 0 0 0 12.026 9.5556 73.712 23.169 74.381 32.368 12.367 19.019 22.843 13.982 10.952
0 0 0 0 0 14.425 75.246 25.441 76.305 34.462 12.584 14.572 22.83 23.827 14.705
0 0 0 0 0 0 73.402 22.771 73.841 32.206 11.934 18.496 20.826 13.646 13.501
0 0 0 0 0 0 0 58.57 13.857 63.135 72.896 73.971 73.371 73.973 74.293
0 0 0 0 0 0 0 0 58.675 14.965 22.752 23.088 19.942 22.963 23.16
0 0 0 0 0 0 0 0 0 63.06 72.745 74.811 73.4 74.142 74.317
0 0 0 0 0 0 0 0 0 0 31.697 32.022 21.252 31.634 31.605
0 0 0 0 0 0 0 0 0 0 0 18.231 21.193 14.903 11.106
0 0 0 0 0 0 0 0 0 0 0 0 22.744 27.09 15.73
0 0 0 0 0 0 0 0 0 0 0 0 0 21.566 20.728
0 0 0 0 0 0 0 0 0 0 0 0 0 0 17.536
0 0 0 0 0 0 0 0 0 0 0 0 0 0 0
