0 16.016 14.879 13.716 11.026 16.034 7.9865 14.211 83.969 66.793 67.448 75.204 10.834 15.378 81.608 15.109 18.625 12.238 15.575 74.72 65.442 72.836 74.453 73.641 73.773 73.561 74.394 10.168 73.565 72.94 71.839 73.524 74.122
0 0 9.9564 13.818 12.158 12.713 13.274 10.853 83.62 66.421 67.423 75.34 11.946 12.011 81.925 13.563 12.522 12.375 13.915 74.97 65.149 72.612 74.607 73.286 73.907 73.88 74.901 11.789 74.089 73.07 71.25 73.958 74.467
0 0 0 13.758 13.505 11.57 12.817 9.5295 83.82 66.658 67.086 74.967 12.613 11.449 81.481 12.264 7.9819 11.066 13.061 74.412 65.204 72.393 74.178 73.076 73.67 73.436 74.246 11.167 73.415 72.516 71.502 73.211 73.782
0 0 0 0 12.653 13.224 10.915 14.061 83.653 66.845 68.111 74.561 11.081 11.84 81.485 13.668 13.032 14.278 13.662 74.298 65.495 71.942 73.862 72.669 73.641 73.466 74.092 11.673 73.302 72.177 71.152 73.431 73.87
0 0 0 0 0 13.42 10.314 11.348 84.086 67.128 67.855 75.28 14.753 11.807 81.659 13.42 14.016 12.187 13.42 75.155 65.934 72.636 74.628 73.286 73.815 73.612 74.454 12.641 73.626 72.757 71.25 74.136 74.825
0 0 0 0 0 0 12.109 9.5705 83.984 67.017 67.422 74.662 13.926 12.154 81.684 10.185 10.346 11.654 14.489 74.203 65.617 72.793 73.901 73.438 74.022 73.656 74.329 13.223 73.489 72.575 71.344 73.475 73.639
0 0 0 0 0 0 0 13.513 84.432 66.867 67.865 75.593 11.169 9.933 82.265 13.02 13.532 10.492 14.835 74.984 65.578 72.247 74.789 72.962 74.124 74.324 75.135 11.907 74.304 73.404 71.884 74.1 74.318
0 0 0 0 0 0 0 0 83.897 66.456 68.111 75.442 10.993 12.931 82.057 13.557 11.419 12.33 13.662 75.258 65.125 72.452 74.77 73.16 74.299 74.017 74.768 10.041 73.934 72.978 71.488 74.087 74.711
0 0 0 0 0 0 0 0 0 18.657 18.277 22.499 83.403 83.948 16.199 81.024 83.989 83.683 71.374 23.245 21.644 23.439 23.082 22.638 22.931 23.266 22.918 83.702 22.734 14.73 14.092 21.533 22.625
0 0 0 0 0 0 0 0 0 0 18.269 30 66.337 66.64 27.626 65.472 66.711 66.387 55.529 30.292 10.353 16.979 30.052 30.273 29.899 30.29 30.775 66.724 29.588 17.257 11.055 22.478 30.241
0 0 0 0 0 0 0 0 0 0 0 20.03 67.875 67.694 20.075 65.409 67.66 67.489 55.244 22.046 16.606 21.834 21.551 19.874 21.15 21.645 19.403 67.467 21.388 13.108 11.892 21.508 20.601
0 0 0 0 0 0 0 0 0 0 0 0 74.916 75.153 19.692 72.711 74.44 74.629 64.736 11.973 30.226 22.602 15.568 11.402 10.422 11.3 11.435 74.843 12.508 21.266 23.879 21.388 11.402
0 0 0 0 0 0 0 0 0 0 0 0 0 12.088 81.233 13.549 14.619 10.789 13.726 74.493 64.97 72.216 74.166 73.006 73.312 73.184 74.103 12.666 73.282 72.488 71.137 73.41 73.953
0 0 0 0 0 0 0 0 0 0 0 0 0 0 81.457 14.262 13.87 13.242 14.146 74.859 65.283 71.681 74.444 72.846 73.575 73.477 74.629 12.602 73.834 72.8 71.557 73.95 74.41
0 0 0 0 0 0 0 0 0 0 0 0 0 0 0 79.151 81.409 81.862 70.779 20.222 28.314 21.464 19.564 19.481 20.039 19.764 20.148 81.999 19.546 15.363 18.622 20.682 19.655
0 0 0 0 0 0 0 0 0 0 0 0 0 0 0 0 10.454 11.767 12.456 72.222 63.936 69.769 71.942 70.449 71.282 71.102 71.972 12.646 71.147 70.31 68.868 71.054 71.638
0 0 0 0 0 0 0 0 0 0 0 0 0 0 0 0 0 12.629 13.167 74.165 65.325 72.396 73.737 73.137 73.823 73.394 74.002 14.557 73.158 72.623 71.269 73.282 73.728
0 0 0 0 0 0 0 0 0 0 0 0 0 0 0 0 0 0 14.002 74.279 65.022 72.574 73.902 73.345 73.852 73.816 74.382 11.655 73.532 72.954 71.513 73.528 73.791
0 0 0 0 0 0 0 0 0 0 0 0 0 0 0 0 0 0 0 64.372 54.154 61.059 64.004 62.512 62.812 62.878 63.86 13.896 63.172 62.469 59.27 63.383 63.879
0 0 0 0 0 0 0 0 0 0 0 0 0 0 0 0 0 0 0 0 30.96 22.971 13.359 12.231 12.91 14.643 10.926 74.517 9.2214 20.944 24.96 21.186 9.246
0 0 0 0 0 0 0 0 0 0 0 0 0 0 0 0 0 0 0 0 0 14.64 31.199 31.131 30.469 31.49 30.701 65.401 30.627 19.168 10.78 22.788 30.7
0 0 0 0 0 0 0 0 0 0 0 0 0 0 0 0 0 0 0 0 0 0 22.918 23.46 22.676 23.185 23.539 72.372 22.401 14.302 21.365 21.779 22.851
0 0 0 0 0 0 0 0 0 0 0 0 0 0 0 0 0 0 0 0 0 0 0 15.808 11.142 16.018 16.004 74.123 15.414 20.256 25.167 21.69 11.136
0 0 0 0 0 0 0 0 0 0 0 0 0 0 0 0 0 0 0 0 0 0 0 0 12.508 10.105 11.892 73.114 11.527 21.674 24.182 21.954 12.348
0 0 0 0 0 0 0 0 0 0 0 0 0 0 0 0 0 0 0 0 0 0 0 0 0 12.766 12.053 73.92 10.388 20.705 24.295 24.688 10.606
0 0 0 0 0 0 0 0 0 0 0 0 0 0 0 0 0 0 0 0 0 0 0 0 0 0 9.5238 74.003 11.042 20.359 25.319 21.302 12.72
0 0 0 0 0 0 0 0 0 0 0 0 0 0 0 0 0 0 0 0 0 0 0 0 0 0 0 74.534 12.276 21.249 24.05 21.458 11.723
0 0 0 0 0 0 0 0 0 0 0 0 0 0 0 0 0 0 0 0 0 0 0 0 0 0 0 0 73.686 72.604 70.856 73.692 74.045
0 0 0 0 0 0 0 0 0 0 0 0 0 0 0 0 0 0 0 0 0 0 0 0 0 0 0 0 0 20.585 24.885 21.557 9.5499
0 0 0 0 0 0 0 0 0 0 0 0 0 0 0 0 0 0 0 0 0 0 0 0 0 0 0 0 0 0 10.874 21.445 21.361
0 0 0 0 0 0 0 0 0 0 0 0 0 0 0 0 0 0 0 0 0 0 0 0 0 0 0 0 0 0 0 21.756 24.729
0 0 0 0 0 0 0 0 0 0 0 0 0 0 0 0 0 0 0 0 0 0 0 0 0 0 0 0 0 0 0 0 21.324
0 0 0 0 0 0 0 0 0 0 0 0 0 0 0 0 0 0 0 0 0 0 0 0 0 0 0 0 0 0 0 0 0
