0 25.271 13.469 22.943 13.464 73.29 10.021 73.29 74.699 52.313 73.546
0 0 26.283 42.11 25.431 74.144 25.922 74.127 75.041 56.199 74.307
0 0 0 23.004 14.6 64.149 12.917 64.149 64.594 43.384 64.332
0 0 0 0 22.79 73.814 22.709 73.814 74.837 53.159 73.959
0 0 0 0 0 73.526 11.643 73.49 74.71 52.752 73.852
0 0 0 0 0 0 73.47 14.223 14.739 25.714 11.928
0 0 0 0 0 0 0 73.47 74.417 52.832 73.626
0 0 0 0 0 0 0 0 9.5169 25.714 11.375
0 0 0 0 0 0 0 0 0 25.906 12.525
0 0 0 0 0 0 0 0 0 0 25.818
0 0 0 0 0 0 0 0 0 0 0
