0 25.271 13.469 22.943 13.464 73.29 10.021 52.806 73.29 74.699 34.397 52.313 73.546
0 0 26.283 42.11 25.431 74.144 25.922 52.888 74.127 75.041 15.222 56.199 74.307
0 0 0 23.004 14.6 64.149 12.917 47.087 64.149 64.594 34.95 43.384 64.332
0 0 0 0 22.79 73.814 22.709 53.25 73.814 74.837 48.443 53.159 73.959
0 0 0 0 0 73.526 11.643 53.108 73.49 74.71 34.298 52.752 73.852
0 0 0 0 0 0 73.47 37.97 14.223 14.739 79.225 25.714 11.928
0 0 0 0 0 0 0 52.902 73.47 74.417 34.993 52.832 73.626
0 0 0 0 0 0 0 0 38.088 37.948 52.707 37.141 39.562
0 0 0 0 0 0 0 0 0 9.5169 79.225 25.714 11.375
0 0 0 0 0 0 0 0 0 0 79.421 25.906 12.525
0 0 0 0 0 0 0 0 0 0 0 65.384 79.408
0 0 0 0 0 0 0 0 0 0 0 0 25.818
0 0 0 0 0 0 0 0 0 0 0 0 0
