0 21.122 38.086 38.807 24.548 21.054 24.497 16.474 19.557 30.392 11.42 30.674 28.259 9.9967 10.994 26.761 23.271 17.263 33.764 16.467 13.447 19.08 27.507 18.645 10.38 16.066 11
0 0 34.028 35.073 20.027 14.221 16.69 18.652 20.13 27.104 18.562 25.487 25.041 18.562 18.42 22.164 18.791 20.792 30.293 18.547 17.024 18.679 22.182 18.506 16.053 16.116 17.848
0 0 0 18.034 21.163 35.776 28.031 28.598 29.357 24.043 37.96 23.017 21.319 35.674 36.315 23.087 22.32 24.114 20.437 26.959 35.315 28.499 24.79 29.019 40.48 32.21 39.019
0 0 0 0 20.064 36.822 28.836 29.073 30.146 22.807 38.632 22.944 20.208 35.088 37.042 21.879 23.223 24.851 19.381 27.633 36.087 29.41 23.485 29.897 41.195 31.402 39.793
0 0 0 0 0 21.468 20.291 12.268 20.526 18.793 25.776 18.436 19.259 19.378 22.287 14.494 14.384 18.23 12.051 18.21 20.766 20.771 12.441 18.518 28.663 21.031 26.284
0 0 0 0 0 0 19.101 18.176 19.817 29.32 18.105 27.131 27.869 18.105 18.246 24.866 20.742 20.795 32.116 18.359 16.664 18.444 24.081 18.312 15.385 15.708 17.554
0 0 0 0 0 0 0 21.581 20.921 23.657 21.514 24.564 22.361 21.546 21.852 22.645 21.514 22.645 27.106 20.028 20.093 21.879 24.372 21.751 18.78 19.135 20.986
0 0 0 0 0 0 0 0 22.425 19.586 16.11 17.769 18.629 13.007 16.527 15.075 11.708 16.616 22.254 16.595 11.434 17.37 18.107 17.428 21.889 16.074 17.956
0 0 0 0 0 0 0 0 0 22.591 19.672 25.24 20.823 21.516 24.647 20.04 20.76 15.851 25.861 12.516 19.986 12.734 21.056 12.856 20.198 21.931 21.316
0 0 0 0 0 0 0 0 0 0 30.437 16.296 11.15 30.334 28.477 18.768 20.939 18.364 16.278 20.451 28.36 22.965 15.01 20.261 33.666 26.022 32.445
0 0 0 0 0 0 0 0 0 0 0 31.274 28.909 13.707 10.209 26.8 25.951 19.603 34.131 19.207 10.845 19.422 26.997 18.847 11.415 13.838 11.714
0 0 0 0 0 0 0 0 0 0 0 0 15.48 26.018 28.694 18.527 19.739 20.636 16.691 22.713 26.376 26.32 14.555 22.97 35.918 29.024 32.578
0 0 0 0 0 0 0 0 0 0 0 0 0 28.982 26.395 18.961 19.625 15.368 17.679 19.119 25.916 22.658 15.79 18.498 32.217 24.848 30.589
0 0 0 0 0 0 0 0 0 0 0 0 0 0 13.958 21.038 18.832 23.908 28.56 22.198 12.765 24.765 28.227 22.405 13.843 21.23 13.134
0 0 0 0 0 0 0 0 0 0 0 0 0 0 0 25.075 20.654 22.277 32.046 22.217 10.548 21.971 25.524 21.719 11.536 15.494 11.81
0 0 0 0 0 0 0 0 0 0 0 0 0 0 0 0 11.407 16.184 10.949 17.275 22.927 21.703 16.358 17.145 30.56 23.566 28.262
0 0 0 0 0 0 0 0 0 0 0 0 0 0 0 0 0 17.638 15.572 17.415 19.551 17.65 14.491 18.061 27.188 19.501 25.02
0 0 0 0 0 0 0 0 0 0 0 0 0 0 0 0 0 0 22.172 15.494 16.802 15.023 15.442 14.914 22.216 17.294 20.877
0 0 0 0 0 0 0 0 0 0 0 0 0 0 0 0 0 0 0 24.942 29.805 27.271 15.49 24.362 37.637 30.112 35.684
0 0 0 0 0 0 0 0 0 0 0 0 0 0 0 0 0 0 0 0 17.538 13.921 20.277 10.712 18.387 16.952 19.309
0 0 0 0 0 0 0 0 0 0 0 0 0 0 0 0 0 0 0 0 0 17.167 23.797 17.246 12.539 14.143 14.277
0 0 0 0 0 0 0 0 0 0 0 0 0 0 0 0 0 0 0 0 0 0 19.874 11.629 20.618 17.472 18.155
0 0 0 0 0 0 0 0 0 0 0 0 0 0 0 0 0 0 0 0 0 0 0 17.303 31.706 24.614 27.942
0 0 0 0 0 0 0 0 0 0 0 0 0 0 0 0 0 0 0 0 0 0 0 0 19.915 17.456 17.709
0 0 0 0 0 0 0 0 0 0 0 0 0 0 0 0 0 0 0 0 0 0 0 0 0 15.991 12.084
0 0 0 0 0 0 0 0 0 0 0 0 0 0 0 0 0 0 0 0 0 0 0 0 0 0 16.118
0 0 0 0 0 0 0 0 0 0 0 0 0 0 0 0 0 0 0 0 0 0 0 0 0 0 0
