0 13.584 17.28 12.259 13.092 14.058 11.04 20.208 29.317 31.954 17.902 28.525 29.539 28.208 31.635 17.7 27.277 29.472 37.884 38.213 14.683 14.994 13.09 15.157 13.522 14.198 17.156 12.719 12.93
0 0 14.007 12.992 13.624 11.573 13.499 18.266 25.592 28.497 18.468 24.902 25.814 24.767 28.099 17.768 23.801 26.058 34.3 34.619 12.162 17.777 14.057 9.4555 13.499 12.545 17.245 12.239 14.957
0 0 0 16.232 17.144 12.968 14.138 16.134 30.873 33.471 25.192 30.07 31.096 29.724 33.167 24.865 28.799 30.982 39.423 39.753 15.326 15.437 13.521 14.381 11.455 15.911 23.73 15.901 14.568
0 0 0 0 14.816 12.948 13.867 13.571 25.871 28.611 23.715 25.108 26.093 24.871 28.254 23.931 23.922 26.149 34.48 34.809 13.367 13.552 11.48 9.9387 10.794 13.532 24.033 13.984 13.49
0 0 0 0 0 17.252 15.915 22.581 32.362 35.053 17.315 31.605 32.585 31.307 34.729 16.787 30.375 32.571 40.972 41.301 18.861 17.314 15.197 14.689 14.685 14.74 16.039 11.303 16.833
0 0 0 0 0 0 14.106 14.823 25.26 28.178 24.215 24.574 25.482 24.449 27.775 24.255 23.481 25.741 33.99 34.291 13.657 12.137 13.118 13.287 12.83 13.214 24.75 14.091 12.18
0 0 0 0 0 0 0 14.699 26.702 29.565 21.765 25.998 26.923 25.83 29.181 20.38 24.871 27.116 35.384 35.711 13.451 15.712 11.338 13.274 11.707 14.325 22.212 11.034 11.872
0 0 0 0 0 0 0 0 28.761 31.414 29.621 27.973 28.983 27.668 31.089 30.592 26.734 28.934 37.334 37.664 10.793 10.717 13.191 13.229 14.099 15.565 30.233 17.274 15.372
0 0 0 0 0 0 0 0 0 14.306 29.428 11.151 11.217 11.206 10.473 25.426 21.623 10.497 10.905 13.394 26.315 26.204 27.538 25.814 26.76 29.317 27.145 29.587 28.538
0 0 0 0 0 0 0 0 0 0 32.063 10.148 11.69 14.783 12.594 28.181 19.699 11.035 13.7 14.229 29.041 28.933 30.226 28.71 29.471 31.954 29.993 32.354 31.197
0 0 0 0 0 0 0 0 0 0 0 28.635 29.65 28.316 31.744 9.237 27.385 29.58 37.994 38.323 24.764 26.704 21 26.009 25.21 21.987 10.257 19.687 24.786
0 0 0 0 0 0 0 0 0 0 0 0 10.147 11.599 13.026 24.667 19.318 13.558 12.316 10.376 25.548 25.438 26.76 25.121 25.988 28.525 26.437 28.853 27.752
0 0 0 0 0 0 0 0 0 0 0 0 0 9.4674 11.917 25.648 21.076 11.997 11.138 13.434 26.538 26.426 27.76 26.036 26.982 29.539 27.367 29.809 28.761
0 0 0 0 0 0 0 0 0 0 0 0 0 0 12.077 25.25 20.911 11.586 12.007 13.059 25.3 25.192 26.482 24.979 25.729 28.208 26.256 28.612 27.452
0 0 0 0 0 0 0 0 0 0 0 0 0 0 0 27.819 19.376 10.293 12.161 9.0668 28.689 28.581 29.888 28.315 29.125 31.635 29.614 32.004 30.87
0 0 0 0 0 0 0 0 0 0 0 0 0 0 0 0 23.491 25.723 34.042 34.371 24.202 25.472 21.433 23.891 24.266 21.305 14.936 18.531 23.737
0 0 0 0 0 0 0 0 0 0 0 0 0 0 0 0 0 21.604 21.891 19.708 24.354 24.246 25.542 24.015 24.785 27.277 25.3 27.668 26.517
0 0 0 0 0 0 0 0 0 0 0 0 0 0 0 0 0 0 9.7405 10.423 26.576 26.469 27.753 26.269 27.004 29.472 27.541 29.887 28.719
0 0 0 0 0 0 0 0 0 0 0 0 0 0 0 0 0 0 0 14.97 34.919 34.809 36.126 34.51 35.358 37.884 35.821 38.229 37.114
0 0 0 0 0 0 0 0 0 0 0 0 0 0 0 0 0 0 0 0 35.248 35.138 36.455 34.837 35.687 38.213 36.149 38.558 37.444
0 0 0 0 0 0 0 0 0 0 0 0 0 0 0 0 0 0 0 0 0 13.507 13.792 9.9006 13.179 12.111 24.112 12.251 10.025
0 0 0 0 0 0 0 0 0 0 0 0 0 0 0 0 0 0 0 0 0 0 14.833 12.043 14.2 12.866 25.143 13.681 13.509
0 0 0 0 0 0 0 0 0 0 0 0 0 0 0 0 0 0 0 0 0 0 0 11.359 13.076 12.547 21.634 12.161 13.171
0 0 0 0 0 0 0 0 0 0 0 0 0 0 0 0 0 0 0 0 0 0 0 0 8.5416 15.124 24.166 13.066 13.622
0 0 0 0 0 0 0 0 0 0 0 0 0 0 0 0 0 0 0 0 0 0 0 0 0 15.124 26.293 12.329 9.742
0 0 0 0 0 0 0 0 0 0 0 0 0 0 0 0 0 0 0 0 0 0 0 0 0 0 21.28 15.146 13.887
0 0 0 0 0 0 0 0 0 0 0 0 0 0 0 0 0 0 0 0 0 0 0 0 0 0 0 18.996 22.724
0 0 0 0 0 0 0 0 0 0 0 0 0 0 0 0 0 0 0 0 0 0 0 0 0 0 0 0 13.645
0 0 0 0 0 0 0 0 0 0 0 0 0 0 0 0 0 0 0 0 0 0 0 0 0 0 0 0 0
