0 21.063 19.983 11.615 20.979 11.831 47.172 20.528 12.498 19.988 10.549
0 0 11.842 20.682 11.095 22.632 47.073 11.507 30.656 11.053 21.151
0 0 0 20.047 11.878 22.949 47.25 12.547 31.705 11.745 21.072
0 0 0 0 20.595 13.06 47.073 20.203 13.576 19.984 13.78
0 0 0 0 0 22.538 47.099 13.503 32.135 9.3935 20.714
0 0 0 0 0 0 57.63 22.352 12.091 22.216 11.882
0 0 0 0 0 0 0 47.382 47.514 47.359 47.28
0 0 0 0 0 0 0 0 31.139 10.718 21.041
0 0 0 0 0 0 0 0 0 31.267 15.312
0 0 0 0 0 0 0 0 0 0 20.848
0 0 0 0 0 0 0 0 0 0 0
