1 36 33 33.837 -118.17 158 0 16 250 1 2
1 36 33 33.82 -118.22 220 15 35 250 1 2
1 36 33 33.758 -118.24 221 272 65 250 1 2
1 36 33 33.682 -118.23 252 213 96 250 1 2
1 36 33 33.711 -118.15 278 181 113 250 1 2
1 36 33 33.78 -118.08 321 124 127 250 1 2
1 36 33 33.854 -118 353 50 152 250 1 18
1 36 33 33.93 -117.92 365 40 173 250 1 18
1 36 33 33.999 -117.83 365 46 173 250 1 18
1 36 33 34.017 -117.84 382 43 187 250 1 18
1 36 33 34.111 -117.75 418 39 201 250 1 21
1 36 33 34.291 -117.5 448 43 236 250 1 21
1 36 33 34.376 -117.39 457 48 250 250 1 43
1 36 33 34.446 -117.29 457 48 250 250 1 43
1 36 33 34.446 -117.29 457 48 250 250 1 43
1 36 33 34.546 -117.15 457 48 250 250 1 43
1 36 33 34.629 -117.04 457 48 250 250 1 43
1 36 33 34.712 -116.92 457 48 250 250 1 43
1 36 33 34.796 -116.81 457 49 250 250 1 43
1 36 33 34.879 -116.69 458 48 250 250 1 43
1 36 33 34.964 -116.57 459 48 250 130 1 43
1 36 33 35.053 -116.46 459 48 244 130 1 43
1 36 33 35.136 -116.36 442 47 232 130 1 31
1 36 33 35.23 -116.24 413 45 214 130 1 31
1 36 33 35.307 -116.14 401 45 198 130 1 31
1 36 33 35.381 -116.05 386 45 183 130 1 31
1 36 33 35.454 -115.96 383 45 168 130 1 31
1 36 33 35.531 -115.86 364 44 155 130 1 31
1 36 33 35.63 -115.74 303 47 140 130 1 31
1 36 33 35.677 -115.68 294 44 131 130 1 31
1 36 33 35.74 -115.6 291 46 131 130 1 3
1 36 33 35.822 -115.57 328 35 131 130 1 3
1 36 33 35.911 -115.56 321 2 130 130 1 3
1 36 33 35.97 -115.48 322 28 125 130 1 3
1 36 33 36.02 -115.4 309 54 111 130 1 3
1 36 33 36.024 -115.29 274 68 101 130 1 3
1 36 33 36.019 -115.21 268 95 91 130 1 3
1 36 33 36.013 -115.11 264 94 74 130 1 3
1 36 33 36.007 -115.01 272 94 56 130 1 3
1 36 33 36.036 -114.96 249 82 56 130 1 3
1 36 33 36.074 -115.01 200 343 43 130 1 3
1 36 33 36.074 -115.05 197 310 33 130 1 3
1 36 33 36.072 -115.12 138 270 22 130 1 3
1 36 33 36.074 -115.15 145 268 21 130 1 3
2 36 33 33.845 -118.18 170 320 18 250 1 2
2 36 33 33.821 -118.23 204 317 36 250 1 2
2 36 33 33.761 -118.25 215 233 65 250 1 2
2 36 33 33.717 -118.21 235 215 90 250 1 2
2 36 33 33.701 -118.11 259 168 116 250 1 2
2 36 33 33.763 -118.04 310 115 131 250 1 18
2 36 33 33.847 -117.98 355 71 151 250 1 18
2 36 33 33.937 -117.92 377 35 165 250 1 18
2 36 33 34.027 -117.83 402 36 183 250 1 18
2 36 33 34.027 -117.83 402 36 183 250 1 18
2 36 33 34.21 -117.61 426 38 221 250 1 21
2 36 33 34.291 -117.5 435 44 235 250 1 21
2 36 33 34.371 -117.39 435 48 235 250 1 21
2 36 33 34.373 -117.39 441 48 249 250 1 43
2 36 33 34.539 -117.16 455 48 250 250 1 43
2 36 33 34.539 -117.16 455 48 250 250 1 43
2 36 33 34.611 -117.03 456 48 250 250 1 43
2 36 33 34.693 -116.92 455 52 250 250 1 43
2 36 33 34.799 -116.78 456 49 250 250 1 43
2 36 33 34.887 -116.67 456 47 250 250 1 43
2 36 33 34.975 -116.56 457 45 250 250 1 43
2 36 33 35.063 -116.45 457 45 243 250 1 43
2 36 33 35.147 -116.34 447 45 240 130 1 43
2 36 33 35.236 -116.23 453 45 215 130 1 31
2 36 33 35.343 -116.1 455 45 179 130 1 31
2 36 33 35.427 -115.99 442 45 148 130 1 31
2 36 33 35.51 -115.89 433 45 130 130 1 31
2 36 33 35.583 -115.8 371 45 130 130 1 31
2 36 33 35.662 -115.75 324 32 113 130 1 31
2 36 33 35.754 -115.69 328 27 110 130 1 31
2 36 33 35.836 -115.64 329 26 110 130 1 3
2 36 33 35.925 -115.59 330 26 110 130 1 3
2 36 33 35.986 -115.52 325 26 110 130 1 3
2 36 33 36.019 -115.41 315 65 110 130 1 3
2 36 33 36.027 -115.3 328 72 104 130 1 3
2 36 33 36.019 -115.2 287 95 90 130 1 3
2 36 33 36.013 -115.11 256 95 85 130 1 3
2 36 33 36.008 -115.04 204 93 76 130 1 3
2 36 33 36.004 -114.97 198 94 61 130 1 3
2 36 33 36.038 -114.93 200 87 52 130 1 3
2 36 33 36.073 -114.99 192 346 39 130 1 3
2 36 33 36.072 -115.01 179 308 38 130 1 3
2 36 33 36.073 -115.11 165 269 24 130 1 3
2 36 33 36.073 -115.11 165 269 24 130 1 3
2 36 33 36.073 -115.15 155 269 21 130 1 3
3 36 33 33.85 -118.2 191 316 22 250 1 2
3 36 33 33.835 -118.25 213 308 38 250 1 2
3 36 33 33.785 -118.28 231 264 66 250 1 15
3 36 33 33.718 -118.3 230 226 95 250 1 2
3 36 33 33.658 -118.28 259 178 122 250 1 2
3 36 33 33.699 -118.19 289 177 143 250 1 18
3 36 33 33.768 -118.11 344 76 154 250 1 18
3 36 33 33.842 -118.02 372 51 176 250 1 18
3 36 33 33.921 -117.93 395 43 189 250 1 18
3 36 33 34.035 -117.83 428 45 209 250 1 18
3 36 33 34.127 -117.73 437 40 224 250 1 21
3 36 33 34.209 -117.61 449 41 238 250 1 21
3 36 33 34.294 -117.5 456 45 250 250 1 43
3 36 33 34.377 -117.39 456 48 250 250 1 43
3 36 33 34.464 -117.27 456 48 250 250 1 43
3 36 33 34.547 -117.15 456 48 250 250 1 43
3 36 33 34.646 -117.02 455 48 250 250 1 43
3 36 33 34.729 -116.9 455 48 250 250 1 43
3 36 33 34.812 -116.78 454 48 250 250 1 43
3 36 33 34.894 -116.67 455 48 250 250 1 43
3 36 33 34.979 -116.55 457 48 250 130 1 43
3 36 33 35.08 -116.43 440 48 240 130 1 43
3 36 33 35.165 -116.32 440 45 240 130 1 43
3 36 33 35.159 -116.33 416 46 229 130 1 31
3 36 33 35.311 -116.14 390 45 200 130 1 31
3 36 33 35.311 -116.14 390 45 200 130 1 31
3 36 33 35.386 -116.04 389 45 185 130 1 31
3 36 33 35.474 -115.93 383 46 168 130 1 31
3 36 33 35.604 -115.77 366 43 144 130 1 31
3 36 33 35.669 -115.69 364 50 132 130 1 31
3 36 33 35.736 -115.61 319 46 130 130 1 3
3 36 33 35.82 -115.57 328 43 130 130 1 3
3 36 33 35.854 -115.57 330 17 130 130 1 3
3 36 33 35.953 -115.56 331 2 130 130 1 3
3 36 33 36.001 -115.47 322 33 121 130 1 3
3 36 33 36.031 -115.37 309 68 109 130 1 3
3 36 33 36.021 -115.22 282 95 93 130 1 3
3 36 33 36.017 -115.17 282 94 90 130 1 3
3 36 33 36.012 -115.09 217 94 85 130 1 3
3 36 33 36.004 -114.99 203 95 70 130 1 3
3 36 33 36.003 -114.94 207 94 66 130 1 3
3 36 33 36.015 -114.89 204 94 58 130 1 3
3 36 33 36.067 -114.94 214 15 50 130 1 3
3 36 33 36.074 -115 187 293 39 130 1 3
3 36 33 36.074 -115.03 186 277 36 130 1 3
4 36 33 33.818 -118.15 153 0 0 250 1 2
4 36 33 33.833 -118.17 169 318 14 250 1 2
4 36 33 33.835 -118.22 218 269 29 250 1 2
4 36 33 33.711 -118.26 230 196 85 250 1 2
4 36 33 33.711 -118.26 230 196 85 250 1 2
4 36 33 33.634 -118.26 286 109 104 250 1 2
4 36 33 33.638 -118.15 332 186 125 250 1 2
4 36 33 33.722 -118.08 374 127 140 250 1 18
4 36 33 33.815 -118.01 393 60 161 250 1 18
4 36 33 33.908 -117.95 393 32 186 250 1 18
4 36 33 34.01 -117.91 383 31 214 250 1 21
4 36 33 34.108 -117.86 387 31 231 250 1 21
4 36 33 34.169 -117.75 406 19 244 250 1 43
4 36 33 34.234 -117.6 430 39 250 250 1 43
4 36 33 34.291 -117.47 439 59 250 250 1 43
4 36 33 34.348 -117.34 440 62 250 250 1 43
4 36 33 34.407 -117.2 442 62 250 250 1 43
4 36 33 34.461 -117.06 438 62 250 250 1 44
4 36 33 34.51 -116.94 431 55 250 250 1 44
4 36 33 34.59 -116.83 440 64 250 250 1 44
4 36 33 34.689 -116.75 430 55 250 250 1 44
4 36 33 34.788 -116.67 434 38 250 250 1 43
4 36 33 34.889 -116.58 440 34 250 250 1 43
4 36 33 35.014 -116.48 443 34 250 250 1 43
4 36 33 35.108 -116.4 426 34 240 250 1 43
4 36 33 35.192 -116.29 428 38 239 130 1 31
4 36 33 35.27 -116.19 394 40 216 130 1 31
4 36 33 35.344 -116.1 375 45 193 130 1 31
4 36 33 35.412 -116.02 354 47 181 130 1 31
4 36 33 35.477 -115.93 330 44 164 130 1 31
4 36 33 35.549 -115.84 319 42 144 130 1 31
4 36 33 35.605 -115.76 311 47 129 130 1 31
4 36 33 35.659 -115.68 312 52 111 130 1 31
4 36 33 35.708 -115.6 316 53 98 130 1 3
4 36 33 35.764 -115.51 304 52 81 130 1 3
4 36 33 35.814 -115.43 266 52 80 130 1 3
4 36 33 35.862 -115.39 251 38 81 130 1 3
4 36 33 35.941 -115.35 243 17 68 130 1 3
4 36 33 35.996 -115.33 213 20 57 130 1 3
4 36 33 36.04 -115.31 201 18 48 130 1 3
4 36 33 36.071 -115.27 150 18 40 130 1 3
4 36 33 36.073 -115.21 141 87 30 130 1 3
4 36 33 36.074 -115.18 140 88 25 130 1 3
4 36 33 36.073 -115.16 141 88 23 130 1 3
5 36 33 33.838 -118.17 171.5 78.25 74.5 250 1 2
5 36 33 33.827 -118.22 226 305 87 250 1 2
5 36 33 33.778 -118.25 240 257.5 56.75 250 1 2
5 36 33 33.712 -118.26 253.5 231 83.75 250 1 2
5 36 33 33.654 -118.23 275.75 196.25 106 250 1 2
5 36 33 33.678 -118.14 323.5 134.75 127 250 1 2
5 36 33 33.762 -118.07 354.75 88.25 149.5 250 1 18
5 36 33 33.872 -117.97 401.5 45.25 169.25 250 1 18
5 36 33 33.97 -117.89 417.75 35 192.75 250 1 18
5 36 33 34.067 -117.79 425.5 35.5 215.25 250 1 21
5 36 33 34.166 -117.69 439 38.25 230.25 250 1 21
5 36 33 34.255 -117.58 444.75 40.5 241.25 250 1 21
5 36 33 34.337 -117.47 446 44.75 246 250 1 43
5 36 33 34.419 -117.35 445.75 46 250 250 1 43
5 36 33 34.5 -117.24 446.5 48.75 250 250 1 43
5 36 33 34.577 -117.12 447 48.75 250 250 1 43
5 36 33 34.65 -117.02 447.38 49 250 250 1 43
5 36 33 34.73 -116.91 446.25 48.75 250 250 1 43
5 36 33 34.816 -116.78 446.25 49 250 250 1 43
5 36 33 34.837 -116.76 446.5 49 250 250 1 43
5 36 33 34.915 -116.65 440.88 49 247.5 250 1 43
5 36 33 35.014 -116.52 434.38 48.25 243.88 250 1 43
5 36 33 35.07 -116.44 430 47.125 241.5 250 1 43
5 36 33 35.155 -116.34 428 46.5 240.25 130 1 43
5 36 33 35.218 -116.26 418.5 45.5 233.25 130 1 31
5 36 33 35.295 -116.16 404.5 45 216.25 130 1 31
5 36 33 35.388 -116.04 393.75 45.25 194 130 1 31
5 36 33 35.455 -115.96 386.5 45 175.75 130 1 31
5 36 33 35.535 -115.86 363.5 45 157.75 130 1 31
5 36 33 35.599 -115.77 348.25 47 143.25 130 1 31
5 36 33 35.654 -115.68 334.5 51.75 129.75 130 1 31
5 36 33 35.706 -115.59 319.75 54.5 113.75 130 1 3
5 36 33 35.759 -115.5 309.5 51 98.75 130 1 3
5 36 33 35.825 -115.45 301.75 38.25 84.5 130 1 3
5 36 33 35.892 -115.39 288.75 34 72.5 130 1 3
5 36 33 35.96 -115.34 273.25 28 59.25 130 1 3
5 36 33 36.017 -115.31 231.75 25.25 50 130 1 3
5 36 33 36.061 -115.27 200.75 40.5 41 130 1 3
5 36 33 36.073 -115.21 161.5 72 30.5 130 1 3
5 36 33 36.074 -115.17 147.75 87.5 23.75 130 1 3
6 36 46 33.848 -118.2 204 320 21 300 1 2
6 36 46 33.862 -118.27 220 286 51 300 1 15
6 36 46 33.913 -118.32 244 301 71 300 1 15
6 36 46 33.981 -118.37 266 328 110 300 1 15
6 36 46 34.07 -118.42 302 332 134 300 1 21
6 36 46 34.158 -118.47 369 337 148 300 1 32
6 36 46 34.255 -118.53 391 333 170 300 1 32
6 36 46 34.225 -118.66 391 253 170 300 1 32
6 36 46 34.457 -118.65 407 333 213 300 1 32
6 36 46 34.544 -118.74 407 320 213 300 1 32
6 36 46 34.629 -118.76 418 333 241 300 1 53
6 36 46 34.761 -118.83 433 333 258 300 1 53
6 36 46 34.866 -118.92 451 332 272 300 1 53
6 36 46 34.964 -119.02 451 322 291 300 1 53
6 36 46 35.061 -119.11 448 321 300 300 1 53
6 36 46 35.157 -119.21 446 321 299 300 1 53
6 36 46 35.253 -119.3 446 321 299 300 1 53
6 36 46 35.35 -119.4 446 321 300 300 1 54
6 36 46 35.406 -119.45 445 321 299 300 1 54
6 36 46 35.502 -119.55 445 321 299 300 1 54
6 36 46 35.597 -119.64 445 321 299 300 1 54
6 36 46 35.751 -119.8 444 321 299 300 1 54
6 36 46 35.787 -119.83 444 320 299 300 1 54
6 36 46 35.938 -119.98 442 320 299 300 4 189
6 36 46 36.033 -120.08 442 320 299 300 4 189
6 36 46 36.089 -120.14 442 320 299 300 4 189
6 36 46 36.183 -120.23 441 320 299 300 4 189
6 36 46 36.24 -120.29 440 320 299 300 4 189
6 36 46 36.333 -120.39 439 320 300 300 4 189
6 36 46 36.428 -120.48 438 320 299 280 4 189
6 36 46 36.52 -120.58 437 320 299 200 4 189
6 36 46 36.683 -120.75 441 320 264 200 4 168
6 36 46 36.767 -120.83 433 320 229 200 4 168
6 36 46 36.85 -120.93 414 317 205 200 4 168
6 36 46 36.933 -121.03 366 317 185 200 4 174
6 36 46 37 -121.1 362 316 166 200 4 174
6 36 46 37.067 -121.18 350 317 149 200 4 174
6 36 46 37.15 -121.27 337 317 132 200 4 154
6 36 46 37.2 -121.33 325 317 118 200 4 154
6 36 46 37.267 -121.42 304 317 103 200 4 178
6 36 46 37.333 -121.5 297 316 88 200 4 178
6 36 46 37.371 -121.54 300 317 80 200 4 152
6 36 46 37.428 -121.6 287 313 65 200 4 152
6 36 46 37.484 -121.69 287 307 59 200 4 156
6 36 46 37.504 -121.79 280 284 57 200 4 156
6 36 46 37.522 -121.87 261 284 51 200 4 156
6 36 46 37.536 -121.94 229 284 44 200 4 156
6 36 46 37.561 -122.01 203 310 37 200 4 156
6 36 46 37.594 -122.06 191 310 29 200 4 156
6 36 46 37.627 -122.1 190 292 24 200 4 152
6 36 46 37.653 -122.14 167 321 16 200 4 152
6 36 46 37.676 -122.18 146 310 8 200 4 152
6 36 46 37.704 -122.22 134 321 200 200 4 152
7 36 46 33.834 -118.18 179.5 0 12 300 1 2
7 36 46 33.85 -118.22 210.5 160.5 25.5 300 1 2
7 36 46 33.855 -118.25 217 309 42 300 1 2
7 36 46 33.892 -118.36 238.5 281 86.5 300 1 15
7 36 46 33.903 -118.41 270.5 287.5 93.5 300 1 15
7 36 46 33.959 -118.48 307 317.5 118.5 300 1 15
7 36 46 34.049 -118.52 330 302.5 140 300 1 21
7 36 46 34.144 -118.56 356 330 153 300 1 32
7 36 46 34.246 -118.61 389.5 345 169.5 300 1 32
7 36 46 34.353 -118.66 411.5 339 192 300 1 32
7 36 46 34.463 -118.71 422 339.5 211.5 300 1 32
7 36 46 34.588 -118.76 434.5 339.5 233.5 300 1 32
7 36 46 34.703 -118.81 439.5 339.5 248.5 300 1 32
7 36 46 34.853 -118.91 454 336 270 300 1 53
7 36 46 34.922 -118.97 454 326.5 282.5 300 1 53
7 36 46 35.049 -119.1 448.5 320.5 298 300 1 53
7 36 46 35.156 -119.2 449 321 299.5 300 1 53
7 36 46 35.223 -119.27 449.5 320.5 300 300 1 53
7 36 46 35.32 -119.37 449 321 300 300 1 53
7 36 46 35.416 -119.46 447.5 321 299.5 300 1 54
7 36 46 35.52 -119.56 442.5 320.5 299.5 300 1 54
7 36 46 35.615 -119.66 442.5 320.5 299 300 1 54
7 36 46 35.719 -119.77 443 320 300 300 1 54
7 36 46 35.816 -119.86 443.5 320 300 300 1 0
7 36 46 35.911 -119.96 445 320 300 300 4 189
7 36 46 36.005 -120.05 445.5 320 300 280 4 189
7 36 46 36.102 -120.15 446 320.5 300 280 4 189
7 36 46 36.188 -120.24 446.5 320 300 280 4 189
7 36 46 36.264 -120.31 445.5 320 297.5 280 4 189
7 36 46 36.359 -120.41 445 320.5 289 200 4 189
7 36 46 36.44 -120.49 445.25 320.5 277.5 275 4 168
7 36 46 36.52 -120.57 448.25 320 262.5 265 4 168
7 36 46 36.619 -120.68 439 320 243.25 252 4 168
7 36 46 36.725 -120.78 431.5 320 230.5 200 4 168
7 36 46 36.808 -120.88 419 318.5 212 200 4 168
7 36 46 36.882 -120.97 410.5 316.5 193.5 200 4 168
7 36 46 36.965 -121.06 399 316 172.5 200 4 174
7 36 46 37.046 -121.16 386 319 151 200 4 154
7 36 46 37.127 -121.25 379.5 313 130 200 4 154
7 36 46 37.197 -121.34 364 319 114.5 200 4 152
7 36 46 37.267 -121.41 337.5 316 105 200 4 152
7 36 46 37.334 -121.49 323.5 319.5 95 200 4 152
7 36 46 37.39 -121.56 306.5 318.5 81.5 200 4 152
7 36 46 37.442 -121.65 289.5 304.5 69 200 4 152
7 36 46 37.486 -121.72 267 305 59.5 200 4 156
7 36 46 37.51 -121.8 249.5 295 53.5 200 4 156
7 36 46 37.525 -121.86 223 289.5 47.5 200 4 156
7 36 46 37.55 -121.95 212.5 289 38 200 4 156
7 36 46 37.566 -122.01 199 288 35.5 200 4 156
7 36 46 37.592 -122.05 195 294 32 200 4 156
7 36 46 37.633 -122.1 179.5 311.5 23 200 4 152
7 36 46 37.659 -122.15 159.5 310 15.5 200 4 152
7 36 46 37.688 -122.19 139.5 311.5 5.5 200 4 152
7 36 46 37.71 -122.22 127.5 316.5 240 200 4 152
8 36 46 33.833 -118.18 164 0 18 300 1 2
8 36 46 33.863 -118.26 215 291 57 300 1 15
8 36 46 33.863 -118.26 215 291 57 300 1 15
8 36 46 33.919 -118.29 221 294 93 300 1 15
8 36 46 33.979 -118.33 240 325 123 300 1 15
8 36 46 34.061 -118.38 283 317 147 300 1 21
8 36 46 34.148 -118.44 350 331 158 300 1 32
8 36 46 34.246 -118.5 394 331 180 300 1 32
8 36 46 34.347 -118.57 412 332 204 300 1 32
8 36 46 34.452 -118.63 421 325 224 300 1 32
8 36 46 34.559 -118.7 435 332 242 300 1 53
8 36 46 34.693 -118.79 451 331 262 300 1 53
8 36 46 34.803 -118.87 456 332 283 300 1 53
8 36 46 34.904 -118.96 450 325 300 300 1 53
8 36 46 34.981 -119.03 445 320 300 300 1 53
8 36 46 35.096 -119.15 445 321 300 300 1 53
8 36 46 35.193 -119.24 446 321 300 300 1 53
8 36 46 35.31 -119.36 449 321 300 300 1 53
8 36 46 35.407 -119.45 449 320 300 300 1 54
8 36 46 35.503 -119.55 449 321 300 300 1 54
8 36 46 35.598 -119.64 448 320 300 300 1 54
8 36 46 35.693 -119.74 448 320 300 300 1 54
8 36 46 35.807 -119.85 447 321 300 300 1 54
8 36 46 35.903 -119.95 447 320 300 300 4 189
8 36 46 35.997 -120.05 446 320 300 300 4 189
8 36 46 36.091 -120.14 443 320 300 280 4 189
8 36 46 36.148 -120.2 443 320 300 280 4 189
8 36 46 36.241 -120.29 443 320 300 280 4 189
8 36 46 36.354 -120.41 441 320 300 200 4 189
8 36 46 36.449 -120.51 443 320 290 200 4 189
8 36 46 36.543 -120.6 443 320 266 200 4 168
8 36 46 36.633 -120.69 419 319 254 200 4 168
8 36 46 36.716 -120.78 391 320 240 200 4 168
8 36 46 36.795 -120.87 390 320 221 200 4 168
8 36 46 36.882 -120.97 379 316 201 200 4 168
8 36 46 36.959 -121.06 378 317 183 200 4 174
8 36 46 37.035 -121.15 364 317 160 200 4 174
8 36 46 37.106 -121.23 360 317 143 200 4 174
8 36 46 37.176 -121.31 352 314 127 200 4 154
8 36 46 37.244 -121.39 334 317 110 200 4 152
8 36 46 37.309 -121.47 326 313 100 200 4 178
8 36 46 37.36 -121.56 326 304 100 200 4 152
8 36 46 37.37 -121.53 303 313 85 200 4 152
8 36 46 37.482 -121.7 282 317 60 200 4 156
8 36 46 37.482 -121.7 282 317 60 200 4 156
8 36 46 37.502 -121.8 287 310 60 200 4 156
8 36 46 37.541 -121.97 262 285 44 200 4 156
8 36 46 37.541 -121.97 262 285 44 200 4 156
8 36 46 37.574 -122.03 229 294 38 200 4 156
8 36 46 37.612 -122.08 206 294 28 200 4 156
8 36 46 37.646 -122.13 202 309 18 200 4 152
8 36 46 37.672 -122.17 165 311 11 200 4 152
8 36 46 37.701 -122.21 142 310 2 200 4 152
9 36 46 33.833 -118.18 166 0 21 300 1 2
9 36 46 33.85 -118.25 226 300 48 300 1 15
9 36 46 33.867 -118.33 262 288 60 300 1 15
9 36 46 33.883 -118.43 303 283 60 300 1 15
9 36 46 33.917 -118.52 296 283 84 300 1 15
9 36 46 33.933 -118.62 294 283 90 300 1 15
9 36 46 33.983 -118.68 308 293 90 300 1 15
9 36 46 34.034 -118.67 297 312 90 300 1 15
9 36 46 34.107 -118.65 297 13 90 300 1 8
9 36 46 34.204 -118.63 299 16 90 300 1 8
9 36 46 34.286 -118.64 296 10 98 300 1 8
9 36 46 34.371 -118.66 309 14 127 300 1 8
9 36 46 34.457 -118.69 321 352 143 300 1 32
9 36 46 34.541 -118.73 330 334 157 300 1 32
9 36 46 34.629 -118.78 339 337 172 300 1 32
9 36 46 34.738 -118.83 348 338 194 300 1 32
9 36 46 34.827 -118.88 355 337 215 300 1 32
9 36 46 34.904 -118.96 359 324 234 300 1 33
9 36 46 34.983 -119.04 360 320 258 300 1 53
9 36 46 35.061 -119.11 361 321 283 300 1 53
9 36 46 35.141 -119.19 364 321 291 300 1 53
9 36 46 35.19 -119.24 363 321 289 300 1 53
9 36 46 35.339 -119.38 431 321 300 300 1 54
9 36 46 35.432 -119.47 433 321 300 300 1 54
9 36 46 35.525 -119.57 434 321 300 300 1 54
9 36 46 35.578 -119.62 429 320 300 300 1 54
9 36 46 35.668 -119.71 427 320 299 300 1 54
9 36 46 35.759 -119.8 426 320 299 300 1 54
9 36 46 35.849 -119.89 424 321 300 300 4 189
9 36 46 35.903 -119.95 420 321 300 300 4 189
9 36 46 36.045 -120.09 420 320 300 300 4 189
9 36 46 36.135 -120.18 420 320 300 300 4 189
9 36 46 36.226 -120.28 422 320 300 300 4 189
9 36 46 36.316 -120.37 422 320 300 300 4 189
9 36 46 36.407 -120.46 421 320 299 280 4 189
9 36 46 36.492 -120.55 407 320 290 280 4 189
9 36 46 36.577 -120.64 396 320 274 200 4 168
9 36 46 36.66 -120.72 390 320 254 200 4 168
9 36 46 36.759 -120.83 388 320 230 200 4 168
9 36 46 36.834 -120.92 392 320 212 200 4 168
9 36 46 36.913 -121.01 385 318 194 200 4 174
9 36 46 36.983 -121.08 375 316 177 200 4 174
9 36 46 37.062 -121.18 360 321 158 200 4 174
9 36 46 37.134 -121.26 356 309 142 200 4 174
9 36 46 37.204 -121.34 353 321 125 200 4 154
9 36 46 37.274 -121.42 344 315 109 200 4 178
9 36 46 37.346 -121.49 337 321 97 200 4 152
9 36 46 37.45 -121.51 317 350 79 200 4 152
9 36 46 37.5 -121.52 300 353 70 200 4 152
9 36 46 37.567 -121.53 300 354 69 200 4 152
9 36 46 37.617 -121.65 268 313 69 200 4 152
9 36 46 37.617 -121.68 240 290 70 200 4 156
9 36 46 37.605 -121.73 244 270 66 200 4 156
9 36 46 37.609 -121.82 243 259 59 200 4 156
9 36 46 37.614 -121.89 215 265 56 200 4 156
9 36 46 37.614 -121.95 188 273 50 200 4 156
9 36 46 37.617 -122.01 167 280 41 200 4 156
9 36 46 37.62 -122.07 164 272 30 200 4 156
9 36 46 37.635 -122.12 161 285 19 200 4 152
9 36 46 37.662 -122.16 154 281 13 200 4 152
9 36 46 37.686 -122.19 140 302 8 200 4 152
9 36 46 37.704 -122.22 124 311 200 200 4 152
10 36 46 33.839 -118.19 174.67 0 19.333 300 1 2
10 36 46 33.856 -118.25 217.67 302.67 41.333 300 1 2
10 36 46 33.872 -118.34 252.67 289.67 60.333 300 1 15
10 36 46 33.886 -118.39 279.33 285.33 68 300 1 15
10 36 46 33.911 -118.51 297.33 284 89.333 300 1 15
10 36 46 33.923 -118.57 292.33 287.33 91.667 300 1 15
10 36 46 33.963 -118.62 301.33 285 104.67 300 1 15
10 36 46 34.04 -118.65 308 311 119 300 1 15
10 36 46 34.132 -118.63 327.67 237 126.67 300 1 32
10 36 46 34.227 -118.63 353.33 126.33 141.33 300 1 32
10 36 46 34.329 -118.65 373.33 123.67 163.33 300 1 32
10 36 46 34.432 -118.7 391 234 185.67 300 1 32
10 36 46 34.546 -118.74 411 341.67 202.67 300 1 32
10 36 46 34.664 -118.79 421 341 219.33 300 1 53
10 36 46 34.778 -118.86 435 335.67 237.67 300 1 53
10 36 46 34.881 -118.94 441 327 255 300 1 53
10 36 46 34.985 -119.04 447.67 326 271.67 300 1 53
10 36 46 35.078 -119.13 453.67 321.67 279 300 1 53
10 36 46 35.175 -119.22 449.33 321 287.33 300 1 53
10 36 46 35.285 -119.33 450.33 321 292.67 300 1 53
10 36 46 35.381 -119.43 447.33 320.67 298.33 300 1 54
10 36 46 35.483 -119.53 450 320.33 299.33 300 1 54
10 36 46 35.579 -119.62 451 320.33 299.67 300 1 54
10 36 46 35.683 -119.73 449.33 320.67 299.67 300 1 54
10 36 46 35.785 -119.83 449.67 320.67 299.67 300 1 54
10 36 46 35.882 -119.93 450.33 320.33 299.33 300 4 189
10 36 46 35.984 -120.03 450.67 320 299.33 300 4 189
10 36 46 36.057 -120.11 450.67 320.17 299.33 300 4 189
10 36 46 36.157 -120.21 451.67 320.33 299.67 200 4 189
10 36 46 36.285 -120.34 451.67 320 299.67 200 4 189
10 36 46 36.382 -120.44 451.67 320.67 297.67 200 4 189
10 36 46 36.475 -120.54 442 320.33 289 200 4 189
10 36 46 36.575 -120.63 435.67 319.33 270.33 200 4 168
10 36 46 36.671 -120.73 432.33 319 249.67 200 4 168
10 36 46 36.762 -120.83 422.67 320.33 229 200 4 168
10 36 46 36.837 -120.92 413.33 318 210 200 4 168
10 36 46 36.926 -121.02 403.67 315.33 187.33 200 4 174
10 36 46 37.017 -121.12 392.67 317.33 162.67 200 4 174
10 36 46 37.085 -121.21 384 317.67 145.67 200 4 174
10 36 46 37.161 -121.28 361.33 315.33 133 200 4 154
10 36 46 37.238 -121.38 354.33 315.67 115.33 200 4 152
10 36 46 37.305 -121.46 339.33 317.67 102.67 200 4 178
10 36 46 37.355 -121.52 311.67 317.67 90.333 200 4 152
10 36 46 37.427 -121.59 296 314.33 73 200 4 152
10 36 46 37.485 -121.67 286.33 318 63.333 200 4 156
10 36 46 37.511 -121.73 277 309.33 61.667 200 4 156
10 36 46 37.546 -121.82 254.33 295.33 56.667 200 4 156
10 36 46 37.559 -121.9 240 287 53.667 200 4 156
10 36 46 37.572 -121.97 220.33 280.67 46 200 4 156
10 36 46 37.594 -122.03 213 287.33 38.667 200 4 156
10 36 46 37.622 -122.09 208 298.33 27 200 4 156
10 36 46 37.65 -122.14 168.67 297.67 17 200 4 152
10 36 46 37.683 -122.18 130.33 310.33 9.3333 200 4 152
10 36 46 37.698 -122.21 129 313.67 3.3333 200 4 152
10 36 46 37.713 -122.23 126 304.67 226.67 200 4 155
11 36 46 33.833 -118.17 170 0 18 300 1 2
11 36 46 33.85 -118.23 211 321 46 300 1 15
11 36 46 33.867 -118.32 276 296 73 300 1 15
11 36 46 33.917 -118.38 305 284 112 300 1 15
11 36 46 33.935 -118.4 298 312 122 300 1 15
11 36 46 34.023 -118.44 315 321 130 300 1 15
11 36 46 34.104 -118.49 323 334 142 300 1 32
11 36 46 34.187 -118.53 367 334 156 300 1 32
11 36 46 34.309 -118.6 403 333 181 300 1 32
11 36 46 34.414 -118.65 411 336 209 300 1 32
11 36 46 34.524 -118.71 423 326 228 300 1 32
11 36 46 34.631 -118.77 433 336 242 300 1 53
11 36 46 34.743 -118.83 442 336 261 300 1 53
11 36 46 34.868 -118.92 443 336 287 300 1 53
11 36 46 34.967 -119.02 429 328 300 300 1 53
11 36 46 35.058 -119.11 428 321 299 300 1 53
11 36 46 35.151 -119.2 430 321 299 300 1 53
11 36 46 35.244 -119.29 429 321 299 300 1 53
11 36 46 35.337 -119.38 430 321 299 300 1 54
11 36 46 35.43 -119.48 431 321 300 300 1 54
11 36 46 35.541 -119.59 431 321 299 300 1 54
11 36 46 35.634 -119.68 430 321 299 300 1 54
11 36 46 35.726 -119.77 431 321 299 300 1 54
11 36 46 35.818 -119.86 431 320 299 300 1 54
11 36 46 35.911 -119.96 432 320 299 300 4 189
11 36 46 36.023 -120.07 433 320 300 300 4 189
11 36 46 36.115 -120.16 433 320 300 300 4 189
11 36 46 36.208 -120.26 433 320 299 300 4 189
11 36 46 36.3 -120.35 433 320 299 280 4 189
11 36 46 36.393 -120.45 433 320 299 280 4 189
11 36 46 36.449 -120.5 433 320 293 280 4 189
11 36 46 36.542 -120.6 433 320 293 280 4 189
11 36 46 36.633 -120.68 423 320 257 280 4 168
11 36 46 36.733 -120.78 404 321 238 280 4 168
11 36 46 36.8 -120.88 393 321 220 280 4 168
11 36 46 36.883 -120.98 389 314 200 280 4 168
11 36 46 36.967 -121.07 390 313 184 280 4 174
11 36 46 37.033 -121.15 386 318 159 280 4 174
11 36 46 37.117 -121.23 369 318 139 280 4 174
11 36 46 37.183 -121.32 355 314 119 280 4 154
11 36 46 37.28 -121.43 345 315 102 280 4 178
11 36 46 37.317 -121.48 300 316 93 280 4 178
11 36 46 37.383 -121.55 287 313 77 280 4 152
11 36 46 37.433 -121.62 287 317 69 280 4 152
11 36 46 37.5 -121.65 248 317 65 280 4 156
11 36 46 37.587 -121.7 235 338 60 280 4 156
11 36 46 37.617 -121.72 222 334 59 280 4 156
11 36 46 37.683 -121.75 226 335 59 280 4 152
11 36 46 37.683 -121.82 217 324 54 280 4 152
11 36 46 37.633 -121.88 212 241 48 280 4 156
11 36 46 37.6 -121.93 215 233 38 280 4 156
11 36 46 37.589 -122.04 191 252 30 280 4 156
11 36 46 37.6 -122.07 182 274 30 280 4 156
11 36 46 37.633 -122.12 177 306 22 280 4 152
11 36 46 37.667 -122.15 147 308 15 280 4 152
11 36 46 37.683 -122.18 118 310 8 280 4 152
11 36 46 37.693 -122.2 128 302 4 280 4 152
11 36 46 37.713 -122.23 116 311 280 280 4 185
12 36 53 33.85 -118.2 200 0 22 360 1 2
12 36 53 33.867 -118.27 233 308 47 360 1 15
12 36 53 33.883 -118.35 284 281 66 360 1 15
12 36 53 33.9 -118.45 292 284 89 360 1 15
12 36 53 33.908 -118.51 295 281 91 360 1 15
12 36 53 33.947 -118.59 307 327 115 360 1 15
12 36 53 34.034 -118.6 315 291 130 360 1 15
12 36 53 34.118 -118.61 339 328 143 360 1 32
12 36 53 34.244 -118.63 391 354 157 360 1 32
12 36 53 34.357 -118.64 407 16 175 360 1 32
12 36 53 34.464 -118.69 409 353 196 360 1 32
12 36 53 34.572 -118.75 421 346 214 360 1 32
12 36 53 34.683 -118.8 427 337 232 360 1 32
12 36 53 34.796 -118.86 439 338 246 360 1 53
12 36 53 34.94 -118.91 452 340 262 360 1 53
12 36 53 35.063 -118.95 460 344 276 360 1 53
12 36 53 35.188 -118.99 462 344 289 360 1 53
12 36 53 35.313 -119.04 469 344 300 360 1 53
12 36 53 35.439 -119.08 471 344 315 360 1 53
12 36 53 35.512 -119.11 464 344 325 360 1 53
12 36 53 35.629 -119.17 460 339 337 360 1 53
12 36 53 35.746 -119.23 455 337 349 360 1 53
12 36 53 35.931 -119.32 452 337 360 360 1 53
12 36 53 35.977 -119.35 450 337 360 360 1 53
12 36 53 36.113 -119.42 447 337 360 360 4 187
12 36 53 36.226 -119.47 444 337 360 360 4 187
12 36 53 36.339 -119.53 442 337 359 360 4 187
12 36 53 36.452 -119.59 441 337 359 360 4 187
12 36 53 36.565 -119.65 442 337 360 360 4 187
12 36 53 36.679 -119.71 443 337 360 360 4 187
12 36 53 36.794 -119.77 444 337 360 360 4 187
12 36 53 36.901 -119.84 444 337 360 360 4 187
12 36 53 37.014 -119.96 441 334 360 360 4 187
12 36 53 37.097 -120.05 440 325 360 360 4 187
12 36 53 37.189 -120.15 439 320 360 360 4 187
12 36 53 37.28 -120.25 438 319 360 360 4 187
12 36 53 37.39 -120.37 438 318 360 360 4 184
12 36 53 37.498 -120.44 450 318 360 360 4 184
12 36 53 37.622 -120.47 452 332 360 360 4 184
12 36 53 37.744 -120.5 451 341 360 360 4 184
12 36 53 37.867 -120.53 450 349 360 360 4 184
12 36 53 37.984 -120.58 449 349 360 360 4 185
12 36 53 38.1 -120.64 448 344 360 360 4 185
12 36 53 38.218 -120.69 448 339 360 360 4 185
12 36 53 38.336 -120.65 448 16 360 360 4 185
12 36 53 38.364 -120.74 449 351 360 360 4 185
12 36 53 38.603 -120.82 450 345 360 360 4 185
12 36 53 38.723 -120.86 450 346 360 360 4 185
12 36 53 38.843 -120.89 450 346 360 360 4 185
12 36 53 38.964 -120.93 450 345 360 360 4 185
12 36 53 39.11 -120.98 451 345 360 360 4 186
12 36 53 39.231 -121.02 451 345 360 360 4 186
12 36 53 39.337 -121.05 452 345 360 360 4 186
12 36 53 39.353 -121.06 451 346 360 360 4 186
12 36 53 39.483 -121.1 452 345 360 360 4 186
12 36 53 39.606 -121.14 452 345 360 360 4 186
12 36 53 39.853 -121.22 454 346 360 360 4 186
12 36 53 39.852 -121.22 455 345 360 360 4 186
12 36 53 39.974 -121.26 453 346 360 360 4 186
12 36 53 40.095 -121.31 448 345 360 360 4 186
12 36 53 40.215 -121.35 449 345 360 360 4 186
12 36 53 40.359 -121.39 448 345 360 360 4 186
12 36 53 40.479 -121.43 448 345 360 360 4 186
12 36 53 40.599 -121.47 449 345 360 360 4 186
12 36 53 40.72 -121.52 449 345 360 360 4 186
12 36 53 40.841 -121.56 450 345 360 360 4 186
12 36 53 40.961 -121.6 449 345 360 360 4 186
12 36 53 41.081 -121.64 450 345 360 360 4 186
12 36 53 41.202 -121.68 452 345 360 360 3 141
12 36 53 41.349 -121.73 453 345 360 360 3 141
12 36 53 41.473 -121.78 455 345 360 360 3 141
12 36 53 41.596 -121.82 459 345 360 360 3 141
12 36 53 41.72 -121.86 460 345 360 360 3 141
12 36 53 41.844 -121.91 461 345 360 360 3 141
12 36 53 41.969 -121.95 461 345 360 360 3 141
12 36 53 42.093 -121.99 462 345 360 360 3 141
12 36 53 42.236 -122.05 480 345 360 360 3 141
12 36 53 42.364 -122.09 480 345 360 360 3 141
12 36 53 42.494 -122.14 479 345 360 360 3 141
12 36 53 42.62 -122.18 479 345 360 360 3 141
12 36 53 42.747 -122.23 480 345 360 360 3 141
12 36 53 42.901 -122.29 478 345 360 360 3 141
12 36 53 43.029 -122.33 477 345 360 360 3 141
12 36 53 43.157 -122.38 477 345 360 360 3 141
12 36 53 43.285 -122.43 477 344 360 360 3 141
12 36 53 43.414 -122.48 478 344 360 360 3 141
12 36 53 43.544 -122.51 479 344 360 360 3 135
12 36 53 43.676 -122.53 479 346 346 360 3 135
12 36 53 43.809 -122.54 479 355 346 360 3 135
12 36 53 43.811 -122.54 487 352 316 360 3 135
12 36 53 44.107 -122.58 478 355 268 360 3 136
12 36 53 44.235 -122.59 461 355 245 360 3 136
12 36 53 44.357 -122.6 443 355 224 360 3 130
12 36 53 44.475 -122.62 425 355 203 360 3 130
12 36 53 44.592 -122.63 425 355 203 360 3 130
12 36 53 44.704 -122.64 386 355 163 360 3 130
12 36 53 44.802 -122.65 385 355 145 360 3 130
12 36 53 44.802 -122.65 385 355 145 360 3 130
12 36 53 44.912 -122.67 355 356 128 360 3 130
12 36 53 45.004 -122.67 319 358 119 360 3 112
12 36 53 45.099 -122.66 316 3 106 360 3 112
12 36 53 45.258 -122.65 281 1 84 360 3 112
12 36 53 45.335 -122.64 281 6 84 360 3 112
12 36 53 45.344 -122.69 292 337 70 360 3 112
12 36 53 45.421 -122.74 293 339 59 360 3 112
12 36 53 45.493 -122.78 280 338 52 360 3 112
12 36 53 45.556 -122.81 246 338 44 360 3 112
12 36 53 45.623 -122.81 226 2 30 360 3 112
12 36 53 45.642 -122.75 179 60 19 360 3 112
12 36 53 45.625 -122.7 133 115 12 360 3 112
12 36 53 45.606 -122.65 138 118 5 360 3 112
12 36 53 45.591 -122.61 132 119 1 360 3 112
13 36 53 33.834 -118.17 166 0 11 360 1 2
13 36 53 33.851 -118.22 213 213.67 25.667 360 1 2
13 36 53 33.867 -118.29 223.33 298 50 360 1 15
13 36 53 33.881 -118.34 232 282.67 64 360 1 15
13 36 53 33.908 -118.47 280.67 285.67 83.667 360 1 15
13 36 53 33.935 -118.53 292 284.67 98 360 1 15
13 36 53 33.981 -118.6 314.67 289.33 103 360 1 15
13 36 53 34.084 -118.63 321 307 108 360 1 15
13 36 53 34.172 -118.64 328.17 293.5 123.83 96 1 8
13 36 53 34.272 -118.64 333.33 121.67 139.67 360 1 8
13 36 53 34.366 -118.67 352 119 157.67 360 1 32
13 36 53 34.486 -118.72 371.33 347 178.67 360 1 32
13 36 53 34.564 -118.75 381.67 340 189 360 1 32
13 36 53 34.67 -118.8 404.33 339 202.33 360 1 32
13 36 53 34.838 -118.87 415.33 340.33 225.33 360 1 32
13 36 53 34.9 -118.9 420.33 340.67 233.33 360 1 32
13 36 53 35.021 -118.94 430.67 343.33 246.33 360 1 33
13 36 53 35.14 -118.98 440.33 344 260 360 1 53
13 36 53 35.292 -119.03 447.67 343.67 277 360 1 53
13 36 53 35.388 -119.07 451.67 343.33 286.67 360 1 53
13 36 53 35.516 -119.12 454.33 341.33 296.67 360 1 53
13 36 53 35.638 -119.17 459.67 341.67 304.33 360 1 53
13 36 53 35.767 -119.22 459 341 313.33 360 1 53
13 36 53 35.889 -119.27 460 341.67 320 360 1 53
13 36 53 36.014 -119.32 463 343 327.33 360 1 53
13 36 53 36.12 -119.36 464 342.67 335.33 360 4 187
13 36 53 36.268 -119.41 463.33 343 345 360 4 187
13 36 53 36.398 -119.46 461.33 343 348 360 4 187
13 36 53 36.504 -119.5 460.67 342.67 350.67 360 4 187
13 36 53 36.635 -119.55 462.33 343 353.33 360 4 187
13 36 53 36.724 -119.58 462.33 343 353.33 360 4 187
13 36 53 36.847 -119.63 463.67 342.67 353.33 360 4 187
13 36 53 36.97 -119.67 463 343 355.67 360 4 187
13 36 53 37.092 -119.72 460.33 342.67 359 360 4 187
13 36 53 37.213 -119.76 459.33 342.67 359 360 4 187
13 36 53 37.34 -119.82 452 342.67 364.67 360 4 187
13 36 53 37.461 -119.86 449.33 343 366.67 360 4 184
13 36 53 37.58 -119.9 447 342.67 366.67 360 4 184
13 36 53 37.699 -119.95 448.33 342.67 366.67 360 4 184
13 36 53 37.819 -120 449.67 342.67 366.67 360 4 184
13 36 53 37.954 -120.05 450 342.67 366.67 360 4 184
13 36 53 38.073 -120.1 447.67 342.67 366.67 360 4 184
13 36 53 38.191 -120.14 446.33 342.33 366.67 360 4 185
13 36 53 38.31 -120.19 448 342.33 366.67 360 4 185
13 36 53 38.428 -120.24 449 342.33 366.67 360 4 185
13 36 53 38.548 -120.28 450.33 342.67 366.67 360 4 185
13 36 53 38.667 -120.33 450 342.33 366.67 360 4 185
13 36 53 38.788 -120.38 452.67 342.33 366.67 360 4 185
13 36 53 38.925 -120.44 455 342.33 366.67 360 4 185
13 36 53 39.046 -120.48 455.67 342.33 366.67 360 4 185
13 36 53 39.176 -120.54 457.33 342.33 366.67 360 4 185
13 36 53 39.308 -120.59 456.67 342.33 366.67 360 4 186
13 36 53 39.42 -120.63 458.67 342 366.67 360 4 186
13 36 53 39.541 -120.68 458.67 342.33 366.67 360 4 186
13 36 53 39.645 -120.72 461.67 342 366.67 360 4 186
13 36 53 39.796 -120.79 461 342 366.67 360 4 186
13 36 53 39.89 -120.82 460.33 342.33 366.67 360 4 186
13 36 53 40.013 -120.87 462.33 341.67 366.67 360 4 186
13 36 53 40.123 -120.92 463 342 366.67 360 4 186
13 36 53 40.263 -120.98 463.67 341.67 367 360 4 186
13 36 53 40.372 -121.02 462.33 341.67 366.67 360 4 186
13 36 53 40.494 -121.08 461 342 366.67 360 4 186
13 36 53 40.619 -121.13 461 341.33 366.67 360 4 186
13 36 53 40.751 -121.19 460 338 366.67 360 4 186
13 36 53 40.86 -121.25 460.33 338.33 366.67 360 4 186
13 36 53 40.975 -121.31 458 338.33 366.67 360 4 186
13 36 53 41.103 -121.37 460.67 339.67 366.67 360 3 141
13 36 53 41.192 -121.41 456.33 342 366.67 360 3 141
13 36 53 41.304 -121.46 455.33 342 366.67 360 3 141
13 36 53 41.401 -121.5 453 341.67 366.67 360 3 141
13 36 53 41.561 -121.57 452.33 342.33 367 360 3 141
13 36 53 41.681 -121.62 452.67 341.67 366.67 360 3 141
13 36 53 41.838 -121.68 451.67 342.33 366.67 360 3 141
13 36 53 41.955 -121.73 450.67 342.33 366.67 360 3 141
13 36 53 42.043 -121.77 450.67 342.33 366.33 340 3 141
13 36 53 42.162 -121.82 450 342 365.33 340 3 141
13 36 53 42.263 -121.87 451.33 341.67 362.67 340 3 141
13 36 53 42.384 -121.91 453.67 342.33 360.33 340 3 141
13 36 53 42.501 -121.96 451.33 344 360 340 3 141
13 36 53 42.625 -122.02 452.67 343.33 360 340 3 141
13 36 53 42.743 -122.07 455.33 342.67 360 340 3 141
13 36 53 42.86 -122.13 454.33 339.67 360 340 3 141
13 36 53 42.978 -122.19 455.33 339.33 360 340 3 141
13 36 53 43.094 -122.26 454 339 360 340 3 141
13 36 53 43.213 -122.31 452 339 360 340 3 141
13 36 53 43.339 -122.37 455.33 339.33 360 340 3 141
13 36 53 43.457 -122.41 456 341.67 360 340 3 141
13 36 53 43.577 -122.47 456.33 342 353.33 340 3 135
13 36 53 43.697 -122.52 456 342 337.67 340 3 136
13 36 53 43.812 -122.58 447.67 342 321 340 3 136
13 36 53 43.923 -122.65 441.33 340 303 340 3 136
13 36 53 44.038 -122.69 442 224 287.33 340 3 136
13 36 53 44.161 -122.72 437.67 343.33 265.33 340 3 136
13 36 53 44.277 -122.73 433.33 228.67 243 340 3 130
13 36 53 44.395 -122.74 434 112.33 220.67 340 3 130
13 36 53 44.512 -122.73 419.33 116 196 340 3 130
13 36 53 44.625 -122.71 397.33 121 173.67 340 3 130
13 36 53 44.725 -122.7 368 4.3333 161 340 3 130
13 36 53 44.834 -122.69 349.67 4.3333 139.67 340 3 130
13 36 53 44.922 -122.68 342.67 4.3333 120.67 340 3 130
13 36 53 45.017 -122.67 319.33 5 105.33 340 3 112
13 36 53 45.105 -122.65 309 4.6667 95 340 3 112
13 36 53 45.159 -122.65 292.67 4.6667 86.333 340 3 112
13 36 53 45.245 -122.64 285.67 4.3333 73.333 340 3 112
13 36 53 45.338 -122.66 277.33 117.67 58 340 3 112
13 36 53 45.408 -122.61 270.67 22.667 51 340 3 112
13 36 53 45.46 -122.62 240.33 132.33 48 340 3 112
13 36 53 45.484 -122.58 229 166.33 43 340 3 112
13 36 53 45.513 -122.52 204 158 33.333 340 3 112
13 36 53 45.537 -122.49 191.33 48 24.333 340 3 112
13 36 53 45.556 -122.51 173 249.33 16.333 340 3 112
13 36 53 45.565 -122.53 161.33 238.33 10.333 340 3 112
13 36 53 45.577 -122.56 142 237.67 6 340 3 112
13 36 53 45.583 -122.57 137.33 238.67 121.33 340 3 112
14 36 55 33.839 -118.18 174 160 16 310 1 2
14 36 55 33.817 -118.22 207.5 150 37 310 1 2
14 36 55 33.748 -118.24 234.5 207.5 66.5 310 1 2
14 36 55 33.678 -118.24 262.5 175 90 310 1 2
14 36 55 33.645 -118.15 298.5 170.5 107 310 1 2
14 36 55 33.645 -118.02 329 143 134.5 310 1 18
14 36 55 33.645 -117.9 353 100 156 310 1 18
14 36 55 33.645 -117.77 370 89.5 179 310 1 18
14 36 55 33.643 -117.64 379 89.5 199 310 1 18
14 36 55 33.643 -117.51 393.5 90 218.5 310 1 18
14 36 55 33.643 -117.44 397 90 227.5 310 1 18
14 36 55 33.642 -117.29 402 89.5 239 310 1 18
14 36 55 33.641 -117.13 423 90 255 310 1 51
14 36 55 33.639 -116.98 434 90 284.5 310 1 41
14 36 55 33.639 -116.83 443.5 90 291 310 1 41
14 36 55 33.636 -116.75 440.5 90 297 310 1 41
14 36 55 33.634 -116.52 455 90 300 310 1 41
14 36 55 33.579 -116.4 457 121.5 305.5 310 1 41
14 36 55 33.629 -116.28 455.5 100 311.5 310 1 41
14 36 55 33.622 -116.12 462 91 318 310 1 41
14 36 55 33.614 -115.95 462.5 94 320 310 1 41
14 36 55 33.607 -115.8 470 92.5 320 310 1 41
14 36 55 33.6 -115.64 477 92.5 320 310 1 41
14 36 55 33.595 -115.51 482 92.5 320 250 1 41
14 36 55 33.583 -115.31 475 183.5 319.5 250 1 39
14 36 55 33.575 -115.12 468.5 93 318.5 250 1 39
14 36 55 33.567 -114.97 468 92.5 313.5 250 1 39
14 36 55 33.559 -114.8 469 94 308 250 1 39
14 36 55 33.544 -114.68 463 95 301.5 250 1 39
14 36 55 33.519 -114.48 454.5 99 283 250 1 39
14 36 55 33.5 -114.33 451.5 99 268.5 250 1 39
14 36 55 33.48 -114.22 445 99 260 250 1 39
14 36 55 33.46 -114.08 422 99.5 250.5 250 1 39
14 36 55 33.43 -113.91 409 103 249 250 2 64
14 36 55 33.407 -113.81 407.5 103 243 250 2 64
14 36 55 33.379 -113.67 405 102.5 228 250 2 64
14 36 55 33.354 -113.55 391.5 103 211 250 2 64
14 36 55 33.329 -113.42 388 103.5 195 250 2 64
14 36 55 33.305 -113.3 374.5 98 179 250 2 64
14 36 55 33.279 -113.17 361.5 103.5 164.5 250 2 64
14 36 55 33.273 -113.09 339 100 158 250 2 64
14 36 55 33.277 -112.99 327 91.5 143 250 2 64
14 36 55 33.283 -112.87 313.5 87.5 122.5 250 2 64
14 36 55 33.29 -112.79 298 87 108.5 250 2 64
14 36 55 33.328 -112.69 294.5 66 92 250 2 79
14 36 55 33.358 -112.6 292 65 85 250 2 79
14 36 55 33.392 -112.53 254.5 63 81.5 250 2 79
14 36 55 33.404 -112.48 248.5 61 77 250 2 79
14 36 55 33.424 -112.38 246.5 77 64 250 2 79
14 36 55 33.431 -112.29 246 84 52.5 250 2 79
14 36 55 33.431 -112.21 239.5 82.5 39 250 2 79
14 36 55 33.431 -112.13 224.5 90 26.5 250 2 79
14 36 55 33.431 -112.07 173.5 89 18.5 250 2 79
14 36 55 33.435 -112.04 145 89 13.5 250 2 79
15 36 55 33.841 -118.18 169.67 102.67 49.222 310 1 2
15 36 55 33.822 -118.22 215.33 236.89 33.444 310 1 2
15 36 55 33.763 -118.25 239.89 224.67 61.778 310 1 2
15 36 55 33.695 -118.25 256.22 193.89 87 310 1 2
15 36 55 33.647 -118.2 285 170.67 101.78 310 1 2
15 36 55 33.61 -118.13 314.67 157.56 124.56 310 1 2
15 36 55 33.615 -118.02 333.44 128.56 143.22 310 1 18
15 36 55 33.617 -117.88 366.78 102.22 167.78 310 1 18
15 36 55 33.62 -117.76 378.56 87.667 174.89 310 1 18
15 36 55 33.623 -117.62 394.11 87.778 202.11 310 1 18
15 36 55 33.623 -117.49 405.39 87.833 219.78 310 1 18
15 36 55 33.623 -117.36 412.22 88.556 233.56 310 1 18
15 36 55 33.623 -117.22 424.11 89.222 244.22 310 1 51
15 36 55 33.622 -117.07 440.94 89.389 257.67 310 1 51
15 36 55 33.618 -116.9 450.11 89.889 269.89 310 1 51
15 36 55 33.615 -116.76 454.89 89.556 279.44 310 1 41
15 36 55 33.61 -116.63 457.33 90.889 294.33 310 1 41
15 36 55 33.605 -116.49 459.22 91.667 304.78 310 1 41
15 36 55 33.602 -116.32 460 91.444 308.22 310 1 41
15 36 55 33.596 -116.14 462.11 91 308.78 310 1 41
15 36 55 33.594 -116 461.44 90.556 308.78 310 1 41
15 36 55 33.588 -115.86 463 91 308.78 310 1 41
15 36 55 33.582 -115.68 461.56 91.667 309.33 310 1 41
15 36 55 33.576 -115.54 463.78 92 310.33 310 1 41
15 36 55 33.57 -115.37 466 92 312 310 1 41
15 36 55 33.562 -115.22 465.56 92.333 313.67 250 1 39
15 36 55 33.553 -115.06 466.5 93 314.11 250 1 39
15 36 55 33.541 -114.92 468.67 94 314.33 250 1 39
15 36 55 33.528 -114.77 468.39 95 312.78 250 1 39
15 36 55 33.515 -114.63 469.33 95.5 307.72 250 1 39
15 36 55 33.504 -114.49 464.72 96.167 293.22 250 1 39
15 36 55 33.488 -114.33 450.89 95.444 276.11 250 1 39
15 36 55 33.476 -114.21 439.67 95.556 260.22 250 1 39
15 36 55 33.455 -114.06 424.44 98 249.44 250 2 64
15 36 55 33.433 -113.92 417.67 126 242.22 250 2 64
15 36 55 33.412 -113.8 416.33 100.89 236.89 250 2 64
15 36 55 33.386 -113.66 415.11 101.67 229.78 250 2 64
15 36 55 33.364 -113.52 409.44 100.44 218.89 250 2 64
15 36 55 33.342 -113.42 404 102 208.67 250 2 64
15 36 55 33.319 -113.29 397.67 101.22 195 250 2 64
15 36 55 33.301 -113.16 386 99.556 180.67 250 2 64
15 36 55 33.291 -113.03 367.89 95.222 168.56 250 2 64
15 36 55 33.288 -112.92 354.67 91.778 160.11 250 2 64
15 36 55 33.284 -112.82 337.67 110.22 154.67 250 2 64
15 36 55 33.283 -112.69 321.44 89.444 147.67 250 2 79
15 36 55 33.285 -112.59 313.78 88.889 137.78 250 2 79
15 36 55 33.288 -112.48 309.11 88.889 124.56 250 2 79
15 36 55 33.291 -112.39 302.67 84.222 113 250 2 79
15 36 55 33.301 -112.28 289.78 86.222 103.56 250 2 79
15 36 55 33.302 -112.2 272.33 86.222 94.667 250 2 79
15 36 55 33.313 -112.11 254 81.333 88.333 250 2 79
15 36 55 33.329 -112.03 244.67 76.944 77.944 250 2 79
15 36 55 33.343 -111.95 237.89 75.333 69.667 250 2 79
15 36 55 33.348 -111.87 227.44 82.667 58.889 250 2 79
15 36 55 33.374 -111.82 221.78 71.333 47 250 2 79
15 36 55 33.419 -111.83 203.33 94.667 36.667 250 2 79
15 36 55 33.433 -111.88 182.11 271.22 28.889 250 2 79
15 36 55 33.436 -111.94 153.33 277.67 20.556 250 2 79
15 36 55 33.439 -111.97 144.56 268.11 15.222 250 2 79
16 36 65 33.833 -118.18 182 0 18 360 1 2
16 36 65 33.85 -118.25 231 300 39 360 1 2
16 36 65 33.867 -118.33 241 289 53 360 1 15
16 36 65 33.9 -118.43 289 285 77 360 1 15
16 36 65 33.9 -118.46 283 291 85 360 1 15
16 36 65 33.922 -118.57 295 284 90 360 1 15
16 36 65 33.943 -118.67 297 324 90 360 1 15
16 36 65 34.018 -118.69 304 308 90 360 1 15
16 36 65 34.094 -118.65 300 340 90 360 1 15
16 36 65 34.175 -118.65 297 5 109 360 1 8
16 36 65 34.261 -118.68 315 25 134 360 1 32
16 36 65 34.369 -118.71 332 352 162 360 1 32
16 36 65 34.462 -118.74 343 344 184 360 1 32
16 36 65 34.557 -118.78 356 343 205 360 1 32
16 36 65 34.653 -118.81 361 344 225 360 1 32
16 36 65 34.754 -118.84 382 344 239 360 1 32
16 36 65 34.885 -118.89 420 344 249 360 1 53
16 36 65 35.006 -118.94 446 342 257 360 1 53
16 36 65 35.129 -118.97 452 346 270 360 1 53
16 36 65 35.253 -119.01 455 346 284 360 1 53
16 36 65 35.378 -119.04 463 346 296 360 1 53
16 36 65 35.503 -119.08 463 346 312 360 1 53
16 36 65 35.651 -119.12 458 346 328 360 1 53
16 36 65 35.724 -119.14 457 346 334 360 1 53
16 36 65 35.847 -119.18 457 346 343 360 1 53
16 36 65 36.021 -119.23 459 346 356 360 1 53
16 36 65 36.096 -119.25 460 346 360 360 1 53
16 36 65 36.294 -119.31 460 346 360 360 4 187
16 36 65 36.344 -119.33 460 346 360 360 4 187
16 36 65 36.495 -119.37 464 346 360 360 4 187
16 36 65 36.621 -119.41 465 346 360 360 4 187
16 36 65 36.747 -119.45 466 346 360 360 4 187
16 36 65 36.873 -119.49 466 346 360 380 4 187
16 36 65 36.999 -119.53 466 346 368 380 4 187
16 36 65 37.124 -119.57 465 346 377 380 4 187
16 36 65 37.248 -119.6 463 346 380 380 4 187
16 36 65 37.389 -119.65 461 346 380 380 4 187
16 36 65 37.513 -119.69 461 346 380 380 4 184
16 36 65 37.514 -119.69 461 346 380 380 4 184
16 36 65 37.639 -119.72 461 346 380 380 4 184
16 36 65 37.764 -119.76 462 346 380 380 4 184
16 36 65 38.042 -119.85 466 346 380 380 4 184
16 36 65 38.168 -119.89 466 346 380 380 4 185
16 36 65 38.294 -119.93 468 346 380 380 4 185
16 36 65 38.419 -119.97 467 346 380 380 4 185
16 36 65 38.544 -120.01 467 346 380 380 4 185
16 36 65 38.544 -120.01 466 346 380 380 4 185
16 36 65 38.669 -120.05 465 345 380 380 4 185
16 36 65 38.795 -120.09 464 345 380 380 4 185
16 36 65 38.943 -120.14 464 346 380 380 4 185
16 36 65 39.068 -120.18 463 345 380 380 4 185
16 36 65 39.193 -120.22 464 345 380 380 4 181
16 36 65 39.318 -120.26 465 345 380 380 4 181
16 36 65 39.444 -120.3 466 346 380 380 4 181
16 36 65 39.571 -120.34 468 345 380 380 4 181
16 36 65 39.698 -120.38 470 346 380 380 4 181
16 36 65 39.823 -120.42 479 345 380 380 4 181
16 36 65 39.979 -120.48 472 345 380 380 4 186
16 36 65 40.103 -120.52 473 344 380 380 4 186
16 36 65 40.23 -120.56 473 345 380 380 4 186
16 36 65 40.357 -120.6 473 345 380 380 4 186
16 36 65 40.484 -120.65 473 345 380 380 4 186
16 36 65 40.608 -120.69 474 345 380 380 4 186
16 36 65 40.735 -120.73 474 345 380 380 4 186
16 36 65 40.891 -120.79 474 345 380 380 4 186
16 36 65 41.014 -120.83 475 345 380 380 3 142
16 36 65 41.142 -120.87 475 345 380 380 3 142
16 36 65 41.27 -120.92 475 345 380 380 3 142
16 36 65 41.398 -120.96 476 345 380 380 3 142
16 36 65 41.551 -121.01 475 345 380 380 3 142
16 36 65 41.655 -121.05 475 345 380 380 3 142
16 36 65 41.788 -121.15 465 329 380 380 3 142
16 36 65 41.893 -121.25 464 325 380 380 3 141
16 36 65 41.998 -121.34 463 325 380 380 3 141
16 36 65 42.086 -121.42 463 325 380 380 3 141
16 36 65 42.191 -121.52 464 325 380 380 3 141
16 36 65 42.318 -121.63 464 324 380 380 3 141
16 36 65 42.424 -121.73 464 326 380 380 3 141
16 36 65 42.53 -121.83 464 326 380 380 3 141
16 36 65 42.637 -121.92 464 326 380 380 3 141
16 36 65 42.755 -122 476 326 380 380 3 141
16 36 65 42.888 -122.02 481 330 380 380 3 141
16 36 65 43.021 -122.05 482 344 380 380 3 141
16 36 65 43.154 -122.07 482 352 380 380 3 141
16 36 65 43.302 -122.1 487 352 380 380 3 141
16 36 65 43.438 -122.13 489 352 380 380 3 141
16 36 65 43.572 -122.15 491 352 380 380 3 141
16 36 65 43.708 -122.18 492 352 380 380 3 135
16 36 65 43.871 -122.21 493 351 380 380 3 135
16 36 65 44.006 -122.24 493 352 380 380 3 135
16 36 65 44.141 -122.26 493 351 380 380 3 135
16 36 65 44.141 -122.26 493 351 380 380 3 135
16 36 65 44.276 -122.29 494 351 380 380 3 135
16 36 65 44.412 -122.32 494 351 380 380 3 135
16 36 65 44.547 -122.35 495 351 380 380 3 135
16 36 65 44.818 -122.4 493 351 380 380 3 135
16 36 65 44.818 -122.4 493 351 380 380 3 135
16 36 65 44.965 -122.43 488 351 380 380 3 135
16 36 65 45.097 -122.46 483 351 380 380 3 135
16 36 65 45.227 -122.48 480 351 380 380 3 135
16 36 65 45.357 -122.51 478 351 380 380 3 135
16 36 65 45.486 -122.54 476 351 380 380 3 135
16 36 65 45.643 -122.57 476 351 379 380 3 135
16 36 65 45.776 -122.6 484 351 360 380 3 135
16 36 65 45.909 -122.63 486 351 336 380 3 135
16 36 65 46.042 -122.67 487 356 309 380 3 147
16 36 65 46.174 -122.69 480 350 286 380 3 147
16 36 65 46.304 -122.72 436 350 265 380 3 147
16 36 65 46.419 -122.73 411 351 236 380 3 147
16 36 65 46.529 -122.73 397 1 206 380 3 147
16 36 65 46.637 -122.74 386 358 187 380 3 147
16 36 65 46.799 -122.72 382 358 163 380 3 147
16 36 65 46.851 -122.66 375 3 152 380 3 147
16 36 65 46.971 -122.55 359 38 128 380 3 114
16 36 65 47.057 -122.51 351 18 113 380 3 114
16 36 65 47.153 -122.49 320 11 102 380 3 114
16 36 65 47.237 -122.47 291 6 93 380 3 114
16 36 65 47.32 -122.46 280 6 83 380 3 114
16 36 65 47.385 -122.46 279 4 73 380 3 114
16 36 65 47.451 -122.46 273 3 67 380 3 114
16 36 65 47.541 -122.46 239 0 55 380 3 114
16 36 65 47.585 -122.45 242 0 48 380 3 114
16 36 65 47.647 -122.45 225 0 42 380 3 114
16 36 65 47.676 -122.35 208 58 34 380 3 114
16 36 65 47.636 -122.31 197 115 32 380 3 114
16 36 65 47.599 -122.31 200 143 30 380 3 114
16 36 65 47.531 -122.31 174 180 17 380 3 114
16 36 65 47.493 -122.31 132 180 10 380 3 114
16 36 65 47.462 -122.31 135 181 4 380 3 114
17 36 65 33.842 -118.19 186.75 0 16.5 380 1 2
17 36 65 33.862 -118.26 212.25 230 40 380 1 15
17 36 65 33.887 -118.34 227.75 287 66.25 380 1 15
17 36 65 33.914 -118.41 265 286.5 78.25 380 1 15
17 36 65 33.939 -118.48 262 292.25 88 380 1 15
17 36 65 33.977 -118.56 287.75 306.25 99 380 1 15
17 36 65 34.013 -118.63 291.5 300.5 99.5 380 1 15
17 36 65 34.087 -118.65 303.75 310.38 109.62 380 1 15
17 36 65 34.18 -118.64 307.5 329.75 115.75 380 1 8
17 36 65 34.268 -118.64 327.75 96.25 133.75 380 1 8
17 36 65 34.358 -118.66 338.25 99.5 151.5 380 1 32
17 36 65 34.446 -118.69 350 259.75 165.75 380 1 32
17 36 65 34.561 -118.74 374.25 339 181 380 1 32
17 36 65 34.649 -118.78 397.25 337.75 194 380 1 32
17 36 65 34.782 -118.85 413 338.5 210.75 380 1 32
17 36 65 34.886 -118.89 419.25 340 224.25 380 1 32
17 36 65 35.006 -118.94 429.5 341 238 380 1 53
17 36 65 35.102 -118.97 437 343.5 248 380 1 53
17 36 65 35.246 -119.02 444.5 343.25 262.75 380 1 53
17 36 65 35.368 -119.06 451.25 343 274 380 1 53
17 36 65 35.502 -119.11 455.75 343.25 285.5 380 1 53
17 36 65 35.605 -119.15 457.25 343 294 380 1 53
17 36 65 35.702 -119.19 458.25 343 300.5 380 1 53
17 36 65 35.825 -119.24 463.25 341.25 309.5 380 1 53
17 36 65 35.957 -119.29 461.5 341 319.5 380 1 53
17 36 65 36.054 -119.33 458.75 341.25 327.25 380 1 53
17 36 65 36.168 -119.38 460.25 341.25 335.5 380 1 53
17 36 65 36.281 -119.43 458.75 341.25 343 380 4 187
17 36 65 36.406 -119.48 456.5 341 351 380 4 187
17 36 65 36.537 -119.53 452.75 341 358.75 380 4 187
17 36 65 36.655 -119.58 452 341 361.5 380 4 187
17 36 65 36.775 -119.63 452.25 341.25 364.75 380 4 187
17 36 65 36.896 -119.68 455.25 341.25 366.25 380 4 187
17 36 65 36.992 -119.72 458.75 341 368.5 380 4 187
17 36 65 37.11 -119.78 459.5 340.75 369.75 380 4 187
17 36 65 37.238 -119.83 459.75 340.75 371 380 4 187
17 36 65 37.371 -119.88 459.5 340.75 372.25 380 4 184
17 36 65 37.491 -119.94 458.5 341 373.5 380 4 184
17 36 65 37.617 -119.99 456.75 341 375 380 4 184
17 36 65 37.74 -120.04 456.75 341 375 380 4 184
17 36 65 37.862 -120.08 456.5 342.5 375 380 4 184
17 36 65 37.974 -120.12 457 343.25 375 380 4 184
17 36 65 38.113 -120.17 456.75 344 375 380 4 185
17 36 65 38.235 -120.21 457 344.25 375 380 4 185
17 36 65 38.37 -120.26 458 344.25 375 380 4 185
17 36 65 38.493 -120.3 458.5 344.75 375 380 4 185
17 36 65 38.591 -120.33 458.25 345 375 380 4 185
17 36 65 38.713 -120.37 458 345 375 380 4 185
17 36 65 38.868 -120.42 460.25 345.25 375 380 4 185
17 36 65 38.959 -120.45 459.5 344.75 375 380 4 185
17 36 65 39.088 -120.5 459.75 345 375 380 4 185
17 36 65 39.252 -120.55 458 344.75 375 380 4 185
17 36 65 39.322 -120.57 458.25 344.5 375 380 4 186
17 36 65 39.447 -120.61 459.5 344.75 375 380 4 186
17 36 65 39.572 -120.66 462.5 344.75 375 380 4 186
17 36 65 39.724 -120.71 460.25 345 375 380 4 186
17 36 65 39.817 -120.74 460 345 375 380 4 186
17 36 65 39.945 -120.79 460.5 344.25 375 380 4 186
17 36 65 40.076 -120.84 460.75 344.75 375 380 4 186
17 36 65 40.211 -120.88 461.25 344.25 375 380 4 186
17 36 65 40.333 -120.92 461.25 344.5 375 380 4 186
17 36 65 40.455 -120.97 459.5 344.75 375 380 4 186
17 36 65 40.579 -121.01 461 344 375 380 4 186
17 36 65 40.702 -121.06 458.5 344.25 375 380 4 186
17 36 65 40.827 -121.1 459 344.25 375 380 4 186
17 36 65 40.956 -121.15 459 343.25 375 380 3 141
17 36 65 41.084 -121.2 461 341.75 375 380 3 141
17 36 65 41.206 -121.26 461.5 342.25 375 380 3 141
17 36 65 41.323 -121.3 461.75 342.25 375 380 3 141
17 36 65 41.445 -121.35 461 342.25 375 380 3 141
17 36 65 41.572 -121.41 462 342 375 380 3 141
17 36 65 41.695 -121.46 462 342 375 380 3 141
17 36 65 41.828 -121.51 461 342.25 375 380 3 141
17 36 65 41.961 -121.57 462 342.5 375 380 3 141
17 36 65 42.076 -121.61 462.5 342 375 380 3 141
17 36 65 42.196 -121.65 464.5 345.25 375 380 3 141
17 36 65 42.327 -121.69 463.75 346.5 375 380 3 141
17 36 65 42.46 -121.72 466.5 347.5 375 380 3 141
17 36 65 42.586 -121.75 465.25 349 375 380 3 141
17 36 65 42.719 -121.78 465.25 351 375 380 3 141
17 36 65 42.822 -121.81 465.5 350.25 375 380 3 141
17 36 65 42.949 -121.84 465.75 349.5 375 380 3 141
17 36 65 43.107 -121.88 466.25 349.5 375 380 3 141
17 36 65 43.203 -121.91 467.25 349.25 375 380 3 141
17 36 65 43.333 -121.94 467.75 349 375 380 3 141
17 36 65 43.462 -121.98 469 349 375 380 3 141
17 36 65 43.571 -122 470.75 349 375 380 3 141
17 36 65 43.736 -122.04 467.5 349.25 375 380 3 141
17 36 65 43.864 -122.07 467 352.5 375 380 3 135
17 36 65 43.959 -122.1 467.25 349.75 375 380 3 135
17 36 65 44.085 -122.14 468 349 375 380 3 135
17 36 65 44.207 -122.17 469 348.75 375 380 3 135
17 36 65 44.328 -122.21 470 348.75 375 380 3 135
17 36 65 44.417 -122.23 469.88 349 375 380 3 135
17 36 65 44.572 -122.27 470.25 349 375 380 3 135
17 36 65 44.703 -122.28 470.25 263.75 375 380 3 135
17 36 65 44.813 -122.33 471.25 350.25 375 380 3 135
17 36 65 44.946 -122.37 472 348.75 375 380 3 135
17 36 65 45.041 -122.39 470.5 348.5 375 380 3 135
17 36 65 45.198 -122.44 469.75 348.75 375 380 3 135
17 36 65 45.326 -122.46 469 262.5 372.75 380 3 135
17 36 65 45.422 -122.5 469.75 349.5 367 380 3 135
17 36 65 45.548 -122.53 467.5 351 359.25 380 3 135
17 36 65 45.721 -122.58 468.5 348.75 341.75 380 3 135
17 36 65 45.815 -122.61 463 350 325.25 380 3 135
17 36 65 45.942 -122.63 463.25 348.5 300 380 3 135
17 36 65 46.074 -122.67 459.75 351 274.5 380 3 147
17 36 65 46.196 -122.69 446.25 352 252.25 380 3 147
17 36 65 46.322 -122.71 436.75 351.25 225.5 380 3 147
17 36 65 46.439 -122.72 424.5 352.75 204.25 380 3 147
17 36 65 46.548 -122.72 395.5 269 185.5 380 3 147
17 36 65 46.663 -122.69 379.5 276.5 163.5 380 3 147
17 36 65 46.76 -122.67 367.25 188.75 145.5 380 3 147
17 36 65 46.861 -122.64 357 99.75 126 380 3 147
17 36 65 46.953 -122.62 335 183.75 111 380 3 147
17 36 65 47.034 -122.57 310.25 106.75 99.75 380 3 114
17 36 65 47.103 -122.52 295.5 29.25 87.75 380 3 114
17 36 65 47.167 -122.46 284.75 29.75 73.5 380 3 114
17 36 65 47.233 -122.41 266.5 118.25 60.25 380 3 114
17 36 65 47.293 -122.37 250.5 22 49.25 380 3 114
17 36 65 47.346 -122.34 213 112.25 40.25 380 3 114
17 36 65 47.379 -122.32 186.5 30.25 30.75 380 3 114
17 36 65 47.402 -122.31 173.75 127.75 22.25 380 3 114
17 36 65 47.423 -122.31 151.5 134.5 14 380 3 114
17 36 65 47.44 -122.31 127.75 46 6.5 380 3 114
17 36 65 47.459 -122.31 130.75 45 4.25 380 3 114
18 36 65 33.858 -118.21 203.5 160.5 21 360 1 2
18 36 65 33.879 -118.28 232 306 30.5 360 1 15
18 36 65 33.874 -118.32 226 284.5 48.5 360 1 15
18 36 65 33.9 -118.41 256.5 284.5 72.5 360 1 15
18 36 65 33.917 -118.46 271.5 291 85 360 1 15
18 36 65 33.963 -118.53 276.5 301.5 103.5 360 1 15
18 36 65 34.016 -118.59 286 312 111.5 360 1 15
18 36 65 34.096 -118.62 318.5 316 115.5 360 1 15
18 36 65 34.183 -118.63 331.5 337.5 124 360 1 8
18 36 65 34.275 -118.65 341 356 145 360 1 8
18 36 65 34.377 -118.66 352 174.5 164.5 360 1 32
18 36 65 34.517 -118.72 371.5 175.5 186.5 360 1 32
18 36 65 34.587 -118.75 384.5 340 201 360 1 32
18 36 65 34.689 -118.8 389.5 338 213.5 360 1 32
18 36 65 34.792 -118.85 403.5 338.5 227.5 360 1 32
18 36 65 34.9 -118.89 406.5 341.5 241 360 1 32
18 36 65 35.014 -118.93 419 342.5 254 360 1 32
18 36 65 35.11 -118.96 423.75 345.25 266.25 275 1 53
18 36 65 35.203 -118.99 424.75 345 278 288 1 53
18 36 65 35.297 -119.02 431.25 346 290.75 300 1 53
18 36 65 35.405 -119.05 438.38 346 299.12 307.5 1 53
18 36 65 35.503 -119.07 443 346 308.25 315 1 53
18 36 65 35.603 -119.11 446 346 318.5 330 1 53
18 36 65 35.745 -119.15 449 346 325 360 1 53
18 36 65 35.841 -119.17 450.5 346 332.5 360 1 53
18 36 65 36.002 -119.23 453.5 346 343 360 1 53
18 36 65 36.111 -119.25 452.5 346 346.5 360 1 53
18 36 65 36.207 -119.28 453.5 346 350.5 360 4 187
18 36 65 36.355 -119.33 454 346.5 356.5 360 4 187
18 36 65 36.477 -119.36 452 346 360.5 360 4 187
18 36 65 36.575 -119.4 453 346 362.5 360 4 187
18 36 65 36.697 -119.43 453 346 366 360 4 187
18 36 65 36.818 -119.47 451.5 345.5 369.5 360 4 187
18 36 65 36.938 -119.51 449.5 345.5 370 360 4 187
18 36 65 37.073 -119.55 450.5 345.5 370 360 4 187
18 36 65 37.207 -119.59 451 346 370 360 4 187
18 36 65 37.324 -119.63 450.5 346 370 360 4 187
18 36 65 37.445 -119.66 450 346 370 360 4 184
18 36 65 37.561 -119.69 450 346 370 360 4 184
18 36 65 37.681 -119.73 449 346 370 360 4 184
18 36 65 37.826 -119.78 447 346 370 360 4 184
18 36 65 37.947 -119.82 447 346 370 360 4 184
18 36 65 38.067 -119.85 447 346 370 360 4 184
18 36 65 38.188 -119.9 447 346 370 360 4 184
18 36 65 38.306 -119.93 445.5 346 370 360 4 185
18 36 65 38.427 -119.97 444.5 345 370 360 4 185
18 36 65 38.547 -120.01 445.5 345 370 360 4 185
18 36 65 38.668 -120.05 446 346 370 360 4 185
18 36 65 38.788 -120.09 446.5 346 370 360 4 185
18 36 65 38.933 -120.14 447 345.5 370 360 4 185
18 36 65 39.034 -120.17 448.25 345 370 360 4 181
18 36 65 39.172 -120.21 448 345 370 360 4 181
18 36 65 39.35 -120.27 447 345 370 360 4 181
18 36 65 39.405 -120.28 442.5 345 370 360 4 181
18 36 65 39.511 -120.32 439.75 345 370 360 4 181
18 36 65 39.63 -120.36 439.75 345.75 370 360 4 181
18 36 65 39.715 -120.39 437.5 345.25 370 360 4 181
18 36 65 39.832 -120.43 437 345.12 370 360 4 181
18 36 65 39.933 -120.46 435.5 345 370 360 4 186
18 36 65 40.087 -120.51 433 345 370 360 4 186
18 36 65 40.178 -120.54 434.5 345.5 370 360 4 186
18 36 65 40.301 -120.58 434.5 345 370 360 4 186
18 36 65 40.388 -120.61 433.5 345 370 360 4 186
18 36 65 40.541 -120.66 434 345 370 360 4 186
18 36 65 40.657 -120.71 434.5 344.5 370 360 4 186
18 36 65 40.761 -120.74 431.25 345.5 370 360 4 186
18 36 65 40.864 -120.77 431.25 344.25 370 360 4 186
18 36 65 40.968 -120.81 431.75 344.25 370 360 3 142
18 36 65 41.121 -120.86 432 345 370 360 3 142
18 36 65 41.176 -120.88 432 345 370 360 3 142
18 36 65 41.291 -120.92 431 345 370 360 3 142
18 36 65 41.406 -120.97 428 344.5 370 360 3 142
18 36 65 41.523 -121 433.5 344.5 370 360 3 142
18 36 65 41.65 -121.05 432.5 345 370 360 3 142
18 36 65 41.782 -121.09 438.5 345 370 360 3 142
18 36 65 41.898 -121.14 437.5 344.5 370 360 3 142
18 36 65 42.014 -121.18 432 345 370 360 3 142
18 36 65 42.13 -121.22 433.5 345 370 360 3 142
18 36 65 42.246 -121.26 435 345 370 360 3 142
18 36 65 42.362 -121.3 433.5 345 370 360 3 142
18 36 65 42.478 -121.34 434 345 370 360 3 142
18 36 65 42.593 -121.38 433 345 370 360 3 142
18 36 65 42.719 -121.43 431.5 345 370 360 3 142
18 36 65 42.846 -121.47 429.5 345 370 360 3 142
18 36 65 42.96 -121.52 427.5 344.5 370 360 3 142
18 36 65 43.076 -121.56 428.5 344.5 370 360 3 141
18 36 65 43.192 -121.61 435.5 344.5 370 360 3 141
18 36 65 43.31 -121.65 435.5 344 370 360 3 141
18 36 65 43.429 -121.69 439.5 344 370 360 3 141
18 36 65 43.547 -121.73 441.5 344.5 370 360 3 141
18 36 65 43.666 -121.78 440 344 370 360 3 141
18 36 65 43.779 -121.82 429 344.5 370 360 3 141
18 36 65 43.901 -121.87 426 344 369.5 360 3 135
18 36 65 44.014 -121.91 428.5 345 367.5 360 3 135
18 36 65 44.13 -121.95 429 345 365.5 360 3 135
18 36 65 44.248 -122 436.5 344.5 365.5 360 3 135
18 36 65 44.376 -122.05 435.5 344 365 360 3 135
18 36 65 44.491 -122.09 432 344 365 360 3 135
18 36 65 44.6 -122.14 430 344 365.5 360 3 135
18 36 65 44.722 -122.18 427.5 344 365.5 360 3 135
18 36 65 44.837 -122.23 427.5 344 365.5 360 3 135
18 36 65 44.947 -122.27 418.5 344 365 360 3 135
18 36 65 45.073 -122.32 425 344 365.5 360 3 135
18 36 65 45.188 -122.37 428.5 344 365 360 3 135
18 36 65 45.305 -122.41 434.5 344 365 360 3 135
18 36 65 45.422 -122.46 440.5 344 359.5 360 3 135
18 36 65 45.538 -122.5 440.5 344 349.5 360 3 135
18 36 65 45.637 -122.55 440 344 321 320 3 135
18 36 65 45.772 -122.6 438 344 299 360 3 135
18 36 65 45.888 -122.62 426 344.5 280 360 3 135
18 36 65 46.071 -122.67 419.5 349 256 360 3 147
18 36 65 46.184 -122.69 421 350 241 360 3 147
18 36 65 46.294 -122.72 422 353.5 222 360 3 147
18 36 65 46.365 -122.72 416.5 354 209 360 3 147
18 36 65 46.474 -122.72 401 353 188 360 3 147
18 36 65 46.58 -122.72 381.5 355.5 167 360 3 147
18 36 65 46.736 -122.69 363.5 185.5 133 360 3 147
18 36 65 46.821 -122.64 350 10.5 112.5 360 3 147
18 36 65 46.88 -122.6 327.5 23 105 360 3 147
18 36 65 46.963 -122.5 293 32 90.5 360 3 114
18 36 65 47.026 -122.44 283 43 78 360 3 114
18 36 65 47.091 -122.38 271.5 29.5 61 360 3 114
18 36 65 47.139 -122.36 254.5 26 58 360 3 114
18 36 65 47.204 -122.32 236.5 19.5 48 360 3 114
18 36 65 47.266 -122.32 228 8.5 38 360 3 114
18 36 65 47.322 -122.32 198 0 26 360 3 114
18 36 65 47.365 -122.32 163.5 0.5 18.5 360 3 114
18 36 65 47.395 -122.32 135 359 12 360 3 114
18 36 65 47.438 -122.32 122 0 6 360 3 114
18 36 65 47.446 -122.32 126.5 1 4.5 360 3 114
19 36 66 33.818 -118.15 153 0 0 380 1 2
19 36 66 33.85 -118.2 177 315 20 380 1 2
19 36 66 33.85 -118.27 216 279 43 380 1 15
19 36 66 33.833 -118.35 242 262 69 380 1 15
19 36 66 33.832 -118.41 240 265 87 380 1 15
19 36 66 33.825 -118.49 266 267 107 380 1 15
19 36 66 33.815 -118.6 335 259 116 380 1 15
19 36 66 33.803 -118.75 365 280 143 380 1 24
19 36 66 33.85 -118.85 378 281 165 380 1 24
19 36 66 33.923 -118.95 394 295 185 380 1 24
19 36 66 33.998 -119.06 406 304 205 380 1 24
19 36 66 34.072 -119.16 409 311 224 380 1 24
19 36 66 34.147 -119.27 413 311 241 380 1 55
19 36 66 34.239 -119.4 421 310 259 380 1 55
19 36 66 34.317 -119.5 426 311 273 380 1 55
19 36 66 34.396 -119.62 437 310 284 380 1 55
19 36 66 34.476 -119.73 437 311 297 380 1 55
19 36 66 34.556 -119.84 441 310 307 380 1 55
19 36 66 34.644 -119.96 447 311 319 380 1 55
19 36 66 34.693 -120.03 445 312 327 380 1 55
19 36 66 34.807 -120.18 448 311 342 360 1 55
19 36 66 34.914 -120.31 453 313 350 360 1 55
19 36 66 35.011 -120.41 458 319 355 360 1 55
19 36 66 35.073 -120.47 456 319 358 360 1 55
19 36 66 35.2 -120.6 453 319 359 360 1 55
19 36 66 35.298 -120.71 462 319 360 360 1 55
19 36 66 35.366 -120.78 457 319 360 360 1 55
19 36 66 35.461 -120.88 443 319 360 360 1 55
19 36 66 35.554 -120.97 438 319 360 360 4 188
19 36 66 35.646 -121.07 437 319 360 360 4 188
19 36 66 35.738 -121.17 436 319 360 360 4 188
19 36 66 35.829 -121.27 437 319 360 360 4 188
19 36 66 35.922 -121.36 432 320 341 360 4 188
19 36 66 36.016 -121.46 440 319 312 360 4 188
19 36 66 36.107 -121.56 433 319 294 360 4 188
19 36 66 36.197 -121.66 427 319 274 360 4 188
19 36 66 36.301 -121.75 388 319 265 360 4 188
19 36 66 36.365 -121.85 361 321 251 360 4 188
19 36 66 36.465 -121.88 363 316 239 360 4 188
19 36 66 36.558 -121.91 347 327 239 360 4 188
19 36 66 36.651 -121.94 342 346 214 360 4 188
19 36 66 36.749 -121.97 359 347 196 360 4 188
19 36 66 36.844 -121.99 352 347 179 360 4 173
19 36 66 36.938 -122.01 346 346 160 360 4 173
19 36 66 37.026 -122.04 332 348 136 360 4 173
19 36 66 37.114 -122.06 329 348 113 360 4 154
19 36 66 37.201 -122.08 322 347 98 360 4 154
19 36 66 37.289 -122.11 271 347 86 360 4 154
19 36 66 37.359 -122.13 262 347 72 360 4 156
19 36 66 37.431 -122.15 262 348 72 360 4 156
19 36 66 37.428 -122.15 255 348 55 360 4 156
19 36 66 37.539 -122.2 198 348 30 360 4 156
19 36 66 37.566 -122.26 198 300 30 360 4 156
19 36 66 37.568 -122.25 187 327 18 360 4 156
19 36 66 37.587 -122.3 170 316 10 360 4 156
19 36 66 37.619 -122.38 141 297 3 360 4 155
19 36 66 37.619 -122.38 141 297 3 360 4 155
20 36 66 33.835 -118.17 160 78.5 15.75 380 1 2
20 36 66 33.851 -118.23 223.25 316.5 30.5 380 1 2
20 36 66 33.843 -118.32 233.75 271.75 60 380 1 15
20 36 66 33.838 -118.41 252.25 268 75.5 380 1 15
20 36 66 33.839 -118.49 270.25 272 87.75 380 1 15
20 36 66 33.821 -118.58 295.75 276.25 109 380 1 15
20 36 66 33.832 -118.66 325.5 278.5 116.25 380 1 15
20 36 66 33.803 -118.79 350.75 267.25 144.25 380 1 24
20 36 66 33.828 -118.9 373 264 165 380 1 24
20 36 66 33.897 -119 386.25 281.5 185.25 380 1 24
20 36 66 33.98 -119.08 399 228.25 203 380 1 24
20 36 66 34.034 -119.19 410.5 312.25 221 380 1 24
20 36 66 34.141 -119.31 418 314 245.75 380 1 55
20 36 66 34.201 -119.39 422.75 314 256.75 380 1 55
20 36 66 34.286 -119.5 434.25 313.75 271.5 380 1 55
20 36 66 34.412 -119.66 443 313.75 290.75 380 1 55
20 36 66 34.514 -119.78 450.75 314 306.25 380 1 55
20 36 66 34.598 -119.87 456.75 314.75 317.75 380 1 55
20 36 66 34.691 -119.97 457.5 318 332 380 1 55
20 36 66 34.793 -120.08 452.75 317.75 349.75 380 1 55
20 36 66 34.87 -120.17 449.75 317.75 358.75 380 1 55
20 36 66 34.971 -120.27 446.5 317.25 367.25 380 1 55
20 36 66 35.077 -120.39 443 317.5 372.5 380 1 55
20 36 66 35.167 -120.49 440 317 375 380 1 55
20 36 66 35.249 -120.59 438.5 317 374.75 380 1 55
20 36 66 35.312 -120.66 438.75 317 374.75 380 1 55
20 36 66 35.423 -120.77 440 319 374.5 380 1 55
20 36 66 35.503 -120.84 440.5 320.5 375 380 1 55
20 36 66 35.606 -120.94 440.5 322.5 374.75 380 4 188
20 36 66 35.733 -121.05 440.75 324.25 374.25 380 4 188
20 36 66 35.807 -121.11 439.88 323.75 365.25 200 4 188
20 36 66 35.929 -121.22 440 323.75 353.12 380 4 188
20 36 66 36.046 -121.32 441 321.75 342.75 200 4 188
20 36 66 36.127 -121.4 444.25 323.25 324.5 200 4 188
20 36 66 36.242 -121.5 439.75 321.25 296 200 4 188
20 36 66 36.357 -121.61 430.5 323.5 267.5 200 4 188
20 36 66 36.455 -121.7 422.5 323.75 244.25 200 4 188
20 36 66 36.528 -121.77 422.75 320.5 228 200 4 188
20 36 66 36.646 -121.87 418.75 324 199 200 4 188
20 36 66 36.708 -121.92 401.25 325.75 182.75 200 4 173
20 36 66 36.808 -121.98 390 331.75 160.5 200 4 173
20 36 66 36.907 -122.01 379.25 348.25 140.5 200 4 173
20 36 66 37.017 -122.03 359.75 350 124.5 200 4 173
20 36 66 37.11 -122.06 346 344 109 200 4 154
20 36 66 37.207 -122.09 311.75 350 94.25 200 4 154
20 36 66 37.295 -122.11 295.5 346.5 81.75 200 4 154
20 36 66 37.353 -122.12 280.75 264.75 72 200 4 156
20 36 66 37.443 -122.11 258.75 179.5 56.5 200 4 156
20 36 66 37.502 -122.13 231 265.75 44.5 200 4 156
20 36 66 37.538 -122.19 207.75 325.25 30.75 200 4 156
20 36 66 37.558 -122.23 175 303 22 200 4 156
20 36 66 37.576 -122.28 172 294.5 14.25 200 4 156
20 36 66 37.594 -122.31 150 298.25 7.25 200 4 156
20 36 66 37.611 -122.36 143 299 2 200 4 152
21 36 69 33.841 -118.18 176 321 11 350 1 2
21 36 69 33.818 -118.23 195 15 29 350 1 2
21 36 69 33.757 -118.25 215 252 44 350 1 2
21 36 69 33.694 -118.26 222 193 69 350 1 2
21 36 69 33.627 -118.28 232 194 86 350 1 2
21 36 69 33.579 -118.21 271 192 102 350 1 2
21 36 69 33.601 -118.1 313 159 129 350 1 2
21 36 69 33.601 -118.1 313 159 129 350 1 2
21 36 69 33.774 -118 366 50 157 350 1 18
21 36 69 33.868 -117.93 387 27 174 350 1 18
21 36 69 33.767 -117.97 387 199 174 350 1 18
21 36 69 33.962 -117.87 390 40 192 350 1 18
21 36 69 34.078 -117.79 398 29 210 350 1 21
21 36 69 34.156 -117.69 405 29 225 350 1 21
21 36 69 34.233 -117.58 410 37 238 350 1 21
21 36 69 34.311 -117.48 422 47 249 350 1 43
21 36 69 34.408 -117.37 455 48 250 350 1 43
21 36 69 34.526 -117.31 466 46 260 350 1 43
21 36 69 34.641 -117.24 474 32 267 350 1 43
21 36 69 34.742 -117.1 468 33 285 350 1 43
21 36 69 34.825 -116.98 462 39 295 350 1 43
21 36 69 34.927 -116.84 483 49 307 350 1 43
21 36 69 35.012 -116.72 473 49 317 350 1 43
21 36 69 35.076 -116.62 466 48 326 350 1 43
21 36 69 35.179 -116.48 471 50 339 350 1 43
21 36 69 35.256 -116.37 465 50 348 350 1 43
21 36 69 35.342 -116.24 467 47 350 350 1 43
21 36 69 35.445 -116.09 480 51 350 350 1 43
21 36 69 35.535 -115.96 500 48 350 350 1 43
21 36 69 35.624 -115.83 496 49 350 350 1 43
21 36 69 35.713 -115.7 501 50 350 350 1 47
21 36 69 35.802 -115.57 500 50 350 350 1 47
21 36 69 35.889 -115.44 500 50 350 350 1 47
21 36 69 35.977 -115.31 499 50 350 350 1 47
21 36 69 36.081 -115.16 488 50 350 350 1 47
21 36 69 36.175 -115.03 492 45 350 350 1 47
21 36 69 36.271 -114.92 492 45 350 350 1 47
21 36 69 36.367 -114.79 493 45 350 350 1 47
21 36 69 36.461 -114.67 493 46 350 350 1 49
21 36 69 36.573 -114.52 493 46 350 350 1 49
21 36 69 36.556 -114.55 492 46 350 350 1 49
21 36 69 36.763 -114.28 492 45 350 350 1 49
21 36 69 36.879 -114.19 489 32 350 350 1 49
21 36 69 36.993 -114.1 492 31 350 350 1 49
21 36 69 36.996 -114.1 490 31 350 350 1 49
21 36 69 37.113 -114.01 493 31 350 350 1 49
21 36 69 37.345 -113.83 493 32 350 350 1 49
21 36 69 37.464 -113.73 496 31 350 350 1 49
21 36 69 37.604 -113.62 496 31 350 350 1 49
21 36 69 37.722 -113.53 496 32 350 350 5 205
21 36 69 37.722 -113.53 496 31 350 350 5 205
21 36 69 37.851 -113.46 499 23 350 350 5 205
21 36 69 37.981 -113.39 502 22 350 350 5 205
21 36 69 38.108 -113.32 496 22 350 350 5 205
21 36 69 38.259 -113.24 492 22 350 350 5 205
21 36 69 38.358 -113.19 486 22 350 310 5 205
21 36 69 38.484 -113.12 486 23 347 310 5 205
21 36 69 38.613 -113.05 495 22 337 310 5 205
21 36 69 38.744 -112.98 503 22 327 310 5 205
21 36 69 38.9 -112.89 509 22 315 170 5 205
21 36 69 39.029 -112.82 506 23 304 170 5 205
21 36 69 39.156 -112.75 496 23 284 170 5 215
21 36 69 39.28 -112.69 485 22 264 170 5 215
21 36 69 39.393 -112.62 480 22 246 170 5 215
21 36 69 39.511 -112.56 464 23 231 170 5 215
21 36 69 39.647 -112.48 439 23 213 170 5 215
21 36 69 39.751 -112.42 405 23 200 170 5 215
21 36 69 39.894 -112.35 405 23 185 170 5 215
21 36 69 39.959 -112.31 407 20 177 170 5 215
21 36 69 40.056 -112.25 370 17 170 170 5 215
21 36 69 40.182 -112.22 360 19 156 170 5 215
21 36 69 40.251 -112.19 357 12 143 170 5 197
21 36 69 40.367 -112.16 356 16 136 170 5 197
21 36 69 40.462 -112.12 356 12 131 170 5 197
21 36 69 40.542 -112.09 354 15 121 170 5 197
21 36 69 40.651 -112.08 342 2 111 170 5 197
21 36 69 40.736 -112.09 294 356 110 170 5 197
21 36 69 40.811 -112.1 251 353 110 170 5 197
21 36 69 40.881 -112.11 259 355 96 170 5 197
21 36 69 40.938 -112.08 229 20 84 170 5 197
21 36 69 40.916 -112.02 184 115 65 170 5 197
21 36 69 40.862 -112.01 164 170 53 170 5 197
21 36 69 40.825 -112 142 173 47 170 5 197
22 36 69 33.841 -118.18 176 0 17.5 370 1 2
22 36 69 33.833 -118.23 239.5 299 30.5 370 1 2
22 36 69 33.778 -118.22 238.5 221 41 370 1 2
22 36 69 33.713 -118.23 241 195 66.5 370 1 2
22 36 69 33.643 -118.23 258.5 135 93 370 1 2
22 36 69 33.614 -118.14 305.5 144.5 110 370 1 2
22 36 69 33.681 -118.07 341 140 132.5 370 1 2
22 36 69 33.772 -118.02 366.5 61.5 148.5 370 1 18
22 36 69 33.869 -117.95 387.5 32.5 168 370 1 18
22 36 69 33.983 -117.87 408 26 190.5 370 1 18
22 36 69 34.074 -117.79 411 30 209.5 370 1 21
22 36 69 34.153 -117.69 414 39 216.5 370 1 21
22 36 69 34.234 -117.58 426 42.5 237 370 1 21
22 36 69 34.314 -117.47 430 47 244 370 1 43
22 36 69 34.359 -117.41 441 47.5 257.5 370 1 43
22 36 69 34.436 -117.31 451 47.75 269.25 252 1 43
22 36 69 34.523 -117.19 462.5 48 286.25 277 1 43
22 36 69 34.603 -117.08 467 48 294 290 1 43
22 36 69 34.718 -116.91 471 48 301 370 1 43
22 36 69 34.763 -116.85 474 48 311.5 370 1 43
22 36 69 34.85 -116.73 476.5 47.5 317.5 370 1 43
22 36 69 34.901 -116.66 475.5 48 329.5 370 1 43
22 36 69 34.989 -116.54 475.5 48 338.5 370 1 43
22 36 69 35.094 -116.41 478 45.5 348.5 370 1 43
22 36 69 35.186 -116.3 479.5 44.5 356 370 1 43
22 36 69 35.285 -116.17 482.5 46 363 370 1 43
22 36 69 35.371 -116.06 482.5 44 367.5 370 1 43
22 36 69 35.477 -115.93 485.5 46 370 370 1 43
22 36 69 35.577 -115.81 486.5 44 370 370 1 43
22 36 69 35.67 -115.69 485 46 370 370 1 43
22 36 69 35.784 -115.54 489 45.5 370 370 1 47
22 36 69 35.876 -115.42 489 46.5 370 370 1 47
22 36 69 35.959 -115.31 488 46 370 370 1 47
22 36 69 36.062 -115.18 487.5 46 370 370 1 47
22 36 69 36.154 -115.06 485.5 45 370 370 1 47
22 36 69 36.257 -114.93 485 45 370 370 1 47
22 36 69 36.361 -114.8 485.5 45.5 370 370 1 47
22 36 69 36.458 -114.69 484.5 43 370 370 1 47
22 36 69 36.561 -114.59 484 39.5 370 370 1 49
22 36 69 36.662 -114.47 486 40 370 370 1 49
22 36 69 36.772 -114.35 486 40 370.5 330 1 49
22 36 69 36.887 -114.25 481.5 40 367.5 330 1 49
22 36 69 36.997 -114.15 473.5 33.5 363 330 1 49
22 36 69 37.107 -114.06 473 32.5 358 330 1 49
22 36 69 37.218 -113.97 472.5 33 350.5 330 1 48
22 36 69 37.326 -113.88 472.5 33 342 330 1 48
22 36 69 37.442 -113.78 465.5 33.5 340 330 1 48
22 36 69 37.552 -113.69 468.5 32.5 340 330 1 48
22 36 69 37.663 -113.61 468.5 33 340 330 1 48
22 36 69 37.779 -113.53 469 27 340 330 5 205
22 36 69 37.923 -113.46 468 22.5 340 330 5 205
22 36 69 38.021 -113.4 469 22.5 340 330 5 205
22 36 69 38.106 -113.35 469 22.5 340 330 5 205
22 36 69 38.203 -113.3 470 23 340 320 5 205
22 36 69 38.349 -113.22 472 23 340 320 5 205
22 36 69 38.469 -113.15 471.5 23 336 320 5 205
22 36 69 38.529 -113.12 472 23 331 320 5 205
22 36 69 38.65 -113.06 472 23 326 180 5 205
22 36 69 38.771 -112.98 472 22.5 321 180 5 205
22 36 69 38.892 -112.91 471.5 23 311.5 180 5 205
22 36 69 39.01 -112.85 466.5 23.5 301.5 170 5 205
22 36 69 39.139 -112.78 463.5 23.5 293 170 5 205
22 36 69 39.268 -112.7 459 23 285.5 170 5 215
22 36 69 39.388 -112.64 452.5 23 266 170 5 215
22 36 69 39.505 -112.57 447.5 23.5 245.5 170 5 215
22 36 69 39.614 -112.5 432.5 23.5 226 170 5 215
22 36 69 39.715 -112.44 408 23 208.5 170 5 215
22 36 69 39.806 -112.37 397.5 24.5 196.5 170 5 215
22 36 69 39.898 -112.31 390 31 186.5 170 5 215
22 36 69 40.008 -112.23 384.5 21 177 170 5 215
22 36 69 40.135 -112.2 373 14 174.5 170 5 215
22 36 69 40.236 -112.17 372.5 10 157 170 5 197
22 36 69 40.337 -112.16 368 10.5 138 170 5 197
22 36 69 40.419 -112.13 350.5 11 135 170 5 197
22 36 69 40.511 -112.1 340.5 13.5 129.5 170 5 197
22 36 69 40.605 -112.09 308 8.5 123 170 5 197
22 36 69 40.699 -112.09 274 180.5 116 170 5 197
22 36 69 40.776 -112.09 269 356 105.5 170 5 197
22 36 69 40.84 -112.1 265 354 95.5 170 5 197
22 36 69 40.892 -112.07 240.5 183 86.5 170 5 197
22 36 69 40.927 -112.06 226 207 79.5 170 5 197
22 36 69 40.925 -112.02 210.5 91.5 68.5 170 5 197
22 36 69 40.871 -111.98 173 158 56.5 170 5 197
22 36 69 40.834 -111.98 166 173 54.5 170 5 197
22 36 69 40.805 -111.98 143 175 43 170 5 197
23 36 69 33.839 -118.18 192 320 13 350 1 2
23 36 69 33.823 -118.24 227 17 36 350 1 2
23 36 69 33.763 -118.25 219 239 64 350 1 2
23 36 69 33.699 -118.26 220 218 89 350 1 2
23 36 69 33.646 -118.23 265 164 100 350 1 2
23 36 69 33.663 -118.14 295 170 126 350 1 2
23 36 69 33.733 -118.07 315 108 149 350 1 18
23 36 69 33.825 -118 327 51 175 350 1 18
23 36 69 33.905 -117.94 338 33 196 350 1 18
23 36 69 33.986 -117.87 357 32 211 350 1 18
23 36 69 34.071 -117.79 380 38 229 350 1 21
23 36 69 34.141 -117.7 380 47 229 350 1 21
23 36 69 34.223 -117.59 412 41 259 350 1 43
23 36 69 34.318 -117.47 423 47 279 350 1 43
23 36 69 34.402 -117.35 429 48 293 350 1 43
23 36 69 34.481 -117.25 429 48 293 350 1 43
23 36 69 34.563 -117.13 445 48 315 350 1 43
23 36 69 34.645 -117.02 445 48 315 350 1 43
23 36 69 34.648 -117.01 458 48 328 350 1 43
23 36 69 34.73 -116.9 457 48 341 350 1 43
23 36 69 34.829 -116.76 454 48 350 350 1 43
23 36 69 34.92 -116.64 478 48 350 350 1 43
23 36 69 35.005 -116.52 476 46 350 350 1 43
23 36 69 35.096 -116.41 474 44 350 350 1 43
23 36 69 35.202 -116.28 461 47 350 350 1 43
23 36 69 35.291 -116.17 458 45 350 350 1 43
23 36 69 35.379 -116.06 458 45 350 350 1 43
23 36 69 35.485 -115.92 458 45 350 350 1 43
23 36 69 35.572 -115.81 453 44 350 350 1 43
23 36 69 35.641 -115.73 440 45 350 350 1 47
23 36 69 35.746 -115.59 452 45 350 350 1 47
23 36 69 35.834 -115.48 457 45 350 350 1 47
23 36 69 35.943 -115.34 470 46 350 350 1 47
23 36 69 36.016 -115.25 473 45 350 350 1 47
23 36 69 36.125 -115.11 475 46 350 350 1 47
23 36 69 36.215 -114.99 475 46 350 350 1 47
23 36 69 36.304 -114.88 473 46 350 350 1 47
23 36 69 36.421 -114.75 473 42 350 350 1 49
23 36 69 36.529 -114.66 470 34 350 350 1 49
23 36 69 36.637 -114.56 472 34 350 350 1 49
23 36 69 36.724 -114.49 477 35 350 350 1 49
23 36 69 36.746 -114.47 474 35 350 330 1 49
23 36 69 36.964 -114.28 481 35 341 330 1 49
23 36 69 37.072 -114.18 479 35 333 330 1 48
23 36 69 37.181 -114.08 479 35 330 330 1 48
23 36 69 37.204 -114.06 478 34 330 330 1 48
23 36 69 37.398 -113.89 476 34 330 330 1 48
23 36 69 37.419 -113.87 475 35 330 330 1 48
23 36 69 37.63 -113.68 465 35 330 330 1 48
23 36 69 37.63 -113.68 465 35 330 320 1 48
23 36 69 37.732 -113.59 456 35 330 320 5 205
23 36 69 37.871 -113.51 452 24 320 320 5 205
23 36 69 37.987 -113.45 456 23 320 320 5 205
23 36 69 38.1 -113.38 447 24 320 320 5 205
23 36 69 38.212 -113.32 442 24 320 320 5 205
23 36 69 38.323 -113.26 440 23 320 320 5 205
23 36 69 38.436 -113.19 439 23 320 320 5 205
23 36 69 38.549 -113.13 440 23 320 320 5 205
23 36 69 38.688 -113.05 448 23 320 320 5 205
23 36 69 38.804 -112.98 453 23 320 170 5 205
23 36 69 38.922 -112.92 462 23 320 170 5 205
23 36 69 39.04 -112.85 462 24 320 170 5 205
23 36 69 39.159 -112.78 466 24 320 170 5 215
23 36 69 39.281 -112.71 475 24 296 170 5 215
23 36 69 39.406 -112.64 475 23 273 170 5 215
23 36 69 39.54 -112.56 444 24 249 170 5 215
23 36 69 39.648 -112.49 427 24 229 170 5 215
23 36 69 39.751 -112.43 411 24 211 170 5 215
23 36 69 39.855 -112.37 411 24 211 170 5 215
23 36 69 39.949 -112.33 382 24 175 170 5 215
23 36 69 40.041 -112.26 370 24 170 170 5 215
23 36 69 40.158 -112.22 365 18 170 170 5 215
23 36 69 40.162 -112.23 361 15 170 170 5 215
23 36 69 40.267 -112.19 363 15 154 170 5 197
23 36 69 40.35 -112.16 348 11 136 170 5 197
23 36 69 40.439 -112.12 335 15 130 170 5 197
23 36 69 40.529 -112.09 333 14 125 170 5 197
23 36 69 40.619 -112.08 330 6 113 170 5 197
23 36 69 40.718 -112.09 276 355 110 170 5 197
23 36 69 40.786 -112.1 243 357 110 170 5 197
23 36 69 40.854 -112.1 245 354 102 170 5 197
23 36 69 40.923 -112.11 246 355 83 170 5 197
23 36 69 40.947 -112.04 222 55 68 170 5 197
23 36 69 40.902 -112.01 185 147 60 170 5 197
23 36 69 40.852 -112 152 175 50 170 5 197
23 36 69 40.812 -112 149 174 43 170 5 197
24 36 69 33.818 -118.15 144 0 0 350 1 2
24 36 69 33.85 -118.2 196 314 24 350 1 2
24 36 69 33.827 -118.23 207 308 33 350 1 2
24 36 69 33.768 -118.24 210 256 52 350 1 2
24 36 69 33.845 -118.13 210 48 52 350 1 15
24 36 69 33.845 -118.13 210 48 52 350 1 15
24 36 69 33.662 -118.09 292 94 112 350 1 2
24 36 69 33.734 -118.03 314 122 134 350 1 18
24 36 69 33.817 -117.99 330 101 148 350 1 18
24 36 69 33.911 -117.93 371 34 159 350 1 18
24 36 69 34.019 -117.84 396 25 176 350 1 18
24 36 69 34.108 -117.76 403 31 190 350 1 21
24 36 69 34.184 -117.65 418 40 204 350 1 21
24 36 69 34.264 -117.54 425 43 218 350 1 21
24 36 69 34.344 -117.43 431 48 233 350 1 21
24 36 69 34.429 -117.31 443 48 246 350 1 43
24 36 69 34.513 -117.2 448 48 258 350 1 43
24 36 69 34.613 -117.06 457 48 270 350 1 43
24 36 69 34.699 -116.94 465 48 280 350 1 43
24 36 69 34.784 -116.82 468 48 290 350 1 43
24 36 69 34.871 -116.7 474 48 300 350 1 43
24 36 69 34.959 -116.58 480 47 310 350 1 43
24 36 69 35.071 -116.44 481 48 322 350 1 43
24 36 69 35.171 -116.33 481 41 322 350 1 43
24 36 69 35.259 -116.2 482 45 330 350 1 43
24 36 69 35.354 -116.08 494 45 330 330 1 43
24 36 69 35.449 -115.96 494 45 330 330 1 43
24 36 69 35.457 -115.96 492 45 330 330 1 43
24 36 69 35.663 -115.7 492 47 330 330 1 47
24 36 69 35.757 -115.57 485 45 330 330 1 47
24 36 69 35.757 -115.57 485 45 330 330 1 47
24 36 69 35.85 -115.46 486 46 330 330 1 47
24 36 69 36.033 -115.22 486 46 330 330 1 47
24 36 69 36.033 -115.22 476 45 330 330 1 47
24 36 69 36.144 -115.08 483 46 330 330 1 47
24 36 69 36.329 -114.84 482 46 330 330 1 47
24 36 69 36.328 -114.84 478 45 330 330 1 47
24 36 69 36.421 -114.73 481 46 330 330 1 48
24 36 69 36.509 -114.61 478 45 330 330 1 48
24 36 69 36.618 -114.46 477 46 330 330 1 48
24 36 69 36.711 -114.35 477 48 330 330 1 48
24 36 69 36.808 -114.24 476 38 330 330 1 48
24 36 69 36.921 -114.15 470 31 330 330 1 48
24 36 69 37.03 -114.07 470 32 330 330 1 48
24 36 69 37.164 -113.97 471 31 330 330 1 48
24 36 69 37.278 -113.88 470 30 330 330 1 48
24 36 69 37.386 -113.79 470 31 330 330 1 48
24 36 69 37.497 -113.71 469 31 330 330 1 48
24 36 69 37.608 -113.62 469 32 330 330 1 48
24 36 69 37.719 -113.53 468 31 330 330 5 205
24 36 69 37.852 -113.43 468 32 330 330 5 205
24 36 69 37.963 -113.34 468 32 330 330 5 205
24 36 69 38.074 -113.25 468 32 330 330 5 205
24 36 69 38.185 -113.16 470 32 330 330 5 205
24 36 69 38.294 -113.07 468 32 330 330 5 205
24 36 69 38.408 -112.99 468 32 330 330 5 205
24 36 69 38.527 -112.93 466 30 330 330 5 205
24 36 69 38.646 -112.86 465 25 330 330 5 205
24 36 69 38.769 -112.81 465 17 330 320 5 205
24 36 69 38.79 -112.79 466 20 330 320 5 205
24 36 69 38.909 -112.72 465 22 325 260 5 205
24 36 69 39.148 -112.59 467 22 288 260 5 205
24 36 69 39.271 -112.52 462 22 266 150 5 215
24 36 69 39.395 -112.48 462 15 266 150 5 215
24 36 69 39.387 -112.46 455 20 246 150 5 215
24 36 69 39.637 -112.31 447 23 195 150 5 215
24 36 69 39.637 -112.31 447 23 195 150 5 215
24 36 69 39.742 -112.25 414 20 174 150 5 215
24 36 69 39.842 -112.2 397 24 164 150 5 215
24 36 69 39.94 -112.14 387 21 151 150 5 215
24 36 69 40.071 -112.07 303 29 141 150 5 215
24 36 69 40.133 -112.03 312 24 130 150 5 197
24 36 69 40.228 -111.97 309 24 115 150 5 197
24 36 69 40.304 -111.94 290 22 110 150 5 197
24 36 69 40.393 -111.94 293 5 108 150 5 197
24 36 69 40.475 -111.94 294 358 95 150 5 197
24 36 69 40.545 -111.95 278 354 83 150 5 197
24 36 69 40.613 -111.96 203 356 76 150 5 197
24 36 69 40.655 -111.96 175 353 66 150 5 197
24 36 69 40.708 -111.97 185 355 55 150 5 197
24 36 69 40.744 -111.97 154 352 49 150 5 197
24 36 69 40.784 -111.97 144 357 43 150 5 197
25 36 69 33.846 -118.2 183.25 311.75 20 350 1 2
25 36 69 33.825 -118.24 230.75 285.75 36.25 350 1 2
25 36 69 33.768 -118.26 231.25 272.75 62.25 350 1 2
25 36 69 33.71 -118.25 230.75 210.75 76 350 1 2
25 36 69 33.694 -118.21 251.25 185.5 89 350 1 2
25 36 69 33.668 -118.14 281 136 107.75 350 1 2
25 36 69 33.719 -118.06 314.75 111.5 127 350 1 2
25 36 69 33.81 -118.01 341.5 72.25 148.5 350 1 18
25 36 69 33.898 -117.94 366 34.5 165.25 350 1 18
25 36 69 33.984 -117.87 378.5 27.75 184 350 1 18
25 36 69 34.071 -117.78 388.75 35.25 204.25 350 1 21
25 36 69 34.152 -117.69 410 37 218 350 1 21
25 36 69 34.239 -117.58 423.5 41 232 350 1 21
25 36 69 34.32 -117.47 434 45.5 242 350 1 21
25 36 69 34.387 -117.38 445 47 254.75 350 1 43
25 36 69 34.472 -117.25 453 48 266.5 350 1 43
25 36 69 34.534 -117.17 460.75 48 278.5 350 1 43
25 36 69 34.646 -117.02 467.5 47.75 293.5 350 1 43
25 36 69 34.737 -116.9 470.5 47.5 305.75 350 1 43
25 36 69 34.829 -116.77 472.25 47.5 318.75 350 1 43
25 36 69 34.922 -116.65 471.75 47.25 330.25 350 1 43
25 36 69 34.995 -116.55 471.5 47 339.5 350 1 43
25 36 69 35.088 -116.43 470.5 46 346.25 350 1 43
25 36 69 35.192 -116.31 471 45.75 349.75 350 1 43
25 36 69 35.305 -116.16 473.25 45.5 354 350 1 43
25 36 69 35.378 -116.07 476 45.5 354.5 350 1 43
25 36 69 35.467 -115.95 474 44.75 355 350 1 43
25 36 69 35.555 -115.84 478 45.75 355 350 1 43
25 36 69 35.631 -115.74 478.5 46.25 355.25 350 1 43
25 36 69 35.751 -115.59 473.5 46 355 350 1 47
25 36 69 35.823 -115.49 477 46 355 350 1 47
25 36 69 35.917 -115.37 476.5 46 355 350 1 47
25 36 69 35.967 -115.31 475.75 46.25 355 350 1 47
25 36 69 36.075 -115.17 474.5 46.25 355 350 1 47
25 36 69 36.175 -115.04 473 45.5 355 350 1 47
25 36 69 36.244 -114.95 476 45 355 350 1 47
25 36 69 36.362 -114.8 474 45.25 355 350 1 47
25 36 69 36.44 -114.7 474.25 45.25 355 350 1 47
25 36 69 36.545 -114.56 474 45.75 358.5 350 1 49
25 36 69 36.645 -114.44 474.25 45.25 358.5 350 1 49
25 36 69 36.744 -114.32 472.25 42.5 359 350 1 49
25 36 69 36.845 -114.22 472.75 41.25 356.75 330 1 49
25 36 69 36.958 -114.12 470.5 33.25 354.25 330 1 49
25 36 69 37.073 -114.04 472.25 31.25 351.25 330 1 49
25 36 69 37.197 -113.94 471.75 31.25 347 330 1 48
25 36 69 37.284 -113.87 471.5 31.25 347 330 1 48
25 36 69 37.394 -113.79 463 31.75 345 330 1 48
25 36 69 37.498 -113.7 460.75 31.5 345 330 1 48
25 36 69 37.611 -113.62 458.25 31.5 345 330 1 48
25 36 69 37.749 -113.5 463.75 31.75 345 330 5 205
25 36 69 37.831 -113.44 463.75 32 345 330 5 205
25 36 69 37.948 -113.35 466 31.5 343 330 5 205
25 36 69 38.063 -113.25 464.25 32 340.5 330 5 205
25 36 69 38.172 -113.16 464 31.75 336.25 330 5 205
25 36 69 38.275 -113.09 466.25 32 332 330 5 205
25 36 69 38.404 -113 468 31.25 326.5 330 5 205
25 36 69 38.551 -112.92 469.25 25.5 324.5 150 5 205
25 36 69 38.646 -112.87 466 23.75 319 150 5 205
25 36 69 38.742 -112.81 468.25 23 314 150 5 205
25 36 69 38.867 -112.74 467.5 21 309.25 150 5 205
25 36 69 38.985 -112.68 460.5 22.25 304.75 150 5 205
25 36 69 39.103 -112.62 445.75 22.5 297 150 5 205
25 36 69 39.251 -112.53 444.5 22 282.5 150 5 205
25 36 69 39.368 -112.47 436.25 20 269.25 150 5 215
25 36 69 39.444 -112.42 425.5 21.75 247.25 150 5 215
25 36 69 39.55 -112.36 418.25 23.25 224.75 150 5 215
25 36 69 39.653 -112.3 407.25 22.25 204 150 5 215
25 36 69 39.756 -112.24 387.25 23.5 182.75 150 5 215
25 36 69 39.865 -112.19 375.5 19.75 168.5 150 5 215
25 36 69 39.973 -112.12 366 25 151.5 150 5 215
25 36 69 40.055 -112.08 353.5 21.75 142.75 150 5 215
25 36 69 40.147 -112.02 343.25 24 129.75 150 5 197
25 36 69 40.235 -111.98 339.5 18 113.75 150 5 197
25 36 69 40.342 -111.96 330.25 14.25 105.25 150 5 197
25 36 69 40.412 -111.95 306.25 8.5 103.25 150 5 197
25 36 69 40.474 -111.95 282.5 5 92.5 150 5 197
25 36 69 40.567 -111.95 263 270.25 81.25 150 5 197
25 36 69 40.616 -111.95 235.5 265.5 73.5 150 5 197
25 36 69 40.68 -111.97 197.25 355.25 60.25 150 5 197
25 36 69 40.715 -111.97 184.5 354.75 53.75 150 5 197
25 36 69 40.767 -111.97 156 355.25 44.75 150 5 197
26 36 69 33.842 -118.18 183 0 13 350 1 2
26 36 69 33.828 -118.24 230 300 40 350 1 2
26 36 69 33.768 -118.26 221 208 66 350 1 2
26 36 69 33.704 -118.26 249 194 88 350 1 2
26 36 69 33.711 -118.18 283 184 104 350 1 2
26 36 69 33.778 -118.1 329 130 121 350 1 2
26 36 69 33.846 -118.02 343 60 151 350 1 18
26 36 69 33.911 -117.94 335 44 172 350 1 18
26 36 69 33.985 -117.87 341 44 194 350 1 18
26 36 69 34.077 -117.79 345 41 214 350 1 21
26 36 69 34.148 -117.7 362 37 231 350 1 21
26 36 69 34.216 -117.61 370 41 248 350 1 43
26 36 69 34.287 -117.51 381 47 264 350 1 43
26 36 69 34.357 -117.41 381 48 264 350 1 43
26 36 69 34.436 -117.31 398 47 291 350 1 43
26 36 69 34.436 -117.31 398 47 291 350 1 43
26 36 69 34.512 -117.2 410 48 300 350 1 43
26 36 69 34.591 -117.09 429 48 311 350 1 43
26 36 69 34.753 -116.87 446 48 328 350 1 43
26 36 69 34.852 -116.73 455 48 339 350 1 43
26 36 69 34.936 -116.61 455 48 339 350 1 43
26 36 69 34.936 -116.61 458 48 347 350 1 43
26 36 69 35.108 -116.4 465 46 350 350 1 43
26 36 69 35.116 -116.38 468 44 350 350 1 43
26 36 69 35.301 -116.16 453 45 350 350 1 43
26 36 69 35.29 -116.16 449 45 350 350 1 43
26 36 69 35.387 -116.05 449 47 350 350 1 43
26 36 69 35.483 -115.92 450 44 350 350 1 43
26 36 69 35.563 -115.82 452 45 350 350 1 43
26 36 69 35.651 -115.71 455 45 350 350 1 47
26 36 69 35.736 -115.6 448 46 350 350 1 47
26 36 69 35.841 -115.47 450 45 350 350 1 47
26 36 69 35.926 -115.36 454 46 350 350 1 47
26 36 69 36.013 -115.25 453 45 350 350 1 47
26 36 69 36.099 -115.13 450 45 350 350 1 47
26 36 69 36.189 -115.02 458 45 350 350 1 47
26 36 69 36.279 -114.91 462 45 350 350 1 47
26 36 69 36.386 -114.77 462 45 350 350 1 47
26 36 69 36.476 -114.65 464 46 350 350 1 49
26 36 69 36.563 -114.54 457 46 350 330 1 49
26 36 69 36.667 -114.45 460 35 345 330 1 49
26 36 69 36.768 -114.36 454 32 339 310 1 48
26 36 69 36.874 -114.28 448 34 335 310 1 48
26 36 69 36.987 -114.18 450 33 329 310 1 48
26 36 69 37.09 -114.1 449 33 324 310 1 48
26 36 69 37.193 -114.01 443 33 319 310 1 48
26 36 69 37.293 -113.93 436 33 314 310 1 48
26 36 69 37.394 -113.84 437 33 310 310 1 48
26 36 69 37.498 -113.75 444 33 310 310 1 48
26 36 69 37.601 -113.67 444 34 310 310 1 48
26 36 69 37.722 -113.57 434 33 310 310 5 205
26 36 69 37.823 -113.48 435 33 310 310 5 205
26 36 69 37.931 -113.39 456 34 310 310 5 205
26 36 69 38.044 -113.29 478 34 310 310 5 205
26 36 69 38.154 -113.19 478 33 310 310 5 205
26 36 69 38.154 -113.19 478 34 310 310 5 205
26 36 69 38.263 -113.1 477 34 310 310 5 205
26 36 69 38.398 -112.99 476 34 310 310 5 205
26 36 69 38.521 -112.93 476 32 310 310 5 205
26 36 69 38.642 -112.87 475 27 310 300 5 205
26 36 69 38.763 -112.8 473 21 306 300 5 205
26 36 69 38.884 -112.73 473 22 301 170 5 205
26 36 69 39.007 -112.68 466 21 300 170 5 205
26 36 69 39.154 -112.63 460 20 300 170 5 205
26 36 69 39.26 -112.58 459 17 300 170 5 215
26 36 69 39.408 -112.52 463 17 292 170 5 215
26 36 69 39.528 -112.47 453 17 266 170 5 215
26 36 69 39.642 -112.43 427 17 241 170 5 215
26 36 69 39.752 -112.38 422 17 221 170 5 215
26 36 69 39.864 -112.34 421 18 201 170 5 215
26 36 69 39.969 -112.29 398 15 181 170 5 215
26 36 69 40.086 -112.26 359 21 170 170 5 215
26 36 69 40.187 -112.21 373 10 170 170 5 197
26 36 69 40.281 -112.19 382 17 146 170 5 197
26 36 69 40.397 -112.14 395 12 130 170 5 197
26 36 69 40.501 -112.1 386 15 129 170 5 197
26 36 69 40.604 -112.08 370 12 115 170 5 197
26 36 69 40.724 -112.09 360 359 110 170 5 197
26 36 69 40.8 -112.1 270 354 109 170 5 197
26 36 69 40.87 -112.11 254 355 96 170 5 197
26 36 69 40.939 -112.11 250 354 81 170 5 197
26 36 69 40.97 -112.04 234 34 73 170 5 197
26 36 69 40.93 -112.01 174 127 66 170 5 197
26 36 69 40.877 -112.01 162 178 56 170 5 197
26 36 69 40.841 -112 132 173 49 170 5 197
26 36 69 40.822 -112 129 173 46 170 5 197
26 36 69 40.805 -112 131 177 43 170 5 197
27 36 69 33.845 -118.19 178 0 18 370 1 2
27 36 69 33.806 -118.23 235 300 41 370 1 15
27 36 69 33.737 -118.25 249 224 62 370 1 2
27 36 69 33.664 -118.24 278 194 89 370 1 2
27 36 69 33.675 -118.14 307 148 109 370 1 2
27 36 69 33.769 -118.06 346 124 134 370 1 18
27 36 69 33.856 -117.99 375 50 151 370 1 18
27 36 69 33.941 -117.91 385 35 170 370 1 18
27 36 69 34.031 -117.83 403 36 189 370 1 18
27 36 69 34.121 -117.74 421 36 205 370 1 21
27 36 69 34.214 -117.61 425 41 228 370 1 21
27 36 69 34.297 -117.5 437 45 238 370 1 21
27 36 69 34.382 -117.38 453 48 251 370 1 43
27 36 69 34.47 -117.26 463 47 270 370 1 43
27 36 69 34.47 -117.26 463 47 270 370 1 43
27 36 69 34.641 -117.02 474 48 290 370 1 43
27 36 69 34.728 -116.9 474 48 290 370 1 43
27 36 69 34.729 -116.9 479 48 301 370 1 43
27 36 69 34.884 -116.69 482 48 320 370 1 43
27 36 69 34.972 -116.57 482 48 334 370 1 43
27 36 69 35.016 -116.51 489 48 338 370 1 43
27 36 69 35.174 -116.31 482 45 355 370 1 43
27 36 69 35.268 -116.2 483 45 363 370 1 43
27 36 69 35.361 -116.08 483 46 370 370 1 43
27 36 69 35.454 -115.96 482 45 370 370 1 43
27 36 69 35.546 -115.84 482 44 370 370 1 43
27 36 69 35.657 -115.7 481 46 370 370 1 47
27 36 69 35.749 -115.59 479 45 370 370 1 47
27 36 69 35.786 -115.54 479 46 370 370 1 47
27 36 69 35.877 -115.42 477 46 370 370 1 47
27 36 69 35.991 -115.28 478 45 370 370 1 47
27 36 69 36.097 -115.19 477 39 370 370 1 47
27 36 69 36.201 -115.09 476 36 370 370 1 47
27 36 69 36.307 -114.99 476 36 370 370 1 47
27 36 69 36.412 -114.9 476 36 370 370 1 47
27 36 69 36.538 -114.78 475 36 370 370 1 49
27 36 69 36.644 -114.68 475 37 370 370 1 38
27 36 69 36.748 -114.58 475 37 370 370 1 38
27 36 69 36.854 -114.48 476 37 370 350 1 49
27 36 69 36.96 -114.38 476 36 365 350 1 49
27 36 69 37.085 -114.26 475 37 353 350 1 49
27 36 69 37.124 -114.22 476 37 351 350 1 49
27 36 69 37.296 -114.06 475 37 350 350 1 49
27 36 69 37.396 -113.96 475 37 350 350 1 49
27 36 69 37.459 -113.9 474 37 350 350 1 49
27 36 69 37.562 -113.8 473 37 350 350 1 49
27 36 69 37.665 -113.7 467 37 350 350 1 49
27 36 69 37.766 -113.6 465 38 350 350 5 205
27 36 69 37.869 -113.5 463 37 350 350 5 205
27 36 69 37.97 -113.4 461 37 349 350 5 205
27 36 69 38.073 -113.3 463 37 350 350 5 205
27 36 69 38.203 -113.17 478 37 351 350 5 205
27 36 69 38.307 -113.07 479 38 350 350 5 205
27 36 69 38.422 -112.98 480 38 351 350 5 205
27 36 69 38.548 -112.93 480 17 351 350 5 205
27 36 69 38.544 -112.92 477 27 351 350 5 205
27 36 69 38.664 -112.85 474 25 350 350 5 205
27 36 69 38.783 -112.79 464 22 350 320 5 205
27 36 69 39.048 -112.65 473 22 321 150 5 205
27 36 69 39.048 -112.65 473 22 321 150 5 205
27 36 69 39.288 -112.51 461 22 283 150 5 215
27 36 69 39.411 -112.47 461 15 283 150 5 215
27 36 69 39.4 -112.45 450 20 262 150 5 215
27 36 69 39.512 -112.38 444 23 241 150 5 215
27 36 69 39.624 -112.32 440 20 220 150 5 215
27 36 69 39.731 -112.26 425 23 199 150 5 215
27 36 69 39.834 -112.2 407 19 178 150 5 215
27 36 69 39.951 -112.13 380 21 155 150 5 215
27 36 69 40.086 -112.06 358 29 141 150 5 215
27 36 69 40.173 -112.01 342 24 123 150 5 197
27 36 69 40.27 -111.98 329 17 111 150 5 197
27 36 69 40.363 -111.95 315 13 111 150 5 197
27 36 69 40.44 -111.93 273 13 110 150 5 197
27 36 69 40.506 -111.94 247 1 97 150 5 197
27 36 69 40.576 -111.94 252 354 83 150 5 197
27 36 69 40.648 -111.95 245 355 70 150 5 197
27 36 69 40.705 -111.96 180 355 56 150 5 197
27 36 69 40.754 -111.96 168 355 47 150 5 197
27 36 69 40.776 -111.96 158 354 43 150 5 197
28 36 70 33.85 -118.28 224.5 141.5 42 340 1 2
28 36 70 33.907 -118.37 267.5 306 84 340 1 15
28 36 70 33.95 -118.42 272.5 299.5 104 340 1 15
28 36 70 34.008 -118.48 317 310 114 340 1 15
28 36 70 34.078 -118.54 346.12 320.75 120.12 90 1 8
28 36 70 34.172 -118.63 353.75 330 131.25 90 1 8
28 36 70 34.279 -118.67 357 335.5 142 340 1 8
28 36 70 34.389 -118.7 374 178 164.5 340 1 8
28 36 70 34.494 -118.75 400.5 172.5 182 340 1 8
28 36 70 34.613 -118.8 413.5 344.5 204.5 340 1 32
28 36 70 34.707 -118.83 419.5 341 219 340 1 32
28 36 70 34.82 -118.88 431.5 341 238.5 268 1 32
28 36 70 34.912 -118.91 433.5 341.75 256.25 282 1 32
28 36 70 35.007 -118.95 438.25 341 275 301 1 32
28 36 70 35.142 -119.02 439 339 287.5 340 1 53
28 36 70 35.26 -119.06 452.5 339.5 300.5 340 1 53
28 36 70 35.392 -119.12 455 339 314 340 1 53
28 36 70 35.511 -119.18 460 339 320 340 1 53
28 36 70 35.631 -119.24 462 339 326.5 340 1 53
28 36 70 35.727 -119.28 461.5 337.75 338.5 340 1 53
28 36 70 35.823 -119.34 456 336.25 340 340 1 53
28 36 70 35.929 -119.39 456 336 340 340 1 53
28 36 70 35.999 -119.43 453 336 340 340 1 53
28 36 70 36.119 -119.49 453 336 340 340 4 187
28 36 70 36.209 -119.55 450.5 333.5 339.75 339 4 187
28 36 70 36.316 -119.62 451.5 332 339.5 240 4 187
28 36 70 36.457 -119.71 447 332.5 340 240 4 187
28 36 70 36.513 -119.75 448.5 332 339.5 240 4 187
28 36 70 36.623 -119.82 448.5 331.5 340 240 4 187
28 36 70 36.732 -119.89 447.5 337.5 340 240 4 187
28 36 70 36.852 -119.97 443.5 332 340 240 4 187
28 36 70 36.959 -120.04 440 332 332 200 4 187
28 36 70 37.068 -120.11 441 331.5 315.5 200 4 187
28 36 70 37.183 -120.19 441 331.5 292 200 4 187
28 36 70 37.317 -120.28 446 331 265.5 200 4 187
28 36 70 37.427 -120.35 450.5 331.5 253.5 200 4 184
28 36 70 37.493 -120.41 426 332 232 200 4 152
28 36 70 37.584 -120.5 416.5 325 221.5 200 4 152
28 36 70 37.672 -120.59 412.5 319 210.5 200 4 152
28 36 70 37.77 -120.69 407 323.5 198 200 4 177
28 36 70 37.856 -120.78 403 321 187 200 4 177
28 36 70 37.936 -120.88 387 321 177 200 4 177
28 36 70 38.026 -120.97 392 317.5 165.5 200 4 172
28 36 70 38.094 -121.06 375 317.5 154 151 4 172
28 36 70 38.168 -121.16 362.5 317 147 200 4 172
28 36 70 38.234 -121.26 357 314.5 134 200 4 172
28 36 70 38.335 -121.4 343 310 110 200 4 172
28 36 70 38.392 -121.48 330.5 314 102 200 4 153
28 36 70 38.45 -121.56 335.5 311.5 102 200 4 153
28 36 70 38.496 -121.59 312 311.5 89 200 4 153
28 36 70 38.594 -121.66 295 325.5 66 200 4 153
28 36 70 38.664 -121.7 296 327.5 46 200 4 153
28 36 70 38.745 -121.71 283 341 33 200 4 153
28 36 70 38.816 -121.7 261.5 351 29 200 4 153
28 36 70 38.843 -121.66 203.5 192 23.5 200 4 153
28 36 70 38.814 -121.63 211.5 121.5 23.5 200 4 153
28 36 70 38.814 -121.61 187.5 68 17.5 200 4 153
28 36 70 38.777 -121.59 171 143.5 12 200 4 153
28 36 70 38.734 -121.58 159 152.5 6.5 200 4 153
29 36 71 33.817 -118.17 138 0 12.5 30 1 2
29 36 71 33.798 -118.2 193 67.5 34.5 30 1 2
29 36 71 33.775 -118.19 218.5 252 45.5 30 1 2
29 36 71 33.749 -118.13 223 137 45 30 1 2
29 36 71 33.733 -118.09 224.5 108.5 45 30 1 2
29 36 71 33.745 -117.99 214.5 86.5 44.5 30 1 2
29 36 71 33.791 -117.91 216 68.5 40 30 1 2
29 36 71 33.814 -117.88 206 44 40 30 1 2
29 36 71 33.841 -117.81 202 52.5 30 30 1 2
29 36 71 33.824 -117.81 197 99.5 30 30 1 2
29 36 71 33.782 -117.81 166.5 175.5 24 30 1 2
29 36 71 33.755 -117.81 159 199.5 17 30 1 2
29 36 71 33.731 -117.83 142 207 12.5 30 1 2
29 36 71 33.686 -117.86 137.5 118 4 30 1 2
30 36 77 33.834 -118.21 147.5 0 19.5 40 1 2
30 36 77 33.842 -118.26 147 281 30.5 40 1 2
30 36 77 33.867 -118.29 158 282 36.5 40 1 2
30 36 77 33.877 -118.31 158.5 296.5 38.5 40 1 2
30 36 77 33.904 -118.34 158.5 307.5 41.5 40 1 15
30 36 77 33.93 -118.36 158 324.75 44 40 1 15
30 36 77 33.964 -118.39 159.75 321 46 40 1 0
30 36 77 33.988 -118.42 158.12 322.5 48.5 40 1 0
30 36 77 34.016 -118.44 162.38 324.06 50 50 1 0
30 36 77 34.057 -118.49 162.75 324.38 50 50 1 8
30 36 77 34.102 -118.52 162.75 321.38 50 40 1 8
30 36 77 34.13 -118.54 165.5 332.38 50 40 1 8
30 36 77 34.162 -118.55 167.88 334.5 50 40 1 8
30 36 77 34.199 -118.57 168.75 343.25 49.5 40 1 8
30 36 77 34.233 -118.58 168.25 347 46.5 40 1 8
30 36 77 34.258 -118.57 167.88 343.12 45 40 1 8
30 36 77 34.292 -118.58 169.5 266.25 45 40 1 8
30 36 77 34.326 -118.57 170 101.75 43 36 1 8
30 36 77 34.302 -118.56 166.5 103.5 42.5 40 1 8
30 36 77 34.27 -118.54 160 130.5 34 40 1 8
30 36 77 34.246 -118.52 133 134 25.5 40 1 8
30 36 77 34.228 -118.5 122 130.5 15.5 40 1 8
30 36 77 34.219 -118.48 121 134.5 12.5 40 1 8
