1 36 70 33.85 -118.28 224.5 141.5 42 340 1 2
1 36 70 33.907 -118.37 267.5 306 84 340 1 15
1 36 70 33.95 -118.42 272.5 299.5 104 340 1 15
1 36 70 34.008 -118.48 317 310 114 340 1 15
1 36 70 34.078 -118.54 346.12 320.75 120.12 90 1 8
1 36 70 34.172 -118.63 353.75 330 131.25 90 1 8
1 36 70 34.279 -118.67 357 335.5 142 340 1 8
1 36 70 34.389 -118.7 374 178 164.5 340 1 8
1 36 70 34.494 -118.75 400.5 172.5 182 340 1 8
1 36 70 34.613 -118.8 413.5 344.5 204.5 340 1 32
1 36 70 34.707 -118.83 419.5 341 219 340 1 32
1 36 70 34.82 -118.88 431.5 341 238.5 268 1 32
1 36 70 34.912 -118.91 433.5 341.75 256.25 282 1 32
1 36 70 35.007 -118.95 438.25 341 275 301 1 32
1 36 70 35.142 -119.02 439 339 287.5 340 1 53
1 36 70 35.26 -119.06 452.5 339.5 300.5 340 1 53
1 36 70 35.392 -119.12 455 339 314 340 1 53
1 36 70 35.511 -119.18 460 339 320 340 1 53
1 36 70 35.631 -119.24 462 339 326.5 340 1 53
1 36 70 35.727 -119.28 461.5 337.75 338.5 340 1 53
1 36 70 35.823 -119.34 456 336.25 340 340 1 53
1 36 70 35.929 -119.39 456 336 340 340 1 53
1 36 70 35.999 -119.43 453 336 340 340 1 53
1 36 70 36.119 -119.49 453 336 340 340 4 187
1 36 70 36.209 -119.55 450.5 333.5 339.75 339 4 187
1 36 70 36.316 -119.62 451.5 332 339.5 240 4 187
1 36 70 36.457 -119.71 447 332.5 340 240 4 187
1 36 70 36.513 -119.75 448.5 332 339.5 240 4 187
1 36 70 36.623 -119.82 448.5 331.5 340 240 4 187
1 36 70 36.732 -119.89 447.5 337.5 340 240 4 187
1 36 70 36.852 -119.97 443.5 332 340 240 4 187
1 36 70 36.959 -120.04 440 332 332 200 4 187
1 36 70 37.068 -120.11 441 331.5 315.5 200 4 187
1 36 70 37.183 -120.19 441 331.5 292 200 4 187
1 36 70 37.317 -120.28 446 331 265.5 200 4 187
1 36 70 37.427 -120.35 450.5 331.5 253.5 200 4 184
1 36 70 37.493 -120.41 426 332 232 200 4 152
1 36 70 37.584 -120.5 416.5 325 221.5 200 4 152
1 36 70 37.672 -120.59 412.5 319 210.5 200 4 152
1 36 70 37.77 -120.69 407 323.5 198 200 4 177
1 36 70 37.856 -120.78 403 321 187 200 4 177
1 36 70 37.936 -120.88 387 321 177 200 4 177
1 36 70 38.026 -120.97 392 317.5 165.5 200 4 172
1 36 70 38.094 -121.06 375 317.5 154 151 4 172
1 36 70 38.168 -121.16 362.5 317 147 200 4 172
1 36 70 38.234 -121.26 357 314.5 134 200 4 172
1 36 70 38.335 -121.4 343 310 110 200 4 172
1 36 70 38.392 -121.48 330.5 314 102 200 4 153
1 36 70 38.45 -121.56 335.5 311.5 102 200 4 153
1 36 70 38.496 -121.59 312 311.5 89 200 4 153
1 36 70 38.594 -121.66 295 325.5 66 200 4 153
1 36 70 38.664 -121.7 296 327.5 46 200 4 153
1 36 70 38.745 -121.71 283 341 33 200 4 153
1 36 70 38.816 -121.7 261.5 351 29 200 4 153
1 36 70 38.843 -121.66 203.5 192 23.5 200 4 153
1 36 70 38.814 -121.63 211.5 121.5 23.5 200 4 153
1 36 70 38.814 -121.61 187.5 68 17.5 200 4 153
1 36 70 38.777 -121.59 171 143.5 12 200 4 153
1 36 70 38.734 -121.58 159 152.5 6.5 200 4 153
