1 53 1 45.572 -122.52 185 108 15 390 2014 7 1 22 43 6 3 112
1 53 1 45.562 -122.44 223 107 35 390 2014 7 1 22 44 6 3 112
1 53 1 45.536 -122.36 223 114 35 390 2014 7 1 22 45 6 3 112
1 53 1 45.479 -122.27 293 113 89 390 2014 7 1 22 46 6 3 112
1 53 1 45.396 -122.16 330 138 118 390 2014 7 1 22 47 16 3 112
1 53 1 45.396 -122.16 330 138 118 390 2014 7 1 22 48 6 3 112
1 53 1 45.323 -122.06 351 137 147 390 2014 7 1 22 49 6 3 112
1 53 1 45.252 -121.96 361 138 174 370 2014 7 1 22 50 6 3 131
1 53 1 45.215 -121.82 378 127 202 370 2014 7 1 22 51 6 3 131
1 53 1 45.167 -121.64 393 110 230 370 2014 7 1 22 52 6 3 131
1 53 1 45.128 -121.49 409 109 251 370 2014 7 1 22 53 6 3 139
1 53 1 45.087 -121.33 421 110 271 370 2014 7 1 22 54 16 3 139
1 53 1 45.045 -121.17 432 110 288 370 2014 7 1 22 55 16 3 139
1 53 1 45.001 -121 443 110 302 370 2014 7 1 22 56 6 3 139
1 53 1 44.947 -120.8 454 110 324 370 2014 7 1 22 57 6 3 139
1 53 1 44.901 -120.63 456 110 339 370 2014 7 1 22 58 16 3 139
1 53 1 44.856 -120.47 457 111 353 370 2014 7 1 22 59 16 3 139
1 53 1 44.812 -120.3 457 110 369 370 2014 7 1 23 0 6 3 139
1 53 1 44.769 -120.14 442 111 370 370 2014 7 1 23 1 6 3 139
1 53 1 44.716 -119.96 441 111 370 370 2014 7 1 23 2 6 3 139
1 53 1 44.674 -119.8 441 111 370 370 2014 7 1 23 3 6 3 139
1 53 1 44.624 -119.65 436 111 370 370 2014 7 1 23 4 15 3 139
1 53 1 44.562 -119.5 434 120 370 370 2014 7 1 23 5 6 3 139
1 53 1 44.501 -119.36 434 120 370 370 2014 7 1 23 6 6 3 139
1 53 1 44.465 -119.27 435 120 370 370 2014 7 1 23 7 6 3 139
1 53 1 44.366 -119.04 435 120 370 370 2014 7 1 23 8 15 3 139
1 53 1 44.329 -118.95 435 120 370 370 2014 7 1 23 9 6 3 139
1 53 1 44.241 -118.75 436 120 370 370 2014 7 1 23 10 15 5 213
1 53 1 44.205 -118.66 435 121 370 370 2014 7 1 23 11 6 5 213
1 53 1 44.142 -118.52 435 120 370 370 2014 7 1 23 12 6 5 213
1 53 1 44.072 -118.36 436 121 370 370 2014 7 1 23 13 6 5 213
1 53 1 44.011 -118.21 437 121 370 370 2014 7 1 23 14 16 5 213
1 53 1 43.958 -118.06 437 120 370 370 2014 7 1 23 15 6 5 213
1 53 1 43.907 -117.91 439 114 370 370 2014 7 1 23 16 7 5 213
1 53 1 43.857 -117.75 440 114 370 370 2014 7 1 23 17 6 5 213
1 53 1 43.824 -117.66 438 114 370 390 2014 7 1 23 18 6 5 213
1 53 1 43.773 -117.51 439 114 374 390 2014 7 1 23 19 6 5 213
1 53 1 43.722 -117.35 439 114 383 390 2014 7 1 23 20 15 5 213
1 53 1 43.671 -117.2 444 114 390 390 2014 7 1 23 21 6 5 213
1 53 1 43.617 -117.05 446 114 390 390 2014 7 1 23 22 16 5 213
1 53 1 43.554 -116.86 449 114 390 390 2014 7 1 23 23 6 5 213
1 53 1 43.501 -116.7 451 115 390 390 2014 7 1 23 24 6 5 213
1 53 1 43.446 -116.55 451 114 390 390 2014 7 1 23 25 6 5 213
1 53 1 43.394 -116.39 451 115 390 390 2014 7 1 23 26 6 5 213
1 53 1 43.341 -116.24 448 115 390 390 2014 7 1 23 27 6 5 213
1 53 1 43.278 -116.06 444 115 390 390 2014 7 1 23 28 6 5 213
1 53 1 43.225 -115.91 444 115 390 390 2014 7 1 23 29 6 5 213
1 53 1 43.171 -115.75 448 115 390 390 2014 7 1 23 30 15 5 213
1 53 1 43.116 -115.6 448 115 390 390 2014 7 1 23 31 7 5 213
1 53 1 43.061 -115.45 446 115 390 390 2014 7 1 23 32 6 5 213
1 53 1 43.002 -115.3 445 116 390 390 2014 7 1 23 33 6 5 213
1 53 1 42.909 -115.15 446 117 390 390 2014 7 1 23 34 6 5 213
1 53 1 42.831 -115.02 444 124 390 390 2014 7 1 23 35 6 5 213
1 53 1 42.752 -114.89 444 129 390 390 2014 7 1 23 36 6 5 213
1 53 1 42.674 -114.76 445 129 390 390 2014 7 1 23 37 16 5 213
1 53 1 42.587 -114.62 447 129 390 390 2014 7 1 23 38 6 5 213
1 53 1 42.508 -114.49 446 129 390 390 2014 7 1 23 39 6 5 213
1 53 1 42.429 -114.36 447 129 390 390 2014 7 1 23 40 6 5 213
1 53 1 42.35 -114.23 445 129 390 390 2014 7 1 23 41 8 5 213
1 53 1 42.35 -114.23 445 129 390 390 2014 7 1 23 42 6 5 213
1 53 1 42.271 -114.1 444 129 390 390 2014 7 1 23 43 15 5 213
1 53 1 42.176 -113.95 445 129 390 390 2014 7 1 23 44 16 5 213
1 53 1 42.017 -113.7 443 130 390 390 2014 7 1 23 45 16 5 213
1 53 1 41.936 -113.57 444 130 390 390 2014 7 1 23 46 11 5 212
1 53 1 41.936 -113.57 444 130 390 390 2014 7 1 23 47 6 5 212
1 53 1 41.856 -113.44 447 130 390 390 2014 7 1 23 48 6 5 212
1 53 1 41.775 -113.32 447 130 390 390 2014 7 1 23 49 15 5 212
1 53 1 41.677 -113.17 447 130 390 390 2014 7 1 23 50 6 5 212
1 53 1 41.596 -113.04 448 130 390 390 2014 7 1 23 51 6 5 212
1 53 1 41.516 -112.91 448 130 390 390 2014 7 1 23 52 6 5 212
1 53 1 41.432 -112.79 450 130 390 390 2014 7 1 23 53 6 5 212
1 53 1 41.351 -112.66 446 130 390 390 2014 7 1 23 54 6 5 212
1 53 1 41.27 -112.54 445 130 390 390 2014 7 1 23 55 16 5 212
1 53 1 41.157 -112.42 439 131 390 390 2014 7 1 23 56 6 5 212
1 53 1 41.062 -112.32 440 136 390 390 2014 7 1 23 57 15 5 212
1 53 1 40.967 -112.22 440 140 390 390 2014 7 1 23 58 6 5 212
1 53 1 40.871 -112.12 440 141 390 390 2014 7 1 23 59 6 5 216
1 53 1 40.776 -112.02 443 141 390 390 2014 7 2 0 0 15 5 210
1 53 1 40.661 -111.9 448 141 390 390 2014 7 2 0 1 6 5 210
1 53 1 40.565 -111.8 442 141 390 390 2014 7 2 0 2 6 5 209
1 53 1 40.468 -111.7 447 141 390 390 2014 7 2 0 3 6 5 209
1 53 1 40.371 -111.6 447 142 390 390 2014 7 2 0 4 16 5 209
1 53 1 40.223 -111.45 448 141 390 390 2014 7 2 0 5 15 5 209
1 53 1 40.172 -111.4 448 141 390 390 2014 7 2 0 6 6 5 209
1 53 1 40.074 -111.3 451 142 390 390 2014 7 2 0 7 16 5 209
1 53 1 39.955 -111.18 453 142 390 390 2014 7 2 0 8 15 5 209
1 53 1 39.857 -111.08 448 141 390 390 2014 7 2 0 9 6 5 209
1 53 1 39.759 -110.98 447 142 390 390 2014 7 2 0 10 6 5 209
1 53 1 39.72 -110.95 447 141 390 390 2014 7 2 0 11 6 5 209
1 53 1 39.562 -110.79 443 142 390 390 2014 7 2 0 12 6 5 209
1 53 1 39.462 -110.69 447 142 390 390 2014 7 2 0 13 15 5 203
1 53 1 39.403 -110.63 447 142 390 390 2014 7 2 0 14 6 5 203
1 53 1 39.306 -110.54 454 143 390 390 2014 7 2 0 15 6 5 203
1 53 1 39.195 -110.43 453 142 390 390 2014 7 2 0 16 6 5 203
1 53 1 39.04 -110.28 459 142 390 390 2014 7 2 0 17 16 5 203
1 53 1 38.935 -110.18 459 143 390 390 2014 7 2 0 18 16 5 203
1 53 1 38.832 -110.08 461 142 390 390 2014 7 2 0 19 6 5 203
1 53 1 38.769 -110.02 465 142 390 390 2014 7 2 0 20 16 5 203
1 53 1 38.664 -109.92 468 143 390 390 2014 7 2 0 21 6 6 278
1 53 1 38.517 -109.78 468 143 390 390 2014 7 2 0 22 16 6 278
1 53 1 38.456 -109.72 469 143 390 390 2014 7 2 0 23 16 6 278
1 53 1 38.338 -109.61 469 143 390 390 2014 7 2 0 24 15 6 278
1 53 1 38.238 -109.51 469 142 390 390 2014 7 2 0 25 6 6 278
1 53 1 38.181 -109.46 468 143 390 390 2014 7 2 0 26 6 6 269
1 53 1 38.022 -109.31 468 143 390 390 2014 7 2 0 27 6 6 269
1 53 1 37.905 -109.2 466 142 390 390 2014 7 2 0 28 6 6 269
1 53 1 37.805 -109.11 466 142 390 390 2014 7 2 0 29 6 6 269
1 53 1 37.771 -109.07 462 143 390 390 2014 7 2 0 30 6 6 254
1 53 1 37.705 -109.01 466 142 390 390 2014 7 2 0 31 6 6 254
1 53 1 37.488 -108.81 466 145 390 390 2014 7 2 0 32 16 6 254
1 53 1 37.372 -108.7 465 143 390 390 2014 7 2 0 33 15 6 259
1 53 1 37.272 -108.61 465 143 390 390 2014 7 2 0 34 15 6 259
1 53 1 37.153 -108.51 465 143 389 360 2014 7 2 0 35 15 6 259
1 53 1 37.153 -108.51 465 143 389 360 2014 7 2 0 36 6 6 259
1 53 1 37.052 -108.41 466 143 379 290 2014 7 2 0 37 6 6 259
1 53 1 36.832 -108.22 469 144 360 290 2014 7 2 0 38 16 6 259
1 53 1 36.833 -108.22 467 144 360 290 2014 7 2 0 39 15 6 259
1 53 1 36.731 -108.13 466 143 350 290 2014 7 2 0 40 6 6 260
1 53 1 36.615 -108.02 464 145 339 290 2014 7 2 0 41 6 6 260
1 53 1 36.517 -107.93 455 144 329 290 2014 7 2 0 42 16 6 260
1 53 1 36.405 -107.83 447 144 317 290 2014 7 2 0 43 6 6 260
1 53 1 36.31 -107.75 439 144 307 290 2014 7 2 0 44 6 6 260
1 53 1 36.201 -107.66 435 144 296 160 2014 7 2 0 45 16 6 260
1 53 1 36.109 -107.58 426 144 290 160 2014 7 2 0 46 6 2 88
1 53 1 36.013 -107.5 418 148 276 160 2014 7 2 0 47 15 2 68
1 53 1 35.894 -107.42 432 149 239 160 2014 7 2 0 48 16 2 68
1 53 1 35.79 -107.34 444 147 209 160 2014 7 2 0 49 15 2 68
1 53 1 35.705 -107.25 434 146 189 160 2014 7 2 0 50 6 2 68
1 53 1 35.604 -107.18 390 141 170 160 2014 7 2 0 51 6 2 68
1 53 1 35.513 -107.11 387 147 160 160 2014 7 2 0 52 15 2 68
1 53 1 35.404 -107.03 377 148 159 160 2014 7 2 0 53 15 2 80
1 53 1 35.304 -106.96 376 149 145 160 2014 7 2 0 54 16 2 80
1 53 1 35.207 -106.91 355 156 127 160 2014 7 2 0 55 16 2 80
1 53 1 35.139 -106.87 347 155 110 160 2014 7 2 0 56 16 2 80
1 53 1 35.057 -106.87 272 175 108 160 2014 7 2 0 57 16 2 80
1 53 1 34.982 -106.88 221 190 100 160 2014 7 2 0 58 15 2 80
1 53 1 34.988 -106.83 227 87 100 160 2014 7 2 0 59 16 2 80
1 53 1 35.031 -106.77 223 44 85 160 2014 7 2 1 0 16 2 80
1 53 1 35.046 -106.71 161 70 70 160 2014 7 2 1 1 6 2 80
1 53 1 35.045 -106.66 140 96 60 160 2014 7 2 1 2 15 2 80
1 53 1 35.044 -106.62 145 91 53 160 2014 7 2 1 3 6 2 80
