1 53 71 45.594 -122.62 153 0 7 410 2014 7 1 14 43 6 3 112
1 53 71 45.606 -122.65 165 289 14 410 2014 7 1 14 44 6 3 112
1 53 71 45.656 -122.77 241 301 50 410 2014 7 1 14 45 6 3 112
1 53 71 45.634 -122.85 260 287 78 410 2014 7 1 14 46 6 3 112
1 53 71 45.57 -122.8 281 190 101 410 2014 7 1 14 47 6 3 112
1 53 71 45.503 -122.71 316 170 123 410 2014 7 1 14 48 6 3 112
1 53 71 45.431 -122.62 349 144 148 410 2014 7 1 14 49 6 3 112
1 53 71 45.354 -122.52 371 137 178 410 2014 7 1 14 50 15 3 131
1 53 71 45.284 -122.43 376 137 203 410 2014 7 1 14 51 7 3 131
1 53 71 45.203 -122.33 391 142 229 410 2014 7 1 14 52 15 3 131
1 53 71 45.115 -122.22 408 137 253 410 2014 7 1 14 53 16 3 135
1 53 71 44.999 -122.11 420 138 280 410 2014 7 1 14 54 6 3 135
1 53 71 44.891 -122.03 426 146 299 410 2014 7 1 14 55 6 3 135
1 53 71 44.784 -121.96 426 154 299 410 2014 7 1 14 56 9 3 135
1 53 71 44.676 -121.89 435 154 335 410 2014 7 1 14 57 15 3 135
1 53 71 44.565 -121.82 438 154 351 410 2014 7 1 14 58 6 3 135
1 53 71 44.454 -121.75 439 154 364 410 2014 7 1 14 59 6 3 135
1 53 71 44.323 -121.7 448 154 378 410 2014 7 1 15 0 6 3 135
1 53 71 44.203 -121.66 445 160 388 410 2014 7 1 15 1 6 3 135
1 53 71 44.082 -121.63 446 166 398 410 2014 7 1 15 2 16 3 135
1 53 71 44.082 -121.63 446 166 398 410 2014 7 1 15 3 6 3 135
1 53 71 43.845 -121.55 441 167 410 410 2014 7 1 15 4 15 3 142
1 53 71 43.845 -121.55 441 167 410 410 2014 7 1 15 5 6 3 142
1 53 71 43.715 -121.52 439 167 410 410 2014 7 1 15 6 6 3 142
1 53 71 43.474 -121.44 441 167 410 410 2014 7 1 15 7 6 3 142
1 53 71 43.352 -121.41 445 167 410 410 2014 7 1 15 8 6 3 142
1 53 71 43.23 -121.37 447 167 410 410 2014 7 1 15 9 6 3 142
1 53 71 43.156 -121.35 454 167 410 410 2014 7 1 15 10 6 3 142
1 53 71 43.035 -121.31 453 168 410 410 2014 7 1 15 11 6 3 142
1 53 71 42.913 -121.28 451 168 410 410 2014 7 1 15 12 6 3 142
1 53 71 42.743 -121.23 447 168 410 410 2014 7 1 15 13 15 3 142
1 53 71 42.67 -121.21 449 168 410 410 2014 7 1 15 14 6 3 142
1 53 71 42.473 -121.15 450 168 410 410 2014 7 1 15 15 16 3 142
1 53 71 42.425 -121.14 449 168 410 410 2014 7 1 15 16 6 3 142
1 53 71 42.228 -121.08 446 168 410 410 2014 7 1 15 17 6 3 142
1 53 71 42.179 -121.07 449 167 410 410 2014 7 1 15 18 16 3 142
1 53 71 42.031 -121.03 450 168 410 410 2014 7 1 15 19 6 3 142
1 53 71 41.907 -120.99 450 168 410 410 2014 7 1 15 20 16 3 142
1 53 71 41.786 -120.96 447 167 410 410 2014 7 1 15 21 15 3 142
1 53 71 41.661 -120.92 449 168 410 410 2014 7 1 15 22 16 3 142
1 53 71 41.538 -120.89 451 168 410 410 2014 7 1 15 23 16 3 142
1 53 71 41.414 -120.85 452 168 410 410 2014 7 1 15 24 6 3 142
1 53 71 41.29 -120.82 452 167 415 410 2014 7 1 15 25 16 3 142
1 53 71 41.241 -120.81 453 168 410 410 2014 7 1 15 26 6 3 142
1 53 71 41.044 -120.75 453 168 410 410 2014 7 1 15 27 15 3 142
1 53 71 40.921 -120.72 452 168 411 410 2014 7 1 15 28 6 4 186
1 53 71 40.799 -120.68 452 166 410 410 2014 7 1 15 29 6 4 186
1 53 71 40.651 -120.63 453 167 410 410 2014 7 1 15 30 6 4 186
1 53 71 40.526 -120.59 460 166 410 410 2014 7 1 15 31 6 4 186
1 53 71 40.401 -120.55 461 166 410 410 2014 7 1 15 32 16 4 186
1 53 71 40.353 -120.54 461 166 410 410 2014 7 1 15 33 16 4 186
1 53 71 40.227 -120.5 461 167 410 410 2014 7 1 15 34 15 4 186
1 53 71 40.102 -120.46 461 166 410 410 2014 7 1 15 35 16 4 186
1 53 71 40.014 -120.44 461 166 410 410 2014 7 1 15 36 6 4 181
1 53 71 39.896 -120.4 464 167 410 410 2014 7 1 15 37 6 4 181
1 53 71 39.646 -120.33 463 166 410 410 2014 7 1 15 38 16 4 181
1 53 71 39.646 -120.33 463 166 410 410 2014 7 1 15 39 6 4 181
1 53 71 39.521 -120.29 462 167 410 410 2014 7 1 15 40 6 4 181
1 53 71 39.295 -120.22 462 166 410 410 2014 7 1 15 41 6 4 181
1 53 71 39.169 -120.19 461 167 410 410 2014 7 1 15 42 15 4 181
1 53 71 39.045 -120.15 461 167 410 410 2014 7 1 15 43 6 4 185
1 53 71 38.993 -120.13 462 167 410 410 2014 7 1 15 44 6 4 185
1 53 71 38.869 -120.1 460 167 410 410 2014 7 1 15 45 6 4 185
1 53 71 38.671 -120.05 461 168 410 410 2014 7 1 15 46 6 4 185
1 53 71 38.615 -120.05 460 170 410 410 2014 7 1 15 47 15 4 185
1 53 71 38.391 -120.02 460 172 410 410 2014 7 1 15 48 15 4 185
1 53 71 38.362 -120 457 173 410 410 2014 7 1 15 49 6 4 185
1 53 71 38.266 -119.98 459 170 410 410 2014 7 1 15 50 15 4 185
1 53 71 38.11 -119.96 455 172 410 410 2014 7 1 15 51 6 4 185
1 53 71 37.867 -119.92 454 172 410 410 2014 7 1 15 52 16 4 184
1 53 71 37.86 -119.92 454 172 410 410 2014 7 1 15 53 16 4 184
1 53 71 37.736 -119.9 450 172 410 410 2014 7 1 15 54 6 4 184
1 53 71 37.609 -119.88 451 172 410 410 2014 7 1 15 55 6 4 184
1 53 71 37.459 -119.85 451 172 410 410 2014 7 1 15 56 6 4 184
1 53 71 37.333 -119.83 454 172 410 410 2014 7 1 15 57 6 4 187
1 53 71 37.241 -119.82 452 172 410 410 2014 7 1 15 58 16 4 187
1 53 71 37.091 -119.79 451 172 410 410 2014 7 1 15 59 6 4 187
1 53 71 36.966 -119.77 453 172 410 410 2014 7 1 16 0 16 4 187
1 53 71 36.841 -119.75 452 173 410 410 2014 7 1 16 1 7 4 187
1 53 71 36.691 -119.73 453 172 410 410 2014 7 1 16 2 16 4 187
1 53 71 36.564 -119.72 454 174 410 410 2014 7 1 16 3 15 4 187
1 53 71 36.463 -119.71 452 177 410 410 2014 7 1 16 4 6 4 187
1 53 71 36.31 -119.7 455 178 408 410 2014 7 1 16 5 16 4 187
1 53 71 36.184 -119.7 453 292 399 410 2014 7 1 16 6 13 4 187
1 53 71 36.057 -119.69 453 177 390 410 2014 7 1 16 7 15 4 187
1 53 71 35.928 -119.68 456 177 390 410 2014 7 1 16 8 6 1 54
1 53 71 35.801 -119.67 456 177 390 410 2014 7 1 16 9 6 1 54
1 53 71 35.674 -119.67 456 176 390 410 2014 7 1 16 10 6 1 54
1 53 71 35.547 -119.66 456 176 390 410 2014 7 1 16 11 6 1 54
1 53 71 35.393 -119.65 456 177 390 410 2014 7 1 16 12 6 1 54
1 53 71 35.265 -119.63 459 177 390 410 2014 7 1 16 13 16 1 54
1 53 71 35.153 -119.55 472 193 390 410 2014 7 1 16 14 6 1 54
1 53 71 35.046 -119.46 472 144 390 410 2014 7 1 16 15 16 1 54
1 53 71 34.936 -119.37 472 144 387 410 2014 7 1 16 16 6 1 54
1 53 71 34.938 -119.37 472 145 387 410 2014 7 1 16 17 6 1 54
1 53 71 34.725 -119.19 468 145 332 410 2014 7 1 16 18 16 1 54
1 53 71 34.704 -119.17 466 145 326 410 2014 7 1 16 19 6 1 54
1 53 71 34.495 -119 454 145 276 410 2014 7 1 16 20 16 1 54
1 53 71 34.495 -119 454 145 276 410 2014 7 1 16 21 11 1 54
1 53 71 34.396 -118.92 438 145 253 410 2014 7 1 16 22 16 1 54
1 53 71 34.183 -118.82 382 150 205 410 2014 7 1 16 23 16 1 25
1 53 71 34.172 -118.81 387 158 203 410 2014 7 1 16 24 6 1 25
1 53 71 34.073 -118.78 371 164 180 410 2014 7 1 16 25 6 1 25
1 53 71 33.971 -118.74 357 161 156 410 2014 7 1 16 26 7 1 25
1 53 71 33.879 -118.71 349 164 140 410 2014 7 1 16 27 6 1 24
1 53 71 33.798 -118.68 346 164 140 410 2014 7 1 16 28 6 1 24
1 53 71 33.689 -118.64 345 161 130 410 2014 7 1 16 29 6 1 2
1 53 71 33.598 -118.6 345 164 116 410 2014 7 1 16 30 6 1 2
1 53 71 33.522 -118.54 336 153 104 410 2014 7 1 16 31 6 1 2
1 53 71 33.475 -118.46 303 125 92 410 2014 7 1 16 32 6 1 2
1 53 71 33.45 -118.35 296 115 73 410 2014 7 1 16 33 6 1 2
1 53 71 33.5 -118.23 289 66 57 410 2014 7 1 16 34 16 1 2
1 53 71 33.528 -118.19 292 59 52 410 2014 7 1 16 35 6 1 2
1 53 71 33.6 -118.08 270 53 50 410 2014 7 1 16 36 6 1 2
1 53 71 33.617 -118.05 275 47 50 410 2014 7 1 16 37 6 1 2
1 53 71 33.664 -117.97 238 59 50 410 2014 7 1 16 38 6 1 2
1 53 71 33.72 -117.93 243 39 50 410 2014 7 1 16 39 16 1 2
1 53 71 33.774 -117.89 240 31 44 410 2014 7 1 16 40 16 1 2
1 53 71 33.828 -117.85 234 39 31 410 2014 7 1 16 41 6 1 2
1 53 71 33.85 -117.83 211 32 30 410 2014 7 1 16 42 6 1 2
1 53 71 33.789 -117.8 180 128 23 410 2014 7 1 16 43 6 1 2
1 53 71 33.783 -117.8 173 182 22 410 2014 7 1 16 44 6 1 2
1 53 71 33.719 -117.84 141 202 9 410 2014 7 1 16 45 16 1 2
1 53 71 33.719 -117.84 141 202 9 410 2014 7 1 16 46 6 1 2
2 53 71 45.585 -122.57 161 0 7 410 2014 7 1 17 34 6 3 112
2 53 71 45.577 -122.55 160 102 22 410 2014 7 1 17 35 16 3 112
2 53 71 45.567 -122.47 212 104 46 410 2014 7 1 17 36 6 3 112
2 53 71 45.549 -122.36 267 104 73 410 2014 7 1 17 37 6 3 112
2 53 71 45.474 -122.31 292 104 105 410 2014 7 1 17 38 6 3 112
2 53 71 45.386 -122.28 328 152 128 410 2014 7 1 17 39 6 3 112
2 53 71 45.292 -122.24 348 159 160 410 2014 7 1 17 40 6 3 131
2 53 71 45.2 -122.2 362 164 191 410 2014 7 1 17 41 6 3 131
2 53 71 45.099 -122.17 369 161 222 410 2014 7 1 17 42 6 3 131
2 53 71 44.996 -122.11 400 164 249 410 2014 7 1 17 43 6 3 135
2 53 71 44.892 -122.04 412 161 274 410 2014 7 1 17 44 15 3 135
2 53 71 44.784 -121.96 408 156 298 410 2014 7 1 17 45 6 3 135
2 53 71 44.67 -121.92 431 154 315 410 2014 7 1 17 46 6 3 135
2 53 71 44.529 -121.87 437 158 341 410 2014 7 1 17 47 6 3 135
2 53 71 44.414 -121.83 433 164 346 410 2014 7 1 17 48 16 3 135
2 53 71 44.297 -121.79 430 166 350 410 2014 7 1 17 49 16 3 135
2 53 71 44.182 -121.75 429 166 350 410 2014 7 1 17 50 6 3 135
2 53 71 44.068 -121.71 427 166 361 410 2014 7 1 17 51 18 3 135
2 53 71 43.951 -121.67 428 166 375 410 2014 7 1 17 52 6 3 142
2 53 71 43.833 -121.63 431 166 389 410 2014 7 1 17 53 6 3 142
2 53 71 43.706 -121.59 433 166 403 410 2014 7 1 17 54 6 3 142
2 53 71 43.589 -121.55 433 166 403 410 2014 7 1 17 55 16 3 142
2 53 71 43.589 -121.56 433 166 410 410 2014 7 1 17 56 8 3 142
2 53 71 43.355 -121.48 433 166 410 410 2014 7 1 17 57 6 3 142
2 53 71 43.237 -121.44 433 166 410 410 2014 7 1 17 58 6 3 142
2 53 71 43.119 -121.4 433 166 410 410 2014 7 1 17 59 6 3 142
2 53 71 43.002 -121.36 434 166 410 410 2014 7 1 18 0 6 3 142
2 53 71 42.884 -121.32 434 166 410 410 2014 7 1 18 1 6 3 142
2 53 71 42.741 -121.28 436 167 410 410 2014 7 1 18 2 15 3 142
2 53 71 42.693 -121.27 438 166 410 410 2014 7 1 18 3 6 3 142
2 53 71 42.574 -121.23 438 167 410 410 2014 7 1 18 4 6 3 142
2 53 71 42.455 -121.19 438 167 410 410 2014 7 1 18 5 6 3 142
2 53 71 42.336 -121.15 438 166 410 410 2014 7 1 18 6 9 3 142
2 53 71 42.146 -121.09 438 166 410 410 2014 7 1 18 7 16 3 142
2 53 71 42.097 -121.08 438 166 410 410 2014 7 1 18 8 6 3 142
2 53 71 41.904 -121.02 448 167 410 410 2014 7 1 18 9 6 3 142
2 53 71 41.858 -121 435 166 411 410 2014 7 1 18 10 6 3 142
2 53 71 41.737 -120.97 437 167 410 410 2014 7 1 18 11 6 3 142
2 53 71 41.593 -120.92 441 166 410 410 2014 7 1 18 12 16 3 142
2 53 71 41.471 -120.88 443 167 410 410 2014 7 1 18 13 16 3 142
2 53 71 41.351 -120.85 443 166 410 410 2014 7 1 18 14 6 3 142
2 53 71 41.229 -120.81 444 167 410 410 2014 7 1 18 15 6 3 142
2 53 71 41.107 -120.77 445 166 410 410 2014 7 1 18 16 6 3 142
2 53 71 40.988 -120.74 445 167 410 410 2014 7 1 18 17 6 4 186
2 53 71 40.866 -120.7 445 167 410 410 2014 7 1 18 18 6 4 186
2 53 71 40.792 -120.68 447 166 410 410 2014 7 1 18 19 6 4 186
2 53 71 40.602 -120.62 445 167 410 410 2014 7 1 18 20 6 4 186
2 53 71 40.48 -120.58 447 165 410 410 2014 7 1 18 21 12 4 186
2 53 71 40.36 -120.54 447 166 410 410 2014 7 1 18 22 6 4 186
2 53 71 40.242 -120.51 440 166 410 410 2014 7 1 18 23 6 4 186
2 53 71 40.121 -120.47 441 166 410 410 2014 7 1 18 24 16 4 186
2 53 71 39.994 -120.43 441 166 410 410 2014 7 1 18 25 16 4 181
2 53 71 39.994 -120.43 441 166 410 410 2014 7 1 18 26 6 4 181
2 53 71 39.874 -120.39 441 167 410 410 2014 7 1 18 27 6 4 181
2 53 71 39.754 -120.36 441 167 410 410 2014 7 1 18 28 6 4 181
2 53 71 39.634 -120.32 442 166 410 410 2014 7 1 18 29 6 4 181
2 53 71 39.391 -120.25 444 166 410 410 2014 7 1 18 30 6 4 181
2 53 71 39.246 -120.21 444 167 410 410 2014 7 1 18 31 6 4 181
2 53 71 39.126 -120.17 444 167 410 410 2014 7 1 18 32 6 4 181
2 53 71 39.122 -120.17 446 167 410 410 2014 7 1 18 33 6 4 181
2 53 71 38.879 -120.1 447 167 410 410 2014 7 1 18 34 16 4 185
2 53 71 38.756 -120.07 447 167 410 410 2014 7 1 18 35 16 4 185
2 53 71 38.715 -120.06 450 167 410 410 2014 7 1 18 36 6 4 185
2 53 71 38.593 -120.02 450 166 410 410 2014 7 1 18 37 6 4 185
2 53 71 38.388 -119.96 449 168 410 410 2014 7 1 18 38 16 4 185
2 53 71 38.35 -119.95 450 167 410 410 2014 7 1 18 39 15 4 185
2 53 71 38.232 -119.91 449 166 410 410 2014 7 1 18 40 6 4 185
2 53 71 38.085 -119.87 448 167 410 410 2014 7 1 18 41 6 4 185
2 53 71 37.958 -119.83 451 167 410 410 2014 7 1 18 42 6 4 184
2 53 71 37.836 -119.8 450 167 410 410 2014 7 1 18 43 15 4 184
2 53 71 37.713 -119.77 451 167 410 410 2014 7 1 18 44 6 4 184
2 53 71 37.591 -119.73 450 167 410 410 2014 7 1 18 45 7 4 184
2 53 71 37.469 -119.7 449 167 410 410 2014 7 1 18 46 6 4 184
2 53 71 37.346 -119.66 449 167 410 410 2014 7 1 18 47 16 4 187
2 53 71 37.249 -119.64 451 167 410 410 2014 7 1 18 48 16 4 187
2 53 71 37.074 -119.59 451 167 410 410 2014 7 1 18 49 15 4 187
2 53 71 36.949 -119.6 446 178 410 410 2014 7 1 18 50 16 4 187
2 53 71 36.875 -119.6 449 182 410 410 2014 7 1 18 51 6 4 187
2 53 71 36.7 -119.6 447 181 410 410 2014 7 1 18 52 6 4 187
2 53 71 36.549 -119.61 447 181 410 410 2014 7 1 18 53 6 4 187
2 53 71 36.499 -119.61 450 181 410 410 2014 7 1 18 54 6 4 187
2 53 71 36.373 -119.61 450 179 410 410 2014 7 1 18 55 6 4 187
2 53 71 36.171 -119.61 450 180 410 410 2014 7 1 18 56 6 4 187
2 53 71 36.095 -119.61 452 180 410 410 2014 7 1 18 57 16 4 187
2 53 71 35.968 -119.61 452 181 410 410 2014 7 1 18 58 6 4 0
2 53 71 35.843 -119.62 451 180 410 410 2014 7 1 18 59 15 1 54
2 53 71 35.717 -119.63 451 182 410 410 2014 7 1 19 0 6 1 54
2 53 71 35.592 -119.63 447 181 410 410 2014 7 1 19 1 6 1 54
2 53 71 35.471 -119.58 460 171 410 410 2014 7 1 19 2 6 1 54
2 53 71 35.354 -119.51 461 155 410 410 2014 7 1 19 3 16 1 54
2 53 71 35.237 -119.45 461 155 410 410 2014 7 1 19 4 16 1 54
2 53 71 35.099 -119.37 459 155 410 410 2014 7 1 19 5 6 1 54
2 53 71 35.05 -119.35 459 155 409 410 2014 7 1 19 6 6 1 54
2 53 71 34.913 -119.27 454 155 384 410 2014 7 1 19 7 6 1 54
2 53 71 34.756 -119.18 449 154 345 410 2014 7 1 19 8 6 1 54
2 53 71 34.688 -119.14 447 156 326 410 2014 7 1 19 9 6 1 54
2 53 71 34.574 -119.08 448 155 299 410 2014 7 1 19 10 6 1 54
2 53 71 34.463 -119.02 443 156 274 410 2014 7 1 19 11 6 1 54
2 53 71 34.337 -118.95 416 156 244 410 2014 7 1 19 12 16 1 54
2 53 71 34.237 -118.9 398 155 222 410 2014 7 1 19 13 6 1 25
2 53 71 34.143 -118.85 379 155 200 410 2014 7 1 19 14 15 1 25
2 53 71 34.052 -118.8 360 154 179 410 2014 7 1 19 15 16 1 25
2 53 71 33.967 -118.75 350 156 158 410 2014 7 1 19 16 6 1 24
2 53 71 33.865 -118.7 341 153 140 410 2014 7 1 19 17 6 1 24
2 53 71 33.771 -118.67 337 170 134 410 2014 7 1 19 18 6 1 24
2 53 71 33.682 -118.64 336 164 112 410 2014 7 1 19 19 16 1 2
2 53 71 33.599 -118.61 320 161 100 410 2014 7 1 19 20 15 1 2
2 53 71 33.551 -118.53 301 147 85 410 2014 7 1 19 21 6 1 2
2 53 71 33.533 -118.47 294 129 72 410 2014 7 1 19 22 6 1 2
2 53 71 33.533 -118.37 289 103 57 410 2014 7 1 19 23 6 1 2
2 53 71 33.55 -118.28 273 76 50 410 2014 7 1 19 24 6 1 2
2 53 71 33.585 -118.17 250 64 50 410 2014 7 1 19 25 15 1 2
2 53 71 33.6 -118.13 226 73 51 410 2014 7 1 19 26 6 1 2
2 53 71 33.617 -118.05 224 73 50 410 2014 7 1 19 27 6 1 2
2 53 71 33.65 -118 227 72 50 410 2014 7 1 19 28 6 1 2
2 53 71 33.7 -117.95 226 33 51 410 2014 7 1 19 29 16 1 2
2 53 71 33.75 -117.92 227 34 47 410 2014 7 1 19 30 16 1 2
2 53 71 33.8 -117.87 219 33 39 410 2014 7 1 19 31 6 1 2
2 53 71 33.85 -117.83 194 33 33 410 2014 7 1 19 32 6 1 2
2 53 71 33.883 -117.8 183 21 30 410 2014 7 1 19 33 6 1 2
2 53 71 33.867 -117.77 183 105 31 410 2014 7 1 19 34 16 1 2
2 53 71 33.817 -117.78 174 186 30 410 2014 7 1 19 35 6 1 2
2 53 71 33.783 -117.8 162 207 22 410 2014 7 1 19 36 6 1 2
2 53 71 33.733 -117.83 136 207 15 410 2014 7 1 19 37 16 1 2
2 53 71 33.7 -117.85 136 207 7 410 2014 7 1 19 38 16 1 2
2 53 71 33.679 -117.87 133 202 1 410 2014 7 1 19 39 16 1 2
3 53 71 45.576 -122.54 155 0 14 410 2014 7 2 0 18 16 3 112
3 53 71 45.574 -122.51 193 107 20 410 2014 7 2 0 19 6 3 112
3 53 71 45.56 -122.43 209 101 42 410 2014 7 2 0 20 16 3 112
3 53 71 45.524 -122.34 277 139 63 410 2014 7 2 0 21 6 3 112
3 53 71 45.447 -122.34 276 118 93 410 2014 7 2 0 22 16 3 112
3 53 71 45.366 -122.35 295 165 112 410 2014 7 2 0 23 16 3 112
3 53 71 45.26 -122.36 352 182 138 410 2014 7 2 0 24 15 3 112
3 53 71 45.153 -122.37 387 183 160 410 2014 7 2 0 25 6 3 130
3 53 71 45.057 -122.38 399 189 188 410 2014 7 2 0 26 6 3 130
3 53 71 44.942 -122.39 408 184 214 410 2014 7 2 0 27 6 3 130
3 53 71 44.82 -122.36 424 178 240 410 2014 7 2 0 28 6 3 135
3 53 71 44.698 -122.33 430 175 260 410 2014 7 2 0 29 6 3 135
3 53 71 44.556 -122.29 447 169 281 410 2014 7 2 0 30 6 3 135
3 53 71 44.447 -122.26 453 169 302 410 2014 7 2 0 31 6 3 135
3 53 71 44.298 -122.23 453 170 327 410 2014 7 2 0 32 16 3 135
3 53 71 44.181 -122.2 445 170 348 410 2014 7 2 0 33 15 3 135
3 53 71 44.059 -122.17 437 170 361 410 2014 7 2 0 34 15 3 135
3 53 71 43.934 -122.14 445 170 373 410 2014 7 2 0 35 15 3 135
3 53 71 43.934 -122.14 445 170 373 410 2014 7 2 0 36 6 3 135
3 53 71 43.689 -122.08 446 170 398 410 2014 7 2 0 37 6 3 141
3 53 71 43.567 -122.05 445 170 406 410 2014 7 2 0 38 16 3 141
3 53 71 43.445 -122.03 445 170 410 410 2014 7 2 0 39 15 3 141
3 53 71 43.321 -122 447 170 410 410 2014 7 2 0 40 6 3 141
3 53 71 43.203 -121.97 446 170 410 410 2014 7 2 0 41 6 3 141
3 53 71 43.082 -121.94 446 170 410 410 2014 7 2 0 42 16 3 141
3 53 71 43.082 -121.94 444 170 410 410 2014 7 2 0 43 6 3 141
3 53 71 42.863 -121.89 446 170 410 410 2014 7 2 0 44 6 3 141
3 53 71 42.69 -121.85 447 170 410 410 2014 7 2 0 45 16 3 141
3 53 71 42.618 -121.83 450 170 410 410 2014 7 2 0 46 6 3 141
3 53 71 42.443 -121.79 451 170 410 410 2014 7 2 0 47 15 3 141
3 53 71 42.318 -121.76 451 170 410 410 2014 7 2 0 48 16 3 141
3 53 71 42.245 -121.75 452 170 410 410 2014 7 2 0 49 15 3 141
3 53 71 42.119 -121.72 452 170 410 410 2014 7 2 0 50 6 3 141
3 53 71 41.992 -121.7 452 170 410 410 2014 7 2 0 51 6 3 141
3 53 71 41.868 -121.67 446 172 410 410 2014 7 2 0 52 15 3 141
3 53 71 41.743 -121.65 445 172 410 410 2014 7 2 0 53 15 3 141
3 53 71 41.618 -121.63 450 171 410 410 2014 7 2 0 54 16 3 141
3 53 71 41.495 -121.64 442 182 410 410 2014 7 2 0 55 16 3 141
3 53 71 41.321 -121.65 444 183 410 410 2014 7 2 0 56 16 3 141
3 53 71 41.249 -121.66 440 183 410 410 2014 7 2 0 57 16 3 141
3 53 71 41.101 -121.68 442 185 410 410 2014 7 2 0 58 15 4 186
3 53 71 40.986 -121.69 441 185 410 410 2014 7 2 0 59 16 4 186
3 53 71 40.864 -121.71 440 185 410 410 2014 7 2 1 0 16 4 186
3 53 71 40.815 -121.7 442 185 410 410 2014 7 2 1 1 6 4 186
3 53 71 40.617 -121.66 445 171 410 410 2014 7 2 1 2 15 4 186
3 53 71 40.57 -121.65 445 170 410 410 2014 7 2 1 3 6 4 186
3 53 71 40.449 -121.6 448 165 410 410 2014 7 2 1 4 6 4 186
3 53 71 40.327 -121.56 449 164 410 410 2014 7 2 1 5 6 4 186
3 53 71 40.204 -121.51 456 164 410 410 2014 7 2 1 6 8 4 186
3 53 71 40.081 -121.47 458 164 410 410 2014 7 2 1 7 6 4 186
3 53 71 39.979 -121.43 458 164 410 410 2014 7 2 1 8 6 4 186
3 53 71 39.856 -121.39 458 164 410 410 2014 7 2 1 9 6 4 186
3 53 71 39.733 -121.34 458 164 410 410 2014 7 2 1 10 6 4 186
3 53 71 39.61 -121.3 457 164 410 410 2014 7 2 1 11 6 4 186
3 53 71 39.487 -121.26 457 164 410 410 2014 7 2 1 12 17 4 186
3 53 71 39.353 -121.21 455 164 410 410 2014 7 2 1 13 6 4 186
3 53 71 39.19 -121.16 458 164 410 410 2014 7 2 1 14 6 4 186
3 53 71 39.069 -121.12 455 164 410 410 2014 7 2 1 15 16 4 186
3 53 71 38.946 -121.07 455 165 410 410 2014 7 2 1 16 12 4 186
3 53 71 38.822 -121.03 456 165 410 410 2014 7 2 1 17 6 4 185
3 53 71 38.699 -120.99 456 164 410 410 2014 7 2 1 18 6 4 185
3 53 71 38.575 -120.95 457 164 410 410 2014 7 2 1 19 6 4 185
3 53 71 38.423 -120.91 460 165 410 410 2014 7 2 1 20 16 4 185
3 53 71 38.357 -120.87 461 168 410 410 2014 7 2 1 21 7 4 185
3 53 71 38.175 -120.81 461 165 410 410 2014 7 2 1 22 16 4 185
3 53 71 38.051 -120.78 461 165 410 410 2014 7 2 1 23 15 4 185
3 53 71 37.927 -120.73 461 165 410 410 2014 7 2 1 24 15 4 184
3 53 71 37.803 -120.69 462 164 410 410 2014 7 2 1 25 16 4 184
3 53 71 37.733 -120.66 461 164 410 410 2014 7 2 1 26 24 4 184
3 53 71 37.607 -120.62 462 162 410 410 2014 7 2 1 27 6 4 184
3 53 71 37.457 -120.57 463 165 410 410 2014 7 2 1 28 6 4 184
3 53 71 37.275 -120.51 464 165 410 410 2014 7 2 1 29 16 4 189
3 53 71 37.205 -120.48 466 165 410 410 2014 7 2 1 30 6 4 189
3 53 71 37.078 -120.44 467 164 410 410 2014 7 2 1 31 6 4 189
3 53 71 36.952 -120.4 467 162 410 410 2014 7 2 1 32 15 4 189
3 53 71 36.825 -120.36 468 164 410 410 2014 7 2 1 33 16 4 189
3 53 71 36.694 -120.32 470 165 410 410 2014 7 2 1 34 16 4 189
3 53 71 36.567 -120.28 470 165 410 410 2014 7 2 1 35 6 4 189
3 53 71 36.44 -120.23 471 165 410 410 2014 7 2 1 36 6 4 189
3 53 71 36.313 -120.19 471 165 410 410 2014 7 2 1 37 15 4 189
3 53 71 36.185 -120.15 471 165 410 410 2014 7 2 1 38 6 4 189
3 53 71 36.058 -120.11 472 165 410 410 2014 7 2 1 39 6 4 189
3 53 71 35.931 -120.07 471 166 410 410 2014 7 2 1 40 6 4 189
3 53 71 35.779 -120.02 469 165 410 410 2014 7 2 1 41 6 1 54
3 53 71 35.652 -119.97 469 165 410 410 2014 7 2 1 42 6 1 54
3 53 71 35.54 -119.88 479 152 410 410 2014 7 2 1 43 6 1 54
3 53 71 35.429 -119.79 480 144 410 410 2014 7 2 1 44 16 1 54
3 53 71 35.363 -119.73 481 145 410 410 2014 7 2 1 45 6 1 54
3 53 71 35.21 -119.6 480 145 410 410 2014 7 2 1 46 8 1 54
3 53 71 35.101 -119.51 480 144 410 410 2014 7 2 1 47 16 1 54
3 53 71 34.992 -119.42 479 145 398 410 2014 7 2 1 48 16 1 54
3 53 71 34.883 -119.32 478 145 371 410 2014 7 2 1 49 15 1 54
3 53 71 34.776 -119.23 477 144 341 410 2014 7 2 1 50 15 1 54
3 53 71 34.69 -119.16 473 144 319 410 2014 7 2 1 51 6 1 54
3 53 71 34.585 -119.07 468 144 295 410 2014 7 2 1 52 16 1 54
3 53 71 34.491 -118.99 447 146 273 410 2014 7 2 1 53 15 1 54
3 53 71 34.386 -118.91 431 145 249 410 2014 7 2 1 54 6 1 54
3 53 71 34.284 -118.86 399 145 227 410 2014 7 2 1 55 15 1 25
3 53 71 34.182 -118.82 386 151 204 410 2014 7 2 1 56 8 1 25
3 53 71 34.08 -118.78 386 162 204 410 2014 7 2 1 57 6 1 25
3 53 71 34.066 -118.77 371 160 178 410 2014 7 2 1 58 6 1 25
3 53 71 33.875 -118.71 342 165 140 410 2014 7 2 1 59 16 1 24
3 53 71 33.792 -118.68 339 161 140 410 2014 7 2 2 0 16 1 24
3 53 71 33.7 -118.65 339 161 129 410 2014 7 2 2 1 6 1 2
3 53 71 33.615 -118.61 336 162 109 410 2014 7 2 2 2 6 1 2
3 53 71 33.532 -118.55 297 153 84 410 2014 7 2 2 3 15 1 2
3 53 71 33.5 -118.5 299 148 73 410 2014 7 2 2 4 16 1 2
3 53 71 33.517 -118.42 285 120 60 410 2014 7 2 2 5 6 1 2
3 53 71 33.533 -118.32 285 73 51 410 2014 7 2 2 6 6 1 2
3 53 71 33.55 -118.23 277 74 50 410 2014 7 2 2 7 6 1 2
3 53 71 33.567 -118.15 235 74 50 410 2014 7 2 2 8 6 1 2
3 53 71 33.602 -118.05 240 73 50 410 2014 7 2 2 9 15 1 2
3 53 71 33.633 -118.02 233 66 50 410 2014 7 2 2 10 6 1 2
3 53 71 33.667 -117.98 200 40 50 410 2014 7 2 2 11 15 1 2
3 53 71 33.733 -117.93 197 40 50 410 2014 7 2 2 12 16 1 2
3 53 71 33.767 -117.92 199 27 47 410 2014 7 2 2 13 16 1 2
3 53 71 33.817 -117.88 192 24 40 410 2014 7 2 2 14 6 1 2
3 53 71 33.85 -117.85 196 25 35 410 2014 7 2 2 15 15 1 2
3 53 71 33.833 -117.78 200 85 28 410 2014 7 2 2 16 6 1 2
3 53 71 33.783 -117.8 167 153 23 410 2014 7 2 2 17 16 1 2
3 53 71 33.75 -117.82 145 207 17 410 2014 7 2 2 18 6 1 2
3 53 71 33.717 -117.85 130 207 9 410 2014 7 2 2 19 15 1 2
3 53 71 33.683 -117.87 128 207 2 410 2014 7 2 2 20 6 1 2
4 53 71 45.594 -122.62 156 0 7 390 2014 7 2 23 51 6 3 112
4 53 71 45.619 -122.68 192 289 25 390 2014 7 2 23 52 6 3 112
4 53 71 45.615 -122.8 250 298 69 390 2014 7 2 23 53 15 3 112
4 53 71 45.544 -122.83 267 215 96 390 2014 7 2 23 54 16 3 112
4 53 71 45.456 -122.87 316 195 115 390 2014 7 2 23 55 16 3 112
4 53 71 45.37 -122.89 316 191 115 390 2014 7 2 23 56 6 3 112
4 53 71 45.264 -122.95 363 197 177 390 2014 7 2 23 57 6 3 130
4 53 71 45.174 -122.98 374 196 199 390 2014 7 2 23 58 15 3 130
4 53 71 45.174 -122.98 374 196 199 390 2014 7 2 23 59 6 3 130
4 53 71 45.062 -123.01 392 195 226 390 2014 7 3 0 0 6 3 130
4 53 71 44.947 -123.03 404 191 249 390 2014 7 3 0 1 6 3 136
4 53 71 44.804 -123.06 425 189 272 390 2014 7 3 0 2 6 3 136
4 53 71 44.557 -123.12 445 189 313 390 2014 7 3 0 3 16 3 136
4 53 71 44.437 -123.15 443 189 336 390 2014 7 3 0 4 16 3 136
4 53 71 44.316 -123.18 443 189 336 390 2014 7 3 0 5 6 3 136
4 53 71 44.318 -123.17 432 189 356 390 2014 7 3 0 6 6 3 136
4 53 71 44.202 -123.2 427 189 370 390 2014 7 3 0 7 6 3 136
4 53 71 44.084 -123.21 430 189 383 390 2014 7 3 0 8 6 3 136
4 53 71 43.962 -123.19 423 186 390 390 2014 7 3 0 9 6 3 136
4 53 71 43.845 -123.17 425 178 390 390 2014 7 3 0 10 6 3 136
4 53 71 43.726 -123.15 428 172 390 390 2014 7 3 0 11 6 3 136
4 53 71 43.609 -123.12 428 172 390 390 2014 7 3 0 12 6 3 136
4 53 71 43.492 -123.1 425 172 390 390 2014 7 3 0 13 6 3 140
4 53 71 43.376 -123.08 425 171 390 390 2014 7 3 0 14 6 3 140
4 53 71 43.259 -123.06 425 172 390 390 2014 7 3 0 15 6 3 140
4 53 71 43.119 -123.03 425 171 390 390 2014 7 3 0 16 7 3 140
4 53 71 42.948 -123 427 172 390 390 2014 7 3 0 17 6 3 140
4 53 71 42.885 -122.99 424 172 390 390 2014 7 3 0 18 6 3 140
4 53 71 42.692 -122.95 423 172 390 390 2014 7 3 0 19 6 3 140
4 53 71 42.642 -122.94 423 172 390 390 2014 7 3 0 20 16 3 140
4 53 71 42.527 -122.92 422 171 390 390 2014 7 3 0 21 6 3 140
4 53 71 42.413 -122.89 421 171 390 390 2014 7 3 0 22 6 3 140
4 53 71 42.231 -122.85 422 167 390 390 2014 7 3 0 23 15 3 140
4 53 71 42.182 -122.85 421 172 390 390 2014 7 3 0 24 6 3 140
4 53 71 42 -122.83 419 175 390 390 2014 7 3 0 25 16 3 140
4 53 71 41.951 -122.82 420 176 390 390 2014 7 3 0 26 6 3 140
4 53 71 41.839 -122.81 408 176 390 390 2014 7 3 0 27 6 3 140
4 53 71 41.701 -122.8 414 176 390 390 2014 7 3 0 28 16 3 140
4 53 71 41.586 -122.79 414 175 390 390 2014 7 3 0 29 16 3 140
4 53 71 41.471 -122.78 414 176 390 390 2014 7 3 0 30 6 3 140
4 53 71 41.362 -122.77 415 177 390 390 2014 7 3 0 31 6 3 140
4 53 71 41.248 -122.72 434 165 390 390 2014 7 3 0 32 6 4 186
4 53 71 41.133 -122.67 434 162 390 390 2014 7 3 0 33 6 4 186
4 53 71 40.996 -122.61 434 162 390 390 2014 7 3 0 34 6 4 186
4 53 71 40.881 -122.56 434 161 390 390 2014 7 3 0 35 15 4 186
4 53 71 40.766 -122.51 434 162 390 390 2014 7 3 0 36 16 4 186
4 53 71 40.651 -122.47 434 161 390 390 2014 7 3 0 37 6 4 186
4 53 71 40.537 -122.42 434 162 390 390 2014 7 3 0 38 16 4 186
4 53 71 40.422 -122.37 434 161 390 390 2014 7 3 0 39 6 4 186
4 53 71 40.308 -122.32 433 161 390 390 2014 7 3 0 40 6 4 186
4 53 71 40.19 -122.27 429 161 390 390 2014 7 3 0 41 6 4 186
4 53 71 40.068 -122.22 436 163 390 390 2014 7 3 0 42 6 4 186
4 53 71 39.954 -122.17 430 162 390 390 2014 7 3 0 43 15 4 186
4 53 71 39.862 -122.13 428 161 390 390 2014 7 3 0 44 16 4 186
4 53 71 39.749 -122.08 428 161 390 390 2014 7 3 0 45 6 4 186
4 53 71 39.635 -122.03 428 161 390 390 2014 7 3 0 46 16 4 186
4 53 71 39.521 -121.99 429 162 390 390 2014 7 3 0 47 6 4 186
4 53 71 39.408 -121.94 429 162 390 390 2014 7 3 0 48 6 4 186
4 53 71 39.292 -121.9 429 162 390 390 2014 7 3 0 49 6 4 186
4 53 71 39.178 -121.85 432 164 390 390 2014 7 3 0 50 6 4 186
4 53 71 39.063 -121.8 432 163 390 390 2014 7 3 0 51 6 4 186
4 53 71 38.939 -121.76 434 160 390 390 2014 7 3 0 52 6 4 186
4 53 71 38.81 -121.7 433 164 390 390 2014 7 3 0 53 6 4 186
4 53 71 38.697 -121.65 432 161 390 390 2014 7 3 0 54 15 4 186
4 53 71 38.585 -121.61 429 161 390 390 2014 7 3 0 55 16 4 185
4 53 71 38.474 -121.57 427 165 390 390 2014 7 3 0 56 6 4 185
4 53 71 38.348 -121.52 428 153 390 390 2014 7 3 0 57 6 4 185
4 53 71 38.24 -121.45 430 155 390 390 2014 7 3 0 58 16 4 185
4 53 71 38.13 -121.38 432 155 390 390 2014 7 3 0 59 16 4 185
4 53 71 38.014 -121.3 436 155 390 390 2014 7 3 1 0 6 4 185
4 53 71 37.902 -121.24 439 158 390 390 2014 7 3 1 1 16 4 185
4 53 71 37.902 -121.24 439 158 390 390 2014 7 3 1 2 6 4 185
4 53 71 37.779 -121.17 439 155 390 390 2014 7 3 1 3 6 4 184
4 53 71 37.55 -121.05 441 157 389 390 2014 7 3 1 4 15 4 184
4 53 71 37.55 -121.05 441 157 389 390 2014 7 3 1 5 6 4 184
4 53 71 37.441 -120.98 434 154 390 390 2014 7 3 1 6 6 4 184
4 53 71 37.333 -120.92 430 155 390 390 2014 7 3 1 7 6 4 184
4 53 71 37.202 -120.84 430 155 390 390 2014 7 3 1 8 6 4 189
4 53 71 37.093 -120.78 431 155 390 390 2014 7 3 1 9 6 4 189
4 53 71 36.981 -120.72 435 156 390 390 2014 7 3 1 10 6 4 189
4 53 71 36.87 -120.66 435 156 390 390 2014 7 3 1 11 16 4 189
4 53 71 36.76 -120.59 435 155 390 390 2014 7 3 1 12 6 4 189
4 53 71 36.649 -120.53 435 156 390 390 2014 7 3 1 13 6 4 189
4 53 71 36.518 -120.46 432 154 390 390 2014 7 3 1 14 6 4 189
4 53 71 36.409 -120.39 432 156 390 390 2014 7 3 1 15 16 4 189
4 53 71 36.3 -120.33 431 156 390 390 2014 7 3 1 16 15 4 189
4 53 71 36.192 -120.28 427 155 390 390 2014 7 3 1 17 6 4 189
4 53 71 36.082 -120.22 428 156 390 390 2014 7 3 1 18 6 4 189
4 53 71 35.973 -120.16 428 155 390 390 2014 7 3 1 19 15 4 189
4 53 71 35.841 -120.08 430 156 390 390 2014 7 3 1 20 6 4 189
4 53 71 35.73 -120.02 429 155 390 390 2014 7 3 1 21 15 1 54
4 53 71 35.622 -119.95 432 155 390 390 2014 7 3 1 22 6 1 54
4 53 71 35.521 -119.87 443 144 390 390 2014 7 3 1 23 6 1 54
4 53 71 35.42 -119.78 442 144 390 390 2014 7 3 1 24 16 1 54
4 53 71 35.32 -119.69 442 145 390 390 2014 7 3 1 25 6 1 54
4 53 71 35.239 -119.63 437 144 390 390 2014 7 3 1 26 6 1 54
4 53 71 35.118 -119.52 441 144 390 390 2014 7 3 1 27 6 1 54
4 53 71 34.991 -119.42 454 145 390 390 2014 7 3 1 28 15 1 54
4 53 71 34.886 -119.33 458 145 390 390 2014 7 3 1 29 16 1 54
4 53 71 34.783 -119.24 458 145 367 390 2014 7 3 1 30 16 1 54
4 53 71 34.673 -119.15 466 145 323 390 2014 7 3 1 31 6 1 54
4 53 71 34.574 -119.07 466 146 294 390 2014 7 3 1 32 17 1 54
4 53 71 34.455 -118.96 443 146 260 390 2014 7 3 1 33 6 1 54
4 53 71 34.354 -118.88 443 145 260 390 2014 7 3 1 34 15 1 54
4 53 71 34.359 -118.88 423 145 238 390 2014 7 3 1 35 16 1 25
4 53 71 34.251 -118.84 408 145 216 390 2014 7 3 1 36 6 1 25
4 53 71 34.083 -118.78 374 162 178 390 2014 7 3 1 37 15 1 25
4 53 71 34.04 -118.77 372 163 171 390 2014 7 3 1 38 6 1 25
4 53 71 33.883 -118.7 350 162 140 390 2014 7 3 1 39 6 1 24
4 53 71 33.8 -118.68 347 163 140 390 2014 7 3 1 40 16 1 24
4 53 71 33.7 -118.65 348 163 140 390 2014 7 3 1 41 15 1 2
4 53 71 33.617 -118.62 342 163 129 390 2014 7 3 1 42 6 1 2
4 53 71 33.533 -118.55 346 158 112 390 2014 7 3 1 43 6 1 2
4 53 71 33.5 -118.45 309 134 103 390 2014 7 3 1 44 6 1 2
4 53 71 33.5 -118.35 292 101 90 390 2014 7 3 1 45 6 1 2
4 53 71 33.533 -118.27 277 65 79 390 2014 7 3 1 46 6 1 2
4 53 71 33.567 -118.18 252 64 72 390 2014 7 3 1 47 6 1 2
4 53 71 33.583 -118.12 244 74 65 390 2014 7 3 1 48 6 1 2
4 53 71 33.6 -118.03 231 72 56 390 2014 7 3 1 49 15 1 2
4 53 71 33.65 -118 229 51 50 390 2014 7 3 1 50 16 1 2
4 53 71 33.7 -117.95 229 33 49 390 2014 7 3 1 51 6 1 2
4 53 71 33.75 -117.9 214 33 37 390 2014 7 3 1 52 6 1 2
4 53 71 33.767 -117.85 172 63 27 390 2014 7 3 1 53 6 1 2
4 53 71 33.733 -117.83 142 135 17 390 2014 7 3 1 54 6 1 2
4 53 71 33.7 -117.85 148 202 4 390 2014 7 3 1 55 6 1 2
4 53 71 33.666 -117.87 138 202 3 390 2014 7 3 1 56 6 1 2
5 53 71 45.594 -122.62 163 0 5 390 2014 7 2 14 14 16 3 112
5 53 71 45.603 -122.64 156 294 16 390 2014 7 2 14 15 15 3 112
5 53 71 45.633 -122.71 200 299 37 390 2014 7 2 14 16 16 3 112
5 53 71 45.649 -122.8 249 302 60 390 2014 7 2 14 17 16 3 112
5 53 71 45.587 -122.81 263 292 92 390 2014 7 2 14 18 16 3 112
5 53 71 45.528 -122.74 289 237 114 390 2014 7 2 14 19 7 3 112
5 53 71 45.458 -122.66 321 159 145 390 2014 7 2 14 20 16 3 112
5 53 71 45.379 -122.59 320 143 180 390 2014 7 2 14 21 6 3 131
5 53 71 45.299 -122.53 325 145 210 390 2014 7 2 14 22 16 3 131
5 53 71 45.21 -122.47 347 149 234 390 2014 7 2 14 23 15 3 130
5 53 71 45.116 -122.45 347 154 264 390 2014 7 2 14 24 15 3 135
5 53 71 45.021 -122.42 347 163 284 390 2014 7 2 14 25 16 3 135
5 53 71 44.922 -122.4 352 161 303 390 2014 7 2 14 26 6 3 135
5 53 71 44.832 -122.37 360 169 317 390 2014 7 2 14 27 6 3 135
5 53 71 44.709 -122.32 384 168 336 390 2014 7 2 14 28 6 3 135
5 53 71 44.606 -122.27 384 165 346 390 2014 7 2 14 29 6 3 135
5 53 71 44.5 -122.22 394 162 358 390 2014 7 2 14 30 16 3 135
5 53 71 44.391 -122.18 400 161 372 390 2014 7 2 14 31 6 3 135
5 53 71 44.285 -122.13 400 162 384 390 2014 7 2 14 32 16 3 135
5 53 71 44.18 -122.08 399 162 390 390 2014 7 2 14 33 16 3 135
5 53 71 44.075 -122.03 398 162 390 390 2014 7 2 14 34 16 3 135
5 53 71 43.971 -121.99 397 162 390 390 2014 7 2 14 35 6 3 135
5 53 71 43.867 -121.94 396 162 390 390 2014 7 2 14 36 6 3 135
5 53 71 43.761 -121.9 396 162 390 390 2014 7 2 14 37 16 3 141
5 53 71 43.654 -121.85 396 162 390 390 2014 7 2 14 38 6 3 141
5 53 71 43.55 -121.81 396 162 390 390 2014 7 2 14 39 6 3 141
5 53 71 43.445 -121.76 396 162 390 390 2014 7 2 14 40 6 3 141
5 53 71 43.338 -121.71 397 162 390 390 2014 7 2 14 41 6 3 141
5 53 71 43.232 -121.67 400 162 390 390 2014 7 2 14 42 6 3 141
5 53 71 43.126 -121.62 399 162 390 390 2014 7 2 14 43 6 3 141
5 53 71 43.019 -121.57 404 162 390 390 2014 7 2 14 44 6 3 141
5 53 71 42.958 -121.55 396 162 390 390 2014 7 2 14 45 6 3 141
5 53 71 42.783 -121.47 402 162 390 390 2014 7 2 14 46 11 3 141
5 53 71 42.743 -121.46 401 162 390 390 2014 7 2 14 47 6 3 142
5 53 71 42.567 -121.38 403 163 390 390 2014 7 2 14 48 6 3 142
5 53 71 42.458 -121.34 406 162 390 390 2014 7 2 14 49 6 3 142
5 53 71 42.347 -121.29 411 162 390 390 2014 7 2 14 50 6 3 142
5 53 71 42.237 -121.25 412 162 390 390 2014 7 2 14 51 6 3 142
5 53 71 42.126 -121.2 415 162 390 390 2014 7 2 14 52 16 3 142
5 53 71 42.062 -121.17 416 162 390 390 2014 7 2 14 53 6 3 142
5 53 71 41.95 -121.13 416 163 390 390 2014 7 2 14 54 7 3 142
5 53 71 41.795 -121.06 413 162 390 390 2014 7 2 14 55 16 3 142
5 53 71 41.731 -121.04 413 162 390 390 2014 7 2 14 56 6 3 142
5 53 71 41.574 -120.97 414 163 390 390 2014 7 2 14 57 16 3 142
5 53 71 41.462 -120.93 415 163 390 390 2014 7 2 14 58 6 3 142
5 53 71 41.397 -120.9 416 163 390 390 2014 7 2 14 59 6 3 142
5 53 71 41.24 -120.84 416 162 390 390 2014 7 2 15 0 6 3 142
5 53 71 41.174 -120.81 417 163 390 390 2014 7 2 15 1 6 3 142
5 53 71 41.039 -120.75 420 163 390 390 2014 7 2 15 2 6 3 142
5 53 71 40.924 -120.72 421 164 390 390 2014 7 2 15 3 16 4 186
5 53 71 40.807 -120.7 421 170 390 390 2014 7 2 15 4 6 4 186
5 53 71 40.692 -120.67 421 169 390 390 2014 7 2 15 5 6 4 186
5 53 71 40.577 -120.64 421 169 390 390 2014 7 2 15 6 6 4 186
5 53 71 40.451 -120.61 421 168 390 390 2014 7 2 15 7 6 4 186
5 53 71 40.335 -120.58 421 169 390 390 2014 7 2 15 8 16 4 186
5 53 71 40.22 -120.56 421 169 390 390 2014 7 2 15 9 6 4 186
5 53 71 40.104 -120.53 421 169 390 390 2014 7 2 15 10 6 4 186
5 53 71 39.985 -120.5 425 169 390 390 2014 7 2 15 11 6 4 186
5 53 71 39.87 -120.48 424 170 390 390 2014 7 2 15 12 6 4 186
5 53 71 39.753 -120.45 424 170 390 390 2014 7 2 15 13 6 4 186
5 53 71 39.638 -120.42 422 169 390 390 2014 7 2 15 14 6 4 186
5 53 71 39.5 -120.39 422 169 390 390 2014 7 2 15 15 6 4 181
5 53 71 39.385 -120.36 422 169 390 390 2014 7 2 15 16 6 4 181
5 53 71 39.385 -120.36 422 169 390 390 2014 7 2 15 17 6 4 181
5 53 71 39.149 -120.31 424 169 390 390 2014 7 2 15 18 17 4 185
5 53 71 39.032 -120.28 426 169 390 390 2014 7 2 15 19 15 4 185
5 53 71 38.916 -120.26 426 170 390 390 2014 7 2 15 20 16 4 185
5 53 71 38.887 -120.25 427 170 390 390 2014 7 2 15 21 6 4 185
5 53 71 38.772 -120.23 426 170 390 390 2014 7 2 15 22 6 4 185
5 53 71 38.654 -120.2 426 170 390 390 2014 7 2 15 23 6 4 185
5 53 71 38.537 -120.18 426 170 390 390 2014 7 2 15 24 16 4 185
5 53 71 38.397 -120.15 426 170 390 390 2014 7 2 15 25 6 4 185
5 53 71 38.278 -120.11 432 169 390 390 2014 7 2 15 26 6 4 185
5 53 71 38.161 -120.09 427 170 390 390 2014 7 2 15 27 6 4 185
5 53 71 38.043 -120.06 431 169 390 390 2014 7 2 15 28 6 4 184
5 53 71 37.923 -120.03 431 170 390 390 2014 7 2 15 29 6 4 184
5 53 71 37.78 -120 433 170 390 390 2014 7 2 15 30 6 4 184
5 53 71 37.66 -119.98 433 170 390 390 2014 7 2 15 31 6 4 184
5 53 71 37.541 -119.96 433 170 390 390 2014 7 2 15 32 6 4 184
5 53 71 37.42 -119.93 436 170 390 390 2014 7 2 15 33 6 4 184
5 53 71 37.301 -119.9 436 169 390 390 2014 7 2 15 34 6 4 187
5 53 71 37.181 -119.88 436 170 390 390 2014 7 2 15 35 6 4 187
5 53 71 37.039 -119.84 436 169 390 390 2014 7 2 15 36 6 4 187
5 53 71 36.919 -119.82 436 170 390 390 2014 7 2 15 37 6 4 187
5 53 71 36.799 -119.79 436 170 390 390 2014 7 2 15 38 15 4 187
5 53 71 36.726 -119.77 436 170 390 390 2014 7 2 15 39 16 4 187
5 53 71 36.606 -119.75 438 168 390 390 2014 7 2 15 40 6 4 187
5 53 71 36.483 -119.72 441 170 390 390 2014 7 2 15 41 6 4 187
5 53 71 36.362 -119.69 442 169 390 390 2014 7 2 15 42 6 4 187
5 53 71 36.24 -119.67 442 169 390 390 2014 7 2 15 43 6 4 187
5 53 71 36.119 -119.64 442 170 390 390 2014 7 2 15 44 8 4 187
5 53 71 35.999 -119.62 441 170 390 390 2014 7 2 15 45 6 4 0
5 53 71 35.879 -119.62 429 175 390 390 2014 7 2 15 46 6 1 54
5 53 71 35.734 -119.62 429 181 390 390 2014 7 2 15 47 6 1 54
5 53 71 35.614 -119.63 430 181 390 390 2014 7 2 15 48 6 1 54
5 53 71 35.492 -119.63 430 181 390 390 2014 7 2 15 49 6 1 54
5 53 71 35.372 -119.64 430 181 390 390 2014 7 2 15 50 15 1 54
5 53 71 35.252 -119.63 433 181 390 390 2014 7 2 15 51 6 1 54
5 53 71 35.143 -119.54 455 157 390 390 2014 7 2 15 52 6 1 54
5 53 71 35.039 -119.45 455 144 386 390 2014 7 2 15 53 6 1 54
5 53 71 34.935 -119.36 455 145 376 390 2014 7 2 15 54 6 1 54
5 53 71 34.831 -119.28 455 145 357 390 2014 7 2 15 55 6 1 54
5 53 71 34.726 -119.19 455 145 327 390 2014 7 2 15 56 6 1 54
5 53 71 34.641 -119.12 457 145 305 390 2014 7 2 15 57 6 1 54
5 53 71 34.543 -119.04 454 145 283 390 2014 7 2 15 58 6 1 54
5 53 71 34.441 -118.95 432 145 259 390 2014 7 2 15 59 6 1 54
5 53 71 34.33 -118.87 406 145 234 390 2014 7 2 16 0 6 1 25
5 53 71 34.227 -118.83 391 147 212 390 2014 7 2 16 1 6 1 25
5 53 71 34.128 -118.8 380 161 191 390 2014 7 2 16 2 6 1 25
5 53 71 34.05 -118.77 359 166 174 390 2014 7 2 16 3 6 1 25
5 53 71 33.941 -118.73 352 162 149 390 2014 7 2 16 4 16 1 24
5 53 71 33.834 -118.69 341 161 137 390 2014 7 2 16 5 6 1 24
5 53 71 33.783 -118.67 337 163 123 390 2014 7 2 16 6 6 1 15
5 53 71 33.666 -118.63 312 161 110 390 2014 7 2 16 7 6 1 2
5 53 71 33.594 -118.6 287 170 95 390 2014 7 2 16 8 6 1 2
5 53 71 33.567 -118.55 283 161 83 390 2014 7 2 16 9 6 1 2
5 53 71 33.517 -118.48 273 126 71 390 2014 7 2 16 10 6 1 2
5 53 71 33.517 -118.38 277 107 56 390 2014 7 2 16 11 6 1 2
5 53 71 33.517 -118.28 265 87 50 390 2014 7 2 16 12 6 1 2
5 53 71 33.533 -118.2 268 86 50 390 2014 7 2 16 13 6 1 2
5 53 71 33.533 -118.12 262 86 50 390 2014 7 2 16 14 19 1 2
5 53 71 33.567 -118.07 230 66 50 390 2014 7 2 16 15 16 1 2
5 53 71 33.633 -118.02 231 37 50 390 2014 7 2 16 16 6 1 2
5 53 71 33.683 -117.98 230 32 50 390 2014 7 2 16 17 6 1 2
5 53 71 33.733 -117.93 232 32 50 390 2014 7 2 16 18 6 1 2
5 53 71 33.783 -117.9 225 33 44 390 2014 7 2 16 19 6 1 2
5 53 71 33.833 -117.87 189 32 38 390 2014 7 2 16 20 9 1 2
5 53 71 33.87 -117.84 185 23 30 390 2014 7 2 16 21 6 1 2
5 53 71 33.883 -117.8 186 73 30 390 2014 7 2 16 22 16 1 2
5 53 71 33.833 -117.77 185 145 30 390 2014 7 2 16 23 16 1 2
5 53 71 33.797 -117.79 185 191 26 390 2014 7 2 16 24 6 1 2
5 53 71 33.759 -117.81 167 219 17 390 2014 7 2 16 25 16 1 2
5 53 71 33.724 -117.84 152 209 10 390 2014 7 2 16 26 6 1 2
5 53 71 33.683 -117.87 147 197 2 390 2014 7 2 16 27 6 1 2
6 53 71 45.601 -122.64 148 279 15 390 2014 7 2 17 28 6 3 112
6 53 71 45.631 -122.7 209 301 41 390 2014 7 2 17 29 6 3 112
6 53 71 45.58 -122.66 209 151 41 390 2014 7 2 17 30 6 3 112
6 53 71 45.627 -122.79 247 268 65 390 2014 7 2 17 31 6 3 112
6 53 71 45.567 -122.74 263 267 92 390 2014 7 2 17 32 6 3 112
6 53 71 45.428 -122.57 346 145 139 390 2014 7 2 17 33 6 3 112
6 53 71 45.346 -122.48 380 139 176 390 2014 7 2 17 34 16 3 131
6 53 71 45.264 -122.39 369 140 210 390 2014 7 2 17 35 16 3 131
6 53 71 45.182 -122.29 373 140 240 390 2014 7 2 17 36 6 3 135
6 53 71 45.091 -122.22 373 152 240 390 2014 7 2 17 37 6 3 135
6 53 71 45.098 -122.19 383 144 266 390 2014 7 2 17 38 6 3 135
6 53 71 45.002 -122.11 405 140 287 390 2014 7 2 17 39 6 3 135
6 53 71 44.901 -122.04 402 145 304 390 2014 7 2 17 40 6 3 135
6 53 71 44.788 -121.97 407 151 323 390 2014 7 2 17 41 7 3 135
6 53 71 44.682 -121.9 415 153 342 390 2014 7 2 17 42 6 3 135
6 53 71 44.578 -121.83 417 154 358 390 2014 7 2 17 43 6 3 135
6 53 71 44.474 -121.76 416 154 374 390 2014 7 2 17 44 6 3 135
6 53 71 44.371 -121.69 415 154 387 390 2014 7 2 17 45 6 3 135
6 53 71 44.274 -121.63 415 154 390 390 2014 7 2 17 46 6 3 135
6 53 71 44.15 -121.54 415 154 390 390 2014 7 2 17 47 9 3 135
6 53 71 44.045 -121.47 417 154 390 390 2014 7 2 17 48 6 3 142
6 53 71 43.939 -121.41 418 154 390 390 2014 7 2 17 49 6 3 142
6 53 71 43.831 -121.34 421 154 390 390 2014 7 2 17 50 6 3 142
6 53 71 43.722 -121.32 417 160 390 390 2014 7 2 17 51 6 3 142
6 53 71 43.607 -121.29 417 166 390 390 2014 7 2 17 52 6 3 142
6 53 71 43.402 -121.25 401 170 390 390 2014 7 2 17 53 16 3 142
6 53 71 43.356 -121.24 416 170 390 390 2014 7 2 17 54 6 3 142
6 53 71 43.241 -121.21 417 173 390 390 2014 7 2 17 55 6 3 142
6 53 71 43.126 -121.19 417 169 390 390 2014 7 2 17 56 6 3 142
6 53 71 43.011 -121.16 417 171 390 390 2014 7 2 17 57 6 3 142
6 53 71 42.896 -121.14 418 170 390 390 2014 7 2 17 58 6 3 142
6 53 71 42.781 -121.11 418 170 390 390 2014 7 2 17 59 6 3 142
6 53 71 42.667 -121.09 416 171 390 390 2014 7 2 18 0 6 3 142
6 53 71 42.552 -121.07 416 171 390 390 2014 7 2 18 1 7 3 142
6 53 71 42.435 -121.04 420 170 390 390 2014 7 2 18 2 16 3 142
6 53 71 42.321 -121.02 420 170 390 390 2014 7 2 18 3 6 3 142
6 53 71 42.207 -120.99 415 171 390 390 2014 7 2 18 4 6 3 142
6 53 71 42.093 -120.97 412 170 390 390 2014 7 2 18 5 16 3 142
6 53 71 41.955 -120.94 413 171 390 390 2014 7 2 18 6 16 3 142
6 53 71 41.839 -120.92 417 170 390 390 2014 7 2 18 7 6 3 142
6 53 71 41.724 -120.89 418 171 390 390 2014 7 2 18 8 6 3 142
6 53 71 41.61 -120.87 415 171 390 390 2014 7 2 18 9 6 3 142
6 53 71 41.494 -120.84 416 170 390 390 2014 7 2 18 10 6 3 142
6 53 71 41.38 -120.82 418 171 390 390 2014 7 2 18 11 11 3 142
6 53 71 41.264 -120.8 418 170 390 390 2014 7 2 18 12 6 3 142
6 53 71 41.148 -120.77 418 171 390 390 2014 7 2 18 13 16 3 142
6 53 71 41.031 -120.75 420 170 390 390 2014 7 2 18 14 7 3 142
6 53 71 40.919 -120.72 417 169 390 390 2014 7 2 18 15 6 4 186
6 53 71 40.803 -120.68 419 166 390 390 2014 7 2 18 16 6 4 186
6 53 71 40.664 -120.64 425 166 390 390 2014 7 2 18 17 6 4 186
6 53 71 40.549 -120.6 425 166 390 390 2014 7 2 18 18 6 4 186
6 53 71 40.431 -120.57 429 167 390 390 2014 7 2 18 19 6 4 186
6 53 71 40.328 -120.53 429 166 390 390 2014 7 2 18 20 6 4 186
6 53 71 40.232 -120.5 432 166 390 390 2014 7 2 18 21 6 4 186
6 53 71 40.113 -120.47 433 166 390 390 2014 7 2 18 22 6 4 186
6 53 71 39.981 -120.43 433 167 390 390 2014 7 2 18 23 6 4 181
6 53 71 39.864 -120.39 433 167 390 390 2014 7 2 18 24 6 4 181
6 53 71 39.746 -120.36 432 167 390 390 2014 7 2 18 25 6 4 181
6 53 71 39.629 -120.32 432 166 390 390 2014 7 2 18 26 6 4 181
6 53 71 39.511 -120.29 433 167 390 390 2014 7 2 18 27 6 4 181
6 53 71 39.392 -120.25 433 167 390 390 2014 7 2 18 28 6 4 181
6 53 71 39.25 -120.21 436 167 390 390 2014 7 2 18 29 6 4 181
6 53 71 39.131 -120.17 435 166 390 390 2014 7 2 18 30 6 4 181
6 53 71 39.013 -120.14 435 167 390 390 2014 7 2 18 31 6 4 185
6 53 71 38.952 -120.13 429 167 390 390 2014 7 2 18 32 6 4 185
6 53 71 38.836 -120.09 429 167 390 390 2014 7 2 18 33 6 4 185
6 53 71 38.696 -120.05 429 167 390 390 2014 7 2 18 34 6 4 185
6 53 71 38.542 -120 434 167 390 390 2014 7 2 18 35 16 4 185
6 53 71 38.459 -119.98 434 167 390 390 2014 7 2 18 36 6 4 185
6 53 71 38.341 -119.95 434 167 390 390 2014 7 2 18 37 6 4 185
6 53 71 38.21 -119.91 434 167 390 390 2014 7 2 18 38 6 4 185
6 53 71 38.091 -119.87 435 166 390 390 2014 7 2 18 39 6 4 185
6 53 71 37.958 -119.83 438 167 390 390 2014 7 2 18 40 16 4 184
6 53 71 37.839 -119.8 438 167 390 390 2014 7 2 18 41 10 4 184
6 53 71 37.718 -119.77 440 166 390 390 2014 7 2 18 42 6 4 184
6 53 71 37.598 -119.74 440 167 390 390 2014 7 2 18 43 16 4 184
6 53 71 37.475 -119.7 445 167 390 390 2014 7 2 18 44 16 4 184
6 53 71 37.436 -119.69 445 165 390 390 2014 7 2 18 45 6 4 187
6 53 71 37.207 -119.62 446 166 390 390 2014 7 2 18 46 6 4 187
6 53 71 37.183 -119.62 450 167 390 390 2014 7 2 18 47 6 4 187
6 53 71 37.06 -119.6 448 169 390 390 2014 7 2 18 48 6 4 187
6 53 71 36.936 -119.6 448 181 390 390 2014 7 2 18 49 6 4 187
6 53 71 36.789 -119.6 441 179 390 390 2014 7 2 18 50 6 4 187
6 53 71 36.667 -119.6 439 180 390 390 2014 7 2 18 51 6 4 187
6 53 71 36.544 -119.61 437 180 390 390 2014 7 2 18 52 6 4 187
6 53 71 36.422 -119.61 437 181 390 390 2014 7 2 18 53 6 4 187
6 53 71 36.302 -119.61 435 180 390 390 2014 7 2 18 54 15 4 187
6 53 71 36.179 -119.61 437 181 390 390 2014 7 2 18 55 6 4 187
6 53 71 36.057 -119.61 437 180 390 390 2014 7 2 18 56 16 4 187
6 53 71 35.933 -119.62 439 181 390 390 2014 7 2 18 57 6 1 54
6 53 71 35.811 -119.62 440 180 390 390 2014 7 2 18 58 6 1 54
6 53 71 35.662 -119.63 440 181 390 390 2014 7 2 18 59 6 1 54
6 53 71 35.539 -119.63 440 181 390 390 2014 7 2 19 0 6 1 54
6 53 71 35.414 -119.63 440 181 390 390 2014 7 2 19 1 6 1 54
6 53 71 35.29 -119.64 444 181 390 390 2014 7 2 19 2 6 1 54
6 53 71 35.175 -119.57 466 160 390 390 2014 7 2 19 3 6 1 54
6 53 71 35.089 -119.5 467 153 390 390 2014 7 2 19 4 6 1 54
6 53 71 34.961 -119.39 465 145 390 390 2014 7 2 19 5 16 1 54
6 53 71 34.855 -119.3 463 145 378 390 2014 7 2 19 6 6 1 54
6 53 71 34.749 -119.21 462 145 349 390 2014 7 2 19 7 6 1 54
6 53 71 34.633 -119.11 464 146 311 390 2014 7 2 19 8 6 1 54
6 53 71 34.52 -119.02 467 146 283 390 2014 7 2 19 9 6 1 54
6 53 71 34.422 -118.94 431 145 260 390 2014 7 2 19 10 6 1 54
6 53 71 34.325 -118.85 431 144 260 390 2014 7 2 19 11 6 1 54
6 53 71 34.224 -118.83 387 147 213 390 2014 7 2 19 12 6 1 25
6 53 71 34.121 -118.8 387 162 213 390 2014 7 2 19 13 6 1 25
6 53 71 34.125 -118.8 377 158 191 390 2014 7 2 19 14 6 1 25
6 53 71 34.031 -118.76 361 163 171 390 2014 7 2 19 15 6 1 25
6 53 71 33.836 -118.69 332 163 140 390 2014 7 2 19 16 17 1 24
6 53 71 33.817 -118.68 332 163 140 390 2014 7 2 19 17 6 1 24
6 53 71 33.733 -118.65 324 163 120 390 2014 7 2 19 18 16 1 2
6 53 71 33.633 -118.62 338 163 100 390 2014 7 2 19 19 16 1 2
6 53 71 33.567 -118.57 291 155 90 390 2014 7 2 19 20 6 1 2
6 53 71 33.517 -118.51 291 128 76 390 2014 7 2 19 21 6 1 2
6 53 71 33.517 -118.42 288 93 59 390 2014 7 2 19 22 16 1 2
6 53 71 33.55 -118.23 273 69 50 390 2014 7 2 19 23 16 1 2
6 53 71 33.555 -118.25 285 89 50 390 2014 7 2 19 24 6 1 2
6 53 71 33.552 -118.15 265 89 50 390 2014 7 2 19 25 6 1 2
6 53 71 33.567 -118.08 236 68 50 390 2014 7 2 19 26 6 1 2
6 53 71 33.626 -118.04 237 74 50 390 2014 7 2 19 27 6 1 2
6 53 71 33.678 -118 233 34 50 390 2014 7 2 19 28 6 1 2
6 53 71 33.726 -117.93 235 39 48 390 2014 7 2 19 29 6 1 2
6 53 71 33.775 -117.89 214 39 42 390 2014 7 2 19 30 6 1 2
6 53 71 33.819 -117.86 193 39 33 390 2014 7 2 19 31 6 1 2
6 53 71 33.86 -117.83 182 28 30 390 2014 7 2 19 32 6 1 2
6 53 71 33.838 -117.78 178 89 30 390 2014 7 2 19 33 15 1 2
6 53 71 33.783 -117.8 179 195 23 390 2014 7 2 19 34 6 1 2
6 53 71 33.74 -117.83 176 195 14 390 2014 7 2 19 35 6 1 2
6 53 71 33.706 -117.85 158 219 6 390 2014 7 2 19 36 6 1 2
6 53 71 33.673 -117.87 142 202 1 390 2014 7 2 19 37 7 1 2
7 53 71 45.591 -122.61 155 0 5 390 2014 7 3 23 10 6 3 112
7 53 71 45.619 -122.68 182 280 28 390 2014 7 3 23 11 6 3 112
7 53 71 45.636 -122.79 221 300 76 390 2014 7 3 23 12 6 3 112
7 53 71 45.612 -122.8 236 282 89 390 2014 7 3 23 13 6 3 112
7 53 71 45.575 -122.76 268 219 100 390 2014 7 3 23 14 6 3 112
7 53 71 45.503 -122.67 330 158 125 390 2014 7 3 23 15 6 3 112
7 53 71 45.354 -122.49 363 139 187 390 2014 7 3 23 16 6 3 131
7 53 71 45.266 -122.42 363 151 187 390 2014 7 3 23 17 6 3 131
7 53 71 45.186 -122.3 392 140 241 390 2014 7 3 23 18 6 3 135
7 53 71 45.096 -122.19 409 140 262 390 2014 7 3 23 19 6 3 135
7 53 71 44.994 -122.12 409 153 262 390 2014 7 3 23 20 6 3 135
7 53 71 44.991 -122.1 430 144 281 390 2014 7 3 23 21 6 3 135
7 53 71 44.863 -122.02 450 148 301 390 2014 7 3 23 22 6 3 135
7 53 71 44.746 -121.94 461 152 317 390 2014 7 3 23 23 6 3 135
7 53 71 44.629 -121.86 468 154 339 390 2014 7 3 23 24 6 3 135
7 53 71 44.513 -121.78 465 154 358 390 2014 7 3 23 25 6 3 135
7 53 71 44.277 -121.63 459 154 389 390 2014 7 3 23 26 6 3 135
7 53 71 44.162 -121.55 459 154 389 390 2014 7 3 23 27 6 3 135
7 53 71 44.163 -121.55 457 154 390 390 2014 7 3 23 28 6 3 135
7 53 71 44.05 -121.48 455 154 390 410 2014 7 3 23 29 6 3 142
7 53 71 43.937 -121.4 454 154 391 410 2014 7 3 23 30 6 3 142
7 53 71 43.807 -121.33 459 154 401 410 2014 7 3 23 31 6 3 142
7 53 71 43.681 -121.31 458 156 409 410 2014 7 3 23 32 6 3 142
7 53 71 43.555 -121.28 458 164 410 410 2014 7 3 23 33 6 3 142
7 53 71 43.428 -121.25 461 171 410 410 2014 7 3 23 34 6 3 142
7 53 71 43.301 -121.22 461 170 410 410 2014 7 3 23 35 7 3 142
7 53 71 43.149 -121.19 461 170 410 410 2014 7 3 23 36 17 3 142
7 53 71 42.971 -121.15 458 171 410 410 2014 7 3 23 37 6 3 142
7 53 71 42.846 -121.12 458 170 410 410 2014 7 3 23 38 6 3 142
7 53 71 42.72 -121.1 458 171 410 410 2014 7 3 23 39 6 3 142
7 53 71 42.592 -121.07 458 171 410 410 2014 7 3 23 40 6 3 142
7 53 71 42.469 -121.05 457 171 410 410 2014 7 3 23 41 6 3 142
7 53 71 42.393 -121.03 454 171 410 410 2014 7 3 23 42 6 3 142
7 53 71 42.267 -121.01 455 170 410 410 2014 7 3 23 43 6 3 142
7 53 71 42.14 -120.98 457 170 410 410 2014 7 3 23 44 6 3 142
7 53 71 41.937 -120.93 460 170 410 410 2014 7 3 23 45 6 3 142
7 53 71 41.806 -120.91 464 171 410 410 2014 7 3 23 46 6 3 142
7 53 71 41.727 -120.89 467 171 410 410 2014 7 3 23 47 6 3 142
7 53 71 41.553 -120.85 467 171 410 410 2014 7 3 23 48 6 3 142
7 53 71 41.497 -120.84 459 170 410 410 2014 7 3 23 49 6 3 142
7 53 71 41.428 -120.83 460 171 410 410 2014 7 3 23 50 6 3 142
7 53 71 41.221 -120.79 454 171 410 410 2014 7 3 23 51 6 3 142
7 53 71 41.095 -120.76 458 171 410 410 2014 7 3 23 52 6 3 142
7 53 71 40.971 -120.73 456 170 410 410 2014 7 3 23 53 6 4 186
7 53 71 40.848 -120.7 450 169 410 410 2014 7 3 23 54 6 4 186
7 53 71 40.724 -120.67 453 169 410 410 2014 7 3 23 55 6 4 186
7 53 71 40.601 -120.64 453 169 410 410 2014 7 3 23 56 7 4 186
7 53 71 40.476 -120.61 452 169 410 410 2014 7 3 23 57 6 4 186
7 53 71 40.334 -120.58 453 169 410 410 2014 7 3 23 58 6 4 186
7 53 71 40.208 -120.55 455 169 410 410 2014 7 3 23 59 6 4 186
7 53 71 40.082 -120.52 457 170 410 410 2014 7 4 0 0 6 4 186
7 53 71 40.013 -120.5 457 169 410 410 2014 7 4 0 1 9 4 186
7 53 71 39.886 -120.47 460 170 410 410 2014 7 4 0 2 6 4 186
7 53 71 39.76 -120.44 460 170 410 410 2014 7 4 0 3 6 4 186
7 53 71 39.636 -120.42 458 169 410 410 2014 7 4 0 4 6 4 181
7 53 71 39.513 -120.39 449 169 410 410 2014 7 4 0 5 6 4 181
7 53 71 39.391 -120.36 449 169 410 410 2014 7 4 0 6 6 4 181
7 53 71 39.221 -120.33 440 170 410 410 2014 7 4 0 7 6 4 181
7 53 71 39.1 -120.3 440 169 410 410 2014 7 4 0 8 6 4 185
7 53 71 38.98 -120.27 440 170 410 410 2014 7 4 0 9 6 4 185
7 53 71 38.86 -120.24 440 170 410 410 2014 7 4 0 10 6 4 185
7 53 71 38.741 -120.22 439 169 410 410 2014 7 4 0 11 6 4 185
7 53 71 38.599 -120.19 438 170 410 410 2014 7 4 0 12 6 4 185
7 53 71 38.48 -120.16 436 170 410 410 2014 7 4 0 13 6 4 185
7 53 71 38.403 -120.14 432 169 410 410 2014 7 4 0 14 8 4 185
7 53 71 38.286 -120.11 426 171 410 410 2014 7 4 0 15 7 4 185
7 53 71 38.169 -120.08 426 166 410 410 2014 7 4 0 16 6 4 185
7 53 71 37.989 -120.04 423 170 410 410 2014 7 4 0 17 6 4 184
7 53 71 37.912 -120.03 426 170 410 410 2014 7 4 0 18 6 4 184
7 53 71 37.754 -119.99 426 170 410 410 2014 7 4 0 19 6 4 184
7 53 71 37.677 -119.98 427 171 410 410 2014 7 4 0 20 6 4 184
7 53 71 37.559 -119.95 427 173 410 410 2014 7 4 0 21 6 4 184
7 53 71 37.439 -119.93 432 167 410 410 2014 7 4 0 22 6 4 184
7 53 71 37.4 -119.91 432 170 410 410 2014 7 4 0 23 6 4 187
7 53 71 37.258 -119.89 432 170 410 410 2014 7 4 0 24 6 4 187
7 53 71 37.068 -119.84 432 170 410 410 2014 7 4 0 25 6 4 187
7 53 71 37.019 -119.83 433 170 410 410 2014 7 4 0 26 6 4 187
7 53 71 36.901 -119.81 432 170 410 410 2014 7 4 0 27 6 4 187
7 53 71 36.711 -119.77 433 170 410 410 2014 7 4 0 28 6 4 187
7 53 71 36.663 -119.76 432 170 410 410 2014 7 4 0 29 6 4 187
7 53 71 36.519 -119.73 435 169 410 410 2014 7 4 0 30 6 4 187
7 53 71 36.398 -119.7 436 170 410 410 2014 7 4 0 31 6 4 187
7 53 71 36.279 -119.68 436 170 410 410 2014 7 4 0 32 6 4 187
7 53 71 36.159 -119.65 435 169 410 410 2014 7 4 0 33 6 4 187
7 53 71 36.039 -119.63 435 170 410 410 2014 7 4 0 34 6 4 187
7 53 71 35.92 -119.62 432 171 410 410 2014 7 4 0 35 6 1 54
7 53 71 35.778 -119.62 424 181 410 410 2014 7 4 0 36 6 1 54
7 53 71 35.66 -119.63 423 181 410 410 2014 7 4 0 37 6 1 54
7 53 71 35.542 -119.63 423 181 410 410 2014 7 4 0 38 6 1 54
7 53 71 35.424 -119.62 431 181 410 410 2014 7 4 0 39 6 1 54
7 53 71 35.314 -119.54 446 162 410 410 2014 7 4 0 40 6 1 54
7 53 71 35.271 -119.51 447 151 410 410 2014 7 4 0 41 7 1 54
7 53 71 35.141 -119.42 447 150 410 410 2014 7 4 0 42 6 1 54
7 53 71 35.034 -119.35 447 150 400 410 2014 7 4 0 43 6 1 54
7 53 71 34.923 -119.27 449 150 389 410 2014 7 4 0 44 6 1 54
7 53 71 34.745 -119.15 456 150 340 410 2014 7 4 0 45 6 1 54
7 53 71 34.701 -119.12 455 150 326 410 2014 7 4 0 46 6 1 54
7 53 71 34.621 -119.06 461 150 304 410 2014 7 4 0 47 6 1 54
7 53 71 34.51 -118.99 460 150 276 410 2014 7 4 0 48 6 1 54
7 53 71 34.403 -118.91 447 150 250 410 2014 7 4 0 49 6 1 54
7 53 71 34.296 -118.86 420 150 235 410 2014 7 4 0 50 6 1 25
7 53 71 34.185 -118.82 406 156 209 410 2014 7 4 0 51 6 1 25
7 53 71 34 -118.75 381 163 163 410 2014 7 4 0 52 6 1 25
7 53 71 33.965 -118.74 381 163 156 410 2014 7 4 0 53 6 1 24
7 53 71 33.8 -118.68 353 163 140 410 2014 7 4 0 54 6 1 24
7 53 71 33.717 -118.65 350 162 132 410 2014 7 4 0 55 6 1 2
7 53 71 33.681 -118.64 352 161 125 410 2014 7 4 0 56 6 1 2
7 53 71 33.599 -118.56 339 157 107 410 2014 7 4 0 57 6 1 2
7 53 71 33.533 -118.43 280 122 88 410 2014 7 4 0 58 15 1 2
7 53 71 33.5 -118.35 275 120 73 410 2014 7 4 0 59 6 1 2
7 53 71 33.497 -118.31 286 115 67 410 2014 7 4 1 0 6 1 2
7 53 71 33.539 -118.21 283 76 52 410 2014 7 4 1 1 7 1 2
7 53 71 33.583 -118.12 239 62 50 410 2014 7 4 1 2 16 1 2
7 53 71 33.619 -118.08 249 59 50 410 2014 7 4 1 3 6 1 2
7 53 71 33.7 -118 240 42 50 410 2014 7 4 1 4 6 1 2
7 53 71 33.716 -117.98 243 39 50 410 2014 7 4 1 5 6 1 2
7 53 71 33.765 -117.92 219 51 40 410 2014 7 4 1 6 6 1 2
7 53 71 33.804 -117.88 196 28 32 410 2014 7 4 1 7 6 1 2
7 53 71 33.826 -117.83 182 51 26 410 2014 7 4 1 8 6 1 2
7 53 71 33.796 -117.8 171 89 23 410 2014 7 4 1 9 6 1 2
7 53 71 33.755 -117.82 162 157 16 410 2014 7 4 1 10 13 1 2
7 53 71 33.72 -117.84 152 209 9 410 2014 7 4 1 11 6 1 2
7 53 71 33.681 -117.87 142 219 2 410 2014 7 4 1 12 6 1 2
8 53 71 45.597 -122.6 177 19 10 410 2014 7 3 0 7 6 3 112
8 53 71 45.627 -122.67 228 336 44 410 2014 7 3 0 8 6 3 112
8 53 71 45.637 -122.77 280 288 62 410 2014 7 3 0 9 6 3 112
8 53 71 45.581 -122.84 274 278 104 410 2014 7 3 0 10 6 3 112
8 53 71 45.502 -122.88 324 206 120 410 2014 7 3 0 11 6 3 112
8 53 71 45.405 -122.91 340 210 137 410 2014 7 3 0 12 6 3 112
8 53 71 45.312 -122.94 340 189 137 410 2014 7 3 0 13 6 3 112
8 53 71 45.211 -122.96 356 191 171 410 2014 7 3 0 14 6 3 130
8 53 71 45.112 -122.98 370 189 184 410 2014 7 3 0 15 6 3 130
8 53 71 45.007 -123.01 377 189 200 410 2014 7 3 0 16 7 3 130
8 53 71 44.898 -123.04 389 190 217 410 2014 7 3 0 17 6 3 130
8 53 71 44.787 -123.06 395 189 233 410 2014 7 3 0 18 6 3 130
8 53 71 44.672 -123.09 406 189 249 410 2014 7 3 0 19 6 3 136
8 53 71 44.556 -123.12 415 189 266 410 2014 7 3 0 20 16 3 136
8 53 71 44.437 -123.15 423 189 281 410 2014 7 3 0 21 6 3 136
8 53 71 44.317 -123.17 432 189 297 410 2014 7 3 0 22 6 3 136
8 53 71 44.167 -123.21 459 189 316 410 2014 7 3 0 23 15 3 136
8 53 71 44.041 -123.21 459 189 330 410 2014 7 3 0 24 6 3 136
8 53 71 43.928 -123.19 467 184 347 410 2014 7 3 0 25 16 3 136
8 53 71 43.775 -123.16 464 175 367 410 2014 7 3 0 26 6 3 136
8 53 71 43.648 -123.13 464 171 386 410 2014 7 3 0 27 6 3 136
8 53 71 43.521 -123.11 461 172 397 410 2014 7 3 0 28 16 3 136
8 53 71 43.394 -123.08 460 172 410 410 2014 7 3 0 29 16 3 140
8 53 71 43.265 -123.06 466 195 410 410 2014 7 3 0 30 6 3 140
8 53 71 43.13 -123.04 483 172 410 410 2014 7 3 0 31 6 3 140
8 53 71 42.995 -123.02 486 173 410 410 2014 7 3 0 32 6 3 140
8 53 71 42.861 -123 486 173 410 410 2014 7 3 0 33 6 3 140
8 53 71 42.716 -122.98 487 173 410 410 2014 7 3 0 34 6 3 140
8 53 71 42.581 -122.96 487 174 410 410 2014 7 3 0 35 15 3 140
8 53 71 42.446 -122.94 488 173 410 410 2014 7 3 0 36 16 3 140
8 53 71 42.368 -122.92 491 173 410 410 2014 7 3 0 37 6 3 140
8 53 71 42.177 -122.89 490 173 410 410 2014 7 3 0 38 16 3 140
8 53 71 42.099 -122.88 492 173 410 410 2014 7 3 0 39 6 3 140
8 53 71 41.965 -122.86 490 172 410 410 2014 7 3 0 40 6 3 140
8 53 71 41.833 -122.84 485 173 410 410 2014 7 3 0 41 6 3 140
8 53 71 41.617 -122.8 482 173 410 410 2014 7 3 0 42 6 3 140
8 53 71 41.483 -122.78 487 172 410 410 2014 7 3 0 43 15 3 140
8 53 71 41.332 -122.75 487 172 410 410 2014 7 3 0 44 16 4 182
8 53 71 41.279 -122.73 487 171 410 410 2014 7 3 0 45 6 4 186
8 53 71 41.148 -122.67 497 161 410 410 2014 7 3 0 46 16 4 186
8 53 71 41.016 -122.61 497 161 410 410 2014 7 3 0 47 6 4 186
8 53 71 40.858 -122.54 498 162 410 410 2014 7 3 0 48 6 4 186
8 53 71 40.727 -122.49 498 161 410 410 2014 7 3 0 49 6 4 186
8 53 71 40.596 -122.43 493 162 410 410 2014 7 3 0 50 6 4 186
8 53 71 40.467 -122.38 492 161 410 410 2014 7 3 0 51 6 4 186
8 53 71 40.335 -122.32 494 162 410 410 2014 7 3 0 52 6 4 186
8 53 71 40.203 -122.26 491 161 410 410 2014 7 3 0 53 6 4 186
8 53 71 40.059 -122.2 503 163 410 410 2014 7 3 0 54 15 4 186
8 53 71 39.928 -122.15 500 161 410 410 2014 7 3 0 55 16 4 186
8 53 71 39.796 -122.1 497 162 410 410 2014 7 3 0 56 6 4 186
8 53 71 39.666 -122.04 495 162 410 410 2014 7 3 0 57 6 4 186
8 53 71 39.535 -121.99 495 162 410 410 2014 7 3 0 58 16 4 186
8 53 71 39.404 -121.94 495 162 410 410 2014 7 3 0 59 16 4 186
8 53 71 39.272 -121.88 492 162 410 410 2014 7 3 1 0 6 4 186
8 53 71 39.114 -121.82 494 162 410 410 2014 7 3 1 1 16 4 186
8 53 71 39.114 -121.82 494 162 410 410 2014 7 3 1 2 6 4 186
8 53 71 38.983 -121.77 496 162 410 410 2014 7 3 1 3 6 4 186
8 53 71 38.721 -121.66 496 162 410 410 2014 7 3 1 4 15 4 186
8 53 71 38.684 -121.65 499 162 410 410 2014 7 3 1 5 6 4 186
8 53 71 38.552 -121.6 499 162 410 410 2014 7 3 1 6 6 4 185
8 53 71 38.391 -121.54 499 162 410 410 2014 7 3 1 7 6 4 185
8 53 71 38.265 -121.46 499 155 410 410 2014 7 3 1 8 6 4 185
8 53 71 38.139 -121.38 502 155 410 410 2014 7 3 1 9 6 4 185
8 53 71 38.01 -121.31 503 155 410 410 2014 7 3 1 10 6 4 185
8 53 71 37.798 -121.18 505 154 410 410 2014 7 3 1 11 16 4 185
8 53 71 37.754 -121.16 504 155 409 410 2014 7 3 1 12 6 4 184
8 53 71 37.628 -121.09 504 155 410 410 2014 7 3 1 13 6 4 184
8 53 71 37.476 -121 503 155 409 410 2014 7 3 1 14 6 4 184
8 53 71 37.351 -120.92 498 155 410 410 2014 7 3 1 15 16 4 184
8 53 71 37.222 -120.85 499 155 410 410 2014 7 3 1 16 15 4 189
8 53 71 37.093 -120.79 499 155 410 410 2014 7 3 1 17 6 4 189
8 53 71 36.966 -120.71 500 155 410 410 2014 7 3 1 18 6 4 189
8 53 71 36.837 -120.64 505 156 410 410 2014 7 3 1 19 15 4 189
8 53 71 36.683 -120.55 506 156 410 410 2014 7 3 1 20 6 4 189
8 53 71 36.554 -120.48 506 155 410 410 2014 7 3 1 21 15 4 189
8 53 71 36.477 -120.43 506 155 410 410 2014 7 3 1 22 6 4 189
8 53 71 36.347 -120.36 507 155 410 410 2014 7 3 1 23 6 4 189
8 53 71 36.165 -120.26 512 155 410 410 2014 7 3 1 24 16 4 189
8 53 71 36.035 -120.19 510 155 410 410 2014 7 3 1 25 6 4 189
8 53 71 35.958 -120.15 509 156 410 410 2014 7 3 1 26 6 4 189
8 53 71 35.827 -120.08 509 156 410 410 2014 7 3 1 27 6 4 189
8 53 71 35.619 -119.95 510 156 410 410 2014 7 3 1 28 15 1 54
8 53 71 35.572 -119.91 514 153 410 410 2014 7 3 1 29 16 1 54
8 53 71 35.451 -119.81 524 144 410 410 2014 7 3 1 30 16 1 54
8 53 71 35.329 -119.7 525 145 410 410 2014 7 3 1 31 6 1 54
8 53 71 35.209 -119.6 525 145 410 410 2014 7 3 1 32 17 1 54
8 53 71 35.063 -119.48 525 145 410 410 2014 7 3 1 33 6 1 54
8 53 71 34.943 -119.37 526 144 410 410 2014 7 3 1 34 15 1 54
8 53 71 34.823 -119.27 525 145 410 410 2014 7 3 1 35 16 1 54
8 53 71 34.701 -119.17 526 144 410 410 2014 7 3 1 36 6 1 54
8 53 71 34.637 -119.11 526 145 410 410 2014 7 3 1 37 15 1 54
8 53 71 34.515 -119.02 528 145 406 410 2014 7 3 1 38 6 1 54
8 53 71 34.398 -118.92 517 146 353 410 2014 7 3 1 39 6 1 54
8 53 71 34.243 -118.84 501 145 277 410 2014 7 3 1 40 16 1 54
8 53 71 34.083 -118.78 449 160 195 410 2014 7 3 1 41 15 1 25
8 53 71 33.967 -118.73 405 162 156 410 2014 7 3 1 42 6 1 24
8 53 71 33.867 -118.7 400 163 140 410 2014 7 3 1 43 6 1 24
8 53 71 33.794 -118.68 401 165 140 410 2014 7 3 1 44 6 1 24
8 53 71 33.667 -118.63 388 157 135 410 2014 7 3 1 45 6 1 2
8 53 71 33.567 -118.58 322 164 116 410 2014 7 3 1 46 6 1 2
8 53 71 33.5 -118.52 303 145 99 410 2014 7 3 1 47 6 1 2
8 53 71 33.45 -118.45 304 142 81 410 2014 7 3 1 48 6 1 2
8 53 71 33.461 -118.38 297 78 65 410 2014 7 3 1 49 15 1 2
8 53 71 33.489 -118.27 294 78 50 410 2014 7 3 1 50 16 1 2
8 53 71 33.517 -118.18 281 73 50 410 2014 7 3 1 51 6 1 2
8 53 71 33.55 -118.1 275 61 50 410 2014 7 3 1 52 6 1 2
8 53 71 33.617 -118.05 257 33 50 410 2014 7 3 1 53 6 1 2
8 53 71 33.666 -118.02 247 33 50 410 2014 7 3 1 54 6 1 2
8 53 71 33.719 -117.97 235 39 50 410 2014 7 3 1 55 6 1 2
8 53 71 33.767 -117.92 231 33 43 410 2014 7 3 1 56 6 1 2
8 53 71 33.8 -117.85 220 43 35 410 2014 7 3 1 57 6 1 2
8 53 71 33.773 -117.81 195 111 27 410 2014 7 3 1 58 16 1 2
8 53 71 33.75 -117.83 131 130 20 410 2014 7 3 1 59 7 1 2
8 53 71 33.717 -117.85 133 209 9 410 2014 7 3 2 0 6 1 2
8 53 71 33.675 -117.87 131 208 410 410 2014 7 3 2 1 6 1 51
9 53 71 45.594 -122.62 154 0 8 390 2014 7 3 14 35 6 3 112
9 53 71 45.606 -122.65 160 295 17 390 2014 7 3 14 36 6 3 112
9 53 71 45.638 -122.72 225 300 36 390 2014 7 3 14 37 6 3 112
9 53 71 45.634 -122.82 256 235 62 390 2014 7 3 14 38 6 3 112
9 53 71 45.564 -122.79 297 283 90 390 2014 7 3 14 39 6 3 112
9 53 71 45.503 -122.71 311 212 111 390 2014 7 3 14 40 6 3 112
9 53 71 45.426 -122.61 346 149 142 390 2014 7 3 14 41 6 3 112
9 53 71 45.352 -122.51 361 137 171 390 2014 7 3 14 42 6 3 131
9 53 71 45.279 -122.42 366 137 194 390 2014 7 3 14 43 6 3 131
9 53 71 45.197 -122.32 388 138 219 390 2014 7 3 14 44 6 3 131
9 53 71 45.112 -122.21 402 138 241 390 2014 7 3 14 45 6 3 135
9 53 71 45.014 -122.12 420 143 261 390 2014 7 3 14 46 14 3 135
9 53 71 44.904 -122.04 439 142 279 390 2014 7 3 14 47 6 3 135
9 53 71 44.794 -121.97 434 150 294 390 2014 7 3 14 48 6 3 135
9 53 71 44.678 -121.89 454 154 306 390 2014 7 3 14 49 6 3 135
9 53 71 44.531 -121.8 471 154 318 390 2014 7 3 14 50 6 3 135
9 53 71 44.41 -121.72 482 154 327 390 2014 7 3 14 51 6 3 135
9 53 71 44.289 -121.63 483 154 336 390 2014 7 3 14 52 9 3 135
9 53 71 44.168 -121.55 486 154 345 390 2014 7 3 14 53 6 3 135
9 53 71 44.047 -121.48 484 154 354 390 2014 7 3 14 54 6 3 142
9 53 71 43.928 -121.4 480 155 363 390 2014 7 3 14 55 6 3 142
9 53 71 43.811 -121.34 477 154 373 390 2014 7 3 14 56 6 3 142
9 53 71 43.68 -121.31 477 170 373 390 2014 7 3 14 57 6 3 142
9 53 71 43.527 -121.27 472 165 390 390 2014 7 3 14 58 6 3 142
9 53 71 43.397 -121.24 472 170 390 390 2014 7 3 14 59 6 3 142
9 53 71 43.269 -121.22 471 170 390 390 2014 7 3 15 0 6 3 142
9 53 71 43.139 -121.19 470 172 390 390 2014 7 3 15 1 7 3 142
9 53 71 43.012 -121.16 465 170 390 390 2014 7 3 15 2 6 3 142
9 53 71 42.886 -121.14 461 170 390 390 2014 7 3 15 3 6 3 142
9 53 71 42.761 -121.11 458 170 390 390 2014 7 3 15 4 6 3 142
9 53 71 42.69 -121.1 456 170 390 390 2014 7 3 15 5 6 3 142
9 53 71 42.566 -121.07 454 171 390 390 2014 7 3 15 6 9 3 142
9 53 71 42.44 -121.04 454 170 390 390 2014 7 3 15 7 6 3 142
9 53 71 42.316 -121.02 452 170 390 390 2014 7 3 15 8 6 3 142
9 53 71 42.19 -120.99 453 171 390 390 2014 7 3 15 9 6 3 142
9 53 71 42.066 -120.96 453 170 390 390 2014 7 3 15 10 6 3 142
9 53 71 41.914 -120.93 453 171 390 390 2014 7 3 15 11 6 3 142
9 53 71 41.791 -120.9 454 171 390 390 2014 7 3 15 12 6 3 142
9 53 71 41.664 -120.88 454 170 390 390 2014 7 3 15 13 6 3 142
9 53 71 41.488 -120.84 449 171 390 390 2014 7 3 15 14 6 3 142
9 53 71 41.415 -120.83 454 171 390 390 2014 7 3 15 15 6 3 142
9 53 71 41.291 -120.8 453 170 390 390 2014 7 3 15 16 6 3 142
9 53 71 41.167 -120.77 449 171 390 390 2014 7 3 15 17 6 3 142
9 53 71 41.045 -120.75 449 171 390 390 2014 7 3 15 18 6 3 142
9 53 71 40.921 -120.72 449 170 390 390 2014 7 3 15 19 6 4 186
9 53 71 40.799 -120.68 450 167 390 390 2014 7 3 15 20 6 4 186
9 53 71 40.677 -120.64 450 167 390 390 2014 7 3 15 21 6 4 186
9 53 71 40.545 -120.6 448 166 390 390 2014 7 3 15 22 6 4 186
9 53 71 40.509 -120.59 445 166 390 390 2014 7 3 15 23 6 4 186
9 53 71 40.366 -120.54 445 166 390 390 2014 7 3 15 24 6 4 186
9 53 71 40.259 -120.51 444 167 390 390 2014 7 3 15 25 6 4 186
9 53 71 40.138 -120.47 444 166 390 390 2014 7 3 15 26 6 4 186
9 53 71 39.925 -120.41 442 167 390 390 2014 7 3 15 27 6 4 181
9 53 71 39.805 -120.38 441 166 390 390 2014 7 3 15 28 6 4 181
9 53 71 39.685 -120.34 443 167 390 390 2014 7 3 15 29 6 4 181
9 53 71 39.566 -120.3 443 167 390 390 2014 7 3 15 30 6 4 181
9 53 71 39.564 -120.3 442 167 390 390 2014 7 3 15 31 6 4 181
9 53 71 39.443 -120.27 443 167 390 390 2014 7 3 15 32 6 4 181
9 53 71 39.322 -120.25 442 167 390 390 2014 7 3 15 33 6 4 181
9 53 71 39.201 -120.22 441 169 390 390 2014 7 3 15 34 6 4 181
9 53 71 39.055 -120.19 440 171 390 390 2014 7 3 15 35 6 4 185
9 53 71 38.845 -120.16 439 171 390 390 2014 7 3 15 36 6 4 185
9 53 71 38.81 -120.15 441 172 390 390 2014 7 3 15 37 6 4 185
9 53 71 38.69 -120.12 438 171 390 390 2014 7 3 15 38 6 4 185
9 53 71 38.571 -120.1 437 171 390 390 2014 7 3 15 39 8 4 185
9 53 71 38.344 -120.07 433 171 390 390 2014 7 3 15 40 6 4 185
9 53 71 38.331 -120.05 435 172 390 390 2014 7 3 15 41 6 4 185
9 53 71 38.211 -120.03 435 166 390 390 2014 7 3 15 42 6 4 185
9 53 71 38.09 -120.01 434 172 390 390 2014 7 3 15 43 6 4 185
9 53 71 37.969 -119.99 434 171 390 390 2014 7 3 15 44 6 4 184
9 53 71 37.847 -119.96 436 171 390 390 2014 7 3 15 45 6 4 184
9 53 71 37.715 -119.94 439 171 390 390 2014 7 3 15 46 6 4 184
9 53 71 37.579 -119.91 442 175 390 390 2014 7 3 15 47 6 4 184
9 53 71 37.459 -119.89 441 166 390 390 2014 7 3 15 48 6 4 184
9 53 71 37.337 -119.86 441 172 390 390 2014 7 3 15 49 16 4 187
9 53 71 37.217 -119.84 437 171 390 390 2014 7 3 15 50 10 4 187
9 53 71 37.097 -119.82 437 171 390 390 2014 7 3 15 51 6 4 187
9 53 71 36.968 -119.8 438 171 390 390 2014 7 3 15 52 16 4 187
9 53 71 36.847 -119.77 438 171 390 390 2014 7 3 15 53 6 4 187
9 53 71 36.726 -119.75 439 171 390 390 2014 7 3 15 54 6 4 187
9 53 71 36.605 -119.73 439 171 390 390 2014 7 3 15 55 6 4 187
9 53 71 36.482 -119.71 440 172 390 390 2014 7 3 15 56 6 4 187
9 53 71 36.361 -119.68 442 171 390 390 2014 7 3 15 57 6 4 187
9 53 71 36.214 -119.66 442 171 390 390 2014 7 3 15 58 6 4 187
9 53 71 36.092 -119.63 442 171 390 390 2014 7 3 15 59 6 4 187
9 53 71 35.97 -119.61 442 172 390 390 2014 7 3 16 0 6 4 0
9 53 71 35.847 -119.62 437 182 390 390 2014 7 3 16 1 6 1 54
9 53 71 35.727 -119.62 436 181 390 390 2014 7 3 16 2 6 1 54
9 53 71 35.604 -119.63 436 181 390 390 2014 7 3 16 3 6 1 54
9 53 71 35.459 -119.63 436 181 390 390 2014 7 3 16 4 6 1 54
9 53 71 35.36 -119.64 434 181 390 390 2014 7 3 16 5 6 1 54
9 53 71 35.336 -119.64 436 181 390 390 2014 7 3 16 6 6 1 54
9 53 71 35.109 -119.51 466 146 390 390 2014 7 3 16 7 6 1 54
9 53 71 35.005 -119.42 463 144 388 390 2014 7 3 16 8 6 1 54
9 53 71 34.903 -119.34 451 145 370 390 2014 7 3 16 9 6 1 54
9 53 71 34.902 -119.34 450 145 370 390 2014 7 3 16 10 6 1 54
9 53 71 34.801 -119.26 447 145 346 390 2014 7 3 16 11 7 1 54
9 53 71 34.699 -119.17 447 144 316 390 2014 7 3 16 12 6 1 54
9 53 71 34.583 -119.07 449 144 290 390 2014 7 3 16 13 6 1 54
9 53 71 34.485 -118.99 436 145 267 390 2014 7 3 16 14 6 1 54
9 53 71 34.37 -118.9 420 145 241 390 2014 7 3 16 15 6 1 54
9 53 71 34.267 -118.85 402 145 219 390 2014 7 3 16 16 6 1 25
9 53 71 34.163 -118.81 397 151 197 390 2014 7 3 16 17 6 1 25
9 53 71 34.056 -118.77 382 161 174 390 2014 7 3 16 18 6 1 25
9 53 71 33.9 -118.72 362 163 140 390 2014 7 3 16 19 6 1 24
9 53 71 33.858 -118.7 351 164 140 390 2014 7 3 16 20 6 1 24
9 53 71 33.773 -118.67 309 161 140 390 2014 7 3 16 21 6 1 24
9 53 71 33.65 -118.63 295 163 119 390 2014 7 3 16 22 6 1 2
9 53 71 33.583 -118.58 298 163 102 390 2014 7 3 16 23 6 1 2
9 53 71 33.533 -118.52 293 140 89 390 2014 7 3 16 24 6 1 2
9 53 71 33.467 -118.45 279 133 74 390 2014 7 3 16 25 6 1 2
9 53 71 33.45 -118.37 283 117 60 390 2014 7 3 16 26 7 1 2
9 53 71 33.45 -118.28 285 98 50 390 2014 7 3 16 27 6 1 2
9 53 71 33.5 -118.22 236 52 50 390 2014 7 3 16 28 6 1 2
9 53 71 33.533 -118.17 226 52 50 390 2014 7 3 16 29 6 1 2
9 53 71 33.567 -118.1 224 51 50 390 2014 7 3 16 30 6 1 2
9 53 71 33.608 -118.04 230 49 50 390 2014 7 3 16 31 6 1 2
9 53 71 33.659 -118 232 29 50 390 2014 7 3 16 32 6 1 2
9 53 71 33.706 -117.96 211 39 50 390 2014 7 3 16 33 6 1 2
9 53 71 33.76 -117.92 199 28 44 390 2014 7 3 16 34 6 1 2
9 53 71 33.8 -117.9 186 32 37 390 2014 7 3 16 35 6 1 2
9 53 71 33.783 -117.85 162 34 26 390 2014 7 3 16 36 6 1 2
9 53 71 33.75 -117.83 154 121 19 390 2014 7 3 16 37 6 1 2
9 53 71 33.717 -117.85 111 173 8 390 2014 7 3 16 38 6 1 2
9 53 71 33.683 -117.87 140 208 2 390 2014 7 3 16 39 6 1 2
11 53 71 45.591 -122.62 143 0 8 410 2014 7 4 23 4 6 3 112
11 53 71 45.556 -122.59 143 152 8 410 2014 7 4 23 5 6 3 112
11 53 71 45.618 -122.67 168 172 34 410 2014 7 4 23 6 6 3 112
11 53 71 45.652 -122.76 244 298 61 410 2014 7 4 23 7 15 3 112
11 53 71 45.633 -122.85 274 301 94 410 2014 7 4 23 8 6 3 112
11 53 71 45.553 -122.79 337 277 121 410 2014 7 4 23 9 6 3 112
11 53 71 45.404 -122.59 376 144 188 410 2014 7 4 23 10 16 3 131
11 53 71 45.404 -122.59 376 144 188 410 2014 7 4 23 11 15 3 131
11 53 71 45.32 -122.49 401 136 218 410 2014 7 4 23 12 16 3 131
11 53 71 45.233 -122.37 420 141 242 410 2014 7 4 23 13 16 3 135
11 53 71 45.142 -122.25 440 137 263 410 2014 7 4 23 14 6 3 135
11 53 71 45.043 -122.14 456 137 283 410 2014 7 4 23 15 15 3 135
11 53 71 44.926 -122.06 466 139 301 410 2014 7 4 23 16 6 3 135
11 53 71 44.82 -121.99 462 147 319 410 2014 7 4 23 17 6 3 135
11 53 71 44.678 -121.89 468 154 339 410 2014 7 4 23 18 6 3 135
11 53 71 44.556 -121.81 479 154 353 410 2014 7 4 23 19 16 3 135
11 53 71 44.434 -121.73 485 154 370 410 2014 7 4 23 20 16 3 135
11 53 71 44.31 -121.65 484 154 388 410 2014 7 4 23 21 6 3 135
11 53 71 44.19 -121.57 479 154 402 410 2014 7 4 23 22 16 3 135
11 53 71 44.072 -121.49 475 154 410 410 2014 7 4 23 23 6 3 135
11 53 71 43.954 -121.42 472 154 410 410 2014 7 4 23 24 16 3 142
11 53 71 43.836 -121.34 471 154 410 410 2014 7 4 23 25 15 3 142
11 53 71 43.705 -121.31 458 155 410 410 2014 7 4 23 26 6 3 142
11 53 71 43.578 -121.28 460 163 410 410 2014 7 4 23 27 16 3 142
11 53 71 43.452 -121.26 459 170 410 410 2014 7 4 23 28 15 3 142
11 53 71 43.326 -121.23 459 170 410 410 2014 7 4 23 29 16 3 142
11 53 71 43.123 -121.19 465 170 410 410 2014 7 4 23 30 16 3 142
11 53 71 42.995 -121.16 466 171 410 410 2014 7 4 23 31 15 3 142
11 53 71 42.867 -121.13 466 170 410 410 2014 7 4 23 32 15 3 142
11 53 71 42.811 -121.12 467 170 410 410 2014 7 4 23 33 6 3 142
11 53 71 42.609 -121.08 467 171 410 410 2014 7 4 23 34 15 3 142
11 53 71 42.554 -121.07 467 171 410 410 2014 7 4 23 35 16 3 142
11 53 71 42.426 -121.04 467 170 410 410 2014 7 4 23 36 16 3 142
11 53 71 42.297 -121.01 467 170 410 410 2014 7 4 23 37 6 3 142
11 53 71 42.169 -120.98 465 171 410 410 2014 7 4 23 38 6 3 142
11 53 71 42.039 -120.96 465 171 410 410 2014 7 4 23 39 15 3 142
11 53 71 41.83 -120.91 477 171 410 410 2014 7 4 23 40 15 3 142
11 53 71 41.777 -120.9 475 170 410 410 2014 7 4 23 41 6 3 142
11 53 71 41.647 -120.88 474 171 410 410 2014 7 4 23 42 6 3 142
11 53 71 41.515 -120.85 474 170 410 410 2014 7 4 23 43 6 3 142
11 53 71 41.358 -120.82 474 171 410 410 2014 7 4 23 44 6 3 142
11 53 71 41.226 -120.79 475 171 410 410 2014 7 4 23 45 16 3 142
11 53 71 41.093 -120.76 483 171 410 410 2014 7 4 23 46 6 3 142
11 53 71 40.96 -120.73 486 171 410 410 2014 7 4 23 47 6 4 186
11 53 71 40.83 -120.69 483 168 410 410 2014 7 4 23 48 6 4 186
11 53 71 40.699 -120.65 483 166 410 410 2014 7 4 23 49 6 4 186
11 53 71 40.571 -120.61 481 167 410 410 2014 7 4 23 50 6 4 186
11 53 71 40.438 -120.57 483 164 410 410 2014 7 4 23 51 6 4 186
11 53 71 40.309 -120.53 483 167 410 410 2014 7 4 23 52 16 4 186
11 53 71 40.179 -120.49 483 167 410 410 2014 7 4 23 53 6 4 186
11 53 71 40.052 -120.45 477 167 410 410 2014 7 4 23 54 6 4 186
11 53 71 39.957 -120.42 478 166 410 410 2014 7 4 23 55 6 4 181
11 53 71 39.828 -120.38 476 166 410 410 2014 7 4 23 56 6 4 181
11 53 71 39.7 -120.34 475 167 410 410 2014 7 4 23 57 16 4 181
11 53 71 39.573 -120.31 468 167 410 410 2014 7 4 23 58 6 4 181
11 53 71 39.447 -120.27 465 167 410 410 2014 7 4 23 59 6 4 181
11 53 71 39.322 -120.23 464 166 410 410 2014 7 5 0 0 6 4 181
11 53 71 39.196 -120.19 464 167 410 410 2014 7 5 0 1 16 4 181
11 53 71 39.069 -120.16 464 165 410 410 2014 7 5 0 2 6 4 185
11 53 71 38.941 -120.12 465 168 410 410 2014 7 5 0 3 6 4 185
11 53 71 38.813 -120.08 466 167 410 410 2014 7 5 0 4 16 4 185
11 53 71 38.686 -120.05 466 167 410 410 2014 7 5 0 5 16 4 185
11 53 71 38.557 -120.01 469 166 410 410 2014 7 5 0 6 6 4 185
11 53 71 38.431 -119.97 466 169 410 410 2014 7 5 0 7 16 4 185
11 53 71 38.332 -119.95 462 164 410 410 2014 7 5 0 8 15 4 185
11 53 71 38.182 -119.9 459 166 410 410 2014 7 5 0 9 16 4 185
11 53 71 38.032 -119.86 459 167 410 410 2014 7 5 0 10 6 4 184
11 53 71 37.906 -119.82 459 168 410 410 2014 7 5 0 11 6 4 184
11 53 71 37.783 -119.79 458 169 410 410 2014 7 5 0 12 16 4 184
11 53 71 37.66 -119.75 456 163 410 410 2014 7 5 0 13 15 4 184
11 53 71 37.563 -119.72 451 168 410 410 2014 7 5 0 14 6 4 184
11 53 71 37.441 -119.69 450 167 410 410 2014 7 5 0 15 6 4 184
11 53 71 37.321 -119.65 448 167 410 410 2014 7 5 0 16 6 4 187
11 53 71 37.176 -119.62 444 167 410 410 2014 7 5 0 17 15 4 187
11 53 71 37.055 -119.6 443 168 410 410 2014 7 5 0 18 16 4 187
11 53 71 36.933 -119.6 441 182 410 410 2014 7 5 0 19 16 4 187
11 53 71 36.811 -119.6 439 180 410 410 2014 7 5 0 20 6 4 187
11 53 71 36.688 -119.6 437 180 410 410 2014 7 5 0 21 15 4 187
11 53 71 36.566 -119.6 437 181 410 410 2014 7 5 0 22 6 4 187
11 53 71 36.444 -119.61 437 180 410 410 2014 7 5 0 23 15 4 187
11 53 71 36.321 -119.61 438 180 410 410 2014 7 5 0 24 15 4 187
11 53 71 36.201 -119.61 436 180 410 410 2014 7 5 0 25 15 4 187
11 53 71 36.078 -119.61 436 181 410 410 2014 7 5 0 26 6 4 187
11 53 71 35.958 -119.62 436 181 410 410 2014 7 5 0 27 15 1 54
11 53 71 35.838 -119.62 433 182 410 410 2014 7 5 0 28 15 1 54
11 53 71 35.695 -119.63 427 181 410 410 2014 7 5 0 29 16 1 54
11 53 71 35.578 -119.63 421 181 410 410 2014 7 5 0 30 6 1 54
11 53 71 35.459 -119.63 422 181 410 410 2014 7 5 0 31 16 1 54
11 53 71 35.341 -119.64 422 180 410 410 2014 7 5 0 32 15 1 54
11 53 71 35.221 -119.64 423 180 410 410 2014 7 5 0 33 16 1 54
11 53 71 35.101 -119.62 438 181 410 410 2014 7 5 0 34 6 1 54
11 53 71 35.102 -119.62 438 173 410 410 2014 7 5 0 35 6 1 54
11 53 71 34.995 -119.54 447 148 406 410 2014 7 5 0 36 6 1 54
11 53 71 34.889 -119.46 448 147 396 410 2014 7 5 0 37 6 1 54
11 53 71 34.676 -119.3 449 148 343 410 2014 7 5 0 38 15 1 54
11 53 71 34.564 -119.21 450 148 312 410 2014 7 5 0 39 15 1 54
11 53 71 34.461 -119.14 439 148 286 410 2014 7 5 0 40 15 1 54
11 53 71 34.461 -119.14 439 148 286 410 2014 7 5 0 41 6 1 54
11 53 71 34.362 -119.06 426 148 261 410 2014 7 5 0 42 6 1 54
11 53 71 34.266 -118.99 415 148 236 410 2014 7 5 0 43 6 1 24
11 53 71 34.117 -118.88 384 147 199 410 2014 7 5 0 44 16 1 25
11 53 71 34.033 -118.82 373 148 178 410 2014 7 5 0 45 15 1 25
11 53 71 33.95 -118.75 360 147 154 410 2014 7 5 0 46 16 1 24
11 53 71 33.867 -118.7 346 149 140 410 2014 7 5 0 47 16 1 24
11 53 71 33.767 -118.67 345 163 140 410 2014 7 5 0 48 15 1 24
11 53 71 33.7 -118.63 345 163 130 410 2014 7 5 0 49 6 1 2
11 53 71 33.583 -118.6 345 164 117 410 2014 7 5 0 50 15 1 2
11 53 71 33.533 -118.5 315 133 104 410 2014 7 5 0 51 16 1 2
11 53 71 33.504 -118.44 309 123 93 410 2014 7 5 0 52 6 1 2
11 53 71 33.5 -118.35 287 94 75 410 2014 7 5 0 53 6 1 2
11 53 71 33.533 -118.27 286 58 58 410 2014 7 5 0 54 6 1 2
11 53 71 33.583 -118.18 265 54 50 410 2014 7 5 0 55 6 1 2
11 53 71 33.633 -118.12 247 54 50 410 2014 7 5 0 56 16 1 2
11 53 71 33.667 -118.05 241 54 46 410 2014 7 5 0 57 6 1 2
11 53 71 33.704 -117.99 242 53 35 410 2014 7 5 0 58 6 1 2
11 53 71 33.739 -117.93 233 58 25 410 2014 7 5 0 59 16 1 2
11 53 71 33.751 -117.88 196 68 19 410 2014 7 5 1 0 6 1 2
11 53 71 33.73 -117.85 163 121 11 410 2014 7 5 1 1 6 1 2
11 53 71 33.696 -117.86 140 180 4 410 2014 7 5 1 2 6 1 2
11 53 71 33.668 -117.87 132 191 1 410 2014 7 5 1 3 6 1 2
12 53 71 45.61 -122.66 154 289 19 390 2014 7 4 14 7 16 3 112
12 53 71 45.636 -122.72 219 297 41 390 2014 7 4 14 8 6 3 112
12 53 71 45.667 -122.8 235 300 68 390 2014 7 4 14 9 6 3 112
12 53 71 45.614 -122.85 275 256 90 390 2014 7 4 14 10 16 3 112
12 53 71 45.546 -122.77 307 214 119 390 2014 7 4 14 11 15 3 112
12 53 71 45.478 -122.68 337 139 145 390 2014 7 4 14 12 15 3 112
12 53 71 45.404 -122.58 361 141 173 390 2014 7 4 14 13 6 3 131
12 53 71 45.325 -122.48 371 137 197 390 2014 7 4 14 14 6 3 131
12 53 71 45.242 -122.38 391 138 219 390 2014 7 4 14 15 6 3 131
12 53 71 45.156 -122.27 407 138 240 390 2014 7 4 14 16 6 3 135
12 53 71 45.068 -122.16 414 138 260 390 2014 7 4 14 17 6 3 135
12 53 71 44.96 -122.08 430 138 278 390 2014 7 4 14 18 6 3 135
12 53 71 44.863 -122.02 432 146 293 390 2014 7 4 14 19 15 3 135
12 53 71 44.73 -121.93 440 153 313 390 2014 7 4 14 20 16 3 135
12 53 71 44.62 -121.85 443 154 335 390 2014 7 4 14 21 6 3 135
12 53 71 44.512 -121.78 434 154 354 390 2014 7 4 14 22 6 3 135
12 53 71 44.405 -121.71 428 154 364 390 2014 7 4 14 23 6 3 135
12 53 71 44.309 -121.65 432 154 373 390 2014 7 4 14 24 6 3 135
12 53 71 44.198 -121.57 439 154 382 390 2014 7 4 14 25 15 3 135
12 53 71 44.089 -121.5 440 154 390 390 2014 7 4 14 26 15 3 135
12 53 71 43.957 -121.42 439 154 390 390 2014 7 4 14 27 15 3 142
12 53 71 43.846 -121.35 438 154 390 390 2014 7 4 14 28 6 3 142
12 53 71 43.739 -121.32 432 138 390 390 2014 7 4 14 29 16 3 142
12 53 71 43.621 -121.3 427 162 390 390 2014 7 4 14 30 6 3 142
12 53 71 43.502 -121.27 430 170 390 390 2014 7 4 14 31 16 3 142
12 53 71 43.384 -121.24 430 170 390 390 2014 7 4 14 32 6 3 142
12 53 71 43.262 -121.22 434 170 390 390 2014 7 4 14 33 6 3 142
12 53 71 43.141 -121.19 436 170 390 390 2014 7 4 14 34 15 3 142
12 53 71 43.021 -121.16 436 172 390 390 2014 7 4 14 35 6 3 142
12 53 71 42.9 -121.14 437 170 390 390 2014 7 4 14 36 6 3 142
12 53 71 42.756 -121.11 437 171 390 390 2014 7 4 14 37 15 3 142
12 53 71 42.637 -121.08 435 170 390 390 2014 7 4 14 38 6 3 142
12 53 71 42.517 -121.06 435 170 390 390 2014 7 4 14 39 6 3 142
12 53 71 42.398 -121.03 435 171 390 390 2014 7 4 14 40 6 3 142
12 53 71 42.278 -121.01 434 170 390 390 2014 7 4 14 41 16 3 142
12 53 71 42.159 -120.98 432 170 390 390 2014 7 4 14 42 6 3 142
12 53 71 42.038 -120.96 435 171 390 390 2014 7 4 14 43 16 3 142
12 53 71 41.914 -120.93 448 170 390 390 2014 7 4 14 44 15 3 142
12 53 71 41.793 -120.91 442 170 390 390 2014 7 4 14 45 15 3 142
12 53 71 41.672 -120.88 440 171 390 390 2014 7 4 14 46 6 3 142
12 53 71 41.551 -120.86 438 170 390 390 2014 7 4 14 47 16 3 142
12 53 71 41.429 -120.83 438 170 390 390 2014 7 4 14 48 15 3 142
12 53 71 41.309 -120.8 439 171 390 390 2014 7 4 14 49 6 3 142
12 53 71 41.188 -120.78 439 171 390 390 2014 7 4 14 50 16 3 142
12 53 71 41.064 -120.76 446 170 390 390 2014 7 4 14 51 6 3 142
12 53 71 40.944 -120.72 445 170 390 390 2014 7 4 14 52 6 4 186
12 53 71 40.822 -120.69 446 166 390 390 2014 7 4 14 53 6 4 186
12 53 71 40.701 -120.65 449 166 390 390 2014 7 4 14 54 15 4 186
12 53 71 40.583 -120.61 443 166 390 390 2014 7 4 14 55 15 4 186
12 53 71 40.461 -120.57 443 166 390 390 2014 7 4 14 56 6 4 186
12 53 71 40.374 -120.55 446 167 390 390 2014 7 4 14 57 6 4 186
12 53 71 40.208 -120.5 440 167 390 390 2014 7 4 14 58 16 4 186
12 53 71 40.112 -120.47 439 166 390 390 2014 7 4 14 59 6 4 186
12 53 71 40.008 -120.44 440 166 390 390 2014 7 4 15 0 15 4 181
12 53 71 39.888 -120.4 441 167 390 390 2014 7 4 15 1 6 4 181
12 53 71 39.743 -120.36 443 167 390 390 2014 7 4 15 2 15 4 181
12 53 71 39.622 -120.32 447 166 390 390 2014 7 4 15 3 6 4 181
12 53 71 39.501 -120.28 446 167 390 390 2014 7 4 15 4 15 4 181
12 53 71 39.379 -120.25 447 167 390 390 2014 7 4 15 5 6 4 181
12 53 71 39.259 -120.21 446 167 390 390 2014 7 4 15 6 6 4 181
12 53 71 39.138 -120.18 446 166 390 390 2014 7 4 15 7 16 4 181
12 53 71 39.017 -120.14 444 166 390 390 2014 7 4 15 8 6 4 185
12 53 71 38.896 -120.11 444 167 390 390 2014 7 4 15 9 15 4 185
12 53 71 38.777 -120.07 443 167 390 390 2014 7 4 15 10 15 4 185
12 53 71 38.656 -120.04 443 166 390 390 2014 7 4 15 11 15 4 185
12 53 71 38.534 -120 444 167 390 390 2014 7 4 15 12 18 4 185
12 53 71 38.414 -119.97 444 169 390 390 2014 7 4 15 13 6 4 185
12 53 71 38.293 -119.93 442 167 390 390 2014 7 4 15 14 15 4 185
12 53 71 38.23 -119.91 448 167 390 390 2014 7 4 15 15 6 4 185
12 53 71 38.111 -119.88 438 166 390 390 2014 7 4 15 16 6 4 185
12 53 71 37.974 -119.86 440 171 390 390 2014 7 4 15 17 6 4 184
12 53 71 37.853 -119.85 438 174 390 390 2014 7 4 15 18 6 4 184
12 53 71 37.667 -119.83 431 175 390 390 2014 7 4 15 19 15 4 184
12 53 71 37.617 -119.83 427 174 390 390 2014 7 4 15 20 6 4 184
12 53 71 37.432 -119.8 424 170 390 390 2014 7 4 15 21 15 4 184
12 53 71 37.359 -119.79 423 174 390 390 2014 7 4 15 22 16 4 187
12 53 71 37.243 -119.77 422 174 390 390 2014 7 4 15 23 6 4 187
12 53 71 37.127 -119.76 419 173 390 390 2014 7 4 15 24 6 4 187
12 53 71 37.011 -119.74 419 173 390 390 2014 7 4 15 25 15 4 187
12 53 71 36.895 -119.73 419 174 390 390 2014 7 4 15 26 6 4 187
12 53 71 36.778 -119.71 419 174 390 390 2014 7 4 15 27 15 4 187
12 53 71 36.661 -119.7 420 174 390 390 2014 7 4 15 28 6 4 187
12 53 71 36.543 -119.68 421 174 390 390 2014 7 4 15 29 16 4 187
12 53 71 36.403 -119.67 422 174 390 390 2014 7 4 15 30 6 4 187
12 53 71 36.379 -119.66 421 174 390 390 2014 7 4 15 31 6 4 187
12 53 71 36.262 -119.65 422 174 390 390 2014 7 4 15 32 6 4 187
12 53 71 36.122 -119.63 422 173 390 390 2014 7 4 15 33 6 4 187
12 53 71 35.935 -119.62 420 174 390 390 2014 7 4 15 34 16 1 54
12 53 71 35.821 -119.62 411 180 390 390 2014 7 4 15 35 15 1 54
12 53 71 35.773 -119.62 416 181 390 390 2014 7 4 15 36 6 1 54
12 53 71 35.659 -119.63 413 181 390 390 2014 7 4 15 37 6 1 54
12 53 71 35.452 -119.63 409 181 390 390 2014 7 4 15 38 16 1 54
12 53 71 35.428 -119.63 412 181 390 390 2014 7 4 15 39 6 1 54
12 53 71 35.311 -119.64 412 181 390 390 2014 7 4 15 40 15 1 54
12 53 71 35.22 -119.61 431 164 390 390 2014 7 4 15 41 6 1 54
12 53 71 35.1 -119.51 435 144 390 390 2014 7 4 15 42 6 1 54
12 53 71 35.02 -119.44 437 144 390 390 2014 7 4 15 43 6 1 54
12 53 71 34.901 -119.34 436 146 374 390 2014 7 4 15 44 15 1 54
12 53 71 34.803 -119.26 434 144 347 390 2014 7 4 15 45 6 1 54
12 53 71 34.684 -119.15 434 145 314 390 2014 7 4 15 46 16 1 54
12 53 71 34.615 -119.1 435 144 298 390 2014 7 4 15 47 16 1 54
12 53 71 34.498 -119 422 145 271 390 2014 7 4 15 48 6 1 54
12 53 71 34.406 -118.92 410 145 250 390 2014 7 4 15 49 16 1 54
12 53 71 34.314 -118.86 400 145 229 390 2014 7 4 15 50 6 1 25
12 53 71 34.206 -118.83 389 148 207 390 2014 7 4 15 51 6 1 25
12 53 71 34.083 -118.78 372 162 180 390 2014 7 4 15 52 16 1 25
12 53 71 33.983 -118.75 366 163 159 390 2014 7 4 15 53 6 1 25
12 53 71 33.896 -118.71 360 166 141 390 2014 7 4 15 54 15 1 24
12 53 71 33.8 -118.68 344 159 141 390 2014 7 4 15 55 6 1 24
12 53 71 33.714 -118.65 343 159 126 390 2014 7 4 15 56 15 1 2
12 53 71 33.617 -118.62 322 169 107 390 2014 7 4 15 57 6 1 2
12 53 71 33.554 -118.57 301 151 100 390 2014 7 4 15 58 6 1 2
12 53 71 33.521 -118.48 289 115 81 390 2014 7 4 15 59 16 1 2
12 53 71 33.54 -118.39 287 78 68 390 2014 7 4 16 0 6 1 2
12 53 71 33.557 -118.3 284 76 55 390 2014 7 4 16 1 15 1 2
12 53 71 33.567 -118.22 267 72 50 390 2014 7 4 16 2 15 1 2
12 53 71 33.583 -118.13 226 75 51 390 2014 7 4 16 3 6 1 2
12 53 71 33.617 -118.08 234 53 51 390 2014 7 4 16 4 6 1 2
12 53 71 33.685 -118.02 238 28 51 390 2014 7 4 16 5 15 1 2
12 53 71 33.733 -117.97 235 51 44 390 2014 7 4 16 6 6 1 2
12 53 71 33.767 -117.93 207 42 39 390 2014 7 4 16 7 6 1 2
12 53 71 33.817 -117.88 192 39 30 390 2014 7 4 16 8 6 1 2
12 53 71 33.8 -117.85 166 39 24 390 2014 7 4 16 9 6 1 2
12 53 71 33.767 -117.82 167 121 22 390 2014 7 4 16 10 6 1 2
12 53 71 33.717 -117.83 156 171 11 390 2014 7 4 16 11 6 1 2
12 53 71 33.683 -117.87 147 206 3 390 2014 7 4 16 12 15 1 2
12 53 71 33.679 -117.87 146 219 2 390 2014 7 4 16 13 15 1 2
