1 53 76 45.573 -122.51 196 107 29 390 2014 7 1 16 51 6 3 112
1 53 76 45.558 -122.44 199 104 52 390 2014 7 1 16 52 6 3 112
1 53 76 45.511 -122.36 259 115 66 390 2014 7 1 16 53 15 3 112
1 53 76 45.453 -122.27 281 120 93 390 2014 7 1 16 54 6 3 112
1 53 76 45.395 -122.19 298 132 109 390 2014 7 1 16 55 6 3 112
1 53 76 45.328 -122.09 350 133 123 390 2014 7 1 16 56 6 3 112
1 53 76 45.26 -121.98 355 133 141 390 2014 7 1 16 57 16 3 112
1 53 76 45.19 -121.86 369 131 161 390 2014 7 1 16 58 16 3 131
1 53 76 45.147 -121.8 367 127 173 390 2014 7 1 16 59 15 3 131
1 53 76 45.081 -121.68 375 133 189 390 2014 7 1 17 0 6 3 131
1 53 76 44.998 -121.54 385 128 208 390 2014 7 1 17 1 6 3 131
1 53 76 44.926 -121.41 398 129 223 390 2014 7 1 17 2 6 3 131
1 53 76 44.837 -121.26 410 129 240 390 2014 7 1 17 3 16 3 139
1 53 76 44.761 -121.13 419 129 254 390 2014 7 1 17 4 6 3 139
1 53 76 44.685 -121 423 129 267 390 2014 7 1 17 5 6 3 139
1 53 76 44.606 -120.87 431 129 278 390 2014 7 1 17 6 6 3 139
1 53 76 44.534 -120.75 432 130 288 390 2014 7 1 17 7 6 3 139
1 53 76 44.456 -120.62 438 129 297 390 2014 7 1 17 8 6 3 139
1 53 76 44.375 -120.49 446 130 304 390 2014 7 1 17 9 6 3 139
1 53 76 44.281 -120.33 449 130 313 390 2014 7 1 17 10 16 3 139
1 53 76 44.281 -120.33 449 130 313 390 2014 7 1 17 11 8 3 139
1 53 76 44.197 -120.19 455 130 322 390 2014 7 1 17 12 6 3 139
1 53 76 44.035 -119.93 444 130 342 390 2014 7 1 17 13 15 3 142
1 53 76 44.035 -119.93 444 130 342 390 2014 7 1 17 14 6 3 142
1 53 76 43.955 -119.8 445 130 351 390 2014 7 1 17 15 6 3 142
1 53 76 43.861 -119.65 443 130 361 390 2014 7 1 17 16 6 3 142
1 53 76 43.78 -119.52 444 130 368 390 2014 7 1 17 17 6 3 142
1 53 76 43.7 -119.39 441 130 378 390 2014 7 1 17 18 16 3 142
1 53 76 43.617 -119.27 431 133 382 390 2014 7 1 17 19 6 5 213
1 53 76 43.513 -119.2 430 152 390 390 2014 7 1 17 20 6 5 213
1 53 76 43.408 -119.12 423 153 390 390 2014 7 1 17 21 13 5 213
1 53 76 43.301 -119.05 427 152 390 390 2014 7 1 17 22 6 5 213
1 53 76 43.185 -118.97 432 153 390 390 2014 7 1 17 23 17 5 213
1 53 76 43.062 -118.88 437 152 390 390 2014 7 1 17 24 16 5 213
1 53 76 42.967 -118.81 441 152 390 390 2014 7 1 17 25 6 5 213
1 53 76 42.846 -118.73 438 153 390 390 2014 7 1 17 26 6 5 213
1 53 76 42.738 -118.65 438 152 390 390 2014 7 1 17 27 6 5 213
1 53 76 42.631 -118.58 436 153 390 390 2014 7 1 17 28 6 5 213
1 53 76 42.523 -118.51 435 152 390 390 2014 7 1 17 29 6 5 213
1 53 76 42.4 -118.42 435 153 390 390 2014 7 1 17 30 6 5 213
1 53 76 42.297 -118.35 434 153 390 390 2014 7 1 17 31 6 5 213
1 53 76 42.176 -118.27 434 153 390 390 2014 7 1 17 32 6 5 208
1 53 76 42.073 -118.2 434 152 390 390 2014 7 1 17 33 6 5 208
1 53 76 41.969 -118.13 434 153 390 390 2014 7 1 17 34 6 5 208
1 53 76 41.847 -118.05 436 153 390 390 2014 7 1 17 35 16 5 208
1 53 76 41.737 -117.94 435 146 390 390 2014 7 1 17 36 6 5 208
1 53 76 41.647 -117.84 437 144 390 390 2014 7 1 17 37 6 5 208
1 53 76 41.553 -117.74 437 140 390 390 2014 7 1 17 38 6 5 208
1 53 76 41.541 -117.72 437 140 390 390 2014 7 1 17 39 6 5 208
1 53 76 41.449 -117.63 439 140 390 390 2014 7 1 17 40 6 5 208
1 53 76 41.25 -117.41 441 141 390 390 2014 7 1 17 41 6 5 208
1 53 76 41.158 -117.32 441 141 390 390 2014 7 1 17 42 6 5 208
1 53 76 41.063 -117.22 441 141 390 390 2014 7 1 17 43 6 5 208
1 53 76 40.957 -117.1 442 141 390 390 2014 7 1 17 44 15 5 208
1 53 76 40.957 -117.1 442 141 390 390 2014 7 1 17 45 6 5 208
1 53 76 40.848 -116.99 447 141 390 390 2014 7 1 17 46 6 5 208
1 53 76 40.763 -116.88 447 157 390 390 2014 7 1 17 47 6 5 208
1 53 76 40.677 -116.73 451 138 390 390 2014 7 1 17 48 16 5 208
1 53 76 40.604 -116.6 452 131 390 390 2014 7 1 17 49 16 5 208
1 53 76 40.528 -116.47 453 127 390 390 2014 7 1 17 50 6 5 208
1 53 76 40.441 -116.33 453 127 390 390 2014 7 1 17 51 18 5 208
1 53 76 40.36 -116.21 455 127 390 390 2014 7 1 17 52 6 5 208
1 53 76 40.255 -116.08 454 129 390 390 2014 7 1 17 53 6 5 208
1 53 76 40.166 -115.97 454 134 390 390 2014 7 1 17 54 6 5 208
1 53 76 40.06 -115.85 454 137 390 390 2014 7 1 17 55 16 5 208
1 53 76 39.97 -115.74 457 137 390 390 2014 7 1 17 56 8 5 208
1 53 76 39.863 -115.61 460 137 390 390 2014 7 1 17 57 6 5 208
1 53 76 39.771 -115.51 460 137 390 390 2014 7 1 17 58 6 5 208
1 53 76 39.68 -115.4 461 137 390 390 2014 7 1 17 59 6 5 208
1 53 76 39.551 -115.25 462 138 390 390 2014 7 1 18 0 6 5 208
1 53 76 39.454 -115.14 464 137 390 390 2014 7 1 18 1 6 5 208
1 53 76 39.358 -115.02 465 138 390 390 2014 7 1 18 2 15 5 204
1 53 76 39.26 -114.91 466 137 390 390 2014 7 1 18 3 6 5 204
1 53 76 39.146 -114.78 466 138 390 390 2014 7 1 18 4 6 5 204
1 53 76 39.048 -114.67 468 138 390 390 2014 7 1 18 5 6 5 204
1 53 76 38.949 -114.56 469 138 390 390 2014 7 1 18 6 9 5 204
1 53 76 38.849 -114.44 469 138 390 390 2014 7 1 18 7 16 5 204
1 53 76 38.769 -114.35 471 138 390 390 2014 7 1 18 8 6 5 204
1 53 76 38.671 -114.24 471 138 390 390 2014 7 1 18 9 6 5 204
1 53 76 38.536 -114.09 470 138 390 390 2014 7 1 18 10 6 5 204
1 53 76 38.438 -113.98 470 138 390 390 2014 7 1 18 11 6 5 204
1 53 76 38.357 -113.89 470 139 390 390 2014 7 1 18 12 16 5 206
1 53 76 38.239 -113.76 471 139 390 390 2014 7 1 18 13 16 5 206
1 53 76 38.239 -113.76 471 139 390 390 2014 7 1 18 14 6 5 206
1 53 76 38.058 -113.56 472 139 390 390 2014 7 1 18 15 6 5 206
1 53 76 38.019 -113.52 472 139 390 390 2014 7 1 18 16 6 5 206
1 53 76 37.92 -113.41 472 138 390 390 2014 7 1 18 17 6 5 206
1 53 76 37.805 -113.33 470 147 390 390 2014 7 1 18 18 6 5 206
1 53 76 37.686 -113.27 470 156 390 390 2014 7 1 18 19 6 5 206
1 53 76 37.567 -113.2 471 156 390 390 2014 7 1 18 20 6 5 206
1 53 76 37.424 -113.12 471 156 390 390 2014 7 1 18 21 12 1 49
1 53 76 37.306 -113.06 471 155 390 390 2014 7 1 18 22 6 1 49
1 53 76 37.186 -112.99 471 156 390 390 2014 7 1 18 23 6 1 49
1 53 76 37.09 -112.94 472 156 390 390 2014 7 1 18 24 16 1 49
1 53 76 36.947 -112.86 472 156 390 390 2014 7 1 18 25 16 1 49
1 53 76 36.803 -112.78 471 156 390 390 2014 7 1 18 26 6 1 49
1 53 76 36.683 -112.72 471 156 390 390 2014 7 1 18 27 6 1 49
1 53 76 36.563 -112.66 471 156 390 390 2014 7 1 18 28 6 1 49
1 53 76 36.442 -112.59 471 156 390 390 2014 7 1 18 29 6 1 49
1 53 76 36.321 -112.53 472 157 390 390 2014 7 1 18 30 6 1 45
1 53 76 36.177 -112.45 472 156 390 390 2014 7 1 18 31 6 1 45
1 53 76 36.053 -112.4 472 157 390 390 2014 7 1 18 32 6 1 45
1 53 76 35.924 -112.37 470 165 390 390 2014 7 1 18 33 6 1 45
1 53 76 35.796 -112.35 468 171 390 390 2014 7 1 18 34 16 1 45
1 53 76 35.667 -112.33 468 172 390 390 2014 7 1 18 35 16 1 45
1 53 76 35.539 -112.31 469 172 390 390 2014 7 1 18 36 6 1 45
1 53 76 35.491 -112.3 466 171 390 390 2014 7 1 18 37 6 1 45
1 53 76 35.363 -112.28 466 172 390 390 2014 7 1 18 38 16 2 89
1 53 76 35.234 -112.26 465 172 390 390 2014 7 1 18 39 15 2 89
1 53 76 35.08 -112.24 467 172 390 310 2014 7 1 18 40 6 2 89
1 53 76 34.953 -112.21 466 173 381 310 2014 7 1 18 41 6 2 89
1 53 76 34.824 -112.19 466 170 371 310 2014 7 1 18 42 6 2 89
1 53 76 34.693 -112.17 469 171 370 310 2014 7 1 18 43 15 2 89
1 53 76 34.565 -112.15 469 172 370 310 2014 7 1 18 44 6 2 89
1 53 76 34.436 -112.13 471 172 370 310 2014 7 1 18 45 7 2 89
1 53 76 34.283 -112.1 467 172 370 310 2014 7 1 18 46 6 2 89
1 53 76 34.157 -112.08 464 172 370 310 2014 7 1 18 47 16 2 89
1 53 76 34.031 -112.07 464 172 365 310 2014 7 1 18 48 16 2 89
1 53 76 33.883 -112.04 466 172 334 310 2014 7 1 18 49 15 2 89
1 53 76 33.773 -112.02 476 172 312 310 2014 7 1 18 50 16 2 89
1 53 76 33.622 -112 465 172 310 310 2014 7 1 18 51 6 2 89
1 53 76 33.494 -111.98 465 172 310 310 2014 7 1 18 52 6 2 90
1 53 76 33.366 -111.96 465 172 297 310 2014 7 1 18 53 6 2 90
1 53 76 33.234 -111.95 469 172 277 310 2014 7 1 18 54 6 2 90
1 53 76 33.102 -111.93 475 174 261 310 2014 7 1 18 55 6 2 90
1 53 76 32.973 -111.92 467 174 260 310 2014 7 1 18 56 6 2 90
1 53 76 32.852 -111.88 465 174 260 310 2014 7 1 18 57 16 2 90
1 53 76 32.852 -111.88 465 174 260 310 2014 7 1 18 58 6 2 90
1 53 76 32.633 -111.7 430 147 202 310 2014 7 1 18 59 15 2 60
1 53 76 32.534 -111.62 430 146 202 310 2014 7 1 19 0 6 2 60
1 53 76 32.543 -111.62 411 143 170 310 2014 7 1 19 1 6 2 60
1 53 76 32.429 -111.42 365 122 122 310 2014 7 1 19 2 6 2 77
1 53 76 32.359 -111.33 365 133 122 310 2014 7 1 19 3 16 2 77
1 53 76 32.371 -111.32 295 123 104 310 2014 7 1 19 4 16 2 77
1 53 76 32.334 -111.25 274 123 90 310 2014 7 1 19 5 6 2 77
1 53 76 32.295 -111.18 254 122 73 310 2014 7 1 19 6 6 2 77
1 53 76 32.264 -111.12 239 127 63 310 2014 7 1 19 7 6 2 77
1 53 76 32.234 -111.07 214 126 54 310 2014 7 1 19 8 6 2 77
1 53 76 32.198 -111.03 196 134 44 310 2014 7 1 19 9 6 2 77
1 53 76 32.16 -110.99 185 135 38 310 2014 7 1 19 10 6 2 77
1 53 76 32.129 -110.96 151 136 28 310 2014 7 1 19 11 6 2 77
2 53 76 45.591 -122.61 153 0 4 390 2014 7 2 16 40 16 3 112
2 53 76 45.618 -122.67 185 280 22 390 2014 7 2 16 41 6 3 112
2 53 76 45.652 -122.76 238 298 51 390 2014 7 2 16 42 6 3 112
2 53 76 45.607 -122.83 267 300 72 390 2014 7 2 16 43 6 3 112
2 53 76 45.557 -122.74 290 264 101 390 2014 7 2 16 44 6 3 112
2 53 76 45.515 -122.63 299 169 128 390 2014 7 2 16 45 6 3 112
2 53 76 45.464 -122.53 309 123 152 390 2014 7 2 16 46 6 3 131
2 53 76 45.411 -122.43 320 121 174 390 2014 7 2 16 47 6 3 131
2 53 76 45.356 -122.33 339 126 186 390 2014 7 2 16 48 16 3 131
2 53 76 45.287 -122.2 382 127 201 390 2014 7 2 16 49 6 3 131
2 53 76 45.218 -122.07 389 127 215 390 2014 7 2 16 50 6 3 131
2 53 76 45.224 -122.08 397 128 214 390 2014 7 2 16 51 6 3 131
2 53 76 45.136 -121.92 400 125 235 390 2014 7 2 16 52 6 3 131
2 53 76 45.067 -121.8 402 127 251 390 2014 7 2 16 53 6 3 135
2 53 76 44.942 -121.56 420 127 268 390 2014 7 2 16 54 6 3 139
2 53 76 44.854 -121.41 430 127 278 390 2014 7 2 16 55 6 3 139
2 53 76 44.778 -121.27 441 127 289 390 2014 7 2 16 56 6 3 139
2 53 76 44.777 -121.27 432 127 289 390 2014 7 2 16 57 6 3 139
2 53 76 44.686 -121.1 438 128 303 390 2014 7 2 16 58 6 3 139
2 53 76 44.61 -120.97 438 128 315 390 2014 7 2 16 59 6 3 139
2 53 76 44.55 -120.86 439 128 324 390 2014 7 2 17 0 6 3 139
2 53 76 44.463 -120.71 435 127 338 390 2014 7 2 17 1 6 3 139
2 53 76 44.39 -120.58 430 128 346 390 2014 7 2 17 2 6 3 139
2 53 76 44.317 -120.45 430 129 355 390 2014 7 2 17 3 6 3 139
2 53 76 44.228 -120.3 429 128 364 390 2014 7 2 17 4 6 3 139
2 53 76 44.154 -120.17 429 129 372 390 2014 7 2 17 5 6 3 142
2 53 76 44.083 -120.05 422 128 378 390 2014 7 2 17 6 6 3 142
2 53 76 44.009 -119.92 422 129 384 390 2014 7 2 17 7 6 3 142
2 53 76 43.936 -119.8 421 128 388 390 2014 7 2 17 8 6 3 142
2 53 76 43.877 -119.7 420 128 390 390 2014 7 2 17 9 6 3 142
2 53 76 43.773 -119.52 421 129 390 390 2014 7 2 17 10 6 3 142
2 53 76 43.728 -119.44 427 129 390 390 2014 7 2 17 11 6 3 142
2 53 76 43.612 -119.27 437 130 390 390 2014 7 2 17 12 6 5 213
2 53 76 43.506 -119.19 433 140 390 390 2014 7 2 17 13 6 5 213
2 53 76 43.399 -119.12 433 153 390 390 2014 7 2 17 14 6 5 213
2 53 76 43.291 -119.04 433 152 390 390 2014 7 2 17 15 6 5 213
2 53 76 43.16 -118.95 439 153 390 390 2014 7 2 17 16 7 5 213
2 53 76 43.052 -118.87 440 152 390 390 2014 7 2 17 17 6 5 213
2 53 76 42.978 -118.82 443 152 390 390 2014 7 2 17 18 16 5 213
2 53 76 42.869 -118.74 446 153 390 390 2014 7 2 17 19 6 5 213
2 53 76 42.722 -118.64 441 152 390 390 2014 7 2 17 20 16 5 213
2 53 76 42.651 -118.59 441 153 390 390 2014 7 2 17 21 6 5 213
2 53 76 42.541 -118.52 444 152 390 390 2014 7 2 17 22 6 5 213
2 53 76 42.43 -118.44 446 152 390 390 2014 7 2 17 23 6 5 213
2 53 76 42.306 -118.36 446 152 390 390 2014 7 2 17 24 6 5 213
2 53 76 42.2 -118.29 445 153 390 390 2014 7 2 17 25 6 5 208
2 53 76 42.094 -118.21 445 153 390 390 2014 7 2 17 26 6 5 208
2 53 76 41.972 -118.13 445 153 390 390 2014 7 2 17 27 6 5 208
2 53 76 41.866 -118.06 445 153 390 390 2014 7 2 17 28 6 5 208
2 53 76 41.798 -118 444 153 390 390 2014 7 2 17 29 6 5 208
2 53 76 41.711 -117.89 449 150 390 390 2014 7 2 17 30 6 5 208
2 53 76 41.608 -117.76 451 141 390 390 2014 7 2 17 31 6 5 208
2 53 76 41.519 -117.65 452 137 390 390 2014 7 2 17 32 6 5 208
2 53 76 41.43 -117.54 453 136 390 390 2014 7 2 17 33 6 5 208
2 53 76 41.327 -117.41 454 136 390 390 2014 7 2 17 34 16 5 208
2 53 76 41.238 -117.3 455 138 390 390 2014 7 2 17 35 16 5 208
2 53 76 41.133 -117.17 457 136 390 390 2014 7 2 17 36 6 5 208
2 53 76 41.042 -117.06 458 138 390 390 2014 7 2 17 37 6 5 208
2 53 76 40.935 -116.93 461 137 390 390 2014 7 2 17 38 6 5 208
2 53 76 40.843 -116.82 470 137 390 390 2014 7 2 17 39 6 5 208
2 53 76 40.734 -116.69 471 138 390 390 2014 7 2 17 40 6 5 208
2 53 76 40.64 -116.57 472 137 390 390 2014 7 2 17 41 7 5 208
2 53 76 40.545 -116.46 473 137 390 390 2014 7 2 17 42 6 5 208
2 53 76 40.435 -116.33 474 137 390 390 2014 7 2 17 43 6 5 208
2 53 76 40.341 -116.22 475 137 390 390 2014 7 2 17 44 6 5 208
2 53 76 40.23 -116.09 475 137 390 390 2014 7 2 17 45 6 5 208
2 53 76 40.136 -115.98 475 139 390 390 2014 7 2 17 46 6 5 208
2 53 76 40.026 -115.85 475 138 390 390 2014 7 2 17 47 9 5 208
2 53 76 39.93 -115.74 476 137 390 390 2014 7 2 17 48 6 5 208
2 53 76 39.823 -115.64 476 144 390 390 2014 7 2 17 49 6 5 208
2 53 76 39.818 -115.61 477 140 390 390 2014 7 2 17 50 6 5 208
2 53 76 39.723 -115.5 478 138 390 390 2014 7 2 17 51 6 5 208
2 53 76 39.51 -115.25 479 137 390 390 2014 7 2 17 52 6 5 208
2 53 76 39.41 -115.14 479 139 390 390 2014 7 2 17 53 16 5 208
2 53 76 39.41 -115.14 479 139 390 390 2014 7 2 17 54 6 5 208
2 53 76 39.307 -115.02 480 138 390 390 2014 7 2 17 55 6 5 204
2 53 76 39.21 -114.91 480 138 390 390 2014 7 2 17 56 6 5 204
2 53 76 39.109 -114.79 482 138 390 390 2014 7 2 17 57 6 5 204
2 53 76 39.008 -114.68 482 138 390 390 2014 7 2 17 58 6 5 204
2 53 76 38.888 -114.55 480 139 390 370 2014 7 2 17 59 6 5 204
2 53 76 38.787 -114.44 480 139 388 370 2014 7 2 18 0 6 5 204
2 53 76 38.686 -114.32 479 139 381 370 2014 7 2 18 1 7 5 204
2 53 76 38.584 -114.21 483 138 375 370 2014 7 2 18 2 16 5 204
2 53 76 38.482 -114.1 483 139 370 370 2014 7 2 18 3 6 5 204
2 53 76 38.38 -113.99 487 139 370 370 2014 7 2 18 4 6 5 204
2 53 76 38.257 -113.85 486 138 370 370 2014 7 2 18 5 16 5 206
2 53 76 38.155 -113.74 486 140 370 370 2014 7 2 18 6 16 5 206
2 53 76 38.053 -113.63 485 139 370 370 2014 7 2 18 7 6 5 206
2 53 76 37.952 -113.52 484 139 370 370 2014 7 2 18 8 6 5 206
2 53 76 37.837 -113.44 478 151 370 370 2014 7 2 18 9 6 5 206
2 53 76 37.72 -113.37 474 154 370 370 2014 7 2 18 10 6 5 206
2 53 76 37.579 -113.29 473 154 366 370 2014 7 2 18 11 11 1 49
2 53 76 37.462 -113.22 473 154 360 370 2014 7 2 18 12 6 1 49
2 53 76 37.344 -113.14 475 154 360 370 2014 7 2 18 13 16 1 49
2 53 76 37.206 -113.06 467 154 360 370 2014 7 2 18 14 7 1 49
2 53 76 37.089 -112.99 466 154 360 370 2014 7 2 18 15 6 1 49
2 53 76 36.971 -112.92 468 154 360 370 2014 7 2 18 16 6 1 49
2 53 76 36.853 -112.85 469 154 360 370 2014 7 2 18 17 6 1 49
2 53 76 36.734 -112.78 469 154 360 370 2014 7 2 18 18 6 1 49
2 53 76 36.591 -112.7 473 154 360 370 2014 7 2 18 19 6 1 49
2 53 76 36.524 -112.66 500 154 360 370 2014 7 2 18 20 6 1 49
2 53 76 36.388 -112.58 479 153 360 370 2014 7 2 18 21 6 1 49
2 53 76 36.231 -112.49 477 154 360 370 2014 7 2 18 22 6 1 45
2 53 76 36.141 -112.43 476 155 364 370 2014 7 2 18 23 6 1 45
2 53 76 35.983 -112.38 472 164 370 370 2014 7 2 18 24 6 1 45
2 53 76 35.885 -112.37 474 168 370 370 2014 7 2 18 25 6 1 45
2 53 76 35.754 -112.34 472 172 370 370 2014 7 2 18 26 6 1 45
2 53 76 35.624 -112.32 472 172 370 370 2014 7 2 18 27 6 1 45
2 53 76 35.492 -112.3 472 171 370 370 2014 7 2 18 28 6 1 45
2 53 76 35.362 -112.28 472 172 370 370 2014 7 2 18 29 6 2 89
2 53 76 35.233 -112.26 470 172 370 370 2014 7 2 18 30 6 2 89
2 53 76 35.18 -112.25 470 172 370 370 2014 7 2 18 31 6 2 89
2 53 76 35.024 -112.22 470 172 370 370 2014 7 2 18 32 6 2 89
2 53 76 34.894 -112.2 470 172 370 370 2014 7 2 18 33 6 2 89
2 53 76 34.817 -112.19 470 172 370 310 2014 7 2 18 34 6 2 89
2 53 76 34.545 -112.15 470 172 370 310 2014 7 2 18 35 16 2 89
2 53 76 34.545 -112.15 470 172 370 310 2014 7 2 18 36 6 2 89
2 53 76 34.417 -112.13 470 172 370 310 2014 7 2 18 37 6 2 89
2 53 76 34.288 -112.1 469 172 370 310 2014 7 2 18 38 6 2 89
2 53 76 34.161 -112.08 469 172 370 310 2014 7 2 18 39 6 2 89
2 53 76 34.032 -112.06 470 172 358 310 2014 7 2 18 40 16 2 89
2 53 76 33.875 -112.04 481 172 336 310 2014 7 2 18 41 10 2 89
2 53 76 33.745 -112.02 480 172 320 310 2014 7 2 18 42 6 2 89
2 53 76 33.612 -112 485 172 310 310 2014 7 2 18 43 16 2 89
2 53 76 33.488 -111.98 460 172 305 310 2014 7 2 18 44 16 2 90
2 53 76 33.363 -111.96 455 172 289 310 2014 7 2 18 45 6 2 90
2 53 76 33.237 -111.95 455 172 274 310 2014 7 2 18 46 6 2 90
2 53 76 33.088 -111.93 448 174 260 310 2014 7 2 18 47 6 2 90
2 53 76 32.972 -111.92 423 174 260 310 2014 7 2 18 48 6 2 90
2 53 76 32.861 -111.89 414 174 243 310 2014 7 2 18 49 6 2 60
2 53 76 32.77 -111.81 401 162 221 310 2014 7 2 18 50 6 2 60
2 53 76 32.654 -111.72 363 144 193 310 2014 7 2 18 51 6 2 60
2 53 76 32.588 -111.66 355 146 175 310 2014 7 2 18 52 6 2 60
2 53 76 32.523 -111.59 343 138 150 310 2014 7 2 18 53 6 2 60
2 53 76 32.473 -111.5 330 123 127 310 2014 7 2 18 54 15 2 77
2 53 76 32.425 -111.41 319 122 110 310 2014 7 2 18 55 6 2 77
2 53 76 32.38 -111.33 302 123 94 310 2014 7 2 18 56 16 2 77
2 53 76 32.331 -111.24 275 122 80 310 2014 7 2 18 57 6 2 77
2 53 76 32.299 -111.18 264 123 72 310 2014 7 2 18 58 6 2 77
2 53 76 32.253 -111.1 259 124 60 310 2014 7 2 18 59 6 2 77
2 53 76 32.209 -111.04 258 135 47 310 2014 7 2 19 0 6 2 77
2 53 76 32.163 -110.98 242 134 39 310 2014 7 2 19 1 6 2 77
2 53 76 32.131 -110.94 222 135 36 310 2014 7 2 19 2 6 2 77
3 53 76 45.591 -122.62 160 0 4 390 2014 7 3 16 49 6 3 112
3 53 76 45.628 -122.7 224 296 30 390 2014 7 3 16 50 6 3 112
3 53 76 45.649 -122.75 233 301 48 390 2014 7 3 16 51 10 3 112
3 53 76 45.661 -122.85 274 220 77 390 2014 7 3 16 52 6 3 112
3 53 76 45.59 -122.86 284 287 106 390 2014 7 3 16 53 6 3 112
3 53 76 45.544 -122.75 328 230 127 390 2014 7 3 16 54 6 3 112
3 53 76 45.496 -122.62 346 139 148 390 2014 7 3 16 55 6 3 112
3 53 76 45.449 -122.5 358 119 169 390 2014 7 3 16 56 6 3 131
3 53 76 45.406 -122.38 362 117 187 390 2014 7 3 16 57 6 3 131
3 53 76 45.356 -122.25 370 121 203 390 2014 7 3 16 58 6 3 131
3 53 76 45.306 -122.11 390 119 216 390 2014 7 3 16 59 6 3 131
3 53 76 45.281 -122.05 393 116 223 390 2014 7 3 17 0 6 3 131
3 53 76 45.16 -121.81 415 121 249 390 2014 7 3 17 1 6 3 135
3 53 76 45.144 -121.79 414 129 252 390 2014 7 3 17 2 6 3 135
3 53 76 45.007 -121.55 437 129 275 390 2014 7 3 17 3 6 3 139
3 53 76 44.93 -121.42 437 129 290 390 2014 7 3 17 4 6 3 139
3 53 76 44.913 -121.39 437 129 291 390 2014 7 3 17 5 6 3 139
3 53 76 44.819 -121.23 442 129 304 390 2014 7 3 17 6 14 3 139
3 53 76 44.737 -121.09 448 129 314 390 2014 7 3 17 7 6 3 139
3 53 76 44.591 -120.84 456 129 330 390 2014 7 3 17 8 16 3 139
3 53 76 44.575 -120.82 455 130 332 390 2014 7 3 17 9 6 3 139
3 53 76 44.493 -120.68 459 130 343 390 2014 7 3 17 10 6 3 139
3 53 76 44.394 -120.52 459 129 355 390 2014 7 3 17 11 6 3 139
3 53 76 44.314 -120.38 459 130 363 390 2014 7 3 17 12 6 3 139
3 53 76 44.258 -120.29 459 130 369 390 2014 7 3 17 13 6 3 139
3 53 76 44.153 -120.12 450 130 381 390 2014 7 3 17 14 6 3 142
3 53 76 44.074 -119.99 442 130 385 390 2014 7 3 17 15 6 3 142
3 53 76 43.978 -119.84 443 129 390 390 2014 7 3 17 16 6 3 142
3 53 76 43.896 -119.71 447 131 390 390 2014 7 3 17 17 16 3 142
3 53 76 43.813 -119.57 452 131 390 390 2014 7 3 17 18 6 3 142
3 53 76 43.728 -119.44 464 130 390 390 2014 7 3 17 19 6 3 142
3 53 76 43.642 -119.3 467 130 390 390 2014 7 3 17 20 6 3 142
3 53 76 43.531 -119.21 468 141 390 390 2014 7 3 17 21 6 5 213
3 53 76 43.397 -119.12 458 153 390 390 2014 7 3 17 22 6 5 213
3 53 76 43.287 -119.04 450 152 390 390 2014 7 3 17 23 6 5 213
3 53 76 43.177 -118.96 449 153 390 390 2014 7 3 17 24 6 5 213
3 53 76 43.076 -118.87 444 150 390 390 2014 7 3 17 25 6 5 213
3 53 76 43.012 -118.79 450 145 390 390 2014 7 3 17 26 6 5 213
3 53 76 42.917 -118.68 451 139 390 390 2014 7 3 17 27 6 5 213
3 53 76 42.824 -118.58 449 140 390 390 2014 7 3 17 28 6 5 213
3 53 76 42.73 -118.47 444 139 390 390 2014 7 3 17 29 6 5 213
3 53 76 42.635 -118.36 445 140 390 390 2014 7 3 17 30 6 5 213
3 53 76 42.54 -118.25 445 140 390 390 2014 7 3 17 31 6 5 213
3 53 76 42.43 -118.13 446 140 390 390 2014 7 3 17 32 6 5 213
3 53 76 42.339 -118.03 445 140 390 390 2014 7 3 17 33 6 5 213
3 53 76 42.233 -117.91 445 140 390 390 2014 7 3 17 34 6 5 213
3 53 76 42.142 -117.81 445 140 390 390 2014 7 3 17 35 6 5 213
3 53 76 42.082 -117.74 437 139 390 390 2014 7 3 17 36 6 5 208
3 53 76 41.99 -117.64 440 140 390 390 2014 7 3 17 37 6 5 208
3 53 76 41.898 -117.54 450 140 390 390 2014 7 3 17 38 16 5 208
3 53 76 41.792 -117.42 444 140 390 390 2014 7 3 17 39 6 5 208
3 53 76 41.701 -117.32 442 140 390 390 2014 7 3 17 40 6 5 208
3 53 76 41.595 -117.21 441 141 390 390 2014 7 3 17 41 6 5 208
3 53 76 41.503 -117.11 442 140 390 390 2014 7 3 17 42 6 5 208
3 53 76 41.396 -116.99 442 140 390 390 2014 7 3 17 43 6 5 208
3 53 76 41.304 -116.89 443 140 390 390 2014 7 3 17 44 6 5 208
3 53 76 41.196 -116.78 444 140 390 390 2014 7 3 17 45 6 5 208
3 53 76 41.104 -116.68 444 140 390 390 2014 7 3 17 46 7 5 208
3 53 76 40.994 -116.56 445 140 390 390 2014 7 3 17 47 6 5 208
3 53 76 40.899 -116.46 451 141 390 390 2014 7 3 17 48 6 5 208
3 53 76 40.805 -116.36 450 141 390 390 2014 7 3 17 49 6 5 208
3 53 76 40.697 -116.25 446 141 390 390 2014 7 3 17 50 6 5 208
3 53 76 40.603 -116.15 446 141 390 390 2014 7 3 17 51 7 5 208
3 53 76 40.495 -116.04 445 141 390 390 2014 7 3 17 52 6 5 208
3 53 76 40.402 -115.94 445 141 390 390 2014 7 3 17 53 6 5 208
3 53 76 40.305 -115.84 445 141 390 390 2014 7 3 17 54 6 5 208
3 53 76 40.2 -115.73 444 141 390 390 2014 7 3 17 55 6 5 208
3 53 76 40.09 -115.62 444 141 390 390 2014 7 3 17 56 6 5 208
3 53 76 39.993 -115.52 444 141 390 390 2014 7 3 17 57 6 5 208
3 53 76 39.902 -115.43 447 141 390 390 2014 7 3 17 58 6 5 208
3 53 76 39.791 -115.31 448 141 390 390 2014 7 3 17 59 6 5 208
3 53 76 39.693 -115.22 448 142 390 390 2014 7 3 18 0 6 5 208
3 53 76 39.694 -115.22 455 141 390 390 2014 7 3 18 1 6 5 208
3 53 76 39.594 -115.12 455 142 390 390 2014 7 3 18 2 6 5 208
3 53 76 39.471 -114.99 458 322 390 390 2014 7 3 18 3 6 5 208
3 53 76 39.369 -114.89 459 142 390 390 2014 7 3 18 4 6 5 204
3 53 76 39.27 -114.8 463 142 390 390 2014 7 3 18 5 6 5 204
3 53 76 39.164 -114.69 463 142 390 390 2014 7 3 18 6 6 5 204
3 53 76 39.062 -114.59 461 143 390 390 2014 7 3 18 7 6 5 204
3 53 76 38.96 -114.49 461 141 390 390 2014 7 3 18 8 6 5 204
3 53 76 38.836 -114.37 462 143 390 390 2014 7 3 18 9 6 5 204
3 53 76 38.735 -114.27 462 143 390 390 2014 7 3 18 10 6 5 204
3 53 76 38.634 -114.17 460 141 390 390 2014 7 3 18 11 6 5 204
3 53 76 38.532 -114.07 458 143 390 390 2014 7 3 18 12 6 5 204
3 53 76 38.432 -113.98 458 142 390 390 2014 7 3 18 13 6 5 204
3 53 76 38.311 -113.86 458 142 390 390 2014 7 3 18 14 6 5 206
3 53 76 38.208 -113.76 458 143 390 390 2014 7 3 18 15 6 5 206
3 53 76 38.107 -113.67 458 143 390 390 2014 7 3 18 16 6 5 206
3 53 76 38.005 -113.57 457 142 390 390 2014 7 3 18 17 16 5 206
3 53 76 37.9 -113.48 456 146 390 390 2014 7 3 18 18 16 5 206
3 53 76 37.786 -113.41 454 154 390 390 2014 7 3 18 19 6 5 206
3 53 76 37.649 -113.33 454 155 390 390 2014 7 3 18 20 6 5 206
3 53 76 37.535 -113.26 455 154 390 390 2014 7 3 18 21 6 1 49
3 53 76 37.422 -113.19 457 154 390 390 2014 7 3 18 22 6 1 49
3 53 76 37.309 -113.12 455 154 390 390 2014 7 3 18 23 6 1 49
3 53 76 37.172 -113.04 457 154 390 390 2014 7 3 18 24 8 1 49
3 53 76 37.054 -112.99 455 154 390 390 2014 7 3 18 25 6 1 49
3 53 76 36.932 -112.96 449 161 390 390 2014 7 3 18 26 6 1 49
3 53 76 36.932 -112.96 444 169 390 390 2014 7 3 18 27 6 1 49
3 53 76 36.686 -112.92 447 173 390 390 2014 7 3 18 28 6 1 49
3 53 76 36.686 -112.91 448 168 390 390 2014 7 3 18 29 7 1 49
3 53 76 36.479 -112.85 464 166 390 390 2014 7 3 18 30 6 1 49
3 53 76 36.355 -112.82 457 166 390 390 2014 7 3 18 31 6 1 49
3 53 76 36.221 -112.78 456 166 390 390 2014 7 3 18 32 6 1 45
3 53 76 36.097 -112.74 457 165 390 390 2014 7 3 18 33 6 1 45
3 53 76 35.972 -112.7 457 166 390 390 2014 7 3 18 34 7 1 45
3 53 76 35.848 -112.67 457 166 390 390 2014 7 3 18 35 6 1 45
3 53 76 35.725 -112.63 457 166 390 390 2014 7 3 18 36 6 1 45
3 53 76 35.601 -112.59 456 166 390 390 2014 7 3 18 37 6 1 45
3 53 76 35.526 -112.57 457 167 390 390 2014 7 3 18 38 6 1 45
3 53 76 35.403 -112.53 452 165 390 390 2014 7 3 18 39 6 1 45
3 53 76 35.282 -112.5 449 166 390 390 2014 7 3 18 40 6 2 89
3 53 76 35.16 -112.46 448 167 390 390 2014 7 3 18 41 6 2 89
3 53 76 34.964 -112.41 450 166 390 390 2014 7 3 18 42 6 2 89
3 53 76 34.894 -112.39 445 166 390 390 2014 7 3 18 43 6 2 89
3 53 76 34.843 -112.37 447 166 390 390 2014 7 3 18 44 6 2 89
3 53 76 34.589 -112.3 446 166 390 390 2014 7 3 18 45 6 2 89
3 53 76 34.469 -112.26 446 166 390 390 2014 7 3 18 46 6 2 89
3 53 76 34.468 -112.26 446 166 390 310 2014 7 3 18 47 6 2 89
3 53 76 34.348 -112.23 445 166 387 310 2014 7 3 18 48 6 2 89
3 53 76 34.227 -112.2 446 166 373 310 2014 7 3 18 49 6 2 89
3 53 76 34.08 -112.15 453 166 357 310 2014 7 3 18 50 6 2 89
3 53 76 33.958 -112.12 455 166 343 310 2014 7 3 18 51 6 2 89
3 53 76 33.836 -112.08 455 166 329 310 2014 7 3 18 52 6 2 89
3 53 76 33.715 -112.05 455 166 313 310 2014 7 3 18 53 6 2 89
3 53 76 33.593 -112.01 454 166 310 310 2014 7 3 18 54 6 2 89
3 53 76 33.448 -111.97 453 166 304 310 2014 7 3 18 55 6 2 90
3 53 76 33.334 -111.96 429 166 282 310 2014 7 3 18 56 6 2 90
3 53 76 33.226 -111.95 399 169 280 310 2014 7 3 18 57 6 2 90
3 53 76 33.123 -111.93 380 173 262 310 2014 7 3 18 58 6 2 90
3 53 76 33.019 -111.92 377 174 248 310 2014 7 3 18 59 6 2 60
3 53 76 32.918 -111.91 366 174 227 310 2014 7 3 19 0 6 2 60
3 53 76 32.815 -111.85 349 175 208 310 2014 7 3 19 1 7 2 60
3 53 76 32.736 -111.78 349 162 190 310 2014 7 3 19 2 6 2 60
3 53 76 32.663 -111.72 326 146 173 310 2014 7 3 19 3 6 2 60
3 53 76 32.592 -111.67 310 146 155 310 2014 7 3 19 4 6 2 60
3 53 76 32.536 -111.6 300 138 136 310 2014 7 3 19 5 6 2 60
3 53 76 32.513 -111.56 295 133 127 310 2014 7 3 19 6 6 2 60
3 53 76 32.461 -111.47 287 123 104 310 2014 7 3 19 7 6 2 77
3 53 76 32.394 -111.35 286 124 76 310 2014 7 3 19 8 6 2 77
3 53 76 32.349 -111.27 286 122 70 310 2014 7 3 19 9 6 2 77
3 53 76 32.304 -111.19 286 124 70 310 2014 7 3 19 10 6 2 77
3 53 76 32.291 -111.17 281 125 70 310 2014 7 3 19 11 6 2 77
3 53 76 32.252 -111.1 226 121 61 310 2014 7 3 19 12 6 2 77
3 53 76 32.184 -111.01 221 132 42 310 2014 7 3 19 13 6 2 77
3 53 76 32.165 -111 189 133 37 310 2014 7 3 19 14 8 2 77
3 53 76 32.134 -110.96 158 133 30 310 2014 7 3 19 15 6 2 77
4 53 76 45.594 -122.62 142 0 8 390 2014 7 4 0 41 7 3 112
4 53 76 45.614 -122.67 174 289 21 390 2014 7 4 0 42 6 3 112
4 53 76 45.644 -122.74 227 298 50 390 2014 7 4 0 43 6 3 112
4 53 76 45.652 -122.79 245 300 67 390 2014 7 4 0 44 6 3 112
4 53 76 45.586 -122.8 285 294 99 390 2014 7 4 0 45 6 3 112
4 53 76 45.506 -122.75 332 215 123 390 2014 7 4 0 46 6 3 112
4 53 76 45.41 -122.68 351 168 156 390 2014 7 4 0 47 6 3 131
4 53 76 45.325 -122.63 365 155 181 390 2014 7 4 0 48 6 3 130
4 53 76 45.229 -122.57 373 155 207 390 2014 7 4 0 49 6 3 130
4 53 76 45.126 -122.5 393 155 229 390 2014 7 4 0 50 6 3 130
4 53 76 45.019 -122.43 414 155 248 390 2014 7 4 0 51 6 3 135
4 53 76 44.906 -122.38 430 160 265 390 2014 7 4 0 52 6 3 135
4 53 76 44.773 -122.34 437 158 279 390 2014 7 4 0 53 6 3 135
4 53 76 44.648 -122.31 445 165 293 390 2014 7 4 0 54 6 3 135
4 53 76 44.519 -122.28 461 169 309 390 2014 7 4 0 55 6 3 135
4 53 76 44.392 -122.25 462 170 329 390 2014 7 4 0 56 6 3 135
4 53 76 44.265 -122.22 462 170 343 390 2014 7 4 0 57 6 3 135
4 53 76 44.136 -122.19 463 170 356 390 2014 7 4 0 58 15 3 135
4 53 76 44.009 -122.16 463 170 370 390 2014 7 4 0 59 6 3 135
4 53 76 43.884 -122.13 462 170 384 390 2014 7 4 1 0 6 3 135
4 53 76 43.759 -122.1 455 170 390 390 2014 7 4 1 1 7 3 135
4 53 76 43.612 -122.06 451 170 390 390 2014 7 4 1 2 16 3 141
4 53 76 43.487 -122.03 451 170 390 390 2014 7 4 1 3 6 3 141
4 53 76 43.362 -121.99 455 169 390 390 2014 7 4 1 4 6 3 141
4 53 76 43.243 -121.94 457 160 390 390 2014 7 4 1 5 6 3 141
4 53 76 43.122 -121.88 457 163 390 390 2014 7 4 1 6 6 3 141
4 53 76 43.001 -121.83 457 161 390 390 2014 7 4 1 7 6 3 141
4 53 76 42.881 -121.77 457 161 390 390 2014 7 4 1 8 6 3 141
4 53 76 42.76 -121.72 457 161 390 390 2014 7 4 1 9 6 3 141
4 53 76 42.641 -121.66 454 161 390 390 2014 7 4 1 10 13 3 141
4 53 76 42.496 -121.6 453 161 390 390 2014 7 4 1 11 6 3 141
4 53 76 42.376 -121.55 453 161 390 390 2014 7 4 1 12 6 3 141
4 53 76 42.254 -121.49 457 162 390 390 2014 7 4 1 13 6 3 141
4 53 76 42.133 -121.44 453 161 390 390 2014 7 4 1 14 6 3 141
4 53 76 42.011 -121.38 454 162 390 390 2014 7 4 1 15 6 3 141
4 53 76 41.89 -121.33 454 162 390 390 2014 7 4 1 16 6 3 141
4 53 76 41.768 -121.28 457 161 390 390 2014 7 4 1 17 6 3 141
4 53 76 41.649 -121.23 453 162 390 390 2014 7 4 1 18 6 3 141
4 53 76 41.527 -121.17 454 161 390 390 2014 7 4 1 19 16 3 141
4 53 76 41.431 -121.13 458 161 390 390 2014 7 4 1 20 6 3 141
4 53 76 41.309 -121.08 458 162 390 390 2014 7 4 1 21 6 3 142
4 53 76 41.164 -121.02 456 161 390 390 2014 7 4 1 22 6 3 142
4 53 76 41.04 -120.97 465 162 390 390 2014 7 4 1 23 6 3 142
4 53 76 40.918 -120.91 464 162 390 390 2014 7 4 1 24 6 4 186
4 53 76 40.795 -120.86 463 161 390 390 2014 7 4 1 25 6 4 186
4 53 76 40.673 -120.81 463 161 390 390 2014 7 4 1 26 6 4 186
4 53 76 40.649 -120.8 462 162 390 390 2014 7 4 1 27 6 4 186
4 53 76 40.524 -120.75 457 162 390 390 2014 7 4 1 28 6 4 186
4 53 76 40.303 -120.65 461 161 390 390 2014 7 4 1 29 6 4 186
4 53 76 40.181 -120.6 459 162 390 390 2014 7 4 1 30 6 4 186
4 53 76 40.061 -120.55 456 162 390 390 2014 7 4 1 31 7 4 186
4 53 76 39.935 -120.5 453 162 390 390 2014 7 4 1 32 6 4 186
4 53 76 39.816 -120.45 453 162 390 390 2014 7 4 1 33 6 4 186
4 53 76 39.814 -120.45 454 162 390 390 2014 7 4 1 34 7 4 186
4 53 76 39.694 -120.4 453 162 390 390 2014 7 4 1 35 6 4 181
4 53 76 39.572 -120.35 454 162 390 390 2014 7 4 1 36 6 4 181
4 53 76 39.451 -120.3 454 162 390 390 2014 7 4 1 37 6 4 181
4 53 76 39.329 -120.25 455 162 390 390 2014 7 4 1 38 6 4 181
4 53 76 39.084 -120.16 458 162 390 390 2014 7 4 1 39 15 4 185
4 53 76 39.084 -120.16 458 162 390 390 2014 7 4 1 40 6 4 185
4 53 76 38.94 -120.1 455 163 390 390 2014 7 4 1 41 6 4 185
4 53 76 38.814 -120.05 450 161 390 390 2014 7 4 1 42 16 4 185
4 53 76 38.695 -120.01 450 162 390 390 2014 7 4 1 43 6 4 185
4 53 76 38.576 -119.96 449 162 390 390 2014 7 4 1 44 6 4 185
4 53 76 38.463 -119.91 447 162 390 390 2014 7 4 1 45 6 4 185
4 53 76 38.333 -119.86 441 163 390 390 2014 7 4 1 46 6 4 185
4 53 76 38.217 -119.81 441 163 390 390 2014 7 4 1 47 6 4 185
4 53 76 38.114 -119.78 439 162 390 390 2014 7 4 1 48 15 4 185
4 53 76 37.97 -119.72 437 162 390 390 2014 7 4 1 49 6 4 184
4 53 76 37.855 -119.67 434 163 390 390 2014 7 4 1 50 6 4 184
4 53 76 37.739 -119.63 437 163 390 390 2014 7 4 1 51 6 4 184
4 53 76 37.624 -119.59 432 162 390 390 2014 7 4 1 52 6 4 184
4 53 76 37.5 -119.54 435 162 390 390 2014 7 4 1 53 6 4 184
4 53 76 37.386 -119.49 434 163 390 390 2014 7 4 1 54 10 4 187
4 53 76 37.255 -119.44 433 162 390 390 2014 7 4 1 55 15 4 187
4 53 76 37.14 -119.4 429 163 390 390 2014 7 4 1 56 6 4 187
4 53 76 37.023 -119.36 432 163 390 390 2014 7 4 1 57 6 4 187
4 53 76 36.907 -119.31 435 163 390 390 2014 7 4 1 58 16 4 187
4 53 76 36.766 -119.26 439 163 390 390 2014 7 4 1 59 6 4 187
4 53 76 36.648 -119.22 439 162 390 390 2014 7 4 2 0 6 4 187
4 53 76 36.53 -119.17 442 163 390 390 2014 7 4 2 1 6 4 187
4 53 76 36.412 -119.13 442 163 390 390 2014 7 4 2 2 6 4 187
4 53 76 36.294 -119.08 441 162 390 390 2014 7 4 2 3 6 4 187
4 53 76 36.176 -119.04 442 164 390 390 2014 7 4 2 4 6 4 187
4 53 76 36.085 -119.01 435 163 390 390 2014 7 4 2 5 6 1 53
4 53 76 35.98 -118.92 448 162 390 390 2014 7 4 2 6 6 1 53
4 53 76 35.908 -118.79 468 132 390 390 2014 7 4 2 7 16 1 53
4 53 76 35.836 -118.66 468 123 390 390 2014 7 4 2 8 8 1 53
4 53 76 35.764 -118.52 468 123 390 390 2014 7 4 2 9 6 1 34
4 53 76 35.692 -118.39 466 123 390 390 2014 7 4 2 10 6 1 34
4 53 76 35.619 -118.26 466 124 390 390 2014 7 4 2 11 6 1 34
4 53 76 35.546 -118.12 467 123 390 390 2014 7 4 2 12 6 1 34
4 53 76 35.473 -117.99 467 123 390 390 2014 7 4 2 13 6 1 34
4 53 76 35.384 -117.83 468 124 390 390 2014 7 4 2 14 15 1 34
4 53 76 35.362 -117.79 469 124 390 390 2014 7 4 2 15 6 1 34
4 53 76 35.29 -117.66 468 124 390 390 2014 7 4 2 16 6 1 34
4 53 76 35.216 -117.53 468 123 390 390 2014 7 4 2 17 16 1 34
4 53 76 35.14 -117.39 469 123 390 390 2014 7 4 2 18 15 1 34
4 53 76 35.051 -117.24 451 124 390 390 2014 7 4 2 19 6 1 34
4 53 76 34.979 -117.11 449 125 390 390 2014 7 4 2 20 16 1 34
4 53 76 34.907 -116.99 454 125 390 390 2014 7 4 2 21 6 1 43
4 53 76 34.834 -116.86 455 124 390 390 2014 7 4 2 22 16 1 43
4 53 76 34.763 -116.73 453 124 390 390 2014 7 4 2 23 16 1 43
4 53 76 34.69 -116.61 455 124 390 390 2014 7 4 2 24 16 1 44
4 53 76 34.617 -116.48 451 124 390 390 2014 7 4 2 25 16 1 44
4 53 76 34.546 -116.36 453 125 390 390 2014 7 4 2 26 6 1 44
4 53 76 34.456 -116.21 458 124 390 390 2014 7 4 2 27 6 1 44
4 53 76 34.385 -116.08 452 125 390 390 2014 7 4 2 28 6 1 44
4 53 76 34.311 -115.96 454 125 390 390 2014 7 4 2 29 6 1 42
4 53 76 34.231 -115.82 454 125 390 390 2014 7 4 2 30 6 1 42
4 53 76 34.157 -115.69 454 125 390 390 2014 7 4 2 31 6 1 42
4 53 76 34.084 -115.57 451 125 390 390 2014 7 4 2 32 6 1 42
4 53 76 34.021 -115.44 448 125 390 390 2014 7 4 2 33 6 1 42
4 53 76 33.957 -115.28 453 118 390 390 2014 7 4 2 34 6 1 42
4 53 76 33.91 -115.17 449 115 390 390 2014 7 4 2 35 16 1 42
4 53 76 33.855 -115.04 449 117 390 250 2014 7 4 2 36 6 1 41
4 53 76 33.846 -115.01 453 117 390 250 2014 7 4 2 37 16 1 41
4 53 76 33.792 -114.88 453 116 390 250 2014 7 4 2 38 7 1 39
4 53 76 33.73 -114.74 454 114 372 250 2014 7 4 2 39 15 1 39
4 53 76 33.678 -114.61 448 116 345 250 2014 7 4 2 40 6 1 39
4 53 76 33.624 -114.47 448 116 316 250 2014 7 4 2 41 6 1 39
4 53 76 33.571 -114.34 454 117 293 250 2014 7 4 2 42 6 1 39
4 53 76 33.514 -114.21 434 114 270 250 2014 7 4 2 43 6 1 39
4 53 76 33.462 -114.08 425 115 250 250 2014 7 4 2 44 6 1 39
4 53 76 33.431 -113.92 417 104 250 250 2014 7 4 2 45 6 2 64
4 53 76 33.404 -113.79 417 103 250 250 2014 7 4 2 46 6 2 64
4 53 76 33.377 -113.65 417 103 250 250 2014 7 4 2 47 15 2 64
4 53 76 33.35 -113.52 417 103 229 250 2014 7 4 2 48 16 2 64
4 53 76 33.33 -113.39 401 100 214 250 2014 7 4 2 49 6 2 64
4 53 76 33.319 -113.26 394 95 204 250 2014 7 4 2 50 6 2 64
4 53 76 33.309 -113.14 378 95 195 250 2014 7 4 2 51 6 2 64
4 53 76 33.299 -113.03 352 97 185 250 2014 7 4 2 52 6 2 64
4 53 76 33.29 -112.92 327 96 174 250 2014 7 4 2 53 6 2 64
4 53 76 33.283 -112.78 304 93 160 250 2014 7 4 2 54 6 2 64
4 53 76 33.283 -112.68 273 88 155 250 2014 7 4 2 55 6 2 79
4 53 76 33.284 -112.62 273 88 146 250 2014 7 4 2 56 6 2 79
4 53 76 33.287 -112.54 257 89 135 250 2014 7 4 2 57 6 2 79
4 53 76 33.283 -112.42 255 91 119 250 2014 7 4 2 58 16 2 79
4 53 76 33.267 -112.33 246 94 105 250 2014 7 4 2 59 6 2 79
4 53 76 33.283 -112.27 222 94 100 250 2014 7 4 3 0 6 2 79
4 53 76 33.317 -112.25 227 47 101 250 2014 7 4 3 1 16 2 79
4 53 76 33.333 -112.16 235 76 100 250 2014 7 4 3 2 6 2 79
4 53 76 33.4 -112.13 221 15 97 250 2014 7 4 3 3 6 2 79
4 53 76 33.45 -112.12 224 15 90 250 2014 7 4 3 4 16 2 79
4 53 76 33.509 -112.09 221 25 90 250 2014 7 4 3 5 16 2 79
4 53 76 33.567 -112.1 231 348 90 250 2014 7 4 3 6 6 2 79
4 53 76 33.572 -112.18 230 270 90 250 2014 7 4 3 7 6 2 79
4 53 76 33.55 -112.24 236 244 90 250 2014 7 4 3 8 6 2 79
4 53 76 33.496 -112.29 235 219 90 250 2014 7 4 3 9 16 2 79
4 53 76 33.442 -112.33 234 209 90 250 2014 7 4 3 10 6 2 79
4 53 76 33.396 -112.31 231 140 90 250 2014 7 4 3 11 6 2 79
4 53 76 33.422 -112.23 236 73 90 250 2014 7 4 3 12 16 2 79
4 53 76 33.475 -112.19 238 29 90 250 2014 7 4 3 13 16 2 79
4 53 76 33.528 -112.14 234 39 90 250 2014 7 4 3 14 6 2 79
4 53 76 33.567 -112.12 226 34 91 250 2014 7 4 3 15 6 2 79
4 53 76 33.648 -112.11 222 11 90 250 2014 7 4 3 16 15 2 79
4 53 76 33.705 -112.13 234 348 90 250 2014 7 4 3 17 6 2 79
4 53 76 33.712 -112.21 224 286 90 250 2014 7 4 3 18 6 2 79
4 53 76 33.718 -112.28 226 270 90 250 2014 7 4 3 19 16 2 74
4 53 76 33.725 -112.36 225 270 91 250 2014 7 4 3 20 6 2 74
4 53 76 33.733 -112.4 229 276 91 250 2014 7 4 3 21 6 2 74
4 53 76 33.679 -112.47 233 239 91 250 2014 7 4 3 22 15 2 74
4 53 76 33.604 -112.49 233 195 91 250 2014 7 4 3 23 15 2 74
4 53 76 33.54 -112.51 233 191 91 250 2014 7 4 3 24 16 2 74
4 53 76 33.477 -112.53 233 191 91 250 2014 7 4 3 25 15 2 79
4 53 76 33.434 -112.49 216 195 91 250 2014 7 4 3 26 6 2 79
4 53 76 33.426 -112.43 204 120 82 250 2014 7 4 3 27 6 2 79
4 53 76 33.433 -112.4 203 98 79 250 2014 7 4 3 28 6 2 79
4 53 76 33.428 -112.36 204 84 73 250 2014 7 4 3 29 16 2 79
4 53 76 33.433 -112.27 203 97 53 250 2014 7 4 3 30 7 2 79
4 53 76 33.483 -112.22 233 47 65 250 2014 7 4 3 31 6 2 79
4 53 76 33.55 -112.17 260 36 83 250 2014 7 4 3 32 6 2 79
4 53 76 33.6 -112.12 272 36 116 250 2014 7 4 3 33 6 2 79
4 53 76 33.617 -112.03 312 66 143 250 2014 7 4 3 34 6 2 79
4 53 76 33.567 -111.97 332 133 174 250 2014 7 4 3 35 6 2 79
4 53 76 33.486 -111.91 339 131 196 250 2014 7 4 3 36 6 2 79
4 53 76 33.42 -111.82 356 147 200 200 2014 7 4 3 37 16 2 79
4 53 76 33.357 -111.73 360 140 200 200 2014 7 4 3 38 15 2 79
4 53 76 33.293 -111.64 363 130 200 200 2014 7 4 3 39 16 2 79
4 53 76 33.218 -111.52 363 129 200 200 2014 7 4 3 40 16 2 79
4 53 76 33.153 -111.43 363 128 200 200 2014 7 4 3 41 6 2 79
4 53 76 33.088 -111.34 365 129 200 200 2014 7 4 3 42 6 2 79
4 53 76 33.016 -111.25 365 140 200 200 2014 7 4 3 43 6 2 60
4 53 76 32.993 -111.14 344 132 200 200 2014 7 4 3 44 16 2 60
4 53 76 32.97 -111.04 341 120 200 200 2014 7 4 3 45 15 2 60
4 53 76 32.916 -110.95 348 103 200 200 2014 7 4 3 46 6 2 60
4 53 76 32.839 -110.89 342 115 188 200 2014 7 4 3 47 16 2 60
4 53 76 32.765 -110.82 332 152 172 200 2014 7 4 3 48 15 2 60
4 53 76 32.655 -110.73 310 143 156 200 2014 7 4 3 49 16 2 60
4 53 76 32.583 -110.67 296 143 140 200 2014 7 4 3 50 17 2 59
4 53 76 32.533 -110.67 306 144 129 200 2014 7 4 3 51 6 2 59
4 53 76 32.41 -110.7 304 190 110 200 2014 7 4 3 52 16 2 77
4 53 76 32.336 -110.72 271 193 110 200 2014 7 4 3 53 16 2 77
4 53 76 32.301 -110.73 278 196 106 200 2014 7 4 3 54 16 2 77
4 53 76 32.246 -110.8 278 223 106 200 2014 7 4 3 55 24 2 77
4 53 76 32.234 -110.75 257 193 96 200 2014 7 4 3 56 6 2 77
4 53 76 32.106 -110.79 242 193 76 200 2014 7 4 3 57 6 2 77
4 53 76 32.053 -110.75 208 148 67 200 2014 7 4 3 58 15 2 77
4 53 76 32.031 -110.81 208 206 56 200 2014 7 4 3 59 6 2 77
4 53 76 32.066 -110.86 208 307 56 200 2014 7 4 4 0 6 2 77
5 53 76 45.595 -122.62 162 0 6 390 2014 7 4 16 53 15 3 112
5 53 76 45.626 -122.69 218 289 26 390 2014 7 4 16 54 16 3 112
5 53 76 45.589 -122.62 218 128 26 390 2014 7 4 16 55 6 3 112
5 53 76 45.618 -122.79 244 283 60 390 2014 7 4 16 56 6 3 112
5 53 76 45.559 -122.74 277 262 83 390 2014 7 4 16 57 16 3 112
5 53 76 45.477 -122.52 331 131 127 390 2014 7 4 16 58 16 3 112
5 53 76 45.477 -122.52 331 131 127 390 2014 7 4 16 59 15 3 112
5 53 76 45.43 -122.4 340 117 150 390 2014 7 4 17 0 6 3 112
5 53 76 45.344 -122.19 369 120 181 390 2014 7 4 17 1 6 3 131
5 53 76 45.334 -122.17 366 121 184 390 2014 7 4 17 2 6 3 131
5 53 76 45.279 -122.04 381 121 203 390 2014 7 4 17 3 6 3 131
5 53 76 45.163 -121.82 380 126 233 390 2014 7 4 17 4 6 3 131
5 53 76 45.092 -121.7 393 129 251 390 2014 7 4 17 5 15 3 139
5 53 76 45.007 -121.55 396 128 272 390 2014 7 4 17 6 15 3 139
5 53 76 44.938 -121.43 396 130 286 390 2014 7 4 17 7 16 3 139
5 53 76 44.921 -121.42 398 130 289 390 2014 7 4 17 8 6 3 139
5 53 76 44.764 -121.24 404 141 308 390 2014 7 4 17 9 15 3 139
5 53 76 44.751 -121.22 406 140 310 390 2014 7 4 17 10 16 3 139
5 53 76 44.586 -121.03 412 140 333 390 2014 7 4 17 11 16 3 139
5 53 76 44.499 -120.93 412 139 341 390 2014 7 4 17 12 16 3 139
5 53 76 44.462 -120.89 414 140 344 390 2014 7 4 17 13 7 3 139
5 53 76 44.368 -120.78 426 141 348 390 2014 7 4 17 14 16 3 139
5 53 76 44.297 -120.7 426 140 354 390 2014 7 4 17 15 8 3 139
5 53 76 44.184 -120.57 434 141 364 390 2014 7 4 17 16 6 3 139
5 53 76 44.091 -120.47 434 141 373 390 2014 7 4 17 17 15 3 142
5 53 76 43.992 -120.35 421 141 381 390 2014 7 4 17 18 6 3 142
5 53 76 43.902 -120.25 420 140 387 390 2014 7 4 17 19 6 3 142
5 53 76 43.821 -120.16 419 141 390 390 2014 7 4 17 20 16 3 142
5 53 76 43.729 -120.06 423 141 390 390 2014 7 4 17 21 6 3 142
5 53 76 43.635 -119.96 433 141 390 390 2014 7 4 17 22 16 3 142
5 53 76 43.521 -119.83 437 141 390 390 2014 7 4 17 23 6 3 142
5 53 76 43.422 -119.72 447 141 390 390 2014 7 4 17 24 6 3 142
5 53 76 43.325 -119.62 449 140 390 390 2014 7 4 17 25 16 3 142
5 53 76 43.235 -119.52 450 141 390 390 2014 7 4 17 26 6 3 142
5 53 76 43.136 -119.41 451 141 390 390 2014 7 4 17 27 6 3 142
5 53 76 43.028 -119.29 457 141 390 390 2014 7 4 17 28 6 3 142
5 53 76 42.92 -119.18 463 141 390 390 2014 7 4 17 29 15 3 142
5 53 76 42.819 -119.07 460 141 390 390 2014 7 4 17 30 16 3 142
5 53 76 42.714 -118.96 453 141 390 390 2014 7 4 17 31 6 5 213
5 53 76 42.626 -118.86 458 142 390 390 2014 7 4 17 32 15 5 213
5 53 76 42.506 -118.74 459 141 390 390 2014 7 4 17 33 15 5 213
5 53 76 42.41 -118.64 461 141 390 390 2014 7 4 17 34 6 5 213
5 53 76 42.303 -118.53 459 142 390 390 2014 7 4 17 35 15 5 213
5 53 76 42.205 -118.43 461 141 390 390 2014 7 4 17 36 6 5 208
5 53 76 42.091 -118.31 460 142 390 390 2014 7 4 17 37 16 5 208
5 53 76 42.005 -118.18 460 132 390 390 2014 7 4 17 38 6 5 208
5 53 76 41.898 -118.11 460 143 390 390 2014 7 4 17 39 15 5 208
5 53 76 41.787 -117.99 459 143 390 390 2014 7 4 17 40 6 5 208
5 53 76 41.684 -117.86 459 141 390 390 2014 7 4 17 41 6 5 208
5 53 76 41.595 -117.75 459 135 390 390 2014 7 4 17 42 16 5 208
5 53 76 41.595 -117.75 459 135 390 390 2014 7 4 17 43 6 5 208
5 53 76 41.49 -117.62 459 136 390 390 2014 7 4 17 44 6 5 208
5 53 76 41.401 -117.51 459 138 390 390 2014 7 4 17 45 6 5 208
5 53 76 41.298 -117.38 457 137 390 390 2014 7 4 17 46 6 5 208
5 53 76 41.21 -117.27 456 136 390 390 2014 7 4 17 47 16 5 208
5 53 76 41.121 -117.16 456 138 390 390 2014 7 4 17 48 6 5 208
5 53 76 41.018 -117.03 455 136 390 390 2014 7 4 17 49 6 5 208
5 53 76 40.929 -116.92 454 137 390 390 2014 7 4 17 50 16 5 208
5 53 76 40.824 -116.8 454 137 390 390 2014 7 4 17 51 6 5 208
5 53 76 40.734 -116.69 452 139 390 390 2014 7 4 17 52 6 5 208
5 53 76 40.621 -116.58 451 139 390 390 2014 7 4 17 53 6 5 208
5 53 76 40.523 -116.48 451 140 390 390 2014 7 4 17 54 15 5 208
5 53 76 40.426 -116.38 452 142 390 390 2014 7 4 17 55 15 5 208
5 53 76 40.313 -116.27 452 143 390 390 2014 7 4 17 56 6 5 208
5 53 76 40.216 -116.18 452 142 390 390 2014 7 4 17 57 16 5 208
5 53 76 40.104 -116.07 452 143 390 390 2014 7 4 17 58 6 5 208
5 53 76 40.007 -115.97 452 142 390 390 2014 7 4 17 59 6 5 208
5 53 76 39.893 -115.86 452 143 390 390 2014 7 4 18 0 16 5 208
5 53 76 39.796 -115.77 452 143 390 390 2014 7 4 18 1 6 5 208
5 53 76 39.679 -115.66 452 143 390 390 2014 7 4 18 2 8 5 208
5 53 76 39.578 -115.56 452 142 390 390 2014 7 4 18 3 6 5 208
5 53 76 39.456 -115.44 452 144 390 390 2014 7 4 18 4 6 5 208
5 53 76 39.355 -115.35 453 143 390 390 2014 7 4 18 5 15 5 208
5 53 76 39.277 -115.27 454 144 390 390 2014 7 4 18 6 15 5 204
5 53 76 39.163 -115.16 455 143 390 390 2014 7 4 18 7 6 5 204
5 53 76 39.068 -115.07 455 144 390 390 2014 7 4 18 8 6 5 204
5 53 76 38.945 -114.96 457 143 390 390 2014 7 4 18 9 16 5 204
5 53 76 38.821 -114.84 458 144 390 390 2014 7 4 18 10 16 5 204
5 53 76 38.718 -114.75 459 143 390 390 2014 7 4 18 11 15 5 204
5 53 76 38.634 -114.67 459 143 390 390 2014 7 4 18 12 16 5 204
5 53 76 38.615 -114.65 459 144 390 390 2014 7 4 18 13 6 5 204
5 53 76 38.512 -114.56 459 143 390 390 2014 7 4 18 14 16 5 204
5 53 76 38.431 -114.48 456 143 390 390 2014 7 4 18 15 16 5 204
5 53 76 38.308 -114.37 455 144 390 390 2014 7 4 18 16 16 5 204
5 53 76 38.184 -114.26 456 144 390 390 2014 7 4 18 17 6 5 204
5 53 76 38.082 -114.16 456 144 390 390 2014 7 4 18 18 6 5 204
5 53 76 37.979 -114.07 456 144 390 390 2014 7 4 18 19 16 1 38
5 53 76 37.876 -113.97 456 144 390 390 2014 7 4 18 20 15 1 38
5 53 76 37.772 -113.88 457 144 390 390 2014 7 4 18 21 6 1 38
5 53 76 37.648 -113.77 457 144 390 390 2014 7 4 18 22 6 1 49
5 53 76 37.543 -113.68 465 144 390 390 2014 7 4 18 23 6 1 49
5 53 76 37.44 -113.58 464 144 390 390 2014 7 4 18 24 15 1 49
5 53 76 37.336 -113.49 462 144 390 390 2014 7 4 18 25 15 1 49
5 53 76 37.233 -113.4 460 144 390 390 2014 7 4 18 26 6 1 49
5 53 76 37.129 -113.31 459 145 390 390 2014 7 4 18 27 16 1 49
5 53 76 37.005 -113.2 460 144 390 390 2014 7 4 18 28 6 1 49
5 53 76 36.901 -113.11 460 144 390 390 2014 7 4 18 29 6 1 49
5 53 76 36.796 -113.01 461 145 390 390 2014 7 4 18 30 6 1 49
5 53 76 36.691 -112.92 461 145 390 390 2014 7 4 18 31 15 1 49
5 53 76 36.586 -112.83 461 144 390 390 2014 7 4 18 32 6 1 49
5 53 76 36.461 -112.72 461 145 390 390 2014 7 4 18 33 6 1 49
5 53 76 36.357 -112.63 460 145 390 390 2014 7 4 18 34 6 1 49
5 53 76 36.233 -112.53 458 144 390 390 2014 7 4 18 35 16 1 45
5 53 76 36.143 -112.46 460 145 390 390 2014 7 4 18 36 16 1 45
5 53 76 36.021 -112.44 451 153 390 390 2014 7 4 18 37 16 1 45
5 53 76 35.9 -112.42 447 171 390 390 2014 7 4 18 38 6 1 45
5 53 76 35.753 -112.39 447 171 390 390 2014 7 4 18 39 16 1 45
5 53 76 35.631 -112.37 444 171 390 390 2014 7 4 18 40 15 1 45
5 53 76 35.508 -112.35 444 171 390 390 2014 7 4 18 41 6 1 45
5 53 76 35.484 -112.34 443 171 390 390 2014 7 4 18 42 16 1 45
5 53 76 35.385 -112.32 444 171 390 390 2014 7 4 18 43 15 2 89
5 53 76 35.237 -112.3 444 170 390 390 2014 7 4 18 44 6 2 89
5 53 76 35.114 -112.28 444 171 390 390 2014 7 4 18 45 6 2 89
5 53 76 35.017 -112.26 443 171 390 390 2014 7 4 18 46 6 2 89
5 53 76 34.868 -112.23 444 170 390 390 2014 7 4 18 47 16 2 89
5 53 76 34.745 -112.21 444 171 390 390 2014 7 4 18 48 6 2 89
5 53 76 34.625 -112.19 442 171 390 390 2014 7 4 18 49 6 2 89
5 53 76 34.481 -112.16 442 171 390 310 2014 7 4 18 50 6 2 89
5 53 76 34.359 -112.14 442 171 390 310 2014 7 4 18 51 16 2 89
5 53 76 34.237 -112.11 443 171 385 310 2014 7 4 18 52 16 2 89
5 53 76 34.117 -112.09 442 171 375 310 2014 7 4 18 53 16 2 89
5 53 76 33.999 -112.07 440 171 360 310 2014 7 4 18 54 6 2 89
5 53 76 33.88 -112.05 439 171 341 310 2014 7 4 18 55 15 2 89
5 53 76 33.735 -112.02 440 171 319 310 2014 7 4 18 56 15 2 89
5 53 76 33.614 -112 440 171 310 310 2014 7 4 18 57 6 2 89
5 53 76 33.496 -111.98 440 171 310 310 2014 7 4 18 58 6 2 90
5 53 76 33.374 -111.96 440 171 306 310 2014 7 4 18 59 6 2 90
5 53 76 33.254 -111.95 435 171 292 310 2014 7 4 19 0 6 2 90
5 53 76 33.135 -111.94 436 174 276 310 2014 7 4 19 1 6 2 90
5 53 76 33.014 -111.92 436 174 260 310 2014 7 4 19 2 16 2 90
5 53 76 32.878 -111.89 410 174 246 310 2014 7 4 19 3 6 2 60
5 53 76 32.781 -111.82 405 164 225 310 2014 7 4 19 4 15 2 60
5 53 76 32.665 -111.73 405 146 198 310 2014 7 4 19 5 16 2 60
5 53 76 32.6 -111.67 401 145 179 310 2014 7 4 19 6 6 2 60
5 53 76 32.509 -111.57 386 135 146 310 2014 7 4 19 7 16 2 60
5 53 76 32.456 -111.47 352 122 136 310 2014 7 4 19 8 16 2 77
5 53 76 32.421 -111.41 301 123 133 310 2014 7 4 19 9 15 2 77
5 53 76 32.383 -111.34 261 123 125 310 2014 7 4 19 10 6 2 77
5 53 76 32.344 -111.27 248 122 119 310 2014 7 4 19 11 6 2 77
5 53 76 32.338 -111.26 252 122 117 310 2014 7 4 19 12 6 2 77
5 53 76 32.265 -111.13 270 124 74 310 2014 7 4 19 13 6 2 77
5 53 76 32.259 -111.12 261 123 70 310 2014 7 4 19 14 6 2 77
5 53 76 32.181 -111.01 191 141 43 310 2014 7 4 19 15 16 2 77
5 53 76 32.151 -110.98 157 135 34 310 2014 7 4 19 16 15 2 77
