0 22.038 9.7812 12.886 45.244 21.692 41.706 16.841 23.111 20.577 39.455 36.209 32.674
0 0 19.173 17.984 49.635 19.25 46.023 20.535 21.757 22.29 43.917 41.222 28.313
0 0 0 12.675 45.585 17.383 42.074 18.537 20.371 20.325 39.295 36.878 28.816
0 0 0 0 39.567 25.231 34.345 25.279 15.22 25.31 31.633 28.219 23.604
0 0 0 0 0 55.237 19.883 57.017 37.682 56.19 27.776 22.3 38.602
0 0 0 0 0 0 52.631 16.055 28.34 20.124 49.834 47.496 28.509
0 0 0 0 0 0 0 53.515 32.571 53.192 13.242 12.657 32.875
0 0 0 0 0 0 0 0 28.639 19.991 51.37 48.635 28.409
0 0 0 0 0 0 0 0 0 28.995 29.85 26.514 26.092
0 0 0 0 0 0 0 0 0 0 50.668 48.438 36.488
0 0 0 0 0 0 0 0 0 0 0 11.876 29.315
0 0 0 0 0 0 0 0 0 0 0 0 25.695
0 0 0 0 0 0 0 0 0 0 0 0 0
