0 18.461 18.629 18.42 18.123 19.045 22.085 17.057 16.8 17.644 16.502 18.838 18.33 16.946 20.561 24.155 20.73 17.859 17.304
0 0 17.851 12.722 17.425 15.93 21.464 15.195 14.425 13.047 14.728 14.821 15.195 17 11.454 17.578 20.089 15.111 13.842
0 0 0 18.446 10.683 13.47 12.17 11.275 16.378 14.1 15.296 10.208 9.28 9.5342 16.477 16.544 11.1 13.045 14.23
0 0 0 0 17.989 14.169 21.994 15.829 13.537 10.999 8.9937 14.385 15.829 16.089 11.742 16.786 20.628 13.362 12.771
0 0 0 0 0 13.349 9.3894 12.201 14.827 13.633 13.398 7.5788 9.1693 9.0964 15.955 17.282 9.6086 13.758 14.947
0 0 0 0 0 0 14.668 14.85 16.562 14.613 15.946 13.725 13.195 13.014 15.255 11.6 14.894 10.951 18.911
0 0 0 0 0 0 0 11.282 15.245 17.625 15.711 10.299 11.226 9.1864 19.731 17.845 11.105 13.358 16.777
0 0 0 0 0 0 0 0 15.367 11.507 15.694 9.9217 10.909 7.6221 14.096 15.695 8.5567 14.36 14.587
0 0 0 0 0 0 0 0 0 14.602 12.815 16.487 13.706 15.721 16.588 18.726 15.946 15.402 15.508
0 0 0 0 0 0 0 0 0 0 15.19 12.042 13.047 13.635 9.702 16.065 16.262 11.796 10.74
0 0 0 0 0 0 0 0 0 0 0 15.402 14.612 15.946 15.252 16.209 15.599 15.694 15.613
0 0 0 0 0 0 0 0 0 0 0 0 8.36 8.6443 12.785 16.882 12.028 13.595 16.149
0 0 0 0 0 0 0 0 0 0 0 0 0 9.2829 14.096 16.589 9.0425 14.279 15.441
0 0 0 0 0 0 0 0 0 0 0 0 0 0 15.195 17.153 10.89 15.532 17.925
0 0 0 0 0 0 0 0 0 0 0 0 0 0 0 15.99 18.426 11.774 15.217
0 0 0 0 0 0 0 0 0 0 0 0 0 0 0 0 17.449 10.875 23.405
0 0 0 0 0 0 0 0 0 0 0 0 0 0 0 0 0 17.349 19.045
0 0 0 0 0 0 0 0 0 0 0 0 0 0 0 0 0 0 18.259
0 0 0 0 0 0 0 0 0 0 0 0 0 0 0 0 0 0 0
