1 65 76 47.493 -122.31 171 0 18 350 2014 7 1 18 21 12 3 114
1 65 76 47.554 -122.31 224 0 31 350 2014 7 1 18 22 6 3 114
1 65 76 47.611 -122.26 264 1 56 350 2014 7 1 18 23 6 3 114
1 65 76 47.605 -122.15 268 16 77 350 2014 7 1 18 24 16 3 114
1 65 76 47.529 -122.13 285 64 101 350 2014 7 1 18 25 16 3 114
1 65 76 47.448 -122.12 294 133 115 350 2014 7 1 18 26 6 3 114
1 65 76 47.347 -122.1 336 171 136 350 2014 7 1 18 27 6 3 114
1 65 76 47.251 -122.08 349 173 160 350 2014 7 1 18 28 6 3 137
1 65 76 47.159 -122.07 357 173 181 350 2014 7 1 18 29 6 3 137
1 65 76 47.169 -121.93 357 84 181 350 2014 7 1 18 30 6 3 137
1 65 76 47.057 -122.06 361 146 203 350 2014 7 1 18 31 6 3 137
1 65 76 46.972 -121.98 361 149 203 350 2014 7 1 18 32 6 3 137
1 65 76 46.751 -121.81 401 155 261 350 2014 7 1 18 33 6 3 137
1 65 76 46.652 -121.73 411 149 277 350 2014 7 1 18 34 16 3 137
1 65 76 46.551 -121.64 416 149 292 350 2014 7 1 18 35 16 3 137
1 65 76 46.461 -121.57 418 149 302 350 2014 7 1 18 36 6 3 137
1 65 76 46.361 -121.48 418 149 302 350 2014 7 1 18 37 6 3 137
1 65 76 46.253 -121.39 429 150 326 350 2014 7 1 18 38 16 3 139
1 65 76 46.148 -121.31 431 150 337 350 2014 7 1 18 39 15 3 139
1 65 76 46.021 -121.2 432 149 347 350 2014 7 1 18 40 6 3 139
1 65 76 46.023 -121.2 434 150 347 350 2014 7 1 18 41 6 3 139
1 65 76 45.915 -121.12 436 150 350 350 2014 7 1 18 42 6 3 139
1 65 76 45.81 -121.03 437 150 350 350 2014 7 1 18 43 15 3 139
1 65 76 45.704 -120.95 437 150 350 350 2014 7 1 18 44 6 3 139
1 65 76 45.601 -120.86 436 150 350 350 2014 7 1 18 45 7 3 139
1 65 76 45.497 -120.78 430 150 350 350 2014 7 1 18 46 6 3 139
1 65 76 45.374 -120.68 429 150 350 350 2014 7 1 18 47 16 3 139
1 65 76 45.272 -120.6 427 150 350 350 2014 7 1 18 48 16 3 139
1 65 76 45.166 -120.51 429 150 350 350 2014 7 1 18 49 15 3 139
1 65 76 45.063 -120.43 429 151 350 350 2014 7 1 18 50 16 3 139
1 65 76 44.96 -120.35 429 150 350 350 2014 7 1 18 51 6 3 139
1 65 76 44.835 -120.25 429 151 350 350 2014 7 1 18 52 6 3 139
1 65 76 44.732 -120.17 430 150 350 350 2014 7 1 18 53 6 3 139
1 65 76 44.629 -120.09 431 151 350 350 2014 7 1 18 54 6 3 139
1 65 76 44.524 -120.01 431 151 350 350 2014 7 1 18 55 6 3 139
1 65 76 44.4 -119.92 431 150 350 350 2014 7 1 18 56 6 3 139
1 65 76 44.295 -119.84 431 151 350 350 2014 7 1 18 57 16 3 139
1 65 76 44.191 -119.75 431 151 350 350 2014 7 1 18 58 6 3 139
1 65 76 44.084 -119.68 431 151 350 350 2014 7 1 18 59 15 3 142
1 65 76 43.98 -119.59 431 150 350 350 2014 7 1 19 0 6 3 142
1 65 76 43.876 -119.51 431 150 350 350 2014 7 1 19 1 6 3 142
1 65 76 43.748 -119.42 432 150 350 350 2014 7 1 19 2 6 3 142
1 65 76 43.664 -119.36 430 152 350 350 2014 7 1 19 3 16 3 142
1 65 76 43.538 -119.26 432 151 350 350 2014 7 1 19 4 16 3 142
1 65 76 43.433 -119.19 431 151 350 350 2014 7 1 19 5 6 5 213
1 65 76 43.348 -119.12 431 152 350 350 2014 7 1 19 6 6 5 213
1 65 76 43.236 -119.04 430 151 350 350 2014 7 1 19 7 6 5 213
1 65 76 43.095 -118.94 431 151 350 350 2014 7 1 19 8 6 5 213
1 65 76 42.99 -118.86 430 152 350 350 2014 7 1 19 9 6 5 213
1 65 76 42.919 -118.81 430 151 350 350 2014 7 1 19 10 6 5 213
1 65 76 42.813 -118.73 431 151 350 350 2014 7 1 19 11 6 5 213
1 65 76 42.689 -118.64 429 152 350 350 2014 7 1 19 12 16 5 213
1 65 76 42.583 -118.57 429 151 350 350 2014 7 1 19 13 6 5 213
1 65 76 42.444 -118.47 431 151 350 350 2014 7 1 19 14 15 5 213
1 65 76 42.375 -118.42 433 152 350 350 2014 7 1 19 15 16 5 213
1 65 76 42.255 -118.33 434 151 350 350 2014 7 1 19 16 6 5 213
1 65 76 42.151 -118.26 436 152 350 350 2014 7 1 19 17 6 5 208
1 65 76 42.116 -118.24 441 152 350 350 2014 7 1 19 18 6 5 208
1 65 76 41.995 -118.15 441 152 350 350 2014 7 1 19 19 16 5 208
1 65 76 41.89 -118.08 441 145 350 350 2014 7 1 19 20 15 5 208
1 65 76 41.775 -117.98 441 152 350 350 2014 7 1 19 21 6 5 208
1 65 76 41.692 -117.86 442 149 350 350 2014 7 1 19 22 6 5 208
1 65 76 41.592 -117.74 443 141 350 350 2014 7 1 19 23 6 5 208
1 65 76 41.507 -117.63 443 135 350 350 2014 7 1 19 24 6 5 208
1 65 76 41.422 -117.52 442 136 350 350 2014 7 1 19 25 15 5 208
1 65 76 41.323 -117.4 438 136 350 350 2014 7 1 19 26 6 5 208
1 65 76 41.238 -117.29 438 136 350 350 2014 7 1 19 27 6 5 208
1 65 76 41.141 -117.17 436 136 350 350 2014 7 1 19 28 6 5 208
1 65 76 41.056 -117.06 436 136 350 350 2014 7 1 19 29 16 5 208
1 65 76 40.957 -116.94 436 136 350 350 2014 7 1 19 30 16 5 208
1 65 76 40.87 -116.83 437 136 350 350 2014 7 1 19 31 6 5 208
1 65 76 40.785 -116.73 437 136 350 350 2014 7 1 19 32 6 5 208
1 65 76 40.685 -116.6 437 136 350 350 2014 7 1 19 33 6 5 208
1 65 76 40.598 -116.5 437 136 350 350 2014 7 1 19 34 16 5 208
1 65 76 40.497 -116.38 437 137 350 350 2014 7 1 19 35 6 5 208
1 65 76 40.411 -116.27 437 137 350 350 2014 7 1 19 36 6 5 208
1 65 76 40.324 -116.17 437 137 350 350 2014 7 1 19 37 16 5 208
1 65 76 40.222 -116.04 440 137 350 350 2014 7 1 19 38 16 5 208
1 65 76 40.136 -115.94 440 137 350 350 2014 7 1 19 39 16 5 208
1 65 76 40.033 -115.82 441 137 350 350 2014 7 1 19 40 16 5 208
1 65 76 40.033 -115.82 441 137 350 350 2014 7 1 19 41 6 5 208
1 65 76 39.842 -115.59 445 137 350 350 2014 7 1 19 42 6 5 208
1 65 76 39.754 -115.49 444 137 350 350 2014 7 1 19 43 16 5 208
1 65 76 39.666 -115.39 445 137 350 350 2014 7 1 19 44 6 5 208
1 65 76 39.592 -115.3 446 137 350 350 2014 7 1 19 45 6 5 208
1 65 76 39.5 -115.19 446 138 350 350 2014 7 1 19 46 6 5 208
1 65 76 39.407 -115.08 446 137 350 350 2014 7 1 19 47 7 5 208
1 65 76 39.315 -114.98 446 137 350 350 2014 7 1 19 48 15 5 201
1 65 76 39.178 -114.82 448 138 350 350 2014 7 1 19 49 16 5 201
1 65 76 39.119 -114.75 452 138 350 350 2014 7 1 19 50 6 5 201
1 65 76 39.024 -114.64 454 137 350 350 2014 7 1 19 51 6 5 201
1 65 76 38.996 -114.61 450 138 350 350 2014 7 1 19 52 6 5 201
1 65 76 38.903 -114.5 450 138 350 350 2014 7 1 19 53 6 5 201
1 65 76 38.734 -114.31 453 138 350 350 2014 7 1 19 54 16 5 201
1 65 76 38.694 -114.27 451 138 350 350 2014 7 1 19 55 6 5 201
1 65 76 38.601 -114.17 450 138 350 350 2014 7 1 19 56 6 5 201
1 65 76 38.508 -114.06 450 138 350 350 2014 7 1 19 57 6 5 201
1 65 76 38.413 -113.95 452 138 350 350 2014 7 1 19 58 15 5 201
1 65 76 38.318 -113.85 453 139 350 350 2014 7 1 19 59 6 5 205
1 65 76 38.222 -113.74 454 138 350 350 2014 7 1 20 0 6 5 205
1 65 76 38.108 -113.62 453 138 350 350 2014 7 1 20 1 6 5 205
1 65 76 38.013 -113.51 452 139 350 350 2014 7 1 20 2 16 5 205
1 65 76 37.917 -113.41 454 139 350 350 2014 7 1 20 3 15 5 205
1 65 76 37.818 -113.31 455 141 350 350 2014 7 1 20 4 16 5 205
1 65 76 37.717 -113.21 454 143 350 350 2014 7 1 20 5 16 5 205
1 65 76 37.617 -113.12 454 143 350 350 2014 7 1 20 6 6 5 205
1 65 76 37.497 -113 455 142 350 350 2014 7 1 20 7 6 1 49
1 65 76 37.437 -112.95 456 142 350 350 2014 7 1 20 8 6 1 49
1 65 76 37.319 -112.83 456 143 350 350 2014 7 1 20 9 6 1 49
1 65 76 37.198 -112.72 456 142 350 350 2014 7 1 20 10 6 1 49
1 65 76 37.118 -112.64 456 143 350 350 2014 7 1 20 11 6 1 49
1 65 76 36.978 -112.51 455 142 350 350 2014 7 1 20 12 6 1 49
1 65 76 36.899 -112.38 458 142 350 350 2014 7 1 20 13 6 1 49
1 65 76 36.773 -112.37 458 174 350 350 2014 7 1 20 14 16 1 49
1 65 76 36.776 -112.14 463 124 350 350 2014 7 1 20 15 6 1 49
1 65 76 36.711 -112 463 119 350 350 2014 7 1 20 16 6 1 49
1 65 76 36.646 -111.86 464 119 350 350 2014 7 1 20 17 6 1 49
1 65 76 36.582 -111.72 465 118 350 350 2014 7 1 20 18 6 1 49
1 65 76 36.502 -111.56 463 115 350 350 2014 7 1 20 19 16 1 45
1 65 76 36.434 -111.42 463 123 350 350 2014 7 1 20 20 6 6 270
1 65 76 36.39 -111.36 463 123 350 350 2014 7 1 20 21 6 6 270
1 65 76 36.248 -111.22 463 153 350 350 2014 7 1 20 22 6 6 270
1 65 76 36.189 -111.21 454 172 350 360 2014 7 1 20 23 16 6 270
1 65 76 36.074 -111.24 444 191 360 360 2014 7 1 20 24 6 6 269
1 65 76 35.941 -111.28 439 13 360 360 2014 7 1 20 25 6 6 269
1 65 76 35.806 -111.31 438 192 360 360 2014 7 1 20 26 10 6 269
1 65 76 35.689 -111.32 457 180 360 360 2014 7 1 20 27 6 2 101
1 65 76 35.555 -111.27 452 165 360 360 2014 7 1 20 28 6 2 101
1 65 76 35.438 -111.23 452 163 360 360 2014 7 1 20 29 6 2 101
1 65 76 35.309 -111.18 455 163 360 360 2014 7 1 20 30 6 2 101
1 65 76 35.187 -111.14 455 163 360 360 2014 7 1 20 31 6 2 101
1 65 76 35.065 -111.09 455 162 360 360 2014 7 1 20 32 6 2 101
1 65 76 34.945 -111.03 458 159 360 360 2014 7 1 20 33 16 2 101
1 65 76 34.826 -110.98 459 160 360 360 2014 7 1 20 34 16 2 101
1 65 76 34.709 -110.93 457 158 360 360 2014 7 1 20 35 6 2 101
1 65 76 34.61 -110.83 457 141 360 360 2014 7 1 20 36 6 2 105
1 65 76 34.566 -110.86 455 153 360 360 2014 7 1 20 37 6 2 105
1 65 76 34.328 -110.89 437 165 356 300 2014 7 1 20 38 16 2 105
1 65 76 34.219 -110.96 438 185 349 300 2014 7 1 20 39 16 2 105
1 65 76 34.113 -111.04 442 202 341 300 2014 7 1 20 40 16 2 105
1 65 76 34.008 -111.11 442 210 341 300 2014 7 1 20 41 6 2 105
1 65 76 34.008 -111.12 443 209 332 300 2014 7 1 20 42 6 2 105
1 65 76 33.788 -111.27 455 211 315 300 2014 7 1 20 43 15 2 107
1 65 76 33.788 -111.27 455 211 315 300 2014 7 1 20 44 6 2 107
1 65 76 33.654 -111.37 460 210 302 300 2014 7 1 20 45 6 2 107
1 65 76 33.542 -111.45 463 210 300 300 2014 7 1 20 46 6 2 107
1 65 76 33.432 -111.53 462 210 300 300 2014 7 1 20 47 6 2 90
1 65 76 33.322 -111.6 459 210 300 300 2014 7 1 20 48 6 2 90
1 65 76 33.212 -111.68 458 210 287 300 2014 7 1 20 49 16 2 90
1 65 76 33.101 -111.76 460 210 260 300 2014 7 1 20 50 15 2 90
1 65 76 32.992 -111.83 457 210 240 300 2014 7 1 20 51 6 2 60
1 65 76 32.885 -111.89 430 210 229 300 2014 7 1 20 52 6 2 60
1 65 76 32.77 -111.81 395 206 211 300 2014 7 1 20 53 16 2 60
1 65 76 32.642 -111.71 386 148 171 300 2014 7 1 20 54 6 2 60
1 65 76 32.534 -111.62 358 142 152 300 2014 7 1 20 55 6 2 60
1 65 76 32.519 -111.6 363 143 148 300 2014 7 1 20 56 6 2 60
1 65 76 32.444 -111.53 343 141 129 300 2014 7 1 20 57 6 2 77
1 65 76 32.342 -111.4 315 132 107 300 2014 7 1 20 58 15 2 77
1 65 76 32.284 -111.32 309 131 92 300 2014 7 1 20 59 6 2 77
1 65 76 32.259 -111.29 309 131 85 300 2014 7 1 21 0 6 2 77
1 65 76 32.207 -111.21 294 130 73 300 2014 7 1 21 1 6 2 77
1 65 76 32.157 -111.14 287 130 58 300 2014 7 1 21 2 6 2 77
1 65 76 32.107 -111.07 285 131 50 300 2014 7 1 21 3 6 2 77
1 65 76 32.059 -111.01 275 130 49 300 2014 7 1 21 4 6 2 77
1 65 76 32.011 -110.94 256 130 45 300 2014 7 1 21 5 6 2 77
1 65 76 32.026 -110.92 191 130 43 300 2014 7 1 21 6 6 2 77
1 65 76 32.059 -110.89 172 100 40 300 2014 7 1 21 7 6 2 77
1 65 76 32.101 -110.92 162 44 28 300 2014 7 1 21 8 6 2 77
2 65 76 47.438 -122.31 157 0 4 370 2014 7 2 18 39 6 3 114
2 65 76 47.415 -122.31 180 178 18 370 2014 7 2 18 40 16 3 114
2 65 76 47.354 -122.31 201 180 38 370 2014 7 2 18 41 10 3 114
2 65 76 47.282 -122.31 253 172 58 370 2014 7 2 18 42 6 3 114
2 65 76 47.209 -122.29 273 179 82 350 2014 7 2 18 43 16 3 114
2 65 76 47.139 -122.22 280 175 105 350 2014 7 2 18 44 16 3 114
2 65 76 47.065 -122.19 280 162 105 350 2014 7 2 18 45 6 3 114
2 65 76 46.967 -122.13 349 159 140 350 2014 7 2 18 46 6 3 114
2 65 76 46.869 -122.09 367 157 164 350 2014 7 2 18 47 6 3 137
2 65 76 46.771 -122.05 367 164 164 350 2014 7 2 18 48 6 3 137
2 65 76 46.668 -122 385 147 206 350 2014 7 2 18 49 6 3 137
2 65 76 46.588 -121.88 407 164 229 350 2014 7 2 18 50 6 3 137
2 65 76 46.511 -121.71 418 344 248 350 2014 7 2 18 51 6 3 137
2 65 76 46.483 -121.56 441 122 262 350 2014 7 2 18 52 6 3 137
2 65 76 46.453 -121.38 448 130 278 350 2014 7 2 18 53 6 3 137
2 65 76 46.426 -121.21 448 104 290 350 2014 7 2 18 54 15 3 137
2 65 76 46.368 -121.05 445 105 300 350 2014 7 2 18 55 6 3 139
2 65 76 46.235 -120.97 436 149 313 350 2014 7 2 18 56 16 3 139
2 65 76 46.13 -120.89 433 153 329 350 2014 7 2 18 57 6 3 139
2 65 76 46.067 -120.85 430 151 338 350 2014 7 2 18 58 6 3 139
2 65 76 45.924 -120.74 418 153 350 350 2014 7 2 18 59 6 3 139
2 65 76 45.821 -120.67 416 153 350 350 2014 7 2 19 0 6 3 139
2 65 76 45.718 -120.59 416 153 350 350 2014 7 2 19 1 6 3 139
2 65 76 45.614 -120.52 416 153 350 350 2014 7 2 19 2 6 3 139
2 65 76 45.531 -120.46 417 154 350 350 2014 7 2 19 3 6 3 139
2 65 76 45.406 -120.38 416 153 350 350 2014 7 2 19 4 6 3 139
2 65 76 45.279 -120.29 420 153 350 350 2014 7 2 19 5 16 3 139
2 65 76 45.175 -120.21 420 153 350 350 2014 7 2 19 6 6 3 139
2 65 76 45.069 -120.14 422 153 350 350 2014 7 2 19 7 6 3 139
2 65 76 44.954 -120.06 423 154 350 350 2014 7 2 19 8 6 3 139
2 65 76 44.861 -120 424 153 350 350 2014 7 2 19 9 6 3 139
2 65 76 44.775 -119.94 432 154 350 350 2014 7 2 19 10 6 3 139
2 65 76 44.648 -119.85 432 153 350 350 2014 7 2 19 11 6 3 139
2 65 76 44.54 -119.78 432 154 350 350 2014 7 2 19 12 6 3 139
2 65 76 44.518 -119.76 432 154 350 350 2014 7 2 19 13 6 3 139
2 65 76 44.324 -119.63 432 154 350 350 2014 7 2 19 14 6 3 139
2 65 76 44.216 -119.56 432 154 350 350 2014 7 2 19 15 6 3 139
2 65 76 44.085 -119.47 432 154 350 350 2014 7 2 19 16 17 3 139
2 65 76 44.085 -119.47 432 154 350 350 2014 7 2 19 17 6 3 139
2 65 76 43.869 -119.33 432 154 355 370 2014 7 2 19 18 16 3 139
2 65 76 43.772 -119.23 434 154 365 370 2014 7 2 19 19 16 3 139
2 65 76 43.754 -119.21 437 143 367 370 2014 7 2 19 20 6 3 139
2 65 76 43.659 -119.1 437 140 370 370 2014 7 2 19 21 6 5 213
2 65 76 43.584 -119.02 434 141 370 370 2014 7 2 19 22 16 5 213
2 65 76 43.367 -118.78 438 141 370 370 2014 7 2 19 23 16 5 213
2 65 76 43.374 -118.79 436 140 370 370 2014 7 2 19 24 6 5 213
2 65 76 43.272 -118.68 438 141 370 370 2014 7 2 19 25 6 5 213
2 65 76 43.176 -118.57 441 141 370 370 2014 7 2 19 26 6 5 213
2 65 76 43.081 -118.47 440 141 370 370 2014 7 2 19 27 6 5 213
2 65 76 42.985 -118.37 441 141 370 370 2014 7 2 19 28 6 5 213
2 65 76 42.875 -118.25 442 141 370 370 2014 7 2 19 29 6 5 213
2 65 76 42.791 -118.16 443 141 370 370 2014 7 2 19 30 6 5 213
2 65 76 42.675 -118.03 446 142 370 370 2014 7 2 19 31 6 5 213
2 65 76 42.578 -117.93 445 141 370 370 2014 7 2 19 32 6 5 213
2 65 76 42.481 -117.82 445 142 370 370 2014 7 2 19 33 15 5 213
2 65 76 42.386 -117.72 442 142 370 370 2014 7 2 19 34 6 5 213
2 65 76 42.269 -117.6 442 141 370 370 2014 7 2 19 35 6 5 213
2 65 76 42.181 -117.51 440 141 370 370 2014 7 2 19 36 6 5 213
2 65 76 42.072 -117.4 443 142 370 370 2014 7 2 19 37 7 5 213
2 65 76 41.976 -117.3 454 142 370 370 2014 7 2 19 38 6 5 208
2 65 76 41.865 -117.18 451 141 370 370 2014 7 2 19 39 6 5 208
2 65 76 41.769 -117.08 451 142 370 370 2014 7 2 19 40 6 5 208
2 65 76 41.658 -116.97 450 142 370 370 2014 7 2 19 41 6 5 208
2 65 76 41.562 -116.87 452 142 370 370 2014 7 2 19 42 16 5 208
2 65 76 41.448 -116.75 454 142 370 370 2014 7 2 19 43 6 5 208
2 65 76 41.348 -116.65 454 142 370 370 2014 7 2 19 44 6 5 208
2 65 76 41.252 -116.56 457 142 370 370 2014 7 2 19 45 6 5 208
2 65 76 41.152 -116.46 457 142 370 370 2014 7 2 19 46 6 5 208
2 65 76 41.139 -116.44 458 142 370 370 2014 7 2 19 47 6 5 208
2 65 76 41.041 -116.34 458 142 370 370 2014 7 2 19 48 6 5 208
2 65 76 40.925 -116.23 460 142 370 370 2014 7 2 19 49 6 5 208
2 65 76 40.829 -116.13 455 142 370 370 2014 7 2 19 50 6 5 208
2 65 76 40.716 -116.02 454 143 370 370 2014 7 2 19 51 6 5 208
2 65 76 40.616 -115.93 455 143 370 370 2014 7 2 19 52 16 5 208
2 65 76 40.519 -115.83 456 143 370 370 2014 7 2 19 53 6 5 208
2 65 76 40.403 -115.72 458 143 370 370 2014 7 2 19 54 6 5 208
2 65 76 40.304 -115.62 458 142 370 370 2014 7 2 19 55 6 5 208
2 65 76 40.189 -115.51 458 143 370 370 2014 7 2 19 56 6 5 208
2 65 76 40.091 -115.41 458 143 370 370 2014 7 2 19 57 15 5 208
2 65 76 39.975 -115.3 459 143 370 370 2014 7 2 19 58 6 5 208
2 65 76 39.876 -115.21 459 143 370 370 2014 7 2 19 59 16 5 208
2 65 76 39.761 -115.1 459 143 370 370 2014 7 2 20 0 6 5 208
2 65 76 39.609 -114.96 458 143 370 370 2014 7 2 20 1 7 5 208
2 65 76 39.562 -114.91 459 144 370 370 2014 7 2 20 2 16 5 208
2 65 76 39.446 -114.8 460 143 370 370 2014 7 2 20 3 6 5 204
2 65 76 39.345 -114.71 464 143 370 370 2014 7 2 20 4 6 5 204
2 65 76 39.226 -114.6 467 142 370 370 2014 7 2 20 5 6 5 204
2 65 76 39.163 -114.54 465 144 370 370 2014 7 2 20 6 6 5 204
2 65 76 39.021 -114.4 469 144 370 370 2014 7 2 20 7 6 5 204
2 65 76 38.916 -114.31 470 144 370 370 2014 7 2 20 8 16 5 204
2 65 76 38.787 -114.19 470 143 370 370 2014 7 2 20 9 6 5 204
2 65 76 38.681 -114.09 470 144 370 370 2014 7 2 20 10 6 5 204
2 65 76 38.618 -114.03 468 144 370 370 2014 7 2 20 11 6 5 204
2 65 76 38.522 -113.92 470 143 370 370 2014 7 2 20 12 6 5 204
2 65 76 38.436 -113.79 473 132 370 370 2014 7 2 20 13 6 5 206
2 65 76 38.396 -113.75 474 130 370 370 2014 7 2 20 14 6 5 206
2 65 76 38.275 -113.69 463 152 370 370 2014 7 2 20 15 6 5 206
2 65 76 38.139 -113.61 463 158 370 370 2014 7 2 20 16 6 5 206
2 65 76 38.035 -113.51 463 142 370 370 2014 7 2 20 17 6 5 206
2 65 76 37.915 -113.46 456 154 370 370 2014 7 2 20 18 6 5 206
2 65 76 37.794 -113.42 455 164 370 370 2014 7 2 20 19 6 5 206
2 65 76 37.673 -113.38 455 164 370 370 2014 7 2 20 20 16 5 206
2 65 76 37.549 -113.36 456 168 370 370 2014 7 2 20 21 6 1 49
2 65 76 37.403 -113.37 451 182 370 370 2014 7 2 20 22 6 1 49
2 65 76 37.28 -113.39 450 185 370 370 2014 7 2 20 23 6 1 49
2 65 76 37.058 -113.44 452 191 370 370 2014 7 2 20 24 16 1 49
2 65 76 36.912 -113.48 450 189 370 370 2014 7 2 20 25 16 1 49
2 65 76 36.912 -113.48 450 189 370 370 2014 7 2 20 26 6 1 49
2 65 76 36.687 -113.52 452 190 370 370 2014 7 2 20 27 6 1 49
2 65 76 36.561 -113.53 456 187 370 370 2014 7 2 20 28 6 1 49
2 65 76 36.409 -113.5 458 178 370 370 2014 7 2 20 29 16 1 49
2 65 76 36.339 -113.37 458 123 370 370 2014 7 2 20 30 6 1 49
2 65 76 36.289 -113.44 465 150 370 370 2014 7 2 20 31 12 1 49
2 65 76 36.168 -113.38 468 156 370 370 2014 7 2 20 32 6 1 49
2 65 76 36.026 -113.3 467 156 370 370 2014 7 2 20 33 6 1 45
2 65 76 35.929 -113.25 466 156 370 370 2014 7 2 20 34 15 1 45
2 65 76 35.812 -113.19 463 156 370 370 2014 7 2 20 35 6 1 45
2 65 76 35.669 -113.11 462 156 370 370 2014 7 2 20 36 6 1 45
2 65 76 35.55 -113.05 464 156 370 370 2014 7 2 20 37 6 1 45
2 65 76 35.432 -112.99 465 156 370 370 2014 7 2 20 38 15 1 45
2 65 76 35.311 -112.92 473 158 370 370 2014 7 2 20 39 6 1 45
2 65 76 35.174 -112.85 472 156 370 370 2014 7 2 20 40 6 2 89
2 65 76 35.056 -112.79 469 158 370 370 2014 7 2 20 41 6 2 89
2 65 76 34.936 -112.73 469 156 370 370 2014 7 2 20 42 6 2 89
2 65 76 34.817 -112.67 468 156 370 370 2014 7 2 20 43 6 2 89
2 65 76 34.696 -112.61 468 337 370 370 2014 7 2 20 44 6 2 89
2 65 76 34.551 -112.53 469 157 370 370 2014 7 2 20 45 6 2 89
2 65 76 34.444 -112.48 469 157 370 310 2014 7 2 20 46 6 2 89
2 65 76 34.299 -112.4 472 157 370 310 2014 7 2 20 47 6 2 89
2 65 76 34.178 -112.34 472 157 370 310 2014 7 2 20 48 6 2 89
2 65 76 34.058 -112.28 472 157 370 310 2014 7 2 20 49 6 2 89
2 65 76 33.938 -112.22 472 157 370 310 2014 7 2 20 50 6 2 89
2 65 76 33.814 -112.16 470 157 347 310 2014 7 2 20 51 6 2 89
2 65 76 33.701 -112.1 469 157 324 310 2014 7 2 20 52 9 2 89
2 65 76 33.581 -112.04 469 157 324 310 2014 7 2 20 53 6 2 90
2 65 76 33.44 -111.97 463 157 303 310 2014 7 2 20 54 16 2 90
2 65 76 33.313 -111.95 461 157 293 310 2014 7 2 20 55 6 2 90
2 65 76 33.188 -111.94 444 165 283 310 2014 7 2 20 56 6 2 90
2 65 76 33.063 -111.93 456 173 273 310 2014 7 2 20 57 6 2 90
2 65 76 32.937 -111.91 456 175 273 310 2014 7 2 20 58 6 2 90
2 65 76 32.94 -111.91 446 174 263 310 2014 7 2 20 59 6 2 90
2 65 76 32.768 -111.81 424 164 223 310 2014 7 2 21 0 6 2 60
2 65 76 32.704 -111.76 413 144 202 310 2014 7 2 21 1 6 2 60
2 65 76 32.638 -111.69 395 141 179 310 2014 7 2 21 2 6 2 60
2 65 76 32.542 -111.59 376 137 151 310 2014 7 2 21 3 6 2 60
2 65 76 32.479 -111.52 376 139 131 310 2014 7 2 21 4 6 2 77
2 65 76 32.386 -111.42 364 136 111 310 2014 7 2 21 5 6 2 77
2 65 76 32.325 -111.35 320 134 103 310 2014 7 2 21 6 6 2 77
2 65 76 32.275 -111.28 299 133 91 310 2014 7 2 21 7 6 2 77
2 65 76 32.216 -111.22 291 137 79 310 2014 7 2 21 8 6 2 77
2 65 76 32.116 -111.11 251 136 80 310 2014 7 2 21 9 16 2 77
2 65 76 32.116 -111.1 253 137 80 310 2014 7 2 21 10 6 2 77
2 65 76 32.063 -111.05 252 136 71 310 2014 7 2 21 11 6 2 77
2 65 76 32.011 -110.99 252 137 61 310 2014 7 2 21 12 6 2 77
2 65 76 31.993 -110.91 253 111 53 310 2014 7 2 21 13 6 2 77
2 65 76 32.032 -110.87 231 103 45 310 2014 7 2 21 14 6 2 77
