0 42.048 24.574 16.071 27.418 30.43 23.396 26.954 29.069 30.302 30.154
0 0 22.452 42.603 40.714 30.257 41.776 28.601 28.852 30.451 28.662
0 0 0 24.314 22.453 17.38 23.609 27.49 29.992 30.625 28.271
0 0 0 0 37.733 30.976 32.975 28.583 28.387 28.043 29.873
0 0 0 0 0 29.122 16.133 27.063 29.219 38.787 38.598
0 0 0 0 0 0 30.285 26.953 29.526 30.862 30.744
0 0 0 0 0 0 0 27.634 28.256 34.466 34.201
0 0 0 0 0 0 0 0 15.509 27.108 26.349
0 0 0 0 0 0 0 0 0 17.997 17.09
0 0 0 0 0 0 0 0 0 0 15.057
0 0 0 0 0 0 0 0 0 0 0
