0 27.159 29.395 20.984 27.948 28.523 29.627 27.22 26.448 32.715 34.833 33.387 34.895 29.929 31.985 28.679 30.983
0 0 27.639 27.238 27.183 14.96 13.806 15.876 21.882 30.643 20.339 13.997 13.702 14.92 18.58 15.012 13.66
0 0 0 12.884 14.902 25.931 30.105 27.604 26.175 44.999 30.43 33.741 26.381 30.468 25.204 29.172 31.491
0 0 0 0 10.689 25.67 29.679 27.538 25.913 40.298 29.975 33.065 26.242 29.737 24.854 28.685 30.899
0 0 0 0 0 25.685 29.644 27.438 25.801 44.225 30.162 33.274 26.091 29.815 24.769 28.668 30.929
0 0 0 0 0 0 13.678 13.676 13.331 43.406 15.942 12.13 11.053 11.14 12.524 14.838 14.783
0 0 0 0 0 0 0 12.717 18.141 43.392 15.939 18.141 14.539 16.125 16.368 14.59 15.414
0 0 0 0 0 0 0 0 13.388 42.103 14.894 14.585 17.789 14.675 13.13 14.138 15.938
0 0 0 0 0 0 0 0 0 52.279 17.293 11.663 12.677 13.09 11.518 15.281 9.7944
0 0 0 0 0 0 0 0 0 0 42.612 42.933 43.515 42.607 47.519 43.469 42.886
0 0 0 0 0 0 0 0 0 0 0 17.707 22.317 16.362 15.129 18.346 18.443
0 0 0 0 0 0 0 0 0 0 0 0 13.926 9.0577 14.833 11.043 10.867
0 0 0 0 0 0 0 0 0 0 0 0 0 14.507 13.478 14.139 12.261
0 0 0 0 0 0 0 0 0 0 0 0 0 0 12.975 14.677 10.612
0 0 0 0 0 0 0 0 0 0 0 0 0 0 0 14.491 12.596
0 0 0 0 0 0 0 0 0 0 0 0 0 0 0 0 14.437
0 0 0 0 0 0 0 0 0 0 0 0 0 0 0 0 0
