0 47.858 13.322 35.72 24.112 208.29 27.896 13.321 20.137 23.791 20.46 20.447 17.16 15.752 71.397 21.979 47.275 61.526 67.794 49.491 75.698
0 0 47.967 20.215 47.28 206.78 26.031 43.762 28.267 47.42 29.385 29.166 47.691 48.162 35.439 47.866 11.881 25.471 36.356 12.501 67.153
0 0 0 35.72 20.819 208.06 27.948 14.768 20.448 17.531 20.46 20.898 19.532 22.467 71.477 19.313 47.489 61.589 67.511 49.743 74.744
0 0 0 0 34.254 208.17 15.422 30.774 24.949 35.171 21.835 17.48 35.227 34.742 53.471 35.553 21.952 39.01 45.114 21.784 71.092
0 0 0 0 0 208.5 27.22 21.012 23.777 18.392 20.71 20.188 21.477 19.485 70.251 17.435 47.273 60.641 67.587 48.4 74.534
0 0 0 0 0 0 208.27 206.33 208.16 208.16 207.62 207.7 207.89 208.39 206.11 208.15 206.63 207.65 202.74 208.53 195.24
0 0 0 0 0 0 0 23.119 19.671 28.08 17.7 9.8532 27.64 28.261 56.717 27.849 25.894 43.425 49.482 28.144 72.301
0 0 0 0 0 0 0 0 20.504 20.424 17.358 16.227 18.574 21.427 68.589 19.339 43.074 57.915 63.644 45.085 74.236
0 0 0 0 0 0 0 0 0 23.349 14.578 19.23 20.371 21.246 52.475 21.58 27.247 42.093 54.534 29.385 73.085
0 0 0 0 0 0 0 0 0 0 19.927 19.906 17.52 18.96 70.993 10.615 46.61 61.167 67.723 48.743 74.186
0 0 0 0 0 0 0 0 0 0 0 17.523 19.803 19.389 54.073 20.196 29.339 43.241 55.029 30.947 68.919
0 0 0 0 0 0 0 0 0 0 0 0 21.171 21.651 53.219 20.787 27.687 42.568 54.426 29.629 71.108
0 0 0 0 0 0 0 0 0 0 0 0 0 14.303 71.172 16.031 47.303 61.272 68.21 49.391 74.328
0 0 0 0 0 0 0 0 0 0 0 0 0 0 70.213 17.242 47.386 60.721 67.847 48.779 74.864
0 0 0 0 0 0 0 0 0 0 0 0 0 0 0 71.377 35.674 36.286 21.963 36.693 64.761
0 0 0 0 0 0 0 0 0 0 0 0 0 0 0 0 47.384 61.49 67.493 49.636 74.971
0 0 0 0 0 0 0 0 0 0 0 0 0 0 0 0 0 25.112 36.356 14.217 67.474
0 0 0 0 0 0 0 0 0 0 0 0 0 0 0 0 0 0 51.913 25.881 72.737
0 0 0 0 0 0 0 0 0 0 0 0 0 0 0 0 0 0 0 36.01 55.568
0 0 0 0 0 0 0 0 0 0 0 0 0 0 0 0 0 0 0 0 69.958
0 0 0 0 0 0 0 0 0 0 0 0 0 0 0 0 0 0 0 0 0
