1 33 10 36.076 -115.11 153.5 49.5 37 220 1 3
1 33 10 36.076 -115.05 210.5 96.5 59.5 220 1 3
1 33 10 36.05 -115.03 247 156.5 67 220 1 3
1 33 10 36.003 -114.96 292.5 136.5 114.5 220 1 3
1 33 10 35.93 -115.02 313 161 150.5 220 1 3
1 33 10 35.861 -115.11 355 209.5 182.5 220 1 3
1 33 10 35.787 -115.21 395 221 206.5 220 1 29
1 33 10 35.711 -115.3 401 226.5 220.5 220 1 31
1 33 10 35.636 -115.4 409.5 225.5 220.5 220 1 31
1 33 10 35.579 -115.51 415.25 225 220.5 220 1 31
1 33 10 35.53 -115.6 416.5 225.5 220.5 220 1 31
1 33 10 35.502 -115.68 420 231 220.5 220 1 31
1 33 10 35.447 -115.84 422 236.5 220.5 220 1 31
1 33 10 35.436 -115.91 421.5 243.5 220.5 220 1 31
1 33 10 35.404 -116.12 426.5 256.75 220.25 220 1 31
1 33 10 35.386 -116.24 429.5 260 220 220 1 22
1 33 10 35.354 -116.37 429.5 252.25 220.25 220 1 22
1 33 10 35.353 -116.5 429.5 258 220.5 220 1 22
1 33 10 35.342 -116.56 430 260 220.5 220 1 34
1 33 10 35.325 -116.71 430 260 220 220 1 34
1 33 10 35.314 -116.86 430 260.5 220 220 1 34
1 33 10 35.308 -117 429 262.5 220.5 220 1 34
1 33 10 35.267 -117.2 427.5 266 220 220 1 34
1 33 10 35.203 -117.3 429 251.5 219.25 217 1 34
1 33 10 35.111 -117.44 425.5 240 218.5 220 1 34
1 33 10 35.043 -117.56 416.5 231 206.5 220 1 34
1 33 10 34.964 -117.67 414.5 232 191 220 1 34
1 33 10 34.897 -117.77 405 232 176 220 1 34
1 33 10 34.829 -117.88 388.5 230 159 220 1 22
1 33 10 34.775 -117.98 373.5 230 143 220 1 22
1 33 10 34.691 -118.07 369 219.5 137 220 1 22
1 33 10 34.616 -118.15 362.5 219 128.5 220 1 22
1 33 10 34.61 -118.29 318 225 92 220 1 34
1 33 10 34.558 -118.39 287.5 237 78 220 1 8
1 33 10 34.512 -118.44 276 240.5 68.5 220 1 8
1 33 10 34.45 -118.52 271 229 58.5 220 1 8
1 33 10 34.392 -118.56 271 219.5 52.5 220 1 8
1 33 10 34.325 -118.58 252 208.5 49.5 220 1 8
1 33 10 34.266 -118.56 237 183.5 39 220 1 8
1 33 10 34.216 -118.53 230 165 30 220 1 8
1 33 10 34.2 -118.47 184 154.5 26.5 220 1 8
1 33 10 34.2 -118.43 156 97 17 220 1 8
1 33 10 34.199 -118.38 142.5 89.5 10.5 220 1 8
2 33 10 36.077 -115.13 162.28 41.667 33.722 220 1 3
2 33 10 36.069 -115.1 215.22 135.06 51 220 1 3
2 33 10 36.04 -115.07 258.94 150.44 73.111 220 1 3
2 33 10 35.979 -115.05 283.11 147.78 98.833 220 1 3
2 33 10 35.917 -115.08 303.67 165.11 123.22 220 1 3
2 33 10 35.844 -115.13 334.78 199.67 147.44 220 1 3
2 33 10 35.767 -115.19 357.94 202.56 178.67 220 1 3
2 33 10 35.689 -115.28 370.89 213 200.28 220 1 31
2 33 10 35.618 -115.37 381.72 219.17 213.67 220 1 31
2 33 10 35.546 -115.47 387 224.31 217.44 220 1 31
2 33 10 35.469 -115.58 395.61 227 218.61 220 1 31
2 33 10 35.39 -115.68 397.56 227.22 218.44 220 1 31
2 33 10 35.317 -115.78 397.72 226.94 217.89 220 1 31
2 33 10 35.244 -115.87 397.28 226.94 217.78 220 1 31
2 33 10 35.175 -115.97 397.08 226.33 217.78 220 1 31
2 33 10 35.106 -116.07 397.31 226.14 217.78 220 1 31
2 33 10 35.04 -116.18 398.11 228.94 217.78 220 1 31
2 33 10 34.977 -116.29 398.47 233.19 217.44 220 1 31
2 33 10 34.929 -116.4 397.11 234.14 215.94 220 1 22
2 33 10 34.898 -116.53 396.22 237.75 213.67 220 1 22
2 33 10 34.873 -116.66 395.25 247.67 211.56 220 1 22
2 33 10 34.849 -116.79 394.58 253.81 208.78 220 1 22
2 33 10 34.827 -116.92 394.78 255.75 204.61 220 1 22
2 33 10 34.801 -117.05 391.17 255.33 200.53 220 1 22
2 33 10 34.778 -117.18 388.25 256.25 194.42 220 1 22
2 33 10 34.755 -117.31 386.42 253.58 189.28 220 1 22
2 33 10 34.734 -117.43 382.69 255.06 179.14 220 1 22
2 33 10 34.711 -117.55 378.22 253.42 170.72 220 1 22
2 33 10 34.689 -117.67 373.22 254.64 160.25 220 1 22
2 33 10 34.667 -117.79 367 253.47 149.11 220 1 22
2 33 10 34.649 -117.89 362.67 252.5 140.61 220 1 22
2 33 10 34.626 -118 353.94 249.89 127.67 220 1 34
2 33 10 34.593 -118.12 336.11 246.61 115.44 220 1 34
2 33 10 34.56 -118.2 321.44 241.17 106.94 220 1 34
2 33 10 34.563 -118.31 297.06 246.28 92.167 220 1 34
2 33 10 34.541 -118.4 284.5 248.22 82.889 220 1 8
2 33 10 34.499 -118.48 273.94 237.39 71.5 220 1 8
2 33 10 34.442 -118.54 268.28 226.39 63 220 1 8
2 33 10 34.384 -118.57 260.83 211.17 56.056 220 1 8
2 33 10 34.316 -118.57 239.94 192.06 49.5 220 1 8
2 33 10 34.258 -118.56 214.72 174.44 41.889 220 1 8
2 33 10 34.227 -118.51 194 149.78 34 220 1 8
2 33 10 34.214 -118.46 169.22 123.78 25.167 220 1 8
2 33 10 34.203 -118.42 153.39 107.83 17.222 220 1 8
2 33 10 34.201 -118.39 146.06 100.22 12.5 220 1 8
