1 33 36 36.077 -115.1 180 48.25 35.75 240 1 3
1 33 36 36.077 -115.03 219.25 93.25 50.75 240 1 3
1 33 36 36.074 -115 245 90 57.75 240 1 3
1 33 36 36.001 -114.92 269.25 115 94.5 240 1 3
1 33 36 35.933 -114.95 281 167.75 114.5 240 1 3
1 33 36 35.888 -115.04 303.5 231 130.25 240 1 3
1 33 36 35.795 -115.13 342.25 222 147 240 1 3
1 33 36 35.758 -115.2 371 226.25 164 240 1 3
1 33 36 35.688 -115.3 375.5 228.25 187.75 240 1 3
1 33 36 35.614 -115.4 382.25 229.5 207.5 240 1 31
1 33 36 35.539 -115.5 391 227.5 223.5 240 1 31
1 33 36 35.462 -115.59 407.75 226.75 233.5 240 1 31
1 33 36 35.38 -115.7 414 223.5 239.75 240 1 44
1 33 36 35.295 -115.82 420.25 226.75 240 240 1 44
1 33 36 35.213 -115.92 427.75 226.75 240 240 1 44
1 33 36 35.131 -116.03 430.75 226.75 240 240 1 44
1 33 36 35.045 -116.14 431.75 226.5 240 240 1 44
1 33 36 34.969 -116.24 431.88 226.5 240 240 1 44
1 33 36 34.894 -116.34 431.62 226.25 240 240 1 44
1 33 36 34.811 -116.44 431.25 226.5 238 240 1 44
1 33 36 34.72 -116.56 430.25 227 232.25 240 1 44
1 33 36 34.635 -116.66 428.75 227.25 217 240 1 19
1 33 36 34.556 -116.77 425.25 228 206.75 240 1 19
1 33 36 34.467 -116.86 416.5 226.75 177.5 240 1 19
1 33 36 34.383 -116.97 409.5 224.75 155.25 240 1 19
1 33 36 34.294 -117.07 391.75 219.75 139.75 240 1 19
1 33 36 34.211 -117.13 360.5 209.62 124.5 240 1 6
1 33 36 34.108 -117.18 349.25 215.25 119.25 240 1 6
1 33 36 34.032 -117.23 328 202 112.75 240 1 6
1 33 36 33.95 -117.29 311.5 209 106 240 1 6
1 33 36 33.895 -117.35 296.25 215 95 240 1 6
1 33 36 33.836 -117.42 275.75 219.75 85.5 240 1 6
1 33 36 33.806 -117.49 259.25 239 81 240 1 6
1 33 36 33.782 -117.57 254 238.25 73 240 1 6
1 33 36 33.769 -117.65 248.5 258.75 66.5 240 1 2
1 33 36 33.741 -117.72 243 248.5 56 240 1 2
1 33 36 33.715 -117.8 237.75 248.75 46.25 240 1 2
1 33 36 33.696 -117.85 231 248.25 40.5 240 1 2
1 33 36 33.677 -117.93 229 249.25 35 240 1 2
1 33 36 33.697 -118 207.75 262.25 31 240 1 2
1 33 36 33.717 -118.03 207.75 302.25 25.25 240 1 2
1 33 36 33.757 -118.08 186.75 318.5 15.75 240 1 2
1 33 36 33.786 -118.12 160.5 313.5 7.5 240 1 2
1 33 36 33.809 -118.14 141.75 315 62.25 240 1 2
2 33 36 36.076 -115.18 164 167.33 39.333 240 1 3
2 33 36 36.04 -115.27 255.67 263 61 240 1 3
2 33 36 35.991 -115.3 279 231 75 240 1 3
2 33 36 35.955 -115.3 271 211.33 103.33 240 1 3
2 33 36 35.866 -115.31 306 204 124.33 240 1 3
2 33 36 35.768 -115.3 346 189.33 146.33 240 1 3
2 33 36 35.665 -115.32 369.67 189.67 168.67 240 1 3
2 33 36 35.589 -115.41 385.67 181 193 240 1 3
2 33 36 35.514 -115.52 394 211.33 209 240 1 31
2 33 36 35.432 -115.62 422.33 226.33 222.67 240 1 31
2 33 36 35.349 -115.74 438.67 227 235.33 240 1 31
2 33 36 35.259 -115.86 443.33 227.33 243.33 240 1 44
2 33 36 35.176 -115.96 444.33 227 243.33 240 1 44
2 33 36 35.085 -116.08 445.33 227 243.33 240 1 44
2 33 36 35 -116.2 445.67 227 243.33 240 1 44
2 33 36 34.91 -116.32 445.33 226.33 243.33 240 1 44
2 33 36 34.835 -116.41 445.33 226.83 243.33 240 1 44
2 33 36 34.76 -116.51 443.67 226.67 240 240 1 44
2 33 36 34.683 -116.6 443.33 227.17 236.33 240 1 44
2 33 36 34.583 -116.73 442.33 225.33 227 240 1 19
2 33 36 34.497 -116.83 436.67 224.67 204.33 240 1 19
2 33 36 34.414 -116.93 425 226.33 177 240 1 19
2 33 36 34.334 -117.01 415.33 226.83 151.83 130 1 19
2 33 36 34.26 -117.08 398.33 225.5 133.67 130 1 19
2 33 36 34.18 -117.13 383.83 211.67 127.83 130 1 6
2 33 36 34.085 -117.18 363.33 197.67 121.67 240 1 6
2 33 36 34.022 -117.21 352.33 199.67 112 240 1 6
2 33 36 33.918 -117.29 328.67 201.33 96.333 240 1 6
2 33 36 33.867 -117.36 282 216.67 87.333 240 1 6
2 33 36 33.818 -117.44 267.67 234.33 80.333 240 1 6
2 33 36 33.804 -117.49 255 234 79.333 240 1 6
2 33 36 33.782 -117.58 250 251.33 77.667 240 1 2
2 33 36 33.756 -117.66 247.33 266.67 70.667 240 1 2
2 33 36 33.739 -117.74 243.33 249 56.333 240 1 2
2 33 36 33.711 -117.81 238.67 247.33 44.333 240 1 2
2 33 36 33.689 -117.88 233.33 248 39 240 1 2
2 33 36 33.672 -117.95 215 248 31.667 240 1 2
2 33 36 33.695 -117.99 209.67 266 28 240 1 2
2 33 36 33.733 -118.05 195.33 306 20 240 1 2
2 33 36 33.768 -118.08 183 316 12.667 240 1 2
2 33 36 33.806 -118.13 137.67 315 4.6667 240 1 2
2 33 36 33.815 -118.15 146 320 1.3333 240 1 2
