1 33 53 36.078 -115.11 146 0 34 380 1 3
1 33 53 36.075 -115.04 220 95 49 380 1 3
1 33 53 36.076 -115.02 215 93 54 380 1 3
1 33 53 36.043 -114.95 267 91 73 380 1 3
1 33 53 35.998 -115.02 279 112 97 380 1 3
1 33 53 35.987 -115.12 308 246 113 380 1 3
1 33 53 35.975 -115.24 359 248 132 380 1 3
1 33 53 35.96 -115.38 376 262 157 380 1 3
1 33 53 35.946 -115.51 385 262 186 380 1 3
1 33 53 35.972 -115.64 394 262 205 380 1 56
1 33 53 36.039 -115.76 401 273 227 380 1 56
1 33 53 36.102 -115.88 423 297 240 380 1 56
1 33 53 36.167 -116 433 304 255 380 1 56
1 33 53 36.236 -116.13 443 303 270 380 1 56
1 33 53 36.347 -116.34 454 303 296 380 1 56
1 33 53 36.38 -116.39 452 303 305 380 1 56
1 33 53 36.485 -116.59 448 303 327 380 1 56
1 33 53 36.552 -116.72 444 303 340 380 1 56
1 33 53 36.608 -116.78 442 303 349 380 1 56
1 33 53 36.715 -116.86 443 325 362 380 1 56
1 33 53 36.824 -116.93 443 330 372 380 1 56
1 33 53 36.993 -117.05 439 330 380 380 1 56
1 33 53 37.037 -117.08 440 330 380 380 1 56
1 33 53 37.167 -117.17 442 330 380 380 1 56
1 33 53 37.275 -117.25 443 330 380 380 4 180
1 33 53 37.381 -117.33 442 330 380 380 4 180
1 33 53 37.489 -117.4 442 331 380 380 4 180
1 33 53 37.596 -117.48 442 329 380 380 4 180
1 33 53 37.702 -117.55 439 330 380 380 4 180
1 33 53 37.808 -117.63 437 330 380 380 4 180
1 33 53 37.915 -117.71 439 330 380 380 4 180
1 33 53 38.022 -117.78 438 330 380 380 4 180
1 33 53 38.15 -117.88 438 330 380 380 4 180
1 33 53 38.258 -117.96 439 330 380 380 4 180
1 33 53 38.299 -117.99 441 330 380 380 4 180
1 33 53 38.406 -118.07 442 329 380 380 4 180
1 33 53 38.515 -118.15 442 329 380 380 4 180
1 33 53 38.621 -118.22 442 330 380 380 4 180
1 33 53 38.726 -118.3 442 330 380 380 4 180
1 33 53 38.829 -118.38 433 329 380 380 4 180
1 33 53 38.932 -118.46 432 329 380 380 4 181
1 33 53 39.034 -118.53 430 329 380 380 4 181
1 33 53 39.137 -118.61 430 329 380 380 4 181
1 33 53 39.244 -118.69 440 329 380 380 4 181
1 33 53 39.4 -118.82 457 329 380 380 4 181
1 33 53 39.513 -118.9 456 329 380 380 4 181
1 33 53 39.621 -118.98 449 329 380 380 4 181
1 33 53 39.728 -119.06 450 329 380 380 4 181
1 33 53 39.835 -119.14 450 329 380 380 4 181
1 33 53 39.941 -119.23 447 329 380 380 4 181
1 33 53 40.047 -119.31 446 329 380 380 4 181
1 33 53 40.153 -119.39 445 328 380 380 4 181
1 33 53 40.236 -119.46 443 329 380 380 4 181
1 33 53 40.345 -119.54 456 328 380 380 4 181
1 33 53 40.452 -119.63 454 329 380 380 4 181
1 33 53 40.568 -119.72 452 329 380 380 4 181
1 33 53 40.701 -119.82 457 329 380 380 4 181
1 33 53 40.81 -119.91 458 328 380 380 4 181
1 33 53 40.921 -120 461 329 380 380 4 181
1 33 53 41.029 -120.09 461 328 380 380 3 142
1 33 53 41.114 -120.16 460 328 380 380 3 142
1 33 53 41.222 -120.25 459 328 380 380 3 142
1 33 53 41.248 -120.26 461 328 380 380 3 142
1 33 53 41.468 -120.44 463 329 380 380 3 142
1 33 53 41.554 -120.51 463 329 380 380 3 142
1 33 53 41.682 -120.62 462 328 380 380 3 142
1 33 53 41.79 -120.71 461 327 380 380 3 142
1 33 53 41.897 -120.8 455 327 380 380 3 142
1 33 53 42.004 -120.89 455 328 380 380 3 142
1 33 53 42.028 -120.9 457 328 380 380 3 142
1 33 53 42.135 -121 456 328 380 380 3 142
1 33 53 42.242 -121.09 456 328 380 380 3 142
1 33 53 42.349 -121.18 458 327 380 380 3 142
1 33 53 42.456 -121.27 459 328 380 380 3 142
1 33 53 42.565 -121.36 461 327 380 380 3 142
1 33 53 42.695 -121.47 463 327 380 380 3 141
1 33 53 42.804 -121.56 463 328 380 380 3 141
1 33 53 42.913 -121.66 465 314 379 340 3 141
1 33 53 43.029 -121.73 461 327 369 340 3 141
1 33 53 43.152 -121.78 463 331 360 340 3 141
1 33 53 43.272 -121.84 463 339 350 340 3 141
1 33 53 43.402 -121.9 464 341 340 340 3 141
1 33 53 43.522 -121.96 460 340 340 340 3 141
1 33 53 43.642 -122.02 457 340 340 340 3 141
1 33 53 43.762 -122.08 457 341 340 340 3 135
1 33 53 43.883 -122.13 458 340 327 340 3 135
1 33 53 43.998 -122.19 446 340 304 340 3 135
1 33 53 44.109 -122.24 428 340 283 340 3 135
1 33 53 44.225 -122.3 438 340 260 340 3 135
1 33 53 44.336 -122.35 428 340 238 340 3 130
1 33 53 44.462 -122.42 409 340 213 340 3 130
1 33 53 44.563 -122.47 391 340 193 340 3 130
1 33 53 44.644 -122.51 378 340 177 340 3 130
1 33 53 44.756 -122.56 365 339 153 340 3 130
1 33 53 44.844 -122.61 347 341 135 340 3 130
1 33 53 44.933 -122.64 336 339 113 340 3 130
1 33 53 45.027 -122.6 329 9 103 340 3 112
1 33 53 45.102 -122.57 286 17 91 340 3 112
1 33 53 45.177 -122.54 279 15 74 340 3 112
1 33 53 45.252 -122.5 283 15 63 340 3 112
1 33 53 45.364 -122.46 259 15 43 340 3 112
1 33 53 45.396 -122.44 262 17 37 340 3 112
1 33 53 45.466 -122.44 254 6 29 340 3 112
1 33 53 45.521 -122.45 199 358 24 340 3 112
1 33 53 45.551 -122.5 170 327 14 340 3 112
1 33 53 45.572 -122.56 159 299 4 340 3 112
1 33 53 45.588 -122.6 148 297 340 340 3 135
2 33 53 36.077 -115.14 178.62 22.538 33.462 360 1 3
2 33 53 36.071 -115.14 217.38 182.46 52 360 1 3
2 33 53 36.031 -115.14 262.69 181.23 72.462 360 1 3
2 33 53 35.98 -115.16 282.31 182.23 94.923 360 1 3
2 33 53 35.927 -115.21 299.38 208 117.69 360 1 3
2 33 53 35.903 -115.32 328.08 232.31 140.77 360 1 3
2 33 53 35.899 -115.42 351.85 249.23 160.46 360 1 3
2 33 53 35.899 -115.54 363.08 266.92 184.54 360 1 3
2 33 53 35.924 -115.67 379.5 275 209.54 360 1 56
2 33 53 35.953 -115.81 394.92 283.23 231 360 1 56
2 33 53 36.028 -115.92 411.54 289.69 250.31 360 1 56
2 33 53 36.109 -116.02 424.23 283.77 267.85 360 1 56
2 33 53 36.183 -116.13 431.69 313.54 282.92 360 1 56
2 33 53 36.275 -116.26 438.92 312.85 302.38 360 1 56
2 33 53 36.366 -116.37 444.46 312.77 318.69 360 1 56
2 33 53 36.456 -116.48 445.5 313.62 334.65 380 1 56
2 33 53 36.552 -116.59 443.04 315.77 345.62 360 1 56
2 33 53 36.638 -116.68 443 320.08 352.62 360 1 56
2 33 53 36.743 -116.78 441.77 322.08 359.77 360 1 56
2 33 53 36.841 -116.87 440.19 323.31 365.62 360 1 56
2 33 53 36.941 -116.95 438.54 324.23 368.77 360 1 56
2 33 53 37.048 -117.05 439 324.31 370.69 360 1 56
2 33 53 37.145 -117.13 439.69 325 371.85 360 1 56
2 33 53 37.256 -117.22 440.69 325.85 372.31 360 4 180
2 33 53 37.36 -117.31 441.31 326.31 372.31 360 4 180
2 33 53 37.453 -117.38 442.46 326.85 372.31 360 4 180
2 33 53 37.548 -117.45 443.31 328.31 372.23 360 4 180
2 33 53 37.64 -117.52 443.92 329.19 372.31 360 4 180
2 33 53 37.765 -117.61 444.12 328.81 372.31 360 4 180
2 33 53 37.885 -117.7 444.15 328.92 372.31 360 4 180
2 33 53 37.969 -117.78 443.04 327.69 372.31 360 4 180
2 33 53 38.069 -117.86 442.92 324.38 372.31 360 4 180
2 33 53 38.156 -117.94 443.15 324.15 372.31 360 4 180
2 33 53 38.253 -118.04 441.38 322.69 372.31 360 4 180
2 33 53 38.355 -118.14 441.46 322.15 372.31 360 4 180
2 33 53 38.457 -118.23 442 323.15 372.31 360 4 180
2 33 53 38.556 -118.33 443 322.92 372.31 360 4 180
2 33 53 38.654 -118.42 443 323.15 372.23 360 4 180
2 33 53 38.752 -118.51 443.58 323.46 372.31 360 4 180
2 33 53 38.857 -118.61 443.38 323.54 372.31 360 4 181
2 33 53 38.96 -118.7 444.54 323.69 372.31 360 4 181
2 33 53 39.074 -118.8 445.46 324.15 372.62 360 4 181
2 33 53 39.189 -118.88 445.08 326.85 373.31 360 4 181
2 33 53 39.303 -118.96 448.38 328.31 373.31 360 4 181
2 33 53 39.419 -119.05 447.15 331 373.85 360 4 181
2 33 53 39.526 -119.13 448.38 330.23 373.85 360 4 181
2 33 53 39.621 -119.2 448.69 330.31 373.85 360 4 181
2 33 53 39.729 -119.28 449.08 330.23 373.85 360 4 181
2 33 53 39.844 -119.36 447.77 330.23 373.77 360 4 181
2 33 53 39.96 -119.44 448 330.15 373.85 360 4 181
2 33 53 40.064 -119.52 448.77 330.23 374.08 360 4 181
2 33 53 40.163 -119.59 450.15 329.92 375.31 360 4 181
2 33 53 40.274 -119.68 450.38 330 375.38 360 4 181
2 33 53 40.367 -119.75 449.73 329.77 375.38 360 4 181
2 33 53 40.465 -119.83 450.08 328.77 375.38 360 4 181
2 33 53 40.573 -119.91 449.92 329.04 375.54 360 4 181
2 33 53 40.687 -120 449.15 328.85 376.31 360 4 181
2 33 53 40.787 -120.07 450.85 329 376.92 360 4 181
2 33 53 40.893 -120.16 449.42 328.92 376.92 360 4 181
2 33 53 40.986 -120.23 448.23 328.5 376.92 360 4 181
2 33 53 41.082 -120.31 448.23 328.81 376.92 360 3 142
2 33 53 41.209 -120.41 448.85 328.77 376.92 360 3 142
2 33 53 41.319 -120.49 446.77 330 376.85 360 3 142
2 33 53 41.43 -120.58 448.92 329.62 376.92 360 3 142
2 33 53 41.531 -120.65 447.92 329.77 376.92 360 3 142
2 33 53 41.634 -120.73 447 329.54 377 360 3 142
2 33 53 41.74 -120.82 446.23 329.31 376.92 360 3 142
2 33 53 41.854 -120.91 446.19 329.42 376.92 360 3 142
2 33 53 41.961 -120.99 447.58 329.31 376.85 380 3 142
2 33 53 42.067 -121.07 448.31 329.08 376.54 380 3 142
2 33 53 42.18 -121.17 447 329.62 375.92 380 3 142
2 33 53 42.285 -121.25 446.62 329.38 374.54 380 3 142
2 33 53 42.394 -121.34 447.23 329.31 373.31 360 3 142
2 33 53 42.514 -121.43 448.27 329.38 371.77 360 3 141
2 33 53 42.621 -121.52 450.19 326.62 371 360 3 141
2 33 53 42.726 -121.6 448.77 329.15 369.92 360 3 141
2 33 53 42.835 -121.71 447.92 328.08 368.62 360 3 141
2 33 53 42.937 -121.8 448.92 327.85 367.77 360 3 141
2 33 53 43.031 -121.89 446.69 325.69 367.62 360 3 141
2 33 53 43.14 -121.99 446.23 327.31 367.62 360 3 141
2 33 53 43.244 -122.09 447.54 325.38 367.62 360 3 141
2 33 53 43.351 -122.18 450.31 324.38 366.38 360 3 141
2 33 53 43.47 -122.27 454.62 327.31 364.62 360 3 141
2 33 53 43.593 -122.35 454.31 330.31 361.08 360 3 141
2 33 53 43.683 -122.42 451.69 331.62 350.62 360 3 135
2 33 53 43.795 -122.5 448.85 333.46 333.23 360 3 135
2 33 53 43.903 -122.56 452.15 333.31 312.46 360 3 135
2 33 53 44.018 -122.63 453.54 334.77 291.69 360 3 136
2 33 53 44.129 -122.68 450.46 311 271.77 360 3 136
2 33 53 44.262 -122.72 435.54 311.69 246.31 360 3 136
2 33 53 44.374 -122.72 428.85 264.08 225.54 360 3 130
2 33 53 44.498 -122.71 418 218.46 205 360 3 130
2 33 53 44.597 -122.7 403.46 83.769 185.15 360 3 130
2 33 53 44.717 -122.69 381.08 3.3077 165.62 360 3 130
2 33 53 44.817 -122.69 369.15 30 146.46 360 3 130
2 33 53 44.909 -122.68 352.69 30.692 130.77 360 3 130
2 33 53 45.011 -122.67 333.69 30.769 114.77 360 3 112
2 33 53 45.097 -122.66 314.69 29.615 101.62 360 3 112
2 33 53 45.178 -122.67 301.77 55.846 88.462 360 3 112
2 33 53 45.261 -122.66 292.23 80.462 76.077 360 3 112
2 33 53 45.325 -122.66 277.85 138.38 66.154 360 3 112
2 33 53 45.381 -122.66 268.31 139.46 58 360 3 112
2 33 53 45.437 -122.64 246.77 147.38 50.462 360 3 112
2 33 53 45.479 -122.61 230.15 134.38 42.923 360 3 112
2 33 53 45.53 -122.59 213.31 162.69 33.846 360 3 112
2 33 53 45.563 -122.57 188 135.92 26.077 360 3 112
2 33 53 45.576 -122.57 169.69 187.23 18.923 360 3 112
2 33 53 45.585 -122.59 151.23 229.85 10.154 360 3 112
2 33 53 45.587 -122.59 141.92 229.77 31.769 360 3 112
2 33 53 45.589 -122.6 140.92 228.77 337.15 360 3 135
