1 33 67 36.067 -115.15 186 0 30 340 1 3
1 33 67 36.03 -115.24 215.5 253.5 51.5 340 1 3
1 33 67 36.009 -115.19 216 158 79 340 1 3
1 33 67 36.011 -115.19 231.5 222 88 340 1 3
1 33 67 35.957 -115.22 254.5 228 106 340 1 3
1 33 67 35.948 -115.31 274 259 123.5 340 1 3
1 33 67 35.941 -115.42 311 278.5 137 340 1 3
1 33 67 35.933 -115.55 349 265 149.5 340 1 3
1 33 67 35.926 -115.67 368 264.5 164 340 1 3
1 33 67 35.945 -115.81 380 280 180.5 340 1 3
1 33 67 35.982 -115.91 381.5 273 197 340 1 56
1 33 67 36.019 -116.03 386.5 285.5 211.5 340 1 56
1 33 67 36.071 -116.14 402.5 290 224.5 340 1 56
1 33 67 36.158 -116.24 400.5 302.5 236.5 340 1 56
1 33 67 36.246 -116.33 405.5 309.5 248.5 340 1 56
1 33 67 36.358 -116.44 409.5 319.5 264.5 340 1 56
1 33 67 36.425 -116.51 409 320.5 274 340 1 56
1 33 67 36.52 -116.6 409 320.5 286 340 1 56
1 33 67 36.616 -116.67 409.5 326 298.5 340 1 56
1 33 67 36.709 -116.75 408.5 326.5 309 340 1 56
1 33 67 36.822 -116.84 407 326.5 322.5 340 1 56
1 33 67 36.901 -116.94 400 323 331.5 340 1 56
1 33 67 36.958 -117.04 399 308 341.5 340 1 34
1 33 67 37.011 -117.15 395.5 299.5 351 340 1 34
1 33 67 37.046 -117.28 398.5 297.5 355 340 1 34
1 33 67 37.056 -117.39 400.5 288.5 356 340 1 34
1 33 67 37.066 -117.57 402.5 274 359 340 1 34
1 33 67 37.078 -117.73 406.5 274 360.5 340 1 34
1 33 67 37.087 -117.87 407 274.5 360 340 1 34
1 33 67 37.094 -117.97 407 274 360 340 1 34
1 33 67 37.099 -118.06 407 274 360 340 1 34
1 33 67 37.109 -118.21 410 275 352.5 340 1 34
1 33 67 37.12 -118.37 409.5 274.5 345 340 1 34
1 33 67 37.13 -118.53 410.5 274.5 342.5 340 1 34
1 33 67 37.143 -118.72 415 274 330.5 340 1 34
1 33 67 37.145 -118.81 415.5 274 324 200 1 34
1 33 67 37.152 -118.93 418 272.5 315 200 4 187
1 33 67 37.156 -119.08 423.5 272.5 304.5 200 4 187
1 33 67 37.162 -119.23 427.5 272 293.5 200 4 187
1 33 67 37.17 -119.39 433 272 281 200 4 166
1 33 67 37.176 -119.5 432.5 273 274 200 4 166
1 33 67 37.184 -119.67 431.5 273 266.5 200 4 166
1 33 67 37.192 -119.81 431 273 248 200 4 166
1 33 67 37.201 -119.97 418 273 240 200 4 166
1 33 67 37.195 -120.12 444.5 271.5 233 200 4 168
1 33 67 37.188 -120.26 427 263.5 216.5 200 4 179
1 33 67 37.175 -120.39 424.5 261.5 202 200 4 166
1 33 67 37.163 -120.55 419.5 260.5 187 200 4 166
1 33 67 37.157 -120.68 410 266 172.5 200 4 152
1 33 67 37.117 -120.88 381.5 256.5 141 200 4 154
1 33 67 37.083 -121 364 254.5 121 200 4 154
1 33 67 37.067 -121.11 325.5 254.5 111.5 200 4 152
1 33 67 37.056 -121.18 333 257 101.5 200 4 152
1 33 67 37.033 -121.33 318 259 99.5 200 4 154
1 33 67 37.042 -121.43 308.5 265.5 92.5 200 4 154
1 33 67 37.05 -121.53 308 277 87.5 200 4 154
1 33 67 37.075 -121.62 291 280.5 75.5 200 4 154
1 33 67 37.1 -121.7 281.5 287.5 69.5 200 4 154
1 33 67 37.15 -121.78 274 295.5 56.5 200 4 154
1 33 67 37.2 -121.84 255 314 50 200 4 154
1 33 67 37.242 -121.9 224.5 312.5 42 200 4 154
1 33 67 37.291 -121.94 223.5 317 31 200 4 154
1 33 67 37.341 -121.95 204.5 162 24 200 4 154
1 33 67 37.367 -121.94 184.5 183.5 13 200 4 154
1 33 67 37.372 -121.94 161.5 215.5 6 200 4 154
1 33 67 37.367 -121.94 147 229.5 1 200 4 156
2 33 67 36.076 -115.14 165.93 13.857 32.714 320 1 3
2 33 67 36.07 -115.15 221.79 187.14 52.5 320 1 3
2 33 67 36.026 -115.14 267.71 181.79 75 320 1 3
2 33 67 35.975 -115.17 279.5 195.71 94.5 320 1 3
2 33 67 35.924 -115.23 305.71 190.86 118.43 320 1 3
2 33 67 35.901 -115.34 333.07 232.57 144 320 1 3
2 33 67 35.902 -115.46 356.43 257.21 163.64 320 1 3
2 33 67 35.901 -115.58 378.64 267.64 187.29 320 1 3
2 33 67 35.91 -115.71 386.29 271.21 207.93 320 1 56
2 33 67 35.939 -115.83 402 274.07 231.71 320 1 56
2 33 67 35.991 -115.96 413.57 278.71 253.71 320 1 56
2 33 67 36.056 -116.1 419.64 291.43 273.86 320 1 56
2 33 67 36.108 -116.22 425.86 298.64 290 320 1 56
2 33 67 36.159 -116.34 427.89 298.75 301.43 320 1 56
2 33 67 36.211 -116.47 431.11 298.25 310.32 320 1 56
2 33 67 36.261 -116.6 429.39 297.14 317.39 320 1 56
2 33 67 36.319 -116.74 427.14 295.86 322.57 320 1 34
2 33 67 36.358 -116.86 425.93 294.43 324.21 320 1 34
2 33 67 36.397 -116.99 423.93 290.36 325.79 320 1 34
2 33 67 36.437 -117.14 423.07 288.79 325.79 320 1 34
2 33 67 36.474 -117.28 423.36 287.64 325.79 320 1 34
2 33 67 36.51 -117.42 423.21 287.29 325.71 320 1 34
2 33 67 36.547 -117.56 423.5 287.29 325.79 320 1 34
2 33 67 36.584 -117.71 423.79 286.93 325.79 320 1 34
2 33 67 36.615 -117.84 424.54 286.93 325.32 320 1 34
2 33 67 36.649 -117.97 425.07 286.75 324.5 320 1 34
2 33 67 36.682 -118.11 424.86 286.86 323.71 320 1 34
2 33 67 36.718 -118.26 424.68 286.57 323.5 320 1 34
2 33 67 36.75 -118.38 423.29 286.71 323.57 320 1 34
2 33 67 36.785 -118.53 423.32 286.43 323.36 320 1 34
2 33 67 36.819 -118.67 422.5 286.21 321.93 320 4 187
2 33 67 36.852 -118.81 420.79 286.14 318.5 240 4 187
2 33 67 36.886 -118.95 419.57 286.14 313.21 240 4 187
2 33 67 36.916 -119.08 419.5 286.07 306.57 240 4 187
2 33 67 36.949 -119.23 420.21 285.57 300.79 200 4 187
2 33 67 36.98 -119.36 417.5 285.57 293.54 200 4 187
2 33 67 37.014 -119.51 417 285.79 286.86 200 4 187
2 33 67 37.045 -119.65 416.21 285.64 274.14 200 4 187
2 33 67 37.077 -119.8 413.5 285.5 260.86 200 4 187
2 33 67 37.108 -119.95 407.68 284.64 242.04 200 4 187
2 33 67 37.133 -120.08 401.79 283.36 229.36 200 4 166
2 33 67 37.156 -120.21 394.14 283.21 214.5 200 4 166
2 33 67 37.17 -120.35 386.14 279.41 196.79 200 4 179
2 33 67 37.164 -120.5 379.82 265.96 178.57 200 4 179
2 33 67 37.15 -120.62 375.93 260.71 166.71 200 4 179
2 33 67 37.133 -120.75 354.64 259.5 150.57 200 4 179
2 33 67 37.126 -120.88 348.88 267.54 136.25 200 4 174
2 33 67 37.107 -121.01 345.18 260.71 123.93 200 4 152
2 33 67 37.093 -121.11 341.86 260.64 114.71 200 4 152
2 33 67 37.079 -121.23 329.57 260.86 103.57 200 4 154
2 33 67 37.071 -121.33 312.18 262.32 96.286 200 4 154
2 33 67 37.077 -121.43 297.43 271.43 85.071 200 4 154
2 33 67 37.093 -121.53 282.86 276.43 73.143 200 4 154
2 33 67 37.128 -121.62 275.79 291.43 61.643 200 4 154
2 33 67 37.159 -121.69 260.79 293.79 52.429 200 4 154
2 33 67 37.196 -121.76 245.64 301.57 43.571 200 4 154
2 33 67 37.242 -121.81 224.86 316.36 32.5 200 4 154
2 33 67 37.287 -121.85 193 318.64 21.286 200 4 154
2 33 67 37.321 -121.89 169.5 320.43 11.929 200 4 154
2 33 67 37.341 -121.9 165.21 298.07 7.5714 200 4 154
2 33 67 37.361 -121.93 143.5 305.29 104.21 200 4 156
