1 33 69 36.076 -115.18 184.93 51.867 34.067 330 1 3
1 33 69 36.096 -115.25 229.27 206.93 54.667 330 1 3
1 33 69 36.129 -115.27 249.8 224.73 74.067 330 1 3
1 33 69 36.165 -115.24 269.47 106.6 93.533 330 1 3
1 33 69 36.194 -115.14 298.73 83.067 111.4 330 1 3
1 33 69 36.196 -115.03 334.13 84.4 133.73 330 1 38
1 33 69 36.199 -114.9 350.33 87.333 158.13 330 1 3
1 33 69 36.222 -114.8 364.33 80.867 176.33 330 1 3
1 33 69 36.289 -114.7 380.63 51.8 198.67 330 1 30
1 33 69 36.367 -114.62 388.5 38.5 217.1 330 1 30
1 33 69 36.47 -114.52 401.27 36.933 235.07 330 1 30
1 33 69 36.564 -114.44 414.07 34.867 251.2 330 1 48
1 33 69 36.673 -114.36 425.27 32.333 267.8 330 1 48
1 33 69 36.767 -114.28 433.27 31.567 280.47 330 1 48
1 33 69 36.871 -114.2 438.7 31.267 291.4 330 1 48
1 33 69 36.977 -114.12 445.17 31.133 299.2 330 1 48
1 33 69 37.088 -114.03 451 31.133 306.2 330 1 48
1 33 69 37.203 -113.94 453.07 31.067 312.2 330 1 48
1 33 69 37.302 -113.87 453.2 31.467 316.6 330 1 48
1 33 69 37.413 -113.78 451.27 31.467 318 330 1 48
1 33 69 37.529 -113.69 451.47 31.333 318 330 1 48
1 33 69 37.631 -113.61 451.8 30.867 318 330 1 48
1 33 69 37.737 -113.53 452.77 30.033 318 330 5 205
1 33 69 37.838 -113.45 453.03 35.033 318.13 330 5 205
1 33 69 37.957 -113.37 452.53 28.533 318.2 310 5 205
1 33 69 38.067 -113.29 453.8 28.133 317.53 310 5 205
1 33 69 38.179 -113.22 452.2 27.067 316.8 310 5 205
1 33 69 38.284 -113.15 451.6 27.2 316.67 310 5 205
1 33 69 38.385 -113.09 450 39.233 316.53 310 5 205
1 33 69 38.511 -113.02 451.47 25.733 314.4 310 5 205
1 33 69 38.628 -112.96 453 24 312.33 310 5 205
1 33 69 38.749 -112.89 453.53 22.367 311.13 170 5 205
1 33 69 38.871 -112.83 454.8 22.267 310.53 170 5 205
1 33 69 38.98 -112.77 452.6 22.267 309 170 5 205
1 33 69 39.082 -112.71 452.4 21.933 307.4 170 5 205
1 33 69 39.194 -112.65 452.77 22.367 302.83 170 5 215
1 33 69 39.306 -112.59 452.43 22.333 293.13 170 5 215
1 33 69 39.416 -112.53 443.3 21.967 272.1 170 5 215
1 33 69 39.542 -112.47 434.5 21.7 254.8 170 5 215
1 33 69 39.664 -112.4 423.33 20.867 236.33 170 5 215
1 33 69 39.766 -112.36 408.67 20.2 213.07 170 5 215
1 33 69 39.863 -112.3 393.4 18.467 193.9 170 5 215
1 33 69 39.977 -112.25 376.07 19.6 178.07 170 5 215
1 33 69 40.069 -112.21 362.53 18.133 164.47 170 5 215
1 33 69 40.173 -112.17 357.33 39.067 149.73 170 5 197
1 33 69 40.262 -112.13 349.17 17.933 137.97 170 5 197
1 33 69 40.36 -112.09 339.13 16.4 130.73 170 5 197
1 33 69 40.452 -112.07 321.67 70.767 118.8 170 5 197
1 33 69 40.552 -112.05 300.8 150.53 110.6 170 5 197
1 33 69 40.632 -112.06 279.7 298.57 105.73 170 5 197
1 33 69 40.715 -112.05 263.27 286.33 99.267 170 5 197
1 33 69 40.776 -112.05 250.53 265 90.267 170 5 197
1 33 69 40.819 -112.03 228.47 240.6 77.933 170 5 197
1 33 69 40.823 -112 203.8 184.27 65.2 170 5 197
1 33 69 40.815 -112 183.87 216.33 56.733 170 5 197
1 33 69 40.804 -111.99 154.13 234.6 48.933 170 5 197
1 33 69 40.799 -111.99 147.4 234.47 43.667 170 5 197
2 33 69 36.077 -115.12 173.5 0 30 330 1 3
2 33 69 36.075 -115.02 225.25 94.5 50.75 330 1 3
2 33 69 36.083 -114.93 273.25 87.25 70.75 330 1 3
2 33 69 36.095 -114.84 289.75 78.5 93.5 330 1 3
2 33 69 36.113 -114.73 308.5 78 114.5 330 1 3
2 33 69 36.133 -114.61 344.75 78 136.25 330 1 3
2 33 69 36.15 -114.51 357.5 77.75 156.75 330 1 3
2 33 69 36.178 -114.39 367.5 75 179.5 330 1 3
2 33 69 36.231 -114.27 386.75 67.25 199.75 330 1 30
2 33 69 36.315 -114.18 407.5 46 220.75 330 1 30
2 33 69 36.408 -114.11 412.75 28.75 237.75 330 1 30
2 33 69 36.507 -114.06 426.25 27.25 250.75 330 1 30
2 33 69 36.63 -113.99 439.25 22.75 267 330 1 48
2 33 69 36.748 -113.92 447.5 23 280.75 330 1 48
2 33 69 36.865 -113.85 450.5 23.75 289.25 330 1 48
2 33 69 36.979 -113.79 452 23.5 292 330 1 48
2 33 69 37.101 -113.72 456.75 23.25 295 330 1 48
2 33 69 37.221 -113.66 463.25 23.75 299.25 330 1 48
2 33 69 37.344 -113.59 465.25 23.5 302.75 330 1 48
2 33 69 37.469 -113.52 464.5 23.75 305.25 330 1 48
2 33 69 37.588 -113.45 464.75 23.5 305.25 330 1 48
2 33 69 37.713 -113.38 465.5 23.5 305.25 330 5 205
2 33 69 37.833 -113.31 465.75 23.75 305 330 5 205
2 33 69 37.951 -113.24 466.25 23.75 302.25 330 5 205
2 33 69 38.034 -113.2 466 24 300.25 310 5 205
2 33 69 38.164 -113.12 465.25 23.75 298.5 310 5 205
2 33 69 38.283 -113.06 465 23.75 295.5 310 5 205
2 33 69 38.402 -112.99 465 23.75 295.5 310 5 205
2 33 69 38.493 -112.94 465.5 22.75 293.75 310 5 205
2 33 69 38.594 -112.89 465.5 19.375 291 310 5 205
2 33 69 38.699 -112.84 463.88 19.75 290.25 310 5 205
2 33 69 38.806 -112.78 460 21.875 290.25 310 5 205
2 33 69 38.933 -112.72 461 20 290.25 150 5 205
2 33 69 39.013 -112.68 458.25 18.75 290.25 150 5 205
2 33 69 39.121 -112.62 457.88 20.5 289.62 150 5 205
2 33 69 39.229 -112.56 455.5 21 284 150 5 205
2 33 69 39.34 -112.51 452.25 20.5 267.5 150 5 215
2 33 69 39.452 -112.45 438.25 21.5 247.25 150 5 215
2 33 69 39.566 -112.39 426.25 21.25 226 150 5 215
2 33 69 39.677 -112.33 409.75 22 206 150 5 215
2 33 69 39.782 -112.27 395 20.75 188.75 150 5 215
2 33 69 39.903 -112.22 362.75 21.5 176.5 150 5 215
2 33 69 40.027 -112.16 357.5 21 158.75 150 5 215
2 33 69 40.09 -112.11 350.25 21.5 150.75 150 5 215
2 33 69 40.181 -112.07 339.5 21.75 143.75 150 5 197
2 33 69 40.249 -112.03 336.75 22.5 130.5 150 5 197
2 33 69 40.327 -111.99 322.25 16.5 118.25 100 5 197
2 33 69 40.441 -111.98 315.25 4.75 108.25 150 5 197
2 33 69 40.514 -111.98 296.75 265 103.5 150 5 197
2 33 69 40.607 -112 278.75 354.25 86.5 150 5 197
2 33 69 40.681 -112 261.5 355.25 73.25 150 5 197
2 33 69 40.745 -112 224.5 273.75 62.75 150 5 197
2 33 69 40.776 -111.99 177.25 272.5 54 150 5 197
2 33 69 40.786 -111.99 166.5 298 48 150 5 197
2 33 69 40.803 -111.99 146.5 309.5 43.25 150 5 197
