1 33 71 36.072 -115.17 169.17 82.667 32.25 280 1 3
1 33 71 36.049 -115.23 214.42 221.08 52.333 280 1 3
1 33 71 36.016 -115.28 262.42 243.17 71.667 280 1 3
1 33 71 35.952 -115.3 284.83 214.58 87 280 1 3
1 33 71 35.858 -115.31 302.67 198 118.17 280 1 3
1 33 71 35.779 -115.3 324 188.83 143.42 280 1 3
1 33 71 35.691 -115.33 355.33 184.92 171.75 280 1 3
1 33 71 35.6 -115.41 377.75 187.08 203.42 280 1 31
1 33 71 35.528 -115.5 387.83 205.17 233.25 280 1 31
1 33 71 35.451 -115.6 397.67 223.83 252.5 280 1 44
1 33 71 35.38 -115.69 408.42 226 264.92 280 1 44
1 33 71 35.305 -115.79 410.29 226.04 268.08 280 1 44
1 33 71 35.23 -115.89 413.58 226.38 269.17 280 1 44
1 33 71 35.16 -115.98 414.79 226.92 268.88 280 1 44
1 33 71 35.078 -116.1 415.5 227.33 267.58 240 1 44
1 33 71 35 -116.2 416.17 227.33 264.33 240 1 44
1 33 71 34.915 -116.31 414.25 226.75 260.25 240 1 44
1 33 71 34.84 -116.4 412 226.5 257 240 1 44
1 33 71 34.763 -116.5 410.33 226.62 253.33 240 1 44
1 33 71 34.684 -116.6 409.08 226.33 248.04 130 1 44
1 33 71 34.606 -116.7 404.42 225.58 231.83 130 1 19
1 33 71 34.529 -116.79 396.83 225.17 210.25 130 1 19
1 33 71 34.443 -116.9 385.42 224.83 186.5 130 1 19
1 33 71 34.376 -116.97 369.5 224.67 163.42 130 1 19
1 33 71 34.295 -117.06 354.46 220.08 139.33 130 1 19
1 33 71 34.208 -117.13 342.75 211.92 124.75 130 1 6
1 33 71 34.123 -117.18 329 205.29 112.21 130 1 6
1 33 71 34.042 -117.23 312.58 206.83 101.92 130 1 6
1 33 71 33.975 -117.29 300.83 212.25 92.083 130 1 6
1 33 71 33.924 -117.34 287.42 219.08 86.417 130 1 6
1 33 71 33.861 -117.41 269.17 222.67 81 130 1 6
1 33 71 33.812 -117.47 254.58 222.42 80.083 130 1 6
1 33 71 33.79 -117.54 247.67 234.08 74 130 1 6
1 33 71 33.794 -117.61 235.83 261.33 66.167 130 1 2
1 33 71 33.808 -117.68 226.83 281.33 54.667 130 1 2
1 33 71 33.818 -117.74 218.25 283.58 40.25 130 1 2
1 33 71 33.795 -117.78 201.25 250.75 26.25 130 1 2
1 33 71 33.76 -117.81 164.75 220.42 17.5 130 1 2
1 33 71 33.728 -117.83 149.42 208.25 10.833 130 1 2
1 33 71 33.698 -117.85 142 206.58 24.917 130 1 2
1 33 71 33.674 -117.87 140.25 207.17 55.917 130 1 2
2 33 71 36.077 -115.11 157.5 36.25 34.5 280 1 3
2 33 71 36.076 -115.04 207.12 94.5 50.875 280 1 3
2 33 71 36.06 -114.97 252.5 90.875 71.75 280 1 3
2 33 71 36.013 -114.96 269.88 117.75 90.5 280 1 3
2 33 71 35.936 -115.01 292 173.5 116.62 280 1 3
2 33 71 35.878 -115.06 314.25 205.25 137.75 280 1 3
2 33 71 35.826 -115.12 328.38 191.88 160.38 280 1 3
2 33 71 35.743 -115.21 351 220.62 184.25 280 1 3
2 33 71 35.669 -115.3 364.25 221.75 207.75 280 1 31
2 33 71 35.587 -115.4 373.62 221 228.5 280 1 31
2 33 71 35.513 -115.51 380 232.12 249.12 280 1 44
2 33 71 35.444 -115.59 385.88 227.5 259.12 280 1 44
2 33 71 35.368 -115.69 403.25 226.38 261.25 280 1 44
2 33 71 35.291 -115.8 409.88 227.25 263.12 280 1 44
2 33 71 35.22 -115.9 411.94 227.44 264.38 280 1 44
2 33 71 35.153 -115.99 416.56 227.5 265 280 1 44
2 33 71 35.083 -116.08 417.62 227.5 264.56 280 1 44
2 33 71 35.002 -116.19 417.94 227.44 264.12 280 1 44
2 33 71 34.928 -116.28 419.88 227.12 263 280 1 44
2 33 71 34.848 -116.39 419.19 227.12 261.38 280 1 44
2 33 71 34.771 -116.49 413.75 227.44 252.44 130 1 44
2 33 71 34.691 -116.59 404.25 226.69 235.94 130 1 44
2 33 71 34.606 -116.7 399.12 225.88 224.25 130 1 19
2 33 71 34.529 -116.79 395.38 225.62 211.38 130 1 19
2 33 71 34.461 -116.87 384.5 225.12 183.62 130 1 19
2 33 71 34.384 -116.97 379.38 225.25 165 130 1 19
2 33 71 34.305 -117.06 369.25 223.62 138.12 130 1 19
2 33 71 34.226 -117.12 355.25 217.75 125.5 130 1 6
2 33 71 34.155 -117.16 341.5 206.25 121.75 130 1 6
2 33 71 34.059 -117.21 332.5 202.5 111.88 130 1 6
2 33 71 33.991 -117.26 327.62 210.25 102.75 130 1 6
2 33 71 33.927 -117.32 311.25 216.12 93.875 130 1 6
2 33 71 33.876 -117.38 297.12 217.75 87.125 130 1 6
2 33 71 33.82 -117.45 272.5 225.38 81.75 130 1 6
2 33 71 33.788 -117.52 249.88 234.12 76.875 130 1 6
2 33 71 33.787 -117.59 238.75 265.5 68.625 130 1 6
2 33 71 33.807 -117.66 221.62 285.38 60.375 130 1 2
2 33 71 33.819 -117.72 213.75 290.12 49.625 130 1 2
2 33 71 33.797 -117.78 202.75 262 34.25 130 1 2
2 33 71 33.758 -117.81 174.62 219 21.875 130 1 2
2 33 71 33.725 -117.84 144.38 209.75 11 130 1 2
2 33 71 33.693 -117.86 143 208 3.625 130 1 2
2 33 71 33.674 -117.87 138.88 206.5 52.25 130 1 2
