1 49 49 34.05 -117.62 73 999 13 85 2014 7 4 13 45 6 1 6
1 49 49 34.1 -117.73 124 301 32 85 2014 7 4 13 49 16 1 6
1 49 49 34.133 -117.8 121 298 45 85 2014 7 4 13 50 16 1 6
1 49 49 34.13 -117.8 124 301 44 85 2014 7 4 13 51 7 1 6
1 49 49 34.167 -117.88 126 309 58 85 2014 7 4 13 52 16 1 6
1 49 49 34.162 -117.88 123 299 56 85 2014 7 4 13 53 6 1 6
1 49 49 34.2 -117.95 125 297 67 85 2014 7 4 13 54 16 1 6
1 49 49 34.217 -117.98 127 297 71 85 2014 7 4 13 55 15 1 6
1 49 49 34.215 -117.99 124 301 71 85 2014 7 4 13 56 15 1 6
1 49 49 34.25 -118.07 119 314 79 85 2014 7 4 13 57 16 1 6
1 49 49 34.267 -118.1 125 288 83 85 2014 7 4 13 58 15 1 6
1 49 49 34.264 -118.1 124 301 83 85 2014 7 4 13 59 6 1 6
1 49 49 34.283 -118.17 135 295 85 85 2014 7 4 14 0 15 1 8
1 49 49 34.3 -118.22 139 293 85 85 2014 7 4 14 1 6 1 8
1 49 49 34.309 -118.22 135 291 85 85 2014 7 4 14 2 6 1 8
1 49 49 34.333 -118.3 139 296 85 85 2014 7 4 14 3 16 1 8
1 49 49 34.346 -118.32 138 291 85 85 2014 7 4 14 4 6 1 8
1 49 49 34.362 -118.36 138 301 85 85 2014 7 4 14 5 16 1 8
1 49 49 34.383 -118.42 140 296 85 85 2014 7 4 14 6 16 1 8
1 49 49 34.397 -118.44 138 301 86 85 2014 7 4 14 7 16 1 8
1 49 49 34.414 -118.48 139 292 85 85 2014 7 4 14 8 6 1 8
1 49 49 34.431 -118.52 139 301 85 85 2014 7 4 14 9 6 1 8
1 49 49 34.449 -118.57 139 308 85 85 2014 7 4 14 10 16 1 8
1 49 49 34.466 -118.61 138 296 85 85 2014 7 4 14 11 15 1 8
1 49 49 34.483 -118.65 138 288 85 85 2014 7 4 14 12 15 1 8
1 49 49 34.5 -118.69 138 297 85 85 2014 7 4 14 13 6 1 8
1 49 49 34.52 -118.74 133 296 85 85 2014 7 4 14 14 6 1 32
1 49 49 34.537 -118.78 137 295 85 85 2014 7 4 14 15 6 1 32
1 49 49 34.552 -118.82 139 297 85 85 2014 7 4 14 16 6 1 32
1 49 49 34.571 -118.86 131 295 85 85 2014 7 4 14 17 6 1 25
1 49 49 34.585 -118.91 144 296 85 85 2014 7 4 14 18 6 1 25
1 49 49 34.601 -118.95 143 295 85 85 2014 7 4 14 19 15 1 25
1 49 49 34.619 -118.99 136 292 85 85 2014 7 4 14 20 16 1 25
1 49 49 34.634 -119.03 138 296 86 85 2014 7 4 14 21 6 1 25
1 49 49 34.654 -119.08 138 296 86 85 2014 7 4 14 22 6 1 25
1 49 49 34.671 -119.12 139 294 85 85 2014 7 4 14 23 6 1 25
1 49 49 34.686 -119.16 138 296 85 85 2014 7 4 14 24 6 1 25
1 49 49 34.701 -119.21 139 295 85 85 2014 7 4 14 25 15 1 25
1 49 49 34.716 -119.25 138 274 85 85 2014 7 4 14 26 15 1 25
1 49 49 34.735 -119.3 139 293 85 85 2014 7 4 14 27 15 1 25
1 49 49 34.735 -119.3 139 293 85 85 2014 7 4 14 28 6 1 25
1 49 49 34.766 -119.39 139 293 84 85 2014 7 4 14 29 16 1 25
1 49 49 34.766 -119.39 139 293 84 85 2014 7 4 14 30 6 1 25
1 49 49 34.795 -119.47 137 293 84 85 2014 7 4 14 31 16 1 25
1 49 49 34.811 -119.51 137 295 84 85 2014 7 4 14 32 6 1 23
1 49 49 34.807 -119.52 137 293 84 85 2014 7 4 14 33 6 1 23
1 49 49 34.822 -119.56 138 291 84 85 2014 7 4 14 34 15 1 23
1 49 49 34.837 -119.6 138 290 84 85 2014 7 4 14 35 6 1 23
1 49 49 34.853 -119.65 138 292 84 85 2014 7 4 14 36 6 1 23
1 49 49 34.869 -119.7 138 291 84 85 2014 7 4 14 37 15 1 23
1 49 49 34.885 -119.74 134 296 85 85 2014 7 4 14 38 6 1 23
1 49 49 34.899 -119.77 134 288 85 85 2014 7 4 14 39 6 1 23
1 49 49 34.919 -119.81 136 298 84 85 2014 7 4 14 40 6 1 23
1 49 49 34.95 -119.91 144 294 85 85 2014 7 4 14 41 16 1 23
1 49 49 34.968 -119.95 140 292 85 85 2014 7 4 14 42 6 1 23
1 49 49 34.968 -119.95 141 298 85 85 2014 7 4 14 43 16 1 23
1 49 49 34.986 -119.99 141 293 85 85 2014 7 4 14 44 15 1 23
1 49 49 35.005 -120.04 141 298 84 85 2014 7 4 14 45 15 1 23
1 49 49 35.022 -120.08 140 293 84 85 2014 7 4 14 46 6 1 23
1 49 49 35.038 -120.13 140 297 84 85 2014 7 4 14 47 16 1 23
1 49 49 35.055 -120.17 140 296 84 85 2014 7 4 14 48 15 1 23
1 49 49 35.072 -120.21 139 293 84 85 2014 7 4 14 49 6 1 23
1 49 49 35.089 -120.25 139 299 84 85 2014 7 4 14 50 16 1 23
1 49 49 35.106 -120.29 139 294 84 85 2014 7 4 14 51 6 1 23
1 49 49 35.126 -120.34 139 296 84 85 2014 7 4 14 52 6 1 23
1 49 49 35.142 -120.39 139 294 84 85 2014 7 4 14 53 6 1 23
1 49 49 35.159 -120.43 139 297 84 85 2014 7 4 14 54 15 1 23
1 49 49 35.174 -120.47 139 293 84 85 2014 7 4 14 55 15 1 23
1 49 49 35.191 -120.51 139 297 84 95 2014 7 4 14 56 6 1 23
1 49 49 35.203 -120.56 138 290 84 95 2014 7 4 14 57 6 1 23
1 49 49 35.201 -120.6 134 287 84 95 2014 7 4 14 58 16 1 23
1 49 49 35.204 -120.64 134 269 84 95 2014 7 4 14 59 6 1 23
1 49 49 35.222 -120.64 121 254 88 95 2014 7 4 15 0 15 1 23
1 49 49 35.21 -120.61 113 300 92 95 2014 7 4 15 1 6 1 23
1 49 49 35.198 -120.58 109 78 94 95 2014 7 4 15 2 15 1 23
1 49 49 35.186 -120.54 114 112 94 95 2014 7 4 15 3 6 1 23
1 49 49 35.172 -120.5 119 112 94 95 2014 7 4 15 4 15 1 23
1 49 49 35.159 -120.46 119 141 94 95 2014 7 4 15 5 6 1 23
1 49 49 35.146 -120.42 119 113 94 95 2014 7 4 15 6 6 1 23
1 49 49 35.132 -120.39 119 113 94 95 2014 7 4 15 7 16 1 23
1 49 49 35.132 -120.39 119 113 94 95 2014 7 4 15 8 6 1 23
1 49 49 35.102 -120.31 119 114 94 95 2014 7 4 15 9 15 1 23
1 49 49 35.089 -120.27 119 114 94 95 2014 7 4 15 10 15 1 23
1 49 49 35.075 -120.23 118 114 94 95 2014 7 4 15 11 15 1 23
1 49 49 35.062 -120.2 118 114 94 95 2014 7 4 15 12 18 1 23
1 49 49 35.057 -120.24 118 262 94 95 2014 7 4 15 13 6 1 23
1 49 49 35.048 -120.16 119 139 94 95 2014 7 4 15 14 15 1 23
1 49 49 35.035 -120.12 119 114 94 95 2014 7 4 15 15 6 1 23
1 49 49 35.021 -120.08 119 113 94 95 2014 7 4 15 16 6 1 23
1 49 49 35.008 -120.05 119 113 94 95 2014 7 4 15 17 6 1 23
1 49 49 34.99 -120 120 114 94 95 2014 7 4 15 18 6 1 23
1 49 49 34.977 -119.96 120 114 94 95 2014 7 4 15 19 15 1 23
1 49 49 34.962 -119.92 121 129 94 95 2014 7 4 15 20 6 1 23
1 49 49 34.949 -119.89 121 114 94 95 2014 7 4 15 21 15 1 23
1 49 49 34.937 -119.85 121 114 95 95 2014 7 4 15 22 16 1 23
1 49 49 34.924 -119.81 122 112 94 95 2014 7 4 15 23 6 1 23
1 49 49 34.907 -119.78 123 125 94 95 2014 7 4 15 24 6 1 23
1 49 49 34.894 -119.73 125 116 94 95 2014 7 4 15 25 15 1 23
1 49 49 34.878 -119.69 122 125 94 95 2014 7 4 15 26 6 1 23
1 49 49 34.866 -119.66 117 112 94 95 2014 7 4 15 27 15 1 23
1 49 49 34.854 -119.62 117 114 94 95 2014 7 4 15 28 6 1 23
1 49 49 34.841 -119.59 114 112 94 95 2014 7 4 15 29 16 1 23
1 49 49 34.824 -119.55 120 114 94 95 2014 7 4 15 30 6 1 23
1 49 49 34.831 -119.59 120 281 94 95 2014 7 4 15 31 6 1 23
1 49 49 34.792 -119.48 119 204 94 95 2014 7 4 15 32 6 1 25
1 49 49 34.777 -119.44 118 117 94 95 2014 7 4 15 33 6 1 25
1 49 49 34.762 -119.41 111 117 94 95 2014 7 4 15 34 16 1 25
1 49 49 34.748 -119.38 109 119 94 95 2014 7 4 15 35 15 1 25
1 49 49 34.734 -119.34 109 134 94 95 2014 7 4 15 36 6 1 25
1 49 49 34.722 -119.31 110 117 94 95 2014 7 4 15 37 6 1 25
1 49 49 34.71 -119.28 100 114 94 95 2014 7 4 15 38 16 1 25
1 49 49 34.7 -119.25 98 112 94 95 2014 7 4 15 39 6 1 25
1 49 49 34.685 -119.21 105 118 94 95 2014 7 4 15 40 15 1 25
1 49 49 34.67 -119.17 124 115 94 95 2014 7 4 15 41 6 1 25
1 49 49 34.65 -119.13 131 115 95 95 2014 7 4 15 42 6 1 25
1 49 49 34.633 -119.1 126 116 95 95 2014 7 4 15 43 6 1 25
1 49 49 34.623 -119.05 127 112 95 95 2014 7 4 15 44 15 1 25
1 49 49 34.617 -119.02 121 115 95 95 2014 7 4 15 45 6 1 25
1 49 49 34.596 -118.98 109 121 95 95 2014 7 4 15 46 16 1 25
1 49 49 34.583 -118.94 122 121 95 95 2014 7 4 15 47 16 1 25
1 49 49 34.567 -118.92 122 112 95 95 2014 7 4 15 48 6 1 25
1 49 49 34.552 -118.86 120 112 95 95 2014 7 4 15 49 16 1 25
1 49 49 34.533 -118.83 121 114 95 95 2014 7 4 15 50 6 1 32
1 49 49 34.517 -118.8 118 119 95 95 2014 7 4 15 51 6 1 32
1 49 49 34.483 -118.78 113 133 95 95 2014 7 4 15 52 16 1 8
1 49 49 34.467 -118.75 118 141 95 95 2014 7 4 15 53 6 1 8
1 49 49 34.45 -118.72 123 131 95 95 2014 7 4 15 54 15 1 8
1 49 49 34.433 -118.68 121 118 95 95 2014 7 4 15 55 6 1 8
1 49 49 34.417 -118.65 121 124 95 95 2014 7 4 15 56 15 1 8
1 49 49 34.4 -118.62 123 124 95 95 2014 7 4 15 57 6 1 8
1 49 49 34.383 -118.58 124 124 95 95 2014 7 4 15 58 6 1 8
1 49 49 34.35 -118.55 120 126 95 95 2014 7 4 15 59 16 1 8
1 49 49 34.349 -118.53 117 129 95 95 2014 7 4 16 0 6 1 8
1 49 49 34.317 -118.48 119 106 95 95 2014 7 4 16 1 15 1 8
1 49 49 34.3 -118.45 119 124 95 95 2014 7 4 16 2 15 1 8
1 49 49 34.283 -118.42 118 126 95 95 2014 7 4 16 3 6 1 8
1 49 49 34.267 -118.38 121 123 95 95 2014 7 4 16 4 6 1 8
1 49 49 34.25 -118.36 123 116 95 95 2014 7 4 16 5 15 1 8
1 49 49 34.233 -118.3 142 126 92 95 2014 7 4 16 6 6 1 8
1 49 49 34.217 -118.27 126 120 88 95 2014 7 4 16 7 6 1 8
1 49 49 34.2 -118.23 122 114 83 95 2014 7 4 16 8 6 1 8
1 49 49 34.186 -118.2 127 121 80 95 2014 7 4 16 9 6 1 8
1 49 49 34.178 -118.16 126 93 76 95 2014 7 4 16 10 6 1 8
1 49 49 34.167 -118.12 120 114 70 95 2014 7 4 16 11 6 1 8
1 49 49 34.167 -118.07 118 100 66 95 2014 7 4 16 12 15 1 8
1 49 49 34.15 -118.03 119 103 62 95 2014 7 4 16 13 15 1 8
1 49 49 34.15 -118 123 100 58 95 2014 7 4 16 14 6 1 6
1 49 49 34.15 -117.95 124 101 54 95 2014 7 4 16 15 16 1 6
1 49 49 34.133 -117.92 125 97 50 95 2014 7 4 16 16 6 1 6
1 49 49 34.14 -117.87 122 99 45 95 2014 7 4 16 17 15 1 6
1 49 49 34.133 -117.83 120 80 40 95 2014 7 4 16 18 6 1 6
1 49 49 34.129 -117.79 120 89 36 95 2014 7 4 16 19 15 1 6
1 49 49 34.117 -117.77 115 101 34 95 2014 7 4 16 20 6 1 6
1 49 49 34.106 -117.72 112 89 35 95 2014 7 4 16 21 6 1 6
1 49 49 34.1 -117.7 104 113 35 95 2014 7 4 16 22 16 1 6
1 49 49 34.083 -117.67 118 112 31 95 2014 7 4 16 23 6 1 6
1 49 49 34.083 -117.62 124 112 28 95 2014 7 4 16 24 15 1 6
1 49 49 34.074 -117.57 120 89 25 95 2014 7 4 16 25 15 1 6
1 49 49 34.05 -117.57 122 88 25 95 2014 7 4 16 26 15 1 6
1 49 49 34.05 -117.58 133 204 25 95 2014 7 4 16 27 6 1 6
1 49 49 34.05 -117.6 124 126 25 95 2014 7 4 16 28 16 1 6
1 49 49 34.046 -117.58 118 270 18 95 2014 7 4 16 29 6 1 6
1 49 49 34.07 -117.66 118 291 18 95 2014 7 4 16 31 6 1 6
1 49 49 34.033 -117.57 95 287 18 95 2014 7 4 16 32 16 1 6
2 49 49 34.092 -117.74 95 291 18 95 2014 7 4 16 38 6 1 6
2 49 49 34.101 -117.77 95 291 18 95 2014 7 4 16 39 6 1 6
2 49 49 34.111 -117.8 95 291 18 95 2014 7 4 16 40 7 1 6
2 49 49 34.033 -117.6 103 290 21 95 2014 7 4 16 41 15 1 6
2 49 49 34.033 -117.57 99 228 20 95 2014 7 4 16 42 16 1 6
2 49 49 34.05 -117.57 87 0 18 95 2014 7 4 16 43 6 1 6
2 49 49 34.085 -117.67 87 291 18 95 2014 7 4 16 47 6 1 6
2 49 49 34.094 -117.7 87 291 18 95 2014 7 4 16 48 6 1 6
2 49 49 34.102 -117.73 87 291 18 95 2014 7 4 16 49 15 1 6
2 49 49 34.111 -117.76 87 291 18 95 2014 7 4 16 50 6 1 6
2 49 49 34.033 -117.57 87 270 17 95 2014 7 4 16 51 6 1 6
2 49 49 34.069 -117.67 87 291 17 95 2014 7 4 16 55 6 1 6
2 49 49 34.05 -117.57 104 281 13 95 2014 7 4 16 56 6 1 6
