1 49 57 34.056 -117.6 152 0 9 110 2014 7 1 16 10 6 1 6
1 49 57 34.05 -117.68 256 104 36 110 2014 7 1 16 12 6 1 6
1 49 57 33.969 -117.72 247 176 59 110 2014 7 1 16 13 16 1 6
1 49 57 33.917 -117.6 303 161 84 110 2014 7 1 16 14 6 1 6
1 49 57 33.883 -117.52 288 109 103 110 2014 7 1 16 15 16 1 6
1 49 57 33.85 -117.42 308 109 110 110 2014 7 1 16 16 6 1 6
1 49 57 33.831 -117.34 329 105 110 110 2014 7 1 16 17 6 1 6
1 49 57 33.797 -117.23 355 117 110 110 2014 7 1 16 18 16 1 6
1 49 57 33.763 -117.12 356 110 110 110 2014 7 1 16 19 6 1 6
1 49 57 33.722 -116.98 358 106 112 110 2014 7 1 16 20 16 1 6
1 49 57 33.688 -116.87 355 99 111 110 2014 7 1 16 21 11 1 6
1 49 57 33.679 -116.75 362 96 109 110 2014 7 1 16 22 16 1 26
1 49 57 33.667 -116.6 363 95 110 110 2014 7 1 16 23 16 1 26
1 49 57 33.667 -116.5 283 93 99 110 2014 7 1 16 24 6 1 4
1 49 57 33.717 -116.43 266 89 56 110 2014 7 1 16 25 6 1 4
