1 49 69 34.056 -117.6 178 0 9 350 2014 7 1 9 26 6 1 6
1 49 69 34.019 -117.62 238 129 49 350 2014 7 1 9 27 15 1 6
1 49 69 34.047 -117.7 243 67 64 350 2014 7 1 9 28 15 1 6
1 49 69 34.078 -117.78 277 281 83 350 2014 7 1 9 29 6 1 6
1 49 69 34.055 -117.87 277 252 83 350 2014 7 1 9 30 8 1 6
1 49 69 34.134 -117.85 289 279 106 350 2014 7 1 9 31 6 1 6
1 49 69 34.274 -117.84 326 322 148 350 2014 7 1 9 32 15 1 21
1 49 69 34.218 -117.93 326 232 148 350 2014 7 1 9 33 15 1 21
1 49 69 34.4 -117.64 389 46 184 350 2014 7 1 9 34 15 1 21
1 49 69 34.47 -117.54 389 49 184 350 2014 7 1 9 35 15 1 21
1 49 69 34.474 -117.54 414 51 206 350 2014 7 1 9 36 6 1 21
1 49 69 34.631 -117.31 440 49 244 350 2014 7 1 9 37 15 1 43
1 49 69 34.712 -117.19 456 49 262 350 2014 7 1 9 38 15 1 43
1 49 69 34.796 -117.07 468 50 278 350 2014 7 1 9 39 15 1 43
1 49 69 34.883 -116.95 481 50 294 350 2014 7 1 9 40 15 1 43
1 49 69 34.969 -116.82 484 49 315 350 2014 7 1 9 41 6 1 43
1 49 69 35.066 -116.68 494 50 336 350 2014 7 1 9 42 15 1 43
1 49 69 35.154 -116.56 483 49 350 350 2014 7 1 9 43 15 1 43
1 49 69 35.239 -116.43 483 50 350 350 2014 7 1 9 44 15 1 43
1 49 69 35.324 -116.3 481 50 350 350 2014 7 1 9 45 15 1 43
1 49 69 35.324 -116.3 481 50 350 350 2014 7 1 9 46 6 1 43
1 49 69 35.479 -116.07 478 51 350 350 2014 7 1 9 47 15 1 43
1 49 69 35.576 -115.92 481 50 350 350 2014 7 1 9 48 6 1 43
1 49 69 35.642 -115.82 474 51 350 350 2014 7 1 9 49 15 1 47
1 49 69 35.742 -115.67 478 51 350 350 2014 7 1 9 50 15 1 47
1 49 69 35.808 -115.57 473 50 350 350 2014 7 1 9 51 15 1 47
1 49 69 35.907 -115.42 477 50 350 350 2014 7 1 9 52 16 1 47
1 49 69 35.989 -115.29 478 50 350 350 2014 7 1 9 53 16 1 47
1 49 69 36.073 -115.17 478 50 350 350 2014 7 1 9 54 15 1 47
1 49 69 36.163 -115.05 478 46 350 350 2014 7 1 9 55 15 1 47
1 49 69 36.254 -114.93 474 46 350 350 2014 7 1 9 56 6 1 47
1 49 69 36.346 -114.82 477 46 350 350 2014 7 1 9 57 15 1 47
1 49 69 36.437 -114.7 475 45 350 350 2014 7 1 9 58 15 1 49
1 49 69 36.538 -114.59 475 46 350 350 2014 7 1 9 59 15 1 49
1 49 69 36.647 -114.5 474 39 350 350 2014 7 1 10 0 15 1 49
1 49 69 36.645 -114.5 472 33 350 350 2014 7 1 10 1 10 1 49
1 49 69 36.863 -114.32 472 33 350 350 2014 7 1 10 2 15 1 49
1 49 69 36.864 -114.32 472 33 350 350 2014 7 1 10 3 6 1 49
1 49 69 36.982 -114.22 471 33 350 350 2014 7 1 10 4 6 1 49
1 49 69 37.188 -114.05 471 34 350 350 2014 7 1 10 5 15 1 49
1 49 69 37.197 -114.04 470 33 350 350 2014 7 1 10 6 6 1 49
1 49 69 37.413 -113.85 470 34 350 350 2014 7 1 10 7 15 1 49
1 49 69 37.519 -113.76 469 34 350 350 2014 7 1 10 8 15 1 49
1 49 69 37.625 -113.67 464 34 350 350 2014 7 1 10 9 15 1 49
1 49 69 37.731 -113.57 463 34 350 350 2014 7 1 10 10 15 5 205
1 49 69 37.711 -113.59 462 34 350 350 2014 7 1 10 11 6 5 205
1 49 69 37.928 -113.42 461 28 350 350 2014 7 1 10 12 16 5 205
1 49 69 38.066 -113.33 461 29 350 350 2014 7 1 10 13 6 5 205
1 49 69 38.158 -113.27 460 26 350 350 2014 7 1 10 14 15 5 205
1 49 69 38.275 -113.2 460 26 350 350 2014 7 1 10 15 15 5 205
1 49 69 38.297 -113.19 460 25 350 150 2014 7 1 10 16 6 5 205
1 49 69 38.414 -113.11 462 25 350 150 2014 7 1 10 17 15 5 205
1 49 69 38.53 -113.04 462 25 350 150 2014 7 1 10 18 15 5 205
1 49 69 38.76 -112.9 461 25 350 150 2014 7 1 10 19 15 5 205
1 49 69 38.874 -112.82 461 26 350 150 2014 7 1 10 20 16 5 205
1 49 69 38.874 -112.82 461 26 350 150 2014 7 1 10 21 6 5 205
1 49 69 39.104 -112.68 461 26 319 150 2014 7 1 10 22 15 5 205
1 49 69 39.214 -112.61 445 26 299 150 2014 7 1 10 23 15 5 215
1 49 69 39.324 -112.53 437 26 279 150 2014 7 1 10 24 15 5 215
1 49 69 39.441 -112.49 437 16 279 150 2014 7 1 10 25 16 5 215
1 49 69 39.428 -112.47 419 23 260 150 2014 7 1 10 26 6 5 215
1 49 69 39.53 -112.4 411 26 240 150 2014 7 1 10 27 15 5 215
1 49 69 39.628 -112.34 397 26 221 150 2014 7 1 10 28 15 5 215
1 49 69 39.724 -112.28 383 26 202 150 2014 7 1 10 29 15 5 215
1 49 69 39.891 -112.18 371 22 168 150 2014 7 1 10 30 15 5 215
1 49 69 39.981 -112.12 365 34 151 150 2014 7 1 10 31 15 5 215
1 49 69 39.999 -112.1 363 26 150 150 2014 7 1 10 32 16 5 215
1 49 69 40.087 -112.05 348 25 135 150 2014 7 1 10 33 6 5 215
1 49 69 40.249 -111.95 315 26 110 150 2014 7 1 10 34 16 5 197
1 49 69 40.249 -111.95 315 26 110 150 2014 7 1 10 35 6 5 197
1 49 69 40.332 -111.94 304 10 110 150 2014 7 1 10 36 10 5 197
1 49 69 40.408 -111.93 276 3 109 150 2014 7 1 10 37 6 5 197
1 49 69 40.481 -111.94 259 354 97 150 2014 7 1 10 38 6 5 197
1 49 69 40.545 -111.95 231 355 81 150 2014 7 1 10 39 15 5 197
1 49 69 40.603 -111.96 209 354 69 150 2014 7 1 10 40 15 5 197
1 49 69 40.658 -111.96 200 356 61 150 2014 7 1 10 41 6 5 197
1 49 69 40.702 -111.96 158 356 56 150 2014 7 1 10 42 16 5 197
1 49 69 40.74 -111.97 133 357 50 150 2014 7 1 10 43 16 5 197
1 49 69 40.781 -111.97 143 352 43 150 2014 7 1 10 44 15 5 197
2 49 69 34.055 -117.63 161 257 19 370 2014 7 1 13 31 21 1 6
2 49 69 34.052 -117.69 205 267 32 370 2014 7 1 13 32 6 1 6
2 49 69 34.092 -117.64 205 44 32 370 2014 7 1 13 33 6 1 6
2 49 69 34.126 -117.84 273 276 80 370 2014 7 1 13 34 6 1 6
2 49 69 34.186 -117.91 292 300 103 370 2014 7 1 13 35 6 1 6
2 49 69 34.261 -117.99 304 315 135 370 2014 7 1 13 36 7 1 21
2 49 69 34.333 -117.95 332 316 143 370 2014 7 1 13 37 6 1 21
2 49 69 34.383 -117.83 377 348 157 370 2014 7 1 13 38 6 1 21
2 49 69 34.431 -117.73 399 52 176 370 2014 7 1 13 39 16 1 21
2 49 69 34.486 -117.61 399 60 176 370 2014 7 1 13 40 6 1 22
2 49 69 34.556 -117.46 424 60 214 370 2014 7 1 13 41 6 1 22
2 49 69 34.614 -117.33 431 60 231 370 2014 7 1 13 42 6 1 22
2 49 69 34.68 -117.2 445 60 244 370 2014 7 1 13 43 16 1 43
2 49 69 34.764 -117.09 461 59 256 370 2014 7 1 13 44 6 1 43
2 49 69 34.847 -116.97 461 49 256 370 2014 7 1 13 45 6 1 43
2 49 69 34.914 -116.88 444 49 292 370 2014 7 1 13 46 6 1 43
2 49 69 34.995 -116.76 450 50 305 370 2014 7 1 13 47 6 1 43
2 49 69 35.106 -116.59 453 49 310 370 2014 7 1 13 48 16 1 43
2 49 69 35.161 -116.52 452 50 313 370 2014 7 1 13 49 6 1 43
2 49 69 35.279 -116.34 478 50 330 350 2014 7 1 13 50 16 1 43
2 49 69 35.364 -116.21 479 50 347 350 2014 7 1 13 51 6 1 43
2 49 69 35.425 -116.13 475 50 350 350 2014 7 1 13 52 6 1 43
2 49 69 35.511 -116.01 473 49 350 350 2014 7 1 13 53 15 1 43
2 49 69 35.594 -115.88 475 50 350 350 2014 7 1 13 54 6 1 43
2 49 69 35.679 -115.76 475 48 350 350 2014 7 1 13 55 15 1 47
2 49 69 35.762 -115.64 475 50 350 350 2014 7 1 13 56 6 1 47
2 49 69 35.846 -115.51 475 49 350 350 2014 7 1 13 57 9 1 47
2 49 69 35.946 -115.36 475 50 350 350 2014 7 1 13 58 6 1 47
2 49 69 36.03 -115.23 476 50 350 350 2014 7 1 13 59 6 1 47
2 49 69 36.117 -115.11 480 50 350 350 2014 7 1 14 0 16 1 47
2 49 69 36.211 -114.99 480 46 351 350 2014 7 1 14 1 9 1 47
2 49 69 36.303 -114.88 480 45 350 350 2014 7 1 14 2 15 1 47
2 49 69 36.393 -114.76 473 45 350 350 2014 7 1 14 3 6 1 47
2 49 69 36.483 -114.65 473 46 350 350 2014 7 1 14 4 6 1 49
2 49 69 36.59 -114.5 472 46 350 350 2014 7 1 14 5 16 1 49
2 49 69 36.68 -114.39 472 46 350 350 2014 7 1 14 6 6 1 49
2 49 69 36.716 -114.34 473 46 350 330 2014 7 1 14 7 6 1 49
2 49 69 36.818 -114.24 472 43 346 330 2014 7 1 14 8 6 1 49
2 49 69 36.928 -114.15 467 33 339 330 2014 7 1 14 9 6 1 48
2 49 69 37.059 -114.05 466 31 330 320 2014 7 1 14 10 16 1 48
2 49 69 37.169 -113.96 466 31 324 320 2014 7 1 14 11 14 1 48
2 49 69 37.277 -113.88 459 31 320 320 2014 7 1 14 12 6 1 48
2 49 69 37.387 -113.79 459 31 320 320 2014 7 1 14 13 6 1 48
2 49 69 37.494 -113.71 456 32 320 320 2014 7 1 14 14 6 1 48
2 49 69 37.603 -113.62 456 32 320 320 2014 7 1 14 15 16 1 48
2 49 69 37.668 -113.57 458 31 320 320 2014 7 1 14 16 6 5 205
2 49 69 37.819 -113.45 457 31 320 320 2014 7 1 14 17 16 5 205
2 49 69 37.933 -113.37 458 31 320 320 2014 7 1 14 18 6 5 205
2 49 69 38.072 -113.29 459 25 320 320 2014 7 1 14 19 15 5 205
2 49 69 38.185 -113.22 456 25 320 320 2014 7 1 14 20 6 5 205
2 49 69 38.229 -113.19 452 26 320 320 2014 7 1 14 21 6 5 205
2 49 69 38.345 -113.12 461 26 320 320 2014 7 1 14 22 6 5 205
2 49 69 38.465 -113.04 471 26 320 150 2014 7 1 14 23 6 5 205
2 49 69 38.584 -112.97 473 25 320 150 2014 7 1 14 24 6 5 205
2 49 69 38.726 -112.88 473 25 320 150 2014 7 1 14 25 6 5 205
2 49 69 38.844 -112.8 471 26 320 150 2014 7 1 14 26 6 5 205
2 49 69 38.962 -112.72 472 26 320 150 2014 7 1 14 27 6 5 205
2 49 69 39.08 -112.65 473 26 317 150 2014 7 1 14 28 6 5 205
2 49 69 39.196 -112.58 464 26 308 150 2014 7 1 14 29 6 5 215
2 49 69 39.307 -112.5 466 26 299 150 2014 7 1 14 30 16 5 215
2 49 69 39.442 -112.43 445 26 272 150 2014 7 1 14 31 6 5 215
2 49 69 39.551 -112.36 431 25 249 150 2014 7 1 14 32 16 5 215
2 49 69 39.654 -112.3 409 20 226 150 2014 7 1 14 33 15 5 215
2 49 69 39.756 -112.24 400 20 201 150 2014 7 1 14 34 6 5 215
2 49 69 39.854 -112.19 389 23 177 150 2014 7 1 14 35 6 5 215
2 49 69 39.949 -112.13 379 23 156 150 2014 7 1 14 36 6 5 215
2 49 69 40.073 -112.07 318 30 150 150 2014 7 1 14 37 6 5 215
2 49 69 40.16 -112.06 318 6 150 150 2014 7 1 14 38 6 5 197
2 49 69 40.228 -111.97 306 24 121 150 2014 7 1 14 39 18 5 197
2 49 69 40.289 -111.94 295 25 111 150 2014 7 1 14 40 15 5 197
2 49 69 40.305 -111.95 278 16 110 150 2014 7 1 14 41 10 5 197
2 49 69 40.438 -111.93 270 3 107 150 2014 7 1 14 42 6 5 197
2 49 69 40.508 -111.94 251 0 97 150 2014 7 1 14 43 6 5 197
2 49 69 40.581 -111.95 209 355 81 150 2014 7 1 14 44 6 5 197
2 49 69 40.586 -111.95 208 355 79 150 2014 7 1 14 45 6 5 197
2 49 69 40.644 -111.96 205 355 69 150 2014 7 1 14 46 6 5 197
2 49 69 40.696 -111.97 186 355 59 150 2014 7 1 14 47 6 5 197
2 49 69 40.738 -111.97 148 354 49 150 2014 7 1 14 48 6 5 197
2 49 69 40.778 -111.97 157 354 42 150 2014 7 1 14 49 6 5 197
3 49 69 34.056 -117.64 173 244 20 350 2014 7 1 17 18 16 1 6
3 49 69 34.056 -117.64 173 244 20 350 2014 7 1 17 19 6 1 6
3 49 69 34.053 -117.71 230 269 37 350 2014 7 1 17 20 6 1 6
3 49 69 34.082 -117.79 255 326 60 350 2014 7 1 17 21 13 1 6
3 49 69 34.138 -117.85 268 281 82 350 2014 7 1 17 22 6 1 6
3 49 69 34.288 -117.95 329 316 123 350 2014 7 1 17 23 17 1 6
3 49 69 34.288 -117.95 329 316 123 350 2014 7 1 17 24 16 1 6
3 49 69 34.335 -117.86 329 58 123 350 2014 7 1 17 25 6 1 6
3 49 69 34.394 -117.75 368 17 155 350 2014 7 1 17 26 6 1 21
3 49 69 34.447 -117.64 372 36 174 350 2014 7 1 17 27 6 1 21
3 49 69 34.5 -117.53 381 58 191 350 2014 7 1 17 28 6 1 22
3 49 69 34.556 -117.42 389 59 207 350 2014 7 1 17 29 6 1 22
3 49 69 34.612 -117.3 392 59 223 350 2014 7 1 17 30 6 1 22
3 49 69 34.681 -117.16 411 59 237 350 2014 7 1 17 31 6 1 22
3 49 69 34.75 -117.04 425 55 250 350 2014 7 1 17 32 6 1 43
3 49 69 34.83 -116.93 434 56 261 350 2014 7 1 17 33 6 1 43
3 49 69 34.91 -116.82 439 51 272 350 2014 7 1 17 34 6 1 43
3 49 69 35.035 -116.65 453 48 289 350 2014 7 1 17 35 16 1 43
3 49 69 35.096 -116.56 457 47 295 350 2014 7 1 17 36 6 1 43
3 49 69 35.179 -116.44 463 48 309 350 2014 7 1 17 37 6 1 43
3 49 69 35.263 -116.33 455 49 323 350 2014 7 1 17 38 6 1 43
3 49 69 35.345 -116.21 452 48 335 350 2014 7 1 17 39 6 1 43
3 49 69 35.425 -116.1 453 48 344 350 2014 7 1 17 40 6 1 43
3 49 69 35.529 -115.95 453 49 350 350 2014 7 1 17 41 6 1 43
3 49 69 35.615 -115.83 473 48 350 350 2014 7 1 17 42 6 1 43
3 49 69 35.703 -115.7 483 49 350 350 2014 7 1 17 43 6 1 47
3 49 69 35.789 -115.58 480 49 350 350 2014 7 1 17 44 15 1 47
3 49 69 35.873 -115.46 466 49 350 350 2014 7 1 17 45 6 1 47
3 49 69 35.889 -115.44 467 49 350 350 2014 7 1 17 46 6 1 47
3 49 69 35.971 -115.32 462 49 350 350 2014 7 1 17 47 6 1 47
3 49 69 36.136 -115.09 453 49 350 350 2014 7 1 17 48 16 1 47
3 49 69 36.154 -115.06 456 47 350 350 2014 7 1 17 49 16 1 47
3 49 69 36.244 -114.95 460 45 350 350 2014 7 1 17 50 6 1 47
3 49 69 36.334 -114.84 460 45 350 350 2014 7 1 17 51 18 1 47
3 49 69 36.424 -114.72 461 46 350 350 2014 7 1 17 52 6 1 49
3 49 69 36.529 -114.59 462 46 350 350 2014 7 1 17 53 6 1 49
3 49 69 36.616 -114.47 461 46 350 350 2014 7 1 17 54 6 1 49
3 49 69 36.704 -114.36 460 46 350 350 2014 7 1 17 55 16 1 49
3 49 69 36.796 -114.25 455 45 350 330 2014 7 1 17 56 8 1 49
3 49 69 36.901 -114.17 453 31 345 330 2014 7 1 17 57 6 1 49
3 49 69 37.008 -114.09 450 30 340 330 2014 7 1 17 58 6 1 49
3 49 69 37.131 -113.99 445 31 334 330 2014 7 1 17 59 6 1 48
3 49 69 37.235 -113.91 440 31 330 330 2014 7 1 18 0 6 1 48
3 49 69 37.337 -113.83 436 31 330 330 2014 7 1 18 1 6 1 48
3 49 69 37.442 -113.75 438 32 330 330 2014 7 1 18 2 15 1 48
3 49 69 37.547 -113.67 438 31 330 330 2014 7 1 18 3 6 1 48
3 49 69 37.674 -113.57 442 32 330 330 2014 7 1 18 4 6 5 205
3 49 69 37.78 -113.48 444 32 330 330 2014 7 1 18 5 6 5 205
3 49 69 37.866 -113.42 445 31 330 330 2014 7 1 18 6 9 5 205
3 49 69 37.995 -113.31 451 32 330 330 2014 7 1 18 7 16 5 205
3 49 69 38.083 -113.24 457 32 330 330 2014 7 1 18 8 6 5 205
3 49 69 38.189 -113.16 457 32 330 330 2014 7 1 18 9 6 5 205
3 49 69 38.21 -113.14 454 32 330 330 2014 7 1 18 10 6 5 205
3 49 69 38.317 -113.05 454 32 330 330 2014 7 1 18 11 6 5 205
3 49 69 38.451 -112.97 452 25 330 330 2014 7 1 18 12 16 5 205
3 49 69 38.681 -112.85 447 24 330 320 2014 7 1 18 13 16 5 205
3 49 69 38.681 -112.85 447 24 330 320 2014 7 1 18 14 6 5 205
3 49 69 38.794 -112.78 448 20 330 320 2014 7 1 18 15 6 5 205
3 49 69 38.909 -112.72 448 21 326 150 2014 7 1 18 16 6 5 205
3 49 69 39.028 -112.66 459 23 321 150 2014 7 1 18 17 6 5 205
3 49 69 39.148 -112.59 464 20 313 150 2014 7 1 18 18 6 5 205
3 49 69 39.272 -112.52 462 22 288 150 2014 7 1 18 19 6 5 215
3 49 69 39.407 -112.44 447 22 261 150 2014 7 1 18 20 6 5 215
3 49 69 39.514 -112.39 419 23 238 150 2014 7 1 18 21 12 5 215
3 49 69 39.616 -112.33 404 23 215 150 2014 7 1 18 22 6 5 215
3 49 69 39.713 -112.27 384 20 194 150 2014 7 1 18 23 6 5 215
3 49 69 39.804 -112.22 359 24 177 150 2014 7 1 18 24 16 5 215
3 49 69 39.889 -112.17 337 23 162 150 2014 7 1 18 25 16 5 215
3 49 69 39.987 -112.11 321 21 150 150 2014 7 1 18 26 6 5 215
3 49 69 40.069 -112.06 321 25 148 150 2014 7 1 18 27 6 5 215
3 49 69 40.163 -112.01 333 29 129 150 2014 7 1 18 28 6 5 197
3 49 69 40.232 -111.96 317 20 116 150 2014 7 1 18 29 6 5 197
3 49 69 40.311 -111.94 293 12 110 150 2014 7 1 18 30 6 5 197
3 49 69 40.388 -111.94 280 1 110 150 2014 7 1 18 31 6 5 197
3 49 69 40.472 -111.94 245 2 101 150 2014 7 1 18 32 6 5 197
3 49 69 40.541 -111.95 248 355 87 150 2014 7 1 18 33 6 5 197
3 49 69 40.602 -111.96 240 357 76 150 2014 7 1 18 34 16 5 197
3 49 69 40.663 -111.96 208 352 64 150 2014 7 1 18 35 16 5 197
3 49 69 40.714 -111.97 187 354 54 150 2014 7 1 18 36 6 5 197
3 49 69 40.756 -111.97 148 355 47 150 2014 7 1 18 37 6 5 197
3 49 69 40.757 -111.97 158 355 47 150 2014 7 1 18 38 16 5 197
4 49 69 34.056 -117.6 145 0 9 310 2014 7 1 20 40 16 1 6
4 49 69 34.056 -117.69 200 263 34 310 2014 7 1 20 42 6 1 6
4 49 69 34.12 -117.83 261 319 74 310 2014 7 1 20 43 15 1 6
4 49 69 34.178 -117.9 276 322 97 310 2014 7 1 20 44 6 1 6
4 49 69 34.237 -117.97 296 304 116 310 2014 7 1 20 45 6 1 6
4 49 69 34.325 -117.99 303 316 143 310 2014 7 1 20 46 6 1 21
4 49 69 34.394 -117.93 303 34 143 310 2014 7 1 20 47 6 1 21
4 49 69 34.463 -117.87 303 34 143 310 2014 7 1 20 48 6 1 22
4 49 69 34.546 -117.73 388 41 178 310 2014 7 1 20 49 16 1 22
4 49 69 34.572 -117.61 395 46 193 310 2014 7 1 20 50 15 1 22
4 49 69 34.629 -117.49 395 58 193 310 2014 7 1 20 51 6 1 22
4 49 69 34.599 -117.48 397 55 208 310 2014 7 1 20 52 6 1 22
4 49 69 34.665 -117.21 439 76 233 310 2014 7 1 20 53 16 1 22
4 49 69 34.665 -117.21 439 76 233 310 2014 7 1 20 54 6 1 22
4 49 69 34.754 -117.07 432 64 247 310 2014 7 1 20 55 6 1 43
4 49 69 34.836 -116.96 443 59 257 310 2014 7 1 20 56 6 1 43
4 49 69 34.918 -116.84 450 49 265 310 2014 7 1 20 57 6 1 43
4 49 69 35.013 -116.71 467 49 276 310 2014 7 1 20 58 15 1 43
4 49 69 35.102 -116.58 467 49 284 310 2014 7 1 20 59 6 1 43
4 49 69 35.183 -116.48 467 49 295 310 2014 7 1 21 0 6 1 43
4 49 69 35.274 -116.33 467 47 308 310 2014 7 1 21 1 6 1 43
4 49 69 35.361 -116.22 473 49 310 310 2014 7 1 21 2 6 1 43
4 49 69 35.467 -116.06 490 48 310 310 2014 7 1 21 3 6 1 43
4 49 69 35.556 -115.93 496 50 310 310 2014 7 1 21 4 6 1 43
4 49 69 35.646 -115.8 482 49 310 310 2014 7 1 21 5 6 1 47
4 49 69 35.733 -115.67 488 50 310 310 2014 7 1 21 6 6 1 47
4 49 69 35.822 -115.54 500 49 310 310 2014 7 1 21 7 6 1 47
4 49 69 35.909 -115.41 494 50 310 310 2014 7 1 21 8 6 1 47
4 49 69 35.995 -115.28 495 50 310 310 2014 7 1 21 9 6 1 47
4 49 69 36.1 -115.13 486 48 310 310 2014 7 1 21 10 15 1 47
4 49 69 36.197 -115.01 493 46 310 310 2014 7 1 21 11 6 1 47
4 49 69 36.292 -114.89 494 45 310 310 2014 7 1 21 12 16 1 47
4 49 69 36.387 -114.77 493 45 310 310 2014 7 1 21 13 6 1 47
4 49 69 36.498 -114.62 491 45 310 310 2014 7 1 21 14 16 1 48
4 49 69 36.6 -114.51 490 45 310 310 2014 7 1 21 15 16 1 48
4 49 69 36.714 -114.42 492 41 310 310 2014 7 1 21 16 6 1 48
4 49 69 36.714 -114.42 489 32 310 310 2014 7 1 21 17 6 1 48
4 49 69 36.932 -114.24 491 34 310 310 2014 7 1 21 18 6 1 48
4 49 69 37.049 -114.14 492 34 310 310 2014 7 1 21 19 16 1 48
4 49 69 37.169 -114.04 492 33 310 310 2014 7 1 21 20 16 1 48
4 49 69 37.188 -114.02 489 33 310 310 2014 7 1 21 21 6 1 48
4 49 69 37.408 -113.84 489 32 310 310 2014 7 1 21 22 16 1 48
4 49 69 37.522 -113.74 490 34 310 310 2014 7 1 21 23 15 1 48
4 49 69 37.636 -113.65 490 34 310 310 2014 7 1 21 24 21 1 48
4 49 69 37.748 -113.55 490 33 310 310 2014 7 1 21 25 16 5 205
4 49 69 37.771 -113.53 489 34 310 310 2014 7 1 21 26 6 5 205
4 49 69 37.884 -113.43 489 34 310 310 2014 7 1 21 27 6 5 205
4 49 69 37.996 -113.33 489 34 310 310 2014 7 1 21 28 16 5 205
4 49 69 38.086 -113.26 489 34 310 310 2014 7 1 21 29 6 5 205
4 49 69 38.221 -113.14 488 34 310 310 2014 7 1 21 30 15 5 205
4 49 69 38.331 -113.04 486 34 310 310 2014 7 1 21 31 6 5 205
4 49 69 38.453 -112.97 484 34 310 310 2014 7 1 21 32 16 5 205
4 49 69 38.578 -112.9 482 30 310 310 2014 7 1 21 33 16 5 205
4 49 69 38.703 -112.83 483 23 310 310 2014 7 1 21 34 6 5 205
4 49 69 38.828 -112.77 483 22 310 150 2014 7 1 21 35 16 5 205
4 49 69 38.951 -112.7 487 22 310 150 2014 7 1 21 36 6 5 205
4 49 69 39.075 -112.63 483 20 310 150 2014 7 1 21 37 6 5 205
4 49 69 39.198 -112.56 474 23 309 150 2014 7 1 21 38 16 5 215
4 49 69 39.339 -112.49 480 22 275 150 2014 7 1 21 39 6 5 215
4 49 69 39.456 -112.42 460 22 245 150 2014 7 1 21 40 6 5 215
4 49 69 39.573 -112.35 462 23 215 150 2014 7 1 21 41 6 5 215
4 49 69 39.683 -112.29 436 23 185 150 2014 7 1 21 42 6 5 215
4 49 69 39.809 -112.21 416 24 151 150 2014 7 1 21 43 15 5 215
4 49 69 39.899 -112.16 339 19 149 150 2014 7 1 21 44 16 5 215
4 49 69 40.017 -112.1 285 23 150 150 2014 7 1 21 45 16 5 215
4 49 69 40.048 -112.07 294 22 150 150 2014 7 1 21 46 12 5 215
4 49 69 40.159 -112.01 293 24 137 150 2014 7 1 21 47 6 5 197
4 49 69 40.194 -111.99 288 25 132 150 2014 7 1 21 48 6 5 197
4 49 69 40.267 -111.94 287 25 121 150 2014 7 1 21 49 16 5 197
4 49 69 40.362 -111.93 289 13 109 150 2014 7 1 21 50 6 5 197
4 49 69 40.385 -111.94 281 5 107 150 2014 7 1 21 51 6 5 197
4 49 69 40.508 -111.94 248 357 93 150 2014 7 1 21 52 6 5 197
4 49 69 40.57 -111.95 226 354 82 150 2014 7 1 21 53 6 5 197
4 49 69 40.591 -111.96 201 355 78 150 2014 7 1 21 54 6 5 197
4 49 69 40.672 -111.96 184 356 61 150 2014 7 1 21 55 15 5 197
4 49 69 40.72 -111.96 170 355 53 150 2014 7 1 21 56 6 5 197
4 49 69 40.767 -111.96 143 1 43 150 2014 7 1 21 57 6 5 197
5 49 69 34.056 -117.6 141 0 9 370 2014 7 2 13 26 6 1 6
5 49 69 34.055 -117.64 164 0 25 370 2014 7 2 13 27 6 1 6
5 49 69 34.112 -117.76 218 280 74 370 2014 7 2 13 28 16 1 6
5 49 69 34.112 -117.76 218 280 74 370 2014 7 2 13 29 6 1 6
5 49 69 34.154 -117.82 233 299 100 370 2014 7 2 13 30 6 1 6
5 49 69 34.2 -117.89 271 338 124 370 2014 7 2 13 31 6 1 6
5 49 69 34.247 -117.96 273 308 148 370 2014 7 2 13 32 16 1 21
5 49 69 34.329 -117.98 338 308 161 370 2014 7 2 13 33 6 1 21
5 49 69 34.388 -117.87 389 329 175 370 2014 7 2 13 34 15 1 21
5 49 69 34.443 -117.75 405 29 197 370 2014 7 2 13 35 6 1 21
5 49 69 34.499 -117.62 421 59 216 370 2014 7 2 13 36 9 1 22
5 49 69 34.557 -117.49 438 61 235 370 2014 7 2 13 37 6 1 22
5 49 69 34.617 -117.36 447 61 250 370 2014 7 2 13 38 6 1 43
5 49 69 34.689 -117.23 466 61 265 370 2014 7 2 13 39 16 1 43
5 49 69 34.793 -117.08 478 58 282 370 2014 7 2 13 40 6 1 43
5 49 69 34.879 -116.95 487 51 295 370 2014 7 2 13 41 6 1 43
5 49 69 34.967 -116.82 490 49 309 370 2014 7 2 13 42 6 1 43
5 49 69 35.055 -116.7 492 50 325 370 2014 7 2 13 43 6 1 43
5 49 69 35.141 -116.57 492 50 337 370 2014 7 2 13 44 6 1 43
5 49 69 35.285 -116.36 485 49 358 370 2014 7 2 13 45 6 1 43
5 49 69 35.368 -116.24 477 51 369 370 2014 7 2 13 46 15 1 43
5 49 69 35.407 -116.17 471 50 370 370 2014 7 2 13 47 6 1 43
5 49 69 35.491 -116.05 472 50 370 370 2014 7 2 13 48 6 1 43
5 49 69 35.575 -115.92 470 50 370 370 2014 7 2 13 49 6 1 43
5 49 69 35.668 -115.78 475 50 370 370 2014 7 2 13 50 6 1 47
5 49 69 35.751 -115.66 476 50 370 370 2014 7 2 13 51 6 1 47
5 49 69 35.836 -115.53 476 51 370 370 2014 7 2 13 52 16 1 47
5 49 69 35.917 -115.41 473 50 370 370 2014 7 2 13 53 16 1 47
5 49 69 36 -115.28 477 51 370 370 2014 7 2 13 54 6 1 47
5 49 69 36.082 -115.16 473 50 370 370 2014 7 2 13 55 16 1 47
5 49 69 36.191 -115.02 474 48 370 370 2014 7 2 13 56 6 1 47
5 49 69 36.282 -114.9 473 44 370 370 2014 7 2 13 57 6 1 47
5 49 69 36.374 -114.78 473 45 370 370 2014 7 2 13 58 15 1 47
5 49 69 36.464 -114.67 473 46 370 370 2014 7 2 13 59 6 1 49
5 49 69 36.555 -114.55 473 46 370 370 2014 7 2 14 0 6 1 49
5 49 69 36.646 -114.43 473 46 370 370 2014 7 2 14 1 6 1 49
5 49 69 36.756 -114.29 474 46 370 330 2014 7 2 14 2 6 1 49
5 49 69 36.865 -114.2 468 41 367 330 2014 7 2 14 3 6 1 49
5 49 69 36.974 -114.11 467 31 358 330 2014 7 2 14 4 6 1 49
5 49 69 37.031 -114.07 470 31 353 330 2014 7 2 14 5 16 1 49
5 49 69 37.144 -113.98 474 31 343 330 2014 7 2 14 6 6 1 49
5 49 69 37.257 -113.9 475 31 333 330 2014 7 2 14 7 6 1 48
5 49 69 37.435 -113.76 475 31 330 330 2014 7 2 14 8 16 1 48
5 49 69 37.479 -113.72 474 31 330 330 2014 7 2 14 9 6 1 48
5 49 69 37.592 -113.63 474 31 330 330 2014 7 2 14 10 16 1 48
5 49 69 37.703 -113.55 472 32 330 330 2014 7 2 14 11 7 5 205
5 49 69 37.84 -113.45 467 31 330 330 2014 7 2 14 12 6 5 205
5 49 69 37.959 -113.39 464 23 330 330 2014 7 2 14 13 6 5 205
5 49 69 38.079 -113.33 463 22 330 330 2014 7 2 14 14 16 5 205
5 49 69 38.199 -113.26 463 22 330 330 2014 7 2 14 15 15 5 205
5 49 69 38.32 -113.2 466 22 330 330 2014 7 2 14 16 16 5 205
5 49 69 38.441 -113.13 467 22 329 320 2014 7 2 14 17 16 5 205
5 49 69 38.562 -113.07 467 22 325 320 2014 7 2 14 18 16 5 205
5 49 69 38.684 -113.01 470 22 320 170 2014 7 2 14 19 7 5 205
5 49 69 38.833 -112.93 484 22 320 170 2014 7 2 14 20 16 5 205
5 49 69 38.833 -112.93 484 22 320 170 2014 7 2 14 21 6 5 205
5 49 69 39.081 -112.79 481 23 320 170 2014 7 2 14 22 16 5 205
5 49 69 39.204 -112.72 476 23 319 170 2014 7 2 14 23 15 5 215
5 49 69 39.324 -112.66 474 22 306 170 2014 7 2 14 24 15 5 215
5 49 69 39.451 -112.59 468 22 282 170 2014 7 2 14 25 16 5 215
5 49 69 39.57 -112.52 468 22 282 170 2014 7 2 14 26 6 5 215
5 49 69 39.572 -112.52 470 23 269 170 2014 7 2 14 27 6 5 215
5 49 69 39.689 -112.46 462 22 243 170 2014 7 2 14 28 6 5 215
5 49 69 39.803 -112.39 445 22 218 170 2014 7 2 14 29 6 5 215
5 49 69 39.991 -112.3 410 23 176 170 2014 7 2 14 30 16 5 215
5 49 69 40.036 -112.26 393 19 171 170 2014 7 2 14 31 6 5 215
5 49 69 40.215 -112.21 356 10 158 170 2014 7 2 14 32 16 5 197
5 49 69 40.309 -112.18 354 18 139 170 2014 7 2 14 33 16 5 197
5 49 69 40.402 -112.14 344 14 134 170 2014 7 2 14 34 16 5 197
5 49 69 40.417 -112.13 344 14 133 170 2014 7 2 14 35 6 5 197
5 49 69 40.509 -112.1 344 15 127 170 2014 7 2 14 36 6 5 197
5 49 69 40.686 -112.09 333 8 110 170 2014 7 2 14 37 16 5 197
5 49 69 40.713 -112.09 334 358 110 170 2014 7 2 14 38 6 5 197
5 49 69 40.797 -112.1 298 355 110 170 2014 7 2 14 39 6 5 197
5 49 69 40.865 -112.11 245 355 101 170 2014 7 2 14 40 6 5 197
5 49 69 40.934 -112.11 244 356 79 170 2014 7 2 14 41 6 5 197
5 49 69 40.931 -112.02 200 62 63 170 2014 7 2 14 42 6 5 197
5 49 69 40.913 -112.01 198 127 60 170 2014 7 2 14 43 6 5 197
5 49 69 40.858 -112.01 160 170 51 170 2014 7 2 14 44 6 5 197
5 49 69 40.821 -112 138 176 45 170 2014 7 2 14 45 6 5 197
6 49 69 34.056 -117.6 158 0 9 330 2014 7 2 9 8 15 1 6
6 49 69 34.046 -117.49 190 98 45 330 2014 7 2 9 10 6 1 6
6 49 69 34.059 -117.41 246 96 71 330 2014 7 2 9 11 15 1 6
6 49 69 34.122 -117.34 298 86 100 330 2014 7 2 9 12 16 1 6
6 49 69 34.205 -117.26 328 58 126 330 2014 7 2 9 13 15 1 6
6 49 69 34.283 -117.18 393 40 145 330 2014 7 2 9 14 6 1 19
6 49 69 34.359 -117.09 413 37 167 330 2014 7 2 9 15 6 1 19
6 49 69 34.448 -117 435 41 190 330 2014 7 2 9 16 15 1 19
6 49 69 34.546 -116.9 453 41 211 330 2014 7 2 9 17 15 1 19
6 49 69 34.647 -116.81 467 39 232 330 2014 7 2 9 18 6 1 19
6 49 69 34.752 -116.71 483 38 249 330 2014 7 2 9 19 15 1 43
6 49 69 34.88 -116.58 493 38 270 330 2014 7 2 9 20 6 1 43
6 49 69 34.988 -116.48 494 38 292 330 2014 7 2 9 21 16 1 43
6 49 69 35.093 -116.38 491 38 310 330 2014 7 2 9 22 6 1 43
6 49 69 35.199 -116.27 490 38 324 330 2014 7 2 9 23 15 1 43
6 49 69 35.306 -116.17 497 38 330 330 2014 7 2 9 24 15 1 43
6 49 69 35.381 -116.1 494 38 330 330 2014 7 2 9 25 15 1 43
6 49 69 35.519 -115.95 497 38 330 330 2014 7 2 9 26 15 1 43
6 49 69 35.606 -115.84 496 46 330 330 2014 7 2 9 27 15 1 43
6 49 69 35.699 -115.72 494 46 330 330 2014 7 2 9 28 16 1 47
6 49 69 35.792 -115.59 494 47 330 330 2014 7 2 9 29 15 1 47
6 49 69 35.886 -115.47 495 46 330 330 2014 7 2 9 30 16 1 47
6 49 69 35.978 -115.35 495 47 330 330 2014 7 2 9 31 15 1 47
6 49 69 36.071 -115.22 496 46 330 330 2014 7 2 9 32 15 1 47
6 49 69 36.181 -115.08 491 47 330 330 2014 7 2 9 33 15 1 47
6 49 69 36.252 -114.98 491 46 330 330 2014 7 2 9 34 15 1 47
6 49 69 36.365 -114.83 490 47 330 330 2014 7 2 9 35 16 1 47
6 49 69 36.438 -114.73 491 47 330 330 2014 7 2 9 36 15 1 48
6 49 69 36.549 -114.58 492 46 330 330 2014 7 2 9 37 15 1 48
6 49 69 36.642 -114.45 493 47 330 330 2014 7 2 9 38 15 1 48
6 49 69 36.735 -114.33 496 47 330 330 2014 7 2 9 39 15 1 48
6 49 69 36.841 -114.22 496 42 330 330 2014 7 2 9 40 15 1 48
6 49 69 36.96 -114.13 497 31 330 330 2014 7 2 9 41 6 1 48
6 49 69 37.077 -114.04 496 30 330 330 2014 7 2 9 42 15 1 48
6 49 69 37.194 -113.95 495 32 330 330 2014 7 2 9 43 15 1 48
6 49 69 37.311 -113.85 493 31 330 330 2014 7 2 9 44 15 1 48
6 49 69 37.401 -113.78 490 32 330 330 2014 7 2 9 45 6 1 48
6 49 69 37.541 -113.67 487 31 330 330 2014 7 2 9 46 15 1 48
6 49 69 37.656 -113.58 485 32 330 330 2014 7 2 9 47 15 1 48
6 49 69 37.746 -113.51 485 31 330 170 2014 7 2 9 48 15 5 205
6 49 69 37.869 -113.44 485 22 330 170 2014 7 2 9 49 15 5 205
6 49 69 38.023 -113.36 486 21 330 170 2014 7 2 9 50 16 5 205
6 49 69 38.15 -113.29 492 22 330 170 2014 7 2 9 51 6 5 205
6 49 69 38.279 -113.22 497 22 330 170 2014 7 2 9 52 15 5 205
6 49 69 38.38 -113.17 499 22 330 170 2014 7 2 9 53 15 5 205
6 49 69 38.509 -113.1 500 22 330 170 2014 7 2 9 54 15 5 205
6 49 69 38.639 -113.03 501 22 330 170 2014 7 2 9 55 16 5 205
6 49 69 38.768 -112.96 501 22 330 170 2014 7 2 9 56 6 5 205
6 49 69 38.896 -112.89 500 22 330 170 2014 7 2 9 57 15 5 205
6 49 69 39.023 -112.82 499 23 330 170 2014 7 2 9 58 15 5 205
6 49 69 39.151 -112.75 499 22 330 170 2014 7 2 9 59 6 5 209
6 49 69 39.279 -112.68 501 22 327 170 2014 7 2 10 0 15 5 215
6 49 69 39.4 -112.62 499 22 317 170 2014 7 2 10 1 6 5 215
6 49 69 39.525 -112.55 491 22 296 170 2014 7 2 10 2 15 5 215
6 49 69 39.65 -112.48 488 22 262 170 2014 7 2 10 3 6 5 215
6 49 69 39.773 -112.41 484 22 233 170 2014 7 2 10 4 15 5 215
6 49 69 39.892 -112.34 471 23 206 170 2014 7 2 10 5 15 5 215
6 49 69 40.004 -112.28 445 19 179 170 2014 7 2 10 6 6 5 215
6 49 69 40.106 -112.25 405 22 161 170 2014 7 2 10 7 6 5 215
6 49 69 40.22 -112.2 399 9 141 170 2014 7 2 10 8 15 5 197
6 49 69 40.328 -112.16 399 15 139 170 2014 7 2 10 9 16 5 197
6 49 69 40.431 -112.13 376 15 130 170 2014 7 2 10 10 16 5 197
6 49 69 40.528 -112.09 365 15 123 170 2014 7 2 10 11 6 5 197
6 49 69 40.621 -112.08 336 6 111 170 2014 7 2 10 12 15 5 197
6 49 69 40.712 -112.09 326 356 110 170 2014 7 2 10 13 6 5 197
6 49 69 40.792 -112.1 278 353 108 170 2014 7 2 10 14 15 5 197
6 49 69 40.861 -112.11 246 355 100 170 2014 7 2 10 15 15 5 197
6 49 69 40.919 -112.11 213 357 79 170 2014 7 2 10 16 6 5 197
6 49 69 40.941 -112.05 192 65 62 170 2014 7 2 10 17 15 5 197
6 49 69 40.921 -111.99 165 118 61 170 2014 7 2 10 18 15 5 197
6 49 69 40.879 -111.99 155 170 56 170 2014 7 2 10 19 6 5 197
6 49 69 40.837 -111.98 153 176 48 170 2014 7 2 10 20 15 5 197
7 49 69 34.056 -117.63 159 0 21 350 2014 7 2 17 18 16 1 6
7 49 69 34.073 -117.78 242 31 61 350 2014 7 2 17 22 6 1 6
7 49 69 34.195 -117.92 293 276 104 350 2014 7 2 17 23 6 1 6
7 49 69 34.266 -117.98 323 316 124 350 2014 7 2 17 24 6 1 6
7 49 69 34.352 -117.95 324 335 148 350 2014 7 2 17 25 6 1 21
7 49 69 34.395 -117.85 327 350 168 350 2014 7 2 17 26 6 1 21
7 49 69 34.426 -117.75 327 40 187 350 2014 7 2 17 27 6 1 21
7 49 69 34.458 -117.64 340 66 205 350 2014 7 2 17 28 6 1 21
7 49 69 34.496 -117.5 356 70 228 350 2014 7 2 17 29 6 1 21
7 49 69 34.551 -117.39 376 59 241 350 2014 7 2 17 30 6 1 43
7 49 69 34.606 -117.28 384 65 253 350 2014 7 2 17 31 6 1 43
7 49 69 34.664 -117.17 399 49 268 350 2014 7 2 17 32 6 1 43
7 49 69 34.724 -117.05 404 58 283 350 2014 7 2 17 33 6 1 43
7 49 69 34.795 -116.91 408 49 298 350 2014 7 2 17 34 16 1 43
7 49 69 34.871 -116.77 409 58 312 350 2014 7 2 17 35 16 1 43
7 49 69 34.932 -116.64 421 58 323 350 2014 7 2 17 36 6 1 43
7 49 69 35.01 -116.52 427 54 334 350 2014 7 2 17 37 6 1 43
7 49 69 35.071 -116.44 434 51 341 350 2014 7 2 17 38 6 1 43
7 49 69 35.18 -116.31 437 46 350 350 2014 7 2 17 39 6 1 43
7 49 69 35.258 -116.21 443 45 350 350 2014 7 2 17 40 6 1 43
7 49 69 35.348 -116.09 467 45 350 350 2014 7 2 17 41 7 1 43
7 49 69 35.47 -115.94 475 45 350 350 2014 7 2 17 42 6 1 43
7 49 69 35.545 -115.85 479 48 350 350 2014 7 2 17 43 6 1 43
7 49 69 35.635 -115.73 474 44 350 350 2014 7 2 17 44 6 1 47
7 49 69 35.725 -115.61 470 45 350 350 2014 7 2 17 45 6 1 47
7 49 69 35.742 -115.59 472 46 350 350 2014 7 2 17 46 6 1 47
7 49 69 35.922 -115.36 465 45 350 350 2014 7 2 17 47 9 1 47
7 49 69 36.009 -115.25 458 45 350 350 2014 7 2 17 48 6 1 47
7 49 69 36.026 -115.23 464 46 350 350 2014 7 2 17 49 6 1 47
7 49 69 36.113 -115.12 462 46 350 350 2014 7 2 17 50 6 1 47
7 49 69 36.201 -115 462 45 350 350 2014 7 2 17 51 6 1 47
7 49 69 36.309 -114.87 461 45 350 350 2014 7 2 17 52 6 1 47
7 49 69 36.4 -114.76 462 45 350 350 2014 7 2 17 53 16 1 47
7 49 69 36.489 -114.68 469 34 350 350 2014 7 2 17 54 6 1 49
7 49 69 36.617 -114.57 469 34 350 350 2014 7 2 17 55 6 1 49
7 49 69 36.726 -114.48 473 34 350 330 2014 7 2 17 56 6 1 49
7 49 69 36.838 -114.38 485 34 343 330 2014 7 2 17 57 6 1 49
7 49 69 36.976 -114.26 494 34 337 330 2014 7 2 17 58 6 1 48
7 49 69 37.088 -114.16 496 34 333 330 2014 7 2 17 59 6 1 48
7 49 69 37.201 -114.06 496 35 330 330 2014 7 2 18 0 6 1 48
7 49 69 37.313 -113.96 496 35 330 330 2014 7 2 18 1 7 1 48
7 49 69 37.401 -113.88 484 35 330 330 2014 7 2 18 2 16 1 48
7 49 69 37.532 -113.77 486 34 330 330 2014 7 2 18 3 6 1 48
7 49 69 37.662 -113.65 479 35 330 330 2014 7 2 18 4 6 1 48
7 49 69 37.774 -113.57 466 32 330 330 2014 7 2 18 5 16 5 205
7 49 69 37.891 -113.5 462 23 330 330 2014 7 2 18 6 16 5 205
7 49 69 38.007 -113.44 459 23 330 330 2014 7 2 18 7 6 5 205
7 49 69 38.123 -113.37 456 23 330 330 2014 7 2 18 8 6 5 205
7 49 69 38.216 -113.32 455 23 329 310 2014 7 2 18 9 6 5 205
7 49 69 38.362 -113.24 471 24 323 310 2014 7 2 18 10 6 5 205
7 49 69 38.482 -113.17 471 24 323 310 2014 7 2 18 11 11 5 205
7 49 69 38.512 -113.16 483 23 317 310 2014 7 2 18 12 6 5 205
7 49 69 38.638 -113.08 490 23 312 310 2014 7 2 18 13 16 5 205
7 49 69 38.764 -113.01 494 23 310 170 2014 7 2 18 14 7 5 205
7 49 69 38.888 -112.94 493 23 310 170 2014 7 2 18 15 6 5 205
7 49 69 39.011 -112.86 488 24 310 170 2014 7 2 18 16 6 5 205
7 49 69 39.135 -112.8 482 24 310 170 2014 7 2 18 17 6 5 215
7 49 69 39.282 -112.71 483 23 310 170 2014 7 2 18 18 6 5 215
7 49 69 39.403 -112.64 486 23 310 170 2014 7 2 18 19 6 5 215
7 49 69 39.526 -112.57 490 24 291 170 2014 7 2 18 20 6 5 215
7 49 69 39.65 -112.49 486 24 260 170 2014 7 2 18 21 6 5 215
7 49 69 39.765 -112.42 462 24 227 170 2014 7 2 18 22 6 5 215
7 49 69 39.9 -112.34 445 22 186 170 2014 7 2 18 23 6 5 215
7 49 69 40.004 -112.28 405 24 170 170 2014 7 2 18 24 6 5 215
7 49 69 40.098 -112.24 354 20 163 170 2014 7 2 18 25 6 5 215
7 49 69 40.197 -112.21 365 15 151 170 2014 7 2 18 26 6 5 197
7 49 69 40.3 -112.17 377 15 141 170 2014 7 2 18 27 6 5 197
7 49 69 40.41 -112.14 376 16 134 170 2014 7 2 18 28 6 5 197
7 49 69 40.519 -112.1 350 14 125 170 2014 7 2 18 29 6 5 197
7 49 69 40.61 -112.08 349 7 110 170 2014 7 2 18 30 6 5 197
7 49 69 40.706 -112.09 346 359 110 170 2014 7 2 18 31 6 5 197
7 49 69 40.798 -112.1 317 355 110 170 2014 7 2 18 32 6 5 197
7 49 69 40.871 -112.11 262 355 103 170 2014 7 2 18 33 6 5 197
7 49 69 40.94 -112.11 247 356 87 170 2014 7 2 18 34 6 5 197
7 49 69 40.971 -112.05 224 45 73 170 2014 7 2 18 35 16 5 197
7 49 69 40.915 -112.01 210 140 65 170 2014 7 2 18 36 6 5 197
7 49 69 40.865 -112.01 184 176 55 170 2014 7 2 18 37 6 5 197
7 49 69 40.828 -112 140 173 47 170 2014 7 2 18 38 6 5 197
7 49 69 40.792 -112 131 174 42 170 2014 7 2 18 39 6 5 197
8 49 69 34.056 -117.63 162 244 18 390 2014 7 3 1 44 6 1 6
8 49 69 34.054 -117.69 196 270 36 390 2014 7 3 1 45 6 1 6
8 49 69 34.061 -117.76 206 270 58 390 2014 7 3 1 46 6 1 6
8 49 69 34.122 -117.79 240 276 81 390 2014 7 3 1 47 6 1 6
8 49 69 34.185 -117.86 275 336 100 390 2014 7 3 1 48 6 1 6
8 49 69 34.232 -117.93 279 327 120 390 2014 7 3 1 49 15 1 6
8 49 69 34.301 -117.99 330 340 132 390 2014 7 3 1 50 16 1 21
8 49 69 34.356 -117.91 353 315 148 390 2014 7 3 1 51 6 1 21
8 49 69 34.337 -117.79 356 8 165 390 2014 7 3 1 52 6 1 21
8 49 69 34.319 -117.66 370 77 183 390 2014 7 3 1 53 6 1 21
8 49 69 34.343 -117.53 396 100 197 390 2014 7 3 1 54 6 1 21
8 49 69 34.391 -117.39 406 88 220 390 2014 7 3 1 55 6 1 21
8 49 69 34.464 -117.28 406 49 220 390 2014 7 3 1 56 6 1 21
8 49 69 34.451 -117.3 402 65 230 390 2014 7 3 1 57 6 1 21
8 49 69 34.61 -117.06 419 49 250 390 2014 7 3 1 58 16 1 43
8 49 69 34.687 -116.96 419 48 250 390 2014 7 3 1 59 7 1 43
8 49 69 34.674 -116.94 431 49 260 390 2014 7 3 2 0 6 1 43
8 49 69 34.848 -116.73 450 51 280 390 2014 7 3 2 1 6 1 43
8 49 69 34.934 -116.62 450 46 280 390 2014 7 3 2 2 6 1 43
8 49 69 34.955 -116.59 456 45 292 390 2014 7 3 2 3 16 1 43
8 49 69 35.045 -116.48 461 45 302 390 2014 7 3 2 4 15 1 43
8 49 69 35.224 -116.25 464 44 322 390 2014 7 3 2 5 16 1 43
8 49 69 35.282 -116.18 466 46 328 390 2014 7 3 2 6 6 1 43
8 49 69 35.374 -116.07 470 45 330 390 2014 7 3 2 7 16 1 43
8 49 69 35.406 -116.02 479 45 330 390 2014 7 3 2 8 6 1 43
8 49 69 35.564 -115.83 495 45 330 390 2014 7 3 2 9 6 1 43
8 49 69 35.612 -115.75 493 46 330 390 2014 7 3 2 10 6 1 43
8 49 69 35.692 -115.53 498 65 330 390 2014 7 3 2 11 6 1 47
8 49 69 35.75 -115.38 498 65 331 390 2014 7 3 2 12 6 1 47
8 49 69 35.818 -115.19 499 64 340 390 2014 7 3 2 13 15 1 47
8 49 69 35.841 -115.13 498 65 342 390 2014 7 3 2 14 6 1 47
8 49 69 35.937 -114.89 497 65 355 390 2014 7 3 2 15 16 1 47
8 49 69 35.998 -114.82 491 63 358 390 2014 7 3 2 16 6 1 47
8 49 69 36.112 -114.73 487 38 367 390 2014 7 3 2 17 6 1 47
8 49 69 36.27 -114.62 477 31 381 390 2014 7 3 2 18 15 1 47
8 49 69 36.336 -114.57 465 31 385 390 2014 7 3 2 19 6 1 47
8 49 69 36.445 -114.49 461 30 390 390 2014 7 3 2 20 6 1 49
8 49 69 36.62 -114.36 461 30 390 390 2014 7 3 2 21 6 1 49
8 49 69 36.686 -114.31 459 31 390 390 2014 7 3 2 22 16 1 49
8 49 69 36.795 -114.23 459 30 390 350 2014 7 3 2 23 15 1 49
8 49 69 36.906 -114.14 461 30 390 350 2014 7 3 2 24 6 1 49
8 49 69 37.016 -114.06 464 31 386 350 2014 7 3 2 25 16 1 49
8 49 69 37.128 -113.97 466 31 381 350 2014 7 3 2 26 6 1 49
8 49 69 37.239 -113.89 467 31 376 350 2014 7 3 2 27 6 1 49
8 49 69 37.365 -113.79 467 31 371 350 2014 7 3 2 28 6 1 49
8 49 69 37.479 -113.7 475 31 361 350 2014 7 3 2 29 16 1 49
8 49 69 37.589 -113.62 466 30 350 350 2014 7 3 2 30 16 1 49
8 49 69 37.698 -113.53 460 31 350 350 2014 7 3 2 31 6 5 205
8 49 69 37.741 -113.5 460 31 350 340 2014 7 3 2 32 16 5 205
8 49 69 37.916 -113.36 458 31 342 340 2014 7 3 2 33 15 5 205
8 49 69 38.048 -113.26 459 31 340 340 2014 7 3 2 34 6 5 205
8 49 69 38.157 -113.17 460 32 340 300 2014 7 3 2 35 16 5 205
8 49 69 38.18 -113.16 460 31 340 300 2014 7 3 2 36 6 5 205
8 49 69 38.314 -113.05 470 25 334 300 2014 7 3 2 37 6 5 205
8 49 69 38.431 -112.98 471 31 328 300 2014 7 3 2 38 15 5 205
8 49 69 38.551 -112.92 467 29 322 300 2014 7 3 2 39 15 5 205
8 49 69 38.671 -112.85 466 24 315 150 2014 7 3 2 40 6 5 205
8 49 69 38.79 -112.79 466 22 309 150 2014 7 3 2 41 6 5 205
8 49 69 38.908 -112.72 466 22 302 150 2014 7 3 2 42 6 5 205
8 49 69 39.027 -112.65 462 21 292 150 2014 7 3 2 43 16 5 205
8 49 69 39.143 -112.59 457 23 277 150 2014 7 3 2 44 16 5 205
8 49 69 39.273 -112.52 453 22 259 150 2014 7 3 2 45 16 5 215
8 49 69 39.385 -112.46 446 22 242 150 2014 7 3 2 46 15 5 215
8 49 69 39.496 -112.39 442 23 223 150 2014 7 3 2 47 6 5 215
8 49 69 39.604 -112.33 423 23 203 150 2014 7 3 2 48 15 5 215
8 49 69 39.703 -112.28 388 23 183 150 2014 7 3 2 49 15 5 215
8 49 69 39.802 -112.22 388 19 169 150 2014 7 3 2 50 6 5 215
8 49 69 39.926 -112.15 402 21 151 150 2014 7 3 2 51 6 5 215
8 49 69 40.022 -112.09 380 24 150 150 2014 7 3 2 52 6 5 215
8 49 69 40.157 -112.05 362 17 139 150 2014 7 3 2 53 15 5 197
8 49 69 40.219 -112.02 366 13 129 150 2014 7 3 2 54 6 5 197
8 49 69 40.314 -112 348 10 114 150 2014 7 3 2 55 6 5 197
8 49 69 40.425 -111.98 304 10 101 150 2014 7 3 2 56 15 5 197
8 49 69 40.425 -111.98 304 10 101 150 2014 7 3 2 57 6 5 197
8 49 69 40.545 -111.95 257 5 84 150 2014 7 3 2 58 16 5 197
8 49 69 40.63 -111.96 252 355 68 150 2014 7 3 2 59 7 5 197
8 49 69 40.691 -111.96 221 354 57 150 2014 7 3 3 0 16 5 197
8 49 69 40.733 -111.97 153 352 50 150 2014 7 3 3 1 6 5 197
8 49 69 40.765 -111.97 131 356 44 150 2014 7 3 3 2 6 5 197
9 49 69 34.05 -117.58 177 0 14 330 2014 7 3 9 15 6 1 6
9 49 69 34.033 -117.55 217 112 34 330 2014 7 3 9 16 6 1 6
9 49 69 34.02 -117.64 254 256 64 330 2014 7 3 9 17 15 1 6
9 49 69 34.057 -117.73 272 270 98 330 2014 7 3 9 18 15 1 2
9 49 69 34.057 -117.73 272 270 98 330 2014 7 3 9 19 6 1 2
9 49 69 34.178 -117.9 374 298 135 330 2014 7 3 9 20 15 1 21
9 49 69 34.29 -117.92 420 309 161 330 2014 7 3 9 21 16 1 21
9 49 69 34.382 -117.81 434 335 188 330 2014 7 3 9 22 6 1 21
9 49 69 34.458 -117.69 452 19 209 330 2014 7 3 9 23 15 1 21
9 49 69 34.538 -117.57 464 47 231 330 2014 7 3 9 24 15 1 22
9 49 69 34.62 -117.45 473 51 251 330 2014 7 3 9 25 15 1 43
9 49 69 34.703 -117.32 486 51 266 330 2014 7 3 9 26 16 1 43
9 49 69 34.788 -117.19 494 51 283 330 2014 7 3 9 27 16 1 43
9 49 69 34.873 -117.06 494 51 302 330 2014 7 3 9 28 15 1 43
9 49 69 34.957 -116.94 492 51 319 330 2014 7 3 9 29 15 1 43
9 49 69 35.041 -116.81 491 51 330 330 2014 7 3 9 30 15 1 43
9 49 69 35.126 -116.67 493 51 330 330 2014 7 3 9 31 15 1 43
9 49 69 35.126 -116.67 493 51 330 330 2014 7 3 9 32 6 1 43
9 49 69 35.214 -116.54 495 52 330 330 2014 7 3 9 33 6 1 43
9 49 69 35.377 -116.28 491 51 330 330 2014 7 3 9 34 15 1 43
9 49 69 35.482 -116.12 493 51 330 330 2014 7 3 9 35 15 1 43
9 49 69 35.544 -116.02 491 52 330 330 2014 7 3 9 36 15 1 43
9 49 69 35.648 -115.85 493 52 330 330 2014 7 3 9 37 16 1 47
9 49 69 35.731 -115.72 491 52 330 330 2014 7 3 9 38 15 1 47
9 49 69 35.716 -115.75 489 51 330 330 2014 7 3 9 39 6 1 47
9 49 69 35.88 -115.48 488 52 330 330 2014 7 3 9 40 15 1 47
9 49 69 35.88 -115.48 488 52 330 330 2014 7 3 9 41 6 1 47
9 49 69 36.043 -115.22 487 51 330 330 2014 7 3 9 42 16 1 47
9 49 69 36.148 -115.07 487 49 330 330 2014 7 3 9 43 15 1 47
9 49 69 36.242 -114.95 487 48 330 330 2014 7 3 9 44 15 1 47
9 49 69 36.337 -114.83 489 45 330 330 2014 7 3 9 45 15 1 47
9 49 69 36.431 -114.71 490 45 330 330 2014 7 3 9 46 15 1 48
9 49 69 36.525 -114.59 489 45 330 330 2014 7 3 9 47 15 1 48
9 49 69 36.617 -114.47 491 46 330 330 2014 7 3 9 48 15 1 48
9 49 69 36.711 -114.34 490 45 330 330 2014 7 3 9 49 15 1 48
9 49 69 36.814 -114.23 490 46 330 330 2014 7 3 9 50 15 1 48
9 49 69 36.817 -114.23 491 42 330 330 2014 7 3 9 51 6 1 48
9 49 69 36.934 -114.14 492 30 330 330 2014 7 3 9 52 6 1 48
9 49 69 37.168 -113.97 493 31 330 330 2014 7 3 9 53 15 1 48
9 49 69 37.168 -113.97 493 31 330 330 2014 7 3 9 54 6 1 48
9 49 69 37.407 -113.78 495 31 330 330 2014 7 3 9 55 15 1 48
9 49 69 37.524 -113.69 495 32 330 330 2014 7 3 9 56 16 1 48
9 49 69 37.521 -113.69 495 32 330 330 2014 7 3 9 57 6 1 48
9 49 69 37.759 -113.5 496 31 330 330 2014 7 3 9 58 15 5 205
9 49 69 37.877 -113.4 497 31 330 330 2014 7 3 9 59 15 5 205
9 49 69 37.995 -113.31 497 32 330 330 2014 7 3 10 0 15 5 205
9 49 69 37.994 -113.31 499 32 330 330 2014 7 3 10 1 15 5 205
9 49 69 38.113 -113.22 498 32 330 330 2014 7 3 10 2 6 5 205
9 49 69 38.346 -113.03 499 32 330 330 2014 7 3 10 3 15 5 205
9 49 69 38.346 -113.03 499 32 330 330 2014 7 3 10 4 6 5 205
9 49 69 38.597 -112.89 491 28 330 330 2014 7 3 10 5 16 5 205
9 49 69 38.597 -112.89 491 28 330 330 2014 7 3 10 6 6 5 205
9 49 69 38.724 -112.82 491 23 330 170 2014 7 3 10 7 15 5 205
9 49 69 38.849 -112.75 490 20 330 170 2014 7 3 10 8 15 5 205
9 49 69 38.976 -112.69 490 22 330 170 2014 7 3 10 9 6 5 205
9 49 69 39.101 -112.61 491 22 330 170 2014 7 3 10 10 6 5 205
9 49 69 39.229 -112.55 494 22 330 170 2014 7 3 10 11 15 5 209
9 49 69 39.352 -112.48 491 23 307 170 2014 7 3 10 12 6 5 215
9 49 69 39.488 -112.44 499 21 275 170 2014 7 3 10 13 15 5 215
9 49 69 39.622 -112.4 497 17 248 170 2014 7 3 10 14 16 5 215
9 49 69 39.868 -112.32 443 13 190 170 2014 7 3 10 15 15 5 215
9 49 69 39.981 -112.28 420 12 171 170 2014 7 3 10 16 15 5 215
9 49 69 40.083 -112.24 384 14 168 170 2014 7 3 10 17 15 5 215
9 49 69 40.184 -112.21 374 15 146 170 2014 7 3 10 18 15 5 197
9 49 69 40.22 -112.2 363 14 141 170 2014 7 3 10 19 15 5 197
9 49 69 40.319 -112.17 360 14 141 170 2014 7 3 10 20 16 5 197
9 49 69 40.416 -112.14 357 14 130 170 2014 7 3 10 21 15 5 197
9 49 69 40.512 -112.1 357 14 129 170 2014 7 3 10 22 16 5 197
9 49 69 40.605 -112.08 353 13 113 170 2014 7 3 10 23 15 5 197
9 49 69 40.705 -112.09 342 0 110 170 2014 7 3 10 24 16 5 197
9 49 69 40.791 -112.1 273 355 111 170 2014 7 3 10 25 16 5 197
9 49 69 40.857 -112.1 241 354 106 170 2014 7 3 10 26 6 5 197
9 49 69 40.93 -112.11 241 354 91 170 2014 7 3 10 27 6 5 197
9 49 69 40.972 -112.04 207 28 78 170 2014 7 3 10 28 15 5 197
9 49 69 40.968 -112.01 185 81 72 170 2014 7 3 10 29 6 5 197
9 49 69 40.923 -111.99 176 126 64 170 2014 7 3 10 30 6 5 197
9 49 69 40.879 -111.99 150 175 56 170 2014 7 3 10 31 15 5 197
9 49 69 40.841 -111.98 129 175 49 170 2014 7 3 10 32 16 5 197
9 49 69 40.824 -111.98 130 175 46 170 2014 7 3 10 33 15 5 197
9 49 69 40.788 -111.97 130 173 43 170 2014 7 3 10 34 6 5 197
10 49 69 34.05 -117.65 173 265 26 390 2014 7 3 13 38 6 1 6
10 49 69 34.05 -117.72 234 268 44 390 2014 7 3 13 39 6 1 6
10 49 69 34.086 -117.76 238 270 61 390 2014 7 3 13 40 6 1 6
10 49 69 34.145 -117.83 253 299 101 390 2014 7 3 13 41 6 1 6
10 49 69 34.203 -117.88 268 342 126 390 2014 7 3 13 42 16 1 6
10 49 69 34.254 -117.82 283 318 148 390 2014 7 3 13 43 6 1 21
10 49 69 34.306 -117.72 332 6 160 390 2014 7 3 13 44 6 1 21
10 49 69 34.369 -117.62 385 51 175 390 2014 7 3 13 45 6 1 21
10 49 69 34.439 -117.49 419 55 199 390 2014 7 3 13 46 6 1 21
10 49 69 34.506 -117.38 420 54 217 390 2014 7 3 13 47 6 1 21
10 49 69 34.574 -117.26 428 55 238 390 2014 7 3 13 48 6 1 21
10 49 69 34.644 -117.14 438 54 253 390 2014 7 3 13 49 6 1 43
10 49 69 34.717 -117.01 459 54 267 390 2014 7 3 13 50 6 1 43
10 49 69 34.805 -116.85 468 55 283 390 2014 7 3 13 51 6 1 43
10 49 69 34.879 -116.72 472 55 296 390 2014 7 3 13 52 15 1 43
10 49 69 34.956 -116.59 480 54 310 390 2014 7 3 13 53 6 1 43
10 49 69 35.047 -116.47 481 52 323 390 2014 7 3 13 54 6 1 43
10 49 69 35.108 -116.4 480 47 329 390 2014 7 3 13 55 6 1 43
10 49 69 35.233 -116.24 479 45 345 370 2014 7 3 13 56 6 1 43
10 49 69 35.325 -116.12 480 45 353 370 2014 7 3 13 57 6 1 43
10 49 69 35.438 -115.98 488 45 362 370 2014 7 3 13 58 6 1 43
10 49 69 35.541 -115.85 495 46 370 370 2014 7 3 13 59 6 1 43
10 49 69 35.597 -115.78 494 45 370 370 2014 7 3 14 0 6 1 43
10 49 69 35.693 -115.66 494 45 370 370 2014 7 3 14 1 6 1 47
10 49 69 35.788 -115.54 494 45 370 370 2014 7 3 14 2 6 1 47
10 49 69 35.883 -115.41 495 46 370 370 2014 7 3 14 3 6 1 47
10 49 69 35.978 -115.29 495 46 370 370 2014 7 3 14 4 6 1 47
10 49 69 36.073 -115.17 496 46 370 370 2014 7 3 14 5 6 1 47
10 49 69 36.188 -115.02 496 46 370 370 2014 7 3 14 6 7 1 47
10 49 69 36.224 -114.97 494 44 370 370 2014 7 3 14 7 6 1 47
10 49 69 36.379 -114.78 495 47 370 370 2014 7 3 14 8 6 1 47
10 49 69 36.474 -114.66 496 46 370 370 2014 7 3 14 9 6 1 49
10 49 69 36.569 -114.54 494 46 370 370 2014 7 3 14 10 6 1 49
10 49 69 36.679 -114.44 486 40 370 370 2014 7 3 14 11 6 1 49
10 49 69 36.744 -114.38 483 35 369 330 2014 7 3 14 12 6 1 49
10 49 69 36.914 -114.25 480 32 355 330 2014 7 3 14 13 6 1 49
10 49 69 36.968 -114.2 480 33 350 330 2014 7 3 14 14 6 1 49
10 49 69 37.078 -114.11 479 33 340 330 2014 7 3 14 15 6 1 49
10 49 69 37.189 -114.02 477 33 331 330 2014 7 3 14 16 6 1 48
10 49 69 37.298 -113.92 475 34 330 330 2014 7 3 14 17 6 1 48
10 49 69 37.422 -113.82 475 33 330 330 2014 7 3 14 18 6 1 48
10 49 69 37.6 -113.67 478 34 330 330 2014 7 3 14 19 6 1 48
10 49 69 37.644 -113.63 477 33 330 330 2014 7 3 14 20 6 1 48
10 49 69 37.761 -113.55 473 33 330 330 2014 7 3 14 21 6 5 205
10 49 69 37.908 -113.47 474 23 330 330 2014 7 3 14 22 6 5 205
10 49 69 38.031 -113.4 475 23 330 330 2014 7 3 14 23 6 5 205
10 49 69 38.154 -113.33 475 23 330 330 2014 7 3 14 24 6 5 205
10 49 69 38.277 -113.27 478 23 326 310 2014 7 3 14 25 6 5 205
10 49 69 38.325 -113.24 477 23 323 310 2014 7 3 14 26 6 5 205
10 49 69 38.471 -113.16 477 23 311 310 2014 7 3 14 27 7 5 205
10 49 69 38.595 -113.09 477 23 310 310 2014 7 3 14 28 6 5 205
10 49 69 38.718 -113.02 478 23 310 170 2014 7 3 14 29 6 5 205
10 49 69 38.839 -112.95 479 23 310 170 2014 7 3 14 30 6 5 205
10 49 69 38.962 -112.88 480 24 310 170 2014 7 3 14 31 6 5 205
10 49 69 39.085 -112.81 480 24 310 170 2014 7 3 14 32 6 5 205
10 49 69 39.206 -112.74 480 23 310 170 2014 7 3 14 33 6 5 215
10 49 69 39.354 -112.66 480 23 309 170 2014 7 3 14 34 6 5 215
10 49 69 39.464 -112.6 481 23 300 170 2014 7 3 14 35 6 5 215
10 49 69 39.586 -112.52 483 23 271 170 2014 7 3 14 36 6 5 215
10 49 69 39.732 -112.44 480 24 228 170 2014 7 3 14 37 6 5 215
10 49 69 39.848 -112.37 459 22 198 170 2014 7 3 14 38 6 5 215
10 49 69 39.999 -112.3 394 23 175 170 2014 7 3 14 39 6 5 215
10 49 69 40.053 -112.25 372 23 169 170 2014 7 3 14 40 6 5 215
10 49 69 40.152 -112.22 370 20 158 170 2014 7 3 14 41 6 5 215
10 49 69 40.25 -112.19 369 15 147 170 2014 7 3 14 42 6 5 197
10 49 69 40.369 -112.15 364 15 137 170 2014 7 3 14 43 6 5 197
10 49 69 40.466 -112.11 363 14 131 170 2014 7 3 14 44 6 5 197
10 49 69 40.562 -112.08 357 15 120 170 2014 7 3 14 45 6 5 197
10 49 69 40.658 -112.08 345 10 110 170 2014 7 3 14 46 14 5 197
10 49 69 40.751 -112.09 329 358 110 170 2014 7 3 14 47 6 5 197
10 49 69 40.776 -112.1 295 354 110 170 2014 7 3 14 48 6 5 197
10 49 69 40.826 -112.1 263 354 110 170 2014 7 3 14 49 6 5 197
10 49 69 40.938 -112.05 214 357 75 170 2014 7 3 14 50 6 5 197
10 49 69 40.932 -112.04 193 57 71 170 2014 7 3 14 51 6 5 197
10 49 69 40.899 -112.01 151 142 60 170 2014 7 3 14 52 9 5 197
10 49 69 40.859 -112 132 173 52 170 2014 7 3 14 53 6 5 197
10 49 69 40.817 -112 132 174 45 170 2014 7 3 14 54 6 5 197
10 49 69 40.79 -112 136 176 42 170 2014 7 3 14 55 6 5 197
11 49 69 34.056 -117.6 145 0 9 350 2014 7 3 17 25 6 1 6
11 49 69 34.052 -117.68 194 264 31 350 2014 7 3 17 27 6 1 6
11 49 69 34.118 -117.83 277 353 71 350 2014 7 3 17 28 6 1 6
11 49 69 34.177 -117.9 291 298 95 350 2014 7 3 17 29 6 1 6
11 49 69 34.239 -117.97 298 304 118 350 2014 7 3 17 30 6 1 6
11 49 69 34.336 -117.95 315 289 141 350 2014 7 3 17 31 6 1 21
11 49 69 34.379 -117.86 315 60 141 350 2014 7 3 17 32 6 1 21
11 49 69 34.381 -117.85 332 10 161 350 2014 7 3 17 33 6 1 21
11 49 69 34.477 -117.64 346 61 201 350 2014 7 3 17 34 6 1 22
11 49 69 34.538 -117.55 346 50 201 350 2014 7 3 17 35 6 1 22
11 49 69 34.529 -117.54 355 57 218 350 2014 7 3 17 36 6 1 22
11 49 69 34.592 -117.44 356 59 233 350 2014 7 3 17 37 6 1 22
11 49 69 34.725 -117.25 385 50 260 350 2014 7 3 17 38 16 1 43
11 49 69 34.725 -117.25 385 50 260 350 2014 7 3 17 39 6 1 43
11 49 69 34.807 -117.12 390 50 278 350 2014 7 3 17 40 6 1 43
11 49 69 34.876 -117.02 393 50 289 350 2014 7 3 17 41 6 1 43
11 49 69 35.011 -116.82 410 51 310 350 2014 7 3 17 42 6 1 43
11 49 69 35.018 -116.81 409 50 311 350 2014 7 3 17 43 6 1 43
11 49 69 35.108 -116.67 424 50 323 350 2014 7 3 17 44 6 1 43
11 49 69 35.18 -116.56 424 51 335 350 2014 7 3 17 45 6 1 43
11 49 69 35.254 -116.45 422 51 346 350 2014 7 3 17 46 7 1 43
11 49 69 35.327 -116.33 421 51 350 350 2014 7 3 17 47 6 1 43
11 49 69 35.404 -116.21 442 51 350 350 2014 7 3 17 48 6 1 43
11 49 69 35.485 -116.09 463 51 350 350 2014 7 3 17 49 6 1 43
11 49 69 35.583 -115.94 477 52 350 350 2014 7 3 17 50 6 1 43
11 49 69 35.673 -115.8 486 51 350 350 2014 7 3 17 51 7 1 47
11 49 69 35.758 -115.67 490 51 350 350 2014 7 3 17 52 6 1 47
11 49 69 35.841 -115.54 485 51 350 350 2014 7 3 17 53 6 1 47
11 49 69 35.921 -115.41 477 51 350 350 2014 7 3 17 54 6 1 47
11 49 69 36.001 -115.28 467 52 350 350 2014 7 3 17 55 6 1 47
11 49 69 36.096 -115.14 463 51 350 350 2014 7 3 17 56 6 1 47
11 49 69 36.169 -115.05 462 51 350 350 2014 7 3 17 57 6 1 47
11 49 69 36.272 -114.92 456 45 350 350 2014 7 3 17 58 6 1 47
11 49 69 36.343 -114.83 455 45 350 350 2014 7 3 17 59 6 1 47
11 49 69 36.444 -114.69 448 46 350 350 2014 7 3 18 0 6 1 49
11 49 69 36.548 -114.56 448 45 350 350 2014 7 3 18 1 6 1 49
11 49 69 36.633 -114.45 446 46 350 350 2014 7 3 18 2 6 1 49
11 49 69 36.702 -114.36 447 46 350 350 2014 7 3 18 3 6 1 49
11 49 69 36.792 -114.26 444 46 350 350 2014 7 3 18 4 6 1 49
11 49 69 36.898 -114.18 442 38 350 350 2014 7 3 18 5 6 1 49
11 49 69 37.003 -114.09 444 31 350 330 2014 7 3 18 6 6 1 49
11 49 69 37.112 -114.01 452 31 347 330 2014 7 3 18 7 6 1 49
11 49 69 37.159 -113.97 459 31 345 330 2014 7 3 18 8 6 1 49
11 49 69 37.358 -113.82 468 32 336 330 2014 7 3 18 9 6 1 48
11 49 69 37.383 -113.8 470 32 335 330 2014 7 3 18 10 6 1 48
11 49 69 37.498 -113.71 482 31 330 330 2014 7 3 18 11 6 1 48
11 49 69 37.612 -113.62 483 32 330 330 2014 7 3 18 12 6 1 48
11 49 69 37.822 -113.45 492 32 330 330 2014 7 3 18 13 6 5 205
11 49 69 37.87 -113.41 491 31 330 330 2014 7 3 18 14 6 5 205
11 49 69 37.987 -113.32 492 32 330 330 2014 7 3 18 15 6 5 205
11 49 69 38.115 -113.26 493 24 330 330 2014 7 3 18 16 6 5 205
11 49 69 38.241 -113.19 489 21 330 330 2014 7 3 18 17 16 5 205
11 49 69 38.342 -113.14 487 21 330 310 2014 7 3 18 18 16 5 205
11 49 69 38.466 -113.08 484 21 330 310 2014 7 3 18 19 6 5 205
11 49 69 38.591 -113.02 483 21 322 310 2014 7 3 18 20 6 5 205
11 49 69 38.716 -112.95 483 21 312 310 2014 7 3 18 21 6 5 205
11 49 69 38.864 -112.88 475 21 310 170 2014 7 3 18 22 6 5 205
11 49 69 38.985 -112.81 469 21 310 170 2014 7 3 18 23 6 5 205
11 49 69 39.104 -112.75 464 21 310 170 2014 7 3 18 24 8 5 205
11 49 69 39.224 -112.69 463 21 310 170 2014 7 3 18 25 6 5 215
11 49 69 39.344 -112.63 463 21 310 170 2014 7 3 18 26 6 5 215
11 49 69 39.463 -112.57 463 21 294 170 2014 7 3 18 27 6 5 215
11 49 69 39.58 -112.5 459 21 264 170 2014 7 3 18 28 6 5 215
11 49 69 39.716 -112.43 443 22 228 170 2014 7 3 18 29 7 5 215
11 49 69 39.828 -112.37 434 22 198 170 2014 7 3 18 30 6 5 215
11 49 69 39.938 -112.31 424 19 171 170 2014 7 3 18 31 6 5 215
11 49 69 40.036 -112.26 379 23 170 170 2014 7 3 18 32 6 5 215
11 49 69 40.172 -112.22 362 15 159 170 2014 7 3 18 33 6 5 215
11 49 69 40.251 -112.19 362 15 148 170 2014 7 3 18 34 7 5 197
11 49 69 40.347 -112.16 356 14 133 170 2014 7 3 18 35 6 5 197
11 49 69 40.443 -112.12 358 15 130 170 2014 7 3 18 36 6 5 197
11 49 69 40.533 -112.09 318 15 130 170 2014 7 3 18 37 6 5 197
11 49 69 40.611 -112.08 286 14 127 170 2014 7 3 18 38 6 5 197
11 49 69 40.689 -112.08 279 3 120 170 2014 7 3 18 39 6 5 197
11 49 69 40.71 -112.09 269 357 120 170 2014 7 3 18 40 6 5 197
11 49 69 40.778 -112.1 229 355 114 170 2014 7 3 18 41 6 5 197
11 49 69 40.842 -112.1 229 354 108 170 2014 7 3 18 42 6 5 197
11 49 69 40.907 -112.11 236 355 96 170 2014 7 3 18 43 6 5 197
11 49 69 40.959 -112.06 229 17 77 170 2014 7 3 18 44 6 5 197
11 49 69 40.927 -112.01 208 104 61 170 2014 7 3 18 45 6 5 197
11 49 69 40.879 -112.01 155 174 56 170 2014 7 3 18 46 6 5 197
11 49 69 40.844 -112 118 174 50 170 2014 7 3 18 47 6 5 197
11 49 69 40.814 -112 124 173 44 170 2014 7 3 18 48 6 5 197
12 49 69 34.056 -117.6 145 0 9 350 2014 7 4 1 39 15 1 6
12 49 69 34.053 -117.62 162 0 17 350 2014 7 4 1 40 6 1 6
12 49 69 34.026 -117.68 207 19 35 350 2014 7 4 1 41 6 1 6
12 49 69 34 -117.78 271 246 60 350 2014 7 4 1 42 16 1 6
12 49 69 34.062 -117.82 290 247 60 350 2014 7 4 1 43 6 1 6
12 49 69 34.141 -117.83 293 288 80 350 2014 7 4 1 44 6 1 6
12 49 69 34.197 -117.9 298 344 102 350 2014 7 4 1 45 6 1 6
12 49 69 34.254 -117.97 300 304 124 350 2014 7 4 1 46 6 1 6
12 49 69 34.342 -117.93 320 312 149 350 2014 7 4 1 47 6 1 21
12 49 69 34.374 -117.83 328 350 167 350 2014 7 4 1 48 15 1 21
12 49 69 34.385 -117.72 349 45 183 350 2014 7 4 1 49 6 1 21
12 49 69 34.403 -117.59 347 75 206 350 2014 7 4 1 50 6 1 21
12 49 69 34.419 -117.47 353 65 223 350 2014 7 4 1 51 6 1 21
12 49 69 34.484 -117.38 358 80 238 350 2014 7 4 1 52 6 1 21
12 49 69 34.555 -117.29 374 64 240 350 2014 7 4 1 53 6 1 43
12 49 69 34.634 -117.18 430 78 241 350 2014 7 4 1 54 10 1 43
12 49 69 34.735 -117.04 454 48 248 350 2014 7 4 1 55 15 1 43
12 49 69 34.821 -116.92 463 48 253 350 2014 7 4 1 56 6 1 43
12 49 69 34.91 -116.8 481 48 258 350 2014 7 4 1 57 6 1 43
12 49 69 34.999 -116.68 484 48 263 350 2014 7 4 1 58 16 1 43
12 49 69 35.089 -116.55 488 48 270 350 2014 7 4 1 59 6 1 43
12 49 69 35.195 -116.41 487 48 279 330 2014 7 4 2 0 6 1 43
12 49 69 35.284 -116.28 487 48 279 330 2014 7 4 2 1 6 1 43
12 49 69 35.37 -116.16 480 47 299 330 2014 7 4 2 2 6 1 43
12 49 69 35.458 -116.04 479 48 307 330 2014 7 4 2 3 6 1 43
12 49 69 35.546 -115.91 481 48 314 330 2014 7 4 2 4 6 1 43
12 49 69 35.579 -115.87 480 48 316 330 2014 7 4 2 5 6 1 43
12 49 69 35.668 -115.75 484 48 323 330 2014 7 4 2 6 6 1 47
12 49 69 35.755 -115.62 484 48 330 330 2014 7 4 2 7 16 1 47
12 49 69 35.845 -115.5 490 49 330 330 2014 7 4 2 8 8 1 47
12 49 69 35.936 -115.37 499 48 330 330 2014 7 4 2 9 6 1 47
12 49 69 36.044 -115.21 500 49 330 330 2014 7 4 2 10 6 1 47
12 49 69 36.138 -115.09 500 48 330 330 2014 7 4 2 11 6 1 47
12 49 69 36.236 -114.96 502 45 330 330 2014 7 4 2 12 6 1 47
12 49 69 36.334 -114.84 506 46 330 330 2014 7 4 2 13 6 1 47
12 49 69 36.431 -114.71 506 45 330 330 2014 7 4 2 14 15 1 48
12 49 69 36.529 -114.59 506 46 330 330 2014 7 4 2 15 6 1 48
12 49 69 36.624 -114.46 505 46 330 330 2014 7 4 2 16 6 1 48
12 49 69 36.739 -114.31 497 46 330 330 2014 7 4 2 17 16 1 48
12 49 69 36.848 -114.22 493 38 330 330 2014 7 4 2 18 15 1 48
12 49 69 36.941 -114.14 480 30 330 330 2014 7 4 2 19 6 1 48
12 49 69 37.048 -114.06 459 32 330 330 2014 7 4 2 20 16 1 48
12 49 69 37.174 -113.96 454 32 330 330 2014 7 4 2 21 6 1 48
12 49 69 37.284 -113.87 456 32 330 330 2014 7 4 2 22 16 1 48
12 49 69 37.393 -113.79 457 31 330 330 2014 7 4 2 23 16 1 48
12 49 69 37.502 -113.7 458 32 330 330 2014 7 4 2 24 16 1 48
12 49 69 37.61 -113.62 458 31 330 330 2014 7 4 2 25 16 1 48
12 49 69 37.721 -113.54 457 28 330 330 2014 7 4 2 26 6 5 205
12 49 69 37.84 -113.47 458 22 330 330 2014 7 4 2 27 6 5 205
12 49 69 37.983 -113.4 462 23 330 330 2014 7 4 2 28 6 5 205
12 49 69 38.102 -113.33 462 22 330 330 2014 7 4 2 29 6 5 205
12 49 69 38.224 -113.27 469 22 330 330 2014 7 4 2 30 6 5 205
12 49 69 38.348 -113.2 477 23 330 330 2014 7 4 2 31 6 5 205
12 49 69 38.469 -113.14 476 22 330 330 2014 7 4 2 32 6 5 205
12 49 69 38.59 -113.07 475 22 327 310 2014 7 4 2 33 6 5 205
12 49 69 38.711 -113 475 23 327 310 2014 7 4 2 34 6 5 205
12 49 69 38.858 -112.92 477 23 310 310 2014 7 4 2 35 16 5 205
12 49 69 38.858 -112.92 477 23 310 170 2014 7 4 2 36 6 5 205
12 49 69 39.099 -112.79 471 23 310 170 2014 7 4 2 37 16 5 205
12 49 69 39.099 -112.79 471 23 310 170 2014 7 4 2 38 7 5 205
12 49 69 39.339 -112.66 470 23 289 170 2014 7 4 2 39 15 5 215
12 49 69 39.339 -112.66 470 23 289 170 2014 7 4 2 40 6 5 215
12 49 69 39.471 -112.58 457 23 265 170 2014 7 4 2 41 6 5 215
12 49 69 39.582 -112.52 439 23 244 170 2014 7 4 2 42 6 5 215
12 49 69 39.689 -112.46 418 23 223 170 2014 7 4 2 43 6 5 215
12 49 69 39.792 -112.4 406 23 202 170 2014 7 4 2 44 6 5 215
12 49 69 39.924 -112.34 392 23 176 170 2014 7 4 2 45 6 5 215
12 49 69 39.989 -112.3 377 23 170 170 2014 7 4 2 46 6 5 215
12 49 69 40.087 -112.25 380 16 171 170 2014 7 4 2 47 15 5 215
12 49 69 40.289 -112.18 362 15 144 170 2014 7 4 2 48 16 5 197
12 49 69 40.303 -112.17 364 15 142 170 2014 7 4 2 49 6 5 197
12 49 69 40.397 -112.14 353 14 131 170 2014 7 4 2 50 6 5 197
12 49 69 40.493 -112.11 355 15 130 170 2014 7 4 2 51 6 5 197
12 49 69 40.576 -112.09 352 12 118 170 2014 7 4 2 52 6 5 197
12 49 69 40.67 -112.08 336 359 110 170 2014 7 4 2 53 6 5 197
12 49 69 40.765 -112.09 278 353 110 170 2014 7 4 2 54 6 5 197
12 49 69 40.837 -112.1 259 356 111 170 2014 7 4 2 55 6 5 197
12 49 69 40.907 -112.11 252 355 94 170 2014 7 4 2 56 6 5 197
12 49 69 40.957 -112.07 235 14 77 170 2014 7 4 2 57 6 5 197
12 49 69 40.912 -112.02 195 117 61 170 2014 7 4 2 58 16 5 197
12 49 69 40.866 -112.01 169 163 54 170 2014 7 4 2 59 6 5 197
12 49 69 40.829 -112 138 174 47 170 2014 7 4 3 0 6 5 197
13 49 69 34.05 -117.65 173 269 25 390 2014 7 4 13 29 15 1 6
13 49 69 34.055 -117.7 210 261 36 390 2014 7 4 13 30 15 1 6
13 49 69 34.08 -117.79 293 269 65 390 2014 7 4 13 31 6 1 6
13 49 69 34.137 -117.85 288 284 106 390 2014 7 4 13 32 6 1 6
13 49 69 34.186 -117.91 257 302 136 390 2014 7 4 13 33 6 1 21
13 49 69 34.261 -117.92 308 316 149 390 2014 7 4 13 34 15 1 21
13 49 69 34.316 -117.82 354 337 162 390 2014 7 4 13 35 15 1 21
13 49 69 34.377 -117.7 396 30 186 390 2014 7 4 13 36 15 1 21
13 49 69 34.439 -117.58 403 56 210 390 2014 7 4 13 37 16 1 21
13 49 69 34.5 -117.47 403 57 210 390 2014 7 4 13 38 6 1 21
13 49 69 34.565 -117.34 423 57 247 390 2014 7 4 13 39 6 1 43
13 49 69 34.691 -117.1 423 57 247 390 2014 7 4 13 41 15 1 43
13 49 69 34.691 -117.1 423 57 247 390 2014 7 4 13 41 15 1 43
13 49 69 34.767 -116.95 462 57 290 390 2014 7 4 13 42 6 1 43
13 49 69 34.838 -116.82 479 57 299 390 2014 7 4 13 43 6 1 43
13 49 69 34.91 -116.67 488 57 310 390 2014 7 4 13 44 6 1 43
13 49 69 35.009 -116.51 493 54 326 390 2014 7 4 13 45 6 1 43
13 49 69 35.106 -116.39 496 45 337 390 2014 7 4 13 46 6 1 43
13 49 69 35.203 -116.27 497 45 349 390 2014 7 4 13 47 15 1 43
13 49 69 35.299 -116.15 497 45 361 390 2014 7 4 13 48 6 1 43
13 49 69 35.396 -116.03 497 45 371 390 2014 7 4 13 49 16 1 43
13 49 69 35.486 -115.96 494 36 379 390 2014 7 4 13 50 16 1 43
13 49 69 35.619 -115.85 470 34 388 390 2014 7 4 13 51 7 1 43
13 49 69 35.731 -115.75 481 34 390 390 2014 7 4 13 52 16 1 47
13 49 69 35.841 -115.66 481 35 390 390 2014 7 4 13 53 6 1 47
13 49 69 35.973 -115.54 483 34 390 390 2014 7 4 13 54 16 1 47
13 49 69 36.083 -115.45 484 35 390 390 2014 7 4 13 55 15 1 47
13 49 69 36.193 -115.35 484 34 390 390 2014 7 4 13 56 15 1 47
13 49 69 36.303 -115.26 487 34 390 390 2014 7 4 13 57 16 1 47
13 49 69 36.412 -115.16 487 35 390 350 2014 7 4 13 58 15 1 47
13 49 69 36.501 -115.08 487 35 390 350 2014 7 4 13 59 6 1 38
13 49 69 36.634 -114.97 487 35 390 350 2014 7 4 14 0 15 1 38
13 49 69 36.724 -114.89 490 34 390 350 2014 7 4 14 1 6 1 38
13 49 69 36.838 -114.79 494 35 390 350 2014 7 4 14 2 6 1 38
13 49 69 36.992 -114.65 495 35 390 350 2014 7 4 14 3 16 1 38
13 49 69 37.104 -114.55 495 35 390 350 2014 7 4 14 4 6 1 38
13 49 69 37.219 -114.44 499 35 380 350 2014 7 4 14 5 16 1 38
13 49 69 37.308 -114.36 495 36 372 350 2014 7 4 14 6 16 1 38
13 49 69 37.423 -114.26 501 34 362 350 2014 7 4 14 7 16 1 38
13 49 69 37.443 -114.24 499 35 361 350 2014 7 4 14 8 6 1 38
13 49 69 37.556 -114.14 499 35 352 350 2014 7 4 14 9 6 1 38
13 49 69 37.757 -113.96 492 35 350 350 2014 7 4 14 10 16 1 38
13 49 69 37.889 -113.84 492 36 350 350 2014 7 4 14 11 15 1 38
13 49 69 38 -113.74 491 35 350 350 2014 7 4 14 12 15 5 205
13 49 69 38.089 -113.65 492 35 350 350 2014 7 4 14 13 6 5 205
13 49 69 38.198 -113.55 489 35 350 350 2014 7 4 14 14 6 5 205
13 49 69 38.243 -113.51 489 36 350 350 2014 7 4 14 15 6 5 205
13 49 69 38.336 -113.44 489 36 350 350 2014 7 4 14 16 6 5 205
13 49 69 38.456 -113.36 489 32 350 320 2014 7 4 14 17 6 5 205
13 49 69 38.576 -113.28 489 27 350 320 2014 7 4 14 18 6 5 205
13 49 69 38.813 -113.12 484 27 328 320 2014 7 4 14 19 15 5 205
13 49 69 38.933 -113.04 484 27 320 170 2014 7 4 14 20 16 5 205
13 49 69 38.933 -113.04 484 27 320 170 2014 7 4 14 21 6 5 205
13 49 69 39.053 -112.95 483 27 320 170 2014 7 4 14 22 6 5 205
13 49 69 39.171 -112.87 481 28 320 170 2014 7 4 14 23 6 5 215
13 49 69 39.288 -112.79 480 28 320 170 2014 7 4 14 24 6 5 215
13 49 69 39.406 -112.71 481 28 314 170 2014 7 4 14 25 15 5 215
13 49 69 39.536 -112.61 482 28 285 170 2014 7 4 14 26 15 5 215
13 49 69 39.651 -112.53 473 28 256 170 2014 7 4 14 27 15 5 215
13 49 69 39.759 -112.46 447 28 230 170 2014 7 4 14 28 6 5 215
13 49 69 39.899 -112.38 419 25 178 170 2014 7 4 14 29 16 5 215
13 49 69 39.965 -112.31 415 28 170 170 2014 7 4 14 30 6 5 215
13 49 69 40.104 -112.25 366 27 149 170 2014 7 4 14 31 16 5 215
13 49 69 40.201 -112.21 354 14 131 170 2014 7 4 14 32 6 5 197
13 49 69 40.301 -112.18 349 13 130 170 2014 7 4 14 33 6 5 197
13 49 69 40.396 -112.15 354 14 130 170 2014 7 4 14 34 15 5 197
13 49 69 40.492 -112.11 358 14 130 170 2014 7 4 14 35 6 5 197
13 49 69 40.582 -112.09 321 14 122 170 2014 7 4 14 36 6 5 197
13 49 69 40.644 -112.08 311 0 118 170 2014 7 4 14 37 15 5 197
13 49 69 40.752 -112.09 293 355 110 170 2014 7 4 14 38 6 5 197
13 49 69 40.877 -112.11 229 357 97 170 2014 7 4 14 40 6 5 197
13 49 69 40.947 -112.11 227 354 81 170 2014 7 4 14 41 16 5 197
13 49 69 41.003 -112.11 230 355 80 170 2014 7 4 14 42 6 5 197
13 49 69 40.992 -112.03 207 92 75 170 2014 7 4 14 43 16 5 197
13 49 69 40.951 -112.02 193 164 67 170 2014 7 4 14 44 15 5 197
13 49 69 40.903 -112.01 178 173 59 170 2014 7 4 14 45 15 5 197
13 49 69 40.859 -112.01 132 176 51 170 2014 7 4 14 46 6 5 197
13 49 69 40.822 -112 130 174 45 170 2014 7 4 14 47 16 5 197
14 49 69 34.056 -117.6 145 0 9 350 2014 7 4 17 17 15 1 6
14 49 69 34.05 -117.65 174 0 21 350 2014 7 4 17 18 6 1 6
14 49 69 34.066 -117.73 214 276 42 350 2014 7 4 17 19 6 1 6
14 49 69 34.093 -117.8 235 284 71 350 2014 7 4 17 20 16 1 6
14 49 69 34.144 -117.86 258 290 91 350 2014 7 4 17 21 6 1 6
14 49 69 34.214 -117.94 295 335 112 350 2014 7 4 17 22 16 1 6
14 49 69 34.288 -118 322 315 136 350 2014 7 4 17 23 6 1 21
14 49 69 34.362 -117.94 325 321 157 350 2014 7 4 17 24 6 1 21
14 49 69 34.407 -117.84 322 0 178 350 2014 7 4 17 25 16 1 21
14 49 69 34.451 -117.74 337 51 196 350 2014 7 4 17 26 6 1 21
14 49 69 34.498 -117.64 347 61 213 350 2014 7 4 17 27 6 1 22
14 49 69 34.545 -117.53 359 61 231 350 2014 7 4 17 28 6 1 22
14 49 69 34.602 -117.4 365 61 247 350 2014 7 4 17 29 15 1 43
14 49 69 34.654 -117.28 393 80 250 350 2014 7 4 17 30 16 1 43
14 49 69 34.722 -117.18 391 61 253 350 2014 7 4 17 31 6 1 43
14 49 69 34.79 -117.08 391 56 267 350 2014 7 4 17 32 15 1 43
14 49 69 34.872 -116.96 402 50 280 350 2014 7 4 17 33 15 1 43
14 49 69 34.944 -116.86 402 50 280 350 2014 7 4 17 34 6 1 43
14 49 69 35.026 -116.74 421 47 290 350 2014 7 4 17 35 15 1 43
14 49 69 35.026 -116.74 421 47 290 350 2014 7 4 17 36 6 1 43
14 49 69 35.156 -116.55 414 50 301 350 2014 7 4 17 37 16 1 43
14 49 69 35.174 -116.52 422 50 304 350 2014 7 4 17 38 6 1 43
14 49 69 35.311 -116.32 424 50 311 350 2014 7 4 17 39 15 1 43
14 49 69 35.326 -116.3 430 50 312 350 2014 7 4 17 40 6 1 43
14 49 69 35.467 -116.09 443 51 325 350 2014 7 4 17 41 6 1 43
14 49 69 35.548 -115.97 461 49 332 350 2014 7 4 17 42 16 1 43
14 49 69 35.583 -115.91 465 50 335 350 2014 7 4 17 43 6 1 43
14 49 69 35.666 -115.79 452 50 345 350 2014 7 4 17 44 6 1 47
14 49 69 35.77 -115.69 470 40 350 350 2014 7 4 17 45 6 1 47
14 49 69 35.898 -115.58 471 34 350 350 2014 7 4 17 46 6 1 47
14 49 69 36.067 -115.44 467 34 350 350 2014 7 4 17 47 16 1 47
14 49 69 36.109 -115.4 466 34 350 350 2014 7 4 17 48 6 1 47
14 49 69 36.212 -115.31 466 34 350 350 2014 7 4 17 49 6 1 47
14 49 69 36.338 -115.2 465 35 350 350 2014 7 4 17 50 16 1 47
14 49 69 36.443 -115.11 465 34 350 350 2014 7 4 17 51 6 1 38
14 49 69 36.547 -115.02 464 34 350 350 2014 7 4 17 52 6 1 38
14 49 69 36.653 -114.93 464 35 350 350 2014 7 4 17 53 6 1 38
14 49 69 36.759 -114.84 464 34 350 350 2014 7 4 17 54 15 1 38
14 49 69 36.87 -114.74 464 35 350 330 2014 7 4 17 55 15 1 38
14 49 69 36.976 -114.65 464 35 350 330 2014 7 4 17 56 6 1 38
14 49 69 37.095 -114.54 464 35 349 330 2014 7 4 17 57 16 1 38
14 49 69 37.201 -114.45 465 34 339 330 2014 7 4 17 58 6 1 38
14 49 69 37.305 -114.36 463 35 330 330 2014 7 4 17 59 6 1 38
14 49 69 37.415 -114.26 461 35 330 330 2014 7 4 18 0 16 1 38
14 49 69 37.478 -114.2 461 36 330 330 2014 7 4 18 1 6 1 38
14 49 69 37.624 -114.07 460 35 330 330 2014 7 4 18 2 8 1 38
14 49 69 37.706 -114 459 35 330 330 2014 7 4 18 3 6 1 38
14 49 69 37.853 -113.86 460 35 330 330 2014 7 4 18 4 6 1 38
14 49 69 37.917 -113.8 462 35 330 330 2014 7 4 18 5 15 1 38
14 49 69 37.959 -113.77 462 35 330 330 2014 7 4 18 6 15 5 205
14 49 69 38.126 -113.61 463 36 330 330 2014 7 4 18 7 6 5 205
14 49 69 38.23 -113.52 462 35 330 310 2014 7 4 18 8 6 5 205
14 49 69 38.356 -113.4 463 35 318 310 2014 7 4 18 9 16 5 205
14 49 69 38.459 -113.3 461 36 310 310 2014 7 4 18 10 16 5 205
14 49 69 38.459 -113.3 461 36 310 310 2014 7 4 18 11 15 5 205
14 49 69 38.665 -113.11 456 35 310 310 2014 7 4 18 12 16 5 205
14 49 69 38.665 -113.11 456 35 310 170 2014 7 4 18 13 6 5 205
14 49 69 38.769 -113.02 456 35 310 170 2014 7 4 18 14 16 5 205
14 49 69 38.871 -112.92 461 35 310 170 2014 7 4 18 15 16 5 205
14 49 69 38.975 -112.82 462 36 310 170 2014 7 4 18 16 16 5 205
14 49 69 39.098 -112.7 462 36 310 170 2014 7 4 18 17 6 5 205
14 49 69 39.209 -112.62 459 36 306 170 2014 7 4 18 18 6 5 215
14 49 69 39.328 -112.57 447 28 287 170 2014 7 4 18 19 16 5 215
14 49 69 39.438 -112.52 420 21 266 170 2014 7 4 18 20 15 5 215
14 49 69 39.544 -112.48 410 18 246 170 2014 7 4 18 21 6 5 215
14 49 69 39.647 -112.43 388 18 227 170 2014 7 4 18 22 6 5 215
14 49 69 39.761 -112.38 368 18 205 170 2014 7 4 18 23 6 5 215
14 49 69 39.854 -112.34 356 18 189 170 2014 7 4 18 24 15 5 215
14 49 69 39.95 -112.3 362 12 175 170 2014 7 4 18 25 15 5 215
14 49 69 40.05 -112.26 376 18 170 170 2014 7 4 18 26 6 5 215
14 49 69 40.149 -112.22 368 15 159 170 2014 7 4 18 27 16 5 215
14 49 69 40.243 -112.19 354 15 145 170 2014 7 4 18 28 6 5 197
14 49 69 40.358 -112.15 356 15 136 170 2014 7 4 18 29 6 5 197
14 49 69 40.453 -112.12 353 15 130 170 2014 7 4 18 30 6 5 197
14 49 69 40.545 -112.09 343 14 122 170 2014 7 4 18 31 15 5 197
14 49 69 40.638 -112.08 334 6 110 170 2014 7 4 18 32 6 5 197
14 49 69 40.727 -112.09 315 357 110 170 2014 7 4 18 33 6 5 197
14 49 69 40.801 -112.1 261 355 105 170 2014 7 4 18 34 6 5 197
14 49 69 40.886 -112.11 257 356 84 170 2014 7 4 18 35 16 5 197
14 49 69 40.944 -112.09 229 358 71 170 2014 7 4 18 36 16 5 197
14 49 69 40.924 -112.02 202 81 61 170 2014 7 4 18 37 16 5 197
14 49 69 40.895 -112.01 169 111 57 170 2014 7 4 18 38 6 5 197
14 49 69 40.841 -112 145 172 48 170 2014 7 4 18 39 16 5 197
14 49 69 40.804 -112 138 178 42 170 2014 7 4 18 40 15 5 197
14 49 69 40.804 -112 138 178 42 170 2014 7 4 18 41 6 5 197
