1 49 67 34.056 -117.6 150 0 9 380 2014 7 1 1 7 6 1 6
1 49 67 34.057 -117.68 220 257 36 380 2014 7 1 1 8 6 1 6
1 49 67 34.075 -117.78 257 289 62 380 2014 7 1 1 9 6 1 6
1 49 67 34.128 -117.86 293 281 95 380 2014 7 1 1 10 6 1 6
1 49 67 34.187 -117.94 335 295 120 380 2014 7 1 1 11 6 1 6
1 49 67 34.246 -118.03 335 309 120 380 2014 7 1 1 12 6 1 6
1 49 67 34.251 -118.04 363 309 152 380 2014 7 1 1 13 6 1 21
1 49 67 34.317 -118.14 371 309 187 380 2014 7 1 1 14 6 1 21
1 49 67 34.473 -118.37 414 309 247 380 2014 7 1 1 15 6 1 53
1 49 67 34.546 -118.48 414 309 247 380 2014 7 1 1 16 6 1 53
1 49 67 34.547 -118.48 416 309 274 380 2014 7 1 1 17 6 1 53
1 49 67 34.622 -118.59 426 309 296 380 2014 7 1 1 18 6 1 53
1 49 67 34.759 -118.79 430 309 338 380 2014 7 1 1 19 16 1 53
1 49 67 34.776 -118.82 438 309 345 380 2014 7 1 1 20 6 1 53
1 49 67 34.913 -119.04 421 306 380 380 2014 7 1 1 21 6 1 53
1 49 67 34.923 -119.07 415 305 380 380 2014 7 1 1 22 6 1 53
1 49 67 34.992 -119.18 415 305 380 380 2014 7 1 1 23 6 1 53
1 49 67 35.049 -119.27 417 305 380 380 2014 7 1 1 24 6 1 54
1 49 67 35.132 -119.41 417 307 380 380 2014 7 1 1 25 6 1 54
1 49 67 35.215 -119.55 421 305 380 380 2014 7 1 1 26 6 1 54
1 49 67 35.284 -119.66 422 306 380 380 2014 7 1 1 27 6 1 54
1 49 67 35.352 -119.78 422 305 380 380 2014 7 1 1 28 6 1 54
1 49 67 35.421 -119.89 422 305 380 380 2014 7 1 1 29 6 1 54
1 49 67 35.49 -120.01 422 306 380 380 2014 7 1 1 30 6 1 54
1 49 67 35.559 -120.13 423 305 380 380 2014 7 1 1 31 6 1 54
1 49 67 35.627 -120.25 425 305 380 380 2014 7 1 1 32 6 1 54
1 49 67 35.711 -120.38 428 305 380 200 2014 7 1 1 33 6 4 188
1 49 67 35.79 -120.49 427 311 380 200 2014 7 1 1 34 16 4 188
1 49 67 35.869 -120.6 427 311 380 200 2014 7 1 1 35 6 4 188
1 49 67 35.948 -120.71 433 311 380 200 2014 7 1 1 36 6 4 188
1 49 67 36.042 -120.84 426 311 378 200 2014 7 1 1 37 16 4 188
1 49 67 36.09 -120.91 427 311 361 200 2014 7 1 1 38 6 4 188
1 49 67 36.17 -121.02 427 312 324 200 2014 7 1 1 39 6 4 188
1 49 67 36.254 -121.13 444 312 283 200 2014 7 1 1 40 6 4 188
1 49 67 36.342 -121.25 464 305 235 200 2014 7 1 1 41 6 4 188
1 49 67 36.458 -121.32 452 330 207 200 2014 7 1 1 42 6 4 188
1 49 67 36.633 -121.4 427 341 159 200 2014 7 1 1 43 16 4 174
1 49 67 36.75 -121.45 410 341 129 200 2014 7 1 1 44 15 4 154
1 49 67 36.85 -121.48 387 341 109 200 2014 7 1 1 45 6 4 154
1 49 67 36.95 -121.53 330 339 100 200 2014 7 1 1 46 7 4 154
1 49 67 37.017 -121.57 309 340 85 200 2014 7 1 1 47 7 4 154
1 49 67 37.083 -121.63 282 333 70 200 2014 7 1 1 48 6 4 154
1 49 67 37.15 -121.7 280 314 54 200 2014 7 1 1 49 6 4 154
1 49 67 37.177 -121.73 286 321 45 200 2014 7 1 1 50 6 4 154
1 49 67 37.231 -121.79 271 321 31 200 2014 7 1 1 51 6 4 154
1 49 67 37.283 -121.85 177 318 18 200 2014 7 1 1 52 16 4 154
1 49 67 37.314 -121.88 186 309 11 200 2014 7 1 1 53 6 4 154
1 49 67 37.341 -121.91 151 321 5 200 2014 7 1 1 54 6 4 154
1 49 67 37.365 -121.94 129 321 200 200 2014 7 1 1 55 15 4 156
2 49 67 34.056 -117.6 158 0 9 360 2014 7 1 3 43 6 1 6
2 49 67 34.055 -117.69 204 261 31 360 2014 7 1 3 44 6 1 6
2 49 67 34.09 -117.74 204 308 31 360 2014 7 1 3 45 6 1 6
2 49 67 34.068 -117.77 255 286 45 360 2014 7 1 3 46 6 1 6
2 49 67 34.129 -117.86 284 280 82 360 2014 7 1 3 47 6 1 6
2 49 67 34.23 -118.01 291 309 142 360 2014 7 1 3 48 16 1 21
2 49 67 34.288 -118.09 340 309 150 360 2014 7 1 3 49 6 1 21
2 49 67 34.348 -118.18 340 309 150 360 2014 7 1 3 50 6 1 21
2 49 67 34.421 -118.29 379 309 201 360 2014 7 1 3 51 6 1 32
2 49 67 34.487 -118.39 379 309 201 360 2014 7 1 3 52 6 1 32
2 49 67 34.545 -118.48 371 309 241 360 2014 7 1 3 53 6 1 53
2 49 67 34.563 -118.5 372 308 241 360 2014 7 1 3 54 6 1 53
2 49 67 34.71 -118.72 420 310 274 360 2014 7 1 3 55 15 1 53
2 49 67 34.768 -118.81 419 309 285 360 2014 7 1 3 56 6 1 53
2 49 67 34.841 -118.92 428 308 302 360 2014 7 1 3 57 6 1 53
2 49 67 34.91 -119.04 430 305 320 360 2014 7 1 3 58 6 1 53
2 49 67 34.978 -119.15 423 306 337 360 2014 7 1 3 59 6 1 53
2 49 67 35.046 -119.27 412 305 352 360 2014 7 1 4 0 6 1 54
2 49 67 35.07 -119.31 413 306 357 360 2014 7 1 4 1 6 1 54
2 49 67 35.138 -119.42 410 306 360 360 2014 7 1 4 2 16 1 54
2 49 67 35.208 -119.54 417 306 360 360 2014 7 1 4 3 6 1 54
2 49 67 35.277 -119.65 419 305 360 360 2014 7 1 4 4 6 1 54
2 49 67 35.36 -119.79 420 306 360 360 2014 7 1 4 5 6 1 54
2 49 67 35.43 -119.91 424 306 360 360 2014 7 1 4 6 6 1 54
2 49 67 35.54 -120.1 427 306 360 360 2014 7 1 4 7 15 1 54
2 49 67 35.608 -120.21 427 305 360 360 2014 7 1 4 8 16 1 54
2 49 67 35.637 -120.26 427 305 360 360 2014 7 1 4 9 6 1 54
2 49 67 35.712 -120.41 426 305 360 360 2014 7 1 4 10 6 4 188
2 49 67 35.768 -120.53 421 299 360 360 2014 7 1 4 11 6 4 188
2 49 67 35.848 -120.64 428 306 360 360 2014 7 1 4 12 6 4 188
2 49 67 35.936 -120.74 431 317 360 360 2014 7 1 4 13 6 4 188
2 49 67 36.023 -120.84 430 316 360 360 2014 7 1 4 14 6 4 188
2 49 67 36.083 -120.92 432 316 354 360 2014 7 1 4 15 6 4 188
2 49 67 36.183 -121.02 448 317 316 360 2014 7 1 4 16 6 4 188
2 49 67 36.3 -121.1 466 330 279 360 2014 7 1 4 17 6 4 188
2 49 67 36.389 -121.16 460 331 254 360 2014 7 1 4 18 6 4 188
2 49 67 36.494 -121.24 439 330 223 360 2014 7 1 4 19 6 4 168
2 49 67 36.596 -121.31 422 331 183 360 2014 7 1 4 20 16 4 174
2 49 67 36.714 -121.39 409 326 147 360 2014 7 1 4 21 6 4 174
2 49 67 36.817 -121.47 378 333 115 360 2014 7 1 4 22 6 4 154
2 49 67 36.9 -121.52 335 327 100 360 2014 7 1 4 23 15 4 154
2 49 67 36.967 -121.57 304 330 86 360 2014 7 1 4 24 6 4 154
2 49 67 37.032 -121.62 303 333 78 360 2014 7 1 4 25 6 4 154
2 49 67 37.09 -121.66 283 329 66 360 2014 7 1 4 26 6 4 154
2 49 67 37.164 -121.72 263 332 56 360 2014 7 1 4 27 7 4 154
2 49 67 37.205 -121.75 227 321 49 360 2014 7 1 4 28 16 4 154
2 49 67 37.244 -121.8 209 321 32 360 2014 7 1 4 29 6 4 154
2 49 67 37.279 -121.84 189 321 20 360 2014 7 1 4 30 15 4 154
2 49 67 37.31 -121.87 163 321 13 360 2014 7 1 4 31 6 4 154
2 49 67 37.344 -121.91 144 302 4 360 2014 7 1 4 32 15 4 154
3 49 67 34.056 -117.62 163 0 21 360 2014 7 1 13 14 6 1 6
3 49 67 34.05 -117.68 209 269 41 360 2014 7 1 13 15 6 1 6
3 49 67 34.067 -117.77 236 287 61 360 2014 7 1 13 16 10 1 6
3 49 67 34.116 -117.84 275 280 90 360 2014 7 1 13 17 15 1 6
3 49 67 34.171 -117.92 297 301 116 360 2014 7 1 13 18 6 1 6
3 49 67 34.236 -118.02 353 309 145 360 2014 7 1 13 19 6 1 21
3 49 67 34.303 -118.12 376 309 179 360 2014 7 1 13 20 16 1 21
3 49 67 34.371 -118.22 388 309 211 360 2014 7 1 13 21 6 1 21
3 49 67 34.445 -118.33 415 309 241 360 2014 7 1 13 22 6 1 53
3 49 67 34.516 -118.43 411 309 264 360 2014 7 1 13 23 6 1 53
3 49 67 34.607 -118.57 429 308 290 360 2014 7 1 13 24 16 1 53
3 49 67 34.684 -118.68 438 309 309 360 2014 7 1 13 25 16 1 53
3 49 67 34.761 -118.8 434 310 320 360 2014 7 1 13 26 6 1 53
3 49 67 34.845 -118.9 433 311 343 400 2014 7 1 13 27 6 1 53
3 49 67 34.939 -118.98 418 327 364 400 2014 7 1 13 28 16 1 53
3 49 67 35.004 -119.09 420 308 376 400 2014 7 1 13 29 16 1 53
3 49 67 35.068 -119.21 417 303 389 400 2014 7 1 13 30 6 1 53
3 49 67 35.133 -119.33 421 304 400 400 2014 7 1 13 31 21 1 54
3 49 67 35.199 -119.45 423 303 400 400 2014 7 1 13 32 6 1 54
3 49 67 35.264 -119.57 421 304 400 400 2014 7 1 13 33 6 1 54
3 49 67 35.316 -119.66 420 304 400 400 2014 7 1 13 34 6 1 54
3 49 67 35.403 -119.82 414 303 400 400 2014 7 1 13 35 6 1 54
3 49 67 35.466 -119.94 410 303 400 400 2014 7 1 13 36 7 1 54
3 49 67 35.53 -120.05 411 303 400 400 2014 7 1 13 37 6 1 54
3 49 67 35.593 -120.17 416 304 400 400 2014 7 1 13 38 6 1 54
3 49 67 35.656 -120.29 417 302 400 400 2014 7 1 13 39 16 1 54
3 49 67 35.726 -120.44 417 301 400 400 2014 7 1 13 40 6 4 188
3 49 67 35.758 -120.51 417 301 400 400 2014 7 1 13 41 6 4 188
3 49 67 35.813 -120.63 417 298 396 400 2014 7 1 13 42 6 4 188
3 49 67 35.889 -120.8 407 299 362 400 2014 7 1 13 43 16 4 188
3 49 67 35.922 -120.87 408 299 343 400 2014 7 1 13 44 6 4 188
3 49 67 35.979 -121 412 299 313 400 2014 7 1 13 45 6 4 188
3 49 67 36.077 -121.09 439 315 286 400 2014 7 1 13 46 6 4 188
3 49 67 36.201 -121.2 447 327 253 400 2014 7 1 13 47 6 4 188
3 49 67 36.301 -121.28 440 326 228 400 2014 7 1 13 48 16 4 188
3 49 67 36.398 -121.37 424 325 203 400 2014 7 1 13 49 6 4 188
3 49 67 36.489 -121.45 408 321 172 400 2014 7 1 13 50 16 4 154
3 49 67 36.581 -121.53 404 326 147 400 2014 7 1 13 51 6 4 174
3 49 67 36.671 -121.59 371 334 136 400 2014 7 1 13 52 6 4 174
3 49 67 36.761 -121.64 359 328 126 400 2014 7 1 13 53 15 4 154
3 49 67 36.85 -121.7 358 338 117 400 2014 7 1 13 54 6 4 154
3 49 67 36.935 -121.75 356 329 103 400 2014 7 1 13 55 15 4 154
3 49 67 37.011 -121.8 320 334 94 400 2014 7 1 13 56 6 4 154
3 49 67 37.084 -121.84 299 334 79 400 2014 7 1 13 57 9 4 154
3 49 67 37.155 -121.89 292 329 66 400 2014 7 1 13 58 6 4 154
3 49 67 37.224 -121.93 281 338 54 400 2014 7 1 13 59 6 4 154
3 49 67 37.303 -121.98 269 338 37 400 2014 7 1 14 0 16 4 154
3 49 67 37.333 -122 256 332 31 400 2014 7 1 14 1 9 4 154
3 49 67 37.412 -122.02 227 332 15 400 2014 7 1 14 2 15 4 156
3 49 67 37.4 -122 149 359 11 400 2014 7 1 14 3 6 4 156
3 49 67 37.383 -121.95 130 111 5 400 2014 7 1 14 4 6 4 156
3 49 67 37.373 -121.94 144 112 1 400 2014 7 1 14 5 16 4 156
4 49 67 34.05 -117.63 170 0 25 380 2014 7 1 19 11 6 1 6
4 49 67 34.056 -117.69 221 266 44 380 2014 7 1 19 12 16 1 6
4 49 67 34.074 -117.78 261 277 70 380 2014 7 1 19 13 6 1 6
4 49 67 34.138 -117.87 288 302 104 380 2014 7 1 19 14 15 1 6
4 49 67 34.198 -117.96 330 302 127 380 2014 7 1 19 15 16 1 6
4 49 67 34.265 -118.06 372 309 160 380 2014 7 1 19 16 6 1 21
4 49 67 34.332 -118.16 379 309 189 380 2014 7 1 19 17 6 1 21
4 49 67 34.404 -118.26 409 309 218 380 2014 7 1 19 18 6 1 21
4 49 67 34.49 -118.39 413 309 252 380 2014 7 1 19 19 16 1 53
4 49 67 34.564 -118.51 427 309 276 380 2014 7 1 19 20 15 1 53
4 49 67 34.641 -118.62 432 308 298 380 2014 7 1 19 21 6 1 53
4 49 67 34.719 -118.74 444 309 322 380 2014 7 1 19 22 6 1 53
4 49 67 34.79 -118.85 438 309 343 380 2014 7 1 19 23 6 1 53
4 49 67 34.874 -118.99 436 306 365 380 2014 7 1 19 24 6 1 53
4 49 67 34.943 -119.11 423 306 380 380 2014 7 1 19 25 15 1 53
4 49 67 34.989 -119.17 431 306 380 380 2014 7 1 19 26 6 1 53
4 49 67 35.057 -119.29 427 307 380 380 2014 7 1 19 27 6 1 54
4 49 67 35.127 -119.41 425 306 380 380 2014 7 1 19 28 6 1 54
4 49 67 35.229 -119.6 420 303 380 380 2014 7 1 19 29 16 1 54
4 49 67 35.293 -119.71 418 303 380 380 2014 7 1 19 30 16 1 54
4 49 67 35.332 -119.78 419 303 380 380 2014 7 1 19 31 6 1 54
4 49 67 35.394 -119.9 418 304 380 380 2014 7 1 19 32 6 1 54
4 49 67 35.457 -120.02 417 303 380 380 2014 7 1 19 33 6 1 54
4 49 67 35.521 -120.13 416 303 380 380 2014 7 1 19 34 16 1 54
4 49 67 35.545 -120.18 423 304 380 380 2014 7 1 19 35 6 1 54
4 49 67 35.657 -120.39 418 303 380 380 2014 7 1 19 36 6 1 54
4 49 67 35.721 -120.51 418 303 379 200 2014 7 1 19 37 16 4 188
4 49 67 35.801 -120.61 416 306 345 200 2014 7 1 19 38 16 4 188
4 49 67 35.888 -120.72 430 316 313 200 2014 7 1 19 39 16 4 188
4 49 67 35.972 -120.82 432 315 287 200 2014 7 1 19 40 16 4 188
4 49 67 36.054 -120.92 425 314 264 200 2014 7 1 19 41 6 4 188
4 49 67 35.97 -121.02 425 223 264 200 2014 7 1 19 42 6 4 188
4 49 67 36.222 -121.13 383 315 222 200 2014 7 1 19 43 16 4 188
4 49 67 36.267 -121.2 365 314 209 200 2014 7 1 19 44 6 4 188
4 49 67 36.35 -121.28 336 315 200 200 2014 7 1 19 45 6 4 188
4 49 67 36.4 -121.35 314 314 186 200 2014 7 1 19 46 6 4 154
4 49 67 36.5 -121.38 355 327 159 200 2014 7 1 19 47 7 4 174
4 49 67 36.583 -121.43 356 341 138 200 2014 7 1 19 48 15 4 174
4 49 67 36.683 -121.48 344 339 122 200 2014 7 1 19 49 16 4 154
4 49 67 36.767 -121.52 331 339 108 200 2014 7 1 19 50 6 4 154
4 49 67 36.85 -121.55 317 336 93 200 2014 7 1 19 51 6 4 154
4 49 67 36.917 -121.6 304 336 81 200 2014 7 1 19 52 6 4 154
4 49 67 37 -121.63 288 338 76 200 2014 7 1 19 53 6 4 154
4 49 67 37.067 -121.67 286 339 63 200 2014 7 1 19 54 16 4 154
4 49 67 37.15 -121.7 283 339 50 200 2014 7 1 19 55 6 4 154
4 49 67 37.2 -121.75 235 332 45 200 2014 7 1 19 56 6 4 154
4 49 67 37.25 -121.82 220 315 30 200 2014 7 1 19 57 6 4 154
4 49 67 37.3 -121.85 192 319 16 200 2014 7 1 19 58 15 4 154
4 49 67 37.333 -121.88 148 322 8 200 2014 7 1 19 59 6 4 154
4 49 67 37.348 -121.91 161 321 3 200 2014 7 1 20 0 6 4 154
5 49 67 34.056 -117.6 150 0 9 380 2014 7 2 1 14 6 1 6
5 49 67 34.063 -117.69 180 268 42 380 2014 7 2 1 17 6 1 6
5 49 67 34.136 -117.87 283 298 101 380 2014 7 2 1 18 6 1 6
5 49 67 34.194 -117.96 324 298 127 380 2014 7 2 1 19 6 1 6
5 49 67 34.26 -118.05 367 301 144 380 2014 7 2 1 20 16 1 21
5 49 67 34.326 -118.15 372 309 172 380 2014 7 2 1 21 7 1 21
5 49 67 34.394 -118.25 394 311 203 380 2014 7 2 1 22 16 1 21
5 49 67 34.48 -118.38 404 309 230 320 2014 7 2 1 23 15 1 32
5 49 67 34.592 -118.55 406 309 244 320 2014 7 2 1 24 15 1 53
5 49 67 34.665 -118.66 407 308 268 320 2014 7 2 1 25 16 1 53
5 49 67 34.739 -118.76 412 308 298 320 2014 7 2 1 26 24 1 53
5 49 67 34.767 -118.81 418 310 310 320 2014 7 2 1 27 6 1 53
5 49 67 34.848 -118.9 409 310 320 320 2014 7 2 1 28 6 1 53
5 49 67 34.964 -118.99 412 326 320 320 2014 7 2 1 29 16 1 53
5 49 67 35.065 -119.08 434 325 320 320 2014 7 2 1 30 6 1 53
5 49 67 35.16 -119.17 449 325 320 320 2014 7 2 1 31 6 1 53
5 49 67 35.249 -119.28 448 316 320 320 2014 7 2 1 32 15 1 53
5 49 67 35.361 -119.46 445 314 320 320 2014 7 2 1 33 16 1 54
5 49 67 35.383 -119.52 444 299 320 320 2014 7 2 1 34 16 1 54
5 49 67 35.442 -119.68 439 294 320 320 2014 7 2 1 35 6 1 54
5 49 67 35.492 -119.82 439 294 320 320 2014 7 2 1 36 6 1 54
5 49 67 35.541 -119.95 433 294 320 320 2014 7 2 1 37 15 1 54
5 49 67 35.591 -120.09 437 294 320 320 2014 7 2 1 38 6 1 54
5 49 67 35.64 -120.22 437 293 320 320 2014 7 2 1 39 6 1 54
5 49 67 35.669 -120.3 440 293 320 320 2014 7 2 1 40 6 1 54
5 49 67 35.725 -120.43 440 295 320 320 2014 7 2 1 41 6 4 188
5 49 67 35.806 -120.55 442 307 320 320 2014 7 2 1 42 6 4 188
5 49 67 35.89 -120.66 442 313 320 320 2014 7 2 1 43 6 4 188
5 49 67 36.022 -120.84 445 312 320 320 2014 7 2 1 44 16 4 188
5 49 67 36.057 -120.88 442 312 320 320 2014 7 2 1 45 6 4 188
5 49 67 36.139 -120.99 441 312 303 320 2014 7 2 1 46 8 4 188
5 49 67 36.216 -121.1 421 313 278 320 2014 7 2 1 47 16 4 188
5 49 67 36.294 -121.2 410 312 253 320 2014 7 2 1 48 16 4 188
5 49 67 36.381 -121.32 395 319 225 320 2014 7 2 1 49 15 4 188
5 49 67 36.452 -121.41 382 312 202 320 2014 7 2 1 50 15 4 188
5 49 67 36.534 -121.49 378 312 180 320 2014 7 2 1 51 6 4 174
5 49 67 36.645 -121.51 390 317 147 320 2014 7 2 1 52 16 4 174
5 49 67 36.756 -121.53 399 337 125 320 2014 7 2 1 53 15 4 154
5 49 67 36.856 -121.54 375 353 117 320 2014 7 2 1 54 6 4 154
5 49 67 36.945 -121.56 348 354 110 320 2014 7 2 1 55 15 4 154
5 49 67 37.03 -121.57 327 343 94 320 2014 7 2 1 56 8 4 154
5 49 67 37.094 -121.64 309 341 77 320 2014 7 2 1 57 6 4 154
5 49 67 37.153 -121.7 279 336 58 320 2014 7 2 1 58 6 4 154
5 49 67 37.217 -121.77 270 320 46 320 2014 7 2 1 59 16 4 154
5 49 67 37.258 -121.82 228 319 39 320 2014 7 2 2 0 16 4 154
5 49 67 37.296 -121.86 200 318 25 320 2014 7 2 2 1 6 4 154
5 49 67 37.333 -121.9 187 317 11 320 2014 7 2 2 2 6 4 154
5 49 67 37.363 -121.93 156 317 320 320 2014 7 2 2 3 15 4 189
6 49 67 34.057 -117.62 177 0 20 380 2014 7 2 13 14 6 1 6
6 49 67 34.064 -117.69 210 273 46 380 2014 7 2 13 15 6 1 6
6 49 67 34.099 -117.75 225 276 63 380 2014 7 2 13 16 6 1 6
6 49 67 34.145 -117.83 269 291 98 380 2014 7 2 13 17 15 1 6
6 49 67 34.201 -117.93 346 305 122 380 2014 7 2 13 18 15 1 6
6 49 67 34.255 -118.03 369 304 159 380 2014 7 2 13 19 15 1 21
6 49 67 34.315 -118.13 371 305 190 380 2014 7 2 13 20 6 1 21
6 49 67 34.386 -118.24 395 304 221 380 2014 7 2 13 21 6 1 21
6 49 67 34.458 -118.35 407 307 248 380 2014 7 2 13 22 6 1 53
6 49 67 34.532 -118.46 422 309 271 380 2014 7 2 13 23 6 1 53
6 49 67 34.627 -118.6 445 308 295 380 2014 7 2 13 24 6 1 53
6 49 67 34.705 -118.72 452 309 320 380 2014 7 2 13 25 6 1 53
6 49 67 34.784 -118.83 451 309 348 380 2014 7 2 13 26 6 1 53
6 49 67 34.843 -118.92 438 305 366 380 2014 7 2 13 27 6 1 53
6 49 67 34.907 -119.04 427 304 380 380 2014 7 2 13 28 16 1 53
6 49 67 34.982 -119.18 418 306 380 380 2014 7 2 13 29 6 1 53
6 49 67 35.039 -119.28 423 302 380 380 2014 7 2 13 30 6 1 54
6 49 67 35.148 -119.38 443 296 380 380 2014 7 2 13 31 6 1 54
6 49 67 35.222 -119.49 438 317 380 380 2014 7 2 13 32 16 1 54
6 49 67 35.281 -119.61 422 301 380 380 2014 7 2 13 33 6 1 54
6 49 67 35.344 -119.74 423 301 380 380 2014 7 2 13 34 15 1 54
6 49 67 35.405 -119.85 415 302 380 380 2014 7 2 13 35 6 1 54
6 49 67 35.478 -120 417 301 380 380 2014 7 2 13 36 9 1 54
6 49 67 35.539 -120.12 419 301 380 380 2014 7 2 13 37 6 1 54
6 49 67 35.602 -120.24 419 301 380 380 2014 7 2 13 38 6 1 54
6 49 67 35.664 -120.36 421 301 375 380 2014 7 2 13 39 16 1 54
6 49 67 35.741 -120.46 419 312 365 380 2014 7 2 13 40 6 4 188
6 49 67 35.821 -120.57 419 312 356 380 2014 7 2 13 41 6 4 188
6 49 67 35.919 -120.7 429 312 344 380 2014 7 2 13 42 6 4 188
6 49 67 36 -120.81 434 313 324 380 2014 7 2 13 43 6 4 188
6 49 67 36.065 -120.89 431 312 320 380 2014 7 2 13 44 6 4 188
6 49 67 36.147 -121 431 312 320 380 2014 7 2 13 45 6 4 188
6 49 67 36.233 -121.11 438 312 285 380 2014 7 2 13 46 15 4 188
6 49 67 36.311 -121.22 429 314 254 380 2014 7 2 13 47 6 4 188
6 49 67 36.386 -121.33 414 312 219 380 2014 7 2 13 48 6 4 188
6 49 67 36.463 -121.43 410 311 190 380 2014 7 2 13 49 6 4 154
6 49 67 36.553 -121.51 392 312 160 380 2014 7 2 13 50 6 4 174
6 49 67 36.639 -121.58 381 319 136 380 2014 7 2 13 51 6 4 174
6 49 67 36.73 -121.64 369 329 112 380 2014 7 2 13 52 16 4 154
6 49 67 36.818 -121.69 340 327 101 380 2014 7 2 13 53 16 4 154
6 49 67 36.895 -121.74 306 333 88 380 2014 7 2 13 54 6 4 154
6 49 67 36.982 -121.79 293 335 71 380 2014 7 2 13 55 16 4 154
6 49 67 37.054 -121.83 290 334 61 380 2014 7 2 13 56 6 4 154
6 49 67 37.126 -121.87 284 335 59 380 2014 7 2 13 57 6 4 154
6 49 67 37.195 -121.92 281 335 54 380 2014 7 2 13 58 15 4 154
6 49 67 37.266 -121.96 281 334 46 380 2014 7 2 13 59 6 4 154
6 49 67 37.452 -122.03 196 353 19 380 2014 7 2 14 4 6 4 156
6 49 67 37.42 -121.99 170 340 13 380 2014 7 2 14 5 16 4 156
6 49 67 37.393 -121.97 144 349 5 380 2014 7 2 14 6 6 4 156
6 49 67 37.36 -121.93 134 140 380 380 2014 7 2 14 7 6 4 189
7 49 67 34.055 -117.63 161 0 22 360 2014 7 2 4 6 16 1 6
7 49 67 34.057 -117.7 201 267 41 360 2014 7 2 4 7 6 1 6
7 49 67 34.097 -117.76 233 271 68 360 2014 7 2 4 8 15 1 6
7 49 67 34.14 -117.84 258 290 95 360 2014 7 2 4 9 16 1 6
7 49 67 34.191 -117.93 321 305 117 360 2014 7 2 4 10 15 1 6
7 49 67 34.26 -118.05 357 306 151 360 2014 7 2 4 11 6 1 21
7 49 67 34.322 -118.15 372 304 175 360 2014 7 2 4 12 15 1 21
7 49 67 34.392 -118.25 390 306 200 360 2014 7 2 4 13 15 1 21
7 49 67 34.46 -118.35 394 308 226 360 2014 7 2 4 14 15 1 32
7 49 67 34.528 -118.45 391 309 244 360 2014 7 2 4 15 15 1 53
7 49 67 34.597 -118.56 397 308 261 360 2014 7 2 4 16 6 1 53
7 49 67 34.67 -118.66 406 309 278 360 2014 7 2 4 17 15 1 53
7 49 67 34.758 -118.79 415 310 299 360 2014 7 2 4 18 15 1 53
7 49 67 34.842 -118.9 428 309 314 360 2014 7 2 4 19 15 1 53
7 49 67 34.943 -118.97 427 325 331 360 2014 7 2 4 20 15 1 53
7 49 67 35.002 -119.02 431 327 342 360 2014 7 2 4 21 6 1 53
7 49 67 35.134 -119.13 419 325 360 360 2014 7 2 4 22 16 1 53
7 49 67 35.231 -119.21 419 325 360 360 2014 7 2 4 23 15 1 53
7 49 67 35.33 -119.3 428 325 360 360 2014 7 2 4 24 15 1 53
7 49 67 35.392 -119.45 429 302 360 360 2014 7 2 4 25 15 1 54
7 49 67 35.415 -119.53 419 296 360 360 2014 7 2 4 26 6 1 54
7 49 67 35.458 -119.65 412 291 359 360 2014 7 2 4 27 6 1 54
7 49 67 35.499 -119.78 408 292 360 360 2014 7 2 4 28 6 1 54
7 49 67 35.542 -119.91 407 291 360 360 2014 7 2 4 29 15 1 54
7 49 67 35.599 -120.09 401 291 360 360 2014 7 2 4 30 15 1 54
7 49 67 35.634 -120.19 406 291 360 360 2014 7 2 4 31 6 1 54
7 49 67 35.693 -120.37 407 291 360 360 2014 7 2 4 32 15 4 188
7 49 67 35.727 -120.44 412 292 360 360 2014 7 2 4 33 15 4 188
7 49 67 35.801 -120.55 420 301 352 360 2014 7 2 4 34 15 4 188
7 49 67 35.882 -120.66 422 313 342 360 2014 7 2 4 35 15 4 188
7 49 67 35.961 -120.76 422 313 332 360 2014 7 2 4 36 15 4 188
7 49 67 36.041 -120.87 422 312 322 360 2014 7 2 4 37 15 4 188
7 49 67 36.074 -120.91 419 313 318 360 2014 7 2 4 38 15 4 188
7 49 67 36.216 -121.1 417 313 273 360 2014 7 2 4 39 15 4 188
7 49 67 36.292 -121.2 411 312 250 360 2014 7 2 4 40 15 4 188
7 49 67 36.365 -121.3 393 312 228 360 2014 7 2 4 41 15 4 188
7 49 67 36.434 -121.39 375 312 207 360 2014 7 2 4 42 15 4 188
7 49 67 36.51 -121.47 362 312 187 360 2014 7 2 4 43 15 4 174
7 49 67 36.592 -121.54 356 316 167 360 2014 7 2 4 44 15 4 174
7 49 67 36.684 -121.58 356 338 167 360 2014 7 2 4 45 15 4 174
7 49 67 36.671 -121.6 346 328 147 360 2014 7 2 4 46 7 4 174
7 49 67 36.77 -121.59 347 326 127 360 2014 7 2 4 47 16 4 154
7 49 67 36.862 -121.59 340 345 120 360 2014 7 2 4 48 15 4 154
7 49 67 36.958 -121.58 308 4 102 360 2014 7 2 4 49 15 4 154
7 49 67 37.086 -121.63 276 3 80 360 2014 7 2 4 50 15 4 154
7 49 67 37.136 -121.68 241 342 66 360 2014 7 2 4 51 15 4 154
7 49 67 37.187 -121.74 241 318 66 360 2014 7 2 4 52 15 4 154
7 49 67 37.191 -121.74 238 319 48 360 2014 7 2 4 53 15 4 154
7 49 67 37.229 -121.79 209 319 42 360 2014 7 2 4 54 15 4 154
7 49 67 37.262 -121.82 172 318 25 360 2014 7 2 4 55 7 4 154
7 49 67 37.294 -121.86 160 319 15 360 2014 7 2 4 56 15 4 154
7 49 67 37.325 -121.89 151 319 8 360 2014 7 2 4 57 15 4 154
7 49 67 37.35 -121.92 137 320 2 360 2014 7 2 4 58 15 4 154
8 49 67 34.056 -117.6 150 0 9 380 2014 7 2 19 3 6 1 6
8 49 67 34.05 -117.68 229 244 36 380 2014 7 2 19 4 6 1 6
8 49 67 34.071 -117.78 249 277 59 380 2014 7 2 19 5 16 1 6
8 49 67 34.071 -117.78 249 277 59 380 2014 7 2 19 6 6 1 6
8 49 67 34.123 -117.85 284 296 91 380 2014 7 2 19 7 6 1 6
8 49 67 34.18 -117.93 315 308 114 380 2014 7 2 19 8 6 1 6
8 49 67 34.245 -118.03 371 310 144 380 2014 7 2 19 9 6 1 21
8 49 67 34.312 -118.13 376 309 173 380 2014 7 2 19 10 6 1 21
8 49 67 34.397 -118.26 402 309 209 380 2014 7 2 19 11 6 1 21
8 49 67 34.471 -118.37 416 309 220 380 2014 7 2 19 12 6 1 32
8 49 67 34.543 -118.47 416 309 220 380 2014 7 2 19 13 6 1 32
8 49 67 34.614 -118.58 408 309 220 380 2014 7 2 19 14 6 1 32
8 49 67 34.684 -118.69 409 309 230 380 2014 7 2 19 15 6 1 32
8 49 67 34.773 -118.82 423 309 254 380 2014 7 2 19 16 17 1 53
8 49 67 34.866 -118.92 440 312 278 380 2014 7 2 19 17 6 1 53
8 49 67 34.972 -119 444 327 299 380 2014 7 2 19 18 16 1 53
8 49 67 35.077 -119.09 449 325 322 380 2014 7 2 19 19 16 1 53
8 49 67 35.178 -119.17 447 326 343 380 2014 7 2 19 20 6 1 53
8 49 67 35.278 -119.26 445 325 358 380 2014 7 2 19 21 6 1 53
8 49 67 35.279 -119.43 422 295 359 380 2014 7 2 19 22 16 1 54
8 49 67 35.269 -119.56 400 263 370 380 2014 7 2 19 23 16 1 54
8 49 67 35.268 -119.69 393 264 380 380 2014 7 2 19 24 6 1 54
8 49 67 35.323 -119.81 412 288 380 380 2014 7 2 19 25 6 1 54
8 49 67 35.363 -119.88 415 299 380 380 2014 7 2 19 26 6 1 54
8 49 67 35.431 -120 423 305 380 380 2014 7 2 19 27 6 1 54
8 49 67 35.496 -120.12 423 304 380 380 2014 7 2 19 28 6 1 54
8 49 67 35.575 -120.26 423 304 380 380 2014 7 2 19 29 6 1 54
8 49 67 35.638 -120.38 423 304 380 380 2014 7 2 19 30 6 1 54
8 49 67 35.702 -120.49 423 302 377 380 2014 7 2 19 31 6 4 188
8 49 67 35.765 -120.61 419 303 367 380 2014 7 2 19 32 6 4 188
8 49 67 35.83 -120.73 419 303 344 380 2014 7 2 19 33 15 4 188
8 49 67 35.895 -120.85 419 304 332 380 2014 7 2 19 34 6 4 188
8 49 67 35.97 -120.99 408 304 311 380 2014 7 2 19 35 6 4 188
8 49 67 36.055 -121.07 397 315 290 380 2014 7 2 19 36 6 4 188
8 49 67 36.146 -121.15 393 321 270 380 2014 7 2 19 37 7 4 188
8 49 67 36.233 -121.23 387 327 251 380 2014 7 2 19 38 6 4 188
8 49 67 36.318 -121.3 378 326 228 380 2014 7 2 19 39 6 4 188
8 49 67 36.402 -121.37 371 327 209 380 2014 7 2 19 40 6 4 188
8 49 67 36.498 -121.42 364 334 184 380 2014 7 2 19 41 6 4 174
8 49 67 36.599 -121.46 377 341 158 380 2014 7 2 19 42 16 4 174
8 49 67 36.714 -121.52 371 334 134 380 2014 7 2 19 43 6 4 154
8 49 67 36.806 -121.57 361 338 118 380 2014 7 2 19 44 6 4 154
8 49 67 36.892 -121.61 344 342 108 380 2014 7 2 19 45 6 4 154
8 49 67 36.968 -121.65 312 329 92 380 2014 7 2 19 46 6 4 154
8 49 67 37.041 -121.69 300 345 76 380 2014 7 2 19 47 6 4 154
8 49 67 37.123 -121.73 292 329 58 380 2014 7 2 19 48 6 4 154
8 49 67 37.194 -121.77 287 338 45 380 2014 7 2 19 49 6 4 154
8 49 67 37.217 -121.78 248 337 40 380 2014 7 2 19 50 6 4 154
8 49 67 37.267 -121.82 212 329 26 380 2014 7 2 19 51 6 4 154
8 49 67 37.3 -121.87 175 317 15 380 2014 7 2 19 52 16 4 154
8 49 67 37.333 -121.9 146 319 6 380 2014 7 2 19 53 6 4 154
8 49 67 37.359 -121.93 158 321 380 380 2014 7 2 19 54 6 4 189
9 49 67 34.057 -117.62 168 244 22 380 2014 7 3 13 17 6 1 6
9 49 67 34.058 -117.7 193 273 48 380 2014 7 3 13 18 6 1 6
9 49 67 34.091 -117.75 193 308 48 380 2014 7 3 13 19 6 1 6
9 49 67 34.142 -117.86 281 286 120 380 2014 7 3 13 20 6 1 6
9 49 67 34.196 -117.94 307 303 153 380 2014 7 3 13 21 6 1 21
9 49 67 34.248 -118.03 319 306 191 380 2014 7 3 13 22 6 1 21
9 49 67 34.304 -118.12 331 307 225 380 2014 7 3 13 23 6 1 21
9 49 67 34.362 -118.2 331 309 225 380 2014 7 3 13 24 6 1 21
9 49 67 34.367 -118.21 344 307 250 380 2014 7 3 13 25 6 1 53
9 49 67 34.431 -118.31 369 308 275 380 2014 7 3 13 26 6 1 53
9 49 67 34.503 -118.41 387 309 300 380 2014 7 3 13 27 6 1 53
9 49 67 34.656 -118.66 445 306 338 380 2014 7 3 13 28 16 1 53
9 49 67 34.719 -118.76 439 306 360 380 2014 7 3 13 29 6 1 53
9 49 67 34.789 -118.87 430 307 380 380 2014 7 3 13 30 6 1 53
9 49 67 34.86 -118.98 421 306 380 380 2014 7 3 13 31 8 1 53
9 49 67 34.93 -119.1 419 306 380 380 2014 7 3 13 32 6 1 53
9 49 67 35 -119.21 419 306 380 380 2014 7 3 13 33 6 1 53
9 49 67 35.011 -119.24 416 307 380 380 2014 7 3 13 34 6 1 54
9 49 67 35.07 -119.32 419 305 380 380 2014 7 3 13 35 6 1 54
9 49 67 35.153 -119.46 420 308 380 380 2014 7 3 13 36 6 1 54
9 49 67 35.222 -119.57 420 306 380 380 2014 7 3 13 37 6 1 54
9 49 67 35.292 -119.69 421 306 380 380 2014 7 3 13 38 6 1 54
9 49 67 35.359 -119.8 419 306 380 380 2014 7 3 13 39 6 1 54
9 49 67 35.428 -119.92 412 306 380 380 2014 7 3 13 40 6 1 54
9 49 67 35.496 -120.03 412 307 380 380 2014 7 3 13 41 6 1 54
9 49 67 35.629 -120.25 415 305 380 380 2014 7 3 13 42 16 1 54
9 49 67 35.644 -120.28 414 305 380 300 2014 7 3 13 43 6 1 54
9 49 67 35.706 -120.39 416 305 380 300 2014 7 3 13 44 6 4 188
9 49 67 35.779 -120.5 416 306 380 300 2014 7 3 13 45 6 4 188
9 49 67 35.858 -120.61 416 312 380 200 2014 7 3 13 46 6 4 188
9 49 67 35.936 -120.71 421 313 377 200 2014 7 3 13 47 6 4 188
9 49 67 36.028 -120.84 415 312 346 200 2014 7 3 13 48 6 4 188
9 49 67 36.076 -120.9 416 312 328 200 2014 7 3 13 49 6 4 188
9 49 67 36.217 -121.1 406 312 277 200 2014 7 3 13 50 6 4 188
9 49 67 36.231 -121.11 407 311 274 200 2014 7 3 13 51 6 4 188
9 49 67 36.367 -121.28 403 312 227 200 2014 7 3 13 52 15 4 188
9 49 67 36.433 -121.4 398 312 198 200 2014 7 3 13 53 6 4 188
9 49 67 36.517 -121.48 392 312 172 200 2014 7 3 13 54 6 4 174
9 49 67 36.6 -121.55 378 325 148 200 2014 7 3 13 55 6 4 174
9 49 67 36.683 -121.62 370 325 122 200 2014 7 3 13 56 6 4 154
9 49 67 36.767 -121.67 358 331 106 200 2014 7 3 13 57 6 4 154
9 49 67 36.833 -121.7 299 336 99 200 2014 7 3 13 58 6 4 154
9 49 67 36.9 -121.75 282 334 83 200 2014 7 3 13 59 6 4 154
9 49 67 36.967 -121.78 274 334 80 200 2014 7 3 14 0 6 4 154
9 49 67 37.033 -121.82 275 335 70 200 2014 7 3 14 1 6 4 154
9 49 67 37.1 -121.87 273 336 60 200 2014 7 3 14 2 6 4 154
9 49 67 37.167 -121.9 270 335 60 200 2014 7 3 14 3 6 4 154
9 49 67 37.233 -121.94 272 327 50 200 2014 7 3 14 4 6 4 154
9 49 67 37.3 -121.98 250 339 43 200 2014 7 3 14 5 6 4 154
9 49 67 37.356 -122.04 239 320 36 200 2014 7 3 14 6 7 4 154
9 49 67 37.399 -122.08 217 332 25 200 2014 7 3 14 7 6 4 156
9 49 67 37.431 -122.03 204 38 25 200 2014 7 3 14 8 6 4 156
9 49 67 37.417 -121.99 169 122 14 200 2014 7 3 14 9 6 4 156
9 49 67 37.388 -121.96 144 122 5 200 2014 7 3 14 10 6 4 156
9 49 67 37.363 -121.93 130 141 200 200 2014 7 3 14 11 6 4 156
10 49 67 34.056 -117.63 145 0 24 380 2014 7 3 2 3 16 1 6
10 49 67 34.053 -117.69 180 263 44 380 2014 7 3 2 4 15 1 6
10 49 67 34.071 -117.78 236 270 60 380 2014 7 3 2 5 16 1 6
10 49 67 34.071 -117.78 236 270 60 380 2014 7 3 2 6 6 1 6
10 49 67 34.176 -117.93 306 307 117 380 2014 7 3 2 7 16 1 6
10 49 67 34.176 -117.93 306 307 117 380 2014 7 3 2 8 6 1 6
10 49 67 34.254 -118.04 360 309 140 380 2014 7 3 2 9 6 1 21
10 49 67 34.317 -118.14 364 309 159 380 2014 7 3 2 10 6 1 21
10 49 67 34.385 -118.24 381 309 189 380 2014 7 3 2 11 6 1 21
10 49 67 34.455 -118.34 400 309 219 380 2014 7 3 2 12 6 1 32
10 49 67 34.571 -118.51 405 309 259 380 2014 7 3 2 13 15 1 53
10 49 67 34.597 -118.55 414 309 266 380 2014 7 3 2 14 6 1 53
10 49 67 34.722 -118.74 433 309 300 380 2014 7 3 2 15 16 1 53
10 49 67 34.801 -118.86 440 308 322 380 2014 7 3 2 16 6 1 53
10 49 67 34.903 -118.94 442 318 341 380 2014 7 3 2 17 6 1 53
10 49 67 35.005 -119.02 443 326 358 380 2014 7 3 2 18 15 1 53
10 49 67 35.106 -119.11 443 326 378 380 2014 7 3 2 19 6 1 53
10 49 67 35.225 -119.21 437 325 380 380 2014 7 3 2 20 6 1 53
10 49 67 35.265 -119.24 436 325 380 380 2014 7 3 2 21 6 1 53
10 49 67 35.409 -119.38 425 326 380 380 2014 7 3 2 22 16 1 53
10 49 67 35.449 -119.51 412 302 380 380 2014 7 3 2 23 15 1 54
10 49 67 35.486 -119.64 411 288 380 380 2014 7 3 2 24 6 1 54
10 49 67 35.523 -119.78 411 289 380 380 2014 7 3 2 25 16 1 54
10 49 67 35.561 -119.91 411 289 380 380 2014 7 3 2 26 6 1 54
10 49 67 35.608 -120.07 420 288 380 380 2014 7 3 2 27 6 1 54
10 49 67 35.63 -120.15 429 289 380 380 2014 7 3 2 28 6 1 54
10 49 67 35.668 -120.29 433 288 380 380 2014 7 3 2 29 16 1 54
10 49 67 35.718 -120.42 436 289 380 380 2014 7 3 2 30 16 4 188
10 49 67 35.777 -120.55 433 298 377 320 2014 7 3 2 31 6 4 188
10 49 67 35.891 -120.7 423 312 364 320 2014 7 3 2 32 16 4 188
10 49 67 35.976 -120.81 436 314 349 320 2014 7 3 2 33 15 4 188
10 49 67 36.045 -120.89 439 314 320 200 2014 7 3 2 34 6 4 188
10 49 67 36.167 -120.98 457 317 278 200 2014 7 3 2 35 16 4 188
10 49 67 36.197 -121 450 328 269 200 2014 7 3 2 36 6 4 188
10 49 67 36.367 -121.12 418 332 225 200 2014 7 3 2 37 6 4 168
10 49 67 36.467 -121.18 403 332 202 200 2014 7 3 2 38 15 4 168
10 49 67 36.567 -121.25 388 330 179 200 2014 7 3 2 39 15 4 174
10 49 67 36.598 -121.26 389 331 172 200 2014 7 3 2 40 6 4 174
10 49 67 36.767 -121.37 369 331 131 200 2014 7 3 2 41 6 4 154
10 49 67 36.85 -121.43 351 331 120 200 2014 7 3 2 42 6 4 154
10 49 67 36.917 -121.48 298 329 114 200 2014 7 3 2 43 16 4 154
10 49 67 36.983 -121.53 289 331 100 200 2014 7 3 2 44 16 4 154
10 49 67 37.05 -121.58 284 330 85 200 2014 7 3 2 45 16 4 154
10 49 67 37.1 -121.65 272 320 69 200 2014 7 3 2 46 15 4 154
10 49 67 37.135 -121.68 269 313 61 200 2014 7 3 2 47 6 4 154
10 49 67 37.217 -121.77 242 316 36 200 2014 7 3 2 48 15 4 154
10 49 67 37.267 -121.82 212 319 25 200 2014 7 3 2 49 15 4 154
10 49 67 37.3 -121.87 161 318 15 200 2014 7 3 2 50 6 4 154
10 49 67 37.312 -121.88 183 309 12 200 2014 7 3 2 51 6 4 154
10 49 67 37.341 -121.91 153 321 5 200 2014 7 3 2 52 6 4 154
11 49 67 34.054 -117.63 162 244 21 360 2014 7 3 3 43 15 1 6
11 49 67 34.054 -117.7 206 265 40 360 2014 7 3 3 44 16 1 6
11 49 67 34.065 -117.78 254 273 63 360 2014 7 3 3 45 6 1 6
11 49 67 34.117 -117.85 280 275 97 360 2014 7 3 3 46 16 1 6
11 49 67 34.175 -117.93 305 296 122 360 2014 7 3 3 47 16 1 6
11 49 67 34.251 -118.04 349 311 157 360 2014 7 3 3 48 15 1 21
11 49 67 34.316 -118.13 362 310 185 360 2014 7 3 3 49 15 1 21
11 49 67 34.383 -118.23 376 310 213 360 2014 7 3 3 50 15 1 21
11 49 67 34.451 -118.34 389 309 235 360 2014 7 3 3 51 15 1 32
11 49 67 34.52 -118.44 390 308 256 360 2014 7 3 3 52 16 1 53
11 49 67 34.593 -118.55 412 308 275 340 2014 7 3 3 53 15 1 53
11 49 67 34.656 -118.64 417 309 291 340 2014 7 3 3 54 6 1 53
11 49 67 34.758 -118.79 438 309 311 340 2014 7 3 3 55 15 1 53
11 49 67 34.843 -118.9 439 309 333 340 2014 7 3 3 56 6 1 53
11 49 67 34.947 -118.98 431 325 340 340 2014 7 3 3 57 15 1 53
11 49 67 35.048 -119.06 433 327 340 340 2014 7 3 3 58 15 1 53
11 49 67 35.149 -119.15 436 325 340 340 2014 7 3 3 59 15 1 53
11 49 67 35.251 -119.23 440 325 340 340 2014 7 3 4 0 16 1 53
11 49 67 35.332 -119.3 437 326 340 340 2014 7 3 4 1 16 1 53
11 49 67 35.433 -119.38 438 326 340 340 2014 7 3 4 2 6 1 53
11 49 67 35.514 -119.55 433 305 339 340 2014 7 3 4 3 15 1 54
11 49 67 35.531 -119.64 431 290 340 340 2014 7 3 4 4 16 1 54
11 49 67 35.574 -119.83 423 284 340 340 2014 7 3 4 5 16 1 54
11 49 67 35.591 -119.91 424 285 339 340 2014 7 3 4 6 6 1 54
11 49 67 35.62 -120.05 414 284 340 340 2014 7 3 4 7 6 1 54
11 49 67 35.654 -120.21 412 285 340 340 2014 7 3 4 8 15 1 54
11 49 67 35.684 -120.34 412 284 339 340 2014 7 3 4 9 15 4 188
11 49 67 35.738 -120.47 414 290 340 240 2014 7 3 4 10 16 4 188
11 49 67 35.792 -120.59 414 299 340 200 2014 7 3 4 11 6 4 188
11 49 67 35.864 -120.7 413 300 340 200 2014 7 3 4 12 6 4 188
11 49 67 35.946 -120.79 412 314 339 200 2014 7 3 4 13 15 4 188
11 49 67 36.024 -120.89 404 314 340 200 2014 7 3 4 14 16 4 188
11 49 67 36.1 -120.98 410 315 321 200 2014 7 3 4 15 6 4 188
11 49 67 36.183 -121.08 421 315 289 200 2014 7 3 4 16 6 4 188
11 49 67 36.284 -121.21 411 309 256 200 2014 7 3 4 17 16 4 188
11 49 67 36.363 -121.3 399 315 239 200 2014 7 3 4 18 16 4 188
11 49 67 36.417 -121.37 390 315 223 200 2014 7 3 4 19 6 4 188
11 49 67 36.521 -121.48 384 321 192 200 2014 7 3 4 20 16 4 174
11 49 67 36.606 -121.55 366 321 169 200 2014 7 3 4 21 6 4 174
11 49 67 36.691 -121.61 354 327 144 200 2014 7 3 4 22 16 4 174
11 49 67 36.767 -121.63 370 330 129 200 2014 7 3 4 23 16 4 154
11 49 67 36.85 -121.65 345 349 107 200 2014 7 3 4 24 16 4 154
11 49 67 36.95 -121.67 302 350 98 200 2014 7 3 4 25 16 4 154
11 49 67 37.017 -121.68 284 350 81 200 2014 7 3 4 26 6 4 154
11 49 67 37.1 -121.7 276 349 63 200 2014 7 3 4 27 6 4 154
11 49 67 37.167 -121.72 266 350 52 200 2014 7 3 4 28 6 4 154
11 49 67 37.217 -121.77 234 333 42 200 2014 7 3 4 29 6 4 154
11 49 67 37.267 -121.82 176 319 31 200 2014 7 3 4 30 15 4 154
11 49 67 37.283 -121.85 160 318 18 200 2014 7 3 4 31 15 4 154
11 49 67 37.317 -121.88 137 318 10 200 2014 7 3 4 32 6 4 154
11 49 67 37.35 -121.92 136 319 3 200 2014 7 3 4 33 15 4 154
11 49 67 37.365 -121.94 136 321 200 200 2014 7 3 4 34 15 4 156
12 49 67 34.05 -117.67 200 0 36 360 2014 7 3 19 8 6 1 6
12 49 67 34.056 -117.7 191 263 45 360 2014 7 3 19 9 6 1 6
12 49 67 34.075 -117.78 246 269 64 360 2014 7 3 19 10 6 1 6
12 49 67 34.136 -117.87 283 284 104 360 2014 7 3 19 11 6 1 6
12 49 67 34.196 -117.96 344 302 126 360 2014 7 3 19 12 6 1 6
12 49 67 34.257 -118.05 352 309 148 360 2014 7 3 19 13 6 1 21
12 49 67 34.322 -118.14 365 309 179 360 2014 7 3 19 14 8 1 21
12 49 67 34.392 -118.25 392 309 207 360 2014 7 3 19 15 6 1 21
12 49 67 34.476 -118.37 405 309 244 360 2014 7 3 19 16 6 1 53
12 49 67 34.547 -118.48 403 309 267 360 2014 7 3 19 17 6 1 53
12 49 67 34.622 -118.59 429 308 286 360 2014 7 3 19 18 6 1 53
12 49 67 34.701 -118.71 445 310 306 360 2014 7 3 19 19 6 1 53
12 49 67 34.779 -118.83 451 308 333 360 2014 7 3 19 20 6 1 53
12 49 67 34.891 -118.93 437 315 359 360 2014 7 3 19 21 6 1 53
12 49 67 34.978 -119 433 325 360 360 2014 7 3 19 22 6 1 53
12 49 67 35.098 -119.1 434 327 360 360 2014 7 3 19 23 6 1 53
12 49 67 35.199 -119.19 436 326 360 360 2014 7 3 19 24 6 1 53
12 49 67 35.3 -119.27 437 325 360 360 2014 7 3 19 25 6 1 53
12 49 67 35.358 -119.32 437 326 360 360 2014 7 3 19 26 6 1 53
12 49 67 35.434 -119.5 426 298 360 360 2014 7 3 19 27 6 1 54
12 49 67 35.481 -119.63 423 294 360 360 2014 7 3 19 28 9 1 54
12 49 67 35.539 -119.79 422 295 360 360 2014 7 3 19 29 6 1 54
12 49 67 35.586 -119.92 419 294 360 360 2014 7 3 19 30 6 1 54
12 49 67 35.634 -120.05 420 294 360 360 2014 7 3 19 31 6 1 54
12 49 67 35.664 -120.13 423 294 360 360 2014 7 3 19 32 6 1 54
12 49 67 35.71 -120.26 423 294 360 360 2014 7 3 19 33 6 4 188
12 49 67 35.758 -120.39 422 294 360 360 2014 7 3 19 34 6 4 188
12 49 67 35.804 -120.52 420 294 360 360 2014 7 3 19 35 6 4 188
12 49 67 35.85 -120.64 418 293 360 360 2014 7 3 19 36 6 4 188
12 49 67 35.906 -120.8 417 293 340 360 2014 7 3 19 37 6 4 188
12 49 67 35.953 -120.93 420 291 318 360 2014 7 3 19 38 6 4 188
12 49 67 36.019 -121.04 414 304 297 360 2014 7 3 19 39 6 4 188
12 49 67 36.113 -121.12 406 326 277 360 2014 7 3 19 40 6 4 188
12 49 67 36.203 -121.2 397 321 257 360 2014 7 3 19 41 6 4 188
12 49 67 36.29 -121.27 383 321 238 360 2014 7 3 19 42 6 4 188
12 49 67 36.373 -121.35 369 327 218 360 2014 7 3 19 43 6 4 188
12 49 67 36.476 -121.43 362 327 191 360 2014 7 3 19 44 10 4 188
12 49 67 36.578 -121.45 368 345 167 360 2014 7 3 19 45 6 4 174
12 49 67 36.617 -121.47 369 349 158 360 2014 7 3 19 46 6 4 174
12 49 67 36.733 -121.52 362 344 130 360 2014 7 3 19 47 6 4 154
12 49 67 36.852 -121.58 339 334 103 360 2014 7 3 19 48 6 4 154
12 49 67 36.928 -121.62 304 338 90 360 2014 7 3 19 49 6 4 154
12 49 67 36.967 -121.63 290 335 81 360 2014 7 3 19 51 6 4 154
12 49 67 36.967 -121.63 290 335 81 360 2014 7 3 19 51 6 4 154
12 49 67 37.1 -121.72 235 336 60 360 2014 7 3 19 52 6 4 154
12 49 67 37.15 -121.73 202 337 52 360 2014 7 3 19 53 6 4 154
12 49 67 37.2 -121.75 187 338 41 360 2014 7 3 19 54 6 4 154
12 49 67 37.233 -121.77 155 358 34 360 2014 7 3 19 55 6 4 154
12 49 67 37.267 -121.82 157 310 26 360 2014 7 3 19 56 6 4 154
12 49 67 37.3 -121.85 165 312 17 360 2014 7 3 19 57 6 4 154
12 49 67 37.333 -121.88 145 315 9 360 2014 7 3 19 58 6 4 154
12 49 67 37.354 -121.92 152 321 1 360 2014 7 3 19 59 6 4 154
13 49 67 34.056 -117.6 150 0 9 380 2014 7 4 1 23 6 1 6
13 49 67 34.056 -117.69 216 132 39 380 2014 7 4 1 25 6 1 6
13 49 67 34.14 -117.8 216 315 39 380 2014 7 4 1 26 6 1 6
13 49 67 34.132 -117.85 281 297 91 380 2014 7 4 1 27 6 1 6
13 49 67 34.185 -117.93 317 296 108 380 2014 7 4 1 28 6 1 6
13 49 67 34.26 -118.05 357 303 144 380 2014 7 4 1 29 6 1 21
13 49 67 34.323 -118.15 374 307 174 380 2014 7 4 1 30 6 1 21
13 49 67 34.394 -118.25 394 308 202 380 2014 7 4 1 31 7 1 21
13 49 67 34.471 -118.36 404 311 231 380 2014 7 4 1 32 6 1 32
13 49 67 34.585 -118.54 416 308 267 380 2014 7 4 1 33 6 1 53
13 49 67 34.663 -118.65 434 309 286 380 2014 7 4 1 34 7 1 53
13 49 67 34.742 -118.77 443 308 304 380 2014 7 4 1 35 6 1 53
13 49 67 34.828 -118.88 448 309 325 380 2014 7 4 1 36 6 1 53
13 49 67 34.884 -118.93 458 312 336 380 2014 7 4 1 37 6 1 53
13 49 67 34.997 -119.02 456 326 339 380 2014 7 4 1 38 6 1 53
13 49 67 35.128 -119.2 452 319 358 380 2014 7 4 1 39 15 1 53
13 49 67 35.153 -119.25 448 303 367 380 2014 7 4 1 40 6 1 53
13 49 67 35.249 -119.45 429 300 380 380 2014 7 4 1 41 6 1 54
13 49 67 35.309 -119.57 428 300 380 380 2014 7 4 1 42 16 1 54
13 49 67 35.369 -119.7 428 300 380 380 2014 7 4 1 43 6 1 54
13 49 67 35.404 -119.77 422 300 380 380 2014 7 4 1 44 6 1 54
13 49 67 35.462 -119.89 417 300 380 380 2014 7 4 1 45 6 1 54
13 49 67 35.52 -120.02 416 300 380 380 2014 7 4 1 46 6 1 54
13 49 67 35.578 -120.14 420 300 380 380 2014 7 4 1 47 6 1 54
13 49 67 35.67 -120.34 420 300 380 380 2014 7 4 1 48 15 1 54
13 49 67 35.705 -120.41 425 300 380 380 2014 7 4 1 49 6 4 188
13 49 67 35.778 -120.52 422 300 380 200 2014 7 4 1 50 6 4 188
13 49 67 35.81 -120.56 425 308 380 200 2014 7 4 1 51 6 4 188
13 49 67 35.891 -120.67 425 313 373 200 2014 7 4 1 52 6 4 188
13 49 67 36.033 -120.86 416 312 323 200 2014 7 4 1 53 6 4 188
13 49 67 36.066 -120.9 417 313 313 200 2014 7 4 1 54 10 4 188
13 49 67 36.146 -121.01 417 313 290 200 2014 7 4 1 55 15 4 188
13 49 67 36.233 -121.12 404 313 266 200 2014 7 4 1 56 6 4 188
13 49 67 36.3 -121.22 392 312 246 200 2014 7 4 1 57 6 4 188
13 49 67 36.45 -121.4 401 316 193 200 2014 7 4 1 58 16 4 188
13 49 67 36.446 -121.4 392 315 192 200 2014 7 4 1 59 6 4 188
13 49 67 36.554 -121.45 405 341 158 200 2014 7 4 2 0 6 4 174
13 49 67 36.661 -121.5 409 338 124 200 2014 7 4 2 1 6 4 154
13 49 67 36.779 -121.55 372 338 104 200 2014 7 4 2 2 6 4 154
13 49 67 36.862 -121.59 321 342 94 200 2014 7 4 2 3 6 4 154
13 49 67 36.941 -121.62 304 342 79 200 2014 7 4 2 4 6 4 154
13 49 67 37.017 -121.65 290 340 65 200 2014 7 4 2 5 6 4 154
13 49 67 37.092 -121.69 288 340 53 200 2014 7 4 2 6 6 4 154
13 49 67 37.166 -121.71 277 338 50 200 2014 7 4 2 7 16 4 154
13 49 67 37.21 -121.76 250 332 38 200 2014 7 4 2 8 8 4 154
13 49 67 37.251 -121.81 225 321 27 200 2014 7 4 2 9 6 4 154
13 49 67 37.291 -121.86 204 309 17 200 2014 7 4 2 10 6 4 154
13 49 67 37.326 -121.89 159 321 8 200 2014 7 4 2 11 6 4 154
13 49 67 37.353 -121.92 139 321 1 200 2014 7 4 2 12 6 4 154
14 49 67 34.05 -117.62 140 270 21 380 2014 7 4 21 42 16 1 6
14 49 67 34.057 -117.67 164 291 44 380 2014 7 4 21 43 16 1 6
14 49 67 34.061 -117.75 220 270 60 380 2014 7 4 21 44 18 1 6
14 49 67 34.109 -117.83 275 275 68 380 2014 7 4 21 45 6 1 6
14 49 67 34.171 -117.92 297 291 114 380 2014 7 4 21 46 6 1 6
14 49 67 34.232 -118.01 339 308 157 380 2014 7 4 21 47 6 1 21
14 49 67 34.296 -118.11 361 309 193 380 2014 7 4 21 48 6 1 21
14 49 67 34.363 -118.21 382 309 227 380 2014 7 4 21 49 15 1 21
14 49 67 34.438 -118.3 394 282 259 380 2014 7 4 21 50 16 1 53
14 49 67 34.438 -118.3 394 282 259 380 2014 7 4 21 51 6 1 53
14 49 67 34.619 -118.49 430 318 310 380 2014 7 4 21 52 16 1 53
14 49 67 34.703 -118.58 442 319 320 380 2014 7 4 21 53 6 1 53
14 49 67 34.824 -118.71 445 319 320 380 2014 7 4 21 54 6 1 53
14 49 67 34.909 -118.8 443 319 320 380 2014 7 4 21 55 6 1 53
14 49 67 35.002 -118.89 442 319 320 380 2014 7 4 21 56 15 1 53
14 49 67 35.075 -118.97 444 319 320 380 2014 7 4 21 57 16 1 53
14 49 67 35.14 -119.1 439 316 352 380 2014 7 4 21 58 15 1 53
14 49 67 35.193 -119.22 416 297 375 380 2014 7 4 21 59 16 1 53
14 49 67 35.249 -119.35 417 299 380 380 2014 7 4 22 0 6 1 54
14 49 67 35.327 -119.52 418 299 380 380 2014 7 4 22 1 15 1 54
14 49 67 35.327 -119.52 418 299 380 380 2014 7 4 22 2 6 1 54
14 49 67 35.425 -119.75 417 298 380 380 2014 7 4 22 3 6 1 54
14 49 67 35.479 -119.87 417 298 380 380 2014 7 4 22 4 16 1 54
14 49 67 35.532 -119.99 416 297 380 380 2014 7 4 22 5 16 1 54
14 49 67 35.542 -120.02 412 298 380 380 2014 7 4 22 6 6 1 54
14 49 67 35.638 -120.24 415 298 380 380 2014 7 4 22 7 16 1 54
14 49 67 35.694 -120.36 413 298 380 380 2014 7 4 22 8 16 4 188
14 49 67 35.724 -120.4 411 299 380 380 2014 7 4 22 9 15 4 188
14 49 67 35.799 -120.5 407 311 369 380 2014 7 4 22 10 16 4 188
14 49 67 35.856 -120.58 398 311 361 380 2014 7 4 22 11 6 4 188
14 49 67 35.941 -120.7 389 312 349 380 2014 7 4 22 12 16 4 188
14 49 67 36.012 -120.8 390 311 340 380 2014 7 4 22 13 6 4 188
14 49 67 36.1 -120.92 396 312 329 380 2014 7 4 22 14 6 4 188
14 49 67 36.167 -121 410 312 300 380 2014 7 4 22 15 6 4 188
14 49 67 36.233 -121.12 406 311 278 380 2014 7 4 22 16 15 4 188
14 49 67 36.317 -121.22 389 310 256 380 2014 7 4 22 17 16 4 188
14 49 67 36.45 -121.4 363 309 214 380 2014 7 4 22 18 16 4 188
14 49 67 36.517 -121.47 353 311 192 380 2014 7 4 22 19 16 4 174
14 49 67 36.505 -121.47 361 321 197 380 2014 7 4 22 20 16 4 188
14 49 67 36.7 -121.55 385 340 131 380 2014 7 4 22 21 15 4 154
14 49 67 36.699 -121.54 368 344 134 380 2014 7 4 22 22 15 4 154
14 49 67 36.883 -121.62 306 342 91 380 2014 7 4 22 23 6 4 154
14 49 67 36.901 -121.62 323 341 88 380 2014 7 4 22 24 6 4 154
14 49 67 36.981 -121.65 304 350 72 380 2014 7 4 22 25 15 4 154
14 49 67 37.117 -121.7 285 343 51 380 2014 7 4 22 26 6 4 154
14 49 67 37.183 -121.73 264 343 50 380 2014 7 4 22 27 15 4 154
14 49 67 37.196 -121.75 272 338 48 380 2014 7 4 22 28 6 4 154
14 49 67 37.244 -121.81 248 321 38 380 2014 7 4 22 29 6 4 154
14 49 67 37.317 -121.87 160 318 12 380 2014 7 4 22 30 16 4 154
14 49 67 37.333 -121.9 120 321 5 380 2014 7 4 22 31 15 4 154
14 49 67 37.343 -121.91 140 302 4 380 2014 7 4 22 32 6 4 154
15 49 67 34.056 -117.62 167 0 19 360 2014 7 4 3 47 16 1 6
15 49 67 34.052 -117.69 190 270 36 360 2014 7 4 3 48 15 1 6
15 49 67 34.066 -117.77 234 266 55 360 2014 7 4 3 49 16 1 6
15 49 67 34.108 -117.83 234 309 55 360 2014 7 4 3 50 17 1 6
15 49 67 34.115 -117.84 276 286 83 360 2014 7 4 3 51 6 1 6
15 49 67 34.233 -118.01 309 309 137 360 2014 7 4 3 52 16 1 21
15 49 67 34.296 -118.11 360 309 157 360 2014 7 4 3 53 16 1 21
15 49 67 34.36 -118.2 360 309 157 360 2014 7 4 3 54 16 1 21
15 49 67 34.423 -118.29 360 309 157 360 2014 7 4 3 55 24 1 32
15 49 67 34.362 -118.2 370 309 183 360 2014 7 4 3 56 6 1 21
15 49 67 34.564 -118.51 404 309 242 360 2014 7 4 3 57 6 1 53
15 49 67 34.647 -118.63 415 309 258 360 2014 7 4 3 58 15 1 53
15 49 67 34.647 -118.63 415 309 258 360 2014 7 4 3 59 6 1 53
15 49 67 34.72 -118.74 415 309 258 360 2014 7 4 4 0 6 1 53
15 49 67 34.819 -118.88 442 309 294 360 2014 7 4 4 1 6 1 53
15 49 67 34.909 -118.95 443 314 311 340 2014 7 4 4 2 6 1 53
15 49 67 35.057 -119.14 435 319 339 340 2014 7 4 4 3 16 1 53
15 49 67 35.08 -119.19 429 304 340 340 2014 7 4 4 4 6 1 53
15 49 67 35.144 -119.31 427 302 340 340 2014 7 4 4 5 16 1 54
15 49 67 35.209 -119.43 422 302 340 340 2014 7 4 4 6 6 1 54
15 49 67 35.273 -119.55 422 302 340 340 2014 7 4 4 7 6 1 54
15 49 67 35.337 -119.67 429 303 339 340 2014 7 4 4 8 6 1 54
15 49 67 35.402 -119.8 425 302 340 340 2014 7 4 4 9 6 1 54
15 49 67 35.476 -119.94 418 302 340 340 2014 7 4 4 10 6 1 54
15 49 67 35.539 -120.06 426 302 340 340 2014 7 4 4 11 6 1 54
15 49 67 35.639 -120.25 426 301 340 340 2014 7 4 4 12 15 1 54
15 49 67 35.663 -120.3 428 302 339 340 2014 7 4 4 13 6 1 54
15 49 67 35.721 -120.43 425 300 340 320 2014 7 4 4 14 6 4 188
15 49 67 35.788 -120.54 416 303 340 320 2014 7 4 4 15 6 4 188
15 49 67 35.869 -120.64 418 313 337 320 2014 7 4 4 16 6 4 188
15 49 67 35.965 -120.77 425 313 327 320 2014 7 4 4 17 6 4 188
15 49 67 36.046 -120.88 421 313 320 200 2014 7 4 4 18 16 4 188
15 49 67 36.167 -121.03 429 312 309 200 2014 7 4 4 19 15 4 188
15 49 67 36.25 -121.13 429 313 277 200 2014 7 4 4 20 15 4 188
15 49 67 36.259 -121.16 429 315 272 200 2014 7 4 4 21 6 4 188
15 49 67 36.338 -121.26 426 311 243 200 2014 7 4 4 22 6 4 188
15 49 67 36.435 -121.39 420 311 208 200 2014 7 4 4 23 6 4 188
15 49 67 36.583 -121.48 376 322 177 200 2014 7 4 4 24 15 4 174
15 49 67 36.683 -121.5 370 350 156 200 2014 7 4 4 25 15 4 174
15 49 67 36.783 -121.52 370 351 131 200 2014 7 4 4 26 15 4 154
15 49 67 36.883 -121.57 361 345 106 200 2014 7 4 4 27 8 4 154
15 49 67 36.914 -121.59 355 338 101 200 2014 7 4 4 28 6 4 154
15 49 67 36.996 -121.63 323 334 90 200 2014 7 4 4 29 6 4 154
15 49 67 37.071 -121.67 300 342 75 200 2014 7 4 4 30 6 4 154
15 49 67 37.149 -121.71 291 329 59 200 2014 7 4 4 31 6 4 154
15 49 67 37.206 -121.76 262 338 51 200 2014 7 4 4 32 6 4 154
15 49 67 37.283 -121.83 204 318 21 200 2014 7 4 4 33 15 4 154
15 49 67 37.295 -121.86 222 332 16 200 2014 7 4 4 34 6 4 154
15 49 67 37.333 -121.9 171 309 7 200 2014 7 4 4 35 6 4 154
15 49 67 37.362 -121.93 145 321 200 200 2014 7 4 4 36 6 4 156
16 49 67 34.054 -117.62 147 0 380 380 2014 7 4 20 25 15 1 51
16 49 67 34.062 -117.67 187 265 32 380 2014 7 4 20 26 15 1 6
16 49 67 34.105 -117.75 225 275 78 380 2014 7 4 20 27 6 1 6
16 49 67 34.146 -117.83 275 295 104 380 2014 7 4 20 28 6 1 6
16 49 67 34.197 -117.92 335 303 131 380 2014 7 4 20 29 15 1 21
16 49 67 34.251 -118.02 354 302 162 380 2014 7 4 20 30 6 1 21
16 49 67 34.311 -118.13 384 305 194 380 2014 7 4 20 31 6 1 21
16 49 67 34.395 -118.25 400 305 228 380 2014 7 4 20 32 6 1 21
16 49 67 34.466 -118.36 404 307 253 380 2014 7 4 20 33 6 1 53
16 49 67 34.542 -118.47 422 309 277 380 2014 7 4 20 34 6 1 53
16 49 67 34.619 -118.58 434 308 297 380 2014 7 4 20 35 6 1 53
16 49 67 34.697 -118.7 448 309 318 380 2014 7 4 20 36 15 1 53
16 49 67 34.776 -118.82 449 308 339 380 2014 7 4 20 37 6 1 53
16 49 67 34.871 -118.92 452 315 360 380 2014 7 4 20 38 6 1 53
16 49 67 34.967 -119.04 446 322 377 380 2014 7 4 20 39 15 1 53
16 49 67 35.034 -119.16 432 303 379 380 2014 7 4 20 40 6 1 53
16 49 67 35.102 -119.28 430 305 379 380 2014 7 4 20 41 6 1 54
16 49 67 35.169 -119.41 435 303 379 380 2014 7 4 20 42 6 1 54
16 49 67 35.251 -119.55 431 304 379 380 2014 7 4 20 43 6 1 54
16 49 67 35.317 -119.67 431 304 379 380 2014 7 4 20 44 6 1 54
16 49 67 35.357 -119.74 433 303 379 380 2014 7 4 20 45 6 1 54
16 49 67 35.448 -119.91 419 303 379 380 2014 7 4 20 46 16 1 54
16 49 67 35.513 -120.03 421 303 379 380 2014 7 4 20 47 16 1 54
16 49 67 35.552 -120.1 426 304 379 380 2014 7 4 20 48 6 1 54
16 49 67 35.644 -120.27 424 304 379 380 2014 7 4 20 49 15 1 54
16 49 67 35.715 -120.41 426 302 379 380 2014 7 4 20 50 16 4 188
16 49 67 35.778 -120.53 425 298 379 200 2014 7 4 20 51 16 4 188
16 49 67 35.861 -120.64 432 311 379 200 2014 7 4 20 52 15 4 188
16 49 67 35.911 -120.7 432 313 373 200 2014 7 4 20 53 6 4 188
16 49 67 35.992 -120.81 429 313 346 200 2014 7 4 20 54 6 4 188
16 49 67 36.074 -120.92 429 314 314 200 2014 7 4 20 55 15 4 188
16 49 67 36.159 -121.03 439 313 290 200 2014 7 4 20 56 6 4 188
16 49 67 36.241 -121.14 433 313 265 200 2014 7 4 20 57 6 4 188
16 49 67 36.317 -121.23 414 313 244 200 2014 7 4 20 58 6 4 188
16 49 67 36.411 -121.36 400 310 210 200 2014 7 4 20 59 16 4 188
16 49 67 36.489 -121.45 399 316 184 200 2014 7 4 21 0 15 4 154
16 49 67 36.597 -121.48 389 331 157 200 2014 7 4 21 1 16 4 174
16 49 67 36.7 -121.5 379 352 137 200 2014 7 4 21 2 15 4 174
16 49 67 36.799 -121.52 362 352 116 200 2014 7 4 21 3 6 4 154
16 49 67 36.893 -121.54 346 352 101 200 2014 7 4 21 4 15 4 154
16 49 67 36.971 -121.59 316 342 87 200 2014 7 4 21 5 15 4 154
16 49 67 37.044 -121.64 304 329 72 200 2014 7 4 21 6 6 4 154
16 49 67 37.117 -121.68 298 334 56 200 2014 7 4 21 7 6 4 154
16 49 67 37.185 -121.73 291 329 46 200 2014 7 4 21 8 6 4 154
16 49 67 37.249 -121.81 267 321 28 200 2014 7 4 21 9 18 4 154
16 49 67 37.292 -121.86 231 309 17 200 2014 7 4 21 10 15 4 154
16 49 67 37.317 -121.87 164 318 12 200 2014 7 4 21 11 6 4 154
16 49 67 37.353 -121.92 153 302 2 200 2014 7 4 21 12 16 4 154
17 49 67 34.05 -117.62 148 0 24 380 2014 7 4 20 52 15 1 6
17 49 67 34.055 -117.62 125 244 24 380 2014 7 4 20 53 6 1 6
17 49 67 34.079 -117.68 169 266 52 380 2014 7 4 20 54 6 1 6
17 49 67 34.122 -117.76 227 299 105 380 2014 7 4 20 55 15 1 6
17 49 67 34.164 -117.84 297 302 137 380 2014 7 4 20 56 6 1 21
17 49 67 34.212 -117.94 333 301 142 380 2014 7 4 20 57 6 1 21
17 49 67 34.264 -118.05 354 301 162 380 2014 7 4 20 58 6 1 21
17 49 67 34.322 -118.15 366 301 181 380 2014 7 4 20 59 16 1 21
17 49 67 34.39 -118.24 381 303 210 380 2014 7 4 21 0 15 1 21
17 49 67 34.473 -118.37 392 307 240 380 2014 7 4 21 1 16 1 53
17 49 67 34.544 -118.47 400 309 251 380 2014 7 4 21 2 15 1 53
17 49 67 34.618 -118.58 410 308 281 380 2014 7 4 21 3 6 1 53
17 49 67 34.691 -118.69 424 310 305 380 2014 7 4 21 4 15 1 53
17 49 67 34.769 -118.81 435 308 330 380 2014 7 4 21 5 15 1 53
17 49 67 34.86 -118.91 450 311 356 380 2014 7 4 21 6 6 1 53
17 49 67 34.972 -119 438 328 379 380 2014 7 4 21 7 6 1 53
17 49 67 35.058 -119.1 435 325 380 380 2014 7 4 21 8 6 1 53
17 49 67 35.118 -119.22 421 301 380 380 2014 7 4 21 9 18 1 53
17 49 67 35.182 -119.34 421 303 380 380 2014 7 4 21 10 15 1 54
17 49 67 35.256 -119.49 422 301 380 380 2014 7 4 21 11 6 1 54
17 49 67 35.317 -119.61 421 301 380 380 2014 7 4 21 12 16 1 54
17 49 67 35.378 -119.73 419 301 380 380 2014 7 4 21 13 6 1 54
17 49 67 35.438 -119.85 416 301 380 380 2014 7 4 21 14 15 1 54
17 49 67 35.498 -119.97 414 301 380 380 2014 7 4 21 15 15 1 54
17 49 67 35.557 -120.09 415 301 380 380 2014 7 4 21 16 16 1 54
17 49 67 35.617 -120.21 415 301 380 380 2014 7 4 21 17 16 1 54
17 49 67 35.688 -120.35 417 301 380 380 2014 7 4 21 18 6 4 188
17 49 67 35.763 -120.46 419 305 380 380 2014 7 4 21 19 6 4 188
17 49 67 35.839 -120.57 417 311 380 380 2014 7 4 21 20 16 4 188
17 49 67 35.918 -120.67 419 311 380 380 2014 7 4 21 21 15 4 188
17 49 67 35.965 -120.74 421 311 379 380 2014 7 4 21 22 6 4 188
17 49 67 36.042 -120.84 421 311 355 380 2014 7 4 21 23 6 4 188
17 49 67 36.12 -120.95 421 312 323 380 2014 7 4 21 24 6 4 188
17 49 67 36.25 -121.13 424 311 275 380 2014 7 4 21 25 15 4 188
17 49 67 36.317 -121.22 413 311 250 380 2014 7 4 21 26 15 4 188
17 49 67 36.383 -121.32 402 312 223 380 2014 7 4 21 27 16 4 188
17 49 67 36.442 -121.4 400 309 200 380 2014 7 4 21 28 6 4 188
17 49 67 36.533 -121.47 383 316 172 380 2014 7 4 21 29 6 4 174
17 49 67 36.636 -121.5 382 338 142 380 2014 7 4 21 30 6 4 174
17 49 67 36.75 -121.55 347 342 122 380 2014 7 4 21 31 6 4 154
17 49 67 36.833 -121.58 312 341 104 380 2014 7 4 21 32 15 4 154
17 49 67 36.917 -121.62 296 341 87 380 2014 7 4 21 33 6 4 154
17 49 67 37 -121.65 295 342 72 380 2014 7 4 21 34 6 4 154
17 49 67 37.067 -121.68 288 342 57 380 2014 7 4 21 35 18 4 154
17 49 67 37.15 -121.7 274 342 50 380 2014 7 4 21 36 6 4 154
17 49 67 37.192 -121.74 270 331 45 380 2014 7 4 21 37 16 4 154
17 49 67 37.249 -121.81 246 313 28 380 2014 7 4 21 38 16 4 154
17 49 67 37.291 -121.85 216 332 17 380 2014 7 4 21 39 16 4 154
17 49 67 37.325 -121.89 177 321 10 380 2014 7 4 21 40 6 4 154
17 49 67 37.352 -121.92 144 320 3 380 2014 7 4 21 41 6 4 154
