1 49 71 34.056 -117.6 113 0 9 40 2014 7 2 13 33 6 1 6
1 49 71 33.983 -117.75 229 263 41 40 2014 7 2 13 36 9 1 6
1 49 71 33.917 -117.73 205 212 41 40 2014 7 2 13 37 6 1 6
1 49 71 33.887 -117.74 213 168 40 40 2014 7 2 13 38 6 1 2
1 49 71 33.833 -117.77 172 197 33 40 2014 7 2 13 39 16 1 2
1 49 71 33.783 -117.8 153 209 24 40 2014 7 2 13 40 6 1 2
1 49 71 33.75 -117.82 150 207 17 40 2014 7 2 13 41 6 1 2
1 49 71 33.717 -117.83 128 207 10 40 2014 7 2 13 42 6 1 2
1 49 71 33.683 -117.87 116 206 3 40 2014 7 2 13 43 6 1 2
1 49 71 33.666 -117.87 130 219 2 40 2014 7 2 13 44 6 1 2
2 49 71 34.056 -117.6 145 0 9 40 2014 7 3 14 27 7 1 6
2 49 71 34.05 -117.67 215 210 38 40 2014 7 3 14 29 6 1 6
2 49 71 33.983 -117.78 217 247 40 40 2014 7 3 14 30 6 1 6
2 49 71 33.933 -117.78 189 193 40 40 2014 7 3 14 31 6 1 6
2 49 71 33.883 -117.8 184 205 39 40 2014 7 3 14 32 6 1 2
2 49 71 33.833 -117.78 170 161 29 40 2014 7 3 14 33 6 1 2
2 49 71 33.8 -117.8 153 177 25 40 2014 7 3 14 34 6 1 2
2 49 71 33.75 -117.82 151 205 16 40 2014 7 3 14 35 6 1 2
2 49 71 33.727 -117.84 149 201 11 40 2014 7 3 14 36 6 1 2
2 49 71 33.692 -117.86 149 219 3 40 2014 7 3 14 37 6 1 2
2 49 71 33.663 -117.88 147 207 40 40 2014 7 3 14 38 6 1 2
