1 49 70 34.055 -117.62 139 0 400 400 2014 7 1 3 51 6 1 51
1 49 70 34.054 -117.67 188 261 39 400 2014 7 1 3 52 6 1 6
1 49 70 34.066 -117.77 246 269 66 400 2014 7 1 3 53 6 1 6
1 49 70 34.117 -117.84 284 279 90 400 2014 7 1 3 54 6 1 6
1 49 70 34.174 -117.93 323 303 115 400 2014 7 1 3 55 15 1 6
1 49 70 34.174 -117.93 323 303 115 400 2014 7 1 3 56 6 1 6
1 49 70 34.237 -118.02 355 314 148 400 2014 7 1 3 57 6 1 21
1 49 70 34.303 -118.11 368 309 182 400 2014 7 1 3 58 6 1 21
1 49 70 34.384 -118.2 399 309 205 400 2014 7 1 3 59 6 1 21
1 49 70 34.512 -118.28 428 313 238 400 2014 7 1 4 0 6 1 22
1 49 70 34.62 -118.35 435 326 263 400 2014 7 1 4 1 6 1 53
1 49 70 34.704 -118.4 446 332 288 400 2014 7 1 4 2 16 1 53
1 49 70 34.835 -118.49 431 334 326 400 2014 7 1 4 3 6 1 53
1 49 70 34.934 -118.55 424 332 349 400 2014 7 1 4 4 6 1 53
1 49 70 35.036 -118.61 417 332 370 400 2014 7 1 4 5 6 1 53
1 49 70 35.156 -118.69 408 332 385 400 2014 7 1 4 6 6 1 53
1 49 70 35.347 -118.81 429 331 399 400 2014 7 1 4 7 15 1 53
1 49 70 35.454 -118.88 431 332 400 400 2014 7 1 4 8 16 1 53
1 49 70 35.474 -118.89 428 333 400 400 2014 7 1 4 9 6 1 53
1 49 70 35.58 -118.96 429 332 400 400 2014 7 1 4 10 6 1 53
1 49 70 35.688 -119.03 432 332 400 400 2014 7 1 4 11 6 1 53
1 49 70 35.811 -119.11 427 332 400 400 2014 7 1 4 12 6 1 53
1 49 70 35.917 -119.18 427 332 400 400 2014 7 1 4 13 6 1 53
1 49 70 36.023 -119.25 428 332 400 400 2014 7 1 4 14 6 1 53
1 49 70 36.127 -119.32 429 332 400 400 2014 7 1 4 15 6 4 187
1 49 70 36.234 -119.39 430 332 400 400 2014 7 1 4 16 6 4 187
1 49 70 36.339 -119.46 430 332 400 400 2014 7 1 4 17 6 4 187
1 49 70 36.439 -119.53 429 328 400 400 2014 7 1 4 18 6 4 187
1 49 70 36.516 -119.6 430 327 400 400 2014 7 1 4 19 6 4 187
1 49 70 36.613 -119.68 428 326 400 240 2014 7 1 4 20 16 4 187
1 49 70 36.711 -119.76 427 326 400 240 2014 7 1 4 21 6 4 187
1 49 70 36.81 -119.84 426 326 400 240 2014 7 1 4 22 6 4 187
1 49 70 36.926 -119.94 425 326 395 240 2014 7 1 4 23 15 4 187
1 49 70 37.024 -120.01 421 326 370 200 2014 7 1 4 24 6 4 187
1 49 70 37.126 -120.1 426 326 337 200 2014 7 1 4 25 6 4 187
1 49 70 37.232 -120.19 451 325 295 200 2014 7 1 4 26 6 4 187
1 49 70 37.338 -120.28 459 326 262 200 2014 7 1 4 27 7 4 187
1 49 70 37.5 -120.43 443 326 226 200 2014 7 1 4 28 16 4 152
1 49 70 37.535 -120.46 438 316 223 200 2014 7 1 4 29 6 4 152
1 49 70 37.628 -120.56 435 326 214 200 2014 7 1 4 30 15 4 152
1 49 70 37.722 -120.65 431 317 204 200 2014 7 1 4 31 6 4 152
1 49 70 37.814 -120.74 424 321 194 200 2014 7 1 4 32 15 4 177
1 49 70 37.905 -120.83 423 321 184 200 2014 7 1 4 33 6 4 177
1 49 70 37.994 -120.92 416 321 172 200 2014 7 1 4 34 15 4 172
1 49 70 38.08 -121.01 408 321 147 200 2014 7 1 4 35 6 4 172
1 49 70 38.151 -121.12 392 316 125 200 2014 7 1 4 36 6 4 172
1 49 70 38.22 -121.22 385 306 110 200 2014 7 1 4 37 15 4 172
1 49 70 38.278 -121.31 322 315 110 200 2014 7 1 4 38 15 4 172
1 49 70 38.346 -121.41 311 307 92 200 2014 7 1 4 39 6 4 153
1 49 70 38.4 -121.49 299 307 77 200 2014 7 1 4 40 6 4 153
1 49 70 38.456 -121.56 290 313 62 200 2014 7 1 4 41 6 4 153
1 49 70 38.521 -121.61 276 321 48 200 2014 7 1 4 42 6 4 153
1 49 70 38.617 -121.68 274 328 30 200 2014 7 1 4 43 15 4 153
1 49 70 38.667 -121.68 231 344 30 200 2014 7 1 4 44 16 4 153
1 49 70 38.733 -121.68 208 0 30 200 2014 7 1 4 45 16 4 153
1 49 70 38.75 -121.65 147 28 21 200 2014 7 1 4 46 6 4 153
1 49 70 38.758 -121.61 153 57 12 200 2014 7 1 4 47 6 4 153
1 49 70 38.724 -121.6 139 168 4 200 2014 7 1 4 48 16 4 153
1 49 70 38.69 -121.6 137 180 3 200 2014 7 1 4 49 15 4 153
2 49 70 34.056 -117.6 158 0 9 360 2014 7 1 0 28 6 1 6
2 49 70 34.055 -117.69 199 270 34 360 2014 7 1 0 29 6 1 6
2 49 70 34.067 -117.77 234 291 59 360 2014 7 1 0 30 6 1 6
2 49 70 34.113 -117.84 259 275 90 360 2014 7 1 0 31 6 1 6
2 49 70 34.174 -117.93 291 305 117 360 2014 7 1 0 32 6 1 6
2 49 70 34.234 -118.01 336 309 146 360 2014 7 1 0 33 6 1 21
2 49 70 34.296 -118.11 351 309 170 360 2014 7 1 0 34 6 1 21
2 49 70 34.358 -118.2 352 309 195 360 2014 7 1 0 35 6 1 21
2 49 70 34.425 -118.3 380 315 215 360 2014 7 1 0 36 6 1 32
2 49 70 34.506 -118.42 383 309 243 360 2014 7 1 0 37 15 1 53
2 49 70 34.593 -118.5 400 312 262 360 2014 7 1 0 38 16 1 53
2 49 70 34.699 -118.56 417 336 280 360 2014 7 1 0 39 6 1 53
2 49 70 34.806 -118.62 423 334 296 360 2014 7 1 0 40 6 1 53
2 49 70 34.911 -118.68 434 335 311 360 2014 7 1 0 41 6 1 53
2 49 70 35.041 -118.75 431 335 340 360 2014 7 1 0 42 6 1 53
2 49 70 35.144 -118.8 413 335 354 360 2014 7 1 0 43 6 1 53
2 49 70 35.206 -118.84 415 335 360 360 2014 7 1 0 44 6 1 53
2 49 70 35.333 -118.91 415 334 360 360 2014 7 1 0 45 6 1 53
2 49 70 35.439 -118.97 418 335 360 360 2014 7 1 0 46 6 1 53
2 49 70 35.544 -119.03 418 334 360 360 2014 7 1 0 47 6 1 53
2 49 70 35.648 -119.09 418 335 360 360 2014 7 1 0 48 6 1 53
2 49 70 35.753 -119.15 418 334 360 360 2014 7 1 0 49 6 1 53
2 49 70 35.857 -119.21 418 334 360 360 2014 7 1 0 50 6 1 53
2 49 70 35.961 -119.27 417 335 360 360 2014 7 1 0 51 6 1 53
2 49 70 36.063 -119.34 414 334 360 360 2014 7 1 0 52 6 1 53
2 49 70 36.181 -119.42 414 330 360 360 2014 7 1 0 53 16 4 187
2 49 70 36.222 -119.46 414 329 360 360 2014 7 1 0 54 6 4 187
2 49 70 36.377 -119.57 416 329 360 240 2014 7 1 0 55 6 4 187
2 49 70 36.476 -119.64 416 329 360 240 2014 7 1 0 56 6 4 187
2 49 70 36.576 -119.71 415 329 360 240 2014 7 1 0 57 6 4 187
2 49 70 36.675 -119.79 416 330 360 240 2014 7 1 0 58 6 4 187
2 49 70 36.776 -119.86 417 329 360 240 2014 7 1 0 59 6 4 187
2 49 70 36.895 -119.95 417 329 360 240 2014 7 1 1 0 6 4 187
2 49 70 36.994 -120.03 417 329 360 240 2014 7 1 1 1 6 4 187
2 49 70 36.994 -120.03 418 329 353 240 2014 7 1 1 2 6 4 187
2 49 70 37.093 -120.1 420 328 323 240 2014 7 1 1 3 6 4 187
2 49 70 37.195 -120.18 425 328 296 240 2014 7 1 1 4 6 4 187
2 49 70 37.35 -120.28 431 329 259 240 2014 7 1 1 5 6 4 187
2 49 70 37.45 -120.37 414 328 237 240 2014 7 1 1 6 6 4 152
2 49 70 37.533 -120.45 390 325 228 240 2014 7 1 1 7 6 4 152
2 49 70 37.617 -120.53 382 321 218 240 2014 7 1 1 8 6 4 152
2 49 70 37.683 -120.62 376 321 210 240 2014 7 1 1 9 6 4 152
2 49 70 37.767 -120.7 377 320 200 240 2014 7 1 1 10 6 4 177
2 49 70 37.867 -120.78 374 321 189 240 2014 7 1 1 11 6 4 177
2 49 70 37.95 -120.87 372 322 166 240 2014 7 1 1 12 6 4 177
2 49 70 38.017 -120.93 361 320 149 240 2014 7 1 1 13 6 4 172
2 49 70 38.083 -121.02 348 321 132 240 2014 7 1 1 14 6 4 172
2 49 70 38.126 -121.08 340 316 119 240 2014 7 1 1 15 6 4 172
2 49 70 38.186 -121.17 330 307 102 240 2014 7 1 1 16 6 4 172
2 49 70 38.267 -121.28 311 307 93 240 2014 7 1 1 17 6 4 153
2 49 70 38.317 -121.37 296 310 80 240 2014 7 1 1 18 6 4 153
2 49 70 38.367 -121.43 284 310 66 240 2014 7 1 1 19 16 4 153
2 49 70 38.417 -121.52 273 310 53 240 2014 7 1 1 20 6 4 153
2 49 70 38.467 -121.57 242 317 45 240 2014 7 1 1 21 6 4 153
2 49 70 38.522 -121.61 229 339 35 240 2014 7 1 1 22 6 4 153
2 49 70 38.585 -121.6 223 0 18 240 2014 7 1 1 23 6 4 153
2 49 70 38.637 -121.6 196 0 9 240 2014 7 1 1 24 6 4 153
2 49 70 38.684 -121.6 168 0 3 240 2014 7 1 1 25 6 4 153
3 49 70 34.05 -117.62 161 270 17 360 2014 7 1 13 16 10 1 6
3 49 70 34.068 -117.77 235 268 54 360 2014 7 1 13 17 15 1 6
3 49 70 34.068 -117.77 235 268 54 360 2014 7 1 13 18 6 1 6
3 49 70 34.118 -117.84 275 277 80 360 2014 7 1 13 19 6 1 6
3 49 70 34.171 -117.92 292 305 109 360 2014 7 1 13 20 16 1 6
3 49 70 34.228 -118.01 313 309 139 360 2014 7 1 13 21 6 1 21
3 49 70 34.288 -118.09 333 309 158 360 2014 7 1 13 22 6 1 21
3 49 70 34.355 -118.19 367 309 183 360 2014 7 1 13 23 6 1 21
3 49 70 34.423 -118.29 390 309 206 360 2014 7 1 13 24 16 1 32
3 49 70 34.603 -118.43 394 316 254 360 2014 7 1 13 25 16 1 53
3 49 70 34.628 -118.45 397 327 258 360 2014 7 1 13 26 6 1 53
3 49 70 34.733 -118.51 417 334 276 360 2014 7 1 13 27 6 1 53
3 49 70 34.924 -118.62 426 333 303 360 2014 7 1 13 28 16 1 53
3 49 70 34.947 -118.64 439 333 306 360 2014 7 1 13 29 16 1 53
3 49 70 35.057 -118.7 440 334 325 360 2014 7 1 13 30 6 1 53
3 49 70 35.165 -118.77 436 334 346 360 2014 7 1 13 31 21 1 53
3 49 70 35.271 -118.83 429 334 360 360 2014 7 1 13 32 6 1 53
3 49 70 35.376 -118.89 424 334 360 360 2014 7 1 13 33 6 1 53
3 49 70 35.498 -118.96 418 333 360 360 2014 7 1 13 34 6 1 53
3 49 70 35.602 -119.03 417 333 360 360 2014 7 1 13 35 6 1 53
3 49 70 35.709 -119.09 419 333 360 360 2014 7 1 13 36 7 1 53
3 49 70 35.814 -119.16 420 334 360 360 2014 7 1 13 37 6 1 53
3 49 70 35.915 -119.23 421 329 360 360 2014 7 1 13 38 6 1 53
3 49 70 36.016 -119.3 421 329 360 360 2014 7 1 13 39 16 1 53
3 49 70 36.115 -119.38 420 329 360 360 2014 7 1 13 40 6 4 187
3 49 70 36.215 -119.45 420 330 360 360 2014 7 1 13 41 6 4 187
3 49 70 36.335 -119.54 420 328 360 360 2014 7 1 13 42 6 4 187
3 49 70 36.435 -119.61 420 329 360 360 2014 7 1 13 43 16 4 187
3 49 70 36.494 -119.65 420 329 360 360 2014 7 1 13 44 6 4 187
3 49 70 36.595 -119.73 420 329 360 240 2014 7 1 13 45 6 4 187
3 49 70 36.695 -119.8 420 329 360 240 2014 7 1 13 46 6 4 187
3 49 70 36.795 -119.88 421 329 360 240 2014 7 1 13 47 6 4 187
3 49 70 36.896 -119.95 421 329 360 240 2014 7 1 13 48 16 4 187
3 49 70 37.017 -120.04 423 328 340 240 2014 7 1 13 49 6 4 187
3 49 70 37.183 -120.17 435 329 298 240 2014 7 1 13 50 16 4 187
3 49 70 37.212 -120.19 433 329 290 240 2014 7 1 13 51 6 4 187
3 49 70 37.383 -120.32 449 329 249 240 2014 7 1 13 52 6 4 184
3 49 70 37.467 -120.38 415 328 236 240 2014 7 1 13 53 15 4 152
3 49 70 37.55 -120.47 383 322 226 240 2014 7 1 13 54 6 4 152
3 49 70 37.633 -120.55 383 321 217 240 2014 7 1 13 55 15 4 152
3 49 70 37.7 -120.63 391 321 209 240 2014 7 1 13 56 6 4 152
3 49 70 37.774 -120.7 396 320 196 240 2014 7 1 13 57 9 4 177
3 49 70 37.867 -120.8 382 321 169 240 2014 7 1 13 58 6 4 177
3 49 70 37.933 -120.9 363 314 161 240 2014 7 1 13 59 6 4 177
3 49 70 38.017 -120.98 369 314 143 240 2014 7 1 14 0 16 4 172
3 49 70 38.083 -121.08 365 314 124 240 2014 7 1 14 1 9 4 172
3 49 70 38.15 -121.17 343 314 105 240 2014 7 1 14 2 15 4 172
3 49 70 38.203 -121.24 338 316 100 240 2014 7 1 14 3 6 4 172
3 49 70 38.27 -121.32 337 315 100 240 2014 7 1 14 4 6 4 172
3 49 70 38.336 -121.41 338 315 100 240 2014 7 1 14 5 16 4 172
3 49 70 38.401 -121.5 337 315 98 240 2014 7 1 14 6 6 4 153
3 49 70 38.483 -121.58 296 310 81 240 2014 7 1 14 7 6 4 153
3 49 70 38.55 -121.63 298 329 66 240 2014 7 1 14 8 6 4 153
3 49 70 38.599 -121.67 284 323 54 240 2014 7 1 14 9 6 4 153
3 49 70 38.683 -121.7 272 348 39 240 2014 7 1 14 10 16 4 153
3 49 70 38.805 -121.7 259 352 22 240 2014 7 1 14 12 6 4 153
3 49 70 38.807 -121.63 221 45 18 240 2014 7 1 14 13 6 4 153
3 49 70 38.775 -121.6 182 122 13 240 2014 7 1 14 14 6 4 153
3 49 70 38.74 -121.6 147 180 6 240 2014 7 1 14 15 16 4 153
3 49 70 38.711 -121.6 135 180 3 240 2014 7 1 14 16 6 4 153
4 49 70 34.056 -117.62 154 0 22 400 2014 7 1 14 55 6 1 6
4 49 70 34.055 -117.69 196 270 47 400 2014 7 1 14 56 9 1 6
4 49 70 34.066 -117.77 236 291 65 400 2014 7 1 14 57 15 1 6
4 49 70 34.117 -117.84 272 274 85 400 2014 7 1 14 58 6 1 6
4 49 70 34.17 -117.92 294 295 110 400 2014 7 1 14 59 6 1 6
4 49 70 34.242 -118.03 332 309 151 400 2014 7 1 15 0 6 1 21
4 49 70 34.305 -118.12 350 314 186 400 2014 7 1 15 1 6 1 21
4 49 70 34.37 -118.21 364 309 219 400 2014 7 1 15 2 16 1 21
4 49 70 34.437 -118.32 384 309 249 400 2014 7 1 15 3 6 1 53
4 49 70 34.506 -118.42 393 309 276 400 2014 7 1 15 4 15 1 53
4 49 70 34.596 -118.5 421 314 301 400 2014 7 1 15 5 6 1 53
4 49 70 34.701 -118.57 420 321 323 400 2014 7 1 15 6 6 1 53
4 49 70 34.828 -118.66 430 330 350 400 2014 7 1 15 7 6 1 53
4 49 70 34.932 -118.72 432 331 371 400 2014 7 1 15 8 6 1 53
4 49 70 35.02 -118.77 430 332 384 400 2014 7 1 15 9 6 1 53
4 49 70 35.13 -118.83 430 336 398 400 2014 7 1 15 10 6 1 53
4 49 70 35.239 -118.89 430 335 400 400 2014 7 1 15 11 6 1 53
4 49 70 35.349 -118.95 430 336 400 400 2014 7 1 15 12 6 1 53
4 49 70 35.502 -119.03 434 335 400 400 2014 7 1 15 13 15 1 53
4 49 70 35.588 -119.08 432 335 400 400 2014 7 1 15 14 6 1 53
4 49 70 35.694 -119.15 431 335 400 400 2014 7 1 15 15 16 1 53
4 49 70 35.797 -119.22 430 332 400 400 2014 7 1 15 16 6 1 53
4 49 70 35.901 -119.29 428 330 400 400 2014 7 1 15 17 6 1 53
4 49 70 36.003 -119.36 425 331 400 400 2014 7 1 15 18 16 1 53
4 49 70 36.104 -119.43 420 330 400 400 2014 7 1 15 19 6 4 187
4 49 70 36.148 -119.46 428 331 400 400 2014 7 1 15 20 16 4 187
4 49 70 36.251 -119.53 427 331 400 400 2014 7 1 15 21 15 4 187
4 49 70 36.354 -119.6 427 330 400 400 2014 7 1 15 22 16 4 187
4 49 70 36.478 -119.69 427 330 400 240 2014 7 1 15 23 16 4 187
4 49 70 36.54 -119.73 427 330 400 240 2014 7 1 15 24 6 4 187
4 49 70 36.745 -119.87 425 331 400 240 2014 7 1 15 25 16 4 187
4 49 70 36.745 -119.87 425 331 400 240 2014 7 1 15 26 6 4 187
4 49 70 36.845 -119.94 417 331 392 240 2014 7 1 15 27 15 4 187
4 49 70 36.944 -120.01 414 330 371 240 2014 7 1 15 28 6 4 187
4 49 70 37.047 -120.08 420 330 340 240 2014 7 1 15 29 6 4 187
4 49 70 37.156 -120.16 438 330 308 240 2014 7 1 15 30 6 4 187
4 49 70 37.35 -120.3 476 330 257 240 2014 7 1 15 31 6 4 187
4 49 70 37.472 -120.4 426 330 237 240 2014 7 1 15 32 16 4 152
4 49 70 37.581 -120.51 420 315 225 240 2014 7 1 15 33 16 4 152
4 49 70 37.633 -120.55 404 321 219 240 2014 7 1 15 34 15 4 152
4 49 70 37.717 -120.65 396 320 209 240 2014 7 1 15 35 16 4 152
4 49 70 37.8 -120.73 397 321 200 240 2014 7 1 15 36 6 4 177
4 49 70 37.883 -120.82 402 321 190 240 2014 7 1 15 37 6 4 177
4 49 70 37.983 -120.9 400 321 179 240 2014 7 1 15 38 16 4 172
4 49 70 38.05 -120.98 396 321 169 240 2014 7 1 15 39 6 4 172
4 49 70 38.117 -121.07 388 319 160 240 2014 7 1 15 40 6 4 172
4 49 70 38.2 -121.18 375 310 149 240 2014 7 1 15 41 6 4 172
4 49 70 38.25 -121.27 371 310 132 240 2014 7 1 15 42 15 4 172
4 49 70 38.333 -121.38 363 310 111 240 2014 7 1 15 43 6 4 172
4 49 70 38.383 -121.47 342 310 99 240 2014 7 1 15 44 6 4 172
4 49 70 38.45 -121.55 313 310 89 240 2014 7 1 15 45 6 4 153
4 49 70 38.492 -121.59 309 322 78 240 2014 7 1 15 46 6 4 153
4 49 70 38.583 -121.65 285 331 65 240 2014 7 1 15 47 15 4 153
4 49 70 38.625 -121.69 267 327 56 240 2014 7 1 15 48 15 4 153
4 49 70 38.7 -121.7 237 358 35 240 2014 7 1 15 49 6 4 153
4 49 70 38.767 -121.7 221 5 29 240 2014 7 1 15 50 15 4 153
4 49 70 38.776 -121.64 180 81 18 240 2014 7 1 15 51 6 4 153
4 49 70 38.718 -121.6 133 129 2 240 2014 7 1 15 53 16 4 153
5 49 70 34.056 -117.63 178 0 21 360 2014 7 1 17 38 6 1 6
5 49 70 34.056 -117.7 206 269 39 360 2014 7 1 17 39 6 1 6
5 49 70 34.074 -117.78 243 269 53 360 2014 7 1 17 40 6 1 6
5 49 70 34.136 -117.87 278 293 95 360 2014 7 1 17 41 6 1 6
5 49 70 34.191 -117.95 303 307 120 360 2014 7 1 17 42 6 1 6
5 49 70 34.254 -118.04 347 309 147 360 2014 7 1 17 43 6 1 21
5 49 70 34.319 -118.14 365 309 175 360 2014 7 1 17 44 15 1 21
5 49 70 34.387 -118.24 387 309 201 360 2014 7 1 17 45 6 1 21
5 49 70 34.471 -118.36 397 309 230 360 2014 7 1 17 46 6 1 32
5 49 70 34.544 -118.47 397 315 253 360 2014 7 1 17 47 6 1 53
5 49 70 34.647 -118.54 426 318 270 360 2014 7 1 17 48 16 1 53
5 49 70 34.752 -118.61 431 331 291 360 2014 7 1 17 49 16 1 53
5 49 70 34.858 -118.68 432 331 308 360 2014 7 1 17 50 6 1 53
5 49 70 34.987 -118.75 434 331 332 360 2014 7 1 17 51 18 1 53
5 49 70 35.095 -118.81 426 336 350 360 2014 7 1 17 52 6 1 53
5 49 70 35.159 -118.85 425 336 358 360 2014 7 1 17 53 6 1 53
5 49 70 35.264 -118.9 422 335 360 360 2014 7 1 17 54 6 1 53
5 49 70 35.419 -118.99 426 336 360 360 2014 7 1 17 55 16 1 53
5 49 70 35.479 -119.02 422 335 360 360 2014 7 1 17 56 8 1 53
5 49 70 35.587 -119.08 422 335 360 360 2014 7 1 17 57 6 1 53
5 49 70 35.694 -119.14 423 335 360 360 2014 7 1 17 58 6 1 53
5 49 70 35.821 -119.22 425 335 360 360 2014 7 1 17 59 6 1 53
5 49 70 35.924 -119.3 425 330 360 360 2014 7 1 18 0 6 1 53
5 49 70 36.027 -119.37 426 330 360 360 2014 7 1 18 1 6 1 53
5 49 70 36.128 -119.44 424 330 360 360 2014 7 1 18 2 15 4 187
5 49 70 36.235 -119.51 434 330 360 360 2014 7 1 18 3 6 4 187
5 49 70 36.343 -119.58 439 330 359 360 2014 7 1 18 4 6 4 187
5 49 70 36.449 -119.66 442 330 360 360 2014 7 1 18 5 6 4 187
5 49 70 36.576 -119.75 441 330 357 300 2014 7 1 18 6 9 4 187
5 49 70 36.681 -119.82 440 331 347 300 2014 7 1 18 7 16 4 187
5 49 70 36.788 -119.9 439 330 338 300 2014 7 1 18 8 6 4 187
5 49 70 36.894 -119.97 440 350 328 300 2014 7 1 18 9 6 4 187
5 49 70 37.016 -119.98 440 358 328 260 2014 7 1 18 10 6 4 187
5 49 70 37.002 -120.05 445 339 310 240 2014 7 1 18 11 6 4 187
5 49 70 37.115 -120.13 445 330 288 240 2014 7 1 18 12 16 4 187
5 49 70 37.337 -120.29 456 330 250 200 2014 7 1 18 13 16 4 187
5 49 70 37.337 -120.29 456 330 250 200 2014 7 1 18 14 6 4 187
5 49 70 37.55 -120.48 432 325 223 200 2014 7 1 18 15 6 4 152
5 49 70 37.653 -120.58 427 324 213 200 2014 7 1 18 16 6 4 152
5 49 70 37.65 -120.58 422 323 213 200 2014 7 1 18 17 6 4 152
5 49 70 37.746 -120.67 428 324 204 200 2014 7 1 18 18 6 4 177
5 49 70 37.839 -120.77 428 316 194 200 2014 7 1 18 19 6 4 177
5 49 70 37.927 -120.86 411 321 183 200 2014 7 1 18 20 6 4 177
5 49 70 38.067 -121.03 408 315 164 200 2014 7 1 18 21 12 4 172
5 49 70 38.08 -121.06 394 310 163 200 2014 7 1 18 22 6 4 172
5 49 70 38.158 -121.16 408 312 154 200 2014 7 1 18 23 6 4 172
5 49 70 38.3 -121.35 412 313 135 200 2014 7 1 18 24 16 4 172
5 49 70 38.383 -121.47 390 312 117 200 2014 7 1 18 25 16 4 172
5 49 70 38.389 -121.48 398 312 114 200 2014 7 1 18 26 6 4 172
5 49 70 38.517 -121.6 325 316 96 200 2014 7 1 18 27 6 4 153
5 49 70 38.6 -121.67 309 327 78 200 2014 7 1 18 28 6 4 153
5 49 70 38.667 -121.68 293 329 64 200 2014 7 1 18 29 6 4 153
5 49 70 38.733 -121.7 248 357 49 200 2014 7 1 18 30 6 4 153
5 49 70 38.767 -121.69 247 348 40 200 2014 7 1 18 31 6 4 153
5 49 70 38.783 -121.6 182 61 18 200 2014 7 1 18 32 6 4 153
5 49 70 38.769 -121.6 181 89 12 200 2014 7 1 18 33 6 4 153
5 49 70 38.732 -121.6 149 180 5 200 2014 7 1 18 34 16 4 153
5 49 70 38.698 -121.6 145 182 4 200 2014 7 1 18 35 16 4 153
6 49 70 34.056 -117.65 185 0 32 400 2014 7 1 19 25 15 1 6
6 49 70 34.056 -117.73 215 270 52 400 2014 7 1 19 26 6 1 6
6 49 70 34.098 -117.81 266 288 74 400 2014 7 1 19 27 6 1 6
6 49 70 34.15 -117.89 285 287 106 400 2014 7 1 19 28 6 1 6
6 49 70 34.211 -117.98 340 305 134 400 2014 7 1 19 29 16 1 21
6 49 70 34.29 -118.1 370 314 175 400 2014 7 1 19 30 16 1 21
6 49 70 34.357 -118.2 383 309 206 400 2014 7 1 19 31 6 1 21
6 49 70 34.446 -118.27 383 327 206 400 2014 7 1 19 32 6 1 32
6 49 70 34.431 -118.31 413 314 237 400 2014 7 1 19 33 6 1 32
6 49 70 34.596 -118.51 448 309 291 400 2014 7 1 19 34 16 1 53
6 49 70 34.659 -118.55 438 315 304 400 2014 7 1 19 35 6 1 53
6 49 70 34.77 -118.62 443 332 330 400 2014 7 1 19 36 6 1 53
6 49 70 34.879 -118.69 444 331 353 400 2014 7 1 19 37 16 1 53
6 49 70 35.006 -118.77 444 331 374 400 2014 7 1 19 38 16 1 53
6 49 70 35.153 -118.87 437 330 392 400 2014 7 1 19 39 16 1 53
6 49 70 35.216 -118.91 434 331 399 400 2014 7 1 19 40 16 1 53
6 49 70 35.321 -118.98 432 331 399 400 2014 7 1 19 41 6 1 53
6 49 70 35.424 -119.06 431 332 399 400 2014 7 1 19 42 6 1 53
6 49 70 35.529 -119.12 430 330 399 400 2014 7 1 19 43 16 1 53
6 49 70 35.638 -119.17 427 337 399 400 2014 7 1 19 44 6 1 53
6 49 70 35.765 -119.25 426 337 399 400 2014 7 1 19 45 6 1 53
6 49 70 35.807 -119.28 421 334 399 400 2014 7 1 19 46 6 1 53
6 49 70 35.973 -119.38 425 331 399 400 2014 7 1 19 47 7 1 53
6 49 70 36.075 -119.45 422 331 399 400 2014 7 1 19 48 15 4 187
6 49 70 36.176 -119.52 421 332 399 400 2014 7 1 19 49 16 4 187
6 49 70 36.278 -119.58 417 332 399 400 2014 7 1 19 50 6 4 187
6 49 70 36.38 -119.65 416 331 399 400 2014 7 1 19 51 6 4 187
6 49 70 36.491 -119.69 416 345 399 400 2014 7 1 19 52 6 4 187
6 49 70 36.502 -119.73 417 338 399 400 2014 7 1 19 53 6 4 187
6 49 70 36.605 -119.8 417 332 399 400 2014 7 1 19 54 16 4 187
6 49 70 36.707 -119.87 417 332 399 400 2014 7 1 19 55 6 4 187
6 49 70 36.81 -119.94 418 331 399 400 2014 7 1 19 56 6 4 187
6 49 70 36.91 -120 415 331 378 400 2014 7 1 19 57 6 4 187
6 49 70 37.123 -120.15 426 331 334 200 2014 7 1 19 58 15 4 187
6 49 70 37.123 -120.15 426 331 334 200 2014 7 1 19 59 6 4 187
6 49 70 37.231 -120.22 436 331 300 200 2014 7 1 20 0 6 4 187
6 49 70 37.354 -120.3 451 332 260 200 2014 7 1 20 1 6 4 187
6 49 70 37.45 -120.37 451 331 239 200 2014 7 1 20 2 16 4 152
6 49 70 37.558 -120.48 420 316 220 200 2014 7 1 20 3 15 4 152
6 49 70 37.646 -120.57 409 321 208 200 2014 7 1 20 4 16 4 152
6 49 70 37.717 -120.65 397 323 200 200 2014 7 1 20 5 16 4 152
6 49 70 37.819 -120.75 397 325 188 200 2014 7 1 20 6 6 4 177
6 49 70 37.902 -120.83 385 321 177 200 2014 7 1 20 7 6 4 177
6 49 70 37.984 -120.91 380 321 167 200 2014 7 1 20 8 6 4 172
6 49 70 38.064 -120.99 370 315 160 200 2014 7 1 20 9 6 4 172
6 49 70 38.143 -121.08 368 321 154 200 2014 7 1 20 10 6 4 172
6 49 70 38.267 -121.25 358 315 134 200 2014 7 1 20 11 6 4 172
6 49 70 38.274 -121.27 363 312 134 200 2014 7 1 20 12 6 4 172
6 49 70 38.334 -121.37 356 310 119 200 2014 7 1 20 13 6 4 172
6 49 70 38.394 -121.47 356 307 119 200 2014 7 1 20 14 16 4 172
6 49 70 38.467 -121.57 319 306 90 200 2014 7 1 20 15 6 4 153
6 49 70 38.541 -121.63 311 329 74 200 2014 7 1 20 16 6 4 153
6 49 70 38.612 -121.68 303 321 59 200 2014 7 1 20 17 6 4 153
6 49 70 38.69 -121.7 292 342 44 200 2014 7 1 20 18 6 4 153
6 49 70 38.768 -121.7 282 0 34 200 2014 7 1 20 19 16 4 153
6 49 70 38.807 -121.65 228 27 24 200 2014 7 1 20 20 6 4 153
6 49 70 38.79 -121.6 182 89 14 200 2014 7 1 20 21 6 4 153
6 49 70 38.751 -121.6 155 158 8 200 2014 7 1 20 22 6 4 153
6 49 70 38.713 -121.6 142 180 3 200 2014 7 1 20 23 16 4 153
7 49 70 34.05 -117.65 186 267 34 400 2014 7 2 3 10 15 1 6
7 49 70 34.06 -117.69 205 261 49 400 2014 7 2 3 11 6 1 6
7 49 70 34.097 -117.76 242 275 72 400 2014 7 2 3 12 6 1 6
7 49 70 34.153 -117.86 282 297 108 400 2014 7 2 3 13 6 1 6
7 49 70 34.208 -117.95 341 304 140 400 2014 7 2 3 14 15 1 21
7 49 70 34.266 -118.05 365 304 171 400 2014 7 2 3 15 16 1 21
7 49 70 34.331 -118.16 391 311 205 400 2014 7 2 3 16 16 1 21
7 49 70 34.403 -118.26 409 306 237 400 2014 7 2 3 17 15 1 21
7 49 70 34.474 -118.37 409 308 265 400 2014 7 2 3 18 15 1 53
7 49 70 34.589 -118.47 426 309 293 400 2014 7 2 3 19 15 1 53
7 49 70 34.7 -118.53 438 329 313 400 2014 7 2 3 20 6 1 53
7 49 70 34.812 -118.59 441 335 337 400 2014 7 2 3 21 15 1 53
7 49 70 34.923 -118.66 441 334 357 400 2014 7 2 3 22 15 1 53
7 49 70 35.013 -118.71 443 335 374 400 2014 7 2 3 23 6 1 53
7 49 70 35.12 -118.77 438 334 392 400 2014 7 2 3 24 6 1 53
7 49 70 35.226 -118.83 429 335 400 400 2014 7 2 3 25 6 1 53
7 49 70 35.379 -118.92 434 335 400 400 2014 7 2 3 26 15 1 53
7 49 70 35.439 -118.95 428 334 400 400 2014 7 2 3 27 6 1 53
7 49 70 35.59 -119.04 423 334 400 400 2014 7 2 3 28 15 1 53
7 49 70 35.651 -119.08 427 334 400 400 2014 7 2 3 29 15 1 53
7 49 70 35.775 -119.16 426 334 400 400 2014 7 2 3 30 16 1 53
7 49 70 35.877 -119.23 426 330 400 400 2014 7 2 3 31 16 1 53
7 49 70 35.98 -119.31 426 329 400 400 2014 7 2 3 32 15 1 53
7 49 70 36.022 -119.33 425 330 400 400 2014 7 2 3 33 6 1 53
7 49 70 36.184 -119.45 425 329 400 400 2014 7 2 3 34 16 4 187
7 49 70 36.184 -119.45 425 329 400 400 2014 7 2 3 35 6 4 187
7 49 70 36.389 -119.6 426 330 400 400 2014 7 2 3 36 6 4 187
7 49 70 36.491 -119.67 426 330 400 400 2014 7 2 3 37 15 4 187
7 49 70 36.616 -119.76 428 330 400 240 2014 7 2 3 38 16 4 187
7 49 70 36.718 -119.83 429 330 400 240 2014 7 2 3 39 15 4 187
7 49 70 36.821 -119.91 429 329 400 240 2014 7 2 3 40 15 4 187
7 49 70 36.822 -119.91 429 329 395 240 2014 7 2 3 41 15 4 187
7 49 70 36.922 -119.98 423 329 370 240 2014 7 2 3 42 6 4 187
7 49 70 37.024 -120.06 423 329 340 240 2014 7 2 3 43 16 4 187
7 49 70 37.228 -120.21 436 329 287 200 2014 7 2 3 44 15 4 187
7 49 70 37.346 -120.3 415 329 258 200 2014 7 2 3 45 15 4 187
7 49 70 37.441 -120.37 402 329 239 200 2014 7 2 3 46 15 4 152
7 49 70 37.528 -120.45 402 321 239 200 2014 7 2 3 47 16 4 152
7 49 70 37.528 -120.45 401 327 230 200 2014 7 2 3 48 15 4 152
7 49 70 37.613 -120.54 398 325 220 200 2014 7 2 3 49 6 4 152
7 49 70 37.699 -120.63 395 321 210 200 2014 7 2 3 50 15 4 152
7 49 70 37.784 -120.71 393 321 200 200 2014 7 2 3 51 6 4 177
7 49 70 37.869 -120.8 392 321 190 200 2014 7 2 3 52 6 4 177
7 49 70 37.951 -120.88 383 321 178 200 2014 7 2 3 53 15 4 177
7 49 70 38.035 -120.97 383 321 165 200 2014 7 2 3 54 15 4 172
7 49 70 38.109 -121.06 376 321 150 200 2014 7 2 3 55 15 4 172
7 49 70 38.174 -121.15 365 316 135 200 2014 7 2 3 56 15 4 172
7 49 70 38.241 -121.25 363 313 120 200 2014 7 2 3 57 15 4 172
7 49 70 38.304 -121.34 352 310 104 200 2014 7 2 3 58 15 4 172
7 49 70 38.374 -121.45 323 310 89 200 2014 7 2 3 59 16 4 153
7 49 70 38.43 -121.53 308 310 80 200 2014 7 2 4 0 6 4 153
7 49 70 38.498 -121.59 302 310 80 200 2014 7 2 4 1 6 4 153
7 49 70 38.57 -121.65 302 317 66 200 2014 7 2 4 2 16 4 153
7 49 70 38.639 -121.7 286 327 57 200 2014 7 2 4 3 15 4 153
7 49 70 38.711 -121.71 261 329 49 200 2014 7 2 4 4 15 4 153
7 49 70 38.777 -121.71 244 342 41 200 2014 7 2 4 5 15 4 153
7 49 70 38.839 -121.71 234 354 33 200 2014 7 2 4 6 16 4 153
7 49 70 38.845 -121.64 219 359 24 200 2014 7 2 4 7 6 4 153
7 49 70 38.818 -121.6 184 42 19 200 2014 7 2 4 8 15 4 153
7 49 70 38.781 -121.6 149 104 14 200 2014 7 2 4 9 16 4 153
7 49 70 38.746 -121.6 134 163 8 200 2014 7 2 4 10 15 4 153
7 49 70 38.709 -121.6 130 178 3 200 2014 7 2 4 11 6 4 153
7 49 70 38.689 -121.6 96 181 200 200 2014 7 2 4 12 15 4 153
8 49 70 34.056 -117.6 150 0 9 400 2014 7 2 0 26 6 1 6
8 49 70 34.056 -117.63 151 0 22 400 2014 7 2 0 27 6 1 6
8 49 70 34.054 -117.7 226 303 34 400 2014 7 2 0 28 6 1 6
8 49 70 34.099 -117.77 265 268 64 400 2014 7 2 0 29 6 1 6
8 49 70 34.148 -117.85 288 289 96 400 2014 7 2 0 30 6 1 6
8 49 70 34.211 -117.96 341 307 122 400 2014 7 2 0 31 6 1 6
8 49 70 34.269 -118.06 367 306 152 400 2014 7 2 0 32 16 1 21
8 49 70 34.405 -118.27 405 305 209 400 2014 7 2 0 33 15 1 21
8 49 70 34.505 -118.33 405 333 209 400 2014 7 2 0 34 15 1 32
8 49 70 34.499 -118.35 420 316 236 400 2014 7 2 0 35 15 1 32
8 49 70 34.688 -118.46 422 329 275 400 2014 7 2 0 36 6 1 53
8 49 70 34.801 -118.53 436 333 295 400 2014 7 2 0 37 6 1 53
8 49 70 34.914 -118.59 444 333 317 400 2014 7 2 0 38 16 1 53
8 49 70 34.958 -118.62 449 334 320 400 2014 7 2 0 39 15 1 53
8 49 70 35.067 -118.69 443 333 320 400 2014 7 2 0 40 6 1 53
8 49 70 35.178 -118.75 443 334 332 400 2014 7 2 0 41 6 1 53
8 49 70 35.378 -118.87 446 333 360 400 2014 7 2 0 42 16 1 53
8 49 70 35.426 -118.9 450 333 360 400 2014 7 2 0 43 6 1 53
8 49 70 35.534 -118.97 444 333 369 400 2014 7 2 0 44 6 1 53
8 49 70 35.701 -119.07 434 333 391 400 2014 7 2 0 45 16 1 53
8 49 70 35.746 -119.1 433 333 396 400 2014 7 2 0 46 6 1 53
8 49 70 35.847 -119.17 426 333 400 400 2014 7 2 0 47 15 1 53
8 49 70 35.968 -119.26 423 329 400 400 2014 7 2 0 48 16 1 53
8 49 70 36.067 -119.33 423 328 400 400 2014 7 2 0 49 15 1 53
8 49 70 36.105 -119.36 417 329 400 400 2014 7 2 0 50 6 4 187
8 49 70 36.223 -119.45 416 329 400 400 2014 7 2 0 51 6 4 187
8 49 70 36.322 -119.52 417 329 400 400 2014 7 2 0 52 15 4 187
8 49 70 36.422 -119.59 417 329 400 400 2014 7 2 0 53 15 4 187
8 49 70 36.521 -119.67 418 329 400 400 2014 7 2 0 54 16 4 187
8 49 70 36.622 -119.74 419 328 400 400 2014 7 2 0 55 16 4 187
8 49 70 36.722 -119.82 420 329 400 400 2014 7 2 0 56 16 4 187
8 49 70 36.822 -119.89 420 329 400 240 2014 7 2 0 57 16 4 187
8 49 70 36.922 -119.97 421 329 397 240 2014 7 2 0 58 15 4 187
8 49 70 37.023 -120.05 423 328 365 240 2014 7 2 0 59 16 4 187
8 49 70 37.142 -120.14 442 328 328 240 2014 7 2 1 0 16 4 187
8 49 70 37.248 -120.22 446 328 295 240 2014 7 2 1 1 6 4 187
8 49 70 37.354 -120.3 444 328 259 200 2014 7 2 1 2 15 4 187
8 49 70 37.457 -120.38 443 328 232 200 2014 7 2 1 3 6 4 152
8 49 70 37.546 -120.47 415 328 212 200 2014 7 2 1 4 6 4 152
8 49 70 37.632 -120.56 396 324 200 200 2014 7 2 1 5 6 4 152
8 49 70 37.709 -120.64 352 321 191 200 2014 7 2 1 6 8 4 152
8 49 70 37.797 -120.72 350 321 178 200 2014 7 2 1 7 6 4 177
8 49 70 37.872 -120.8 344 321 168 200 2014 7 2 1 8 6 4 177
8 49 70 37.946 -120.88 344 321 159 200 2014 7 2 1 9 6 4 177
8 49 70 38.026 -120.96 360 321 150 200 2014 7 2 1 10 6 4 172
8 49 70 38.102 -121.04 365 321 140 200 2014 7 2 1 11 6 4 172
8 49 70 38.167 -121.14 365 320 130 200 2014 7 2 1 12 17 4 172
8 49 70 38.233 -121.24 365 313 120 200 2014 7 2 1 13 6 4 172
8 49 70 38.297 -121.33 355 310 108 200 2014 7 2 1 14 6 4 172
8 49 70 38.355 -121.42 329 310 98 200 2014 7 2 1 15 16 4 172
8 49 70 38.406 -121.5 305 310 84 200 2014 7 2 1 16 12 4 153
8 49 70 38.471 -121.57 297 310 69 200 2014 7 2 1 17 6 4 153
8 49 70 38.541 -121.63 293 314 54 200 2014 7 2 1 18 6 4 153
8 49 70 38.609 -121.68 290 323 41 200 2014 7 2 1 19 6 4 153
8 49 70 38.679 -121.7 271 328 34 200 2014 7 2 1 20 16 4 153
8 49 70 38.749 -121.71 257 6 30 200 2014 7 2 1 22 16 4 153
8 49 70 38.837 -121.65 206 21 27 200 2014 7 2 1 24 15 4 153
8 49 70 38.769 -121.6 164 56 14 200 2014 7 2 1 26 24 4 153
9 49 70 34.056 -117.6 150 0 9 400 2014 7 2 15 2 6 1 6
9 49 70 34.05 -117.63 161 267 25 400 2014 7 2 15 4 6 1 6
9 49 70 34.078 -117.78 261 257 70 400 2014 7 2 15 5 6 1 6
9 49 70 34.129 -117.86 285 279 93 400 2014 7 2 15 6 6 1 6
9 49 70 34.184 -117.94 320 292 118 400 2014 7 2 15 7 6 1 6
9 49 70 34.249 -118.04 358 315 156 400 2014 7 2 15 8 16 1 21
9 49 70 34.328 -118.15 374 309 195 400 2014 7 2 15 9 6 1 21
9 49 70 34.398 -118.26 391 309 226 400 2014 7 2 15 10 6 1 21
9 49 70 34.47 -118.36 403 315 255 400 2014 7 2 15 11 6 1 53
9 49 70 34.548 -118.47 427 309 281 400 2014 7 2 15 12 6 1 53
9 49 70 34.654 -118.54 444 318 305 400 2014 7 2 15 13 6 1 53
9 49 70 34.787 -118.63 450 332 330 400 2014 7 2 15 14 6 1 53
9 49 70 34.897 -118.7 453 330 356 400 2014 7 2 15 15 6 1 53
9 49 70 35.004 -118.77 434 331 377 400 2014 7 2 15 16 6 1 53
9 49 70 35.108 -118.84 433 332 391 400 2014 7 2 15 17 6 1 53
9 49 70 35.216 -118.92 436 330 400 400 2014 7 2 15 18 17 1 53
9 49 70 35.323 -118.99 438 331 400 400 2014 7 2 15 19 15 1 53
9 49 70 35.449 -119.07 438 331 400 400 2014 7 2 15 20 16 1 53
9 49 70 35.556 -119.13 430 332 400 400 2014 7 2 15 21 6 1 53
9 49 70 35.667 -119.19 430 337 400 400 2014 7 2 15 22 6 1 53
9 49 70 35.777 -119.25 430 338 400 400 2014 7 2 15 23 6 1 53
9 49 70 35.886 -119.3 430 337 400 400 2014 7 2 15 24 16 1 53
9 49 70 36.019 -119.37 430 337 400 400 2014 7 2 15 25 6 1 53
9 49 70 36.129 -119.43 432 337 400 400 2014 7 2 15 26 6 4 187
9 49 70 36.241 -119.48 433 337 400 400 2014 7 2 15 27 6 4 187
9 49 70 36.347 -119.55 432 337 397 400 2014 7 2 15 28 6 4 187
9 49 70 36.407 -119.59 433 332 392 400 2014 7 2 15 29 6 4 187
9 49 70 36.513 -119.67 438 328 382 400 2014 7 2 15 30 6 4 187
9 49 70 36.616 -119.75 438 329 380 400 2014 7 2 15 31 6 4 187
9 49 70 36.717 -119.83 434 329 363 400 2014 7 2 15 32 6 4 187
9 49 70 36.819 -119.9 428 329 358 400 2014 7 2 15 33 6 4 187
9 49 70 36.918 -119.97 427 329 338 400 2014 7 2 15 34 6 4 187
9 49 70 37.02 -120.05 425 329 320 400 2014 7 2 15 35 6 4 187
9 49 70 37.123 -120.13 421 329 309 200 2014 7 2 15 36 6 4 187
9 49 70 37.221 -120.2 412 329 286 200 2014 7 2 15 37 6 4 187
9 49 70 37.336 -120.29 403 329 260 200 2014 7 2 15 38 15 4 187
9 49 70 37.467 -120.38 397 328 238 200 2014 7 2 15 39 16 4 152
9 49 70 37.508 -120.44 369 329 231 200 2014 7 2 15 40 6 4 152
9 49 70 37.584 -120.51 354 315 220 200 2014 7 2 15 41 6 4 152
9 49 70 37.659 -120.59 344 321 210 200 2014 7 2 15 42 6 4 152
9 49 70 37.734 -120.66 344 324 201 200 2014 7 2 15 43 6 4 152
9 49 70 37.833 -120.75 349 320 189 200 2014 7 2 15 44 8 4 177
9 49 70 37.9 -120.83 348 318 179 200 2014 7 2 15 45 6 4 177
9 49 70 37.976 -120.91 348 322 179 200 2014 7 2 15 46 6 4 172
9 49 70 38.017 -121 348 321 161 200 2014 7 2 15 47 6 4 172
9 49 70 38.099 -121.1 348 310 153 200 2014 7 2 15 48 6 4 172
9 49 70 38.175 -121.18 348 322 153 200 2014 7 2 15 49 6 4 172
9 49 70 38.228 -121.27 333 315 133 200 2014 7 2 15 50 15 4 172
9 49 70 38.283 -121.35 328 314 118 200 2014 7 2 15 51 6 4 172
9 49 70 38.355 -121.44 325 315 98 200 2014 7 2 15 52 6 4 172
9 49 70 38.4 -121.5 305 313 85 200 2014 7 2 15 53 6 4 153
9 49 70 38.467 -121.57 277 314 80 200 2014 7 2 15 54 6 4 153
9 49 70 38.533 -121.62 281 320 63 200 2014 7 2 15 55 6 4 153
9 49 70 38.6 -121.67 283 329 47 200 2014 7 2 15 56 6 4 153
9 49 70 38.667 -121.7 274 329 35 200 2014 7 2 15 57 6 4 153
9 49 70 38.733 -121.68 245 347 29 200 2014 7 2 15 58 6 4 153
9 49 70 38.783 -121.65 202 4 20 200 2014 7 2 15 59 6 4 153
9 49 70 38.787 -121.65 222 27 19 200 2014 7 2 16 0 6 4 153
9 49 70 38.781 -121.59 180 89 13 200 2014 7 2 16 1 6 4 153
9 49 70 38.717 -121.58 122 164 2 200 2014 7 2 16 2 6 4 153
9 49 70 38.708 -121.58 136 180 3 200 2014 7 2 16 3 6 4 153
10 49 70 34.056 -117.6 158 0 9 360 2014 7 2 17 38 6 1 6
10 49 70 34.055 -117.64 172 0 21 360 2014 7 2 17 39 6 1 6
10 49 70 34.053 -117.71 215 300 42 360 2014 7 2 17 40 6 1 6
10 49 70 34.073 -117.78 234 268 63 360 2014 7 2 17 41 7 1 6
10 49 70 34.125 -117.85 275 278 87 360 2014 7 2 17 42 6 1 6
10 49 70 34.173 -117.93 284 309 112 360 2014 7 2 17 43 6 1 6
10 49 70 34.241 -118.03 323 309 146 360 2014 7 2 17 44 6 1 21
10 49 70 34.305 -118.12 358 313 168 360 2014 7 2 17 45 6 1 21
10 49 70 34.372 -118.22 373 309 191 360 2014 7 2 17 46 6 1 21
10 49 70 34.442 -118.32 394 315 217 360 2014 7 2 17 47 9 1 32
10 49 70 34.562 -118.49 402 309 252 360 2014 7 2 17 48 6 1 53
10 49 70 34.624 -118.52 420 311 270 360 2014 7 2 17 49 6 1 53
10 49 70 34.731 -118.58 419 336 285 360 2014 7 2 17 50 6 1 53
10 49 70 34.84 -118.64 430 335 301 360 2014 7 2 17 51 6 1 53
10 49 70 34.954 -118.7 438 335 315 360 2014 7 2 17 52 6 1 53
10 49 70 35.131 -118.8 437 335 348 360 2014 7 2 17 53 16 1 53
10 49 70 35.172 -118.83 425 334 355 360 2014 7 2 17 54 6 1 53
10 49 70 35.297 -118.9 420 335 360 360 2014 7 2 17 55 6 1 53
10 49 70 35.404 -118.96 421 335 360 360 2014 7 2 17 56 6 1 53
10 49 70 35.51 -119.02 422 335 360 360 2014 7 2 17 57 6 1 53
10 49 70 35.616 -119.08 421 334 360 360 2014 7 2 17 58 6 1 53
10 49 70 35.722 -119.14 421 335 360 360 2014 7 2 17 59 6 1 53
10 49 70 35.849 -119.21 421 335 360 360 2014 7 2 18 0 6 1 53
10 49 70 35.888 -119.23 417 335 360 360 2014 7 2 18 1 7 1 53
10 49 70 36.057 -119.34 420 335 360 360 2014 7 2 18 2 16 1 53
10 49 70 36.157 -119.41 420 331 360 360 2014 7 2 18 3 6 4 187
10 49 70 36.257 -119.48 420 328 360 360 2014 7 2 18 4 6 4 187
10 49 70 36.358 -119.56 425 329 360 360 2014 7 2 18 5 16 4 187
10 49 70 36.479 -119.65 424 329 360 360 2014 7 2 18 6 16 4 187
10 49 70 36.52 -119.68 426 329 360 360 2014 7 2 18 7 6 4 187
10 49 70 36.623 -119.75 428 329 360 360 2014 7 2 18 8 6 4 187
10 49 70 36.725 -119.83 428 329 360 340 2014 7 2 18 9 6 4 187
10 49 70 36.828 -119.9 430 329 354 340 2014 7 2 18 10 6 4 187
10 49 70 36.92 -120 426 329 344 240 2014 7 2 18 11 11 4 187
10 49 70 37.038 -120.08 416 325 332 240 2014 7 2 18 12 6 4 187
10 49 70 37.127 -120.15 416 325 321 240 2014 7 2 18 13 16 4 187
10 49 70 37.267 -120.23 432 331 306 240 2014 7 2 18 14 7 4 187
10 49 70 37.356 -120.3 424 331 278 240 2014 7 2 18 15 6 4 187
10 49 70 37.467 -120.38 427 330 238 240 2014 7 2 18 16 6 4 152
10 49 70 37.537 -120.46 388 317 219 240 2014 7 2 18 17 6 4 152
10 49 70 37.617 -120.54 374 321 195 240 2014 7 2 18 18 6 4 152
10 49 70 37.7 -120.63 364 323 183 240 2014 7 2 18 19 6 4 177
10 49 70 37.77 -120.7 350 319 163 240 2014 7 2 18 20 6 4 177
10 49 70 37.85 -120.8 331 321 160 240 2014 7 2 18 21 6 4 177
10 49 70 37.9 -120.87 350 315 160 240 2014 7 2 18 22 6 4 177
10 49 70 37.983 -120.97 366 315 160 240 2014 7 2 18 23 6 4 172
10 49 70 38.05 -121.05 380 315 160 240 2014 7 2 18 24 6 4 172
10 49 70 38.137 -121.16 367 315 152 240 2014 7 2 18 25 6 4 172
10 49 70 38.204 -121.25 340 313 141 240 2014 7 2 18 26 6 4 172
10 49 70 38.268 -121.33 330 321 128 240 2014 7 2 18 27 6 4 172
10 49 70 38.333 -121.4 308 314 112 240 2014 7 2 18 28 6 4 172
10 49 70 38.383 -121.48 304 315 95 240 2014 7 2 18 29 6 4 172
10 49 70 38.45 -121.55 292 314 80 240 2014 7 2 18 30 6 4 153
10 49 70 38.517 -121.6 294 315 60 240 2014 7 2 18 31 6 4 153
10 49 70 38.518 -121.61 289 329 59 240 2014 7 2 18 32 6 4 153
10 49 70 38.588 -121.66 290 321 45 240 2014 7 2 18 33 6 4 153
10 49 70 38.655 -121.7 269 338 40 240 2014 7 2 18 34 6 4 153
10 49 70 38.767 -121.67 223 359 23 240 2014 7 2 18 35 16 4 153
10 49 70 38.783 -121.6 180 36 19 240 2014 7 2 18 36 6 4 153
10 49 70 38.75 -121.58 145 91 8 240 2014 7 2 18 37 6 4 153
10 49 70 38.7 -121.58 129 171 2 240 2014 7 2 18 38 6 4 153
10 49 70 38.703 -121.58 148 180 4 240 2014 7 2 18 39 6 4 153
11 49 70 34.056 -117.6 150 0 9 400 2014 7 2 19 29 6 1 6
11 49 70 34.054 -117.74 198 257 50 400 2014 7 2 19 31 6 1 6
11 49 70 34.073 -117.81 218 269 74 400 2014 7 2 19 32 6 1 6
11 49 70 34.115 -117.86 221 279 108 400 2014 7 2 19 33 15 1 6
11 49 70 34.188 -117.96 335 300 132 400 2014 7 2 19 34 6 1 21
11 49 70 34.255 -118.05 361 312 171 400 2014 7 2 19 35 6 1 21
11 49 70 34.34 -118.11 361 328 171 400 2014 7 2 19 36 6 1 21
11 49 70 34.325 -118.15 381 317 203 400 2014 7 2 19 37 7 1 21
11 49 70 34.395 -118.25 403 311 236 400 2014 7 2 19 38 6 1 21
11 49 70 34.469 -118.36 412 309 264 400 2014 7 2 19 39 6 1 53
11 49 70 34.637 -118.53 435 312 308 400 2014 7 2 19 40 6 1 53
11 49 70 34.747 -118.6 447 331 330 400 2014 7 2 19 41 6 1 53
11 49 70 34.857 -118.67 449 331 355 400 2014 7 2 19 42 16 1 53
11 49 70 34.962 -118.75 445 330 374 400 2014 7 2 19 43 6 1 53
11 49 70 35.069 -118.82 441 331 389 400 2014 7 2 19 44 6 1 53
11 49 70 35.11 -118.85 439 331 395 400 2014 7 2 19 45 6 1 53
11 49 70 35.303 -118.97 441 332 400 400 2014 7 2 19 46 6 1 53
11 49 70 35.411 -119.05 441 331 400 400 2014 7 2 19 47 6 1 53
11 49 70 35.521 -119.11 442 330 400 400 2014 7 2 19 48 6 1 53
11 49 70 35.637 -119.17 448 336 400 400 2014 7 2 19 49 6 1 53
11 49 70 35.683 -119.2 449 337 400 400 2014 7 2 19 50 6 1 53
11 49 70 35.815 -119.28 447 335 400 400 2014 7 2 19 51 6 1 53
11 49 70 35.928 -119.35 452 331 400 400 2014 7 2 19 52 16 1 53
11 49 70 36.038 -119.43 453 332 400 400 2014 7 2 19 53 6 1 53
11 49 70 36.149 -119.5 452 332 400 400 2014 7 2 19 54 6 4 187
11 49 70 36.258 -119.57 452 332 400 400 2014 7 2 19 55 6 4 187
11 49 70 36.322 -119.61 450 331 400 400 2014 7 2 19 56 6 4 187
11 49 70 36.499 -119.73 450 332 400 400 2014 7 2 19 57 15 4 187
11 49 70 36.542 -119.76 450 332 400 400 2014 7 2 19 58 6 4 187
11 49 70 36.65 -119.83 446 331 400 400 2014 7 2 19 59 16 4 187
11 49 70 36.782 -119.92 446 332 400 400 2014 7 2 20 0 6 4 187
11 49 70 36.893 -119.99 447 332 398 400 2014 7 2 20 1 7 4 187
11 49 70 37.001 -120.07 448 329 371 400 2014 7 2 20 2 16 4 187
11 49 70 37.117 -120.14 448 331 340 400 2014 7 2 20 3 6 4 187
11 49 70 37.227 -120.22 448 331 299 400 2014 7 2 20 4 6 4 187
11 49 70 37.339 -120.29 457 331 265 400 2014 7 2 20 5 6 4 187
11 49 70 37.447 -120.37 447 332 240 400 2014 7 2 20 6 6 4 184
11 49 70 37.533 -120.47 405 318 229 400 2014 7 2 20 7 6 4 152
11 49 70 37.621 -120.55 402 325 219 400 2014 7 2 20 8 16 4 152
11 49 70 37.725 -120.65 399 321 207 400 2014 7 2 20 9 6 4 152
11 49 70 37.811 -120.74 399 321 197 400 2014 7 2 20 10 6 4 177
11 49 70 37.898 -120.82 397 315 187 400 2014 7 2 20 11 6 4 177
11 49 70 37.967 -120.9 390 321 178 400 2014 7 2 20 12 6 4 172
11 49 70 38.05 -120.98 387 320 166 400 2014 7 2 20 13 6 4 172
11 49 70 38.117 -121.07 392 322 156 400 2014 7 2 20 14 6 4 172
11 49 70 38.2 -121.18 390 311 145 400 2014 7 2 20 15 6 4 172
11 49 70 38.25 -121.27 383 310 136 400 2014 7 2 20 16 6 4 172
11 49 70 38.333 -121.37 375 311 126 400 2014 7 2 20 17 6 4 172
11 49 70 38.345 -121.41 381 316 121 400 2014 7 2 20 18 6 4 172
11 49 70 38.413 -121.51 366 310 99 400 2014 7 2 20 19 6 4 153
11 49 70 38.476 -121.58 319 302 91 400 2014 7 2 20 20 16 4 153
11 49 70 38.583 -121.67 297 329 66 400 2014 7 2 20 21 6 4 153
11 49 70 38.667 -121.68 289 334 52 400 2014 7 2 20 22 6 4 153
11 49 70 38.733 -121.68 256 2 33 400 2014 7 2 20 23 6 4 153
11 49 70 38.778 -121.6 200 27 19 400 2014 7 2 20 24 16 4 153
11 49 70 38.749 -121.58 145 107 9 400 2014 7 2 20 25 16 4 153
11 49 70 38.709 -121.58 138 180 3 400 2014 7 2 20 26 6 4 153
12 49 70 34.05 -117.62 158 0 17 360 2014 7 2 21 8 6 1 6
12 49 70 34.05 -117.68 206 266 33 360 2014 7 2 21 9 16 1 6
12 49 70 34.067 -117.77 237 270 59 360 2014 7 2 21 10 6 1 6
12 49 70 34.118 -117.84 283 302 93 360 2014 7 2 21 11 6 1 6
12 49 70 34.174 -117.93 325 297 115 360 2014 7 2 21 12 6 1 6
12 49 70 34.25 -118.04 360 309 151 360 2014 7 2 21 13 6 1 21
12 49 70 34.315 -118.13 362 314 178 360 2014 7 2 21 14 6 1 21
12 49 70 34.384 -118.23 389 314 200 360 2014 7 2 21 15 6 1 21
12 49 70 34.455 -118.34 408 309 225 360 2014 7 2 21 16 6 1 32
12 49 70 34.527 -118.45 406 309 235 360 2014 7 2 21 17 15 1 32
12 49 70 34.643 -118.53 416 309 262 360 2014 7 2 21 18 6 1 53
12 49 70 34.746 -118.6 425 329 278 360 2014 7 2 21 19 16 1 53
12 49 70 34.853 -118.67 435 330 298 360 2014 7 2 21 20 6 1 53
12 49 70 34.92 -118.72 431 331 310 360 2014 7 2 21 21 6 1 53
12 49 70 35.062 -118.81 427 331 332 360 2014 7 2 21 22 6 1 53
12 49 70 35.147 -118.87 430 331 341 360 2014 7 2 21 23 6 1 53
12 49 70 35.251 -118.94 429 331 358 360 2014 7 2 21 24 6 1 53
12 49 70 35.354 -119.01 427 332 360 360 2014 7 2 21 25 6 1 53
12 49 70 35.455 -119.08 422 331 360 360 2014 7 2 21 26 6 1 53
12 49 70 35.606 -119.16 421 335 360 360 2014 7 2 21 27 15 1 53
12 49 70 35.669 -119.19 426 337 360 360 2014 7 2 21 28 6 1 53
12 49 70 35.799 -119.26 422 337 360 360 2014 7 2 21 29 6 1 53
12 49 70 35.843 -119.28 420 337 360 360 2014 7 2 21 30 6 1 53
12 49 70 36.016 -119.37 423 337 360 360 2014 7 2 21 31 6 1 53
12 49 70 36.115 -119.44 417 333 360 360 2014 7 2 21 32 6 4 187
12 49 70 36.159 -119.47 422 329 360 360 2014 7 2 21 33 6 4 187
12 49 70 36.261 -119.54 422 331 360 360 2014 7 2 21 34 6 4 187
12 49 70 36.383 -119.62 422 331 360 360 2014 7 2 21 35 6 4 187
12 49 70 36.487 -119.7 423 331 359 360 2014 7 2 21 36 6 4 187
12 49 70 36.545 -119.74 419 330 353 360 2014 7 2 21 37 6 4 187
12 49 70 36.744 -119.87 405 331 333 360 2014 7 2 21 38 16 4 187
12 49 70 36.744 -119.87 405 331 333 360 2014 7 2 21 39 15 4 187
12 49 70 36.842 -119.94 406 331 324 200 2014 7 2 21 40 6 4 187
12 49 70 36.941 -120.01 407 331 320 200 2014 7 2 21 41 6 4 187
12 49 70 37.041 -120.08 413 330 320 200 2014 7 2 21 42 6 4 187
12 49 70 37.25 -120.23 443 330 283 200 2014 7 2 21 43 6 4 187
12 49 70 37.35 -120.3 464 330 248 200 2014 7 2 21 44 6 4 187
12 49 70 37.376 -120.32 433 332 244 200 2014 7 2 21 45 6 4 184
12 49 70 37.474 -120.4 419 326 222 200 2014 7 2 21 46 6 4 152
12 49 70 37.557 -120.48 394 326 200 200 2014 7 2 21 47 6 4 152
12 49 70 37.637 -120.56 375 321 175 200 2014 7 2 21 48 6 4 177
12 49 70 37.717 -120.64 373 321 160 200 2014 7 2 21 49 16 4 177
12 49 70 37.796 -120.72 362 321 147 200 2014 7 2 21 50 6 4 177
12 49 70 37.887 -120.81 348 315 125 200 2014 7 2 21 51 6 4 177
12 49 70 38 -120.93 333 320 100 200 2014 7 2 21 52 6 4 172
12 49 70 38.083 -121.02 340 321 100 200 2014 7 2 21 53 17 4 172
12 49 70 38.1 -121.04 335 321 100 200 2014 7 2 21 54 6 4 172
12 49 70 38.161 -121.13 339 307 100 200 2014 7 2 21 55 6 4 172
12 49 70 38.225 -121.23 342 310 100 200 2014 7 2 21 56 6 4 172
12 49 70 38.284 -121.31 321 315 100 200 2014 7 2 21 57 6 4 172
12 49 70 38.337 -121.39 301 313 100 200 2014 7 2 21 58 6 4 172
12 49 70 38.417 -121.52 294 310 75 200 2014 7 2 21 59 16 4 153
12 49 70 38.444 -121.55 292 307 67 200 2014 7 2 22 0 6 4 153
12 49 70 38.511 -121.6 286 321 52 200 2014 7 2 22 1 6 4 153
12 49 70 38.59 -121.66 280 321 35 200 2014 7 2 22 2 6 4 153
12 49 70 38.6 -121.67 268 329 34 200 2014 7 2 22 3 6 4 153
12 49 70 38.718 -121.7 237 335 26 200 2014 7 2 22 4 6 4 153
12 49 70 38.783 -121.68 216 358 27 200 2014 7 2 22 5 6 4 153
12 49 70 38.777 -121.7 236 13 26 200 2014 7 2 22 6 6 4 153
12 49 70 38.768 -121.6 181 148 15 200 2014 7 2 22 7 6 4 153
12 49 70 38.717 -121.6 137 180 3 200 2014 7 2 22 8 6 4 153
12 49 70 38.691 -121.6 154 180 4 200 2014 7 2 22 9 6 4 153
13 49 70 34.056 -117.6 150 0 9 400 2014 7 3 3 22 16 1 6
13 49 70 34.059 -117.63 171 0 23 400 2014 7 3 3 23 6 1 6
13 49 70 34.077 -117.69 186 277 38 400 2014 7 3 3 24 15 1 6
13 49 70 34.157 -117.84 279 297 93 400 2014 7 3 3 25 16 1 6
13 49 70 34.219 -117.9 279 322 93 400 2014 7 3 3 26 16 1 6
13 49 70 34.215 -117.95 315 309 122 400 2014 7 3 3 27 6 1 6
13 49 70 34.268 -118.05 356 302 152 400 2014 7 3 3 28 6 1 21
13 49 70 34.331 -118.16 379 302 180 400 2014 7 3 3 29 6 1 21
13 49 70 34.401 -118.26 400 304 210 400 2014 7 3 3 30 6 1 21
13 49 70 34.472 -118.37 403 308 236 400 2014 7 3 3 31 6 1 32
13 49 70 34.546 -118.47 404 316 240 400 2014 7 3 3 32 6 1 53
13 49 70 34.667 -118.55 416 320 240 400 2014 7 3 3 33 6 1 53
13 49 70 34.767 -118.62 414 332 243 400 2014 7 3 3 34 16 1 53
13 49 70 34.868 -118.69 414 331 264 400 2014 7 3 3 35 16 1 53
13 49 70 34.977 -118.76 427 330 283 400 2014 7 3 3 36 6 1 53
13 49 70 35.085 -118.83 441 331 300 400 2014 7 3 3 37 15 1 53
13 49 70 35.196 -118.9 452 331 317 400 2014 7 3 3 38 15 1 53
13 49 70 35.31 -118.98 463 331 338 400 2014 7 3 3 39 15 1 53
13 49 70 35.418 -119.05 454 331 353 400 2014 7 3 3 40 15 1 53
13 49 70 35.554 -119.13 454 331 370 400 2014 7 3 3 41 6 1 53
13 49 70 35.67 -119.19 456 338 387 400 2014 7 3 3 42 16 1 53
13 49 70 35.784 -119.25 451 337 397 400 2014 7 3 3 43 15 1 53
13 49 70 35.891 -119.32 441 335 400 400 2014 7 3 3 44 16 1 53
13 49 70 36 -119.39 445 330 400 400 2014 7 3 3 45 6 1 53
13 49 70 36.109 -119.46 445 332 400 400 2014 7 3 3 46 16 4 187
13 49 70 36.239 -119.55 445 331 400 400 2014 7 3 3 47 16 4 187
13 49 70 36.348 -119.62 445 332 400 400 2014 7 3 3 48 15 4 187
13 49 70 36.458 -119.7 447 331 400 400 2014 7 3 3 49 15 4 187
13 49 70 36.522 -119.74 448 331 400 400 2014 7 3 3 50 15 4 187
13 49 70 36.63 -119.81 446 331 400 400 2014 7 3 3 51 15 4 187
13 49 70 36.739 -119.88 446 332 399 400 2014 7 3 3 52 16 4 187
13 49 70 36.846 -119.96 445 347 382 400 2014 7 3 3 53 15 4 187
13 49 70 36.954 -120.03 445 331 365 400 2014 7 3 3 54 6 4 187
13 49 70 37.064 -120.1 445 331 348 200 2014 7 3 3 55 15 4 187
13 49 70 37.179 -120.18 444 331 315 200 2014 7 3 3 56 6 4 187
13 49 70 37.317 -120.27 478 331 272 200 2014 7 3 3 57 15 4 187
13 49 70 37.433 -120.35 481 331 241 200 2014 7 3 3 58 15 4 184
13 49 70 37.498 -120.43 426 321 231 200 2014 7 3 3 59 15 4 152
13 49 70 37.6 -120.53 378 324 218 200 2014 7 3 4 0 16 4 152
13 49 70 37.683 -120.61 381 323 209 200 2014 7 3 4 1 16 4 152
13 49 70 37.766 -120.69 382 321 200 200 2014 7 3 4 2 6 4 177
13 49 70 37.867 -120.78 396 318 190 200 2014 7 3 4 3 15 4 177
13 49 70 37.938 -120.87 396 319 173 200 2014 7 3 4 4 16 4 177
13 49 70 38.02 -120.95 387 317 162 200 2014 7 3 4 5 16 4 172
13 49 70 38.1 -121.05 379 320 150 200 2014 7 3 4 6 6 4 172
13 49 70 38.164 -121.14 369 311 140 200 2014 7 3 4 7 6 4 172
13 49 70 38.23 -121.24 363 310 129 200 2014 7 3 4 8 15 4 172
13 49 70 38.294 -121.33 357 310 117 200 2014 7 3 4 9 15 4 172
13 49 70 38.351 -121.41 324 307 108 200 2014 7 3 4 10 16 4 172
13 49 70 38.4 -121.5 293 312 93 200 2014 7 3 4 11 6 4 153
13 49 70 38.461 -121.56 292 316 78 200 2014 7 3 4 12 6 4 153
13 49 70 38.533 -121.62 288 327 65 200 2014 7 3 4 13 15 4 153
13 49 70 38.596 -121.67 281 331 48 200 2014 7 3 4 14 16 4 153
13 49 70 38.667 -121.7 281 327 37 200 2014 7 3 4 15 6 4 153
13 49 70 38.733 -121.68 238 341 33 200 2014 7 3 4 16 6 4 153
13 49 70 38.794 -121.68 215 0 21 200 2014 7 3 4 17 16 4 153
13 49 70 38.792 -121.61 177 66 13 200 2014 7 3 4 18 16 4 153
13 49 70 38.767 -121.6 154 93 12 200 2014 7 3 4 19 6 4 153
13 49 70 38.718 -121.6 142 180 2 200 2014 7 3 4 20 16 4 153
13 49 70 38.718 -121.6 142 180 2 200 2014 7 3 4 21 6 4 153
14 49 70 34.055 -117.63 170 0 21 360 2014 7 3 0 47 6 1 6
14 49 70 34.054 -117.7 199 267 41 360 2014 7 3 0 48 6 1 6
14 49 70 34.074 -117.78 253 268 62 360 2014 7 3 0 49 6 1 6
14 49 70 34.124 -117.85 280 294 89 360 2014 7 3 0 50 6 1 6
14 49 70 34.191 -117.95 314 298 108 360 2014 7 3 0 51 6 1 6
14 49 70 34.262 -118.01 314 324 108 360 2014 7 3 0 52 6 1 6
14 49 70 34.319 -118.14 365 309 153 360 2014 7 3 0 53 6 1 21
14 49 70 34.403 -118.21 365 326 153 360 2014 7 3 0 54 15 1 21
14 49 70 34.454 -118.34 390 309 192 360 2014 7 3 0 55 16 1 32
14 49 70 34.454 -118.34 390 309 192 360 2014 7 3 0 56 6 1 32
14 49 70 34.601 -118.51 404 309 226 360 2014 7 3 0 57 6 1 32
14 49 70 34.718 -118.58 401 331 241 360 2014 7 3 0 58 16 1 53
14 49 70 34.734 -118.6 405 331 243 360 2014 7 3 0 59 16 1 53
14 49 70 34.923 -118.72 417 331 267 360 2014 7 3 1 0 6 1 53
14 49 70 35.027 -118.79 421 331 279 360 2014 7 3 1 1 16 1 53
14 49 70 35.047 -118.8 425 331 281 360 2014 7 3 1 2 6 1 53
14 49 70 35.173 -118.89 430 331 294 360 2014 7 3 1 3 6 1 53
14 49 70 35.341 -119 428 331 312 360 2014 7 3 1 4 15 1 53
14 49 70 35.386 -119.03 434 330 317 360 2014 7 3 1 5 6 1 53
14 49 70 35.489 -119.1 432 331 327 360 2014 7 3 1 6 6 1 53
14 49 70 35.596 -119.15 425 335 334 360 2014 7 3 1 7 6 1 53
14 49 70 35.707 -119.21 428 337 341 360 2014 7 3 1 8 6 1 53
14 49 70 35.839 -119.28 430 338 351 360 2014 7 3 1 9 6 1 53
14 49 70 35.948 -119.33 430 337 357 360 2014 7 3 1 10 6 1 53
14 49 70 36.124 -119.42 431 337 360 360 2014 7 3 1 11 16 4 187
14 49 70 36.173 -119.45 443 337 360 360 2014 7 3 1 12 6 4 187
14 49 70 36.286 -119.51 443 337 360 360 2014 7 3 1 13 6 4 187
14 49 70 36.418 -119.58 436 337 360 360 2014 7 3 1 14 6 4 187
14 49 70 36.518 -119.65 429 331 360 360 2014 7 3 1 15 16 4 187
14 49 70 36.577 -119.7 428 328 360 360 2014 7 3 1 16 15 4 187
14 49 70 36.678 -119.77 428 328 360 360 2014 7 3 1 17 6 4 187
14 49 70 36.779 -119.85 427 328 360 360 2014 7 3 1 18 6 4 187
14 49 70 36.88 -119.93 428 328 360 360 2014 7 3 1 19 15 4 187
14 49 70 36.981 -120.01 428 328 359 360 2014 7 3 1 20 6 4 187
14 49 70 37.088 -120.09 427 328 329 360 2014 7 3 1 21 15 4 187
14 49 70 37.19 -120.17 429 328 298 360 2014 7 3 1 22 6 4 187
14 49 70 37.291 -120.25 428 328 272 200 2014 7 3 1 23 6 4 187
14 49 70 37.41 -120.34 419 329 243 200 2014 7 3 1 24 16 4 184
14 49 70 37.498 -120.42 399 326 222 200 2014 7 3 1 25 6 4 152
14 49 70 37.583 -120.51 393 321 197 200 2014 7 3 1 26 6 4 152
14 49 70 37.667 -120.59 392 316 173 200 2014 7 3 1 27 6 4 177
14 49 70 37.8 -120.73 377 321 161 200 2014 7 3 1 28 15 4 177
14 49 70 37.832 -120.76 379 321 161 200 2014 7 3 1 29 16 4 177
14 49 70 37.967 -120.9 386 321 161 200 2014 7 3 1 30 16 4 172
14 49 70 37.999 -120.93 385 321 161 200 2014 7 3 1 31 6 4 172
14 49 70 38.082 -121.01 384 321 161 200 2014 7 3 1 32 17 4 172
14 49 70 38.149 -121.12 376 310 150 200 2014 7 3 1 33 6 4 172
14 49 70 38.215 -121.21 366 316 139 200 2014 7 3 1 34 15 4 172
14 49 70 38.292 -121.33 354 307 121 200 2014 7 3 1 35 16 4 172
14 49 70 38.354 -121.42 347 310 110 200 2014 7 3 1 36 6 4 172
14 49 70 38.433 -121.55 333 310 100 200 2014 7 3 1 37 15 4 153
14 49 70 38.433 -121.55 333 310 100 200 2014 7 3 1 38 6 4 153
14 49 70 38.559 -121.64 304 320 82 200 2014 7 3 1 39 6 4 153
14 49 70 38.65 -121.7 284 329 64 200 2014 7 3 1 40 16 4 153
14 49 70 38.717 -121.7 235 350 57 200 2014 7 3 1 41 15 4 153
14 49 70 38.761 -121.71 226 0 52 200 2014 7 3 1 42 6 4 153
14 49 70 38.783 -121.72 203 355 48 200 2014 7 3 1 43 6 4 153
14 49 70 38.816 -121.71 214 21 39 200 2014 7 3 1 44 6 4 153
14 49 70 38.808 -121.6 186 75 18 200 2014 7 3 1 45 6 4 153
14 49 70 38.766 -121.6 164 133 11 200 2014 7 3 1 46 6 4 153
14 49 70 38.728 -121.6 150 180 4 200 2014 7 3 1 47 6 4 153
15 49 70 34.054 -117.62 154 0 400 400 2014 7 3 13 13 6 1 51
15 49 70 34.055 -117.68 207 260 47 400 2014 7 3 13 14 6 1 6
15 49 70 34.086 -117.75 242 269 76 400 2014 7 3 13 15 6 1 6
15 49 70 34.134 -117.83 284 286 112 400 2014 7 3 13 16 6 1 6
15 49 70 34.199 -117.94 334 302 159 400 2014 7 3 13 17 6 1 21
15 49 70 34.257 -118.04 356 305 198 400 2014 7 3 13 18 6 1 21
15 49 70 34.32 -118.14 373 305 229 400 2014 7 3 13 19 6 1 21
15 49 70 34.396 -118.23 391 306 244 400 2014 7 3 13 20 6 1 53
15 49 70 34.501 -118.3 403 318 271 400 2014 7 3 13 21 6 1 53
15 49 70 34.601 -118.36 421 324 296 400 2014 7 3 13 22 6 1 53
15 49 70 34.701 -118.42 436 332 318 400 2014 7 3 13 23 6 1 53
15 49 70 34.82 -118.5 442 333 347 400 2014 7 3 13 24 6 1 53
15 49 70 34.934 -118.57 441 333 370 400 2014 7 3 13 25 6 1 53
15 49 70 35.043 -118.63 440 333 390 400 2014 7 3 13 26 6 1 53
15 49 70 35.149 -118.7 435 332 400 400 2014 7 3 13 27 6 1 53
15 49 70 35.258 -118.76 436 333 400 400 2014 7 3 13 28 16 1 53
15 49 70 35.362 -118.83 433 332 400 400 2014 7 3 13 29 6 1 53
15 49 70 35.469 -118.9 432 332 400 400 2014 7 3 13 30 6 1 53
15 49 70 35.571 -118.96 428 332 400 400 2014 7 3 13 31 8 1 53
15 49 70 35.699 -119.05 427 332 400 400 2014 7 3 13 32 6 1 53
15 49 70 35.781 -119.1 429 332 400 400 2014 7 3 13 33 6 1 53
15 49 70 35.905 -119.19 427 328 400 400 2014 7 3 13 34 6 1 53
15 49 70 35.983 -119.25 427 329 400 400 2014 7 3 13 35 6 1 53
15 49 70 36.081 -119.32 420 328 400 400 2014 7 3 13 36 6 4 187
15 49 70 36.182 -119.4 422 328 400 400 2014 7 3 13 37 6 4 187
15 49 70 36.283 -119.47 424 328 400 400 2014 7 3 13 38 6 4 187
15 49 70 36.383 -119.55 424 328 400 400 2014 7 3 13 39 6 4 187
15 49 70 36.405 -119.57 423 328 400 400 2014 7 3 13 40 6 4 187
15 49 70 36.605 -119.72 425 328 400 240 2014 7 3 13 41 6 4 187
15 49 70 36.705 -119.8 426 328 400 240 2014 7 3 13 42 16 4 187
15 49 70 36.823 -119.81 426 355 400 240 2014 7 3 13 43 6 4 187
15 49 70 36.905 -119.95 423 328 375 240 2014 7 3 13 44 6 4 187
15 49 70 37.006 -120.03 423 328 345 240 2014 7 3 13 45 6 4 187
15 49 70 37.098 -120.1 423 328 321 240 2014 7 3 13 46 6 4 187
15 49 70 37.195 -120.17 415 328 297 240 2014 7 3 13 47 6 4 187
15 49 70 37.293 -120.25 415 328 297 240 2014 7 3 13 48 6 4 187
15 49 70 37.309 -120.26 402 328 269 200 2014 7 3 13 49 6 4 187
15 49 70 37.483 -120.4 390 328 234 200 2014 7 3 13 50 6 4 152
15 49 70 37.55 -120.47 377 325 225 200 2014 7 3 13 51 6 4 152
15 49 70 37.645 -120.57 370 315 213 200 2014 7 3 13 52 15 4 152
15 49 70 37.7 -120.63 360 321 206 200 2014 7 3 13 53 6 4 152
15 49 70 37.783 -120.72 362 321 195 200 2014 7 3 13 54 6 4 177
15 49 70 37.85 -120.78 357 321 186 200 2014 7 3 13 55 6 4 177
15 49 70 37.933 -120.85 356 321 176 200 2014 7 3 13 56 6 4 177
15 49 70 38 -120.92 351 321 167 200 2014 7 3 13 57 6 4 172
15 49 70 38.067 -121 350 321 158 200 2014 7 3 13 58 6 4 172
15 49 70 38.133 -121.08 336 317 148 200 2014 7 3 13 59 6 4 172
15 49 70 38.183 -121.17 331 310 139 200 2014 7 3 14 0 6 4 172
15 49 70 38.233 -121.25 324 310 129 200 2014 7 3 14 1 6 4 172
15 49 70 38.3 -121.33 323 310 114 200 2014 7 3 14 2 6 4 172
15 49 70 38.35 -121.42 310 310 99 200 2014 7 3 14 3 6 4 172
15 49 70 38.417 -121.5 293 310 83 200 2014 7 3 14 4 6 4 153
15 49 70 38.447 -121.56 293 316 71 200 2014 7 3 14 5 6 4 153
15 49 70 38.533 -121.62 287 326 51 200 2014 7 3 14 6 7 4 153
15 49 70 38.582 -121.66 278 331 38 200 2014 7 3 14 7 6 4 153
15 49 70 38.648 -121.7 268 338 30 200 2014 7 3 14 8 6 4 153
15 49 70 38.724 -121.71 231 0 30 200 2014 7 3 14 9 6 4 153
15 49 70 38.782 -121.71 213 0 30 200 2014 7 3 14 10 6 4 153
15 49 70 38.8 -121.65 183 70 21 200 2014 7 3 14 11 6 4 153
15 49 70 38.783 -121.6 172 109 14 200 2014 7 3 14 12 6 4 153
15 49 70 38.748 -121.6 140 180 9 200 2014 7 3 14 13 6 4 153
15 49 70 38.714 -121.6 126 180 2 200 2014 7 3 14 14 6 4 153
16 49 70 34.055 -117.63 159 257 23 400 2014 7 3 15 0 6 1 6
16 49 70 34.057 -117.7 237 267 44 400 2014 7 3 15 1 7 1 6
16 49 70 34.101 -117.78 272 276 75 400 2014 7 3 15 2 6 1 6
16 49 70 34.149 -117.86 290 301 108 400 2014 7 3 15 3 6 1 6
16 49 70 34.204 -117.95 330 305 137 400 2014 7 3 15 4 6 1 21
16 49 70 34.278 -118.02 330 324 137 400 2014 7 3 15 5 6 1 21
16 49 70 34.273 -118.07 351 312 160 400 2014 7 3 15 6 9 1 21
16 49 70 34.335 -118.16 355 305 177 400 2014 7 3 15 7 6 1 21
16 49 70 34.4 -118.26 372 307 212 400 2014 7 3 15 8 6 1 21
16 49 70 34.542 -118.46 403 308 269 400 2014 7 3 15 9 6 1 53
16 49 70 34.61 -118.51 421 310 286 400 2014 7 3 15 10 6 1 53
16 49 70 34.717 -118.58 438 330 307 400 2014 7 3 15 11 6 1 53
16 49 70 34.826 -118.66 445 331 330 400 2014 7 3 15 12 6 1 53
16 49 70 34.928 -118.74 451 330 357 400 2014 7 3 15 13 6 1 53
16 49 70 35.014 -118.84 432 317 377 400 2014 7 3 15 14 6 1 53
16 49 70 35.126 -118.91 453 326 395 400 2014 7 3 15 15 6 1 53
16 49 70 35.193 -118.95 444 334 400 400 2014 7 3 15 16 6 1 53
16 49 70 35.372 -119.03 438 338 400 400 2014 7 3 15 17 6 1 53
16 49 70 35.484 -119.09 437 337 400 400 2014 7 3 15 18 6 1 53
16 49 70 35.595 -119.15 437 337 400 400 2014 7 3 15 19 6 1 53
16 49 70 35.701 -119.21 431 334 400 400 2014 7 3 15 20 6 1 53
16 49 70 35.808 -119.28 432 332 400 400 2014 7 3 15 21 6 1 53
16 49 70 35.914 -119.35 432 332 400 400 2014 7 3 15 22 6 1 53
16 49 70 35.977 -119.39 431 331 400 400 2014 7 3 15 23 6 1 53
16 49 70 36.105 -119.48 431 332 400 400 2014 7 3 15 24 6 4 187
16 49 70 36.21 -119.55 431 332 400 400 2014 7 3 15 25 6 4 187
16 49 70 36.356 -119.64 430 331 400 400 2014 7 3 15 26 6 4 187
16 49 70 36.46 -119.71 430 332 400 400 2014 7 3 15 27 6 4 187
16 49 70 36.566 -119.78 430 331 400 400 2014 7 3 15 28 6 4 187
16 49 70 36.671 -119.85 430 332 400 400 2014 7 3 15 29 6 4 187
16 49 70 36.776 -119.92 430 332 400 240 2014 7 3 15 30 6 4 187
16 49 70 36.777 -119.92 430 332 400 240 2014 7 3 15 31 6 4 187
16 49 70 36.883 -119.99 432 332 388 240 2014 7 3 15 32 6 4 187
16 49 70 37.011 -120.07 433 332 352 240 2014 7 3 15 33 6 4 187
16 49 70 37.11 -120.14 442 331 321 240 2014 7 3 15 34 6 4 187
16 49 70 37.218 -120.21 443 331 292 240 2014 7 3 15 35 6 4 187
16 49 70 37.417 -120.33 437 331 243 200 2014 7 3 15 36 6 4 184
16 49 70 37.5 -120.42 409 331 233 200 2014 7 3 15 37 6 4 152
16 49 70 37.528 -120.45 399 321 229 200 2014 7 3 15 38 6 4 152
16 49 70 37.667 -120.58 387 321 214 200 2014 7 3 15 39 8 4 152
16 49 70 37.75 -120.67 388 321 204 200 2014 7 3 15 40 6 4 177
16 49 70 37.833 -120.75 386 321 194 200 2014 7 3 15 41 6 4 177
16 49 70 37.9 -120.83 383 321 185 200 2014 7 3 15 42 6 4 177
16 49 70 37.983 -120.92 379 321 175 200 2014 7 3 15 43 6 4 172
16 49 70 38.031 -120.96 376 324 168 200 2014 7 3 15 44 6 4 172
16 49 70 38.133 -121.08 363 306 155 200 2014 7 3 15 45 6 4 172
16 49 70 38.2 -121.18 358 310 145 200 2014 7 3 15 46 6 4 172
16 49 70 38.267 -121.28 347 310 126 200 2014 7 3 15 47 6 4 172
16 49 70 38.317 -121.37 339 310 105 200 2014 7 3 15 48 6 4 172
16 49 70 38.367 -121.45 305 310 101 200 2014 7 3 15 49 16 4 172
16 49 70 38.433 -121.53 282 310 92 200 2014 7 3 15 50 10 4 153
16 49 70 38.483 -121.58 295 320 75 200 2014 7 3 15 51 6 4 153
16 49 70 38.552 -121.63 287 329 59 200 2014 7 3 15 52 16 4 153
16 49 70 38.616 -121.68 266 329 44 200 2014 7 3 15 53 6 4 153
16 49 70 38.683 -121.69 239 0 32 200 2014 7 3 15 54 6 4 153
16 49 70 38.76 -121.63 182 1 16 200 2014 7 3 15 56 6 4 153
16 49 70 38.735 -121.6 152 93 5 200 2014 7 3 15 57 6 4 153
16 49 70 38.695 -121.6 142 135 1 200 2014 7 3 15 58 6 4 153
17 49 70 34.056 -117.64 168 0 22 360 2014 7 3 17 36 6 1 6
17 49 70 34.055 -117.71 201 300 38 360 2014 7 3 17 37 6 1 6
17 49 70 34.084 -117.8 248 269 56 360 2014 7 3 17 38 16 1 6
17 49 70 34.138 -117.87 288 296 87 360 2014 7 3 17 39 6 1 6
17 49 70 34.196 -117.96 307 301 123 360 2014 7 3 17 40 6 1 6
17 49 70 34.183 -118.06 307 261 123 360 2014 7 3 17 41 6 1 8
17 49 70 34.31 -118.13 353 309 169 360 2014 7 3 17 42 6 1 21
17 49 70 34.386 -118.05 353 38 169 360 2014 7 3 17 43 6 1 21
17 49 70 34.508 -118.26 378 320 223 360 2014 7 3 17 44 6 1 22
17 49 70 34.528 -118.14 378 78 223 360 2014 7 3 17 45 6 1 22
17 49 70 34.663 -118.36 386 332 253 360 2014 7 3 17 46 7 1 53
17 49 70 34.763 -118.43 395 332 267 360 2014 7 3 17 47 6 1 53
17 49 70 34.867 -118.49 412 332 281 360 2014 7 3 17 48 6 1 53
17 49 70 34.975 -118.56 429 332 298 360 2014 7 3 17 49 6 1 53
17 49 70 35.084 -118.63 437 332 300 360 2014 7 3 17 50 6 1 53
17 49 70 35.217 -118.72 448 332 300 360 2014 7 3 17 51 7 1 53
17 49 70 35.328 -118.79 448 332 300 360 2014 7 3 17 52 6 1 53
17 49 70 35.44 -118.86 452 332 300 360 2014 7 3 17 53 6 1 53
17 49 70 35.551 -118.93 453 332 300 360 2014 7 3 17 54 6 1 53
17 49 70 35.662 -119 454 331 300 360 2014 7 3 17 55 6 1 53
17 49 70 35.773 -119.08 454 332 300 360 2014 7 3 17 56 6 1 53
17 49 70 35.9 -119.16 444 332 340 360 2014 7 3 17 57 6 1 53
17 49 70 35.943 -119.19 438 332 348 360 2014 7 3 17 58 6 1 53
17 49 70 36.043 -119.26 429 330 360 360 2014 7 3 17 59 6 1 53
17 49 70 36.204 -119.39 436 327 360 360 2014 7 3 18 0 6 4 187
17 49 70 36.267 -119.44 434 327 360 360 2014 7 3 18 1 6 4 187
17 49 70 36.369 -119.52 434 330 360 360 2014 7 3 18 2 6 4 187
17 49 70 36.47 -119.6 433 146 360 360 2014 7 3 18 3 6 4 187
17 49 70 36.53 -119.64 434 327 360 360 2014 7 3 18 4 6 4 187
17 49 70 36.631 -119.72 434 331 360 240 2014 7 3 18 5 6 4 187
17 49 70 36.732 -119.8 433 328 360 240 2014 7 3 18 6 6 4 187
17 49 70 36.833 -119.88 432 327 356 240 2014 7 3 18 7 6 4 187
17 49 70 36.933 -119.96 431 327 345 240 2014 7 3 18 8 6 4 187
17 49 70 37.034 -120.04 431 327 335 200 2014 7 3 18 9 6 4 187
17 49 70 37.151 -120.13 429 327 308 200 2014 7 3 18 10 6 4 187
17 49 70 37.249 -120.21 422 327 284 200 2014 7 3 18 11 6 4 187
17 49 70 37.344 -120.29 408 329 260 200 2014 7 3 18 12 6 4 187
17 49 70 37.5 -120.42 384 327 233 200 2014 7 3 18 13 6 4 152
17 49 70 37.516 -120.44 376 321 231 200 2014 7 3 18 14 6 4 152
17 49 70 37.667 -120.58 392 322 216 200 2014 7 3 18 15 6 4 152
17 49 70 37.705 -120.63 392 326 211 200 2014 7 3 18 16 6 4 152
17 49 70 37.833 -120.77 388 321 196 200 2014 7 3 18 17 16 4 177
17 49 70 37.917 -120.83 384 321 186 200 2014 7 3 18 18 16 4 177
17 49 70 38 -120.93 373 321 176 200 2014 7 3 18 19 6 4 172
17 49 70 38.067 -121 356 321 161 200 2014 7 3 18 20 6 4 172
17 49 70 38.105 -121.05 348 321 156 200 2014 7 3 18 21 6 4 172
17 49 70 38.2 -121.18 335 310 140 200 2014 7 3 18 22 6 4 172
17 49 70 38.227 -121.23 336 315 136 200 2014 7 3 18 23 6 4 172
17 49 70 38.301 -121.34 336 307 124 200 2014 7 3 18 24 8 4 172
17 49 70 38.361 -121.43 335 310 109 200 2014 7 3 18 25 6 4 172
17 49 70 38.411 -121.51 316 315 95 200 2014 7 3 18 26 6 4 153
17 49 70 38.481 -121.58 301 307 79 200 2014 7 3 18 27 6 4 153
17 49 70 38.567 -121.65 281 321 61 200 2014 7 3 18 28 6 4 153
17 49 70 38.613 -121.68 273 332 51 200 2014 7 3 18 29 7 4 153
17 49 70 38.7 -121.7 259 328 41 200 2014 7 3 18 30 6 4 153
17 49 70 38.685 -121.7 276 350 41 200 2014 7 3 18 31 6 4 153
17 49 70 38.814 -121.71 222 1 29 200 2014 7 3 18 32 6 4 153
17 49 70 38.846 -121.65 221 0 20 200 2014 7 3 18 33 6 4 153
17 49 70 38.85 -121.65 213 56 20 200 2014 7 3 18 34 7 4 153
17 49 70 38.806 -121.61 204 142 18 200 2014 7 3 18 35 6 4 153
17 49 70 38.763 -121.6 175 180 12 200 2014 7 3 18 36 6 4 153
17 49 70 38.728 -121.6 143 180 5 200 2014 7 3 18 37 6 4 153
18 49 70 34.056 -117.6 150 0 9 400 2014 7 3 19 24 6 1 6
18 49 70 34.056 -117.65 174 326 27 400 2014 7 3 19 26 6 1 6
18 49 70 34.097 -117.82 293 302 90 400 2014 7 3 19 27 6 1 6
18 49 70 34.159 -117.91 318 296 116 400 2014 7 3 19 28 9 1 6
18 49 70 34.226 -118.01 374 295 149 400 2014 7 3 19 29 6 1 21
18 49 70 34.295 -118.1 385 309 178 400 2014 7 3 19 30 6 1 21
18 49 70 34.368 -118.21 410 316 206 400 2014 7 3 19 31 6 1 21
18 49 70 34.443 -118.32 425 309 235 400 2014 7 3 19 32 6 1 32
18 49 70 34.552 -118.43 432 306 263 400 2014 7 3 19 33 6 1 53
18 49 70 34.667 -118.49 452 315 280 400 2014 7 3 19 34 6 1 53
18 49 70 34.792 -118.57 463 334 299 400 2014 7 3 19 35 6 1 53
18 49 70 34.912 -118.64 474 334 322 400 2014 7 3 19 36 6 1 53
18 49 70 35.029 -118.7 472 334 347 400 2014 7 3 19 37 6 1 53
18 49 70 35.142 -118.77 460 334 364 400 2014 7 3 19 38 6 1 53
18 49 70 35.259 -118.84 460 334 379 400 2014 7 3 19 39 6 1 53
18 49 70 35.392 -118.92 454 334 397 400 2014 7 3 19 40 6 1 53
18 49 70 35.505 -118.98 453 334 400 400 2014 7 3 19 41 6 1 53
18 49 70 35.619 -119.05 450 333 400 400 2014 7 3 19 42 6 1 53
18 49 70 35.618 -119.05 453 334 400 400 2014 7 3 19 43 6 1 53
18 49 70 35.728 -119.12 448 334 400 400 2014 7 3 19 44 10 1 53
18 49 70 35.84 -119.18 444 333 400 400 2014 7 3 19 45 6 1 53
18 49 70 35.971 -119.26 441 333 400 400 2014 7 3 19 46 6 1 53
18 49 70 36.079 -119.32 438 334 400 400 2014 7 3 19 47 6 4 187
18 49 70 36.191 -119.39 441 334 400 400 2014 7 3 19 48 6 4 187
18 49 70 36.298 -119.46 440 333 400 400 2014 7 3 19 49 6 4 187
18 49 70 36.41 -119.53 441 333 400 400 2014 7 3 19 51 6 4 187
18 49 70 36.41 -119.53 441 333 400 400 2014 7 3 19 51 6 4 187
18 49 70 36.614 -119.69 441 333 400 400 2014 7 3 19 52 6 4 187
18 49 70 36.739 -119.79 445 327 400 400 2014 7 3 19 53 6 4 187
18 49 70 36.843 -119.88 445 327 399 400 2014 7 3 19 54 6 4 187
18 49 70 36.945 -119.96 444 350 378 240 2014 7 3 19 55 6 4 187
18 49 70 37.047 -120.04 439 326 350 240 2014 7 3 19 56 6 4 187
18 49 70 37.146 -120.12 443 327 319 240 2014 7 3 19 57 6 4 187
18 49 70 37.271 -120.23 444 327 281 200 2014 7 3 19 58 6 4 187
18 49 70 37.417 -120.35 452 326 242 200 2014 7 3 19 59 6 4 184
18 49 70 37.517 -120.43 434 325 232 200 2014 7 3 20 0 6 4 152
18 49 70 37.562 -120.49 425 326 227 200 2014 7 3 20 1 6 4 152
18 49 70 37.683 -120.62 418 321 213 200 2014 7 3 20 2 6 4 152
18 49 70 37.783 -120.7 412 321 203 200 2014 7 3 20 3 6 4 177
18 49 70 37.867 -120.8 408 321 193 200 2014 7 3 20 4 6 4 177
18 49 70 37.95 -120.88 405 321 183 200 2014 7 3 20 5 6 4 177
18 49 70 38.033 -120.97 401 321 172 200 2014 7 3 20 6 7 4 172
18 49 70 38.106 -121.05 392 315 164 200 2014 7 3 20 7 6 4 172
18 49 70 38.176 -121.16 390 310 154 200 2014 7 3 20 8 6 4 172
18 49 70 38.246 -121.26 386 312 138 200 2014 7 3 20 9 6 4 172
18 49 70 38.315 -121.36 381 307 123 200 2014 7 3 20 10 16 4 172
18 49 70 38.382 -121.46 371 310 108 200 2014 7 3 20 11 6 4 172
18 49 70 38.467 -121.57 356 312 99 200 2014 7 3 20 12 6 4 153
18 49 70 38.533 -121.62 314 316 92 200 2014 7 3 20 13 6 4 153
18 49 70 38.6 -121.68 295 327 73 200 2014 7 3 20 14 6 4 153
18 49 70 38.675 -121.7 294 351 53 200 2014 7 3 20 15 6 4 153
18 49 70 38.77 -121.71 289 341 30 200 2014 7 3 20 16 6 4 153
18 49 70 38.789 -121.65 215 74 26 200 2014 7 3 20 17 6 4 153
18 49 70 38.767 -121.6 162 67 14 200 2014 7 3 20 18 6 4 153
18 49 70 38.733 -121.6 134 122 4 200 2014 7 3 20 19 6 4 153
18 49 70 38.729 -121.6 151 180 4 200 2014 7 3 20 20 6 4 153
19 49 70 34.056 -117.63 169 0 20 360 2014 7 3 21 6 6 1 6
19 49 70 34.057 -117.7 178 269 42 360 2014 7 3 21 7 6 1 6
19 49 70 34.075 -117.78 237 270 59 360 2014 7 3 21 8 6 1 6
19 49 70 34.128 -117.86 291 293 87 360 2014 7 3 21 9 6 1 6
19 49 70 34.181 -117.94 300 307 115 360 2014 7 3 21 10 6 1 6
19 49 70 34.237 -118.02 311 309 141 360 2014 7 3 21 11 6 1 21
19 49 70 34.309 -118.12 343 314 158 360 2014 7 3 21 12 6 1 21
19 49 70 34.377 -118.22 382 309 176 360 2014 7 3 21 13 6 1 21
19 49 70 34.447 -118.33 397 315 199 360 2014 7 3 21 14 6 1 32
19 49 70 34.53 -118.41 395 309 222 360 2014 7 3 21 15 6 1 32
19 49 70 34.63 -118.47 397 326 240 360 2014 7 3 21 16 6 1 53
19 49 70 34.732 -118.53 404 334 256 360 2014 7 3 21 17 6 1 53
19 49 70 34.87 -118.57 427 345 270 360 2014 7 3 21 18 6 1 53
19 49 70 34.99 -118.63 447 339 283 360 2014 7 3 21 19 6 1 53
19 49 70 35.099 -118.7 446 333 298 360 2014 7 3 21 20 7 1 53
19 49 70 35.212 -118.77 448 332 313 360 2014 7 3 21 21 10 1 53
19 49 70 35.322 -118.83 447 332 331 360 2014 7 3 21 22 6 1 53
19 49 70 35.426 -118.9 428 333 344 360 2014 7 3 21 23 6 1 53
19 49 70 35.509 -118.95 428 333 352 360 2014 7 3 21 24 6 1 53
19 49 70 35.661 -119.04 429 333 360 360 2014 7 3 21 25 8 1 53
19 49 70 35.743 -119.09 429 333 360 360 2014 7 3 21 26 6 1 53
19 49 70 35.85 -119.16 431 332 360 360 2014 7 3 21 27 6 1 53
19 49 70 35.979 -119.25 430 332 359 360 2014 7 3 21 28 6 1 53
19 49 70 36.057 -119.3 425 332 360 360 2014 7 3 21 29 6 1 53
19 49 70 36.159 -119.38 427 328 360 360 2014 7 3 21 30 6 4 187
19 49 70 36.203 -119.42 430 328 360 360 2014 7 3 21 31 6 4 187
19 49 70 36.383 -119.55 430 329 360 360 2014 7 3 21 32 6 4 187
19 49 70 36.486 -119.63 430 328 360 360 2014 7 3 21 33 6 4 187
19 49 70 36.588 -119.71 433 329 360 360 2014 7 3 21 34 6 4 187
19 49 70 36.703 -119.75 433 343 360 360 2014 7 3 21 35 6 4 187
19 49 70 36.689 -119.78 433 334 360 360 2014 7 3 21 36 6 4 187
19 49 70 36.792 -119.86 433 328 360 360 2014 7 3 21 37 6 4 187
19 49 70 36.913 -119.96 432 345 360 360 2014 7 3 21 38 6 4 187
19 49 70 37.016 -120.03 432 328 356 200 2014 7 3 21 39 6 4 187
19 49 70 37.15 -120.13 430 328 317 200 2014 7 3 21 40 6 4 187
19 49 70 37.267 -120.23 447 328 281 200 2014 7 3 21 41 6 4 187
19 49 70 37.35 -120.3 461 327 256 200 2014 7 3 21 42 6 4 187
19 49 70 37.467 -120.38 441 328 236 200 2014 7 3 21 43 6 4 152
19 49 70 37.55 -120.47 405 321 226 200 2014 7 3 21 44 6 4 152
19 49 70 37.633 -120.57 397 321 216 200 2014 7 3 21 45 6 4 152
19 49 70 37.733 -120.65 395 320 206 200 2014 7 3 21 46 6 4 152
19 49 70 37.8 -120.73 398 322 197 200 2014 7 3 21 47 6 4 177
19 49 70 37.9 -120.82 398 321 187 200 2014 7 3 21 48 6 4 177
19 49 70 37.983 -120.92 400 321 176 200 2014 7 3 21 49 6 4 172
19 49 70 38.06 -120.99 397 325 162 200 2014 7 3 21 50 6 4 172
19 49 70 38.127 -121.08 361 310 155 200 2014 7 3 21 51 6 4 172
19 49 70 38.191 -121.18 352 310 138 200 2014 7 3 21 52 6 4 172
19 49 70 38.255 -121.27 350 310 115 200 2014 7 3 21 53 6 4 172
19 49 70 38.317 -121.37 354 308 103 200 2014 7 3 21 54 6 4 172
19 49 70 38.384 -121.46 351 309 100 200 2014 7 3 21 55 6 4 172
19 49 70 38.441 -121.55 315 313 90 200 2014 7 3 21 56 6 4 153
19 49 70 38.512 -121.6 296 327 75 200 2014 7 3 21 57 6 4 153
19 49 70 38.583 -121.66 295 329 60 200 2014 7 3 21 58 6 4 153
19 49 70 38.67 -121.69 277 338 46 200 2014 7 3 21 59 6 4 153
19 49 70 38.717 -121.7 266 343 40 200 2014 7 3 22 0 6 4 153
19 49 70 38.783 -121.68 243 16 34 200 2014 7 3 22 1 6 4 153
19 49 70 38.794 -121.61 178 81 21 200 2014 7 3 22 2 6 4 153
19 49 70 38.756 -121.6 155 142 9 200 2014 7 3 22 3 6 4 153
19 49 70 38.717 -121.6 146 180 2 200 2014 7 3 22 4 6 4 153
20 49 70 34.056 -117.63 157 0 24 380 2014 7 4 3 56 6 1 6
20 49 70 34.069 -117.69 227 269 41 380 2014 7 4 3 57 6 1 6
20 49 70 34.144 -117.83 274 295 93 380 2014 7 4 3 58 15 1 6
20 49 70 34.144 -117.83 274 295 93 380 2014 7 4 3 59 6 1 6
20 49 70 34.204 -117.88 274 322 93 380 2014 7 4 4 0 6 1 6
20 49 70 34.26 -118.04 355 313 158 380 2014 7 4 4 1 6 1 21
20 49 70 34.321 -118.14 378 303 188 380 2014 7 4 4 2 6 1 21
20 49 70 34.39 -118.24 398 304 213 380 2014 7 4 4 3 16 1 21
20 49 70 34.462 -118.35 414 307 241 380 2014 7 4 4 4 6 1 53
20 49 70 34.536 -118.46 414 309 265 380 2014 7 4 4 5 16 1 53
20 49 70 34.641 -118.53 437 317 285 380 2014 7 4 4 6 6 1 53
20 49 70 34.749 -118.61 443 331 303 380 2014 7 4 4 7 6 1 53
20 49 70 34.884 -118.7 458 331 327 380 2014 7 4 4 8 6 1 53
20 49 70 34.982 -118.76 458 331 344 380 2014 7 4 4 9 6 1 53
20 49 70 35.092 -118.83 454 331 359 380 2014 7 4 4 10 6 1 53
20 49 70 35.226 -118.92 454 331 366 380 2014 7 4 4 11 6 1 53
20 49 70 35.398 -119.04 452 330 380 380 2014 7 4 4 12 15 1 53
20 49 70 35.443 -119.07 446 331 380 380 2014 7 4 4 13 6 1 53
20 49 70 35.554 -119.13 441 331 380 380 2014 7 4 4 14 6 1 53
20 49 70 35.67 -119.19 446 338 380 380 2014 7 4 4 15 6 1 53
20 49 70 35.784 -119.25 447 337 380 380 2014 7 4 4 16 6 1 53
20 49 70 35.9 -119.31 450 337 380 380 2014 7 4 4 17 6 1 53
20 49 70 36.038 -119.38 449 337 380 380 2014 7 4 4 18 16 1 53
20 49 70 36.153 -119.44 449 337 380 380 2014 7 4 4 19 15 4 187
20 49 70 36.265 -119.5 447 337 380 380 2014 7 4 4 20 15 4 187
20 49 70 36.369 -119.58 437 330 380 380 2014 7 4 4 21 6 4 187
20 49 70 36.476 -119.66 439 330 380 380 2014 7 4 4 22 6 4 187
20 49 70 36.537 -119.7 441 329 380 380 2014 7 4 4 23 6 4 187
20 49 70 36.643 -119.77 441 329 380 380 2014 7 4 4 24 15 4 187
20 49 70 36.77 -119.87 441 330 376 380 2014 7 4 4 25 15 4 187
20 49 70 36.874 -119.94 441 329 366 380 2014 7 4 4 26 15 4 187
20 49 70 36.978 -120.02 438 329 347 380 2014 7 4 4 27 8 4 187
20 49 70 37.083 -120.1 438 329 332 380 2014 7 4 4 28 6 4 187
20 49 70 37.184 -120.17 430 329 304 380 2014 7 4 4 29 6 4 187
20 49 70 37.288 -120.25 430 329 277 200 2014 7 4 4 30 6 4 187
20 49 70 37.391 -120.33 430 331 249 200 2014 7 4 4 31 6 4 184
20 49 70 37.486 -120.41 420 321 233 200 2014 7 4 4 32 6 4 152
20 49 70 37.633 -120.57 423 321 217 200 2014 7 4 4 33 15 4 152
20 49 70 37.672 -120.6 426 316 213 200 2014 7 4 4 34 6 4 152
20 49 70 37.763 -120.69 421 321 203 200 2014 7 4 4 35 6 4 177
20 49 70 37.852 -120.78 412 321 192 200 2014 7 4 4 36 6 4 177
20 49 70 37.958 -120.89 407 326 173 200 2014 7 4 4 37 6 4 172
20 49 70 38.046 -120.97 404 316 153 200 2014 7 4 4 38 16 4 172
20 49 70 38.121 -121.07 396 321 133 200 2014 7 4 4 39 16 4 172
20 49 70 38.217 -121.22 377 310 105 200 2014 7 4 4 40 15 4 172
20 49 70 38.259 -121.28 379 310 100 200 2014 7 4 4 41 6 4 172
20 49 70 38.35 -121.4 365 310 100 200 2014 7 4 4 42 15 4 172
20 49 70 38.417 -121.5 313 310 96 200 2014 7 4 4 43 15 4 153
20 49 70 38.483 -121.57 292 310 82 200 2014 7 4 4 44 16 4 153
20 49 70 38.55 -121.63 297 328 64 200 2014 7 4 4 45 15 4 153
20 49 70 38.586 -121.66 291 321 54 200 2014 7 4 4 46 6 4 153
20 49 70 38.683 -121.7 277 335 33 200 2014 7 4 4 47 16 4 153
20 49 70 38.75 -121.72 225 356 30 200 2014 7 4 4 48 15 4 153
20 49 70 38.817 -121.7 214 356 27 200 2014 7 4 4 49 16 4 153
20 49 70 38.818 -121.66 211 11 21 200 2014 7 4 4 50 16 4 153
20 49 70 38.803 -121.6 200 89 17 200 2014 7 4 4 51 6 4 153
20 49 70 38.76 -121.6 171 142 10 200 2014 7 4 4 52 15 4 153
20 49 70 38.724 -121.6 147 180 4 200 2014 7 4 4 53 15 4 153
20 49 70 38.724 -121.6 147 180 4 200 2014 7 4 4 54 6 4 153
21 49 70 34.05 -117.62 166 0 18 360 2014 7 4 0 33 6 1 6
21 49 70 34.056 -117.65 189 244 26 360 2014 7 4 0 34 6 1 6
21 49 70 34.056 -117.72 208 269 43 360 2014 7 4 0 35 6 1 6
21 49 70 34.098 -117.82 266 273 69 360 2014 7 4 0 36 6 1 6
21 49 70 34.151 -117.89 285 299 99 360 2014 7 4 0 37 6 1 6
21 49 70 34.204 -117.97 302 304 119 360 2014 7 4 0 38 6 1 6
21 49 70 34.263 -118.05 329 310 143 360 2014 7 4 0 39 6 1 21
21 49 70 34.326 -118.15 362 314 162 360 2014 7 4 0 40 6 1 21
21 49 70 34.407 -118.27 386 309 188 360 2014 7 4 0 41 7 1 32
21 49 70 34.476 -118.37 390 315 207 360 2014 7 4 0 42 6 1 32
21 49 70 34.552 -118.47 401 309 227 360 2014 7 4 0 43 6 1 32
21 49 70 34.649 -118.54 405 319 246 360 2014 7 4 0 44 6 1 53
21 49 70 34.75 -118.61 412 331 261 360 2014 7 4 0 45 6 1 53
21 49 70 34.855 -118.68 426 331 272 360 2014 7 4 0 46 6 1 53
21 49 70 34.971 -118.75 440 331 288 360 2014 7 4 0 47 6 1 53
21 49 70 35.1 -118.84 443 332 311 360 2014 7 4 0 48 6 1 53
21 49 70 35.206 -118.91 437 331 324 360 2014 7 4 0 49 6 1 53
21 49 70 35.314 -118.98 439 330 339 360 2014 7 4 0 50 6 1 53
21 49 70 35.419 -119.05 437 331 355 360 2014 7 4 0 51 6 1 53
21 49 70 35.525 -119.12 431 331 360 360 2014 7 4 0 52 6 1 53
21 49 70 35.636 -119.17 431 336 360 360 2014 7 4 0 53 6 1 53
21 49 70 35.769 -119.24 432 337 360 360 2014 7 4 0 54 6 1 53
21 49 70 35.879 -119.3 432 337 360 360 2014 7 4 0 55 6 1 53
21 49 70 35.923 -119.32 433 337 360 360 2014 7 4 0 56 6 1 53
21 49 70 36.049 -119.39 426 336 360 360 2014 7 4 0 57 6 1 53
21 49 70 36.197 -119.5 430 331 360 360 2014 7 4 0 58 15 4 187
21 49 70 36.259 -119.54 432 330 360 360 2014 7 4 0 59 6 4 187
21 49 70 36.365 -119.61 434 330 360 360 2014 7 4 1 0 6 4 187
21 49 70 36.471 -119.68 435 331 360 360 2014 7 4 1 1 7 4 187
21 49 70 36.578 -119.76 440 331 360 360 2014 7 4 1 2 16 4 187
21 49 70 36.706 -119.84 439 331 359 320 2014 7 4 1 3 6 4 187
21 49 70 36.812 -119.92 440 331 349 240 2014 7 4 1 4 6 4 187
21 49 70 36.919 -120 441 330 339 240 2014 7 4 1 5 6 4 187
21 49 70 37.025 -120.07 441 342 325 240 2014 7 4 1 6 6 4 187
21 49 70 37.127 -120.14 443 330 310 240 2014 7 4 1 7 6 4 187
21 49 70 37.255 -120.23 442 331 298 240 2014 7 4 1 8 6 4 187
21 49 70 37.358 -120.3 429 331 275 240 2014 7 4 1 9 6 4 187
21 49 70 37.462 -120.38 429 331 275 200 2014 7 4 1 10 13 4 184
21 49 70 37.55 -120.48 421 324 216 200 2014 7 4 1 11 6 4 152
21 49 70 37.6 -120.52 383 320 207 200 2014 7 4 1 12 6 4 152
21 49 70 37.683 -120.6 369 322 197 200 2014 7 4 1 13 6 4 152
21 49 70 37.75 -120.68 379 321 189 200 2014 7 4 1 14 6 4 177
21 49 70 37.833 -120.77 385 321 178 200 2014 7 4 1 15 6 4 177
21 49 70 37.933 -120.85 392 321 169 200 2014 7 4 1 16 6 4 177
21 49 70 38.067 -121 388 316 149 200 2014 7 4 1 17 6 4 172
21 49 70 38.083 -121.03 368 321 145 200 2014 7 4 1 18 6 4 172
21 49 70 38.15 -121.12 350 311 134 200 2014 7 4 1 19 16 4 172
21 49 70 38.217 -121.2 348 310 126 200 2014 7 4 1 20 6 4 172
21 49 70 38.283 -121.3 352 310 116 200 2014 7 4 1 21 6 4 172
21 49 70 38.333 -121.4 358 310 107 200 2014 7 4 1 22 6 4 172
21 49 70 38.4 -121.48 320 310 99 200 2014 7 4 1 23 6 4 172
21 49 70 38.467 -121.57 293 311 85 200 2014 7 4 1 24 6 4 153
21 49 70 38.517 -121.62 294 327 71 200 2014 7 4 1 25 6 4 153
21 49 70 38.581 -121.66 292 331 66 200 2014 7 4 1 26 6 4 153
21 49 70 38.651 -121.7 284 338 50 200 2014 7 4 1 27 6 4 153
21 49 70 38.743 -121.71 276 348 40 200 2014 7 4 1 28 6 4 153
21 49 70 38.805 -121.71 228 0 36 200 2014 7 4 1 29 6 4 153
21 49 70 38.833 -121.67 210 46 27 200 2014 7 4 1 30 6 4 153
21 49 70 38.8 -121.62 191 123 21 200 2014 7 4 1 31 7 4 153
21 49 70 38.764 -121.6 170 163 12 200 2014 7 4 1 32 6 4 153
21 49 70 38.727 -121.6 147 180 4 200 2014 7 4 1 33 6 4 153
22 49 70 34.056 -117.63 167 244 22 400 2014 7 4 17 26 6 1 6
22 49 70 34.054 -117.7 232 269 37 400 2014 7 4 17 27 6 1 6
22 49 70 34.089 -117.8 280 273 69 400 2014 7 4 17 28 6 1 6
22 49 70 34.141 -117.88 292 283 107 400 2014 7 4 17 29 15 1 6
22 49 70 34.201 -117.97 351 300 133 400 2014 7 4 17 30 16 1 21
22 49 70 34.265 -118.06 358 314 153 400 2014 7 4 17 31 6 1 21
22 49 70 34.329 -118.15 363 309 179 400 2014 7 4 17 32 15 1 21
22 49 70 34.411 -118.28 397 315 212 400 2014 7 4 17 33 15 1 32
22 49 70 34.483 -118.38 409 309 230 400 2014 7 4 17 34 6 1 32
22 49 70 34.562 -118.48 408 309 251 400 2014 7 4 17 35 15 1 53
22 49 70 34.633 -118.53 408 319 268 400 2014 7 4 17 36 6 1 53
22 49 70 34.774 -118.6 425 335 292 400 2014 7 4 17 37 16 1 53
22 49 70 34.9 -118.67 450 335 314 360 2014 7 4 17 38 6 1 53
22 49 70 35.013 -118.74 451 335 338 360 2014 7 4 17 39 15 1 53
22 49 70 35.104 -118.79 449 335 351 360 2014 7 4 17 40 6 1 53
22 49 70 35.216 -118.85 448 335 360 360 2014 7 4 17 41 6 1 53
22 49 70 35.377 -118.94 452 335 360 360 2014 7 4 17 42 16 1 53
22 49 70 35.377 -118.94 452 335 360 360 2014 7 4 17 43 6 1 53
22 49 70 35.489 -119 450 334 360 360 2014 7 4 17 44 6 1 53
22 49 70 35.683 -119.13 439 335 360 360 2014 7 4 17 45 6 1 53
22 49 70 35.791 -119.2 440 330 360 360 2014 7 4 17 46 6 1 53
22 49 70 35.899 -119.28 445 330 360 360 2014 7 4 17 47 16 1 53
22 49 70 36.008 -119.35 445 330 360 360 2014 7 4 17 48 6 1 53
22 49 70 36.052 -119.38 444 330 360 360 2014 7 4 17 49 6 1 53
22 49 70 36.159 -119.45 444 330 360 360 2014 7 4 17 50 16 4 187
22 49 70 36.266 -119.53 445 331 360 360 2014 7 4 17 51 6 4 187
22 49 70 36.396 -119.62 445 330 360 360 2014 7 4 17 52 6 4 187
22 49 70 36.436 -119.65 445 330 360 320 2014 7 4 17 53 6 4 187
22 49 70 36.674 -119.82 445 331 343 320 2014 7 4 17 54 15 4 187
22 49 70 36.782 -119.89 446 330 333 320 2014 7 4 17 55 15 4 187
22 49 70 36.782 -119.89 446 330 333 320 2014 7 4 17 56 6 4 187
22 49 70 36.89 -119.97 447 330 324 200 2014 7 4 17 57 16 4 187
22 49 70 36.997 -120.05 446 330 314 200 2014 7 4 17 58 6 4 187
22 49 70 37.105 -120.12 446 330 314 200 2014 7 4 17 59 6 4 187
22 49 70 37.109 -120.12 435 330 303 200 2014 7 4 18 0 16 4 187
22 49 70 37.308 -120.27 411 331 265 200 2014 7 4 18 1 6 4 187
22 49 70 37.417 -120.35 414 330 241 200 2014 7 4 18 2 8 4 184
22 49 70 37.5 -120.42 393 323 236 200 2014 7 4 18 3 6 4 152
22 49 70 37.59 -120.52 383 324 226 200 2014 7 4 18 4 6 4 152
22 49 70 37.673 -120.6 383 321 216 200 2014 7 4 18 5 15 4 152
22 49 70 37.756 -120.68 383 315 206 200 2014 7 4 18 6 15 4 177
22 49 70 37.836 -120.77 375 321 196 200 2014 7 4 18 7 6 4 177
22 49 70 37.915 -120.84 368 321 185 200 2014 7 4 18 8 6 4 177
22 49 70 38.067 -120.98 360 321 166 200 2014 7 4 18 9 16 4 172
22 49 70 38.117 -121.07 354 321 156 200 2014 7 4 18 10 16 4 172
22 49 70 38.183 -121.17 353 311 145 200 2014 7 4 18 11 15 4 172
22 49 70 38.25 -121.25 346 310 135 200 2014 7 4 18 12 16 4 172
22 49 70 38.275 -121.3 350 315 129 200 2014 7 4 18 13 6 4 172
22 49 70 38.367 -121.43 337 310 113 200 2014 7 4 18 14 16 4 172
22 49 70 38.417 -121.52 329 311 103 200 2014 7 4 18 15 16 4 153
22 49 70 38.483 -121.58 303 314 90 200 2014 7 4 18 16 16 4 153
22 49 70 38.567 -121.65 320 330 73 200 2014 7 4 18 17 6 4 153
22 49 70 38.633 -121.7 290 328 65 200 2014 7 4 18 18 6 4 153
22 49 70 38.717 -121.7 262 345 49 200 2014 7 4 18 19 16 4 153
22 49 70 38.767 -121.7 224 356 34 200 2014 7 4 18 20 15 4 153
22 49 70 38.788 -121.66 193 0 26 200 2014 7 4 18 21 6 4 153
22 49 70 38.767 -121.6 143 104 11 200 2014 7 4 18 22 6 4 153
22 49 70 38.698 -121.6 143 169 2 200 2014 7 4 18 24 15 4 153
23 49 70 34.056 -117.6 158 0 9 360 2014 7 4 19 25 15 1 6
23 49 70 34.053 -117.66 192 263 24 360 2014 7 4 19 26 6 1 6
23 49 70 34.051 -117.73 214 266 50 360 2014 7 4 19 27 16 1 6
23 49 70 34.093 -117.81 264 270 70 360 2014 7 4 19 28 16 1 6
23 49 70 34.145 -117.88 294 287 101 360 2014 7 4 19 29 6 1 6
23 49 70 34.203 -117.97 322 307 122 360 2014 7 4 19 30 6 1 6
23 49 70 34.276 -118.08 350 314 150 360 2014 7 4 19 31 6 1 21
23 49 70 34.341 -118.17 361 309 173 360 2014 7 4 19 32 16 1 21
23 49 70 34.406 -118.27 377 309 194 360 2014 7 4 19 33 15 1 32
23 49 70 34.474 -118.37 380 309 212 360 2014 7 4 19 34 6 1 32
23 49 70 34.553 -118.46 396 309 230 360 2014 7 4 19 35 16 1 32
23 49 70 34.622 -118.5 389 326 243 360 2014 7 4 19 36 16 1 53
23 49 70 34.776 -118.58 406 335 263 360 2014 7 4 19 37 6 1 53
23 49 70 34.881 -118.64 413 334 276 360 2014 7 4 19 38 6 1 53
23 49 70 34.979 -118.7 426 334 287 360 2014 7 4 19 39 15 1 53
23 49 70 35.089 -118.76 431 334 298 360 2014 7 4 19 40 15 1 53
23 49 70 35.224 -118.84 447 335 314 360 2014 7 4 19 41 6 1 53
23 49 70 35.335 -118.9 444 334 331 360 2014 7 4 19 42 6 1 53
23 49 70 35.443 -118.96 433 336 340 360 2014 7 4 19 43 16 1 53
23 49 70 35.554 -119.03 434 334 350 360 2014 7 4 19 44 16 1 53
23 49 70 35.663 -119.09 438 335 360 360 2014 7 4 19 45 16 1 53
23 49 70 35.77 -119.16 437 332 360 360 2014 7 4 19 46 6 1 53
23 49 70 35.896 -119.25 437 329 360 360 2014 7 4 19 47 16 1 53
23 49 70 36.003 -119.33 441 330 360 360 2014 7 4 19 48 6 1 53
23 49 70 36.108 -119.4 440 330 360 360 2014 7 4 19 49 6 4 187
23 49 70 36.212 -119.48 439 329 360 360 2014 7 4 19 50 16 4 187
23 49 70 36.272 -119.52 437 330 360 360 2014 7 4 19 51 6 4 187
23 49 70 36.42 -119.62 432 330 360 360 2014 7 4 19 52 15 4 187
23 49 70 36.501 -119.68 436 330 360 360 2014 7 4 19 53 16 4 187
23 49 70 36.604 -119.76 434 329 360 240 2014 7 4 19 54 15 4 187
23 49 70 36.708 -119.83 434 330 360 240 2014 7 4 19 55 15 4 187
23 49 70 36.811 -119.91 433 330 360 240 2014 7 4 19 56 15 4 187
23 49 70 36.915 -119.98 433 330 360 200 2014 7 4 19 57 15 4 187
23 49 70 37.019 -120.06 432 329 339 200 2014 7 4 19 58 6 4 187
23 49 70 37.129 -120.14 433 330 309 200 2014 7 4 19 59 15 4 187
23 49 70 37.232 -120.21 429 329 274 200 2014 7 4 20 0 6 4 187
23 49 70 37.336 -120.29 432 329 247 200 2014 7 4 20 1 6 4 187
23 49 70 37.435 -120.36 416 329 223 200 2014 7 4 20 2 6 4 166
23 49 70 37.5 -120.42 406 329 205 200 2014 7 4 20 3 15 4 152
23 49 70 37.619 -120.55 376 311 177 200 2014 7 4 20 4 15 4 177
23 49 70 37.699 -120.63 368 323 160 200 2014 7 4 20 5 16 4 177
23 49 70 37.733 -120.65 348 321 160 200 2014 7 4 20 6 6 4 177
23 49 70 37.854 -120.78 361 315 145 200 2014 7 4 20 7 16 4 177
23 49 70 37.93 -120.86 355 321 124 200 2014 7 4 20 8 16 4 177
23 49 70 38.006 -120.94 352 327 103 200 2014 7 4 20 9 16 4 172
23 49 70 38.033 -120.97 341 321 100 200 2014 7 4 20 10 6 4 172
23 49 70 38.1 -121.05 356 320 100 200 2014 7 4 20 11 15 4 172
23 49 70 38.167 -121.15 340 311 100 200 2014 7 4 20 12 6 4 172
23 49 70 38.217 -121.22 321 310 100 200 2014 7 4 20 13 15 4 172
23 49 70 38.283 -121.32 320 310 100 200 2014 7 4 20 14 16 4 172
23 49 70 38.39 -121.45 306 327 81 200 2014 7 4 20 15 16 4 153
23 49 70 38.4 -121.48 300 310 78 200 2014 7 4 20 16 6 4 153
23 49 70 38.45 -121.55 288 304 69 200 2014 7 4 20 17 6 4 153
23 49 70 38.517 -121.62 296 325 52 200 2014 7 4 20 18 6 4 153
23 49 70 38.6 -121.67 283 329 40 200 2014 7 4 20 19 6 4 153
23 49 70 38.65 -121.68 254 340 36 200 2014 7 4 20 20 16 4 153
23 49 70 38.733 -121.68 217 1 24 200 2014 7 4 20 21 16 4 153
23 49 70 38.783 -121.67 210 4 20 200 2014 7 4 20 22 6 4 153
23 49 70 38.783 -121.62 180 47 17 200 2014 7 4 20 23 6 4 153
23 49 70 38.75 -121.6 146 146 9 200 2014 7 4 20 24 6 4 153
23 49 70 38.729 -121.6 149 178 5 200 2014 7 4 20 25 15 4 153
