1 53 10 45.601 -122.64 161.75 144.25 11.5 390 3 112
1 53 10 45.633 -122.71 215.25 294.25 40.5 390 3 112
1 53 10 45.651 -122.76 231.25 298.75 57.75 390 3 112
1 53 10 45.622 -122.82 244.75 287.75 85.25 390 3 112
1 53 10 45.571 -122.78 256.5 239.75 107.75 390 3 112
1 53 10 45.509 -122.7 300.75 174.5 124.5 390 3 112
1 53 10 45.436 -122.62 332.25 144.75 145.75 390 3 112
1 53 10 45.364 -122.52 347.5 138.25 165 390 3 131
1 53 10 45.289 -122.43 357.5 133.5 184.75 390 3 131
1 53 10 45.209 -122.35 369 139 201.5 390 3 131
1 53 10 45.123 -122.25 379.5 141.5 218.5 390 3 131
1 53 10 45.034 -122.16 394.25 142.75 232.75 390 3 131
1 53 10 44.937 -122.08 404.75 141.75 247.5 390 3 131
1 53 10 44.828 -122 413.75 147.25 261.5 390 3 135
1 53 10 44.718 -121.92 420.5 152.25 274.5 390 3 135
1 53 10 44.605 -121.85 430.25 152.5 286.75 390 3 135
1 53 10 44.495 -121.77 441.25 152.75 296.75 390 3 135
1 53 10 44.383 -121.69 447.25 153 308.75 390 3 135
1 53 10 44.261 -121.64 449.75 153.25 320.5 390 3 135
1 53 10 44.142 -121.61 445 159.25 335 390 3 135
1 53 10 44.017 -121.58 438.75 165.5 348.25 390 3 135
1 53 10 43.897 -121.55 432.5 170 358 390 3 142
1 53 10 43.781 -121.52 430.75 170 366.75 390 3 142
1 53 10 43.666 -121.5 428.75 170 374.75 390 3 142
1 53 10 43.548 -121.47 429.75 170 378.25 390 3 142
1 53 10 43.417 -121.44 433 170 382.75 390 3 142
1 53 10 43.307 -121.42 439.5 170.25 386 390 3 142
1 53 10 43.163 -121.38 439.25 170.75 388.5 390 3 142
1 53 10 43.055 -121.36 437.75 170.75 389.5 390 3 142
1 53 10 42.934 -121.34 438.5 170.75 390 390 3 142
1 53 10 42.825 -121.31 439.75 170 390 390 3 142
1 53 10 42.703 -121.28 441.5 170.75 390 390 3 142
1 53 10 42.556 -121.25 443.5 170.5 390 390 3 142
1 53 10 42.452 -121.23 444.5 170.25 390 390 3 142
1 53 10 42.329 -121.2 445.75 170 390 390 3 142
1 53 10 42.206 -121.18 445.25 170.25 390 390 3 142
1 53 10 42.062 -121.14 446.75 170 390 390 3 142
1 53 10 41.959 -121.12 445 170.5 390 390 3 142
1 53 10 41.835 -121.1 448.5 170.5 390 390 3 142
1 53 10 41.712 -121.07 445.75 170.25 390 390 3 142
1 53 10 41.588 -121.04 447.5 170.25 390.25 390 3 142
1 53 10 41.464 -121.02 447.75 170.5 390 390 3 142
1 53 10 41.323 -120.99 447.25 170.25 390 390 3 142
1 53 10 41.211 -120.96 448.5 170.5 390 390 3 142
1 53 10 41.087 -120.94 451.25 171 390 390 3 142
1 53 10 40.958 -120.92 448.75 171 390 390 4 186
1 53 10 40.835 -120.91 443.25 174.5 390 390 4 186
1 53 10 40.712 -120.9 444.25 176 390 390 4 186
1 53 10 40.586 -120.88 444.75 176.25 390 390 4 186
1 53 10 40.457 -120.88 445 176.25 390 390 4 186
1 53 10 40.333 -120.87 444.75 176 390 390 4 186
1 53 10 40.227 -120.86 444.75 176 390 390 4 186
1 53 10 40.116 -120.84 444 176 390 390 4 186
1 53 10 39.979 -120.84 442.25 176 390 390 4 186
1 53 10 39.855 -120.83 442.75 176.25 390 390 4 186
1 53 10 39.731 -120.82 444.75 176.5 390 390 4 186
1 53 10 39.607 -120.81 445 176 390 390 4 186
1 53 10 39.471 -120.8 445 176 390 390 4 186
1 53 10 39.345 -120.79 447.5 176 390 390 4 186
1 53 10 39.223 -120.78 448.25 176 390 390 4 186
1 53 10 39.102 -120.77 448.75 176.5 390 390 4 186
1 53 10 38.977 -120.76 449.25 175.75 390 390 4 185
1 53 10 38.837 -120.75 449.5 175.75 390 390 4 185
1 53 10 38.719 -120.74 449.5 175.75 390 390 4 185
1 53 10 38.625 -120.73 449.5 176.25 390 390 4 185
1 53 10 38.504 -120.73 451 176.75 390 390 4 185
1 53 10 38.411 -120.72 451.12 176.62 390 390 4 185
1 53 10 38.258 -120.72 449.25 176.5 390 390 4 185
1 53 10 38.14 -120.71 447.88 176.62 390 390 4 185
1 53 10 37.993 -120.69 447.25 176.25 390 390 4 185
1 53 10 37.87 -120.68 446.25 177.75 390 390 4 184
1 53 10 37.797 -120.68 446.25 174.25 390 390 4 184
1 53 10 37.696 -120.67 445.25 176.25 390 390 4 184
1 53 10 37.521 -120.66 443.75 175.25 390 390 4 184
1 53 10 37.469 -120.65 443.75 176.5 390 390 4 184
1 53 10 37.347 -120.63 443.5 175.75 390 390 4 184
1 53 10 37.169 -120.58 447 167.5 390 390 4 189
1 53 10 37.072 -120.53 447.25 160 390 390 4 189
1 53 10 36.958 -120.49 447.5 160.75 390 390 4 189
1 53 10 36.855 -120.44 446.25 161.5 388.5 330 4 189
1 53 10 36.745 -120.4 448 161.25 385.25 330 4 189
1 53 10 36.627 -120.35 447.25 160.75 378.75 330 4 189
1 53 10 36.491 -120.29 447.25 161.25 371.25 330 4 189
1 53 10 36.367 -120.24 447.5 161.25 364.25 330 4 189
1 53 10 36.242 -120.19 448.5 161 360 330 4 189
1 53 10 36.123 -120.14 447.25 160.75 360 330 4 189
1 53 10 36.003 -120.09 448.75 161.5 360 330 4 189
1 53 10 35.891 -120.05 449.25 161 360 330 4 189
1 53 10 35.761 -119.98 451.25 161.25 356.25 330 1 54
1 53 10 35.645 -119.92 452.75 157.25 350.75 330 1 54
1 53 10 35.531 -119.86 456.25 154.5 342.75 330 1 54
1 53 10 35.417 -119.78 456.75 152.25 329.75 330 1 54
1 53 10 35.301 -119.7 461.5 149.5 303.5 330 1 54
1 53 10 35.195 -119.62 457 146.5 278.25 330 1 54
1 53 10 35.092 -119.53 444.75 143.5 252.25 330 1 54
1 53 10 34.997 -119.44 429 143.75 229.75 330 1 25
1 53 10 34.915 -119.37 413 143.25 210 330 1 25
1 53 10 34.824 -119.29 396.5 143.75 186.5 330 1 25
1 53 10 34.721 -119.19 378 143.75 159.75 330 1 25
1 53 10 34.661 -119.14 365.25 143.25 144.5 330 1 25
1 53 10 34.589 -119.08 344.75 143.5 126.5 330 1 25
1 53 10 34.519 -119.02 327.5 144.25 112.25 330 1 25
1 53 10 34.422 -118.94 295.5 148 94.75 330 1 8
1 53 10 34.363 -118.88 278.75 138.75 81.5 330 1 8
1 53 10 34.317 -118.81 267.25 139.25 66 330 1 8
1 53 10 34.308 -118.79 263.25 128 62.75 330 1 8
1 53 10 34.236 -118.67 236.75 123 44.25 330 1 8
1 53 10 34.219 -118.63 219 122.5 38.75 330 1 8
1 53 10 34.2 -118.56 206 107 34.25 330 1 8
1 53 10 34.2 -118.51 190.25 96 31.25 330 1 8
1 53 10 34.201 -118.46 151.75 89.5 22 330 1 8
1 53 10 34.2 -118.41 131.5 88.75 14.75 330 1 8
1 53 10 34.199 -118.39 138.75 89 11.75 330 1 8
