1 53 49 45.598 -122.63 163 138.5 18.5 350 3 112
1 53 49 45.627 -122.69 228.5 287.5 44.5 350 3 112
1 53 49 45.634 -122.77 255 300 79 350 3 112
1 53 49 45.614 -122.82 274 276.5 94.5 350 3 112
1 53 49 45.532 -122.78 318 234 118.5 350 3 112
1 53 49 45.448 -122.73 338.5 155 134.5 350 3 112
1 53 49 45.389 -122.69 378.5 170.5 159.5 350 3 112
1 53 49 45.236 -122.59 419.5 153.5 203.5 350 3 130
1 53 49 45.18 -122.55 427 153.5 215.5 350 3 130
1 53 49 45.069 -122.48 440 154 239 350 3 130
1 53 49 44.952 -122.42 448 154.5 263 350 3 135
1 53 49 44.772 -122.34 451 157.5 300.5 350 3 135
1 53 49 44.651 -122.31 443 164.5 324 350 3 135
1 53 49 44.531 -122.28 439 168.5 340 350 3 135
1 53 49 44.411 -122.25 437.5 170 341 350 3 135
1 53 49 44.35 -122.25 435.5 169.5 349.5 350 3 135
1 53 49 44.232 -122.22 434 169.5 357 350 3 135
1 53 49 44.112 -122.19 434.5 170 360 350 3 135
1 53 49 43.992 -122.16 436.5 170 360 350 3 135
1 53 49 43.871 -122.12 436.5 170 360 350 3 135
1 53 49 43.739 -122.09 436.5 170 360 350 3 135
1 53 49 43.619 -122.06 435.5 170 360 370 3 141
1 53 49 43.5 -122.04 432 169 367 370 3 141
1 53 49 43.377 -122.01 431.5 172 370 370 3 141
1 53 49 43.261 -121.98 433 170 370 370 3 141
1 53 49 43.143 -121.96 434 169.5 370 370 3 141
1 53 49 43.023 -121.93 436.5 170 370 370 3 141
1 53 49 42.866 -121.89 444 170 370 370 3 141
1 53 49 42.746 -121.86 438.5 170 370 370 3 141
1 53 49 42.615 -121.83 436.5 170 370 370 3 141
1 53 49 42.494 -121.81 439.5 170 370 370 3 141
1 53 49 42.41 -121.78 438 170 370 370 3 141
1 53 49 42.24 -121.75 437 170 370 370 3 141
1 53 49 42.13 -121.72 439 169.5 370 370 3 141
1 53 49 42.01 -121.69 437 166 370 370 3 141
1 53 49 41.889 -121.66 440 169.5 370 370 3 141
1 53 49 41.778 -121.65 440.5 171 370 370 3 141
1 53 49 41.695 -121.62 441 173.5 370 370 3 141
1 53 49 41.517 -121.56 443.5 167 370 370 3 141
1 53 49 41.445 -121.53 443.5 161.5 370 370 3 141
1 53 49 41.34 -121.49 445 162 370 370 3 141
1 53 49 41.209 -121.44 446 161.5 370 370 3 141
1 53 49 41.09 -121.38 446 162 370 370 3 141
1 53 49 40.922 -121.31 447 161.5 370 370 4 186
1 53 49 40.854 -121.28 447 160.5 370 370 4 186
1 53 49 40.724 -121.22 449 160 370 370 4 186
1 53 49 40.609 -121.16 450 160 370 370 4 186
1 53 49 40.49 -121.11 449 160 370 370 4 186
1 53 49 40.372 -121.05 449.5 160 370 370 4 186
1 53 49 40.253 -121 450.5 160 370 370 4 186
1 53 49 40.134 -120.94 451.5 160.5 370 370 4 186
1 53 49 40.014 -120.89 453 160.5 370 370 4 186
1 53 49 39.914 -120.84 454 160.5 370 370 4 186
1 53 49 39.794 -120.79 455 160.5 370 370 4 186
1 53 49 39.674 -120.74 455.5 160.5 370 370 4 186
1 53 49 39.555 -120.68 453.5 160.5 370 370 4 186
1 53 49 39.424 -120.62 453 160.5 370 370 4 186
1 53 49 39.282 -120.56 452.5 160.5 370 370 4 186
1 53 49 39.157 -120.51 453.5 160.5 370 370 4 185
1 53 49 39.043 -120.46 452.5 160.5 370 370 4 185
1 53 49 38.969 -120.42 453 160.5 370 370 4 185
1 53 49 38.849 -120.37 454 160.5 370 370 4 185
1 53 49 38.715 -120.31 454.5 160.5 369.5 370 4 185
1 53 49 38.579 -120.25 457.5 161 370 370 4 185
1 53 49 38.426 -120.19 458 160.5 369.5 370 4 185
1 53 49 38.293 -120.12 460.5 160.5 370 370 4 185
1 53 49 38.203 -120.09 459.5 158.5 370 370 4 185
1 53 49 38.097 -120.04 460.5 160.5 370 370 4 184
1 53 49 37.977 -119.99 460 160.5 370 370 4 184
1 53 49 37.806 -119.91 460.5 160.5 369.5 370 4 184
1 53 49 37.715 -119.88 460.5 160.5 370 370 4 184
1 53 49 37.594 -119.83 460 161.5 370 370 4 184
1 53 49 37.472 -119.78 460.5 160.5 370 370 4 184
1 53 49 37.35 -119.72 461.5 160 370 370 4 187
1 53 49 37.221 -119.67 461.5 161 369.5 370 4 187
1 53 49 37.148 -119.64 462 161 369.5 370 4 187
1 53 49 36.976 -119.57 463.5 161 369.5 370 4 187
1 53 49 36.891 -119.53 463.5 161 370 370 4 187
1 53 49 36.767 -119.48 463 161 370 370 4 187
1 53 49 36.646 -119.43 463.5 161 369 370 4 187
1 53 49 36.523 -119.38 463.5 161 370 370 4 187
1 53 49 36.4 -119.33 464 161.5 370 370 4 187
1 53 49 36.276 -119.28 464.5 161.5 370 370 4 187
1 53 49 36.105 -119.2 465 161.5 369.5 370 1 53
1 53 49 36.031 -119.17 465.5 161.5 370 370 1 53
1 53 49 35.907 -119.12 465.5 161.5 366.5 370 1 53
1 53 49 35.784 -119.08 465 161.5 360.5 370 1 53
1 53 49 35.659 -119.03 470.5 161.5 352 370 1 53
1 53 49 35.535 -118.97 473 159.5 341 370 1 53
1 53 49 35.429 -118.91 474 158.5 333 370 1 53
1 53 49 35.296 -118.81 470.5 151 330 370 1 53
1 53 49 35.173 -118.72 474.5 149.5 326.5 370 1 53
1 53 49 35.074 -118.61 477 140.5 318 370 1 53
1 53 49 35.003 -118.53 477.5 138 305.5 370 1 53
1 53 49 34.914 -118.41 475.5 134.5 282 370 1 53
1 53 49 34.815 -118.29 468 134 256 370 1 22
1 53 49 34.726 -118.18 450.5 134 233 370 1 22
1 53 49 34.638 -118.07 432 134 216.5 370 1 22
1 53 49 34.576 -117.94 419 133.5 195 370 1 22
1 53 49 34.522 -117.83 415 123 185 370 1 22
1 53 49 34.468 -117.71 393 118.5 178.5 370 1 21
1 53 49 34.418 -117.6 367 118 178.5 370 1 21
1 53 49 34.381 -117.52 318.5 119.5 140 370 1 21
1 53 49 34.337 -117.42 301.5 116.5 124.5 370 1 21
1 53 49 34.275 -117.33 280.5 124.5 96.5 370 1 6
1 53 49 34.214 -117.32 262 145.5 83.5 370 1 6
1 53 49 34.133 -117.31 242.5 168.5 64.5 370 1 6
1 53 49 34.083 -117.34 213 203.5 51 370 1 6
1 53 49 34.05 -117.4 183.5 225.5 37.5 370 1 6
1 53 49 34.05 -117.45 155.5 271.5 29.5 370 1 6
1 53 49 34.053 -117.49 148 266.5 23 370 1 6
1 53 49 34.052 -117.51 135.5 270.5 20 370 1 6
1 53 49 34.053 -117.57 127.5 268.5 10.5 370 1 6
2 53 49 45.6 -122.63 169.25 74 12.25 390 3 112
2 53 49 45.614 -122.68 198.5 289.5 26.5 390 3 112
2 53 49 45.608 -122.72 244.25 260.5 50.75 390 3 112
2 53 49 45.604 -122.78 258 268.75 82.75 390 3 112
2 53 49 45.552 -122.75 280 222.25 100 390 3 112
2 53 49 45.487 -122.7 306.5 189.5 121 390 3 112
2 53 49 45.411 -122.61 338 160 139.25 390 3 112
2 53 49 45.338 -122.52 358 146.25 157.5 390 3 112
2 53 49 45.26 -122.42 366.75 141.5 176.75 390 3 131
2 53 49 45.179 -122.34 372.25 139 193.5 390 3 131
2 53 49 45.117 -122.27 375.5 141.25 205.5 390 3 131
2 53 49 45.009 -122.15 392 142 222.5 390 3 131
2 53 49 44.909 -122.07 405.25 141.5 241.25 390 3 131
2 53 49 44.81 -122 407.5 145.75 254.75 390 3 135
2 53 49 44.703 -121.93 413.75 151 268 390 3 135
2 53 49 44.597 -121.85 418.75 153 281.25 390 3 135
2 53 49 44.492 -121.78 425 154 292.75 390 3 135
2 53 49 44.386 -121.71 426.5 153.75 302.25 390 3 135
2 53 49 44.303 -121.65 430 154 314 390 3 135
2 53 49 44.192 -121.58 428.25 153.75 326.88 390 3 135
2 53 49 44.088 -121.52 429.5 159.75 338.25 390 3 135
2 53 49 43.986 -121.46 427.5 155.62 348 390 3 135
2 53 49 43.855 -121.39 426.75 157.25 355.5 390 3 142
2 53 49 43.771 -121.37 425.25 159 361.25 390 3 142
2 53 49 43.662 -121.32 423.5 168 369.75 390 3 142
2 53 49 43.516 -121.26 419.75 163 379.25 390 3 142
2 53 49 43.398 -121.21 420 163 381.25 390 3 142
2 53 49 43.324 -121.18 422.5 163.12 384.5 390 3 142
2 53 49 43.189 -121.13 423.5 163.5 387.75 390 3 142
2 53 49 43.069 -121.08 425.25 162.5 388.75 390 3 142
2 53 49 42.955 -121.03 425.75 163 390 390 3 142
2 53 49 42.81 -120.99 428.75 165.5 390 390 3 142
2 53 49 42.71 -120.96 430.75 166.75 390 390 3 142
2 53 49 42.56 -120.91 437 166.25 390 390 3 142
2 53 49 42.441 -120.87 439.75 166 390 390 3 142
2 53 49 42.339 -120.84 439 166 390 390 3 142
2 53 49 42.231 -120.8 439.25 166.25 390 390 3 142
2 53 49 42.117 -120.77 431.75 166 390 390 3 142
2 53 49 41.996 -120.73 433.25 166 390 390 3 142
2 53 49 41.87 -120.69 437 166.25 390 390 3 142
2 53 49 41.783 -120.67 434.25 166.5 390 390 3 142
2 53 49 41.611 -120.61 435.75 166.25 390 390 3 142
2 53 49 41.501 -120.58 434.25 129.75 390 390 3 142
2 53 49 41.405 -120.55 436 166.25 390 390 3 142
2 53 49 41.303 -120.51 435.75 166.5 390 390 3 142
2 53 49 41.172 -120.47 438.25 166 390 390 3 142
2 53 49 41.035 -120.43 440.75 166.5 390 390 3 142
2 53 49 40.941 -120.4 440.75 167.25 390 390 4 181
2 53 49 40.838 -120.37 442.5 166.5 390 390 4 181
2 53 49 40.72 -120.34 438.75 166.5 390 390 4 181
2 53 49 40.573 -120.29 434.75 166.75 390 390 4 181
2 53 49 40.432 -120.25 435.25 167 390 390 4 181
2 53 49 40.337 -120.22 435 166.75 390 390 4 181
2 53 49 40.254 -120.2 434.5 166.25 390 390 4 181
2 53 49 40.133 -120.16 435.25 166.5 390 390 4 181
2 53 49 39.984 -120.12 434.75 166.25 390 390 4 181
2 53 49 39.856 -120.08 436.25 167 390 390 4 181
2 53 49 39.773 -120.06 436.5 167 390 390 4 181
2 53 49 39.619 -120.01 438 167 390 390 4 181
2 53 49 39.53 -119.99 438.75 167 390 390 4 181
2 53 49 39.412 -119.95 439.5 167 390 390 4 181
2 53 49 39.294 -119.91 438.5 167 390 390 4 181
2 53 49 39.164 -119.88 438 167 390 390 4 181
2 53 49 39.053 -119.85 437.88 167 390 390 4 181
2 53 49 38.922 -119.81 437.5 167 390 390 4 181
2 53 49 38.792 -119.77 436.25 167 390 390 4 181
2 53 49 38.665 -119.73 436.5 166.75 390 390 4 185
2 53 49 38.559 -119.7 436.75 167 390 390 4 185
2 53 49 38.412 -119.66 436 167 390 390 4 185
2 53 49 38.275 -119.63 435.5 167.5 390 390 4 185
2 53 49 38.187 -119.6 437 167 390 390 4 184
2 53 49 38.07 -119.57 438.5 167 390 390 4 184
2 53 49 37.947 -119.54 437.25 167 390 390 4 184
2 53 49 37.831 -119.5 436.5 167 390 390 4 184
2 53 49 37.723 -119.47 435.25 167.5 390 390 4 184
2 53 49 37.59 -119.44 435.75 167 390 390 4 184
2 53 49 37.455 -119.4 439.5 167.5 390 390 4 187
2 53 49 37.355 -119.37 439.5 167.25 390 390 4 187
2 53 49 37.215 -119.33 439.25 167 390 390 4 187
2 53 49 37.107 -119.3 440.25 167.5 390 390 4 187
2 53 49 36.98 -119.27 441.25 167.25 390 390 4 187
2 53 49 36.854 -119.23 442.5 167 390 390 4 187
2 53 49 36.726 -119.2 442.5 167 390 390 4 187
2 53 49 36.642 -119.17 442 166 390 390 4 187
2 53 49 36.485 -119.13 445.25 166 390 390 4 187
2 53 49 36.364 -119.09 444.5 166.25 390 390 4 187
2 53 49 36.279 -119.07 444.5 165.75 390 390 4 187
2 53 49 36.16 -119.03 443.75 165.5 390 390 1 53
2 53 49 36.046 -118.98 445 163.25 390 390 1 53
2 53 49 35.916 -118.93 445.25 162 390 390 1 53
2 53 49 35.793 -118.88 445.25 160.75 390 390 1 53
2 53 49 35.669 -118.83 447 160.5 390 390 1 53
2 53 49 35.551 -118.78 447.25 160.75 387.25 390 1 53
2 53 49 35.434 -118.73 447 160.75 380.75 390 1 53
2 53 49 35.314 -118.68 449.75 161.25 364.75 390 1 53
2 53 49 35.199 -118.63 458.5 161.25 346 390 1 53
2 53 49 35.089 -118.56 465.5 155.25 321.25 390 1 53
2 53 49 34.992 -118.47 464 149.5 297.5 390 1 53
2 53 49 34.905 -118.37 459 143.5 276.25 390 1 53
2 53 49 34.812 -118.26 449 137 250.5 390 1 53
2 53 49 34.727 -118.16 439.75 137 228 390 1 22
2 53 49 34.653 -118.05 437 131.25 212.75 390 1 22
2 53 49 34.574 -117.94 422.75 134 195.5 390 1 22
2 53 49 34.533 -117.85 408.5 132 181.75 390 1 22
2 53 49 34.467 -117.7 394 122.5 163.5 390 1 21
2 53 49 34.44 -117.65 370 122 148.5 390 1 21
2 53 49 34.374 -117.5 328.75 119.75 134.75 390 1 21
2 53 49 34.316 -117.4 304 120.25 118.75 390 1 6
2 53 49 34.271 -117.34 285 119 105.5 390 1 6
2 53 49 34.203 -117.31 270.5 146 89.5 390 1 6
2 53 49 34.144 -117.3 254 162.5 74.75 390 1 6
2 53 49 34.09 -117.35 233.5 205.25 53.75 390 1 6
2 53 49 34.058 -117.4 220.25 229.25 39 390 1 6
2 53 49 34.053 -117.48 201 254.5 27.5 390 1 6
2 53 49 34.052 -117.52 160.75 268.25 20 390 1 6
2 53 49 34.054 -117.56 145.75 270 13.5 390 1 6
