1 53 69 45.594 -122.61 158.33 75.333 9.6667 390 3 112
1 53 69 45.609 -122.64 193.92 241.75 29.917 390 3 112
1 53 69 45.626 -122.7 245.58 233.08 58.667 390 3 112
1 53 69 45.606 -122.71 261.42 237.25 83.833 390 3 112
1 53 69 45.552 -122.69 289.67 199 109.5 390 3 112
1 53 69 45.503 -122.59 336.25 180.33 128.33 390 3 112
1 53 69 45.442 -122.45 365.75 136 150.75 390 3 112
1 53 69 45.407 -122.37 382.83 126.08 169.08 390 3 131
1 53 69 45.35 -122.22 398.5 120.33 192.33 390 3 131
1 53 69 45.29 -122.04 419.33 116.5 216.17 390 3 131
1 53 69 45.235 -121.89 427.83 116.08 234.33 390 3 131
1 53 69 45.188 -121.73 439.67 115.5 253.67 390 3 135
1 53 69 45.139 -121.55 448.17 112.42 271.5 390 3 139
1 53 69 45.097 -121.39 450.92 110.67 289.08 390 3 139
1 53 69 45.051 -121.22 453.08 109.83 304.92 390 3 139
1 53 69 45.01 -121.06 457.33 109.67 315.5 390 3 139
1 53 69 44.965 -120.89 459.75 109.92 327.25 390 3 139
1 53 69 44.918 -120.72 461.42 110 340.25 390 3 139
1 53 69 44.87 -120.54 456.58 110.42 353.25 390 3 139
1 53 69 44.824 -120.37 453 110.33 361.42 390 3 139
1 53 69 44.777 -120.2 454.92 110.58 367.58 390 3 139
1 53 69 44.733 -120.03 455.25 110.33 372.58 390 3 139
1 53 69 44.689 -119.88 455.5 110.67 375.5 390 3 139
1 53 69 44.641 -119.71 457.58 111 377.67 390 3 139
1 53 69 44.59 -119.53 457.75 111.33 380 390 3 139
1 53 69 44.542 -119.37 457.58 111.67 381.42 390 3 139
1 53 69 44.491 -119.2 457.25 112 382.33 390 3 139
1 53 69 44.445 -119.05 456.92 111.92 382.67 390 3 139
1 53 69 44.394 -118.88 458.33 112.33 383.25 390 3 139
1 53 69 44.341 -118.71 459.33 112.83 383.5 390 5 213
1 53 69 44.293 -118.55 459.42 113.08 383.75 390 5 213
1 53 69 44.238 -118.38 460.92 113 384.08 390 5 213
1 53 69 44.186 -118.22 461.12 113.25 384.5 390 5 213
1 53 69 44.14 -118.07 460.75 113.75 384.67 390 5 213
1 53 69 44.088 -117.91 462.08 113.83 384.83 390 5 213
1 53 69 44.032 -117.74 461.25 113.83 385 390 5 213
1 53 69 43.982 -117.59 459.17 113.58 385 390 5 213
1 53 69 43.935 -117.45 459.58 114.17 385 390 5 213
1 53 69 43.883 -117.3 460.67 114.17 385 390 5 213
1 53 69 43.834 -117.15 459.75 112.75 385 390 5 213
1 53 69 43.775 -116.97 459.58 113.83 385 390 5 213
1 53 69 43.731 -116.84 459.92 114.08 385 390 5 213
1 53 69 43.669 -116.66 460.58 114.42 385 390 5 213
1 53 69 43.608 -116.49 460.33 114.83 385 390 5 213
1 53 69 43.56 -116.35 461.08 115.08 385 390 5 213
1 53 69 43.501 -116.19 460.92 115.5 385 390 5 213
1 53 69 43.437 -116.02 460.58 115.58 385 390 5 213
1 53 69 43.378 -115.87 460.58 116.58 385 390 5 213
1 53 69 43.313 -115.71 460.33 117.58 385 390 5 213
1 53 69 43.249 -115.55 460 118.08 384.42 390 5 213
1 53 69 43.187 -115.4 459.5 118.42 383.58 390 5 213
1 53 69 43.124 -115.24 459.25 118.5 382.92 390 5 213
1 53 69 43.06 -115.09 459.83 118.58 382.08 390 5 213
1 53 69 42.995 -114.93 460.67 118.58 381.33 390 5 213
1 53 69 42.929 -114.77 461.17 116.58 380.5 290 5 213
1 53 69 42.866 -114.63 460.75 119.42 378.5 290 5 213
1 53 69 42.795 -114.47 461.5 119.92 374.5 290 5 213
1 53 69 42.727 -114.31 462 120.42 371.58 290 5 213
1 53 69 42.666 -114.18 465.25 120.58 363.08 290 5 213
1 53 69 42.599 -114.03 466.54 120.75 354.08 290 5 213
1 53 69 42.528 -113.89 466.29 122.42 348.46 290 5 213
1 53 69 42.474 -113.79 464.88 121.96 336.08 290 5 213
1 53 69 42.38 -113.64 461.67 123.5 319.33 290 5 213
1 53 69 42.292 -113.51 459.5 130.33 306.42 290 5 213
1 53 69 42.217 -113.41 455.83 131.83 291.08 290 5 213
1 53 69 42.127 -113.28 452.29 133.75 283.33 290 5 214
1 53 69 42.037 -113.16 452.83 133.67 276.42 170 5 214
1 53 69 41.941 -113.03 444.58 134.67 257.25 170 5 214
1 53 69 41.847 -112.91 434 135.25 238.67 160 5 214
1 53 69 41.759 -112.79 416.25 136.08 219 160 5 214
1 53 69 41.664 -112.67 396.33 137.17 198.33 160 5 214
1 53 69 41.59 -112.58 382 139 184.5 160 5 214
1 53 69 41.501 -112.5 377.67 140.5 167.67 160 5 214
1 53 69 41.43 -112.43 367.33 143.08 155.67 160 5 214
1 53 69 41.347 -112.34 351.04 143.96 143.17 170 5 197
1 53 69 41.27 -112.27 339.75 143.83 134.42 160 5 197
1 53 69 41.198 -112.21 332.25 147.33 126.08 160 5 197
1 53 69 41.11 -112.15 324.58 150.17 117.92 160 5 197
1 53 69 41.03 -112.11 307.25 154.58 110.08 160 5 197
1 53 69 40.957 -112.08 286.17 161.17 102.83 160 5 197
1 53 69 40.894 -112.06 266.67 166.33 94.333 160 5 197
1 53 69 40.83 -112.03 243.08 166.25 84.833 160 5 197
1 53 69 40.803 -112 219.58 139.33 71 160 5 197
1 53 69 40.792 -111.98 204.75 142.75 60.333 160 5 197
1 53 69 40.791 -111.98 174.83 183.67 52.5 160 5 197
1 53 69 40.793 -111.98 152.75 267 44.417 160 5 197
