1 53 65 45.584 -122.57 139.25 0 8.5 140 3 112
1 53 65 45.582 -122.52 165.88 111.38 22.875 140 3 112
1 53 65 45.594 -122.46 228.5 86.125 42.125 140 3 112
1 53 65 45.662 -122.46 259 65 61 140 3 112
1 53 65 45.732 -122.48 265.75 183.88 75.25 140 3 112
1 53 65 45.799 -122.52 273.88 301 88.5 140 3 112
1 53 65 45.874 -122.56 281.12 342.25 101.88 140 3 112
1 53 65 45.949 -122.6 284.75 338.62 114.5 140 3 112
1 53 65 46.026 -122.64 287.75 339.38 127.12 140 3 112
1 53 65 46.105 -122.68 295.25 340.62 136.5 140 3 147
1 53 65 46.193 -122.7 321 340.12 139.38 140 3 147
1 53 65 46.285 -122.71 330.25 346.88 139.5 140 3 147
1 53 65 46.37 -122.71 337.12 265.06 139.44 140 3 147
1 53 65 46.442 -122.7 342.25 200.94 139.44 140 3 147
1 53 65 46.525 -122.69 350.69 159.19 139.19 140 3 147
1 53 65 46.626 -122.68 352.69 94.25 137.38 140 3 147
1 53 65 46.741 -122.66 348.62 95.5 132.88 140 3 147
1 53 65 46.829 -122.63 342.25 52.375 126.12 140 3 147
1 53 65 46.906 -122.57 325.38 19.25 110.12 140 3 147
1 53 65 46.975 -122.49 308.38 31.125 96.25 140 3 114
1 53 65 47.029 -122.44 290.62 35.125 85 140 3 114
1 53 65 47.111 -122.38 269.38 29 68.375 140 3 114
1 53 65 47.156 -122.37 263.12 20.5 62 140 3 114
1 53 65 47.237 -122.33 242.12 60.5 45.25 140 3 114
1 53 65 47.286 -122.32 225.38 55.875 33.75 140 3 114
1 53 65 47.352 -122.32 196.38 91.125 20.625 140 3 114
1 53 65 47.393 -122.32 151.88 90.375 13.125 140 3 114
1 53 65 47.428 -122.32 120.5 0.125 6.875 140 3 114
1 53 65 47.452 -122.32 120.25 179.38 4.125 140 3 114
2 53 65 45.594 -122.62 131.86 129.05 12.524 140 3 112
2 53 65 45.618 -122.68 186.86 290.43 30.048 140 3 112
2 53 65 45.666 -122.71 231.14 290.48 45.714 140 3 112
2 53 65 45.732 -122.71 254.19 329.19 63.143 140 3 112
2 53 65 45.811 -122.71 268.48 233.71 80.095 140 3 112
2 53 65 45.874 -122.71 275.52 205.86 95.952 140 3 112
2 53 65 45.955 -122.7 283.24 104.38 111 140 3 112
2 53 65 46.033 -122.7 292.19 190.29 124.33 140 3 112
2 53 65 46.115 -122.71 305.24 156.29 133.81 140 3 147
2 53 65 46.218 -122.71 325.45 231.19 138.67 140 3 147
2 53 65 46.311 -122.71 342.74 222.93 139.24 140 3 147
2 53 65 46.405 -122.7 350.07 170.14 139.48 140 3 147
2 53 65 46.5 -122.69 355.5 113.43 139.33 140 3 147
2 53 65 46.584 -122.67 356.4 90.238 138.12 140 3 147
2 53 65 46.681 -122.66 351.33 91 136.29 140 3 147
2 53 65 46.76 -122.64 351.02 75.286 131.64 140 3 147
2 53 65 46.846 -122.6 344.4 21.476 120.76 140 3 147
2 53 65 46.932 -122.54 321.52 21.405 104.1 140 3 147
2 53 65 46.992 -122.47 302.86 38.19 89.476 140 3 114
2 53 65 47.059 -122.4 281.29 37.524 74.429 140 3 114
2 53 65 47.128 -122.35 259.67 25.857 62 140 3 114
2 53 65 47.18 -122.33 245.38 38.048 52.952 140 3 114
2 53 65 47.249 -122.32 228.71 92.095 40.524 140 3 114
2 53 65 47.311 -122.32 207.19 87.19 28.952 140 3 114
2 53 65 47.359 -122.32 176.33 136.86 19.524 140 3 114
2 53 65 47.399 -122.32 137.14 17.476 12 140 3 114
2 53 65 47.43 -122.32 117.38 102.67 6.1429 140 3 114
2 53 65 47.457 -122.32 117.14 85.571 4.0476 140 3 114
3 53 65 45.596 -122.6 131.75 76.75 9.25 160 3 112
3 53 65 45.617 -122.65 170.5 174.5 25.25 160 3 112
3 53 65 45.656 -122.69 188.75 319.5 45.75 160 3 112
3 53 65 45.701 -122.69 193.75 258 61.25 160 3 112
3 53 65 45.764 -122.72 198.75 339.25 83 160 3 112
3 53 65 45.822 -122.72 208 180 95.5 160 3 112
3 53 65 45.87 -122.74 220.25 265.75 110.25 160 3 112
3 53 65 45.952 -122.75 232 266.25 128.75 160 3 112
3 53 65 46.019 -122.76 232.25 354.5 142.75 160 3 147
3 53 65 46.088 -122.76 248.25 225.25 149 160 3 147
3 53 65 46.179 -122.78 262 221.12 157.25 160 3 147
3 53 65 46.269 -122.79 266.5 180.5 158.25 160 3 147
3 53 65 46.329 -122.81 272.75 88.75 159.5 160 3 147
3 53 65 46.401 -122.82 282 309.12 157.75 160 3 147
3 53 65 46.471 -122.82 292.25 309.25 152.5 160 3 147
3 53 65 46.544 -122.84 300.75 310.12 144.12 160 3 147
3 53 65 46.619 -122.85 303.75 245.19 138.19 160 3 147
3 53 65 46.686 -122.84 301.88 271.88 132.5 160 3 147
3 53 65 46.764 -122.87 296.5 352.5 118.38 160 3 147
3 53 65 46.831 -122.88 287.31 354 108.88 160 3 147
3 53 65 46.89 -122.86 283.06 268.38 104.44 160 3 147
3 53 65 46.941 -122.83 273.38 149.88 101.38 100 3 147
3 53 65 47.013 -122.76 271.5 82 100.25 160 3 147
3 53 65 47.059 -122.69 271.12 69.375 100.25 100 3 114
3 53 65 47.118 -122.63 267.5 48.125 100 160 3 114
3 53 65 47.171 -122.58 267 37.125 96.25 160 3 114
3 53 65 47.236 -122.53 269.25 124.5 89.25 160 3 114
3 53 65 47.298 -122.5 254 195 86.25 160 3 114
3 53 65 47.359 -122.48 256.25 188.5 83 160 3 114
3 53 65 47.433 -122.48 246 270.75 76.75 160 3 114
3 53 65 47.506 -122.48 245.5 268.5 64.75 160 3 114
3 53 65 47.56 -122.46 237 97.5 53.75 160 3 114
3 53 65 47.603 -122.43 234 115 41.25 160 3 114
3 53 65 47.591 -122.36 208 96.5 26.75 160 3 114
3 53 65 47.56 -122.32 181.5 140.75 20.25 160 3 114
3 53 65 47.512 -122.32 164 173.25 15 160 3 114
3 53 65 47.478 -122.32 126.25 179.5 8 160 3 114
3 53 65 47.446 -122.32 128.5 181.25 4 160 3 114
4 53 65 45.592 -122.59 125 0 7 160 3 112
4 53 65 45.609 -122.65 166.67 135.67 27 160 3 112
4 53 65 45.639 -122.69 189.33 205 38 160 3 112
4 53 65 45.68 -122.73 201 306 60 160 3 112
4 53 65 45.718 -122.74 208.33 329.67 71.667 160 3 112
4 53 65 45.798 -122.74 213.33 346.33 95 160 3 112
4 53 65 45.839 -122.75 217 353.67 107 160 3 112
4 53 65 45.902 -122.76 219 355 123 160 3 112
4 53 65 45.966 -122.77 225.33 354 137.67 160 3 112
4 53 65 46.03 -122.78 228.33 353.67 151.33 160 3 147
4 53 65 46.099 -122.79 242.33 355.33 159 160 3 147
4 53 65 46.173 -122.8 264.33 356 159.67 160 3 147
4 53 65 46.254 -122.81 279 119 159.67 160 3 147
4 53 65 46.333 -122.82 283.33 354 159.67 100 3 147
4 53 65 46.413 -122.83 283.33 354.67 155.67 100 3 147
4 53 65 46.486 -122.84 282 354.33 146.67 100 3 147
4 53 65 46.559 -122.85 285.83 119.83 136.5 100 3 147
4 53 65 46.629 -122.86 288.17 355 124.5 100 3 147
4 53 65 46.729 -122.87 279.67 354 111.33 100 3 147
4 53 65 46.805 -122.88 275.83 354.5 108 100 3 147
4 53 65 46.877 -122.89 274.67 354 106.67 100 3 147
4 53 65 46.954 -122.89 277 354.67 99.667 100 3 147
4 53 65 47.012 -122.82 285.67 25.667 94.333 100 3 147
4 53 65 47.058 -122.73 275.33 49.667 91 100 3 114
4 53 65 47.119 -122.62 279 52.333 76 100 3 114
4 53 65 47.146 -122.54 268 56.667 64.333 100 3 114
4 53 65 47.19 -122.44 248.33 61.333 50.333 100 3 114
4 53 65 47.219 -122.37 223.67 61.667 46.667 100 3 114
4 53 65 47.251 -122.32 218.33 51.333 38 100 3 114
4 53 65 47.292 -122.32 196.67 19 30.333 100 3 114
4 53 65 47.346 -122.32 184 112.67 23.333 100 3 114
4 53 65 47.401 -122.32 154.67 119.33 12.333 100 3 114
4 53 65 47.427 -122.32 133.33 119.67 7 100 3 114
4 53 65 47.458 -122.32 134.67 0 3.6667 100 3 114
5 53 65 45.599 -122.63 152.5 146 21 140 3 112
5 53 65 45.644 -122.68 206 352 34.5 140 3 112
5 53 65 45.668 -122.7 231.5 312.5 57 140 3 112
5 53 65 45.782 -122.7 274 349.5 85.5 140 3 112
5 53 65 45.864 -122.7 288 358.5 104 140 3 112
5 53 65 45.905 -122.71 293.5 359 112.5 140 3 112
5 53 65 46.038 -122.72 313.5 358 130.5 140 3 112
5 53 65 46.066 -122.72 315.5 358 133.5 121 3 112
5 53 65 46.185 -122.73 300.5 358 138.25 133 3 147
5 53 65 46.251 -122.72 309.25 185.5 140 140 3 147
5 53 65 46.276 -122.76 307.62 179 140 120 3 147
5 53 65 46.339 -122.78 304.75 352.75 138 120 3 147
5 53 65 46.396 -122.81 292.75 348 130.25 120 3 147
5 53 65 46.49 -122.85 289.5 344.5 127.5 120 3 147
5 53 65 46.553 -122.91 287 345.5 125 120 3 147
5 53 65 46.62 -122.97 289 331 122.5 120 3 147
5 53 65 46.709 -122.88 294.5 199 120.5 120 3 147
5 53 65 46.758 -122.8 297.25 45.5 120 120 3 147
5 53 65 46.829 -122.69 304 44 120 120 3 147
5 53 65 46.936 -122.59 313.5 40 117.5 120 3 114
5 53 65 46.975 -122.56 308.5 25 117 120 3 114
5 53 65 47.059 -122.52 313.5 19 116 120 3 114
5 53 65 47.139 -122.5 312.5 10.5 112 120 3 114
5 53 65 47.233 -122.47 306.5 5.5 105 120 3 114
5 53 65 47.315 -122.46 300 5 95 120 3 114
5 53 65 47.388 -122.46 289.5 2.5 82.5 120 3 114
5 53 65 47.472 -122.45 272.5 1 65.5 120 3 114
5 53 65 47.545 -122.46 263.5 179 52 120 3 114
5 53 65 47.599 -122.4 233.5 15 43 120 3 114
5 53 65 47.621 -122.35 227 69 36 120 3 114
5 53 65 47.578 -122.32 206 150 25.5 120 3 114
5 53 65 47.528 -122.32 169 179 17 120 3 114
5 53 65 47.498 -122.32 101 177 11.5 120 3 114
5 53 65 47.48 -122.32 102 179.5 8 120 3 114
5 53 65 47.451 -122.32 106.5 179.5 4 120 3 114
6 53 65 45.592 -122.61 133.8 74.933 9.2 140 3 112
6 53 65 45.608 -122.65 154.73 253.4 22.667 140 3 112
6 53 65 45.651 -122.7 213.13 298.8 44.867 140 3 112
6 53 65 45.713 -122.71 240.67 278.67 58.867 140 3 112
6 53 65 45.788 -122.71 265.07 228.6 76.267 140 3 112
6 53 65 45.854 -122.71 276.27 190.8 90.733 140 3 112
6 53 65 45.93 -122.71 285.73 121.13 102.53 140 3 112
6 53 65 46.004 -122.71 296.73 121 115.47 140 3 112
6 53 65 46.092 -122.7 309.8 145.07 127.73 140 3 147
6 53 65 46.198 -122.7 322.17 89.333 136.63 140 3 147
6 53 65 46.307 -122.71 340.87 168.87 138.33 140 3 147
6 53 65 46.405 -122.71 352.43 192.6 138.83 140 3 147
6 53 65 46.504 -122.7 358.73 191.53 138.8 140 3 147
6 53 65 46.614 -122.69 361 148.8 138.67 140 3 147
6 53 65 46.706 -122.68 359.83 115.3 138.57 140 3 147
6 53 65 46.808 -122.64 359.2 115.73 137.6 140 3 147
6 53 65 46.896 -122.6 358.3 63.067 134.83 140 3 147
6 53 65 46.986 -122.56 353.03 42.3 129.8 140 3 114
6 53 65 47.079 -122.52 344.07 16.667 121.4 140 3 114
6 53 65 47.158 -122.5 325.17 13.067 112.17 140 3 114
6 53 65 47.26 -122.48 312.93 7.5333 101.4 140 3 114
6 53 65 47.338 -122.47 297.53 54.867 90.933 140 3 114
6 53 65 47.417 -122.46 279.27 99.867 78.933 140 3 114
6 53 65 47.496 -122.46 264.6 169.53 65 140 3 114
6 53 65 47.565 -122.45 253.93 217.67 52.333 140 3 114
6 53 65 47.621 -122.43 239.4 103.8 41.467 140 3 114
6 53 65 47.632 -122.37 223.53 76.467 33.8 140 3 114
6 53 65 47.599 -122.33 202.73 136.8 29.6 140 3 114
6 53 65 47.552 -122.32 182.53 161.33 22.133 140 3 114
6 53 65 47.509 -122.32 153.93 175.2 13.667 140 3 114
6 53 65 47.474 -122.31 129.93 177.8 7.4 140 3 114
6 53 65 47.446 -122.31 125 180.13 4.6667 140 3 114
