1 55 55 33.436 -112.01 143 0 11 390 2014 7 1 19 36 6 2 79
1 55 55 33.433 -112.17 252 259 46 390 2014 7 1 19 38 16 2 79
1 55 55 33.5 -112.18 282 287 74 390 2014 7 1 19 39 16 2 79
1 55 55 33.517 -112.08 288 28 107 390 2014 7 1 19 40 16 2 79
1 55 55 33.5 -112 312 100 126 390 2014 7 1 19 41 6 2 79
1 55 55 33.515 -111.95 311 103 136 390 2014 7 1 19 42 6 2 79
1 55 55 33.54 -111.84 322 85 158 390 2014 7 1 19 43 16 2 79
1 55 55 33.568 -111.74 329 70 180 390 2014 7 1 19 44 6 2 79
1 55 55 33.595 -111.63 333 70 201 390 2014 7 1 19 45 6 2 79
1 55 55 33.624 -111.52 352 72 220 390 2014 7 1 19 46 6 2 107
1 55 55 33.653 -111.4 360 72 236 390 2014 7 1 19 47 7 2 107
1 55 55 33.69 -111.26 374 72 250 390 2014 7 1 19 48 15 2 107
1 55 55 33.73 -111.16 355 72 250 390 2014 7 1 19 49 16 2 107
1 55 55 33.821 -111.14 362 68 240 390 2014 7 1 19 50 6 2 107
1 55 55 33.883 -111.3 438 329 209 390 2014 7 1 19 51 6 2 106
1 55 55 33.833 -111.45 445 267 170 390 2014 7 1 19 52 6 2 79
1 55 55 33.789 -111.51 442 248 155 390 2014 7 1 19 53 6 2 79
1 55 55 33.694 -111.58 396 214 133 390 2014 7 1 19 54 16 2 79
1 55 55 33.583 -111.67 364 207 107 390 2014 7 1 19 55 6 2 79
1 55 55 33.517 -111.72 311 211 94 390 2014 7 1 19 56 6 2 79
1 55 55 33.433 -111.77 256 208 81 390 2014 7 1 19 57 6 2 79
1 55 55 33.467 -111.82 204 295 60 390 2014 7 1 19 58 15 2 79
1 55 55 33.5 -111.8 205 3 50 390 2014 7 1 19 59 6 2 79
1 55 55 33.467 -111.8 186 149 43 390 2014 7 1 20 0 6 2 79
1 55 55 33.45 -111.85 184 238 30 390 2014 7 1 20 1 6 2 79
1 55 55 33.441 -111.9 175 257 26 390 2014 7 1 20 2 16 2 79
1 55 55 33.441 -111.95 151 270 19 390 2014 7 1 20 3 15 2 79
1 55 55 33.44 -112 144 270 12 390 2014 7 1 20 4 16 2 79
2 55 55 33.433 -111.93 193 97 30 340 2014 7 2 18 8 6 2 79
2 55 55 33.433 -111.85 248 92 42 340 2014 7 2 18 9 6 2 79
2 55 55 33.4 -111.77 280 129 62 340 2014 7 2 18 10 6 2 79
2 55 55 33.399 -111.76 263 131 62 340 2014 7 2 18 11 11 2 79
2 55 55 33.313 -111.76 283 187 85 340 2014 7 2 18 12 6 2 79
2 55 55 33.283 -111.84 288 243 99 340 2014 7 2 18 13 16 2 79
2 55 55 33.243 -111.95 308 244 110 340 2014 7 2 18 14 7 2 79
2 55 55 33.201 -112.05 352 244 120 340 2014 7 2 18 15 6 2 79
2 55 55 33.155 -112.17 370 244 135 340 2014 7 2 18 16 6 2 79
2 55 55 33.11 -112.28 382 245 151 340 2014 7 2 18 17 6 2 79
2 55 55 33.059 -112.42 403 244 167 340 2014 7 2 18 18 6 2 79
2 55 55 33.009 -112.54 416 245 183 340 2014 7 2 18 19 6 2 64
2 55 55 32.961 -112.67 421 245 199 340 2014 7 2 18 20 6 2 64
2 55 55 32.935 -112.83 426 259 216 340 2014 7 2 18 21 6 2 64
2 55 55 32.92 -112.95 433 261 226 340 2014 7 2 18 22 6 2 64
2 55 55 32.897 -113.12 439 260 243 340 2014 7 2 18 23 6 2 64
2 55 55 32.876 -113.27 453 260 257 340 2014 7 2 18 24 6 2 64
2 55 55 32.856 -113.42 455 261 270 340 2014 7 2 18 25 6 2 90
2 55 55 32.831 -113.6 461 260 283 340 2014 7 2 18 26 6 2 90
2 55 55 32.814 -113.73 472 260 294 340 2014 7 2 18 27 6 2 90
2 55 55 32.787 -113.9 471 260 312 340 2014 7 2 18 28 6 2 90
2 55 55 32.776 -114.06 469 264 325 340 2014 7 2 18 29 6 1 50
2 55 55 32.779 -114.21 465 271 337 340 2014 7 2 18 30 6 1 50
2 55 55 32.803 -114.36 465 280 337 340 2014 7 2 18 31 6 1 50
2 55 55 32.826 -114.51 458 280 340 340 2014 7 2 18 32 6 1 50
2 55 55 32.825 -114.5 458 279 340 340 2014 7 2 18 33 6 1 50
2 55 55 32.845 -114.65 450 281 340 340 2014 7 2 18 34 6 1 50
2 55 55 32.873 -114.83 451 278 340 340 2014 7 2 18 35 16 1 50
2 55 55 32.895 -114.97 452 279 340 340 2014 7 2 18 36 6 1 50
2 55 55 32.919 -115.12 452 280 340 340 2014 7 2 18 37 6 1 50
2 55 55 32.941 -115.27 452 280 340 340 2014 7 2 18 38 6 1 50
2 55 55 32.964 -115.42 454 280 340 340 2014 7 2 18 39 6 1 50
2 55 55 32.989 -115.59 452 280 340 340 2014 7 2 18 40 16 1 50
2 55 55 33.01 -115.74 452 280 340 340 2014 7 2 18 41 10 1 50
2 55 55 33.032 -115.89 453 279 340 340 2014 7 2 18 42 6 1 50
2 55 55 33.053 -116.03 452 280 340 340 2014 7 2 18 43 16 1 50
2 55 55 33.075 -116.18 449 279 340 340 2014 7 2 18 44 16 1 50
2 55 55 33.101 -116.35 450 280 340 340 2014 7 2 18 45 6 1 50
2 55 55 33.121 -116.49 450 280 340 340 2014 7 2 18 46 6 1 50
2 55 55 33.14 -116.64 450 279 340 340 2014 7 2 18 47 6 1 50
2 55 55 33.162 -116.78 449 279 340 340 2014 7 2 18 48 6 1 50
2 55 55 33.184 -116.96 449 279 340 340 2014 7 2 18 49 6 1 50
2 55 55 33.204 -117.1 449 279 340 340 2014 7 2 18 50 6 1 51
2 55 55 33.224 -117.25 448 279 340 340 2014 7 2 18 51 6 1 51
2 55 55 33.242 -117.4 445 279 340 340 2014 7 2 18 52 6 1 51
2 55 55 33.26 -117.54 447 279 340 340 2014 7 2 18 53 6 1 51
2 55 55 33.28 -117.69 448 278 340 340 2014 7 2 18 54 15 1 51
2 55 55 33.304 -117.87 448 278 340 340 2014 7 2 18 55 6 1 51
2 55 55 33.322 -118.01 448 279 340 340 2014 7 2 18 56 16 1 51
2 55 55 33.342 -118.16 448 278 340 340 2014 7 2 18 57 6 1 51
2 55 55 33.359 -118.31 448 278 340 340 2014 7 2 18 58 6 1 51
2 55 55 33.38 -118.46 448 279 340 340 2014 7 2 18 59 6 1 51
2 55 55 33.26 -118.57 452 270 340 340 2014 7 2 19 0 6 1 52
2 55 55 33.188 -118.69 452 235 340 340 2014 7 2 19 1 6 1 52
2 55 55 33.176 -118.68 453 241 340 340 2014 7 2 19 2 6 1 52
2 55 55 33.072 -118.82 456 228 340 340 2014 7 2 19 3 6 1 52
2 55 55 32.986 -118.93 458 230 340 340 2014 7 2 19 4 6 1 52
2 55 55 32.819 -119.15 455 227 340 340 2014 7 2 19 5 16 1 52
2 55 55 32.819 -119.15 455 227 340 340 2014 7 2 19 6 6 1 52
2 55 55 32.733 -119.26 455 231 340 340 2014 7 2 19 7 6 1 52
2 55 55 32.631 -119.39 455 228 340 340 2014 7 2 19 8 6 1 52
2 55 55 32.546 -119.5 455 227 340 340 2014 7 2 19 9 6 1 52
2 55 55 32.46 -119.61 455 227 340 340 2014 7 2 19 10 6 1 52
2 55 55 32.374 -119.72 455 231 340 340 2014 7 2 19 11 6 1 52
2 55 55 32.289 -119.83 454 227 340 340 2014 7 2 19 12 6 1 52
2 55 55 32.203 -119.94 455 232 340 340 2014 7 2 19 13 6 1 52
2 55 55 32.098 -120.07 455 227 340 340 2014 7 2 19 14 6 1 52
2 55 55 32.012 -120.18 454 226 340 340 2014 7 2 19 15 6 1 52
2 55 55 31.933 -120.3 454 232 340 340 2014 7 2 19 16 17 1 52
2 55 55 31.887 -120.43 448 228 340 340 2014 7 2 19 17 6 1 52
2 55 55 31.84 -120.57 447 239 340 340 2014 7 2 19 18 16 1 52
2 55 55 31.794 -120.7 448 248 340 340 2014 7 2 19 19 16 1 52
2 55 55 31.739 -120.86 447 248 340 340 2014 7 2 19 20 6 1 52
2 55 55 31.693 -121 449 248 340 340 2014 7 2 19 21 6 1 52
2 55 55 31.645 -121.13 446 248 340 340 2014 7 2 19 22 16 1 52
2 55 55 31.592 -121.29 447 247 340 340 2014 7 2 19 23 16 1 52
2 55 55 31.549 -121.43 447 247 340 340 2014 7 2 19 24 6 0 52
2 55 55 31.521 -121.57 447 256 340 340 2014 7 2 19 25 6 0 52
2 55 55 31.493 -121.71 447 256 340 340 2014 7 2 19 26 6 0 52
2 55 55 31.465 -121.85 447 256 340 340 2014 7 2 19 27 6 0 52
2 55 55 31.436 -121.99 447 256 340 340 2014 7 2 19 28 6 0 52
2 55 55 31.407 -122.13 447 256 340 340 2014 7 2 19 29 6 0 52
2 55 55 31.378 -122.27 447 256 340 340 2014 7 2 19 30 6 0 52
2 55 55 31.349 -122.41 447 256 340 340 2014 7 2 19 31 6 0 52
2 55 55 31.32 -122.55 447 256 340 340 2014 7 2 19 32 6 0 52
2 55 55 31.291 -122.7 447 256 340 340 2014 7 2 19 33 15 0 52
2 55 55 31.261 -122.84 447 256 340 340 2014 7 2 19 34 6 0 52
2 55 55 31.232 -122.98 447 256 340 340 2014 7 2 19 35 6 0 52
2 55 55 31.202 -123.12 447 256 340 340 2014 7 2 19 36 6 0 52
2 55 55 31.172 -123.26 447 255 340 340 2014 7 2 19 37 7 0 52
2 55 55 31.142 -123.4 447 255 340 340 2014 7 2 19 38 6 0 52
2 55 55 31.111 -123.54 447 255 340 340 2014 7 2 19 39 6 0 0
2 55 55 31.081 -123.68 447 255 340 340 2014 7 2 19 40 6 0 0
2 55 55 31.133 -123.55 447 255 340 340 2014 7 2 19 41 6 0 0
2 55 55 31.103 -123.69 447 255 340 340 2014 7 2 19 42 16 0 0
2 55 55 31.072 -123.83 447 255 340 340 2014 7 2 19 43 6 0 0
2 55 55 31.041 -123.97 447 255 340 340 2014 7 2 19 44 6 0 0
2 55 55 31.01 -124.11 447 255 340 340 2014 7 2 19 45 6 0 0
2 55 55 30.979 -124.25 447 255 340 340 2014 7 2 19 46 6 0 0
2 55 55 30.948 -124.39 447 255 340 340 2014 7 2 19 47 6 0 0
2 55 55 30.916 -124.53 447 255 340 340 2014 7 2 19 48 6 0 0
2 55 55 30.885 -124.67 447 255 340 340 2014 7 2 19 49 6 0 0
2 55 55 30.853 -124.81 447 255 340 340 2014 7 2 19 50 6 0 0
2 55 55 30.889 -124.67 447 73 340 340 2014 7 2 19 51 6 0 0
2 55 55 30.924 -124.53 447 73 340 340 2014 7 2 19 52 16 0 0
2 55 55 30.96 -124.39 447 73 340 340 2014 7 2 19 53 6 0 0
2 55 55 31.133 -123.55 447 73 340 340 2014 7 2 19 54 6 0 0
2 55 55 31.168 -123.41 447 73 340 340 2014 7 2 19 55 6 0 52
2 55 55 31.203 -123.27 447 73 340 340 2014 7 2 19 56 6 0 52
2 55 55 31.237 -123.13 447 73 340 340 2014 7 2 19 57 15 0 52
2 55 55 31.272 -122.99 447 73 340 340 2014 7 2 19 58 6 0 52
2 55 55 31.306 -122.86 447 73 340 340 2014 7 2 19 59 16 0 52
2 55 55 31.34 -122.72 447 74 340 340 2014 7 2 20 0 6 0 52
2 55 55 31.374 -122.58 447 74 340 340 2014 7 2 20 1 7 0 52
2 55 55 31.437 -122.45 447 59 340 340 2014 7 2 20 2 16 0 52
2 55 55 31.47 -122.31 447 74 340 340 2014 7 2 20 3 6 0 52
2 55 55 31.503 -122.17 447 74 340 340 2014 7 2 20 4 6 0 52
2 55 55 31.536 -122.03 447 74 340 340 2014 7 2 20 5 6 0 52
2 55 55 31.227 -123.05 495 262 340 340 2014 7 2 20 6 6 0 52
2 55 55 31.264 -122.85 502 257 340 340 2014 7 2 20 7 6 0 52
2 55 55 31.297 -122.69 505 257 340 340 2014 7 2 20 8 16 0 52
2 55 55 31.33 -122.52 505 77 340 340 2014 7 2 20 9 6 0 52
2 55 55 31.358 -122.37 505 75 340 340 2014 7 2 20 10 6 0 52
2 55 55 31.392 -122.21 505 77 340 340 2014 7 2 20 11 6 0 52
2 55 55 31.43 -122.06 505 73 340 340 2014 7 2 20 12 6 0 52
2 55 55 31.429 -122.02 505 75 340 290 2014 7 2 20 13 6 0 52
2 55 55 31.46 -121.87 502 75 339 290 2014 7 2 20 14 6 0 52
2 55 55 31.492 -121.71 501 76 326 290 2014 7 2 20 15 6 0 52
2 55 55 31.523 -121.55 500 75 312 290 2014 7 2 20 16 6 0 52
2 55 55 31.554 -121.39 504 76 302 290 2014 7 2 20 17 6 0 52
2 55 55 31.606 -121.25 484 77 293 290 2014 7 2 20 18 6 1 52
2 55 55 31.668 -121.07 490 72 287 230 2014 7 2 20 19 6 1 52
2 55 55 31.718 -120.92 491 68 274 230 2014 7 2 20 20 16 1 52
2 55 55 31.77 -120.78 491 67 261 230 2014 7 2 20 21 6 1 52
2 55 55 31.821 -120.63 495 67 244 230 2014 7 2 20 22 6 1 52
2 55 55 31.873 -120.47 498 67 232 230 2014 7 2 20 23 6 1 52
2 55 55 32.018 -120.17 488 67 230 230 2014 7 2 20 24 16 1 52
2 55 55 32.111 -120.06 489 60 230 230 2014 7 2 20 25 16 1 52
2 55 55 32.111 -120.06 489 60 230 230 2014 7 2 20 26 6 1 52
2 55 55 32.208 -119.93 489 57 230 230 2014 7 2 20 27 6 1 52
2 55 55 32.3 -119.81 489 47 230 230 2014 7 2 20 28 6 1 52
2 55 55 32.393 -119.7 490 47 230 210 2014 7 2 20 29 16 1 52
2 55 55 32.504 -119.55 491 47 227 210 2014 7 2 20 30 6 1 52
2 55 55 32.596 -119.44 488 46 215 210 2014 7 2 20 31 12 1 52
2 55 55 32.685 -119.32 484 47 210 190 2014 7 2 20 32 6 1 52
2 55 55 32.776 -119.2 484 57 209 190 2014 7 2 20 33 6 1 52
2 55 55 32.864 -119.09 476 47 197 190 2014 7 2 20 34 15 1 52
2 55 55 32.949 -118.98 460 47 190 190 2014 7 2 20 35 6 1 52
2 55 55 33.05 -118.85 451 47 190 190 2014 7 2 20 36 6 1 52
2 55 55 33.067 -118.7 451 82 190 190 2014 7 2 20 37 6 1 52
2 55 55 33.219 -118.62 453 47 190 190 2014 7 2 20 38 15 1 52
2 55 55 33.301 -118.51 453 59 190 190 2014 7 2 20 39 6 1 17
2 55 55 33.373 -118.39 455 48 190 190 2014 7 2 20 40 6 1 17
2 55 55 33.398 -118.22 448 63 190 190 2014 7 2 20 41 6 1 17
2 55 55 33.415 -118.07 448 74 190 170 2014 7 2 20 42 6 1 17
2 55 55 33.433 -117.92 449 80 178 170 2014 7 2 20 43 6 1 17
2 55 55 33.45 -117.78 441 83 170 170 2014 7 2 20 44 6 1 17
2 55 55 33.47 -117.61 436 81 170 170 2014 7 2 20 45 6 1 17
2 55 55 33.485 -117.47 435 81 170 170 2014 7 2 20 46 6 1 26
2 55 55 33.503 -117.33 435 84 170 170 2014 7 2 20 47 6 1 26
2 55 55 33.519 -117.19 435 81 170 170 2014 7 2 20 48 6 1 26
2 55 55 33.535 -117.04 434 81 170 170 2014 7 2 20 49 6 1 26
2 55 55 33.549 -116.9 435 82 170 170 2014 7 2 20 50 6 1 26
2 55 55 33.549 -116.75 435 89 170 170 2014 7 2 20 51 6 1 26
2 55 55 33.583 -116.58 433 82 169 170 2014 7 2 20 52 9 1 26
2 55 55 33.583 -116.58 433 82 169 170 2014 7 2 20 53 6 1 26
2 55 55 33.611 -116.3 422 82 169 170 2014 7 2 20 54 16 1 27
2 55 55 33.607 -116.16 422 92 169 170 2014 7 2 20 55 6 1 27
2 55 55 33.625 -116.16 419 85 169 150 2014 7 2 20 56 6 1 27
2 55 55 33.625 -116.02 419 83 166 150 2014 7 2 20 57 6 1 27
2 55 55 33.621 -115.89 405 86 152 150 2014 7 2 20 58 6 1 27
2 55 55 33.62 -115.75 354 90 151 150 2014 7 2 20 59 6 1 27
2 55 55 33.616 -115.64 314 91 150 150 2014 7 2 21 0 6 1 27
2 55 55 33.613 -115.54 304 92 150 150 2014 7 2 21 1 6 1 27
2 55 55 33.612 -115.44 307 91 150 150 2014 7 2 21 2 6 1 27
2 55 55 33.609 -115.34 304 90 150 150 2014 7 2 21 3 6 1 27
2 55 55 33.608 -115.24 302 92 150 150 2014 7 2 21 4 6 1 27
2 55 55 33.604 -115.12 296 90 151 150 2014 7 2 21 5 6 1 27
2 55 55 33.603 -115.03 296 90 151 150 2014 7 2 21 6 6 1 27
2 55 55 33.599 -114.93 295 91 150 150 2014 7 2 21 7 6 1 27
2 55 55 33.597 -114.83 296 93 150 150 2014 7 2 21 8 6 1 27
2 55 55 33.595 -114.73 295 92 150 150 2014 7 2 21 9 16 1 27
2 55 55 33.587 -114.64 295 96 150 150 2014 7 2 21 10 6 1 27
2 55 55 33.577 -114.54 295 96 150 130 2014 7 2 21 11 6 1 27
2 55 55 33.565 -114.42 295 92 142 130 2014 7 2 21 12 6 1 27
2 55 55 33.559 -114.34 296 98 132 130 2014 7 2 21 13 6 1 27
2 55 55 33.547 -114.23 295 95 130 130 2014 7 2 21 14 6 1 27
2 55 55 33.538 -114.13 286 95 130 130 2014 7 2 21 15 6 1 27
2 55 55 33.528 -114.02 286 97 130 130 2014 7 2 21 16 6 1 27
2 55 55 33.513 -113.92 289 98 130 130 2014 7 2 21 17 15 2 64
2 55 55 33.492 -113.83 291 103 130 130 2014 7 2 21 18 6 2 64
2 55 55 33.472 -113.74 291 105 130 130 2014 7 2 21 19 16 2 64
2 55 55 33.458 -113.66 293 104 130 130 2014 7 2 21 20 6 2 64
2 55 55 33.434 -113.54 296 102 130 130 2014 7 2 21 21 6 2 64
2 55 55 33.412 -113.44 297 103 130 130 2014 7 2 21 22 6 2 64
2 55 55 33.392 -113.35 298 104 130 130 2014 7 2 21 23 6 2 64
2 55 55 33.373 -113.25 299 104 130 130 2014 7 2 21 24 6 2 64
2 55 55 33.337 -113.16 299 103 130 130 2014 7 2 21 25 6 2 64
2 55 55 33.329 -113.14 302 115 130 130 2014 7 2 21 26 6 2 64
2 55 55 33.26 -112.98 297 117 130 130 2014 7 2 21 27 15 2 64
2 55 55 33.263 -112.87 296 101 130 130 2014 7 2 21 28 6 2 64
2 55 55 33.283 -112.8 303 87 130 130 2014 7 2 21 29 6 2 64
2 55 55 33.283 -112.77 303 68 130 130 2014 7 2 21 30 6 2 79
2 55 55 33.283 -112.6 303 89 114 130 2014 7 2 21 31 6 2 79
2 55 55 33.283 -112.5 296 88 110 130 2014 7 2 21 32 6 2 79
2 55 55 33.283 -112.4 301 87 110 130 2014 7 2 21 33 6 2 79
2 55 55 33.3 -112.3 297 88 106 130 2014 7 2 21 34 6 2 79
2 55 55 33.3 -112.2 293 86 98 130 2014 7 2 21 35 6 2 79
2 55 55 33.317 -112.12 245 84 92 130 2014 7 2 21 36 6 2 79
2 55 55 33.317 -112.03 246 83 82 130 2014 7 2 21 37 6 2 79
2 55 55 33.35 -111.95 245 73 70 130 2014 7 2 21 38 16 2 79
2 55 55 33.35 -111.88 214 78 68 130 2014 7 2 21 39 15 2 79
2 55 55 33.367 -111.82 192 91 54 130 2014 7 2 21 40 6 2 79
2 55 55 33.417 -111.82 185 27 40 130 2014 7 2 21 41 6 2 79
2 55 55 33.429 -111.84 177 0 36 130 2014 7 2 21 42 6 2 79
2 55 55 33.433 -111.92 155 285 23 130 2014 7 2 21 43 6 2 79
2 55 55 33.433 -111.97 145 270 17 130 2014 7 2 21 44 6 2 79
2 55 55 33.442 -112 147 270 11 130 2014 7 2 21 45 6 2 79
3 55 55 33.433 -112.03 157 0 19 290 2014 7 2 19 48 6 2 79
3 55 55 33.417 -112.1 216 260 38 290 2014 7 2 19 49 6 2 79
3 55 55 33.383 -112.17 263 245 54 290 2014 7 2 19 50 6 2 79
3 55 55 33.356 -112.18 263 239 62 290 2014 7 2 19 51 6 2 79
3 55 55 33.312 -112.12 288 228 80 290 2014 7 2 19 52 16 2 79
3 55 55 33.303 -112.02 290 122 100 290 2014 7 2 19 53 6 2 79
3 55 55 33.289 -111.92 300 111 115 290 2014 7 2 19 54 6 2 79
3 55 55 33.273 -111.81 330 98 128 290 2014 7 2 19 55 6 2 79
3 55 55 33.256 -111.68 333 101 150 290 2014 7 2 19 56 6 2 79
3 55 55 33.243 -111.58 330 99 166 290 2014 7 2 19 57 15 2 79
3 55 55 33.221 -111.47 333 98 180 290 2014 7 2 19 58 6 2 79
3 55 55 33.191 -111.36 342 102 193 290 2014 7 2 19 59 16 2 79
3 55 55 33.159 -111.25 347 106 205 290 2014 7 2 20 0 6 2 60
3 55 55 33.128 -111.14 357 108 215 290 2014 7 2 20 1 7 2 60
3 55 55 33.087 -111 365 108 226 290 2014 7 2 20 2 16 2 60
3 55 55 33.053 -110.88 374 108 235 290 2014 7 2 20 3 6 2 60
3 55 55 33.02 -110.76 382 109 244 290 2014 7 2 20 4 6 2 60
3 55 55 32.981 -110.63 388 107 253 290 2014 7 2 20 5 6 2 60
3 55 55 32.95 -110.5 388 106 253 290 2014 7 2 20 6 6 2 60
3 55 55 32.909 -110.38 390 109 268 290 2014 7 2 20 7 6 2 91
3 55 55 32.875 -110.26 397 109 275 290 2014 7 2 20 8 16 2 91
3 55 55 32.837 -110.13 399 108 281 290 2014 7 2 20 9 6 2 91
3 55 55 32.805 -110.01 399 106 281 290 2014 7 2 20 10 6 2 91
3 55 55 32.8 -110 403 108 286 290 2014 7 2 20 11 6 2 91
3 55 55 32.762 -109.88 406 108 290 290 2014 7 2 20 12 6 2 91
3 55 55 32.715 -109.72 418 108 290 290 2014 7 2 20 13 6 2 91
3 55 55 32.665 -109.6 428 109 290 290 2014 7 2 20 14 6 2 91
3 55 55 32.559 -109.59 416 112 290 290 2014 7 2 20 15 6 2 91
3 55 55 32.503 -109.71 411 182 290 290 2014 7 2 20 16 6 2 91
3 55 55 32.459 -109.83 411 234 290 290 2014 7 2 20 17 6 2 91
3 55 55 32.47 -109.96 414 243 280 290 2014 7 2 20 18 6 2 91
3 55 55 32.497 -110.1 428 268 264 290 2014 7 2 20 19 6 2 91
3 55 55 32.53 -110.28 446 279 246 290 2014 7 2 20 20 16 2 91
3 55 55 32.554 -110.41 446 282 240 290 2014 7 2 20 21 6 2 91
3 55 55 32.579 -110.55 429 282 240 290 2014 7 2 20 22 6 2 91
3 55 55 32.626 -110.66 401 282 240 290 2014 7 2 20 23 6 2 91
3 55 55 32.699 -110.79 395 288 231 290 2014 7 2 20 24 16 2 60
3 55 55 32.82 -111.02 403 302 211 290 2014 7 2 20 25 16 2 60
3 55 55 32.82 -111.02 403 302 211 290 2014 7 2 20 26 6 2 60
3 55 55 32.876 -111.13 396 304 201 290 2014 7 2 20 27 6 2 60
3 55 55 32.95 -111.3 351 299 166 290 2014 7 2 20 28 6 2 60
3 55 55 32.971 -111.33 349 293 161 290 2014 7 2 20 29 16 2 60
3 55 55 33.05 -111.48 320 298 129 290 2014 7 2 20 30 6 2 79
3 55 55 33.071 -111.53 316 308 121 290 2014 7 2 20 31 12 2 79
3 55 55 33.139 -111.59 298 308 101 290 2014 7 2 20 32 6 2 79
3 55 55 33.209 -111.63 291 337 85 290 2014 7 2 20 33 6 2 79
3 55 55 33.3 -111.68 239 334 68 290 2014 7 2 20 34 15 2 79
3 55 55 33.33 -111.7 240 330 62 290 2014 7 2 20 35 6 2 79
3 55 55 33.384 -111.74 235 327 48 290 2014 7 2 20 36 6 2 79
3 55 55 33.408 -111.81 228 300 35 290 2014 7 2 20 37 6 2 79
3 55 55 33.429 -111.9 212 300 33 290 2014 7 2 20 38 15 2 79
3 55 55 33.431 -111.96 177 270 19 290 2014 7 2 20 39 6 2 79
3 55 55 33.431 -112 142 270 11 290 2014 7 2 20 40 6 2 79
4 55 55 33.436 -112.01 156 0 11 350 2014 7 3 22 30 6 2 79
4 55 55 33.433 -112.2 270 246 53 350 2014 7 3 22 32 6 2 79
4 55 55 33.5 -112.18 282 308 75 350 2014 7 3 22 33 6 2 79
4 55 55 33.567 -112.12 291 39 96 350 2014 7 3 22 34 6 2 79
4 55 55 33.606 -112.05 305 56 112 350 2014 7 3 22 35 6 2 79
4 55 55 33.663 -111.97 325 39 130 350 2014 7 3 22 36 6 2 79
4 55 55 33.764 -111.91 347 33 151 350 2014 7 3 22 37 6 2 79
4 55 55 33.853 -111.85 354 40 170 350 2014 7 3 22 38 6 2 79
4 55 55 33.949 -111.79 362 25 191 350 2014 7 3 22 39 6 2 79
4 55 55 34.04 -111.73 371 27 207 350 2014 7 3 22 40 6 2 79
4 55 55 34.121 -111.64 383 33 222 350 2014 7 3 22 41 6 2 61
4 55 55 34.201 -111.54 392 36 236 350 2014 7 3 22 42 6 2 61
4 55 55 34.283 -111.45 401 43 245 350 2014 7 3 22 43 6 2 61
4 55 55 34.367 -111.35 422 43 253 350 2014 7 3 22 44 6 2 61
4 55 55 34.421 -111.21 449 43 250 350 2014 7 3 22 45 6 2 61
4 55 55 34.472 -111.08 438 54 250 350 2014 7 3 22 46 6 2 106
4 55 55 34.521 -110.96 417 64 250 350 2014 7 3 22 47 6 2 106
4 55 55 34.597 -110.82 415 55 250 350 2014 7 3 22 48 6 2 106
4 55 55 34.687 -110.74 417 59 250 350 2014 7 3 22 49 6 2 106
4 55 55 34.787 -110.67 418 44 250 350 2014 7 3 22 50 6 2 61
4 55 55 34.903 -110.59 420 28 250 250 2014 7 3 22 51 8 2 61
4 55 55 34.993 -110.51 420 31 250 250 2014 7 3 22 52 6 2 61
4 55 55 35.094 -110.41 420 38 250 250 2014 7 3 22 53 6 2 61
4 55 55 35.177 -110.33 409 38 250 250 2014 7 3 22 54 6 2 61
4 55 55 35.264 -110.26 405 37 250 250 2014 7 3 22 55 6 2 61
4 55 55 35.367 -110.16 405 35 250 250 2014 7 3 22 56 6 2 61
4 55 55 35.413 -110.13 407 36 250 250 2014 7 3 22 57 6 2 61
4 55 55 35.548 -109.98 415 39 250 250 2014 7 3 22 58 6 2 61
4 55 55 35.611 -109.87 417 51 250 250 2014 7 3 22 59 6 2 61
4 55 55 35.65 -109.79 415 58 250 250 2014 7 3 23 1 6 2 61
4 55 55 35.65 -109.79 415 58 250 250 2014 7 3 23 1 6 2 61
4 55 55 35.655 -109.58 360 87 250 250 2014 7 3 23 2 6 2 68
4 55 55 35.567 -109.6 346 190 250 250 2014 7 3 23 3 6 2 68
4 55 55 35.492 -109.69 338 224 250 250 2014 7 3 23 4 6 2 68
4 55 55 35.425 -109.76 338 222 250 250 2014 7 3 23 5 6 2 68
4 55 55 35.346 -109.85 339 220 250 250 2014 7 3 23 6 6 2 68
4 55 55 35.281 -109.93 340 224 250 250 2014 7 3 23 7 6 2 68
4 55 55 35.216 -110.01 339 222 250 250 2014 7 3 23 8 6 2 61
4 55 55 35.138 -110.09 340 223 250 250 2014 7 3 23 9 6 2 61
4 55 55 35.068 -110.17 345 223 250 250 2014 7 3 23 10 6 2 61
4 55 55 34.982 -110.26 367 245 250 250 2014 7 3 23 11 6 2 61
4 55 55 34.903 -110.34 380 221 250 250 2014 7 3 23 12 6 2 61
4 55 55 34.824 -110.43 387 220 250 250 2014 7 3 23 13 6 2 61
4 55 55 34.73 -110.53 396 221 250 250 2014 7 3 23 14 6 2 106
4 55 55 34.65 -110.61 398 220 250 250 2014 7 3 23 15 6 2 106
4 55 55 34.559 -110.71 394 220 250 250 2014 7 3 23 16 6 2 106
4 55 55 34.482 -110.78 397 221 242 250 2014 7 3 23 17 6 2 106
4 55 55 34.399 -110.87 397 220 242 250 2014 7 3 23 18 6 2 106
4 55 55 34.318 -110.95 390 220 206 250 2014 7 3 23 19 6 2 106
4 55 55 34.236 -111.04 390 220 206 250 2014 7 3 23 20 6 2 106
4 55 55 34.167 -111.1 356 220 148 250 2014 7 3 23 21 6 2 106
4 55 55 34.079 -111.2 348 231 119 250 2014 7 3 23 22 6 2 106
4 55 55 34.01 -111.27 337 213 106 250 2014 7 3 23 23 6 2 106
4 55 55 33.939 -111.35 333 227 100 250 2014 7 3 23 24 6 2 106
4 55 55 33.917 -111.37 335 220 100 250 2014 7 3 23 25 6 2 106
4 55 55 33.871 -111.41 315 218 100 250 2014 7 3 23 26 6 2 79
4 55 55 33.783 -111.48 299 215 99 250 2014 7 3 23 27 6 2 79
4 55 55 33.717 -111.55 296 215 86 250 2014 7 3 23 28 6 2 79
4 55 55 33.667 -111.6 269 215 83 250 2014 7 3 23 29 6 2 79
4 55 55 33.614 -111.63 252 208 78 250 2014 7 3 23 30 6 2 79
4 55 55 33.55 -111.68 240 224 67 250 2014 7 3 23 31 6 2 79
4 55 55 33.467 -111.78 237 219 43 250 2014 7 3 23 32 6 2 79
4 55 55 33.463 -111.8 237 231 41 250 2014 7 3 23 33 6 2 79
4 55 55 33.45 -111.87 229 251 31 250 2014 7 3 23 34 6 2 79
4 55 55 33.441 -111.93 175 260 23 250 2014 7 3 23 35 7 2 79
5 55 55 33.433 -112.02 163 0 20 150 2014 7 3 12 32 6 2 79
5 55 55 33.417 -112.1 208 249 48 150 2014 7 3 12 33 6 2 79
5 55 55 33.367 -112.12 261 251 75 150 2014 7 3 12 34 16 2 79
5 55 55 33.283 -112.08 283 163 119 150 2014 7 3 12 35 15 2 79
5 55 55 33.283 -112.08 283 163 119 150 2014 7 3 12 36 6 2 79
5 55 55 33.217 -111.92 313 150 150 150 2014 7 3 12 37 6 2 79
5 55 55 33.217 -111.82 304 115 150 150 2014 7 3 12 38 15 2 79
5 55 55 33.217 -111.72 317 107 149 150 2014 7 3 12 39 16 2 79
5 55 55 33.2 -111.62 312 89 149 150 2014 7 3 12 40 15 2 79
5 55 55 33.2 -111.52 305 95 146 150 2014 7 3 12 41 15 2 79
5 55 55 33.25 -111.47 277 95 133 150 2014 7 3 12 42 16 2 79
5 55 55 33.333 -111.5 255 68 118 150 2014 7 3 12 43 16 2 79
5 55 55 33.4 -111.53 263 5 99 150 2014 7 3 12 44 6 2 79
5 55 55 33.333 -111.5 263 158 99 150 2014 7 3 12 45 6 2 79
5 55 55 33.433 -111.62 239 340 81 150 2014 7 3 12 46 6 2 79
5 55 55 33.433 -111.75 212 284 50 150 2014 7 3 12 47 16 2 79
5 55 55 33.433 -111.75 212 284 50 150 2014 7 3 12 48 6 2 79
5 55 55 33.433 -111.88 185 270 28 150 2014 7 3 12 49 15 2 79
5 55 55 33.433 -111.93 163 270 19 150 2014 7 3 12 50 16 2 79
5 55 55 33.433 -111.93 163 270 19 150 2014 7 3 12 51 6 2 79
5 55 55 33.433 -111.98 145 270 13 150 2014 7 3 12 52 6 2 79
5 55 55 33.4 -111.96 145 145 13 150 2014 7 3 12 53 6 2 79
5 55 55 33.367 -111.93 145 145 13 150 2014 7 3 12 54 6 2 79
5 55 55 33.334 -111.9 145 145 13 150 2014 7 3 12 55 15 2 79
5 55 55 33.3 -111.88 145 145 13 150 2014 7 3 12 56 6 2 79
5 55 55 33.267 -111.85 145 145 13 150 2014 7 3 12 57 6 2 79
5 55 55 33.2 -111.79 145 145 13 150 2014 7 3 12 58 16 2 79
5 55 55 33.2 -111.79 145 145 13 150 2014 7 3 12 59 6 2 79
5 55 55 33.167 -111.77 145 145 13 150 2014 7 3 13 0 6 2 79
5 55 55 33.134 -111.74 145 145 13 150 2014 7 3 13 1 6 2 79
5 55 55 33.101 -111.71 145 145 13 150 2014 7 3 13 2 6 2 79
5 55 55 33.067 -111.69 145 145 13 150 2014 7 3 13 3 6 2 79
5 55 55 33.034 -111.66 145 145 13 150 2014 7 3 13 4 6 2 79
5 55 55 33.001 -111.63 145 146 13 150 2014 7 3 13 5 6 2 79
5 55 55 32.967 -111.61 145 146 13 150 2014 7 3 13 6 6 2 60
5 55 55 32.934 -111.58 145 146 13 150 2014 7 3 13 7 9 2 60
5 55 55 32.901 -111.55 145 146 13 150 2014 7 3 13 8 6 2 60
5 55 55 32.867 -111.53 145 146 13 150 2014 7 3 13 9 6 2 60
5 55 55 32.834 -111.5 145 146 13 150 2014 7 3 13 10 6 2 60
5 55 55 32.8 -111.47 145 146 13 150 2014 7 3 13 11 6 2 60
5 55 55 32.767 -111.45 145 146 13 150 2014 7 3 13 12 6 2 60
5 55 55 32.734 -111.42 145 146 13 150 2014 7 3 13 13 6 2 60
5 55 55 32.7 -111.39 145 146 13 150 2014 7 3 13 14 6 2 60
5 55 55 32.667 -111.37 145 146 13 150 2014 7 3 13 15 6 2 60
5 55 55 32.633 -111.34 145 146 13 150 2014 7 3 13 16 6 2 60
5 55 55 32.6 -111.31 145 146 13 150 2014 7 3 13 17 6 2 60
5 55 55 32.567 -111.29 145 146 13 150 2014 7 3 13 18 6 2 60
5 55 55 32.533 -111.26 145 146 13 150 2014 7 3 13 19 6 2 77
5 55 55 32.5 -111.23 145 146 13 150 2014 7 3 13 20 6 2 77
5 55 55 32.466 -111.21 145 146 13 150 2014 7 3 13 21 6 2 77
5 55 55 32.433 -111.18 145 146 13 150 2014 7 3 13 22 6 2 77
5 55 55 32.399 -111.15 145 146 13 150 2014 7 3 13 23 6 2 77
5 55 55 32.366 -111.13 145 146 13 150 2014 7 3 13 24 6 2 77
5 55 55 32.333 -111.1 145 146 13 150 2014 7 3 13 25 6 2 77
5 55 55 32.299 -111.08 145 146 13 150 2014 7 3 13 26 6 2 77
5 55 55 32.266 -111.05 145 146 13 150 2014 7 3 13 27 6 2 77
5 55 55 32.199 -111 145 146 13 150 2014 7 3 13 28 16 2 77
5 55 55 32.199 -111 145 146 13 150 2014 7 3 13 29 6 2 77
5 55 55 32.165 -110.97 145 146 13 150 2014 7 3 13 30 6 2 77
5 55 55 32.198 -111 145 325 13 150 2014 7 3 13 31 8 2 77
5 55 55 32.232 -111.02 145 325 13 150 2014 7 3 13 32 6 2 77
5 55 55 32.265 -111.05 145 325 13 150 2014 7 3 13 33 6 2 77
5 55 55 32.298 -111.08 145 325 13 150 2014 7 3 13 34 6 2 77
5 55 55 32.331 -111.1 145 325 13 150 2014 7 3 13 35 6 2 77
5 55 55 32.364 -111.13 145 325 13 150 2014 7 3 13 36 6 2 77
5 55 55 32.398 -111.16 145 325 13 150 2014 7 3 13 37 6 2 77
5 55 55 32.431 -111.18 145 325 13 150 2014 7 3 13 38 6 2 77
5 55 55 32.464 -111.21 145 325 13 150 2014 7 3 13 39 6 2 77
5 55 55 32.497 -111.24 145 325 13 150 2014 7 3 13 40 6 2 77
5 55 55 32.531 -111.26 145 325 13 150 2014 7 3 13 41 6 2 77
5 55 55 32.597 -111.32 145 325 13 150 2014 7 3 13 42 16 2 60
5 55 55 32.597 -111.32 145 325 13 150 2014 7 3 13 43 6 2 60
5 55 55 32.63 -111.35 145 325 13 150 2014 7 3 13 44 6 2 60
5 55 55 32.663 -111.37 145 325 13 150 2014 7 3 13 45 6 2 60
5 55 55 32.696 -111.4 145 325 13 150 2014 7 3 13 46 6 2 60
5 55 55 32.729 -111.43 145 325 13 150 2014 7 3 13 47 6 2 60
5 55 55 32.763 -111.45 145 325 13 150 2014 7 3 13 48 6 2 60
5 55 55 32.796 -111.48 145 325 13 150 2014 7 3 13 49 6 2 60
5 55 55 32.829 -111.51 145 325 13 150 2014 7 3 13 50 6 2 60
5 55 55 32.862 -111.53 145 325 13 150 2014 7 3 13 51 6 2 60
5 55 55 32.895 -111.56 145 325 13 150 2014 7 3 13 52 15 2 60
5 55 55 32.928 -111.59 145 325 13 150 2014 7 3 13 53 6 2 60
5 55 55 32.961 -111.62 145 325 13 150 2014 7 3 13 54 6 2 60
5 55 55 32.994 -111.64 145 325 13 150 2014 7 3 13 55 6 2 79
5 55 55 33.028 -111.67 145 325 13 150 2014 7 3 13 56 6 2 79
5 55 55 33.061 -111.7 145 325 13 150 2014 7 3 13 57 6 2 79
5 55 55 33.094 -111.73 145 325 13 150 2014 7 3 13 58 6 2 79
5 55 55 33.127 -111.75 145 325 13 150 2014 7 3 13 59 6 2 79
5 55 55 33.16 -111.78 145 325 13 150 2014 7 3 14 0 6 2 79
5 55 55 33.193 -111.81 145 325 13 150 2014 7 3 14 1 6 2 79
5 55 55 33.226 -111.83 145 325 13 150 2014 7 3 14 2 6 2 79
5 55 55 33.259 -111.86 145 325 13 150 2014 7 3 14 3 6 2 79
5 55 55 33.292 -111.89 145 325 13 150 2014 7 3 14 4 6 2 79
5 55 55 33.325 -111.92 145 325 13 150 2014 7 3 14 5 6 2 79
5 55 55 33.358 -111.94 145 325 13 150 2014 7 3 14 6 7 2 79
5 55 55 33.391 -111.97 145 325 13 150 2014 7 3 14 7 6 2 79
6 55 55 33.433 -111.98 157 0 25 200 2014 7 3 14 41 6 2 79
6 55 55 33.45 -111.83 276 91 83 200 2014 7 3 14 43 6 2 79
6 55 55 33.517 -111.75 297 65 119 200 2014 7 3 14 44 6 2 79
6 55 55 33.583 -111.78 317 18 146 200 2014 7 3 14 45 6 2 79
6 55 55 33.649 -111.81 333 337 160 200 2014 7 3 14 46 14 2 79
6 55 55 33.735 -111.89 360 338 190 200 2014 7 3 14 47 6 2 79
6 55 55 33.801 -111.99 400 329 200 200 2014 7 3 14 48 6 2 79
6 55 55 33.877 -112.1 430 319 200 200 2014 7 3 14 49 6 2 79
6 55 55 33.954 -112.22 442 308 200 200 2014 7 3 14 50 6 2 79
6 55 55 34.035 -112.33 442 315 200 200 2014 7 3 14 51 6 2 79
6 55 55 34.143 -112.41 440 309 200 200 2014 7 3 14 52 9 2 62
6 55 55 34.274 -112.49 441 321 200 108 2014 7 3 14 53 6 2 62
6 55 55 34.384 -112.47 414 332 200 108 2014 7 3 14 54 6 2 62
6 55 55 34.422 -112.37 376 347 199 108 2014 7 3 14 55 6 2 62
6 55 55 34.371 -112.28 340 69 183 108 2014 7 3 14 56 6 2 62
6 55 55 34.29 -112.24 319 94 169 108 2014 7 3 14 57 6 2 62
6 55 55 34.206 -112.2 320 140 156 108 2014 7 3 14 58 6 2 62
6 55 55 34.1 -112.15 320 158 139 108 2014 7 3 14 59 6 2 62
6 55 55 34.024 -112.14 305 180 125 108 2014 7 3 15 0 6 2 79
6 55 55 33.95 -112.15 301 181 111 108 2014 7 3 15 1 7 2 79
6 55 55 33.862 -112.17 296 189 97 108 2014 7 3 15 2 6 2 79
6 55 55 33.784 -112.18 288 189 86 108 2014 7 3 15 3 6 2 79
6 55 55 33.7 -112.2 274 190 75 108 2014 7 3 15 4 6 2 79
6 55 55 33.65 -112.22 240 190 67 108 2014 7 3 15 5 6 2 79
6 55 55 33.583 -112.22 231 189 60 108 2014 7 3 15 6 9 2 79
6 55 55 33.533 -112.22 232 186 49 108 2014 7 3 15 7 6 2 79
6 55 55 33.467 -112.2 196 166 39 108 2014 7 3 15 8 6 2 79
6 55 55 33.433 -112.13 199 159 30 108 2014 7 3 15 9 6 2 79
6 55 55 33.433 -112.08 174 103 21 108 2014 7 3 15 10 6 2 79
6 55 55 33.441 -112.06 160 89 16 108 2014 7 3 15 11 6 2 79
6 55 55 33.44 -112.01 132 91 11 108 2014 7 3 15 12 6 2 79
7 55 55 33.436 -112.01 153 0 11 280 2014 7 3 19 8 6 2 79
7 55 55 33.426 -112.05 196 265 26 280 2014 7 3 19 9 6 2 79
7 55 55 33.401 -112.12 217 239 56 280 2014 7 3 19 10 6 2 79
7 55 55 33.343 -112.16 271 245 92 280 2014 7 3 19 11 6 2 79
7 55 55 33.266 -112.12 305 210 120 280 2014 7 3 19 12 6 2 79
7 55 55 33.178 -112.07 343 169 142 280 2014 7 3 19 13 6 2 79
7 55 55 33.079 -112.02 330 155 165 280 2014 7 3 19 14 8 2 79
7 55 55 32.994 -111.97 336 155 181 280 2014 7 3 19 15 6 2 60
7 55 55 32.902 -111.92 358 155 194 250 2014 7 3 19 16 6 2 60
7 55 55 32.815 -111.85 371 155 208 250 2014 7 3 19 17 6 2 60
7 55 55 32.727 -111.78 385 150 221 250 2014 7 3 19 18 6 2 60
7 55 55 32.617 -111.69 393 145 236 250 2014 7 3 19 19 6 2 60
7 55 55 32.528 -111.61 394 145 247 250 2014 7 3 19 20 6 2 60
7 55 55 32.436 -111.54 397 145 250 250 2014 7 3 19 21 6 2 60
7 55 55 32.356 -111.44 424 145 250 250 2014 7 3 19 22 6 2 60
7 55 55 32.333 -111.3 449 132 243 250 2014 7 3 19 23 6 2 60
7 55 55 32.384 -111.17 438 116 228 250 2014 7 3 19 24 6 2 60
7 55 55 32.509 -111.09 429 82 210 250 2014 7 3 19 25 6 2 60
7 55 55 32.626 -111.1 420 44 194 250 2014 7 3 19 26 6 2 60
7 55 55 32.729 -111.17 422 355 179 250 2014 7 3 19 27 6 2 60
7 55 55 32.823 -111.25 419 344 168 250 2014 7 3 19 28 9 2 60
7 55 55 32.916 -111.33 411 323 158 250 2014 7 3 19 29 6 2 60
7 55 55 32.95 -111.35 371 324 154 250 2014 7 3 19 30 6 2 60
7 55 55 33.017 -111.43 331 323 144 250 2014 7 3 19 31 6 2 79
7 55 55 33.05 -111.52 291 303 129 250 2014 7 3 19 32 6 2 79
7 55 55 33.094 -111.57 276 310 118 250 2014 7 3 19 33 6 2 79
7 55 55 33.167 -111.62 257 331 101 250 2014 7 3 19 34 6 2 79
7 55 55 33.233 -111.65 253 335 86 250 2014 7 3 19 35 6 2 79
7 55 55 33.286 -111.67 244 343 73 250 2014 7 3 19 36 6 2 79
7 55 55 33.347 -111.68 224 344 60 250 2014 7 3 19 37 6 2 79
7 55 55 33.4 -111.7 185 344 50 250 2014 7 3 19 38 6 2 79
7 55 55 33.433 -111.75 193 296 50 250 2014 7 3 19 39 6 2 79
7 55 55 33.433 -111.82 180 273 39 250 2014 7 3 19 40 6 2 79
7 55 55 33.429 -111.87 178 273 31 250 2014 7 3 19 41 6 2 79
7 55 55 33.433 -111.93 160 264 22 250 2014 7 3 19 42 6 2 79
7 55 55 33.429 -111.97 127 277 16 250 2014 7 3 19 43 6 2 79
7 55 55 33.429 -112.01 106 262 11 250 2014 7 3 19 44 10 2 79
8 55 55 33.433 -112.03 172 0 19 350 2014 7 4 16 7 6 2 79
8 55 55 33.411 -112.11 208 262 36 350 2014 7 4 16 8 6 2 79
8 55 55 33.378 -112.18 240 254 58 350 2014 7 4 16 9 6 2 79
8 55 55 33.314 -112.17 236 245 82 350 2014 7 4 16 10 6 2 79
8 55 55 33.252 -112.15 241 205 100 350 2014 7 4 16 11 6 2 79
8 55 55 33.241 -112.07 242 168 121 350 2014 7 4 16 12 15 2 79
8 55 55 33.233 -111.99 248 131 138 350 2014 7 4 16 13 15 2 79
8 55 55 33.224 -111.88 262 100 150 350 2014 7 4 16 14 6 2 79
8 55 55 33.217 -111.8 263 96 150 350 2014 7 4 16 15 16 2 79
8 55 55 33.208 -111.71 257 95 150 350 2014 7 4 16 16 6 2 79
8 55 55 33.199 -111.63 257 96 150 350 2014 7 4 16 17 15 2 79
8 55 55 33.189 -111.54 260 97 150 350 2014 7 4 16 18 6 2 79
8 55 55 33.179 -111.46 260 97 150 350 2014 7 4 16 19 15 2 79
8 55 55 33.199 -111.39 261 98 150 350 2014 7 4 16 20 6 2 79
8 55 55 33.18 -111.3 261 105 150 350 2014 7 4 16 21 6 2 79
8 55 55 33.371 -111.36 284 32 145 350 2014 7 4 16 22 16 2 79
8 55 55 33.371 -111.36 284 32 145 350 2014 7 4 16 23 6 2 79
8 55 55 33.349 -111.27 284 106 145 350 2014 7 4 16 24 15 2 79
8 55 55 33.326 -111.18 284 106 145 350 2014 7 4 16 25 15 2 60
8 55 55 33.433 -111.58 241 312 79 350 2014 7 4 16 26 15 2 79
8 55 55 33.436 -111.63 231 271 74 350 2014 7 4 16 27 6 2 79
8 55 55 33.442 -111.71 239 270 55 350 2014 7 4 16 28 16 2 79
8 55 55 33.441 -111.78 235 270 44 350 2014 7 4 16 29 6 2 79
8 55 55 33.441 -111.85 206 270 33 350 2014 7 4 16 30 16 2 79
8 55 55 33.441 -111.93 191 270 22 350 2014 7 4 16 31 6 2 79
8 55 55 33.44 -111.99 188 270 13 350 2014 7 4 16 32 16 2 79
