1 55 57 33.43 -112.04 172 258 23 280 2014 7 1 23 52 6 2 79
1 55 57 33.417 -112.12 229 246 43 280 2014 7 1 23 53 6 2 79
1 55 57 33.421 -112.19 229 273 43 280 2014 7 1 23 54 6 2 79
1 55 57 33.376 -112.3 283 267 84 280 2014 7 1 23 55 16 2 79
1 55 57 33.376 -112.3 283 267 84 280 2014 7 1 23 56 6 2 79
1 55 57 33.392 -112.4 294 280 105 280 2014 7 1 23 57 15 2 79
1 55 57 33.407 -112.51 311 279 116 280 2014 7 1 23 58 6 2 79
1 55 57 33.424 -112.62 333 280 134 280 2014 7 1 23 59 6 2 79
1 55 57 33.441 -112.73 341 280 150 280 2014 7 2 0 0 15 2 79
1 55 57 33.458 -112.85 347 279 165 280 2014 7 2 0 1 6 2 63
1 55 57 33.485 -112.99 356 283 182 280 2014 7 2 0 2 6 2 63
1 55 57 33.509 -113.1 364 283 197 280 2014 7 2 0 3 6 2 63
1 55 57 33.531 -113.22 365 283 209 280 2014 7 2 0 4 16 2 63
1 55 57 33.554 -113.35 371 282 219 280 2014 7 2 0 5 15 2 63
1 55 57 33.579 -113.47 382 283 227 280 2014 7 2 0 6 6 2 63
1 55 57 33.531 -113.22 365 282 209 280 2014 7 2 0 7 16 2 63
1 55 57 33.631 -113.75 386 281 253 280 2014 7 2 0 8 15 2 63
1 55 57 33.654 -113.88 386 281 261 280 2014 7 2 0 9 6 2 90
1 55 57 33.678 -114 387 281 269 280 2014 7 2 0 10 6 1 39
1 55 57 33.701 -114.13 390 282 277 280 2014 7 2 0 11 6 1 39
1 55 57 33.725 -114.26 399 285 280 280 2014 7 2 0 12 6 1 39
1 55 57 33.75 -114.4 416 281 275 280 2014 7 2 0 13 15 1 39
1 55 57 33.777 -114.58 439 281 267 280 2014 7 2 0 14 6 1 39
1 55 57 33.786 -114.73 457 280 257 280 2014 7 2 0 15 6 1 39
1 55 57 33.796 -114.88 463 274 247 280 2014 7 2 0 16 6 1 39
1 55 57 33.804 -115.04 462 274 237 280 2014 7 2 0 17 16 1 27
1 55 57 33.811 -115.19 456 274 221 280 2014 7 2 0 18 16 1 27
1 55 57 33.822 -115.33 452 273 203 280 2014 7 2 0 19 6 1 27
1 55 57 33.846 -115.5 438 274 176 280 2014 7 2 0 20 16 1 27
1 55 57 33.865 -115.65 434 277 156 280 2014 7 2 0 21 6 1 27
1 55 57 33.883 -115.78 418 286 138 280 2014 7 2 0 22 16 1 27
1 55 57 33.9 -115.91 402 279 119 280 2014 7 2 0 23 16 1 27
1 55 57 33.895 -116.03 370 270 108 280 2014 7 2 0 24 15 1 27
1 55 57 33.889 -116.14 320 260 99 280 2014 7 2 0 25 6 1 4
1 55 57 33.885 -116.25 285 270 78 280 2014 7 2 0 26 6 1 4
1 55 57 33.901 -116.33 274 283 62 280 2014 7 2 0 27 6 1 4
1 55 57 33.917 -116.38 245 282 59 280 2014 7 2 0 28 6 1 4
1 55 57 33.917 -116.45 203 285 48 280 2014 7 2 0 29 6 1 4
1 55 57 33.9 -116.5 175 270 33 280 2014 7 2 0 30 6 1 4
1 55 57 33.867 -116.53 149 256 17 280 2014 7 2 0 31 6 1 4
2 55 57 33.436 -112.01 151 0 11 260 2014 7 1 2 5 6 2 79
2 55 57 33.42 -112.07 166 336 32 260 2014 7 1 2 6 6 2 79
2 55 57 33.396 -112.13 211 245 49 260 2014 7 1 2 7 6 2 79
2 55 57 33.389 -112.22 257 290 62 260 2014 7 1 2 8 6 2 79
2 55 57 33.4 -112.32 278 277 80 260 2014 7 1 2 9 6 2 79
2 55 57 33.412 -112.43 294 276 104 260 2014 7 1 2 10 16 2 79
2 55 57 33.421 -112.52 306 275 114 260 2014 7 1 2 11 6 2 79
2 55 57 33.433 -112.63 325 282 131 260 2014 7 1 2 12 6 2 79
2 55 57 33.444 -112.74 334 277 150 260 2014 7 1 2 13 6 2 79
2 55 57 33.462 -112.87 334 279 166 260 2014 7 1 2 14 16 2 63
2 55 57 33.484 -112.98 339 279 182 260 2014 7 1 2 15 6 2 63
2 55 57 33.506 -113.09 346 283 194 260 2014 7 1 2 16 6 2 63
2 55 57 33.505 -113.09 346 282 194 260 2014 7 1 2 17 6 2 63
2 55 57 33.528 -113.21 348 283 206 260 2014 7 1 2 18 6 2 63
2 55 57 33.554 -113.35 351 282 220 260 2014 7 1 2 19 6 2 63
2 55 57 33.577 -113.47 357 283 229 260 2014 7 1 2 20 6 2 63
2 55 57 33.599 -113.58 361 282 238 260 2014 7 1 2 21 6 2 63
2 55 57 33.62 -113.71 366 281 243 260 2014 7 1 2 22 6 2 63
2 55 57 33.645 -113.84 389 283 249 260 2014 7 1 2 23 16 2 63
2 55 57 33.664 -113.97 404 279 254 260 2014 7 1 2 24 6 2 63
2 55 57 33.679 -114.11 410 277 259 260 2014 7 1 2 25 6 1 39
2 55 57 33.697 -114.27 419 277 260 260 2014 7 1 2 26 6 1 39
2 55 57 33.712 -114.42 424 277 260 260 2014 7 1 2 27 16 1 39
2 55 57 33.729 -114.56 432 277 260 110 2014 7 1 2 28 15 1 39
2 55 57 33.747 -114.7 432 277 260 110 2014 7 1 2 29 16 1 39
2 55 57 33.761 -114.84 429 277 252 110 2014 7 1 2 30 16 1 39
2 55 57 33.777 -114.98 424 277 235 110 2014 7 1 2 31 6 1 27
2 55 57 33.791 -115.11 406 277 214 110 2014 7 1 2 32 6 1 27
2 55 57 33.803 -115.25 408 277 193 110 2014 7 1 2 33 6 1 27
2 55 57 33.817 -115.38 408 276 170 110 2014 7 1 2 34 6 1 27
2 55 57 33.848 -115.53 384 276 148 110 2014 7 1 2 35 6 1 27
2 55 57 33.884 -115.65 377 281 129 110 2014 7 1 2 36 7 1 27
2 55 57 33.914 -115.76 372 290 110 110 2014 7 1 2 37 6 1 27
2 55 57 33.901 -115.87 353 258 106 110 2014 7 1 2 38 16 1 27
2 55 57 33.882 -115.97 326 258 90 110 2014 7 1 2 39 6 1 4
2 55 57 33.866 -116.06 301 256 69 110 2014 7 1 2 40 6 1 4
2 55 57 33.846 -116.15 274 256 69 110 2014 7 1 2 41 6 1 4
2 55 57 33.829 -116.22 250 256 64 110 2014 7 1 2 42 6 1 4
2 55 57 33.81 -116.29 245 248 61 110 2014 7 1 2 43 6 1 4
2 55 57 33.783 -116.32 194 251 40 110 2014 7 1 2 44 15 1 4
2 55 57 33.767 -116.37 187 238 28 110 2014 7 1 2 45 6 1 4
2 55 57 33.767 -116.43 169 235 20 110 2014 7 1 2 46 6 1 4
2 55 57 33.783 -116.47 158 260 13 110 2014 7 1 2 47 16 1 4
2 55 57 33.817 -116.5 153 281 8 110 2014 7 1 2 48 6 1 4
3 55 57 33.433 -112.03 145 0 19 260 2014 7 1 3 11 6 2 79
3 55 57 33.419 -112.08 167 252 35 260 2014 7 1 3 12 6 2 79
3 55 57 33.407 -112.16 220 133 51 260 2014 7 1 3 13 16 2 79
3 55 57 33.414 -112.25 257 275 69 260 2014 7 1 3 14 6 2 79
3 55 57 33.42 -112.34 280 274 88 260 2014 7 1 3 15 6 2 79
3 55 57 33.427 -112.45 301 274 102 260 2014 7 1 3 16 6 2 79
3 55 57 33.435 -112.57 346 274 112 260 2014 7 1 3 17 6 2 79
3 55 57 33.443 -112.68 346 275 112 260 2014 7 1 3 18 6 2 79
3 55 57 33.453 -112.82 374 274 146 260 2014 7 1 3 19 6 2 63
3 55 57 33.476 -112.94 370 282 161 260 2014 7 1 3 20 6 2 63
3 55 57 33.503 -113.08 371 282 175 260 2014 7 1 3 21 6 2 63
3 55 57 33.527 -113.2 376 283 190 260 2014 7 1 3 22 6 2 63
3 55 57 33.551 -113.33 378 283 201 260 2014 7 1 3 23 6 2 63
3 55 57 33.551 -113.33 379 283 201 260 2014 7 1 3 24 6 2 63
3 55 57 33.575 -113.46 382 282 210 260 2014 7 1 3 25 6 2 63
3 55 57 33.599 -113.58 388 282 219 260 2014 7 1 3 26 6 2 63
3 55 57 33.629 -113.74 396 282 230 260 2014 7 1 3 27 6 2 63
3 55 57 33.648 -113.85 400 283 238 260 2014 7 1 3 28 6 2 63
3 55 57 33.679 -114.01 410 281 244 260 2014 7 1 3 29 6 1 39
3 55 57 33.696 -114.15 418 279 250 260 2014 7 1 3 30 6 1 39
3 55 57 33.707 -114.29 424 277 256 260 2014 7 1 3 31 6 1 39
3 55 57 33.724 -114.43 427 276 260 260 2014 7 1 3 32 6 1 39
3 55 57 33.742 -114.61 443 276 260 260 2014 7 1 3 33 6 1 39
3 55 57 33.757 -114.76 454 277 260 260 2014 7 1 3 34 6 1 39
3 55 57 33.773 -114.91 461 277 260 260 2014 7 1 3 35 6 1 39
3 55 57 33.788 -115.07 462 276 252 110 2014 7 1 3 36 16 1 41
3 55 57 33.804 -115.22 461 277 230 110 2014 7 1 3 37 6 1 27
3 55 57 33.818 -115.36 444 277 204 110 2014 7 1 3 38 6 1 27
3 55 57 33.845 -115.52 426 276 170 110 2014 7 1 3 39 15 1 27
3 55 57 33.886 -115.65 412 279 144 110 2014 7 1 3 40 6 1 27
3 55 57 33.915 -115.77 400 289 118 110 2014 7 1 3 41 6 1 27
3 55 57 33.883 -115.93 323 261 105 110 2014 7 1 3 42 6 1 27
3 55 57 33.862 -115.99 348 244 97 110 2014 7 1 3 43 6 1 4
3 55 57 33.827 -116.08 317 248 82 110 2014 7 1 3 44 6 1 4
3 55 57 33.801 -116.16 296 244 63 110 2014 7 1 3 45 6 1 4
3 55 57 33.772 -116.27 290 244 57 110 2014 7 1 3 46 6 1 4
3 55 57 33.783 -116.28 241 251 43 110 2014 7 1 3 47 6 1 4
3 55 57 33.767 -116.43 192 266 23 110 2014 7 1 3 48 16 1 4
3 55 57 33.8 -116.48 151 262 11 110 2014 7 1 3 49 6 1 4
4 55 57 33.433 -111.98 172 0 20 280 2014 7 1 16 7 15 2 79
4 55 57 33.433 -111.97 170 97 25 280 2014 7 1 16 8 6 2 79
4 55 57 33.433 -111.88 241 86 45 280 2014 7 1 16 9 6 2 79
4 55 57 33.413 -111.82 284 313 64 280 2014 7 1 16 10 6 2 79
4 55 57 33.333 -111.85 292 193 93 280 2014 7 1 16 11 6 2 79
4 55 57 33.347 -111.94 300 271 109 280 2014 7 1 16 12 6 2 79
4 55 57 33.364 -112.07 344 278 139 280 2014 7 1 16 13 16 2 79
4 55 57 33.376 -112.17 339 278 159 280 2014 7 1 16 14 6 2 79
4 55 57 33.392 -112.3 354 276 188 280 2014 7 1 16 15 16 2 79
4 55 57 33.406 -112.43 363 278 210 280 2014 7 1 16 16 6 2 79
4 55 57 33.421 -112.55 374 278 230 280 2014 7 1 16 17 6 2 63
4 55 57 33.437 -112.68 377 278 250 280 2014 7 1 16 18 16 2 63
4 55 57 33.451 -112.81 385 277 265 280 2014 7 1 16 19 6 2 90
4 55 57 33.477 -112.94 413 282 271 280 2014 7 1 16 20 16 2 90
4 55 57 33.51 -113.12 438 282 280 280 2014 7 1 16 21 11 2 90
4 55 57 33.538 -113.26 446 283 280 280 2014 7 1 16 22 16 2 90
4 55 57 33.567 -113.41 447 282 280 280 2014 7 1 16 23 16 2 90
4 55 57 33.592 -113.55 446 282 280 280 2014 7 1 16 24 6 2 90
4 55 57 33.619 -113.69 446 282 280 280 2014 7 1 16 25 6 2 90
4 55 57 33.648 -113.87 445 282 280 280 2014 7 1 16 26 7 2 90
4 55 57 33.679 -114.01 446 282 280 280 2014 7 1 16 27 6 1 39
4 55 57 33.699 -114.16 444 281 280 280 2014 7 1 16 28 6 1 39
4 55 57 33.719 -114.3 443 279 276 280 2014 7 1 16 29 6 1 39
4 55 57 33.74 -114.45 445 279 267 280 2014 7 1 16 30 6 1 39
4 55 57 33.761 -114.59 445 279 267 280 2014 7 1 16 31 6 1 39
4 55 57 33.788 -114.77 450 279 247 280 2014 7 1 16 32 6 1 39
4 55 57 33.807 -114.92 443 280 238 280 2014 7 1 16 33 6 1 27
4 55 57 33.826 -115.06 436 279 229 280 2014 7 1 16 34 16 1 27
4 55 57 33.845 -115.2 436 279 229 280 2014 7 1 16 35 6 1 27
4 55 57 33.84 -115.2 436 279 216 280 2014 7 1 16 36 6 1 27
4 55 57 33.852 -115.34 429 277 201 280 2014 7 1 16 37 6 1 27
4 55 57 33.866 -115.5 413 276 183 280 2014 7 1 16 38 6 1 27
4 55 57 33.877 -115.64 412 278 166 280 2014 7 1 16 39 16 1 27
4 55 57 33.9 -115.87 399 276 136 280 2014 7 1 16 40 16 1 27
4 55 57 33.9 -116 377 275 119 280 2014 7 1 16 41 6 1 27
4 55 57 33.867 -116.08 327 260 108 280 2014 7 1 16 42 6 1 4
4 55 57 33.833 -116.17 302 244 92 280 2014 7 1 16 43 6 1 4
4 55 57 33.8 -116.27 290 245 72 280 2014 7 1 16 44 6 1 4
4 55 57 33.767 -116.35 285 253 48 280 2014 7 1 16 45 16 1 4
4 55 57 33.767 -116.43 226 244 30 280 2014 7 1 16 46 6 1 4
4 55 57 33.783 -116.47 160 261 16 280 2014 7 1 16 47 6 1 4
5 55 57 33.433 -111.98 202 0 18 280 2014 7 1 17 58 6 2 79
5 55 57 33.435 -112.05 202 271 18 280 2014 7 1 17 59 6 2 79
5 55 57 33.417 -111.83 272 219 54 280 2014 7 1 18 0 6 2 79
5 55 57 33.392 -111.83 274 130 60 280 2014 7 1 18 1 6 2 79
5 55 57 33.328 -111.88 277 210 85 280 2014 7 1 18 2 15 2 79
5 55 57 33.329 -111.97 288 274 101 280 2014 7 1 18 3 6 2 79
5 55 57 33.35 -112.11 352 280 114 280 2014 7 1 18 4 6 2 79
5 55 57 33.368 -112.23 364 280 135 280 2014 7 1 18 5 6 2 79
5 55 57 33.386 -112.35 370 279 154 280 2014 7 1 18 6 9 2 79
5 55 57 33.404 -112.48 377 280 175 280 2014 7 1 18 7 16 2 79
5 55 57 33.423 -112.61 382 279 191 280 2014 7 1 18 8 6 2 79
5 55 57 33.441 -112.74 394 279 207 280 2014 7 1 18 9 6 2 79
5 55 57 33.461 -112.87 404 280 223 280 2014 7 1 18 10 6 2 63
5 55 57 33.489 -113.01 409 284 240 280 2014 7 1 18 11 6 2 63
5 55 57 33.52 -113.17 412 283 252 280 2014 7 1 18 12 16 2 63
5 55 57 33.546 -113.31 425 282 265 280 2014 7 1 18 13 16 2 90
5 55 57 33.574 -113.45 426 283 275 280 2014 7 1 18 14 6 2 90
5 55 57 33.601 -113.59 434 281 280 280 2014 7 1 18 15 6 2 90
5 55 57 33.629 -113.74 457 282 279 280 2014 7 1 18 16 6 2 90
5 55 57 33.659 -113.9 467 282 280 280 2014 7 1 18 17 6 2 90
5 55 57 33.692 -114.08 467 280 280 280 2014 7 1 18 18 6 1 39
5 55 57 33.712 -114.23 465 279 270 280 2014 7 1 18 19 6 1 39
5 55 57 33.734 -114.38 465 279 259 280 2014 7 1 18 20 6 1 39
5 55 57 33.756 -114.54 467 279 248 280 2014 7 1 18 21 12 1 39
5 55 57 33.779 -114.69 467 279 236 280 2014 7 1 18 22 6 1 27
5 55 57 33.8 -114.87 459 280 230 280 2014 7 1 18 23 6 1 27
5 55 57 33.814 -115.02 459 279 229 280 2014 7 1 18 24 16 1 27
5 55 57 33.828 -115.17 459 277 215 280 2014 7 1 18 25 16 1 27
5 55 57 33.828 -115.17 459 277 215 280 2014 7 1 18 26 6 1 27
5 55 57 33.843 -115.32 445 276 197 280 2014 7 1 18 27 6 1 27
5 55 57 33.857 -115.46 437 276 176 280 2014 7 1 18 28 6 1 27
5 55 57 33.874 -115.63 432 276 151 280 2014 7 1 18 29 6 1 27
5 55 57 33.888 -115.77 425 276 130 280 2014 7 1 18 30 6 1 27
5 55 57 33.9 -115.88 395 277 109 280 2014 7 1 18 31 6 1 27
5 55 57 33.882 -116 358 256 101 280 2014 7 1 18 32 6 1 27
5 55 57 33.833 -116.17 265 246 71 280 2014 7 1 18 33 6 1 4
5 55 57 33.8 -116.25 245 247 51 280 2014 7 1 18 34 16 1 4
5 55 57 33.783 -116.32 217 251 36 280 2014 7 1 18 35 16 1 4
5 55 57 33.783 -116.38 211 253 25 280 2014 7 1 18 36 6 1 4
5 55 57 33.783 -116.45 187 263 16 280 2014 7 1 18 37 6 1 4
6 55 57 33.422 -112.07 182 255 31 260 2014 7 1 20 0 6 2 79
6 55 57 33.4 -112.13 223 248 45 260 2014 7 1 20 1 6 2 79
6 55 57 33.389 -112.23 265 261 67 260 2014 7 1 20 2 16 2 79
6 55 57 33.398 -112.31 275 276 86 260 2014 7 1 20 3 15 2 79
6 55 57 33.408 -112.41 291 277 103 260 2014 7 1 20 4 16 2 79
6 55 57 33.422 -112.54 304 278 124 260 2014 7 1 20 5 16 2 79
6 55 57 33.433 -112.64 312 277 141 260 2014 7 1 20 6 6 2 79
6 55 57 33.445 -112.75 320 277 158 260 2014 7 1 20 7 6 2 79
6 55 57 33.459 -112.86 326 278 172 260 2014 7 1 20 8 6 2 63
6 55 57 33.481 -112.97 338 278 187 260 2014 7 1 20 9 6 2 63
6 55 57 33.507 -113.1 344 283 204 260 2014 7 1 20 10 6 2 63
6 55 57 33.529 -113.22 350 102 217 260 2014 7 1 20 11 6 2 63
6 55 57 33.55 -113.33 350 282 217 260 2014 7 1 20 12 6 2 63
6 55 57 33.574 -113.45 359 282 240 260 2014 7 1 20 13 6 2 63
6 55 57 33.594 -113.57 359 281 240 260 2014 7 1 20 14 16 2 63
6 55 57 33.617 -113.69 360 282 259 260 2014 7 1 20 15 6 2 63
6 55 57 33.617 -113.69 362 282 258 260 2014 7 1 20 16 6 2 63
6 55 57 33.636 -113.81 365 282 260 260 2014 7 1 20 17 6 2 90
6 55 57 33.669 -113.96 391 278 260 260 2014 7 1 20 18 6 2 90
6 55 57 33.709 -114.23 405 281 259 260 2014 7 1 20 19 16 1 39
6 55 57 33.711 -114.23 405 282 259 260 2014 7 1 20 20 6 1 39
6 55 57 33.729 -114.36 412 280 249 110 2014 7 1 20 21 6 1 39
6 55 57 33.748 -114.5 404 279 239 110 2014 7 1 20 22 6 1 27
6 55 57 33.77 -114.65 399 279 227 110 2014 7 1 20 23 16 1 27
6 55 57 33.789 -114.79 400 279 217 110 2014 7 1 20 24 6 1 27
6 55 57 33.807 -114.92 402 279 207 110 2014 7 1 20 25 6 1 27
6 55 57 33.824 -115.05 397 279 197 110 2014 7 1 20 26 10 1 27
6 55 57 33.842 -115.17 379 279 187 110 2014 7 1 20 27 6 1 27
6 55 57 33.857 -115.29 369 279 175 110 2014 7 1 20 28 6 1 27
6 55 57 33.875 -115.43 364 279 163 110 2014 7 1 20 29 6 1 27
6 55 57 33.89 -115.55 357 278 153 110 2014 7 1 20 30 6 1 27
6 55 57 33.906 -115.66 355 278 142 110 2014 7 1 20 31 6 1 27
6 55 57 33.917 -115.85 353 274 122 110 2014 7 1 20 32 6 1 27
6 55 57 33.9 -115.89 352 270 114 110 2014 7 1 20 33 16 1 27
6 55 57 33.867 -116.05 296 252 89 110 2014 7 1 20 34 16 1 4
6 55 57 33.844 -116.1 311 258 76 110 2014 7 1 20 35 6 1 4
6 55 57 33.818 -116.19 296 244 61 110 2014 7 1 20 36 6 1 4
6 55 57 33.795 -116.28 293 256 58 110 2014 7 1 20 37 6 1 4
6 55 57 33.783 -116.3 255 251 42 110 2014 7 1 20 38 16 1 4
6 55 57 33.783 -116.45 190 252 21 110 2014 7 1 20 39 16 1 4
6 55 57 33.8 -116.48 158 270 9 110 2014 7 1 20 40 16 1 4
6 55 57 33.8 -116.48 158 270 9 110 2014 7 1 20 41 6 1 4
7 55 57 33.433 -112.03 157 0 20 260 2014 7 1 20 47 6 2 79
7 55 57 33.417 -112.08 203 246 38 260 2014 7 1 20 48 6 2 79
7 55 57 33.398 -112.14 207 249 53 260 2014 7 1 20 49 16 2 79
7 55 57 33.391 -112.23 244 259 75 260 2014 7 1 20 50 15 2 79
7 55 57 33.399 -112.3 272 277 88 260 2014 7 1 20 51 6 2 79
7 55 57 33.412 -112.42 296 277 111 260 2014 7 1 20 52 6 2 79
7 55 57 33.422 -112.53 314 276 133 260 2014 7 1 20 53 16 2 79
7 55 57 33.434 -112.63 317 277 150 260 2014 7 1 20 54 6 2 79
7 55 57 33.447 -112.77 325 277 171 260 2014 7 1 20 55 6 2 79
7 55 57 33.464 -112.88 337 278 187 260 2014 7 1 20 56 6 2 63
7 55 57 33.486 -112.99 343 283 203 260 2014 7 1 20 57 6 2 63
7 55 57 33.509 -113.1 350 283 218 260 2014 7 1 20 58 15 2 63
7 55 57 33.53 -113.22 356 282 233 260 2014 7 1 20 59 6 2 63
7 55 57 33.558 -113.36 356 283 246 260 2014 7 1 21 0 6 2 63
7 55 57 33.579 -113.48 357 282 256 260 2014 7 1 21 1 6 2 63
7 55 57 33.601 -113.6 366 282 260 260 2014 7 1 21 2 6 2 90
7 55 57 33.627 -113.73 384 282 260 260 2014 7 1 21 3 6 2 90
7 55 57 33.651 -113.86 388 281 260 260 2014 7 1 21 4 6 2 90
7 55 57 33.664 -113.95 383 282 260 260 2014 7 1 21 5 6 2 90
7 55 57 33.7 -114.12 378 282 260 240 2014 7 1 21 6 6 1 39
7 55 57 33.722 -114.24 375 284 260 240 2014 7 1 21 7 6 1 39
7 55 57 33.737 -114.34 373 282 260 240 2014 7 1 21 8 6 1 39
7 55 57 33.759 -114.46 371 281 251 240 2014 7 1 21 9 6 1 39
7 55 57 33.766 -114.49 372 282 249 240 2014 7 1 21 10 15 1 39
7 55 57 33.779 -114.61 369 282 239 240 2014 7 1 21 11 6 1 27
7 55 57 33.793 -114.86 352 275 217 240 2014 7 1 21 12 16 1 27
7 55 57 33.793 -114.86 352 275 217 240 2014 7 1 21 13 6 1 27
7 55 57 33.8 -114.98 355 273 207 240 2014 7 1 21 14 16 1 27
7 55 57 33.806 -115.1 355 273 196 240 2014 7 1 21 15 16 1 27
7 55 57 33.813 -115.21 344 273 187 240 2014 7 1 21 16 6 1 27
7 55 57 33.819 -115.32 336 274 175 240 2014 7 1 21 17 6 1 27
7 55 57 33.826 -115.45 324 273 162 240 2014 7 1 21 18 6 1 27
7 55 57 33.855 -115.55 324 273 151 240 2014 7 1 21 19 16 1 27
7 55 57 33.888 -115.65 324 289 140 240 2014 7 1 21 20 16 1 27
7 55 57 33.914 -115.75 324 291 128 240 2014 7 1 21 21 6 1 27
7 55 57 33.908 -115.86 321 270 116 240 2014 7 1 21 22 16 1 27
7 55 57 33.883 -115.98 320 251 102 240 2014 7 1 21 23 15 1 27
7 55 57 33.856 -116.08 319 258 84 240 2014 7 1 21 24 21 1 4
7 55 57 33.831 -116.17 309 244 67 240 2014 7 1 21 25 16 1 4
7 55 57 33.803 -116.27 301 258 58 240 2014 7 1 21 26 6 1 4
7 55 57 33.783 -116.33 269 251 40 240 2014 7 1 21 27 6 1 4
7 55 57 33.767 -116.4 235 244 35 240 2014 7 1 21 28 16 1 4
7 55 57 33.783 -116.47 182 251 25 240 2014 7 1 21 29 6 1 4
7 55 57 33.817 -116.5 165 270 7 240 2014 7 1 21 30 15 1 4
8 55 57 33.417 -112.1 214 255 36 260 2014 7 2 23 56 6 2 79
8 55 57 33.383 -112.17 253 247 49 260 2014 7 2 23 57 6 2 79
8 55 57 33.374 -112.21 264 239 63 260 2014 7 2 23 58 15 2 79
8 55 57 33.383 -112.32 284 248 87 260 2014 7 2 23 59 6 2 79
8 55 57 33.41 -112.41 288 269 106 260 2014 7 3 0 0 6 2 79
8 55 57 33.434 -112.51 309 289 120 260 2014 7 3 0 1 6 2 79
8 55 57 33.441 -112.61 309 274 120 260 2014 7 3 0 2 6 2 79
8 55 57 33.448 -112.75 352 273 139 260 2014 7 3 0 3 16 2 79
8 55 57 33.463 -112.87 371 276 152 260 2014 7 3 0 4 16 2 63
8 55 57 33.482 -112.97 377 278 160 260 2014 7 3 0 5 6 2 63
8 55 57 33.511 -113.12 379 283 173 260 2014 7 3 0 6 6 2 63
8 55 57 33.53 -113.22 385 283 182 260 2014 7 3 0 7 6 2 63
8 55 57 33.56 -113.37 398 282 193 260 2014 7 3 0 8 6 2 63
8 55 57 33.585 -113.51 400 282 205 260 2014 7 3 0 9 6 2 63
8 55 57 33.609 -113.63 399 283 211 260 2014 7 3 0 10 6 2 63
8 55 57 33.612 -113.66 399 282 212 260 2014 7 3 0 11 6 2 63
8 55 57 33.637 -113.79 404 282 219 260 2014 7 3 0 12 6 2 63
8 55 57 33.662 -113.92 404 282 226 260 2014 7 3 0 13 6 2 63
8 55 57 33.684 -114.05 404 282 233 260 2014 7 3 0 14 6 1 27
8 55 57 33.711 -114.19 406 279 238 260 2014 7 3 0 15 6 1 27
8 55 57 33.741 -114.35 409 284 244 260 2014 7 3 0 16 7 1 39
8 55 57 33.76 -114.46 411 281 248 240 2014 7 3 0 17 6 1 39
8 55 57 33.78 -114.6 415 281 250 240 2014 7 3 0 18 6 1 39
8 55 57 33.787 -114.74 429 279 240 240 2014 7 3 0 19 6 1 39
8 55 57 33.796 -114.92 430 276 240 240 2014 7 3 0 20 16 1 39
8 55 57 33.804 -115.06 430 273 238 240 2014 7 3 0 21 6 1 27
8 55 57 33.812 -115.21 439 273 224 240 2014 7 3 0 22 6 1 27
8 55 57 33.819 -115.35 440 273 208 240 2014 7 3 0 23 15 1 27
8 55 57 33.836 -115.49 435 273 188 240 2014 7 3 0 24 6 1 27
8 55 57 33.886 -115.65 424 275 160 240 2014 7 3 0 25 16 1 27
8 55 57 33.913 -115.78 409 285 140 240 2014 7 3 0 26 6 1 27
8 55 57 33.9 -115.97 368 259 112 240 2014 7 3 0 27 6 1 27
8 55 57 33.9 -116.07 312 266 101 240 2014 7 3 0 28 16 1 4
8 55 57 33.883 -116.17 278 265 87 240 2014 7 3 0 29 16 1 4
8 55 57 33.884 -116.23 290 258 76 240 2014 7 3 0 30 6 1 4
8 55 57 33.883 -116.33 247 265 58 240 2014 7 3 0 31 6 1 4
8 55 57 33.867 -116.42 229 265 47 240 2014 7 3 0 32 6 1 4
8 55 57 33.883 -116.47 200 256 33 240 2014 7 3 0 33 6 1 4
8 55 57 33.883 -116.53 200 280 20 240 2014 7 3 0 34 6 1 4
9 55 57 33.436 -112.01 151 0 11 260 2014 7 2 2 33 16 2 79
9 55 57 33.4 -112.15 253 187 50 260 2014 7 2 2 35 15 2 79
9 55 57 33.384 -112.22 268 252 74 260 2014 7 2 2 36 6 2 79
9 55 57 33.393 -112.32 277 276 93 260 2014 7 2 2 37 16 2 79
9 55 57 33.406 -112.42 305 277 117 260 2014 7 2 2 38 16 2 79
9 55 57 33.418 -112.53 326 278 128 260 2014 7 2 2 39 15 2 79
9 55 57 33.421 -112.56 326 277 128 260 2014 7 2 2 40 15 2 79
9 55 57 33.437 -112.68 363 278 143 260 2014 7 2 2 41 16 2 79
9 55 57 33.47 -112.91 380 278 170 260 2014 7 2 2 42 16 2 63
9 55 57 33.494 -113.03 385 282 185 260 2014 7 2 2 43 16 2 63
9 55 57 33.499 -113.06 386 282 188 260 2014 7 2 2 44 6 2 63
9 55 57 33.524 -113.19 395 282 190 260 2014 7 2 2 45 6 2 63
9 55 57 33.551 -113.33 415 282 190 240 2014 7 2 2 46 6 2 63
9 55 57 33.584 -113.5 432 283 196 240 2014 7 2 2 47 15 2 63
9 55 57 33.609 -113.64 434 282 212 240 2014 7 2 2 48 6 2 63
9 55 57 33.633 -113.77 414 283 225 240 2014 7 2 2 49 15 2 63
9 55 57 33.657 -113.89 398 280 232 240 2014 7 2 2 50 6 2 63
9 55 57 33.68 -114.03 401 280 239 240 2014 7 2 2 51 16 1 27
9 55 57 33.705 -114.16 405 282 240 240 2014 7 2 2 52 16 1 39
9 55 57 33.718 -114.3 419 280 240 220 2014 7 2 2 53 15 1 39
9 55 57 33.735 -114.48 440 276 230 220 2014 7 2 2 54 6 1 27
9 55 57 33.75 -114.63 457 276 220 220 2014 7 2 2 55 15 1 27
9 55 57 33.764 -114.78 458 276 220 220 2014 7 2 2 56 16 1 27
9 55 57 33.779 -114.93 458 276 220 220 2014 7 2 2 57 16 1 27
9 55 57 33.792 -115.08 458 276 220 220 2014 7 2 2 58 15 1 27
9 55 57 33.805 -115.24 458 276 220 220 2014 7 2 2 59 16 1 27
9 55 57 33.821 -115.42 458 275 220 110 2014 7 2 3 0 6 1 27
9 55 57 33.858 -115.56 438 275 196 110 2014 7 2 3 1 15 1 27
9 55 57 33.899 -115.69 430 289 162 110 2014 7 2 3 2 15 1 27
9 55 57 33.9 -115.83 417 272 133 110 2014 7 2 3 3 6 1 27
9 55 57 33.871 -115.95 399 270 109 110 2014 7 2 3 4 15 1 27
9 55 57 33.844 -116.06 373 255 97 110 2014 7 2 3 5 16 1 4
9 55 57 33.821 -116.15 327 248 78 110 2014 7 2 3 6 6 1 4
9 55 57 33.797 -116.26 311 253 67 110 2014 7 2 3 7 16 1 4
9 55 57 33.783 -116.32 245 254 36 110 2014 7 2 3 8 15 1 4
9 55 57 33.767 -116.4 218 256 21 110 2014 7 2 3 9 16 1 4
9 55 57 33.783 -116.45 156 255 17 110 2014 7 2 3 10 15 1 4
9 55 57 33.8 -116.48 145 270 8 110 2014 7 2 3 11 6 1 4
10 55 57 33.433 -112.03 162 0 22 260 2014 7 2 3 20 6 2 79
10 55 57 33.417 -112.07 185 270 31 260 2014 7 2 3 21 15 2 79
10 55 57 33.407 -112.15 237 260 46 260 2014 7 2 3 22 15 2 79
10 55 57 33.415 -112.26 274 274 70 260 2014 7 2 3 23 6 2 79
10 55 57 33.421 -112.35 281 274 93 260 2014 7 2 3 24 6 2 79
10 55 57 33.429 -112.45 286 275 111 260 2014 7 2 3 25 6 2 79
10 55 57 33.437 -112.56 307 274 123 260 2014 7 2 3 26 15 2 79
10 55 57 33.444 -112.68 348 274 137 260 2014 7 2 3 27 6 2 79
10 55 57 33.453 -112.8 360 275 155 260 2014 7 2 3 28 15 2 79
10 55 57 33.473 -112.92 365 280 171 260 2014 7 2 3 29 15 2 63
10 55 57 33.496 -113.03 365 283 192 260 2014 7 2 3 30 16 2 63
10 55 57 33.522 -113.18 366 282 199 260 2014 7 2 3 31 16 2 63
10 55 57 33.546 -113.31 384 282 207 260 2014 7 2 3 32 15 2 63
10 55 57 33.571 -113.43 392 282 216 260 2014 7 2 3 33 6 2 63
10 55 57 33.596 -113.56 395 282 223 260 2014 7 2 3 34 16 2 63
10 55 57 33.62 -113.7 399 282 230 260 2014 7 2 3 35 6 2 63
10 55 57 33.646 -113.83 404 281 237 260 2014 7 2 3 36 6 2 63
10 55 57 33.675 -113.99 407 281 246 260 2014 7 2 3 37 15 2 63
10 55 57 33.699 -114.13 411 282 253 260 2014 7 2 3 38 16 1 39
10 55 57 33.724 -114.26 412 284 260 260 2014 7 2 3 39 15 1 39
10 55 57 33.75 -114.4 415 282 260 260 2014 7 2 3 40 15 1 39
10 55 57 33.773 -114.54 430 281 260 260 2014 7 2 3 41 15 1 39
10 55 57 33.773 -114.54 430 281 260 260 2014 7 2 3 42 6 1 39
10 55 57 33.791 -114.83 432 275 260 260 2014 7 2 3 43 16 1 39
10 55 57 33.801 -115 433 274 244 260 2014 7 2 3 44 15 1 39
10 55 57 33.809 -115.14 433 274 224 260 2014 7 2 3 45 15 1 27
10 55 57 33.816 -115.28 430 273 204 260 2014 7 2 3 46 15 1 27
10 55 57 33.822 -115.42 428 273 184 260 2014 7 2 3 47 16 1 27
10 55 57 33.828 -115.57 428 272 184 260 2014 7 2 3 48 15 1 27
10 55 57 33.857 -115.56 430 273 161 260 2014 7 2 3 49 6 1 27
10 55 57 33.911 -115.81 403 278 123 260 2014 7 2 3 50 15 1 27
10 55 57 33.911 -115.81 403 278 123 260 2014 7 2 3 51 6 1 27
10 55 57 33.899 -115.96 369 260 104 260 2014 7 2 3 52 6 1 27
10 55 57 33.866 -116.15 310 256 81 260 2014 7 2 3 53 15 1 4
10 55 57 33.85 -116.22 254 255 77 260 2014 7 2 3 54 15 1 4
10 55 57 33.833 -116.28 208 253 65 260 2014 7 2 3 55 15 1 4
10 55 57 33.8 -116.35 217 248 43 260 2014 7 2 3 56 15 1 4
10 55 57 33.8 -116.42 187 238 26 260 2014 7 2 3 57 15 1 4
11 55 57 33.433 -111.98 171 0 19 280 2014 7 2 18 19 6 2 79
11 55 57 33.433 -111.93 183 97 28 280 2014 7 2 18 20 6 2 79
11 55 57 33.433 -111.85 247 93 46 280 2014 7 2 18 21 6 2 79
11 55 57 33.376 -111.82 259 150 65 280 2014 7 2 18 22 6 2 79
11 55 57 33.346 -111.9 255 243 83 280 2014 7 2 18 23 6 2 79
11 55 57 33.355 -112 272 313 97 280 2014 7 2 18 24 6 2 79
11 55 57 33.366 -112.09 296 268 112 280 2014 7 2 18 25 6 2 79
11 55 57 33.38 -112.2 305 278 128 280 2014 7 2 18 26 6 2 79
11 55 57 33.393 -112.31 313 277 146 280 2014 7 2 18 27 6 2 79
11 55 57 33.406 -112.42 324 278 161 280 2014 7 2 18 28 6 2 79
11 55 57 33.42 -112.53 330 278 176 280 2014 7 2 18 29 6 2 79
11 55 57 33.434 -112.65 333 278 190 280 2014 7 2 18 30 6 2 79
11 55 57 33.446 -112.76 339 278 201 280 2014 7 2 18 31 6 2 79
11 55 57 33.464 -112.88 351 279 212 280 2014 7 2 18 32 6 2 63
11 55 57 33.486 -112.99 354 283 224 280 2014 7 2 18 33 6 2 63
11 55 57 33.513 -113.13 354 283 237 280 2014 7 2 18 34 6 2 63
11 55 57 33.534 -113.24 354 282 247 280 2014 7 2 18 35 16 2 63
11 55 57 33.556 -113.36 354 283 255 280 2014 7 2 18 36 6 2 63
11 55 57 33.578 -113.47 356 281 260 280 2014 7 2 18 37 6 2 90
11 55 57 33.599 -113.6 367 283 268 280 2014 7 2 18 38 6 2 90
11 55 57 33.623 -113.72 369 283 277 280 2014 7 2 18 39 6 2 90
11 55 57 33.648 -113.86 369 283 280 280 2014 7 2 18 40 16 2 90
11 55 57 33.671 -113.99 379 281 280 280 2014 7 2 18 41 10 2 90
11 55 57 33.692 -114.12 396 282 280 280 2014 7 2 18 42 6 1 39
11 55 57 33.724 -114.26 412 282 280 280 2014 7 2 18 43 16 1 39
11 55 57 33.749 -114.39 417 285 280 280 2014 7 2 18 44 16 1 39
11 55 57 33.773 -114.54 426 282 274 280 2014 7 2 18 45 6 1 39
11 55 57 33.777 -114.57 435 281 272 280 2014 7 2 18 46 6 1 39
11 55 57 33.786 -114.72 448 277 262 280 2014 7 2 18 47 6 1 39
11 55 57 33.794 -114.87 451 274 251 280 2014 7 2 18 48 6 1 39
11 55 57 33.803 -115.02 449 274 234 280 2014 7 2 18 49 6 1 27
11 55 57 33.81 -115.17 449 273 212 280 2014 7 2 18 50 6 1 27
11 55 57 33.819 -115.34 438 273 185 280 2014 7 2 18 51 6 1 27
11 55 57 33.834 -115.48 427 273 162 280 2014 7 2 18 52 6 1 27
11 55 57 33.873 -115.61 412 275 142 280 2014 7 2 18 53 6 1 27
11 55 57 33.917 -115.8 389 290 112 280 2014 7 2 18 54 15 1 27
11 55 57 33.9 -115.92 312 268 107 280 2014 7 2 18 55 6 1 27
11 55 57 33.9 -116.02 278 266 92 280 2014 7 2 18 56 16 1 4
11 55 57 33.9 -116.1 271 267 75 280 2014 7 2 18 57 6 1 4
11 55 57 33.9 -116.18 257 265 60 280 2014 7 2 18 58 6 1 4
11 55 57 33.883 -116.27 246 266 47 280 2014 7 2 18 59 6 1 4
11 55 57 33.883 -116.35 222 256 38 280 2014 7 2 19 0 6 1 4
11 55 57 33.883 -116.42 219 257 29 280 2014 7 2 19 1 6 1 4
11 55 57 33.883 -116.48 204 270 20 280 2014 7 2 19 2 6 1 4
11 55 57 33.85 -116.53 164 270 11 280 2014 7 2 19 3 6 1 4
12 55 57 33.433 -112.03 173 0 20 260 2014 7 2 20 0 6 2 79
12 55 57 33.421 -112.07 172 138 34 260 2014 7 2 20 1 7 2 79
12 55 57 33.401 -112.14 215 255 50 260 2014 7 2 20 2 16 2 79
12 55 57 33.398 -112.22 250 269 70 260 2014 7 2 20 3 6 2 79
12 55 57 33.407 -112.32 270 276 88 260 2014 7 2 20 4 6 2 79
12 55 57 33.416 -112.42 284 276 107 260 2014 7 2 20 5 6 2 79
12 55 57 33.428 -112.54 306 275 127 260 2014 7 2 20 6 6 2 79
12 55 57 33.438 -112.65 314 276 145 260 2014 7 2 20 7 6 2 79
12 55 57 33.448 -112.75 324 276 161 260 2014 7 2 20 8 16 2 79
12 55 57 33.461 -112.86 336 277 177 260 2014 7 2 20 9 6 2 63
12 55 57 33.483 -112.98 340 277 191 260 2014 7 2 20 10 6 2 63
12 55 57 33.484 -112.98 340 284 191 260 2014 7 2 20 11 6 2 63
12 55 57 33.505 -113.09 345 283 207 260 2014 7 2 20 12 6 2 63
12 55 57 33.531 -113.22 347 282 222 260 2014 7 2 20 13 6 2 63
12 55 57 33.554 -113.34 350 283 233 260 2014 7 2 20 14 6 2 63
12 55 57 33.575 -113.46 354 281 245 260 2014 7 2 20 15 6 2 63
12 55 57 33.591 -113.57 356 281 254 260 2014 7 2 20 16 6 2 63
12 55 57 33.608 -113.69 362 278 260 260 2014 7 2 20 17 6 2 90
12 55 57 33.623 -113.82 376 278 260 260 2014 7 2 20 18 6 2 90
12 55 57 33.639 -113.95 381 279 260 260 2014 7 2 20 19 6 2 90
12 55 57 33.663 -114.1 385 277 260 260 2014 7 2 20 20 16 1 39
12 55 57 33.672 -114.22 381 281 257 260 2014 7 2 20 21 6 1 39
12 55 57 33.694 -114.35 383 278 250 260 2014 7 2 20 22 6 1 39
12 55 57 33.709 -114.48 385 277 243 260 2014 7 2 20 23 6 1 39
12 55 57 33.726 -114.61 389 278 236 260 2014 7 2 20 24 16 1 27
12 55 57 33.743 -114.76 389 279 227 260 2014 7 2 20 25 16 1 27
12 55 57 33.76 -114.89 390 278 218 160 2014 7 2 20 26 6 1 27
12 55 57 33.775 -115.02 391 278 207 160 2014 7 2 20 27 6 1 27
12 55 57 33.79 -115.16 398 278 196 160 2014 7 2 20 28 6 1 27
12 55 57 33.807 -115.29 400 277 183 110 2014 7 2 20 29 16 1 27
12 55 57 33.824 -115.44 398 277 166 110 2014 7 2 20 30 6 1 27
12 55 57 33.858 -115.56 376 278 153 110 2014 7 2 20 31 12 1 27
12 55 57 33.894 -115.67 372 285 139 110 2014 7 2 20 32 6 1 27
12 55 57 33.912 -115.79 362 292 125 110 2014 7 2 20 33 6 1 27
12 55 57 33.9 -115.97 350 265 107 110 2014 7 2 20 34 15 1 27
12 55 57 33.899 -116.04 353 260 99 110 2014 7 2 20 35 6 1 4
12 55 57 33.894 -116.14 329 270 88 110 2014 7 2 20 36 6 1 4
12 55 57 33.883 -116.17 283 266 82 110 2014 7 2 20 37 6 1 4
12 55 57 33.883 -116.35 215 269 54 110 2014 7 2 20 38 15 1 4
12 55 57 33.9 -116.4 184 275 42 110 2014 7 2 20 39 6 1 4
12 55 57 33.9 -116.47 184 291 30 110 2014 7 2 20 40 6 1 4
12 55 57 33.85 -116.52 153 247 9 110 2014 7 2 20 42 6 1 4
13 55 57 33.428 -112.05 180 255 25 260 2014 7 2 20 53 6 2 79
13 55 57 33.407 -112.12 213 248 46 260 2014 7 2 20 54 16 2 79
13 55 57 33.389 -112.21 250 256 69 260 2014 7 2 20 55 6 2 79
13 55 57 33.402 -112.3 282 279 92 260 2014 7 2 20 56 6 2 79
13 55 57 33.413 -112.4 288 277 113 260 2014 7 2 20 57 6 2 79
13 55 57 33.423 -112.5 302 276 133 260 2014 7 2 20 58 6 2 79
13 55 57 33.433 -112.61 315 276 150 260 2014 7 2 20 59 6 2 79
13 55 57 33.446 -112.74 328 275 171 260 2014 7 2 21 0 6 2 79
13 55 57 33.459 -112.85 339 277 187 260 2014 7 2 21 1 6 2 63
13 55 57 33.48 -112.96 339 282 187 260 2014 7 2 21 2 6 2 63
13 55 57 33.502 -113.08 346 282 217 260 2014 7 2 21 3 6 2 63
13 55 57 33.524 -113.19 349 283 230 260 2014 7 2 21 4 6 2 63
13 55 57 33.546 -113.31 353 283 242 260 2014 7 2 21 5 6 2 63
13 55 57 33.551 -113.33 354 282 244 260 2014 7 2 21 6 6 2 63
13 55 57 33.572 -113.45 354 282 254 260 2014 7 2 21 7 6 2 63
13 55 57 33.596 -113.57 364 283 260 260 2014 7 2 21 8 6 2 90
13 55 57 33.64 -113.81 378 281 260 260 2014 7 2 21 9 16 2 90
13 55 57 33.639 -113.81 376 282 260 260 2014 7 2 21 10 6 2 90
13 55 57 33.669 -113.96 381 282 260 260 2014 7 2 21 11 6 2 90
13 55 57 33.693 -114.09 381 281 260 260 2014 7 2 21 12 6 1 39
13 55 57 33.714 -114.21 375 281 260 260 2014 7 2 21 13 6 1 39
13 55 57 33.736 -114.33 370 284 260 260 2014 7 2 21 14 6 1 39
13 55 57 33.757 -114.44 367 281 260 260 2014 7 2 21 15 6 1 39
13 55 57 33.778 -114.59 363 282 260 220 2014 7 2 21 16 6 1 39
13 55 57 33.784 -114.7 359 280 256 220 2014 7 2 21 17 15 1 39
13 55 57 33.791 -114.83 362 273 245 220 2014 7 2 21 18 6 1 39
13 55 57 33.797 -114.95 370 273 235 110 2014 7 2 21 19 16 1 27
13 55 57 33.811 -115.07 363 273 220 110 2014 7 2 21 20 6 1 27
13 55 57 33.823 -115.18 349 275 205 110 2014 7 2 21 21 6 1 27
13 55 57 33.837 -115.31 337 275 188 110 2014 7 2 21 22 6 1 27
13 55 57 33.849 -115.42 335 273 173 110 2014 7 2 21 23 6 1 27
13 55 57 33.861 -115.53 335 279 158 110 2014 7 2 21 24 6 1 27
13 55 57 33.873 -115.64 334 277 144 110 2014 7 2 21 25 6 1 27
13 55 57 33.915 -115.74 334 297 144 110 2014 7 2 21 26 6 1 27
13 55 57 33.9 -115.92 315 276 112 110 2014 7 2 21 27 15 1 27
13 55 57 33.9 -116.02 293 271 108 110 2014 7 2 21 28 6 1 27
13 55 57 33.894 -116.07 296 270 99 110 2014 7 2 21 29 6 1 4
13 55 57 33.9 -116.1 289 265 97 110 2014 7 2 21 30 6 1 4
13 55 57 33.883 -116.2 280 265 85 110 2014 7 2 21 31 6 1 4
13 55 57 33.883 -116.28 273 265 71 110 2014 7 2 21 32 6 1 4
13 55 57 33.883 -116.38 260 271 58 110 2014 7 2 21 33 6 1 4
13 55 57 33.9 -116.45 203 270 51 110 2014 7 2 21 34 6 1 4
13 55 57 33.933 -116.5 189 254 36 110 2014 7 2 21 36 6 1 4
13 55 57 33.867 -116.55 155 268 17 110 2014 7 2 21 37 6 1 4
13 55 57 33.85 -116.52 146 248 9 110 2014 7 2 21 38 16 1 4
14 55 57 33.423 -112.06 179 250 22 280 2014 7 3 23 45 6 2 79
14 55 57 33.396 -112.13 221 246 38 280 2014 7 3 23 46 6 2 79
14 55 57 33.389 -112.22 267 263 61 280 2014 7 3 23 47 6 2 79
14 55 57 33.398 -112.31 276 277 82 280 2014 7 3 23 48 6 2 79
14 55 57 33.408 -112.41 289 277 102 280 2014 7 3 23 49 6 2 79
14 55 57 33.422 -112.54 319 278 112 280 2014 7 3 23 50 6 2 79
14 55 57 33.433 -112.64 352 276 123 280 2014 7 3 23 51 6 2 79
14 55 57 33.447 -112.76 362 277 137 280 2014 7 3 23 52 6 2 79
14 55 57 33.469 -112.91 368 280 152 280 2014 7 3 23 53 6 2 63
14 55 57 33.494 -113.03 376 281 165 280 2014 7 3 23 54 6 2 63
14 55 57 33.499 -113.05 380 284 167 280 2014 7 3 23 55 6 2 63
14 55 57 33.522 -113.18 390 282 179 280 2014 7 3 23 56 7 2 63
14 55 57 33.566 -113.41 400 282 198 280 2014 7 3 23 57 6 2 63
14 55 57 33.591 -113.55 403 283 207 280 2014 7 3 23 58 6 2 63
14 55 57 33.596 -113.57 403 282 208 260 2014 7 3 23 59 6 2 63
14 55 57 33.646 -113.84 413 282 224 260 2014 7 4 0 0 6 2 63
14 55 57 33.67 -113.98 414 282 232 260 2014 7 4 0 1 9 2 63
14 55 57 33.676 -114.01 421 282 233 260 2014 7 4 0 2 6 1 27
14 55 57 33.702 -114.15 423 282 240 260 2014 7 4 0 3 6 1 39
14 55 57 33.728 -114.28 423 282 248 260 2014 7 4 0 4 6 1 39
14 55 57 33.749 -114.42 428 282 252 260 2014 7 4 0 5 6 1 39
14 55 57 33.767 -114.59 430 277 258 260 2014 7 4 0 6 6 1 39
14 55 57 33.784 -114.74 431 277 259 260 2014 7 4 0 7 6 1 39
14 55 57 33.799 -114.89 452 277 240 260 2014 7 4 0 8 6 1 39
14 55 57 33.815 -115.04 452 277 220 260 2014 7 4 0 9 6 1 27
14 55 57 33.829 -115.18 440 277 201 260 2014 7 4 0 10 6 1 27
14 55 57 33.846 -115.35 435 277 176 260 2014 7 4 0 11 6 1 27
14 55 57 33.859 -115.49 422 276 158 260 2014 7 4 0 12 6 1 27
14 55 57 33.874 -115.63 420 276 142 260 2014 7 4 0 13 6 1 27
14 55 57 33.883 -115.8 397 276 123 260 2014 7 4 0 14 8 1 27
14 55 57 33.9 -115.93 386 276 110 260 2014 7 4 0 15 7 1 27
14 55 57 33.897 -116.03 376 278 105 260 2014 7 4 0 16 6 1 27
14 55 57 33.883 -116.13 290 265 86 260 2014 7 4 0 17 6 1 4
14 55 57 33.884 -116.22 301 265 68 260 2014 7 4 0 18 6 1 4
14 55 57 33.884 -116.31 293 270 61 260 2014 7 4 0 19 6 1 4
14 55 57 33.883 -116.38 246 269 34 260 2014 7 4 0 20 6 1 4
15 55 57 33.436 -112.01 151 0 11 260 2014 7 3 1 54 6 2 79
15 55 57 33.383 -112.2 239 245 67 260 2014 7 3 1 56 6 2 79
15 55 57 33.393 -112.23 236 274 75 260 2014 7 3 1 57 6 2 79
15 55 57 33.401 -112.3 253 276 93 260 2014 7 3 1 58 16 2 79
15 55 57 33.411 -112.4 286 276 105 260 2014 7 3 1 59 7 2 79
15 55 57 33.425 -112.54 332 277 117 260 2014 7 3 2 0 6 2 79
15 55 57 33.437 -112.66 354 277 127 260 2014 7 3 2 1 6 2 79
15 55 57 33.45 -112.79 375 277 137 260 2014 7 3 2 2 6 2 79
15 55 57 33.472 -112.91 387 279 151 260 2014 7 3 2 3 16 2 63
15 55 57 33.496 -113.04 391 283 167 260 2014 7 3 2 4 15 2 63
15 55 57 33.515 -113.14 390 283 178 260 2014 7 3 2 5 16 2 63
15 55 57 33.549 -113.32 390 282 196 260 2014 7 3 2 6 6 2 63
15 55 57 33.573 -113.45 397 283 206 260 2014 7 3 2 7 16 2 63
15 55 57 33.598 -113.58 397 282 216 260 2014 7 3 2 8 6 2 63
15 55 57 33.622 -113.71 397 282 226 260 2014 7 3 2 9 6 2 63
15 55 57 33.646 -113.83 397 282 236 260 2014 7 3 2 10 6 2 63
15 55 57 33.668 -113.96 396 282 246 260 2014 7 3 2 11 6 2 63
15 55 57 33.692 -114.09 396 281 253 260 2014 7 3 2 12 6 1 39
15 55 57 33.723 -114.25 406 280 259 260 2014 7 3 2 13 15 1 39
15 55 57 33.747 -114.39 420 284 260 260 2014 7 3 2 14 6 1 39
15 55 57 33.773 -114.53 434 281 255 260 2014 7 3 2 15 16 1 39
15 55 57 33.784 -114.69 454 282 250 260 2014 7 3 2 16 6 1 39
15 55 57 33.798 -114.84 461 276 245 260 2014 7 3 2 17 6 1 39
15 55 57 33.815 -114.99 462 275 237 260 2014 7 3 2 18 15 1 27
15 55 57 33.817 -115.15 462 271 237 260 2014 7 3 2 19 6 1 27
15 55 57 33.832 -115.17 461 275 224 260 2014 7 3 2 20 6 1 27
15 55 57 33.847 -115.32 451 277 201 260 2014 7 3 2 21 6 1 27
15 55 57 33.859 -115.47 440 276 175 260 2014 7 3 2 22 16 1 27
15 55 57 33.883 -115.77 404 276 126 260 2014 7 3 2 23 15 1 27
15 55 57 33.887 -115.74 418 275 129 260 2014 7 3 2 24 6 1 27
15 55 57 33.899 -115.87 407 278 112 260 2014 7 3 2 25 16 1 27
15 55 57 33.9 -116.02 339 268 104 260 2014 7 3 2 26 6 1 27
15 55 57 33.891 -116.12 340 260 92 260 2014 7 3 2 27 6 1 4
15 55 57 33.885 -116.21 319 270 75 260 2014 7 3 2 28 6 1 4
15 55 57 33.883 -116.3 258 267 69 260 2014 7 3 2 29 16 1 4
15 55 57 33.883 -116.4 261 269 48 260 2014 7 3 2 30 16 1 4
15 55 57 33.883 -116.48 242 270 28 260 2014 7 3 2 31 6 1 4
15 55 57 33.883 -116.53 180 273 22 260 2014 7 3 2 32 16 1 4
15 55 57 33.85 -116.53 152 270 10 260 2014 7 3 2 33 15 1 4
16 55 57 33.426 -112.06 185 254 24 280 2014 7 3 3 7 6 2 79
16 55 57 33.403 -112.13 215 248 43 280 2014 7 3 3 8 16 2 79
16 55 57 33.4 -112.23 272 267 66 280 2014 7 3 3 9 16 2 79
16 55 57 33.408 -112.32 277 267 88 280 2014 7 3 3 10 16 2 79
16 55 57 33.409 -112.33 276 276 89 280 2014 7 3 3 11 6 2 79
16 55 57 33.427 -112.55 338 275 110 280 2014 7 3 3 12 16 2 79
16 55 57 33.439 -112.67 365 276 122 280 2014 7 3 3 13 15 2 79
16 55 57 33.451 -112.8 376 276 137 280 2014 7 3 3 14 16 2 79
16 55 57 33.451 -112.8 376 276 137 280 2014 7 3 3 15 6 2 79
16 55 57 33.472 -112.92 381 281 152 280 2014 7 3 3 16 6 2 63
16 55 57 33.521 -113.18 391 283 178 280 2014 7 3 3 17 15 2 63
16 55 57 33.526 -113.2 393 282 179 280 2014 7 3 3 18 15 2 63
16 55 57 33.547 -113.31 404 283 190 280 2014 7 3 3 19 6 2 63
16 55 57 33.577 -113.47 408 283 205 280 2014 7 3 3 20 6 2 63
16 55 57 33.602 -113.6 408 282 213 280 2014 7 3 3 21 6 2 63
16 55 57 33.625 -113.73 408 282 221 260 2014 7 3 3 22 16 2 63
16 55 57 33.652 -113.86 410 281 229 260 2014 7 3 3 23 6 2 63
16 55 57 33.68 -114.03 411 281 240 260 2014 7 3 3 24 15 1 39
16 55 57 33.698 -114.13 413 283 248 260 2014 7 3 3 25 16 1 39
16 55 57 33.729 -114.29 410 280 258 260 2014 7 3 3 26 16 1 39
16 55 57 33.749 -114.4 412 283 256 260 2014 7 3 3 27 6 1 39
16 55 57 33.778 -114.58 436 280 244 260 2014 7 3 3 28 6 1 39
16 55 57 33.792 -114.73 458 281 234 260 2014 7 3 3 29 6 1 27
16 55 57 33.807 -114.88 460 276 230 260 2014 7 3 3 30 6 1 27
16 55 57 33.825 -115.07 461 276 216 260 2014 7 3 3 31 6 1 27
16 55 57 33.838 -115.22 455 276 196 260 2014 7 3 3 32 6 1 27
16 55 57 33.851 -115.36 442 273 174 260 2014 7 3 3 33 6 1 27
16 55 57 33.864 -115.5 434 276 154 260 2014 7 3 3 34 16 1 27
16 55 57 33.877 -115.64 433 276 137 260 2014 7 3 3 35 16 1 27
16 55 57 33.89 -115.78 423 274 120 260 2014 7 3 3 36 6 1 27
16 55 57 33.903 -115.93 402 278 109 260 2014 7 3 3 37 15 1 27
16 55 57 33.917 -116.02 324 282 105 260 2014 7 3 3 38 15 1 27
16 55 57 33.937 -116.13 318 280 80 260 2014 7 3 3 39 15 1 4
16 55 57 33.924 -116.23 311 270 67 260 2014 7 3 3 40 15 1 4
16 55 57 33.914 -116.31 300 253 62 260 2014 7 3 3 41 6 1 4
16 55 57 33.9 -116.38 234 261 46 260 2014 7 3 3 42 16 1 4
16 55 57 33.883 -116.47 196 256 37 260 2014 7 3 3 43 15 1 4
16 55 57 33.883 -116.5 161 256 24 260 2014 7 3 3 44 16 1 4
16 55 57 33.85 -116.52 160 260 10 260 2014 7 3 3 45 6 1 4
17 55 57 33.433 -112.03 170 0 20 280 2014 7 3 17 39 6 2 79
17 55 57 33.428 -112.05 172 257 23 280 2014 7 3 17 40 6 2 79
17 55 57 33.4 -112.15 267 243 42 280 2014 7 3 17 41 6 2 79
17 55 57 33.368 -112.21 268 238 66 280 2014 7 3 17 42 6 2 79
17 55 57 33.383 -112.32 290 282 95 280 2014 7 3 17 43 6 2 79
17 55 57 33.398 -112.43 302 279 112 280 2014 7 3 17 44 6 2 79
17 55 57 33.414 -112.55 334 279 133 280 2014 7 3 17 45 6 2 79
17 55 57 33.432 -112.67 361 279 155 280 2014 7 3 17 46 7 2 79
17 55 57 33.45 -112.79 372 279 176 280 2014 7 3 17 47 6 2 79
17 55 57 33.476 -112.94 383 281 201 280 2014 7 3 17 48 6 2 63
17 55 57 33.501 -113.07 391 283 220 280 2014 7 3 17 49 6 2 63
17 55 57 33.526 -113.2 401 282 238 280 2014 7 3 17 50 6 2 63
17 55 57 33.552 -113.33 409 282 254 280 2014 7 3 17 51 7 2 63
17 55 57 33.576 -113.47 413 282 270 280 2014 7 3 17 52 6 2 90
17 55 57 33.604 -113.61 422 283 280 280 2014 7 3 17 53 6 2 90
17 55 57 33.635 -113.79 457 281 280 280 2014 7 3 17 54 6 2 90
17 55 57 33.657 -113.94 453 279 280 280 2014 7 3 17 55 6 2 90
17 55 57 33.679 -114.08 446 280 280 240 2014 7 3 17 56 6 1 39
17 55 57 33.701 -114.23 445 280 275 240 2014 7 3 17 57 6 1 39
17 55 57 33.723 -114.37 448 280 265 240 2014 7 3 17 58 6 1 39
17 55 57 33.744 -114.53 454 279 254 240 2014 7 3 17 59 6 1 39
17 55 57 33.773 -114.71 461 281 242 240 2014 7 3 18 0 6 1 39
17 55 57 33.794 -114.86 460 280 232 240 2014 7 3 18 1 6 1 27
17 55 57 33.816 -115 447 279 217 240 2014 7 3 18 2 6 1 27
17 55 57 33.836 -115.15 447 279 217 240 2014 7 3 18 3 6 1 27
17 55 57 33.835 -115.14 435 279 202 240 2014 7 3 18 4 6 1 27
17 55 57 33.853 -115.28 420 279 187 240 2014 7 3 18 5 6 1 27
17 55 57 33.875 -115.44 410 279 169 240 2014 7 3 18 6 6 1 27
17 55 57 33.892 -115.57 397 279 157 240 2014 7 3 18 7 6 1 27
17 55 57 33.917 -115.8 367 279 132 240 2014 7 3 18 8 6 1 27
17 55 57 33.917 -115.93 366 270 119 240 2014 7 3 18 9 6 1 27
17 55 57 33.95 -116.03 322 275 108 240 2014 7 3 18 10 6 1 27
17 55 57 33.967 -116.13 288 285 96 240 2014 7 3 18 11 6 1 4
17 55 57 33.972 -116.15 297 281 92 240 2014 7 3 18 12 6 1 4
17 55 57 33.985 -116.24 283 283 79 240 2014 7 3 18 13 6 1 4
17 55 57 33.967 -116.32 256 256 63 240 2014 7 3 18 14 6 1 4
17 55 57 33.948 -116.4 255 256 60 240 2014 7 3 18 15 6 1 4
17 55 57 33.933 -116.47 240 253 41 240 2014 7 3 18 16 6 1 4
18 55 57 33.433 -111.98 162 0 22 260 2014 7 3 16 44 6 2 79
18 55 57 33.433 -111.92 192 97 38 260 2014 7 3 16 45 6 2 79
18 55 57 33.434 -111.87 234 106 51 260 2014 7 3 16 46 6 2 79
18 55 57 33.35 -111.87 286 211 87 260 2014 7 3 16 47 6 2 79
18 55 57 33.317 -111.95 302 245 111 260 2014 7 3 16 48 6 2 79
18 55 57 33.317 -112.07 337 271 131 260 2014 7 3 16 49 6 2 79
18 55 57 33.334 -112.16 346 279 148 260 2014 7 3 16 50 6 2 79
18 55 57 33.35 -112.3 368 277 170 260 2014 7 3 16 51 10 2 79
18 55 57 33.364 -112.41 380 278 191 260 2014 7 3 16 52 6 2 79
18 55 57 33.384 -112.55 388 278 213 260 2014 7 3 16 53 6 2 63
18 55 57 33.399 -112.68 395 278 230 260 2014 7 3 16 54 6 2 63
18 55 57 33.443 -112.8 410 292 246 260 2014 7 3 16 55 6 2 63
18 55 57 33.48 -112.97 419 285 260 260 2014 7 3 16 56 6 2 90
18 55 57 33.509 -113.11 442 283 260 260 2014 7 3 16 57 6 2 90
18 55 57 33.538 -113.26 446 283 260 260 2014 7 3 16 58 6 2 90
18 55 57 33.565 -113.4 449 282 260 260 2014 7 3 16 59 6 2 90
18 55 57 33.59 -113.55 451 282 260 260 2014 7 3 17 0 6 2 90
18 55 57 33.625 -113.73 456 282 260 260 2014 7 3 17 1 6 2 90
18 55 57 33.652 -113.87 450 283 260 260 2014 7 3 17 2 6 2 90
18 55 57 33.679 -114.01 446 283 260 260 2014 7 3 17 3 6 1 39
18 55 57 33.706 -114.16 446 282 260 240 2014 7 3 17 4 6 1 39
18 55 57 33.734 -114.31 448 281 260 240 2014 7 3 17 5 6 1 39
18 55 57 33.758 -114.46 448 281 260 240 2014 7 3 17 6 14 1 39
18 55 57 33.76 -114.46 456 282 251 240 2014 7 3 17 7 6 1 39
18 55 57 33.782 -114.64 464 282 235 240 2014 7 3 17 8 16 1 27
18 55 57 33.789 -114.79 451 277 221 240 2014 7 3 17 9 6 1 27
18 55 57 33.798 -114.93 431 276 219 240 2014 7 3 17 10 6 1 27
18 55 57 33.806 -115.07 419 273 211 240 2014 7 3 17 11 6 1 27
18 55 57 33.812 -115.2 410 274 202 240 2014 7 3 17 12 6 1 27
18 55 57 33.82 -115.36 401 273 174 240 2014 7 3 17 13 6 1 27
18 55 57 33.837 -115.49 398 273 151 110 2014 7 3 17 14 6 1 27
18 55 57 33.875 -115.61 386 280 128 110 2014 7 3 17 15 6 1 27
18 55 57 33.917 -115.75 339 290 110 110 2014 7 3 17 16 6 1 27
18 55 57 33.9 -115.87 301 269 110 110 2014 7 3 17 17 16 1 27
18 55 57 33.903 -115.94 311 265 100 110 2014 7 3 17 18 6 1 27
18 55 57 33.9 -116.05 281 267 86 110 2014 7 3 17 19 6 1 4
18 55 57 33.91 -116.13 285 282 76 110 2014 7 3 17 20 6 1 4
18 55 57 33.934 -116.22 284 283 69 110 2014 7 3 17 21 6 1 4
18 55 57 33.938 -116.31 271 270 62 110 2014 7 3 17 22 6 1 4
18 55 57 33.933 -116.4 243 273 46 110 2014 7 3 17 23 6 1 4
18 55 57 33.917 -116.47 220 270 32 110 2014 7 3 17 24 6 1 4
18 55 57 33.883 -116.53 195 260 19 110 2014 7 3 17 25 6 1 4
18 55 57 33.85 -116.53 153 245 10 110 2014 7 3 17 26 6 1 4
19 55 57 33.433 -112.03 164 0 19 260 2014 7 3 19 46 6 2 79
19 55 57 33.425 -112.06 177 256 27 260 2014 7 3 19 47 6 2 79
19 55 57 33.401 -112.14 225 249 39 260 2014 7 3 19 48 6 2 79
19 55 57 33.394 -112.24 275 263 63 260 2014 7 3 19 49 6 2 79
19 55 57 33.404 -112.33 287 277 85 260 2014 7 3 19 51 6 2 79
19 55 57 33.404 -112.33 287 277 85 260 2014 7 3 19 51 6 2 79
19 55 57 33.427 -112.55 304 277 127 260 2014 7 3 19 52 6 2 79
19 55 57 33.437 -112.66 319 276 146 260 2014 7 3 19 53 6 2 79
19 55 57 33.448 -112.77 329 277 166 260 2014 7 3 19 54 6 2 79
19 55 57 33.465 -112.88 341 279 182 260 2014 7 3 19 55 6 2 63
19 55 57 33.487 -112.99 341 283 199 260 2014 7 3 19 56 6 2 63
19 55 57 33.512 -113.13 347 282 213 260 2014 7 3 19 57 6 2 63
19 55 57 33.531 -113.22 355 283 222 260 2014 7 3 19 58 6 2 63
19 55 57 33.558 -113.36 360 282 235 260 2014 7 3 19 59 6 2 63
19 55 57 33.578 -113.48 363 282 246 260 2014 7 3 20 0 6 2 63
19 55 57 33.603 -113.6 366 283 257 260 2014 7 3 20 1 6 2 63
19 55 57 33.624 -113.72 377 284 260 260 2014 7 3 20 2 6 2 90
19 55 57 33.657 -113.89 415 282 260 260 2014 7 3 20 3 6 2 90
19 55 57 33.676 -114 419 282 260 260 2014 7 3 20 4 6 2 90
19 55 57 33.709 -114.18 440 282 260 260 2014 7 3 20 5 6 1 39
19 55 57 33.733 -114.32 447 102 255 260 2014 7 3 20 6 7 1 39
19 55 57 33.762 -114.47 465 282 245 260 2014 7 3 20 7 6 1 39
19 55 57 33.767 -114.51 466 282 243 260 2014 7 3 20 8 6 1 39
19 55 57 33.782 -114.66 471 281 233 260 2014 7 3 20 9 6 1 27
19 55 57 33.799 -114.96 452 275 213 260 2014 7 3 20 10 16 1 27
19 55 57 33.799 -114.96 452 275 213 260 2014 7 3 20 11 6 1 27
19 55 57 33.807 -115.11 447 273 203 260 2014 7 3 20 12 6 1 27
19 55 57 33.817 -115.28 440 273 198 260 2014 7 3 20 13 6 1 27
19 55 57 33.823 -115.42 431 273 180 260 2014 7 3 20 14 6 1 27
19 55 57 33.858 -115.56 428 273 160 260 2014 7 3 20 15 6 1 27
19 55 57 33.9 -115.72 407 288 138 260 2014 7 3 20 16 6 1 27
19 55 57 33.917 -115.85 385 276 120 260 2014 7 3 20 17 6 1 27
19 55 57 33.902 -115.96 368 265 114 260 2014 7 3 20 18 6 1 27
19 55 57 33.9 -116.07 298 267 107 260 2014 7 3 20 19 6 1 4
19 55 57 33.883 -116.15 284 264 86 260 2014 7 3 20 20 6 1 4
19 55 57 33.884 -116.24 291 265 74 260 2014 7 3 20 21 6 1 4
19 55 57 33.883 -116.32 209 266 59 260 2014 7 3 20 22 9 1 4
19 55 57 33.881 -116.38 244 273 53 260 2014 7 3 20 23 6 1 4
19 55 57 33.9 -116.45 209 268 40 260 2014 7 3 20 24 6 1 4
19 55 57 33.9 -116.52 209 286 30 260 2014 7 3 20 25 6 1 4
19 55 57 33.867 -116.53 155 279 14 260 2014 7 3 20 26 6 1 4
20 55 57 33.429 -112.04 176 0 21 260 2014 7 3 21 19 6 2 79
20 55 57 33.417 -112.1 242 256 31 260 2014 7 3 21 20 7 2 79
20 55 57 33.407 -112.11 233 255 35 260 2014 7 3 21 21 10 2 79
20 55 57 33.383 -112.28 283 249 76 260 2014 7 3 21 22 6 2 79
20 55 57 33.384 -112.29 279 270 78 260 2014 7 3 21 23 6 2 79
20 55 57 33.41 -112.5 309 278 106 260 2014 7 3 21 24 6 2 79
20 55 57 33.412 -112.52 335 278 108 260 2014 7 3 21 25 8 2 79
20 55 57 33.427 -112.62 360 279 115 260 2014 7 3 21 26 6 2 79
20 55 57 33.447 -112.78 388 279 124 260 2014 7 3 21 27 6 2 79
20 55 57 33.471 -112.91 405 280 136 260 2014 7 3 21 28 6 2 63
20 55 57 33.497 -113.05 410 282 148 260 2014 7 3 21 29 6 2 63
20 55 57 33.523 -113.18 415 283 157 260 2014 7 3 21 30 6 2 63
20 55 57 33.549 -113.32 416 283 167 260 2014 7 3 21 31 6 2 63
20 55 57 33.575 -113.45 422 282 178 260 2014 7 3 21 32 6 2 63
20 55 57 33.605 -113.61 418 282 197 260 2014 7 3 21 33 6 2 63
20 55 57 33.625 -113.72 407 282 210 260 2014 7 3 21 34 6 2 63
20 55 57 33.652 -113.87 393 282 227 260 2014 7 3 21 35 6 2 63
20 55 57 33.675 -113.99 390 282 237 260 2014 7 3 21 36 6 2 63
20 55 57 33.701 -114.13 392 282 247 260 2014 7 3 21 37 6 1 39
20 55 57 33.722 -114.25 391 282 258 260 2014 7 3 21 38 6 1 39
20 55 57 33.746 -114.38 397 281 260 260 2014 7 3 21 39 6 1 39
20 55 57 33.774 -114.55 419 281 260 110 2014 7 3 21 40 6 1 39
20 55 57 33.784 -114.7 436 281 260 110 2014 7 3 21 41 6 1 39
20 55 57 33.793 -114.85 452 275 247 110 2014 7 3 21 42 6 1 39
20 55 57 33.801 -115 454 274 228 110 2014 7 3 21 43 6 1 27
20 55 57 33.809 -115.15 454 273 209 110 2014 7 3 21 44 6 1 27
20 55 57 33.817 -115.3 446 273 191 110 2014 7 3 21 45 6 1 27
20 55 57 33.829 -115.47 433 273 168 110 2014 7 3 21 46 6 1 27
20 55 57 33.87 -115.6 424 274 152 110 2014 7 3 21 47 6 1 27
20 55 57 33.917 -115.75 394 282 132 110 2014 7 3 21 48 6 1 27
20 55 57 33.914 -115.85 392 290 119 110 2014 7 3 21 49 6 1 27
20 55 57 33.904 -115.97 368 263 112 110 2014 7 3 21 50 6 1 27
20 55 57 33.888 -116.09 368 260 112 110 2014 7 3 21 51 6 1 4
20 55 57 33.9 -116.08 273 267 107 110 2014 7 3 21 52 6 1 4
20 55 57 33.885 -116.24 253 256 85 110 2014 7 3 21 53 6 1 4
20 55 57 33.883 -116.23 222 265 85 110 2014 7 3 21 54 6 1 4
20 55 57 33.881 -116.31 236 270 69 110 2014 7 3 21 55 6 1 4
20 55 57 33.883 -116.39 227 270 61 110 2014 7 3 21 56 6 1 4
20 55 57 33.9 -116.45 178 271 44 110 2014 7 3 21 57 6 1 4
20 55 57 33.883 -116.55 149 281 17 110 2014 7 3 21 58 6 1 4
21 55 57 33.432 -112.04 149 259 18 280 2014 7 4 2 0 6 2 79
21 55 57 33.417 -112.1 198 251 38 280 2014 7 4 2 1 6 2 79
21 55 57 33.392 -112.2 248 251 61 280 2014 7 4 2 2 6 2 79
21 55 57 33.402 -112.29 274 276 81 280 2014 7 4 2 3 6 2 79
21 55 57 33.411 -112.38 284 276 99 280 2014 7 4 2 4 6 2 79
21 55 57 33.421 -112.48 303 276 112 280 2014 7 4 2 5 6 2 79
21 55 57 33.432 -112.6 333 276 127 280 2014 7 4 2 6 6 2 79
21 55 57 33.444 -112.72 356 277 143 280 2014 7 4 2 7 16 2 79
21 55 57 33.457 -112.84 364 277 159 280 2014 7 4 2 8 8 2 63
21 55 57 33.481 -112.97 369 283 172 280 2014 7 4 2 9 6 2 63
21 55 57 33.505 -113.09 377 283 189 280 2014 7 4 2 10 6 2 63
21 55 57 33.534 -113.24 386 282 204 280 2014 7 4 2 11 6 2 63
21 55 57 33.558 -113.37 389 282 216 280 2014 7 4 2 12 6 2 63
21 55 57 33.582 -113.5 391 282 225 280 2014 7 4 2 13 6 2 63
21 55 57 33.608 -113.62 402 283 234 280 2014 7 4 2 14 15 2 63
21 55 57 33.632 -113.76 404 282 247 280 2014 7 4 2 15 6 2 63
21 55 57 33.656 -113.88 403 282 251 280 2014 7 4 2 16 6 2 63
21 55 57 33.682 -114.06 418 282 257 280 2014 7 4 2 17 16 1 39
21 55 57 33.697 -114.16 425 280 261 280 2014 7 4 2 18 15 1 39
21 55 57 33.697 -114.16 425 280 261 280 2014 7 4 2 19 6 1 39
21 55 57 33.739 -114.45 431 280 273 280 2014 7 4 2 20 16 1 39
21 55 57 33.744 -114.48 433 280 274 280 2014 7 4 2 21 6 1 39
21 55 57 33.766 -114.62 434 279 280 280 2014 7 4 2 22 16 1 39
21 55 57 33.783 -114.77 435 280 275 280 2014 7 4 2 23 16 1 39
21 55 57 33.809 -114.94 443 279 257 280 2014 7 4 2 24 16 1 39
21 55 57 33.829 -115.09 446 279 242 280 2014 7 4 2 25 16 1 41
21 55 57 33.843 -115.23 418 279 225 280 2014 7 4 2 26 6 1 27
21 55 57 33.853 -115.35 388 277 204 280 2014 7 4 2 27 6 1 27
21 55 57 33.864 -115.47 363 276 182 280 2014 7 4 2 28 6 1 27
21 55 57 33.883 -115.63 340 276 151 280 2014 7 4 2 29 6 1 27
21 55 57 33.883 -115.75 327 276 130 280 2014 7 4 2 30 6 1 27
21 55 57 33.883 -115.85 300 273 113 280 2014 7 4 2 31 6 1 27
21 55 57 33.883 -115.95 281 266 97 280 2014 7 4 2 32 6 1 27
21 55 57 33.883 -116.01 291 268 84 280 2014 7 4 2 33 6 1 4
21 55 57 33.883 -116.13 254 267 70 280 2014 7 4 2 34 6 1 4
21 55 57 33.883 -116.2 251 267 70 280 2014 7 4 2 35 16 1 4
21 55 57 33.883 -116.28 242 267 56 280 2014 7 4 2 36 6 1 4
21 55 57 33.883 -116.37 238 270 40 280 2014 7 4 2 37 16 1 4
21 55 57 33.883 -116.43 179 275 31 280 2014 7 4 2 38 7 1 4
21 55 57 33.917 -116.48 177 270 27 280 2014 7 4 2 39 15 1 4
21 55 57 33.883 -116.53 180 289 22 280 2014 7 4 2 40 6 1 4
21 55 57 33.85 -116.53 148 270 10 280 2014 7 4 2 41 6 1 4
22 55 57 33.433 -111.98 156 0 20 260 2014 7 4 4 15 6 2 79
22 55 57 33.433 -111.95 201 97 32 260 2014 7 4 4 16 6 2 79
22 55 57 33.433 -111.82 231 108 79 260 2014 7 4 4 17 6 2 79
22 55 57 33.405 -111.79 238 118 91 260 2014 7 4 4 18 16 2 79
22 55 57 33.342 -111.82 271 195 112 260 2014 7 4 4 19 15 2 79
22 55 57 33.316 -111.89 272 247 128 260 2014 7 4 4 20 15 2 79
22 55 57 33.279 -112 309 246 143 260 2014 7 4 4 21 6 2 79
22 55 57 33.238 -112.1 346 244 151 260 2014 7 4 4 22 6 2 79
22 55 57 33.221 -112.23 377 258 160 260 2014 7 4 4 23 6 2 79
22 55 57 33.263 -112.34 375 294 174 260 2014 7 4 4 24 15 2 79
22 55 57 33.307 -112.45 375 294 187 260 2014 7 4 4 25 15 2 79
22 55 57 33.351 -112.56 372 295 200 260 2014 7 4 4 26 15 2 79
22 55 57 33.397 -112.68 368 295 213 260 2014 7 4 4 27 8 2 63
22 55 57 33.441 -112.79 367 295 224 260 2014 7 4 4 28 6 2 63
22 55 57 33.47 -112.91 369 286 235 260 2014 7 4 4 29 6 2 63
22 55 57 33.493 -113.03 370 283 246 260 2014 7 4 4 30 6 2 63
22 55 57 33.516 -113.14 369 283 256 260 2014 7 4 4 31 6 2 63
22 55 57 33.543 -113.29 370 282 260 260 2014 7 4 4 32 6 2 90
22 55 57 33.567 -113.42 390 281 260 260 2014 7 4 4 33 15 2 90
22 55 57 33.593 -113.55 410 282 260 260 2014 7 4 4 34 6 2 90
22 55 57 33.618 -113.68 415 284 260 260 2014 7 4 4 35 6 2 90
22 55 57 33.643 -113.82 415 282 260 260 2014 7 4 4 36 6 2 90
22 55 57 33.667 -113.96 415 282 260 260 2014 7 4 4 37 6 2 90
22 55 57 33.694 -114.1 417 281 260 260 2014 7 4 4 38 16 1 39
22 55 57 33.717 -114.23 417 282 260 260 2014 7 4 4 39 16 1 39
22 55 57 33.742 -114.36 417 282 253 260 2014 7 4 4 40 15 1 39
22 55 57 33.77 -114.53 418 281 241 260 2014 7 4 4 41 6 1 39
22 55 57 33.782 -114.67 416 282 240 200 2014 7 4 4 42 15 1 39
22 55 57 33.789 -114.8 410 276 229 200 2014 7 4 4 43 15 1 27
22 55 57 33.796 -114.94 410 274 218 200 2014 7 4 4 44 16 1 27
22 55 57 33.808 -115.08 415 273 207 200 2014 7 4 4 45 15 1 27
22 55 57 33.826 -115.22 422 274 200 200 2014 7 4 4 46 6 1 27
22 55 57 33.84 -115.35 408 277 200 100 2014 7 4 4 47 16 1 27
22 55 57 33.855 -115.49 407 278 180 100 2014 7 4 4 48 15 1 27
22 55 57 33.87 -115.62 409 262 159 100 2014 7 4 4 49 16 1 27
22 55 57 33.886 -115.78 394 276 135 100 2014 7 4 4 50 16 1 27
22 55 57 33.886 -115.78 394 276 135 100 2014 7 4 4 51 6 1 27
22 55 57 33.898 -116.02 366 270 95 100 2014 7 4 4 52 15 1 4
22 55 57 33.898 -116.12 342 270 82 100 2014 7 4 4 53 15 1 4
22 55 57 33.9 -116.2 270 270 71 100 2014 7 4 4 54 6 1 4
22 55 57 33.908 -116.3 284 270 69 100 2014 7 4 4 55 16 1 4
22 55 57 33.917 -116.37 226 274 64 100 2014 7 4 4 56 15 1 4
22 55 57 33.917 -116.43 199 274 53 100 2014 7 4 4 57 7 1 4
22 55 57 33.917 -116.48 179 270 40 100 2014 7 4 4 58 15 1 4
22 55 57 33.883 -116.53 164 272 26 100 2014 7 4 4 59 15 1 4
22 55 57 33.85 -116.52 147 248 11 100 2014 7 4 5 0 15 1 4
23 55 57 33.436 -112.01 156 0 11 280 2014 7 4 15 58 6 2 79
23 55 57 33.424 -112.06 169 186 23 280 2014 7 4 15 59 16 2 79
23 55 57 33.396 -112.15 240 247 45 280 2014 7 4 16 0 6 2 79
23 55 57 33.403 -112.23 281 280 73 280 2014 7 4 16 1 15 2 79
23 55 57 33.412 -112.33 286 275 97 280 2014 7 4 16 2 15 2 79
23 55 57 33.424 -112.47 334 276 123 280 2014 7 4 16 3 6 2 79
23 55 57 33.434 -112.59 354 276 151 280 2014 7 4 16 4 6 2 79
23 55 57 33.444 -112.71 361 275 171 280 2014 7 4 16 5 15 2 79
23 55 57 33.455 -112.83 373 275 193 280 2014 7 4 16 6 6 2 63
23 55 57 33.479 -112.96 380 282 211 280 2014 7 4 16 7 6 2 63
23 55 57 33.498 -113.06 385 282 226 280 2014 7 4 16 8 6 2 63
23 55 57 33.533 -113.24 398 283 247 280 2014 7 4 16 9 6 2 63
23 55 57 33.554 -113.34 406 283 258 280 2014 7 4 16 10 6 2 63
23 55 57 33.586 -113.51 412 282 278 280 2014 7 4 16 11 6 2 90
23 55 57 33.612 -113.65 431 282 280 280 2014 7 4 16 12 15 2 90
23 55 57 33.633 -113.8 447 281 280 280 2014 7 4 16 13 15 2 90
23 55 57 33.645 -113.9 440 278 280 280 2014 7 4 16 14 6 2 90
23 55 57 33.661 -114.04 428 277 280 240 2014 7 4 16 15 16 1 39
23 55 57 33.684 -114.21 429 278 280 240 2014 7 4 16 16 6 1 39
23 55 57 33.7 -114.36 435 277 280 240 2014 7 4 16 17 15 1 39
23 55 57 33.718 -114.5 434 278 280 100 2014 7 4 16 18 6 1 39
23 55 57 33.723 -114.53 434 278 280 110 2014 7 4 16 19 15 1 39
23 55 57 33.739 -114.68 429 278 280 110 2014 7 4 16 20 6 1 39
23 55 57 33.759 -114.85 431 278 263 110 2014 7 4 16 21 6 1 39
23 55 57 33.775 -114.99 430 277 241 110 2014 7 4 16 22 16 1 39
23 55 57 33.789 -115.12 420 278 219 110 2014 7 4 16 23 6 1 27
23 55 57 33.801 -115.26 401 277 197 110 2014 7 4 16 24 15 1 27
23 55 57 33.817 -115.39 399 277 177 110 2014 7 4 16 25 15 1 27
23 55 57 33.842 -115.52 400 277 157 110 2014 7 4 16 26 15 1 27
23 55 57 33.9 -115.72 383 284 129 110 2014 7 4 16 27 6 1 27
23 55 57 33.917 -115.85 367 284 113 110 2014 7 4 16 28 16 1 27
23 55 57 33.9 -115.97 331 265 110 110 2014 7 4 16 29 6 1 27
23 55 57 33.9 -116.07 298 266 97 110 2014 7 4 16 30 16 1 4
23 55 57 33.894 -116.11 322 270 88 110 2014 7 4 16 31 6 1 4
23 55 57 33.883 -116.25 283 265 64 110 2014 7 4 16 32 16 1 4
23 55 57 33.88 -116.31 296 270 60 110 2014 7 4 16 33 6 1 4
23 55 57 33.867 -116.42 210 270 36 110 2014 7 4 16 34 16 1 4
23 55 57 33.883 -116.47 158 261 26 110 2014 7 4 16 35 15 1 4
23 55 57 33.883 -116.47 158 261 26 110 2014 7 4 16 36 6 1 4
23 55 57 33.883 -116.53 147 291 15 110 2014 7 4 16 37 16 1 4
24 55 57 33.436 -112.01 156 0 11 280 2014 7 4 19 41 6 2 79
24 55 57 33.383 -112.2 274 251 62 280 2014 7 4 19 43 16 2 79
24 55 57 33.383 -112.28 298 261 89 280 2014 7 4 19 44 16 2 79
24 55 57 33.388 -112.33 303 276 100 280 2014 7 4 19 45 16 2 79
24 55 57 33.403 -112.45 319 279 119 280 2014 7 4 19 46 6 2 79
24 55 57 33.423 -112.59 355 280 149 280 2014 7 4 19 47 16 2 79
24 55 57 33.44 -112.71 364 278 172 280 2014 7 4 19 48 6 2 79
24 55 57 33.456 -112.83 369 279 193 280 2014 7 4 19 49 6 2 63
24 55 57 33.48 -112.96 380 282 210 280 2014 7 4 19 50 16 2 63
24 55 57 33.505 -113.09 389 283 225 280 2014 7 4 19 51 6 2 63
24 55 57 33.53 -113.22 401 283 241 280 2014 7 4 19 52 15 2 63
24 55 57 33.556 -113.35 414 282 257 280 2014 7 4 19 53 16 2 63
24 55 57 33.588 -113.52 421 283 271 280 2014 7 4 19 54 15 2 90
24 55 57 33.615 -113.66 437 282 280 280 2014 7 4 19 55 15 2 90
24 55 57 33.643 -113.81 454 282 280 280 2014 7 4 19 56 15 2 90
24 55 57 33.671 -113.97 469 282 280 280 2014 7 4 19 57 15 2 90
24 55 57 33.7 -114.12 475 282 280 240 2014 7 4 19 58 6 1 39
24 55 57 33.72 -114.24 473 282 280 240 2014 7 4 19 59 15 1 39
24 55 57 33.745 -114.39 469 282 280 240 2014 7 4 20 0 6 1 39
24 55 57 33.775 -114.57 468 282 280 110 2014 7 4 20 1 6 1 39
24 55 57 33.778 -114.61 467 281 279 110 2014 7 4 20 2 6 1 39
24 55 57 33.788 -114.76 466 275 260 110 2014 7 4 20 3 15 1 39
24 55 57 33.804 -115.06 450 274 221 110 2014 7 4 20 4 15 1 27
24 55 57 33.807 -115.21 450 271 221 110 2014 7 4 20 5 16 1 27
24 55 57 33.813 -115.21 449 273 201 110 2014 7 4 20 6 6 1 27
24 55 57 33.822 -115.39 447 273 177 110 2014 7 4 20 7 16 1 27
24 55 57 33.848 -115.53 442 273 157 110 2014 7 4 20 8 16 1 27
24 55 57 33.89 -115.66 422 274 137 110 2014 7 4 20 9 16 1 27
24 55 57 33.917 -115.83 392 287 111 110 2014 7 4 20 10 6 1 27
24 55 57 33.9 -115.95 317 265 105 110 2014 7 4 20 11 15 1 27
24 55 57 33.9 -116.03 298 266 91 110 2014 7 4 20 12 6 1 4
24 55 57 33.9 -116.13 286 269 75 110 2014 7 4 20 13 15 1 4
24 55 57 33.901 -116.22 297 269 60 110 2014 7 4 20 14 16 1 4
24 55 57 33.9 -116.32 229 271 53 110 2014 7 4 20 15 16 1 4
24 55 57 33.9 -116.38 223 269 44 110 2014 7 4 20 16 6 1 4
24 55 57 33.9 -116.45 204 268 40 110 2014 7 4 20 17 6 1 4
24 55 57 33.9 -116.52 184 270 27 110 2014 7 4 20 18 6 1 4
24 55 57 33.867 -116.53 158 270 14 110 2014 7 4 20 19 6 1 4
25 55 57 33.42 -112.07 201 67 30 260 2014 7 4 20 59 16 2 79
25 55 57 33.396 -112.14 223 97 52 260 2014 7 4 21 0 15 2 79
25 55 57 33.369 -112.22 253 247 71 260 2014 7 4 21 1 16 2 79
25 55 57 33.367 -112.32 288 246 95 260 2014 7 4 21 2 15 2 79
25 55 57 33.369 -112.33 286 269 95 260 2014 7 4 21 3 6 2 79
25 55 57 33.386 -112.43 302 283 115 260 2014 7 4 21 4 15 2 79
25 55 57 33.405 -112.54 320 281 131 260 2014 7 4 21 5 15 2 79
25 55 57 33.425 -112.65 345 281 146 260 2014 7 4 21 6 6 2 79
25 55 57 33.445 -112.77 361 281 161 260 2014 7 4 21 7 6 2 79
25 55 57 33.466 -112.89 361 282 177 260 2014 7 4 21 8 6 2 63
25 55 57 33.494 -113.03 366 283 189 260 2014 7 4 21 9 18 2 63
25 55 57 33.517 -113.15 380 282 199 260 2014 7 4 21 10 15 2 63
25 55 57 33.541 -113.28 381 283 209 260 2014 7 4 21 11 6 2 63
25 55 57 33.565 -113.4 389 283 217 260 2014 7 4 21 12 16 2 63
25 55 57 33.589 -113.53 392 282 227 260 2014 7 4 21 13 6 2 63
25 55 57 33.614 -113.66 395 282 237 260 2014 7 4 21 14 15 2 63
25 55 57 33.635 -113.79 398 280 247 260 2014 7 4 21 15 15 2 63
25 55 57 33.64 -113.95 399 272 256 260 2014 7 4 21 16 16 2 63
25 55 57 33.664 -114.09 412 279 260 260 2014 7 4 21 17 16 1 39
25 55 57 33.686 -114.23 426 282 260 260 2014 7 4 21 18 6 1 39
25 55 57 33.709 -114.37 438 281 260 260 2014 7 4 21 19 6 1 39
25 55 57 33.733 -114.52 442 281 260 260 2014 7 4 21 20 16 1 39
25 55 57 33.754 -114.66 442 280 257 260 2014 7 4 21 21 15 1 39
25 55 57 33.778 -114.8 442 280 246 260 2014 7 4 21 22 6 1 39
25 55 57 33.799 -114.98 440 280 226 260 2014 7 4 21 23 6 1 27
25 55 57 33.814 -115.12 423 279 207 260 2014 7 4 21 24 6 1 27
25 55 57 33.829 -115.25 400 278 188 260 2014 7 4 21 25 15 1 27
25 55 57 33.843 -115.38 400 277 169 260 2014 7 4 21 26 15 1 27
25 55 57 33.856 -115.51 393 277 150 260 2014 7 4 21 27 16 1 27
25 55 57 33.87 -115.63 381 277 131 260 2014 7 4 21 28 6 1 27
25 55 57 33.886 -115.78 372 277 116 260 2014 7 4 21 29 6 1 27
25 55 57 33.898 -115.89 362 279 109 260 2014 7 4 21 30 6 1 27
25 55 57 33.898 -115.99 341 270 99 260 2014 7 4 21 31 6 1 4
25 55 57 33.897 -116.09 314 270 89 260 2014 7 4 21 32 15 1 4
25 55 57 33.9 -116.18 293 270 79 260 2014 7 4 21 33 6 1 4
25 55 57 33.901 -116.27 279 270 72 260 2014 7 4 21 34 6 1 4
25 55 57 33.906 -116.35 262 270 59 260 2014 7 4 21 35 18 1 4
25 55 57 33.917 -116.4 242 273 52 260 2014 7 4 21 36 6 1 4
25 55 57 33.917 -116.48 219 286 43 260 2014 7 4 21 37 16 1 4
25 55 57 33.917 -116.55 200 275 31 260 2014 7 4 21 38 16 1 4
25 55 57 33.867 -116.55 155 270 15 260 2014 7 4 21 39 16 1 4
26 55 57 33.433 -112.03 164 0 17 260 2014 7 4 22 39 15 2 79
26 55 57 33.42 -112.07 178 252 29 260 2014 7 4 22 40 15 2 79
26 55 57 33.395 -112.14 220 247 45 260 2014 7 4 22 41 6 2 79
26 55 57 33.377 -112.22 266 252 64 260 2014 7 4 22 42 15 2 79
26 55 57 33.392 -112.34 288 278 93 260 2014 7 4 22 43 16 2 79
26 55 57 33.404 -112.44 300 277 106 260 2014 7 4 22 44 15 2 79
26 55 57 33.415 -112.52 337 278 119 260 2014 7 4 22 45 6 2 79
26 55 57 33.434 -112.67 347 279 142 260 2014 7 4 22 46 16 2 79
26 55 57 33.448 -112.78 350 277 160 260 2014 7 4 22 47 15 2 79
26 55 57 33.468 -112.9 357 280 170 260 2014 7 4 22 48 15 2 63
26 55 57 33.49 -113.02 367 283 183 260 2014 7 4 22 49 15 2 63
26 55 57 33.519 -113.17 380 282 197 260 2014 7 4 22 50 6 2 63
26 55 57 33.542 -113.29 381 283 209 260 2014 7 4 22 51 6 2 63
26 55 57 33.577 -113.41 384 283 216 260 2014 7 4 22 52 15 2 63
26 55 57 33.64 -113.52 401 304 222 260 2014 7 4 22 53 6 2 63
26 55 57 33.688 -113.61 404 304 230 260 2014 7 4 22 54 6 2 63
26 55 57 33.767 -113.74 404 304 243 260 2014 7 4 22 55 15 2 63
26 55 57 33.821 -113.86 403 302 252 260 2014 7 4 22 56 16 2 63
26 55 57 33.852 -113.95 399 298 259 260 2014 7 4 22 57 6 2 63
26 55 57 33.894 -114.08 402 291 260 260 2014 7 4 22 58 6 1 42
26 55 57 33.961 -114.27 426 292 260 260 2014 7 4 22 59 16 1 42
26 55 57 34.008 -114.41 434 292 260 260 2014 7 4 23 0 16 1 42
26 55 57 34.045 -114.52 441 292 260 260 2014 7 4 23 1 16 1 42
26 55 57 34.053 -114.54 436 292 260 260 2014 7 4 23 2 6 1 42
26 55 57 34.102 -114.68 445 291 260 260 2014 7 4 23 3 15 1 42
26 55 57 34.151 -114.82 446 292 260 260 2014 7 4 23 4 6 1 42
26 55 57 34.202 -114.96 450 293 260 260 2014 7 4 23 5 6 1 42
26 55 57 34.204 -115.1 454 293 260 260 2014 7 4 23 6 6 1 42
26 55 57 34.074 -115.39 446 256 251 110 2014 7 4 23 7 15 1 42
26 55 57 34.074 -115.39 446 256 251 110 2014 7 4 23 8 6 1 42
26 55 57 34.02 -115.53 458 241 233 110 2014 7 4 23 9 6 1 27
26 55 57 33.95 -115.77 437 247 173 110 2014 7 4 23 10 16 1 27
26 55 57 33.917 -115.88 424 251 139 110 2014 7 4 23 11 15 1 27
26 55 57 33.9 -116.02 386 254 109 110 2014 7 4 23 12 16 1 27
26 55 57 33.883 -116.13 310 260 99 110 2014 7 4 23 13 16 1 4
26 55 57 33.867 -116.23 283 261 73 110 2014 7 4 23 14 6 1 4
26 55 57 33.867 -116.32 263 262 58 110 2014 7 4 23 15 15 1 4
26 55 57 33.867 -116.4 258 275 42 110 2014 7 4 23 16 6 1 4
