1 55 76 33.436 -112.01 156 0 11 170 2014 7 1 0 1 6 2 79
1 55 76 33.417 -112.07 207 255 30 170 2014 7 1 0 2 6 2 79
1 55 76 33.4 -112.15 263 249 52 170 2014 7 1 0 3 15 2 79
1 55 76 33.317 -112.18 289 234 81 170 2014 7 1 0 4 6 2 79
1 55 76 33.25 -112.15 302 169 104 170 2014 7 1 0 5 6 2 79
1 55 76 33.197 -112.11 301 157 124 170 2014 7 1 0 6 7 2 79
1 55 76 33.118 -112.06 320 150 148 170 2014 7 1 0 7 6 2 79
1 55 76 33.036 -112.01 335 150 169 170 2014 7 1 0 8 6 2 79
1 55 76 32.939 -111.94 393 151 170 170 2014 7 1 0 9 6 2 60
1 55 76 32.842 -111.87 418 150 166 170 2014 7 1 0 10 6 2 60
1 55 76 32.734 -111.77 398 143 154 170 2014 7 1 0 11 6 2 60
1 55 76 32.66 -111.67 388 131 144 170 2014 7 1 0 12 6 2 60
1 55 76 32.579 -111.57 371 132 132 170 2014 7 1 0 13 6 2 60
1 55 76 32.528 -111.5 361 137 125 170 2014 7 1 0 14 6 2 77
1 55 76 32.444 -111.41 347 135 113 170 2014 7 1 0 15 6 2 77
1 55 76 32.389 -111.35 346 136 105 170 2014 7 1 0 16 6 2 77
1 55 76 32.307 -111.26 338 135 100 170 2014 7 1 0 17 6 2 77
1 55 76 32.248 -111.19 308 135 92 170 2014 7 1 0 18 6 2 77
1 55 76 32.189 -111.12 295 137 79 170 2014 7 1 0 19 6 2 77
1 55 76 32.134 -111.05 284 136 73 170 2014 7 1 0 20 6 2 77
1 55 76 32.071 -110.99 262 134 59 170 2014 7 1 0 21 6 2 77
1 55 76 32.03 -110.94 265 139 49 170 2014 7 1 0 22 6 2 77
1 55 76 32.006 -110.88 223 129 48 170 2014 7 1 0 23 6 2 77
2 55 76 33.433 -112.03 147 0 20 170 2014 7 1 22 38 6 2 79
2 55 76 33.417 -112.1 210 254 36 170 2014 7 1 22 39 6 2 79
2 55 76 33.383 -112.17 257 246 56 170 2014 7 1 22 40 16 2 79
2 55 76 33.364 -112.18 262 239 66 170 2014 7 1 22 41 6 2 79
2 55 76 33.292 -112.16 281 235 88 170 2014 7 1 22 42 6 2 79
2 55 76 33.221 -112.12 290 177 111 170 2014 7 1 22 43 6 2 79
2 55 76 33.141 -112.07 323 158 131 170 2014 7 1 22 44 6 2 79
2 55 76 33.057 -112.01 336 152 155 170 2014 7 1 22 45 6 2 79
2 55 76 32.953 -111.95 349 152 170 170 2014 7 1 22 46 6 2 60
2 55 76 32.864 -111.89 364 152 170 170 2014 7 1 22 47 16 2 60
2 55 76 32.782 -111.82 363 151 163 170 2014 7 1 22 48 6 2 60
2 55 76 32.705 -111.76 348 147 151 170 2014 7 1 22 49 6 2 60
2 55 76 32.604 -111.68 348 145 138 170 2014 7 1 22 50 6 2 60
2 55 76 32.548 -111.63 347 146 128 170 2014 7 1 22 51 6 2 60
2 55 76 32.46 -111.54 338 141 107 170 2014 7 1 22 52 6 2 77
2 55 76 32.396 -111.48 307 142 95 170 2014 7 1 22 53 6 2 77
2 55 76 32.335 -111.42 287 139 80 170 2014 7 1 22 54 16 2 77
2 55 76 32.273 -111.36 289 139 80 170 2014 7 1 22 55 16 2 77
2 55 76 32.211 -111.3 289 141 78 170 2014 7 1 22 56 6 2 77
2 55 76 32.162 -111.22 295 126 65 170 2014 7 1 22 57 6 2 77
2 55 76 32.117 -111.15 293 126 60 170 2014 7 1 22 58 16 2 77
2 55 76 32.064 -111.06 282 127 58 170 2014 7 1 22 59 16 2 77
2 55 76 32.048 -110.98 257 109 45 170 2014 7 1 23 0 6 2 77
2 55 76 32.034 -110.9 255 100 44 170 2014 7 1 23 1 6 2 77
2 55 76 32.071 -110.89 168 101 38 170 2014 7 1 23 2 6 2 77
3 55 76 33.431 -112.04 159 262 22 170 2014 7 1 2 13 6 2 79
3 55 76 33.4 -112.13 249 247 44 170 2014 7 1 2 14 16 2 79
3 55 76 33.333 -112.15 281 226 69 170 2014 7 1 2 15 6 2 79
3 55 76 33.267 -112.12 291 166 92 170 2014 7 1 2 16 6 2 79
3 55 76 33.196 -112.08 302 157 110 170 2014 7 1 2 17 6 2 79
3 55 76 33.107 -112.03 353 154 126 170 2014 7 1 2 18 6 2 79
3 55 76 33.014 -111.98 365 156 148 170 2014 7 1 2 19 6 2 79
3 55 76 32.917 -111.93 380 154 167 170 2014 7 1 2 20 6 2 60
3 55 76 32.822 -111.86 400 154 170 170 2014 7 1 2 21 6 2 60
3 55 76 32.736 -111.77 408 151 170 170 2014 7 1 2 22 6 2 60
3 55 76 32.66 -111.66 413 135 168 170 2014 7 1 2 23 16 2 60
3 55 76 32.579 -111.57 414 131 159 170 2014 7 1 2 24 6 2 60
3 55 76 32.5 -111.48 396 133 149 170 2014 7 1 2 25 6 2 77
3 55 76 32.423 -111.39 386 136 139 170 2014 7 1 2 26 6 2 77
3 55 76 32.332 -111.28 387 135 121 170 2014 7 1 2 27 16 2 77
3 55 76 32.262 -111.2 369 135 106 170 2014 7 1 2 28 15 2 77
3 55 76 32.198 -111.14 316 138 97 170 2014 7 1 2 29 16 2 77
3 55 76 32.143 -111.08 294 139 81 170 2014 7 1 2 30 16 2 77
3 55 76 32.087 -111.03 246 140 80 170 2014 7 1 2 31 6 2 77
3 55 76 32.041 -110.98 221 137 80 170 2014 7 1 2 32 6 2 77
3 55 76 31.996 -110.94 213 139 80 170 2014 7 1 2 33 6 2 77
3 55 76 31.951 -110.89 213 139 80 170 2014 7 1 2 34 6 2 77
3 55 76 31.95 -110.83 209 139 70 170 2014 7 1 2 35 6 2 77
3 55 76 31.985 -110.78 196 70 63 170 2014 7 1 2 36 7 2 77
4 55 76 33.417 -112.03 76 999 17 115 2014 7 1 0 1 6 2 79
4 55 76 33.4 -112.05 152 156 24 115 2014 7 1 0 2 6 2 79
4 55 76 33.364 -112.05 158 195 38 115 2014 7 1 0 3 15 2 79
4 55 76 33.328 -112.01 167 150 50 115 2014 7 1 0 4 6 2 79
4 55 76 33.29 -111.98 168 140 61 115 2014 7 1 0 5 6 2 79
4 55 76 33.237 -111.93 194 128 60 115 2014 7 1 0 6 7 2 79
4 55 76 33.194 -111.9 193 150 71 115 2014 7 1 0 7 6 2 79
4 55 76 33.151 -111.86 189 140 82 115 2014 7 1 0 8 6 2 79
4 55 76 33.109 -111.82 189 144 93 115 2014 7 1 0 9 6 2 79
4 55 76 33.065 -111.79 190 148 104 115 2014 7 1 0 10 6 2 79
4 55 76 33.012 -111.74 193 144 113 115 2014 7 1 0 11 6 2 79
4 55 76 32.964 -111.7 209 167 113 115 2014 7 1 0 12 6 2 60
4 55 76 32.918 -111.66 209 144 113 115 2014 7 1 0 13 6 2 60
4 55 76 32.873 -111.62 202 143 114 115 2014 7 1 0 14 6 2 60
4 55 76 32.828 -111.58 202 143 114 115 2014 7 1 0 15 6 2 60
4 55 76 32.783 -111.54 202 143 114 115 2014 7 1 0 16 6 2 60
4 55 76 32.736 -111.5 202 143 113 115 2014 7 1 0 17 6 2 60
4 55 76 32.682 -111.46 202 144 113 115 2014 7 1 0 18 6 2 60
4 55 76 32.639 -111.42 202 143 115 115 2014 7 1 0 19 6 2 60
4 55 76 32.594 -111.38 201 140 115 115 2014 7 1 0 20 6 2 60
4 55 76 32.547 -111.34 200 143 115 115 2014 7 1 0 21 6 2 77
4 55 76 32.506 -111.29 200 137 115 115 2014 7 1 0 22 6 2 77
4 55 76 32.459 -111.24 202 134 106 115 2014 7 1 0 23 6 2 77
4 55 76 32.41 -111.2 201 150 98 115 2014 7 1 0 24 6 2 77
4 55 76 32.367 -111.18 200 145 91 115 2014 7 1 0 25 6 2 77
4 55 76 32.362 -111.17 201 146 91 115 2014 7 1 0 26 6 2 77
4 55 76 32.316 -111.13 200 146 90 115 2014 7 1 0 27 6 2 77
4 55 76 32.215 -111.06 209 149 78 115 2014 7 1 0 28 6 2 77
4 55 76 32.167 -111.03 206 145 66 115 2014 7 1 0 29 6 2 77
4 55 76 32.117 -110.99 198 149 46 115 2014 7 1 0 30 6 2 77
4 55 76 32.084 -110.96 161 145 41 115 2014 7 1 0 31 6 2 77
4 55 76 32.071 -110.95 199 136 45 115 2014 7 1 0 32 6 2 77
5 55 76 33.417 -112.05 125 262 34 110 2014 7 1 23 18 6 2 79
5 55 76 33.4 -112.08 134 240 47 110 2014 7 1 23 19 6 2 79
5 55 76 33.35 -112.07 169 207 60 110 2014 7 1 23 20 15 2 79
5 55 76 33.336 -112.07 176 164 60 110 2014 7 1 23 21 6 2 79
5 55 76 33.25 -112.02 221 163 59 110 2014 7 1 23 22 16 2 79
5 55 76 33.219 -112 218 150 60 110 2014 7 1 23 23 6 2 79
5 55 76 33.17 -111.96 214 91 60 110 2014 7 1 23 24 6 2 79
5 55 76 33.117 -111.94 197 158 70 110 2014 7 1 23 25 6 2 79
5 55 76 33.071 -111.93 176 154 85 110 2014 7 1 23 26 6 2 79
5 55 76 33.025 -111.92 169 165 99 110 2014 7 1 23 27 6 2 79
5 55 76 32.978 -111.92 169 169 110 110 2014 7 1 23 28 6 2 60
5 55 76 32.922 -111.91 198 173 110 110 2014 7 1 23 29 6 2 60
5 55 76 32.869 -111.89 202 175 111 110 2014 7 1 23 30 15 2 60
5 55 76 32.819 -111.84 201 169 111 110 2014 7 1 23 31 7 2 60
5 55 76 32.775 -111.8 203 148 111 110 2014 7 1 23 32 6 2 60
5 55 76 32.727 -111.75 203 139 111 110 2014 7 1 23 33 6 2 60
5 55 76 32.688 -111.71 203 141 109 110 2014 7 1 23 34 6 2 60
5 55 76 32.643 -111.67 205 140 101 110 2014 7 1 23 35 6 2 60
5 55 76 32.596 -111.63 206 140 94 110 2014 7 1 23 36 6 2 60
5 55 76 32.551 -111.59 206 144 89 110 2014 7 1 23 37 16 2 60
5 55 76 32.503 -111.53 205 138 87 110 2014 7 1 23 38 6 2 60
5 55 76 32.462 -111.49 208 137 81 110 2014 7 1 23 39 6 2 77
5 55 76 32.424 -111.43 205 133 79 110 2014 7 1 23 40 6 2 77
5 55 76 32.389 -111.49 205 232 79 110 2014 7 1 23 41 8 2 77
5 55 76 32.346 -111.33 205 133 61 110 2014 7 1 23 42 6 2 77
5 55 76 32.306 -111.28 205 131 60 110 2014 7 1 23 43 15 2 77
5 55 76 32.266 -111.23 206 132 59 110 2014 7 1 23 44 16 2 77
5 55 76 32.216 -111.17 216 132 59 110 2014 7 1 23 45 16 2 77
5 55 76 32.174 -111.11 220 130 59 110 2014 7 1 23 46 11 2 77
5 55 76 32.138 -111.06 219 127 54 110 2014 7 1 23 47 6 2 77
5 55 76 32.097 -111 219 127 55 110 2014 7 1 23 48 6 2 77
5 55 76 32.056 -110.95 221 130 53 110 2014 7 1 23 49 15 2 77
5 55 76 32.061 -110.89 204 135 45 110 2014 7 1 23 50 6 2 77
6 55 76 33.43 -112.04 159 0 23 170 2014 7 1 3 24 6 2 79
6 55 76 33.411 -112.1 202 255 34 170 2014 7 1 3 25 6 2 79
6 55 76 33.38 -112.18 267 216 57 170 2014 7 1 3 26 6 2 79
6 55 76 33.302 -112.18 290 246 80 170 2014 7 1 3 27 6 2 79
6 55 76 33.231 -112.13 290 151 80 170 2014 7 1 3 28 6 2 79
6 55 76 33.209 -112.14 294 188 93 170 2014 7 1 3 29 6 2 79
6 55 76 33.137 -112.09 300 170 118 170 2014 7 1 3 30 6 2 79
6 55 76 33.063 -112.04 309 156 140 170 2014 7 1 3 31 6 2 79
6 55 76 32.902 -111.92 348 148 170 170 2014 7 1 3 32 6 2 60
6 55 76 32.811 -111.85 389 148 170 170 2014 7 1 3 33 6 2 60
6 55 76 32.722 -111.77 389 145 170 170 2014 7 1 3 34 6 2 60
6 55 76 32.624 -111.7 412 145 169 170 2014 7 1 3 35 6 2 60
6 55 76 32.531 -111.61 396 146 150 170 2014 7 1 3 36 16 2 60
6 55 76 32.522 -111.6 400 141 148 170 2014 7 1 3 37 6 2 60
6 55 76 32.387 -111.47 358 141 121 170 2014 7 1 3 38 6 2 77
6 55 76 32.311 -111.4 333 141 107 170 2014 7 1 3 39 15 2 77
6 55 76 32.247 -111.33 303 138 90 170 2014 7 1 3 40 6 2 77
6 55 76 32.186 -111.27 296 140 73 170 2014 7 1 3 41 6 2 77
6 55 76 32.139 -111.19 292 139 57 170 2014 7 1 3 42 6 2 77
6 55 76 32.129 -111.15 307 126 54 170 2014 7 1 3 43 6 2 77
6 55 76 32.109 -111.08 276 109 48 170 2014 7 1 3 44 6 2 77
6 55 76 32.082 -111 267 104 42 170 2014 7 1 3 45 6 2 77
6 55 76 32.013 -110.92 219 138 41 170 2014 7 1 3 46 6 2 77
6 55 76 32.041 -110.87 187 130 37 170 2014 7 1 3 47 6 2 77
6 55 76 32.076 -110.89 152 84 33 170 2014 7 1 3 48 16 2 77
7 55 76 33.427 -112.04 164 0 23 170 2014 7 1 5 9 15 2 79
7 55 76 33.404 -112.11 202 244 38 170 2014 7 1 5 10 15 2 79
7 55 76 33.404 -112.11 202 244 38 170 2014 7 1 5 11 6 2 79
7 55 76 33.283 -112.15 299 234 80 170 2014 7 1 5 12 6 2 79
7 55 76 33.217 -112.12 300 163 102 170 2014 7 1 5 13 6 2 79
7 55 76 33.124 -112.05 360 153 114 170 2014 7 1 5 14 15 2 79
7 55 76 33.033 -112 364 150 136 170 2014 7 1 5 15 15 2 79
7 55 76 32.939 -111.94 379 152 154 170 2014 7 1 5 16 6 2 60
7 55 76 32.844 -111.87 391 152 169 170 2014 7 1 5 17 6 2 60
7 55 76 32.748 -111.79 424 147 169 170 2014 7 1 5 18 15 2 60
7 55 76 32.697 -111.76 428 145 169 170 2014 7 1 5 19 15 2 60
7 55 76 32.601 -111.67 412 144 170 170 2014 7 1 5 20 6 2 60
7 55 76 32.522 -111.59 394 144 150 170 2014 7 1 5 21 7 2 60
7 55 76 32.462 -111.49 377 124 121 170 2014 7 1 5 22 6 2 77
7 55 76 32.375 -111.33 338 123 98 170 2014 7 1 5 23 16 2 77
7 55 76 32.356 -111.3 313 124 91 170 2014 7 1 5 24 6 2 77
7 55 76 32.286 -111.17 288 124 73 170 2014 7 1 5 25 15 2 77
7 55 76 32.266 -111.14 261 123 69 170 2014 7 1 5 26 6 2 77
7 55 76 32.231 -111.08 217 121 57 170 2014 7 1 5 27 6 2 77
7 55 76 32.193 -111.03 207 126 43 170 2014 7 1 5 28 6 2 77
7 55 76 32.157 -110.99 176 133 34 170 2014 7 1 5 29 15 2 77
7 55 76 32.142 -110.95 214 136 37 170 2014 7 1 5 30 6 2 77
8 55 76 33.567 -111.97 80 0 35 75 2014 7 1 3 21 6 2 79
8 55 76 33.548 -111.95 80 149 35 75 2014 7 1 3 22 6 2 79
8 55 76 33.517 -111.97 87 183 44 75 2014 7 1 3 23 6 2 79
8 55 76 33.5 -111.97 78 182 48 75 2014 7 1 3 24 6 2 79
8 55 76 33.483 -111.97 79 186 52 75 2014 7 1 3 25 6 2 79
8 55 76 33.45 -111.97 84 184 57 75 2014 7 1 3 26 6 2 79
8 55 76 33.433 -111.97 97 178 60 75 2014 7 1 3 27 6 2 79
8 55 76 33.4 -111.97 119 180 61 75 2014 7 1 3 28 6 2 79
8 55 76 33.367 -111.97 123 181 59 75 2014 7 1 3 29 6 2 79
8 55 76 33.333 -111.97 112 174 60 75 2014 7 1 3 30 6 2 79
8 55 76 33.3 -111.95 111 163 59 75 2014 7 1 3 31 6 2 79
8 55 76 33.283 -111.93 111 158 61 75 2014 7 1 3 32 6 2 79
8 55 76 33.25 -111.92 96 148 65 75 2014 7 1 3 33 6 2 79
8 55 76 33.233 -111.9 93 134 69 75 2014 7 1 3 34 6 2 79
8 55 76 33.217 -111.88 86 139 73 75 2014 7 1 3 35 6 2 79
8 55 76 33.2 -111.87 89 140 75 75 2014 7 1 3 36 16 2 79
8 55 76 33.183 -111.83 105 143 76 75 2014 7 1 3 37 6 2 79
8 55 76 33.156 -111.83 113 143 75 75 2014 7 1 3 38 6 2 79
8 55 76 33.131 -111.81 109 140 76 75 2014 7 1 3 39 15 2 79
8 55 76 33.108 -111.78 109 157 75 75 2014 7 1 3 40 6 2 79
8 55 76 33.084 -111.76 108 120 76 75 2014 7 1 3 41 6 2 79
8 55 76 33.057 -111.74 108 143 75 75 2014 7 1 3 42 6 2 79
8 55 76 33.03 -111.72 108 157 75 75 2014 7 1 3 43 6 2 79
8 55 76 33.006 -111.7 108 144 75 75 2014 7 1 3 44 6 2 79
8 55 76 32.982 -111.67 108 147 75 75 2014 7 1 3 45 6 2 79
8 55 76 32.958 -111.65 109 143 75 75 2014 7 1 3 46 6 2 60
8 55 76 32.932 -111.63 112 141 75 75 2014 7 1 3 47 6 2 60
8 55 76 32.908 -111.61 109 143 75 75 2014 7 1 3 48 16 2 60
8 55 76 32.879 -111.58 109 144 75 75 2014 7 1 3 49 6 2 60
8 55 76 32.853 -111.56 109 144 75 75 2014 7 1 3 50 6 2 60
8 55 76 32.829 -111.54 113 144 74 75 2014 7 1 3 51 6 2 60
8 55 76 32.803 -111.52 113 144 74 75 2014 7 1 3 52 6 2 60
8 55 76 32.806 -111.52 109 143 74 75 2014 7 1 3 53 6 2 60
8 55 76 32.782 -111.49 109 139 74 75 2014 7 1 3 54 6 2 60
8 55 76 32.738 -111.44 109 137 74 75 2014 7 1 3 55 15 2 60
8 55 76 32.738 -111.44 109 137 74 75 2014 7 1 3 56 6 2 60
8 55 76 32.707 -111.42 109 137 76 75 2014 7 1 3 57 6 2 60
8 55 76 32.661 -111.37 111 137 76 75 2014 7 1 3 58 6 2 60
8 55 76 32.639 -111.35 108 136 76 75 2014 7 1 3 59 6 2 60
8 55 76 32.618 -111.32 110 135 77 75 2014 7 1 4 0 6 2 60
8 55 76 32.618 -111.32 109 136 77 75 2014 7 1 4 1 6 2 60
8 55 76 32.594 -111.3 110 138 76 75 2014 7 1 4 2 16 2 60
8 55 76 32.569 -111.27 114 131 77 75 2014 7 1 4 3 6 2 60
8 55 76 32.546 -111.25 112 149 76 75 2014 7 1 4 4 6 2 60
8 55 76 32.513 -111.22 112 147 75 75 2014 7 1 4 5 6 2 77
8 55 76 32.484 -111.21 117 153 75 75 2014 7 1 4 6 6 2 77
8 55 76 32.439 -111.17 111 148 75 75 2014 7 1 4 7 15 2 77
8 55 76 32.411 -111.16 113 145 76 75 2014 7 1 4 8 16 2 77
8 55 76 32.405 -111.15 111 156 76 75 2014 7 1 4 9 6 2 77
8 55 76 32.375 -111.14 111 162 76 75 2014 7 1 4 10 6 2 77
8 55 76 32.325 -111.14 111 168 76 75 2014 7 1 4 11 6 2 77
8 55 76 32.294 -111.13 112 177 75 75 2014 7 1 4 12 6 2 77
8 55 76 32.259 -111.12 113 169 72 75 2014 7 1 4 13 6 2 77
8 55 76 32.233 -111.1 115 159 69 75 2014 7 1 4 14 6 2 77
8 55 76 32.207 -111.07 119 139 63 75 2014 7 1 4 15 6 2 77
8 55 76 32.197 -111.06 116 140 60 75 2014 7 1 4 16 6 2 77
8 55 76 32.17 -111.03 121 140 52 75 2014 7 1 4 17 6 2 77
8 55 76 32.147 -111 121 137 44 75 2014 7 1 4 18 6 2 77
8 55 76 32.125 -110.98 121 132 40 75 2014 7 1 4 19 6 2 77
8 55 76 32.09 -110.93 99 129 33 75 2014 7 1 4 20 16 2 77
8 55 76 32.09 -110.93 99 129 33 75 2014 7 1 4 21 6 2 77
8 55 76 32.104 -110.93 76 133 28 75 2014 7 1 4 22 6 2 77
9 55 76 32.144 -110.98 72 322 42 75 2014 7 1 4 35 6 2 77
9 55 76 32.175 -110.99 69 334 52 75 2014 7 1 4 36 6 2 77
9 55 76 32.195 -111.01 69 326 59 75 2014 7 1 4 37 15 2 77
9 55 76 32.213 -111.02 71 331 64 75 2014 7 1 4 38 15 2 77
9 55 76 32.232 -111.04 81 327 66 75 2014 7 1 4 39 6 2 77
9 55 76 32.252 -111.05 81 332 66 75 2014 7 1 4 40 6 2 77
9 55 76 32.275 -111.06 90 331 66 75 2014 7 1 4 41 6 2 77
9 55 76 32.3 -111.08 98 325 65 75 2014 7 1 4 42 6 2 77
9 55 76 32.325 -111.1 103 327 66 75 2014 7 1 4 43 15 2 77
9 55 76 32.351 -111.13 104 326 66 75 2014 7 1 4 44 16 2 77
9 55 76 32.372 -111.14 103 328 66 75 2014 7 1 4 45 16 2 77
9 55 76 32.372 -111.14 103 328 66 75 2014 7 1 4 46 6 2 77
9 55 76 32.395 -111.16 103 324 65 75 2014 7 1 4 47 6 2 77
9 55 76 32.439 -111.2 103 319 66 75 2014 7 1 4 48 16 2 77
9 55 76 32.462 -111.22 103 324 66 75 2014 7 1 4 49 15 2 77
9 55 76 32.486 -111.24 103 325 65 75 2014 7 1 4 50 16 2 77
9 55 76 32.509 -111.26 103 325 66 75 2014 7 1 4 51 6 2 77
9 55 76 32.486 -111.24 103 145 66 75 2014 7 1 4 52 6 2 77
9 55 76 32.536 -111.29 103 319 66 75 2014 7 1 4 53 6 2 77
9 55 76 32.561 -111.3 103 322 66 75 2014 7 1 4 54 16 2 60
9 55 76 32.584 -111.32 103 325 66 75 2014 7 1 4 55 15 2 60
9 55 76 32.608 -111.34 103 327 66 75 2014 7 1 4 56 6 2 60
9 55 76 32.66 -111.38 104 329 65 75 2014 7 1 4 57 16 2 60
9 55 76 32.66 -111.38 104 329 65 75 2014 7 1 4 58 6 2 60
9 55 76 32.686 -111.4 104 328 64 75 2014 7 1 4 59 6 2 60
9 55 76 32.71 -111.41 104 328 63 75 2014 7 1 5 0 6 2 60
9 55 76 32.731 -111.43 99 331 65 75 2014 7 1 5 1 15 2 60
9 55 76 32.752 -111.45 99 325 65 75 2014 7 1 5 2 15 2 60
9 55 76 32.777 -111.47 100 323 64 75 2014 7 1 5 3 16 2 60
9 55 76 32.802 -111.49 105 324 64 75 2014 7 1 5 4 15 2 60
9 55 76 32.85 -111.53 102 325 65 75 2014 7 1 5 5 15 2 60
9 55 76 32.867 -111.53 104 331 65 75 2014 7 1 5 6 6 2 60
9 55 76 32.9 -111.55 108 332 65 75 2014 7 1 5 7 6 2 60
9 55 76 32.917 -111.58 108 331 65 75 2014 7 1 5 8 6 2 60
9 55 76 32.933 -111.6 102 314 65 75 2014 7 1 5 9 15 2 60
9 55 76 32.967 -111.62 101 317 66 75 2014 7 1 5 10 15 2 60
9 55 76 32.983 -111.65 106 317 65 75 2014 7 1 5 11 6 2 79
9 55 76 33 -111.67 112 321 61 75 2014 7 1 5 12 6 2 79
9 55 76 33.033 -111.7 108 316 60 75 2014 7 1 5 13 6 2 79
9 55 76 33.05 -111.72 103 318 60 75 2014 7 1 5 14 15 2 79
9 55 76 33.067 -111.73 102 317 61 75 2014 7 1 5 15 15 2 79
9 55 76 33.1 -111.77 108 318 60 75 2014 7 1 5 16 6 2 79
9 55 76 33.117 -111.78 110 313 60 75 2014 7 1 5 17 6 2 79
9 55 76 33.133 -111.82 108 311 60 75 2014 7 1 5 18 15 2 79
9 55 76 33.15 -111.85 107 308 61 75 2014 7 1 5 19 15 2 79
9 55 76 33.167 -111.88 113 304 59 75 2014 7 1 5 20 6 2 79
9 55 76 33.2 -111.9 114 316 59 75 2014 7 1 5 21 7 2 79
9 55 76 33.217 -111.92 113 319 58 75 2014 7 1 5 22 6 2 79
9 55 76 33.233 -111.95 109 317 55 75 2014 7 1 5 23 16 2 79
9 55 76 33.267 -111.97 121 326 49 75 2014 7 1 5 24 6 2 79
9 55 76 33.3 -111.97 116 353 44 75 2014 7 1 5 25 15 2 79
9 55 76 33.333 -111.97 107 1 45 75 2014 7 1 5 26 6 2 79
9 55 76 33.367 -111.97 97 1 46 75 2014 7 1 5 27 6 2 79
9 55 76 33.383 -111.97 104 357 45 75 2014 7 1 5 28 6 2 79
9 55 76 33.417 -111.97 100 358 45 75 2014 7 1 5 29 15 2 79
9 55 76 33.45 -111.97 100 5 45 75 2014 7 1 5 30 6 2 79
9 55 76 33.467 -111.97 104 10 45 75 2014 7 1 5 31 15 2 79
9 55 76 33.491 -111.96 103 0 44 75 2014 7 1 5 32 7 2 79
9 55 76 33.467 -111.94 103 147 44 75 2014 7 1 5 33 15 2 79
9 55 76 33.443 -111.92 103 147 44 75 2014 7 1 5 34 6 2 79
9 55 76 33.419 -111.9 103 147 44 75 2014 7 1 5 35 15 2 79
9 55 76 33.394 -111.89 103 147 44 75 2014 7 1 5 36 6 2 79
9 55 76 33.37 -111.87 103 147 44 75 2014 7 1 5 37 15 2 79
9 55 76 33.346 -111.85 103 147 44 75 2014 7 1 5 38 15 2 79
9 55 76 33.322 -111.83 103 147 44 75 2014 7 1 5 39 15 2 79
9 55 76 33.298 -111.81 103 147 44 75 2014 7 1 5 40 15 2 79
9 55 76 33.273 -111.79 103 147 44 75 2014 7 1 5 41 15 2 79
9 55 76 33.249 -111.78 103 147 44 75 2014 7 1 5 42 6 2 79
9 55 76 33.225 -111.76 103 147 44 75 2014 7 1 5 43 16 2 79
9 55 76 33.201 -111.74 103 147 44 75 2014 7 1 5 44 15 2 79
9 55 76 33.177 -111.72 103 147 44 75 2014 7 1 5 45 16 2 79
9 55 76 33.153 -111.7 103 147 44 75 2014 7 1 5 46 6 2 79
9 55 76 33.128 -111.69 103 147 44 75 2014 7 1 5 47 16 2 79
9 55 76 33.104 -111.67 103 148 44 75 2014 7 1 5 48 6 2 79
9 55 76 33.08 -111.65 103 148 44 75 2014 7 1 5 49 6 2 79
9 55 76 33.056 -111.63 103 148 44 75 2014 7 1 5 50 15 2 79
9 55 76 33.031 -111.61 103 148 44 75 2014 7 1 5 51 6 2 79
9 55 76 33.007 -111.6 103 148 44 75 2014 7 1 5 52 15 2 79
9 55 76 32.983 -111.58 103 148 44 75 2014 7 1 5 53 15 2 79
9 55 76 32.959 -111.56 103 148 44 75 2014 7 1 5 54 15 2 60
9 55 76 32.934 -111.54 103 148 44 75 2014 7 1 5 55 6 2 60
9 55 76 32.91 -111.52 103 148 44 75 2014 7 1 5 56 6 2 60
9 55 76 32.886 -111.51 103 148 44 75 2014 7 1 5 57 15 2 60
9 55 76 32.862 -111.49 103 148 44 75 2014 7 1 5 58 16 2 60
9 55 76 32.837 -111.47 103 148 44 75 2014 7 1 5 59 6 2 60
9 55 76 32.813 -111.45 103 148 44 75 2014 7 1 6 0 8 2 60
9 55 76 32.789 -111.43 103 148 44 75 2014 7 1 6 1 6 2 60
9 55 76 32.765 -111.42 103 148 44 75 2014 7 1 6 2 15 2 60
9 55 76 32.741 -111.4 103 148 44 75 2014 7 1 6 3 6 2 60
9 55 76 32.716 -111.38 103 148 44 75 2014 7 1 6 4 15 2 60
9 55 76 32.692 -111.36 103 148 44 75 2014 7 1 6 5 6 2 60
9 55 76 32.668 -111.34 103 148 44 75 2014 7 1 6 6 6 2 60
9 55 76 32.643 -111.33 103 148 44 75 2014 7 1 6 7 16 2 60
9 55 76 32.619 -111.31 103 148 44 75 2014 7 1 6 8 6 2 60
9 55 76 32.595 -111.29 103 148 44 75 2014 7 1 6 9 6 2 60
9 55 76 32.571 -111.27 103 148 44 75 2014 7 1 6 10 15 2 60
9 55 76 32.546 -111.26 103 148 44 75 2014 7 1 6 11 6 2 60
9 55 76 32.522 -111.24 103 148 44 75 2014 7 1 6 12 16 2 77
9 55 76 32.498 -111.22 103 148 44 75 2014 7 1 6 13 6 2 77
9 55 76 32.474 -111.2 103 148 44 75 2014 7 1 6 14 16 2 77
9 55 76 32.449 -111.18 103 148 44 75 2014 7 1 6 15 6 2 77
9 55 76 32.425 -111.17 103 148 44 75 2014 7 1 6 16 6 2 77
9 55 76 32.401 -111.15 103 148 44 75 2014 7 1 6 17 6 2 77
9 55 76 32.376 -111.13 103 148 44 75 2014 7 1 6 18 16 2 77
9 55 76 32.352 -111.11 103 148 44 75 2014 7 1 6 19 16 2 77
9 55 76 32.328 -111.09 103 148 44 75 2014 7 1 6 20 6 2 77
9 55 76 32.303 -111.08 103 148 44 75 2014 7 1 6 21 6 2 77
9 55 76 32.279 -111.06 103 148 44 75 2014 7 1 6 22 6 2 77
9 55 76 32.255 -111.04 103 148 44 75 2014 7 1 6 23 6 2 77
9 55 76 32.231 -111.02 103 148 44 75 2014 7 1 6 24 16 2 77
9 55 76 32.206 -111.01 103 148 44 75 2014 7 1 6 25 6 2 77
9 55 76 32.182 -110.99 103 148 44 75 2014 7 1 6 26 6 2 77
9 55 76 32.157 -110.97 103 148 44 75 2014 7 1 6 27 15 2 77
10 55 76 33.436 -112.01 156 0 11 170 2014 7 1 6 2 15 2 79
10 55 76 33.383 -112.15 268 249 49 170 2014 7 1 6 4 15 2 79
10 55 76 33.343 -112.18 289 241 67 170 2014 7 1 6 5 6 2 79
10 55 76 33.266 -112.16 293 219 95 170 2014 7 1 6 6 6 2 79
10 55 76 33.193 -112.11 294 182 119 170 2014 7 1 6 7 16 2 79
10 55 76 33.117 -112.06 306 157 145 170 2014 7 1 6 8 6 2 79
10 55 76 33.039 -112.01 318 151 167 170 2014 7 1 6 9 6 2 79
10 55 76 32.949 -111.95 374 151 169 170 2014 7 1 6 10 15 2 60
10 55 76 32.855 -111.88 396 151 169 170 2014 7 1 6 11 6 2 60
10 55 76 32.766 -111.81 393 149 169 170 2014 7 1 6 12 16 2 60
10 55 76 32.66 -111.72 391 141 168 170 2014 7 1 6 13 6 2 60
10 55 76 32.57 -111.65 390 146 165 170 2014 7 1 6 14 16 2 60
10 55 76 32.505 -111.55 390 127 165 170 2014 7 1 6 15 6 2 60
10 55 76 32.44 -111.44 390 127 165 170 2014 7 1 6 16 6 2 77
10 55 76 32.431 -111.42 343 129 127 170 2014 7 1 6 17 6 2 77
10 55 76 32.338 -111.26 295 125 100 170 2014 7 1 6 18 16 2 77
10 55 76 32.3 -111.19 276 119 86 170 2014 7 1 6 19 16 2 77
10 55 76 32.3 -111.19 276 119 86 170 2014 7 1 6 20 6 2 77
10 55 76 32.268 -111.11 268 120 66 170 2014 7 1 6 21 6 2 77
10 55 76 32.222 -111.06 252 134 51 170 2014 7 1 6 22 6 2 77
10 55 76 32.184 -111.01 220 134 41 170 2014 7 1 6 23 6 2 77
10 55 76 32.148 -110.97 208 135 38 170 2014 7 1 6 24 16 2 77
11 55 76 33.433 -111.98 156 0 23 170 2014 7 1 14 40 15 2 79
11 55 76 33.433 -111.95 190 97 42 170 2014 7 1 14 41 10 2 79
11 55 76 33.433 -111.87 242 86 72 170 2014 7 1 14 42 6 2 79
11 55 76 33.4 -111.8 250 112 100 170 2014 7 1 14 43 6 2 79
11 55 76 33.344 -111.77 279 120 119 170 2014 7 1 14 44 6 2 79
11 55 76 33.253 -111.85 334 154 154 170 2014 7 1 14 45 6 2 79
11 55 76 33.159 -111.87 354 192 170 170 2014 7 1 14 46 6 2 79
11 55 76 33.044 -111.89 417 204 170 170 2014 7 1 14 47 6 2 79
11 55 76 32.931 -111.85 423 188 169 170 2014 7 1 14 48 6 2 60
11 55 76 32.832 -111.78 421 176 169 170 2014 7 1 14 49 6 2 60
11 55 76 32.746 -111.69 418 156 160 170 2014 7 1 14 50 15 2 60
11 55 76 32.638 -111.56 398 135 145 170 2014 7 1 14 51 7 2 60
11 55 76 32.552 -111.46 387 133 128 170 2014 7 1 14 52 15 2 77
11 55 76 32.502 -111.4 389 135 118 170 2014 7 1 14 53 16 2 77
11 55 76 32.421 -111.3 318 132 103 170 2014 7 1 14 54 6 2 77
11 55 76 32.365 -111.23 291 136 89 170 2014 7 1 14 55 6 2 77
11 55 76 32.312 -111.17 274 134 75 170 2014 7 1 14 56 9 2 77
11 55 76 32.262 -111.11 264 132 61 170 2014 7 1 14 57 15 2 77
11 55 76 32.216 -111.05 261 138 49 170 2014 7 1 14 58 6 2 77
11 55 76 32.176 -111 228 135 39 170 2014 7 1 14 59 6 2 77
11 55 76 32.145 -110.97 159 134 32 170 2014 7 1 15 0 6 2 77
11 55 76 32.142 -110.96 211 134 36 170 2014 7 1 15 1 6 2 77
12 55 76 33.417 -111.95 172 0 29 110 2014 7 1 14 53 16 2 79
12 55 76 33.417 -111.95 172 0 29 110 2014 7 1 14 54 6 2 79
12 55 76 33.377 -111.9 187 119 48 110 2014 7 1 14 55 6 2 79
12 55 76 33.322 -111.89 193 164 64 110 2014 7 1 14 56 9 2 79
12 55 76 33.259 -111.89 193 180 83 110 2014 7 1 14 57 15 2 79
12 55 76 33.206 -111.89 193 180 97 110 2014 7 1 14 58 6 2 79
12 55 76 33.149 -111.9 201 184 109 110 2014 7 1 14 59 6 2 79
12 55 76 33.085 -111.9 227 181 110 110 2014 7 1 15 0 6 2 79
12 55 76 33.017 -111.9 238 181 110 110 2014 7 1 15 1 6 2 79
12 55 76 32.948 -111.9 243 181 110 110 2014 7 1 15 2 16 2 60
12 55 76 32.869 -111.89 244 181 110 110 2014 7 1 15 3 6 2 60
12 55 76 32.814 -111.85 245 176 110 110 2014 7 1 15 4 15 2 60
12 55 76 32.759 -111.8 244 155 110 110 2014 7 1 15 5 6 2 60
12 55 76 32.703 -111.75 244 145 110 110 2014 7 1 15 6 6 2 60
12 55 76 32.648 -111.71 244 145 109 110 2014 7 1 15 7 6 2 60
12 55 76 32.576 -111.65 253 147 103 110 2014 7 1 15 8 6 2 60
12 55 76 32.525 -111.59 275 134 98 110 2014 7 1 15 9 6 2 60
12 55 76 32.479 -111.52 272 123 93 110 2014 7 1 15 10 6 2 77
12 55 76 32.441 -111.44 273 124 88 110 2014 7 1 15 11 6 2 77
12 55 76 32.397 -111.37 271 120 83 110 2014 7 1 15 12 6 2 77
12 55 76 32.358 -111.29 273 122 79 110 2014 7 1 15 13 15 2 77
12 55 76 32.309 -111.2 270 124 74 110 2014 7 1 15 14 6 2 77
12 55 76 32.27 -111.13 267 122 67 110 2014 7 1 15 15 16 2 77
12 55 76 32.229 -111.07 243 122 54 110 2014 7 1 15 16 6 2 77
12 55 76 32.193 -111.03 176 132 43 110 2014 7 1 15 17 6 2 77
12 55 76 32.162 -110.99 144 145 35 110 2014 7 1 15 18 16 2 77
12 55 76 32.136 -110.96 139 134 28 110 2014 7 1 15 19 6 2 77
13 55 76 33.198 -111.9 191 178 121 130 2014 7 1 16 36 6 2 79
13 55 76 33.077 -111.94 382 148 130 130 2014 7 1 16 38 6 2 79
13 55 76 32.866 -111.89 378 167 130 130 2014 7 1 16 39 16 2 60
13 55 76 32.784 -111.82 358 178 130 130 2014 7 1 16 40 16 2 60
13 55 76 32.703 -111.76 353 161 130 130 2014 7 1 16 41 6 2 60
13 55 76 32.619 -111.69 362 146 131 130 2014 7 1 16 42 6 2 60
13 55 76 32.504 -111.56 360 134 121 130 2014 7 1 16 43 6 2 60
13 55 76 32.453 -111.47 326 123 106 130 2014 7 1 16 44 6 2 77
13 55 76 32.407 -111.38 305 122 95 130 2014 7 1 16 45 16 2 77
13 55 76 32.382 -111.33 305 123 87 130 2014 7 1 16 46 6 2 77
13 55 76 32.335 -111.25 305 123 76 130 2014 7 1 16 47 6 2 77
13 55 76 32.283 -111.16 291 124 70 130 2014 7 1 16 48 16 2 77
13 55 76 32.234 -111.08 266 120 65 130 2014 7 1 16 49 6 2 77
13 55 76 32.181 -111.02 266 135 65 130 2014 7 1 16 50 16 2 77
13 55 76 32.149 -110.97 237 137 40 130 2014 7 1 16 51 6 2 77
13 55 76 32.151 -110.98 161 138 33 130 2014 7 1 16 52 6 2 77
14 55 76 33.431 -112.03 159 265 22 170 2014 7 1 19 29 16 2 79
14 55 76 33.412 -112.1 208 255 41 170 2014 7 1 19 30 16 2 79
14 55 76 33.357 -112.08 208 163 41 170 2014 7 1 19 31 6 2 79
14 55 76 33.372 -112.17 269 197 64 170 2014 7 1 19 32 6 2 79
14 55 76 33.294 -112.15 282 241 80 170 2014 7 1 19 33 6 2 79
14 55 76 33.129 -112.05 299 162 129 170 2014 7 1 19 34 16 2 79
14 55 76 33.129 -112.05 299 162 129 170 2014 7 1 19 35 6 2 79
14 55 76 33.051 -112.01 311 154 151 170 2014 7 1 19 36 6 2 79
14 55 76 32.962 -111.95 351 153 168 170 2014 7 1 19 37 16 2 60
14 55 76 32.87 -111.89 376 153 169 170 2014 7 1 19 38 16 2 60
14 55 76 32.715 -111.77 368 147 166 170 2014 7 1 19 39 16 2 60
14 55 76 32.664 -111.73 367 145 160 170 2014 7 1 19 40 16 2 60
14 55 76 32.587 -111.65 366 142 150 170 2014 7 1 19 41 6 2 60
14 55 76 32.514 -111.56 364 136 140 170 2014 7 1 19 42 6 2 60
14 55 76 32.448 -111.49 359 136 128 170 2014 7 1 19 43 16 2 77
14 55 76 32.373 -111.41 364 136 115 170 2014 7 1 19 44 6 2 77
14 55 76 32.297 -111.32 371 137 103 170 2014 7 1 19 45 6 2 77
14 55 76 32.229 -111.25 308 137 94 170 2014 7 1 19 46 6 2 77
14 55 76 32.17 -111.18 288 133 77 170 2014 7 1 19 47 7 2 77
14 55 76 32.108 -111.1 282 134 60 170 2014 7 1 19 48 15 2 77
14 55 76 32.068 -111.04 254 129 50 170 2014 7 1 19 49 16 2 77
14 55 76 32.049 -110.99 258 123 43 170 2014 7 1 19 50 6 2 77
14 55 76 32.02 -110.9 227 116 43 170 2014 7 1 19 51 6 2 77
14 55 76 32.062 -110.88 207 102 39 170 2014 7 1 19 52 6 2 77
15 55 76 33.436 -112.01 156 0 11 170 2014 7 1 18 1 6 2 79
15 55 76 33.433 -111.87 256 93 44 170 2014 7 1 18 2 15 2 79
15 55 76 33.35 -111.85 283 99 74 170 2014 7 1 18 3 6 2 79
15 55 76 33.283 -111.87 302 184 97 170 2014 7 1 18 4 6 2 79
15 55 76 33.245 -111.87 298 191 108 170 2014 7 1 18 5 6 2 79
15 55 76 33.158 -111.88 307 184 134 170 2014 7 1 18 6 9 2 79
15 55 76 33.07 -111.88 315 183 159 170 2014 7 1 18 7 16 2 79
15 55 76 32.974 -111.9 349 185 170 170 2014 7 1 18 8 6 2 60
15 55 76 32.872 -111.89 371 185 170 170 2014 7 1 18 9 6 2 60
15 55 76 32.77 -111.81 372 169 170 170 2014 7 1 18 10 6 2 60
15 55 76 32.652 -111.72 368 145 171 170 2014 7 1 18 11 6 2 60
15 55 76 32.586 -111.66 370 146 166 170 2014 7 1 18 12 16 2 60
15 55 76 32.516 -111.58 361 136 138 170 2014 7 1 18 13 16 2 60
15 55 76 32.458 -111.48 352 128 112 170 2014 7 1 18 14 6 2 77
15 55 76 32.41 -111.4 311 123 106 170 2014 7 1 18 15 6 2 77
15 55 76 32.368 -111.32 288 122 82 170 2014 7 1 18 16 6 2 77
15 55 76 32.322 -111.23 291 124 71 170 2014 7 1 18 17 6 2 77
15 55 76 32.289 -111.16 276 124 71 170 2014 7 1 18 18 6 2 77
15 55 76 32.252 -111.11 215 116 65 170 2014 7 1 18 19 6 2 77
15 55 76 32.222 -111.05 223 135 51 170 2014 7 1 18 20 6 2 77
15 55 76 32.189 -111.01 200 136 42 170 2014 7 1 18 21 12 2 77
15 55 76 32.154 -110.98 180 134 36 170 2014 7 1 18 22 6 2 77
16 55 76 33.43 -112.04 159 262 21 170 2014 7 1 21 26 6 2 79
16 55 76 33.408 -112.1 196 254 33 170 2014 7 1 21 27 6 2 79
16 55 76 33.374 -112.18 269 244 61 170 2014 7 1 21 28 16 2 79
16 55 76 33.306 -112.14 269 155 61 170 2014 7 1 21 29 6 2 79
16 55 76 33.217 -112.15 291 195 79 170 2014 7 1 21 30 15 2 79
16 55 76 33.145 -112.1 302 192 102 170 2014 7 1 21 31 6 2 79
16 55 76 33.06 -112.03 299 163 131 170 2014 7 1 21 32 16 2 79
16 55 76 32.986 -111.98 305 148 157 170 2014 7 1 21 33 16 2 60
16 55 76 32.916 -111.92 305 145 157 170 2014 7 1 21 34 6 2 60
16 55 76 32.907 -111.92 329 147 169 170 2014 7 1 21 35 16 2 60
16 55 76 32.705 -111.76 405 144 164 170 2014 7 1 21 36 6 2 60
16 55 76 32.633 -111.7 402 146 152 170 2014 7 1 21 37 6 2 60
16 55 76 32.546 -111.59 382 133 141 170 2014 7 1 21 38 16 2 60
16 55 76 32.474 -111.5 374 134 130 170 2014 7 1 21 39 6 2 77
16 55 76 32.402 -111.42 368 133 119 170 2014 7 1 21 40 6 2 77
16 55 76 32.355 -111.36 360 135 108 170 2014 7 1 21 41 6 2 77
16 55 76 32.279 -111.26 317 131 91 170 2014 7 1 21 42 6 2 77
16 55 76 32.224 -111.19 299 133 80 170 2014 7 1 21 43 15 2 77
16 55 76 32.16 -111.1 294 130 80 170 2014 7 1 21 44 16 2 77
16 55 76 32.117 -111.04 274 131 65 170 2014 7 1 21 45 16 2 77
16 55 76 32.087 -110.97 242 118 45 170 2014 7 1 21 46 12 2 77
16 55 76 32.054 -110.94 210 120 42 170 2014 7 1 21 47 6 2 77
16 55 76 32.046 -110.89 196 133 38 170 2014 7 1 21 48 6 2 77
16 55 76 32.082 -110.9 153 100 32 170 2014 7 1 21 49 16 2 77
17 55 76 33.431 -112.05 169 0 23 170 2014 7 2 2 19 15 2 79
17 55 76 33.412 -112.11 214 255 32 170 2014 7 2 2 20 6 2 79
17 55 76 33.317 -112.18 288 239 73 170 2014 7 2 2 21 15 2 79
17 55 76 33.299 -112.17 280 191 79 170 2014 7 2 2 22 15 2 79
17 55 76 33.227 -112.12 290 161 104 170 2014 7 2 2 23 15 2 79
17 55 76 33.126 -112.06 355 151 116 170 2014 7 2 2 24 6 2 79
17 55 76 33.036 -112 364 152 137 170 2014 7 2 2 25 16 2 79
17 55 76 32.944 -111.94 375 152 155 170 2014 7 2 2 26 15 2 60
17 55 76 32.859 -111.86 385 151 169 170 2014 7 2 2 27 16 2 60
17 55 76 32.772 -111.79 389 146 165 170 2014 7 2 2 28 16 2 60
17 55 76 32.688 -111.71 382 142 151 170 2014 7 2 2 29 15 2 60
17 55 76 32.606 -111.64 374 146 139 170 2014 7 2 2 30 6 2 60
17 55 76 32.524 -111.57 369 144 126 170 2014 7 2 2 31 6 2 60
17 55 76 32.45 -111.49 367 141 113 170 2014 7 2 2 32 6 2 77
17 55 76 32.352 -111.38 349 134 110 170 2014 7 2 2 33 16 2 77
17 55 76 32.285 -111.3 347 135 105 170 2014 7 2 2 34 16 2 77
17 55 76 32.224 -111.22 308 135 95 170 2014 7 2 2 35 15 2 77
17 55 76 32.156 -111.15 298 136 75 170 2014 7 2 2 36 6 2 77
17 55 76 32.123 -111.1 299 136 64 170 2014 7 2 2 37 16 2 77
17 55 76 32.076 -110.99 274 115 46 170 2014 7 2 2 38 16 2 77
17 55 76 32.084 -110.9 141 133 31 170 2014 7 2 2 41 16 2 77
18 55 76 33.433 -112.03 156 0 20 170 2014 7 2 3 41 15 2 79
18 55 76 33.427 -112.04 160 262 24 170 2014 7 2 3 42 6 2 79
18 55 76 33.383 -112.17 263 244 48 170 2014 7 2 3 43 16 2 79
18 55 76 33.3 -112.18 286 238 63 170 2014 7 2 3 44 15 2 79
18 55 76 33.292 -112.18 283 189 66 170 2014 7 2 3 45 15 2 79
18 55 76 33.221 -112.13 292 180 89 170 2014 7 2 3 46 15 2 79
18 55 76 33.146 -112.08 300 150 116 170 2014 7 2 3 47 16 2 79
18 55 76 33.058 -112.02 301 151 145 170 2014 7 2 3 48 15 2 79
18 55 76 32.981 -111.97 317 150 167 170 2014 7 2 3 49 6 2 60
18 55 76 32.901 -111.9 367 150 169 170 2014 7 2 3 50 15 2 60
18 55 76 32.808 -111.82 411 146 169 170 2014 7 2 3 51 6 2 60
18 55 76 32.715 -111.74 413 143 167 110 2014 7 2 3 52 6 2 60
18 55 76 32.601 -111.64 398 142 155 110 2014 7 2 3 53 15 2 60
18 55 76 32.542 -111.58 391 141 144 110 2014 7 2 3 54 15 2 60
18 55 76 32.449 -111.47 392 134 122 110 2014 7 2 3 55 15 2 77
18 55 76 32.372 -111.38 392 135 112 110 2014 7 2 3 56 15 2 77
18 55 76 32.297 -111.29 389 133 102 110 2014 7 2 3 57 15 2 77
18 55 76 32.239 -111.22 320 135 94 110 2014 7 2 3 58 15 2 77
18 55 76 32.179 -111.15 303 133 75 110 2014 7 2 3 59 16 2 77
18 55 76 32.123 -111.07 304 133 57 110 2014 7 2 4 0 6 2 77
18 55 76 32.067 -111 301 134 47 110 2014 7 2 4 1 6 2 77
18 55 76 32.022 -110.94 274 132 44 110 2014 7 2 4 2 16 2 77
18 55 76 31.977 -110.88 267 91 44 110 2014 7 2 4 3 15 2 77
18 55 76 32.057 -110.87 168 130 38 110 2014 7 2 4 4 15 2 77
18 55 76 32.084 -110.9 137 10 31 110 2014 7 2 4 5 15 2 77
19 55 76 33.433 -112.03 140 0 20 170 2014 7 2 3 16 16 2 79
19 55 76 33.422 -112.06 152 262 32 170 2014 7 2 3 17 15 2 79
19 55 76 33.399 -112.13 220 253 47 170 2014 7 2 3 18 15 2 79
19 55 76 33.326 -112.12 286 209 72 170 2014 7 2 3 19 15 2 79
19 55 76 33.251 -112.08 295 161 100 170 2014 7 2 3 20 6 2 79
19 55 76 33.171 -112.04 304 156 130 170 2014 7 2 3 21 15 2 79
19 55 76 33.071 -111.98 351 156 147 170 2014 7 2 3 22 15 2 79
19 55 76 32.978 -111.95 351 161 147 170 2014 7 2 3 23 6 2 60
19 55 76 32.984 -111.92 369 157 168 170 2014 7 2 3 24 6 2 60
19 55 76 32.892 -111.85 388 150 169 110 2014 7 2 3 25 6 2 60
19 55 76 32.7 -111.7 409 147 169 110 2014 7 2 3 26 15 2 60
19 55 76 32.673 -111.68 410 147 169 110 2014 7 2 3 27 6 2 60
19 55 76 32.509 -111.55 409 147 143 110 2014 7 2 3 28 15 2 60
19 55 76 32.471 -111.51 401 146 136 110 2014 7 2 3 29 15 2 77
19 55 76 32.4 -111.43 351 134 124 110 2014 7 2 3 30 16 2 77
19 55 76 32.339 -111.36 310 135 109 110 2014 7 2 3 31 16 2 77
19 55 76 32.267 -111.27 302 134 85 110 2014 7 2 3 32 15 2 77
19 55 76 32.208 -111.2 301 133 66 110 2014 7 2 3 33 6 2 77
19 55 76 32.127 -111.09 301 133 59 110 2014 7 2 3 34 16 2 77
19 55 76 32.101 -111.06 296 132 57 110 2014 7 2 3 35 6 2 77
19 55 76 32.04 -110.99 282 133 55 110 2014 7 2 3 36 6 2 77
19 55 76 32.006 -110.94 241 132 54 110 2014 7 2 3 37 15 2 77
19 55 76 32.008 -110.88 263 80 51 110 2014 7 2 3 38 16 2 77
19 55 76 32.068 -110.88 144 15 37 110 2014 7 2 3 40 15 2 77
20 55 76 33.35 -111.93 85 150 56 55 2014 7 2 4 38 15 2 79
20 55 76 33.317 -111.92 109 128 56 55 2014 7 2 4 39 15 2 79
20 55 76 33.27 -111.88 108 157 54 55 2014 7 2 4 40 15 2 79
20 55 76 33.247 -111.86 108 120 54 55 2014 7 2 4 41 15 2 79
20 55 76 33.222 -111.84 103 140 54 55 2014 7 2 4 42 15 2 79
20 55 76 33.198 -111.82 103 145 54 55 2014 7 2 4 43 15 2 79
20 55 76 33.199 -111.82 103 150 55 55 2014 7 2 4 44 15 2 79
20 55 76 33.178 -111.8 102 155 55 55 2014 7 2 4 45 15 2 79
20 55 76 33.154 -111.78 104 140 55 55 2014 7 2 4 46 7 2 79
20 55 76 33.127 -111.76 105 141 55 55 2014 7 2 4 47 16 2 79
20 55 76 33.101 -111.75 106 150 55 55 2014 7 2 4 48 15 2 79
20 55 76 33.077 -111.73 106 153 54 55 2014 7 2 4 49 15 2 79
20 55 76 33.052 -111.71 107 148 55 55 2014 7 2 4 50 15 2 79
20 55 76 33.023 -111.68 108 144 53 55 2014 7 2 4 51 15 2 79
20 55 76 32.999 -111.66 108 143 53 55 2014 7 2 4 52 15 2 79
20 55 76 32.974 -111.64 108 142 53 55 2014 7 2 4 53 15 2 60
20 55 76 32.949 -111.62 108 143 52 55 2014 7 2 4 54 15 2 60
20 55 76 32.924 -111.6 105 147 52 55 2014 7 2 4 55 7 2 60
20 55 76 32.898 -111.58 108 148 53 55 2014 7 2 4 56 15 2 60
20 55 76 32.875 -111.56 108 147 53 55 2014 7 2 4 57 15 2 60
20 55 76 32.848 -111.54 108 145 53 55 2014 7 2 4 58 15 2 60
20 55 76 32.824 -111.52 108 147 54 55 2014 7 2 4 59 16 2 60
20 55 76 32.799 -111.5 108 147 54 55 2014 7 2 5 0 15 2 60
20 55 76 32.773 -111.48 110 143 53 55 2014 7 2 5 1 15 2 60
20 55 76 32.747 -111.46 110 145 53 55 2014 7 2 5 2 15 2 60
20 55 76 32.721 -111.44 110 147 53 55 2014 7 2 5 3 6 2 60
20 55 76 32.695 -111.42 111 146 53 55 2014 7 2 5 4 15 2 60
20 55 76 32.66 -111.39 112 143 55 55 2014 7 2 5 5 15 2 60
20 55 76 32.647 -111.37 111 148 54 55 2014 7 2 5 6 6 2 60
20 55 76 32.624 -111.35 110 139 55 55 2014 7 2 5 7 15 2 60
20 55 76 32.595 -111.32 110 140 56 55 2014 7 2 5 8 15 2 60
20 55 76 32.571 -111.3 110 139 56 55 2014 7 2 5 9 15 2 60
20 55 76 32.547 -111.27 111 136 55 55 2014 7 2 5 10 15 2 60
20 55 76 32.523 -111.25 111 143 55 55 2014 7 2 5 11 15 2 77
20 55 76 32.497 -111.23 112 145 55 55 2014 7 2 5 12 15 2 77
20 55 76 32.471 -111.21 112 145 55 55 2014 7 2 5 13 15 2 77
20 55 76 32.445 -111.19 112 145 55 55 2014 7 2 5 14 15 2 77
20 55 76 32.418 -111.17 112 150 55 55 2014 7 2 5 15 15 2 77
20 55 76 32.394 -111.15 112 142 55 55 2014 7 2 5 16 15 2 77
20 55 76 32.365 -111.13 112 154 55 55 2014 7 2 5 17 15 2 77
20 55 76 32.338 -111.11 112 147 55 55 2014 7 2 5 18 15 2 77
20 55 76 32.312 -111.09 112 147 55 55 2014 7 2 5 19 15 2 77
20 55 76 32.285 -111.07 112 150 55 55 2014 7 2 5 20 15 2 77
20 55 76 32.26 -111.05 112 140 52 55 2014 7 2 5 21 6 2 77
20 55 76 32.235 -111.03 112 148 48 55 2014 7 2 5 22 15 2 77
20 55 76 32.207 -111.01 112 150 45 55 2014 7 2 5 23 15 2 77
20 55 76 32.181 -110.98 111 129 43 55 2014 7 2 5 24 6 2 77
20 55 76 32.169 -110.95 119 141 37 55 2014 7 2 5 25 15 2 77
20 55 76 32.143 -110.94 96 124 31 55 2014 7 2 5 26 15 2 77
21 55 76 33.433 -112.03 163 0 23 170 2014 7 2 6 7 15 2 79
21 55 76 33.417 -112.1 201 253 41 170 2014 7 2 6 8 15 2 79
21 55 76 33.371 -112.19 233 244 76 170 2014 7 2 6 9 15 2 79
21 55 76 33.307 -112.17 250 180 92 170 2014 7 2 6 10 15 2 79
21 55 76 33.233 -112.12 293 164 118 170 2014 7 2 6 11 15 2 79
21 55 76 33.159 -112.08 300 148 140 170 2014 7 2 6 12 15 2 79
21 55 76 33.082 -112.03 310 152 164 170 2014 7 2 6 13 15 2 79
21 55 76 33.006 -111.98 310 152 164 170 2014 7 2 6 14 15 2 79
21 55 76 33.003 -111.98 321 152 170 170 2014 7 2 6 15 15 2 79
21 55 76 32.922 -111.93 323 151 170 170 2014 7 2 6 16 15 2 60
21 55 76 32.847 -111.87 320 152 170 170 2014 7 2 6 17 15 2 60
21 55 76 32.775 -111.81 320 150 170 170 2014 7 2 6 18 15 2 60
21 55 76 32.703 -111.75 319 146 170 170 2014 7 2 6 19 15 2 60
21 55 76 32.63 -111.69 319 146 170 170 2014 7 2 6 20 15 2 60
21 55 76 32.556 -111.63 319 141 160 170 2014 7 2 6 21 15 2 60
21 55 76 32.501 -111.55 327 126 143 170 2014 7 2 6 22 15 2 60
21 55 76 32.401 -111.38 290 122 109 170 2014 7 2 6 23 15 2 77
21 55 76 32.341 -111.31 290 138 109 170 2014 7 2 6 24 15 2 77
21 55 76 32.365 -111.31 282 125 97 170 2014 7 2 6 25 15 2 77
21 55 76 32.318 -111.23 288 125 82 170 2014 7 2 6 26 6 2 77
21 55 76 32.264 -111.14 295 121 64 170 2014 7 2 6 27 16 2 77
21 55 76 32.226 -111.07 272 127 60 170 2014 7 2 6 28 15 2 77
21 55 76 32.19 -111.03 178 127 43 170 2014 7 2 6 29 15 2 77
21 55 76 32.156 -110.99 174 133 35 170 2014 7 2 6 30 15 2 77
22 55 76 33.436 -112.01 156 0 11 170 2014 7 2 5 59 15 2 79
22 55 76 33.417 -112.07 196 248 31 170 2014 7 2 6 0 6 2 79
22 55 76 33.406 -112.09 208 239 35 170 2014 7 2 6 1 6 2 79
22 55 76 33.376 -112.18 267 247 59 170 2014 7 2 6 2 16 2 79
22 55 76 33.309 -112.22 296 246 85 170 2014 7 2 6 3 6 2 79
22 55 76 33.237 -112.17 296 227 106 170 2014 7 2 6 4 15 2 79
22 55 76 33.138 -112.1 358 178 123 170 2014 7 2 6 5 15 2 79
22 55 76 33.048 -112.03 376 148 142 170 2014 7 2 6 6 6 2 79
22 55 76 32.963 -111.95 388 147 162 170 2014 7 2 6 7 15 2 60
22 55 76 32.884 -111.86 403 145 168 170 2014 7 2 6 8 15 2 60
22 55 76 32.73 -111.68 417 134 150 170 2014 7 2 6 9 15 2 60
22 55 76 32.647 -111.58 397 130 129 170 2014 7 2 6 10 15 2 60
22 55 76 32.577 -111.49 358 134 115 170 2014 7 2 6 11 15 2 60
22 55 76 32.575 -111.49 367 134 114 170 2014 7 2 6 12 15 2 60
22 55 76 32.516 -111.41 318 134 102 170 2014 7 2 6 13 15 2 77
22 55 76 32.405 -111.29 297 135 66 170 2014 7 2 6 14 15 2 77
22 55 76 32.401 -111.28 297 136 63 170 2014 7 2 6 15 15 2 77
22 55 76 32.345 -111.21 297 134 60 170 2014 7 2 6 16 15 2 77
22 55 76 32.288 -111.14 296 134 60 170 2014 7 2 6 17 15 2 77
22 55 76 32.24 -111.08 276 133 56 170 2014 7 2 6 18 15 2 77
22 55 76 32.197 -111.03 242 134 45 170 2014 7 2 6 19 15 2 77
22 55 76 32.164 -110.99 200 135 36 170 2014 7 2 6 20 15 2 77
22 55 76 32.128 -110.95 165 135 28 170 2014 7 2 6 21 15 2 77
23 55 76 33.433 -111.98 183 0 21 170 2014 7 2 16 37 6 2 79
23 55 76 33.433 -111.92 215 97 38 170 2014 7 2 16 38 6 2 79
23 55 76 33.438 -111.88 258 128 48 170 2014 7 2 16 39 6 2 79
23 55 76 33.391 -111.81 283 87 76 170 2014 7 2 16 40 16 2 79
23 55 76 33.312 -111.83 284 148 105 170 2014 7 2 16 41 6 2 79
23 55 76 33.222 -111.84 326 160 125 170 2014 7 2 16 42 6 2 79
23 55 76 33.128 -111.86 341 188 151 170 2014 7 2 16 43 6 2 79
23 55 76 33.029 -111.88 357 189 170 170 2014 7 2 16 44 6 2 79
23 55 76 32.892 -111.9 416 189 170 170 2014 7 2 16 45 6 2 60
23 55 76 32.794 -111.83 412 188 170 170 2014 7 2 16 46 6 2 60
23 55 76 32.701 -111.75 411 162 161 170 2014 7 2 16 47 6 2 60
23 55 76 32.591 -111.67 398 145 149 170 2014 7 2 16 48 16 2 60
23 55 76 32.531 -111.6 395 141 138 170 2014 7 2 16 49 6 2 60
23 55 76 32.463 -111.49 397 127 125 170 2014 7 2 16 50 6 2 77
23 55 76 32.391 -111.38 364 126 111 170 2014 7 2 16 51 6 2 77
23 55 76 32.343 -111.3 312 127 99 170 2014 7 2 16 52 6 2 77
23 55 76 32.303 -111.23 276 126 85 170 2014 7 2 16 53 6 2 77
23 55 76 32.276 -111.15 257 112 71 170 2014 7 2 16 54 6 2 77
23 55 76 32.241 -111.08 257 114 56 170 2014 7 2 16 55 6 2 77
23 55 76 32.193 -111.03 248 135 44 170 2014 7 2 16 56 6 2 77
23 55 76 32.151 -110.97 223 137 39 170 2014 7 2 16 57 6 2 77
23 55 76 32.129 -110.96 157 136 28 170 2014 7 2 16 58 6 2 77
24 55 76 33.436 -112.01 151 0 11 170 2014 7 2 14 53 6 2 79
24 55 76 33.413 -112.1 213 252 45 170 2014 7 2 14 54 7 2 79
24 55 76 33.4 -112.17 260 252 62 170 2014 7 2 14 55 16 2 79
24 55 76 33.388 -112.18 266 257 66 170 2014 7 2 14 56 6 2 79
24 55 76 33.313 -112.19 277 249 79 170 2014 7 2 14 57 16 2 79
24 55 76 33.242 -112.15 278 190 83 170 2014 7 2 14 58 6 2 79
24 55 76 33.158 -112.09 289 163 111 170 2014 7 2 14 59 6 2 79
24 55 76 33.084 -112.04 300 153 134 170 2014 7 2 15 0 6 2 79
24 55 76 33.011 -111.99 302 150 153 170 2014 7 2 15 1 6 2 79
24 55 76 32.934 -111.94 313 150 168 170 2014 7 2 15 2 6 2 60
24 55 76 32.85 -111.88 347 150 168 170 2014 7 2 15 3 16 2 60
24 55 76 32.768 -111.81 360 149 168 170 2014 7 2 15 4 6 2 60
24 55 76 32.629 -111.7 361 144 168 170 2014 7 2 15 5 6 2 60
24 55 76 32.587 -111.66 360 146 164 170 2014 7 2 15 6 6 2 60
24 55 76 32.518 -111.58 365 137 157 170 2014 7 2 15 7 6 2 60
24 55 76 32.462 -111.48 361 124 150 170 2014 7 2 15 8 16 2 77
24 55 76 32.411 -111.39 344 123 142 170 2014 7 2 15 9 6 2 77
24 55 76 32.363 -111.3 325 123 128 170 2014 7 2 15 10 6 2 77
24 55 76 32.308 -111.2 305 122 101 170 2014 7 2 15 11 6 2 77
24 55 76 32.263 -111.12 291 124 72 170 2014 7 2 15 12 6 2 77
24 55 76 32.224 -111.06 270 126 59 170 2014 7 2 15 13 6 2 77
24 55 76 32.187 -111.02 221 135 43 170 2014 7 2 15 14 6 2 77
24 55 76 32.154 -110.98 185 135 37 170 2014 7 2 15 15 6 2 77
24 55 76 32.132 -110.96 149 134 29 170 2014 7 2 15 16 6 2 77
25 55 76 32.782 -111.82 93 148 110 90 2014 7 2 14 55 16 2 60
25 55 76 32.641 -111.71 282 145 111 90 2014 7 2 14 57 16 2 60
25 55 76 32.574 -111.65 289 146 104 90 2014 7 2 14 58 6 2 60
25 55 76 32.511 -111.57 292 132 97 90 2014 7 2 14 59 6 2 60
25 55 76 32.471 -111.51 291 132 91 90 2014 7 2 15 0 6 2 77
25 55 76 32.423 -111.44 285 128 85 90 2014 7 2 15 1 6 2 77
25 55 76 32.374 -111.36 285 128 78 90 2014 7 2 15 2 6 2 77
25 55 76 32.315 -111.26 280 126 70 90 2014 7 2 15 3 16 2 77
25 55 76 32.29 -111.19 279 121 70 90 2014 7 2 15 4 6 2 77
25 55 76 32.282 -111.18 269 114 70 90 2014 7 2 15 5 6 2 77
25 55 76 32.261 -111.12 264 118 65 90 2014 7 2 15 6 6 2 77
25 55 76 32.179 -111.01 225 128 39 90 2014 7 2 15 7 6 2 77
25 55 76 32.145 -110.97 144 137 31 90 2014 7 2 15 8 16 2 77
25 55 76 32.145 -110.97 144 137 31 90 2014 7 2 15 9 6 2 77
26 55 76 33.133 -111.57 84 0 50 75 2014 7 2 15 11 6 2 79
26 55 76 33.091 -111.54 82 157 59 75 2014 7 2 15 13 6 2 79
26 55 76 33.069 -111.54 80 154 64 75 2014 7 2 15 14 6 2 79
26 55 76 33.051 -111.53 80 163 68 75 2014 7 2 15 15 6 2 79
26 55 76 33.025 -111.51 86 161 72 75 2014 7 2 15 16 6 2 79
26 55 76 33.006 -111.49 89 149 75 75 2014 7 2 15 17 6 2 79
26 55 76 32.981 -111.47 103 146 76 75 2014 7 2 15 18 17 2 79
26 55 76 32.953 -111.45 110 144 76 75 2014 7 2 15 19 15 2 60
26 55 76 32.923 -111.44 113 152 75 75 2014 7 2 15 20 16 2 60
26 55 76 32.898 -111.42 108 154 75 75 2014 7 2 15 21 6 2 60
26 55 76 32.871 -111.4 108 152 75 75 2014 7 2 15 22 6 2 60
26 55 76 32.854 -111.39 110 152 76 75 2014 7 2 15 23 6 2 60
26 55 76 32.824 -111.38 119 150 75 75 2014 7 2 15 24 16 2 60
26 55 76 32.795 -111.36 119 152 76 75 2014 7 2 15 25 6 2 60
26 55 76 32.762 -111.34 115 153 76 75 2014 7 2 15 26 6 2 60
26 55 76 32.734 -111.32 115 152 76 75 2014 7 2 15 27 6 2 60
26 55 76 32.703 -111.3 119 151 76 75 2014 7 2 15 28 6 2 60
26 55 76 32.658 -111.28 121 156 77 75 2014 7 2 15 29 6 2 60
26 55 76 32.642 -111.27 120 150 76 75 2014 7 2 15 30 6 2 60
26 55 76 32.612 -111.25 126 153 75 75 2014 7 2 15 31 6 2 60
26 55 76 32.576 -111.22 124 154 75 75 2014 7 2 15 32 6 2 60
26 55 76 32.548 -111.21 121 147 76 75 2014 7 2 15 33 6 2 60
26 55 76 32.519 -111.19 117 158 77 75 2014 7 2 15 34 6 2 77
26 55 76 32.492 -111.17 116 145 76 75 2014 7 2 15 35 6 2 77
26 55 76 32.461 -111.15 117 157 75 75 2014 7 2 15 36 6 2 77
26 55 76 32.426 -111.13 119 152 73 75 2014 7 2 15 37 6 2 77
26 55 76 32.397 -111.11 118 145 69 75 2014 7 2 15 38 15 2 77
26 55 76 32.369 -111.09 119 153 64 75 2014 7 2 15 39 16 2 77
26 55 76 32.342 -111.08 113 156 63 75 2014 7 2 15 40 6 2 77
26 55 76 32.314 -111.07 107 166 63 75 2014 7 2 15 41 6 2 77
26 55 76 32.284 -111.06 107 162 56 75 2014 7 2 15 42 6 2 77
26 55 76 32.25 -111.05 109 158 46 75 2014 7 2 15 43 6 2 77
26 55 76 32.234 -111.05 112 161 43 75 2014 7 2 15 44 8 2 77
26 55 76 32.191 -111.03 110 162 39 75 2014 7 2 15 45 6 2 77
26 55 76 32.181 -111.02 104 162 38 75 2014 7 2 15 46 6 2 77
26 55 76 32.162 -110.99 105 151 36 75 2014 7 2 15 47 6 2 77
26 55 76 32.145 -110.97 86 135 33 75 2014 7 2 15 48 6 2 77
26 55 76 32.128 -110.95 80 120 28 75 2014 7 2 15 49 6 2 77
26 55 76 32.104 -110.93 86 135 31 75 2014 7 2 15 51 6 2 77
26 55 76 32.115 -110.92 82 136 40 75 2014 7 2 15 53 6 2 77
26 55 76 32.155 -110.95 84 145 50 75 2014 7 2 15 55 6 2 77
26 55 76 32.205 -111 80 318 65 75 2014 7 2 15 57 6 2 77
26 55 76 32.233 -111.01 97 333 66 75 2014 7 2 15 58 6 2 77
26 55 76 32.26 -111.02 104 337 66 75 2014 7 2 15 59 6 2 77
26 55 76 32.286 -111.04 109 334 66 75 2014 7 2 16 0 6 2 77
26 55 76 32.314 -111.06 116 331 64 75 2014 7 2 16 1 6 2 77
26 55 76 32.339 -111.08 112 326 64 75 2014 7 2 16 2 6 2 77
26 55 76 32.366 -111.09 109 331 65 75 2014 7 2 16 3 6 2 77
26 55 76 32.392 -111.11 102 335 66 75 2014 7 2 16 4 16 2 77
26 55 76 32.418 -111.12 106 330 65 75 2014 7 2 16 5 6 2 77
26 55 76 32.448 -111.13 107 338 64 75 2014 7 2 16 6 6 2 77
26 55 76 32.475 -111.15 108 343 64 75 2014 7 2 16 7 6 2 77
26 55 76 32.506 -111.17 108 337 65 75 2014 7 2 16 8 6 2 77
26 55 76 32.532 -111.18 106 332 66 75 2014 7 2 16 9 6 2 60
26 55 76 32.557 -111.19 105 335 66 75 2014 7 2 16 10 6 2 60
26 55 76 32.581 -111.21 104 335 67 75 2014 7 2 16 11 6 2 60
26 55 76 32.608 -111.23 104 329 67 75 2014 7 2 16 12 6 2 60
26 55 76 32.635 -111.24 104 331 67 75 2014 7 2 16 13 6 2 60
26 55 76 32.609 -111.22 104 153 67 75 2014 7 2 16 14 19 2 60
26 55 76 32.691 -111.28 104 334 64 75 2014 7 2 16 15 16 2 60
26 55 76 32.717 -111.29 104 331 64 75 2014 7 2 16 16 6 2 60
26 55 76 32.742 -111.31 104 329 65 75 2014 7 2 16 17 6 2 60
26 55 76 32.766 -111.32 101 335 66 75 2014 7 2 16 18 6 2 60
26 55 76 32.741 -111.31 101 153 66 75 2014 7 2 16 19 6 2 60
26 55 76 32.716 -111.29 101 153 66 75 2014 7 2 16 20 9 2 60
26 55 76 32.69 -111.28 101 153 66 75 2014 7 2 16 21 6 2 60
26 55 76 32.665 -111.26 101 153 66 75 2014 7 2 16 22 16 2 60
26 55 76 32.64 -111.25 101 153 66 75 2014 7 2 16 23 16 2 60
26 55 76 32.615 -111.23 101 153 66 75 2014 7 2 16 24 6 2 60
26 55 76 32.59 -111.22 101 153 66 75 2014 7 2 16 25 16 2 60
26 55 76 32.565 -111.2 101 153 66 75 2014 7 2 16 26 6 2 60
26 55 76 32.54 -111.19 101 153 66 75 2014 7 2 16 27 6 2 60
26 55 76 32.515 -111.17 101 153 66 75 2014 7 2 16 28 6 2 77
26 55 76 32.49 -111.16 101 153 66 75 2014 7 2 16 29 6 2 77
26 55 76 32.465 -111.14 101 153 66 75 2014 7 2 16 30 6 2 77
26 55 76 32.44 -111.13 101 153 66 75 2014 7 2 16 31 6 2 77
26 55 76 32.414 -111.12 101 153 66 75 2014 7 2 16 32 6 2 77
26 55 76 32.389 -111.1 101 153 66 75 2014 7 2 16 33 6 2 77
26 55 76 32.364 -111.09 101 153 66 75 2014 7 2 16 34 6 2 77
26 55 76 32.339 -111.07 101 153 66 75 2014 7 2 16 35 16 2 77
26 55 76 32.314 -111.06 101 153 66 75 2014 7 2 16 36 6 2 77
26 55 76 32.289 -111.04 101 153 66 75 2014 7 2 16 37 6 2 77
26 55 76 32.264 -111.03 101 153 66 75 2014 7 2 16 38 6 2 77
26 55 76 32.239 -111.01 101 153 66 75 2014 7 2 16 39 6 2 77
26 55 76 32.214 -111 101 153 66 75 2014 7 2 16 40 16 2 77
26 55 76 32.189 -110.98 101 153 66 75 2014 7 2 16 41 6 2 77
26 55 76 32.164 -110.97 101 153 66 75 2014 7 2 16 42 6 2 77
27 55 76 33.433 -112.03 176 254 22 170 2014 7 2 19 1 6 2 79
27 55 76 33.411 -112.09 205 262 38 170 2014 7 2 19 2 6 2 79
27 55 76 33.357 -112.08 205 163 38 170 2014 7 2 19 3 6 2 79
27 55 76 33.308 -112.18 276 246 81 170 2014 7 2 19 4 6 2 79
27 55 76 33.235 -112.14 286 213 89 170 2014 7 2 19 5 16 2 79
27 55 76 33.164 -112.1 292 170 115 170 2014 7 2 19 6 6 2 79
27 55 76 33.061 -112.03 357 155 125 170 2014 7 2 19 7 6 2 79
27 55 76 32.976 -111.97 357 150 125 170 2014 7 2 19 8 6 2 60
27 55 76 32.967 -111.96 388 150 147 170 2014 7 2 19 9 6 2 60
27 55 76 32.871 -111.9 393 150 167 170 2014 7 2 19 10 6 2 60
27 55 76 32.78 -111.82 403 150 169 170 2014 7 2 19 11 6 2 60
27 55 76 32.686 -111.74 409 146 167 170 2014 7 2 19 12 6 2 60
27 55 76 32.543 -111.62 399 146 144 170 2014 7 2 19 13 6 2 60
27 55 76 32.463 -111.52 390 133 134 170 2014 7 2 19 14 6 2 77
27 55 76 32.379 -111.44 394 141 123 170 2014 7 2 19 15 6 2 77
27 55 76 32.292 -111.35 396 140 113 170 2014 7 2 19 16 17 2 77
27 55 76 32.21 -111.27 390 140 106 170 2014 7 2 19 17 6 2 77
27 55 76 32.138 -111.2 328 139 105 170 2014 7 2 19 18 16 2 77
27 55 76 32.078 -111.14 288 140 92 170 2014 7 2 19 19 16 2 77
27 55 76 32.029 -111.07 273 133 75 170 2014 7 2 19 20 6 2 77
27 55 76 31.987 -111 267 123 58 170 2014 7 2 19 21 6 2 77
27 55 76 32.004 -110.92 254 94 46 170 2014 7 2 19 22 16 2 77
27 55 76 32.038 -110.86 208 67 44 170 2014 7 2 19 23 16 2 77
27 55 76 32.073 -110.89 156 54 37 170 2014 7 2 19 24 6 2 77
28 55 76 33.432 -112.03 162 0 20 170 2014 7 2 20 1 7 2 79
28 55 76 33.415 -112.09 182 240 37 170 2014 7 2 20 3 6 2 79
28 55 76 33.333 -112.13 279 230 66 170 2014 7 2 20 4 6 2 79
28 55 76 33.284 -112.1 283 204 87 170 2014 7 2 20 5 6 2 79
28 55 76 33.207 -112.07 295 149 106 170 2014 7 2 20 6 6 2 79
28 55 76 33.12 -112.02 335 156 128 170 2014 7 2 20 7 6 2 79
28 55 76 33.03 -111.98 347 157 150 170 2014 7 2 20 8 16 2 79
28 55 76 32.939 -111.93 355 157 169 170 2014 7 2 20 9 6 2 60
28 55 76 32.846 -111.87 378 157 169 170 2014 7 2 20 10 6 2 60
28 55 76 32.741 -111.79 380 146 169 170 2014 7 2 20 11 6 2 60
28 55 76 32.659 -111.72 375 145 160 170 2014 7 2 20 12 6 2 60
28 55 76 32.574 -111.65 368 149 149 170 2014 7 2 20 13 6 2 60
28 55 76 32.503 -111.56 365 140 139 170 2014 7 2 20 14 6 2 60
28 55 76 32.429 -111.48 365 136 129 170 2014 7 2 20 15 6 2 77
28 55 76 32.357 -111.4 365 135 119 170 2014 7 2 20 16 6 2 77
28 55 76 32.328 -111.37 353 135 115 170 2014 7 2 20 17 6 2 77
28 55 76 32.27 -111.3 305 135 102 170 2014 7 2 20 18 6 2 77
28 55 76 32.217 -111.23 293 134 86 170 2014 7 2 20 19 6 2 77
28 55 76 32.161 -111.17 287 133 69 170 2014 7 2 20 20 16 2 77
28 55 76 32.116 -111.11 288 134 55 170 2014 7 2 20 21 6 2 77
28 55 76 32.071 -111.05 264 134 55 170 2014 7 2 20 22 6 2 77
28 55 76 32.012 -110.93 210 129 45 170 2014 7 2 20 23 6 2 77
28 55 76 32.051 -110.89 189 110 39 170 2014 7 2 20 24 16 2 77
28 55 76 32.09 -110.91 151 43 30 170 2014 7 2 20 25 16 2 77
29 55 76 33.333 -112 93 185 111 155 2014 7 2 17 57 6 2 79
29 55 76 33.209 -111.96 275 161 155 155 2014 7 2 17 58 6 2 79
29 55 76 33.149 -111.9 275 141 155 155 2014 7 2 17 59 6 2 79
29 55 76 33.131 -111.95 277 155 155 155 2014 7 2 18 0 6 2 79
29 55 76 33.055 -111.93 277 171 155 155 2014 7 2 18 1 7 2 79
29 55 76 32.979 -111.92 277 172 155 155 2014 7 2 18 2 16 2 60
29 55 76 32.903 -111.91 277 172 155 155 2014 7 2 18 3 6 2 60
29 55 76 32.843 -111.85 275 171 155 155 2014 7 2 18 4 6 2 60
29 55 76 32.782 -111.77 274 148 155 155 2014 7 2 18 5 16 2 60
29 55 76 32.729 -111.71 274 135 155 155 2014 7 2 18 6 16 2 60
29 55 76 32.659 -111.62 272 133 156 155 2014 7 2 18 7 6 2 60
29 55 76 32.621 -111.57 273 134 156 155 2014 7 2 18 8 6 2 60
29 55 76 32.575 -111.51 273 132 147 155 2014 7 2 18 9 6 2 60
29 55 76 32.524 -111.44 273 132 133 155 2014 7 2 18 10 6 2 77
29 55 76 32.463 -111.37 272 134 115 155 2014 7 2 18 11 11 2 77
29 55 76 32.41 -111.3 270 131 101 155 2014 7 2 18 12 6 2 77
29 55 76 32.358 -111.23 277 133 84 155 2014 7 2 18 13 16 2 77
29 55 76 32.307 -111.16 280 131 67 155 2014 7 2 18 14 7 2 77
29 55 76 32.253 -111.09 280 135 55 155 2014 7 2 18 15 6 2 77
29 55 76 32.211 -111.05 241 134 49 155 2014 7 2 18 16 6 2 77
29 55 76 32.176 -111 205 135 39 155 2014 7 2 18 17 6 2 77
29 55 76 32.145 -110.97 151 135 32 155 2014 7 2 18 18 6 2 77
30 55 76 33.436 -112.01 156 0 11 170 2014 7 2 21 37 6 2 79
30 55 76 33.417 -112.08 201 252 34 170 2014 7 2 21 38 16 2 79
30 55 76 33.383 -112.17 268 249 56 170 2014 7 2 21 39 15 2 79
30 55 76 33.317 -112.2 288 240 80 170 2014 7 2 21 40 6 2 79
30 55 76 33.281 -112.17 290 202 95 170 2014 7 2 21 41 6 2 79
30 55 76 33.209 -112.12 297 170 122 170 2014 7 2 21 42 6 2 79
30 55 76 33.133 -112.07 305 147 148 170 2014 7 2 21 43 6 2 79
30 55 76 33.057 -112.02 308 151 170 170 2014 7 2 21 44 6 2 79
30 55 76 32.967 -111.96 371 151 169 170 2014 7 2 21 45 6 2 60
30 55 76 32.877 -111.9 373 151 169 170 2014 7 2 21 46 6 2 60
30 55 76 32.776 -111.81 373 150 169 170 2014 7 2 21 47 6 2 60
30 55 76 32.693 -111.75 366 147 159 170 2014 7 2 21 48 6 2 60
30 55 76 32.609 -111.68 367 146 148 170 2014 7 2 21 49 16 2 60
30 55 76 32.527 -111.61 371 143 139 170 2014 7 2 21 50 6 2 60
30 55 76 32.449 -111.53 363 141 129 170 2014 7 2 21 51 6 2 77
30 55 76 32.369 -111.46 363 142 118 170 2014 7 2 21 52 6 2 77
30 55 76 32.278 -111.37 363 139 106 170 2014 7 2 21 53 17 2 77
30 55 76 32.215 -111.3 323 136 98 170 2014 7 2 21 54 6 2 77
30 55 76 32.164 -111.23 278 135 90 170 2014 7 2 21 55 6 2 77
30 55 76 32.115 -111.17 257 133 72 170 2014 7 2 21 56 6 2 77
30 55 76 32.063 -111.11 258 136 60 170 2014 7 2 21 57 6 2 77
30 55 76 32.028 -111.04 256 125 60 170 2014 7 2 21 58 6 2 77
30 55 76 32.003 -110.96 236 112 55 170 2014 7 2 21 59 16 2 77
30 55 76 31.985 -110.9 226 108 50 170 2014 7 2 22 0 6 2 77
30 55 76 32.024 -110.88 185 109 43 170 2014 7 2 22 1 6 2 77
30 55 76 32.062 -110.88 157 11 37 170 2014 7 2 22 2 6 2 77
31 55 76 33.43 -112.04 174 262 21 150 2014 7 2 23 35 6 2 79
31 55 76 33.41 -112.1 213 256 37 150 2014 7 2 23 36 6 2 79
31 55 76 33.377 -112.18 269 231 61 150 2014 7 2 23 37 16 2 79
31 55 76 33.286 -112.16 292 180 93 150 2014 7 2 23 38 6 2 79
31 55 76 33.213 -112.11 295 168 120 150 2014 7 2 23 39 6 2 79
31 55 76 33.141 -112.07 295 152 120 150 2014 7 2 23 40 6 2 79
31 55 76 33.051 -112.01 351 152 149 150 2014 7 2 23 41 6 2 79
31 55 76 32.954 -111.95 391 152 149 150 2014 7 2 23 42 6 2 60
31 55 76 32.857 -111.88 397 152 149 150 2014 7 2 23 43 6 2 60
31 55 76 32.746 -111.79 404 151 149 150 2014 7 2 23 44 6 2 60
31 55 76 32.654 -111.72 404 145 149 150 2014 7 2 23 45 6 2 60
31 55 76 32.581 -111.66 410 145 150 150 2014 7 2 23 46 6 2 60
31 55 76 32.526 -111.59 409 144 150 150 2014 7 2 23 47 6 2 60
31 55 76 32.456 -111.48 396 129 132 150 2014 7 2 23 48 6 2 77
31 55 76 32.335 -111.37 370 142 105 150 2014 7 2 23 49 16 2 77
31 55 76 32.292 -111.33 336 143 101 150 2014 7 2 23 50 6 2 77
31 55 76 32.227 -111.27 300 142 83 150 2014 7 2 23 51 6 2 77
31 55 76 32.164 -111.21 296 141 70 150 2014 7 2 23 52 6 2 77
31 55 76 32.102 -111.14 295 138 61 150 2014 7 2 23 53 15 2 77
31 55 76 32.054 -111.07 280 132 60 150 2014 7 2 23 54 16 2 77
31 55 76 32.018 -111 246 122 54 150 2014 7 2 23 55 16 2 77
31 55 76 31.997 -110.94 205 122 43 150 2014 7 2 23 56 6 2 77
31 55 76 32.03 -110.89 202 111 41 150 2014 7 2 23 57 6 2 77
31 55 76 32.07 -110.89 156 26 37 150 2014 7 2 23 59 6 2 77
32 55 76 33.432 -112.04 165 262 21 170 2014 7 3 2 2 6 2 79
32 55 76 33.404 -112.12 236 248 39 170 2014 7 3 2 3 16 2 79
32 55 76 33.357 -112.18 274 248 65 170 2014 7 3 2 4 15 2 79
32 55 76 33.281 -112.15 289 234 92 170 2014 7 3 2 5 16 2 79
32 55 76 33.206 -112.11 305 191 111 170 2014 7 3 2 6 6 2 79
32 55 76 33.12 -112.05 344 156 136 170 2014 7 3 2 7 16 2 79
32 55 76 33.035 -112 344 152 162 170 2014 7 3 2 8 6 2 79
32 55 76 32.946 -111.95 362 152 168 170 2014 7 3 2 9 6 2 60
32 55 76 32.857 -111.89 362 152 168 170 2014 7 3 2 10 6 2 60
32 55 76 32.86 -111.89 359 152 169 170 2014 7 3 2 11 6 2 60
32 55 76 32.779 -111.82 357 151 167 170 2014 7 3 2 12 6 2 60
32 55 76 32.606 -111.68 344 145 150 170 2014 7 3 2 13 15 2 60
32 55 76 32.531 -111.61 340 145 140 170 2014 7 3 2 14 6 2 60
32 55 76 32.451 -111.54 336 141 127 170 2014 7 3 2 15 16 2 77
32 55 76 32.388 -111.48 327 143 115 170 2014 7 3 2 16 6 2 77
32 55 76 32.371 -111.37 327 100 115 170 2014 7 3 2 17 6 2 77
32 55 76 32.26 -111.35 294 141 89 170 2014 7 3 2 18 15 2 77
32 55 76 32.199 -111.28 301 139 76 170 2014 7 3 2 19 6 2 77
32 55 76 32.201 -111.28 299 135 75 170 2014 7 3 2 20 6 2 77
32 55 76 32.13 -111.2 299 135 69 170 2014 7 3 2 21 6 2 77
32 55 76 32.085 -111.13 288 126 61 170 2014 7 3 2 22 16 2 77
32 55 76 32.053 -111.05 276 115 52 170 2014 7 3 2 23 15 2 77
32 55 76 32.03 -110.97 227 107 45 170 2014 7 3 2 24 6 2 77
32 55 76 32.032 -110.9 249 85 45 170 2014 7 3 2 26 6 2 77
32 55 76 32.093 -110.92 135 87 30 170 2014 7 3 2 27 6 2 77
33 55 76 32.73 -111.78 395 150 129 110 2014 7 3 0 40 6 2 60
33 55 76 32.602 -111.68 395 145 117 110 2014 7 3 0 41 6 2 60
33 55 76 32.551 -111.63 394 145 111 110 2014 7 3 0 42 6 2 60
33 55 76 32.414 -111.46 312 135 96 110 2014 7 3 0 43 15 2 77
33 55 76 32.356 -111.39 298 134 80 110 2014 7 3 0 44 16 2 77
33 55 76 32.351 -111.38 299 135 79 110 2014 7 3 0 45 6 2 77
33 55 76 32.241 -111.25 294 131 71 110 2014 7 3 0 46 16 2 77
33 55 76 32.236 -111.24 297 135 71 110 2014 7 3 0 47 6 2 77
33 55 76 32.179 -111.17 297 133 71 110 2014 7 3 0 48 6 2 77
33 55 76 32.128 -111.11 295 133 70 110 2014 7 3 0 49 6 2 77
33 55 76 32.066 -111.03 297 135 68 110 2014 7 3 0 50 6 2 77
33 55 76 32.012 -110.96 290 133 52 110 2014 7 3 0 51 6 2 77
33 55 76 31.957 -110.89 279 133 50 110 2014 7 3 0 52 6 2 77
33 55 76 32.001 -110.86 231 132 51 110 2014 7 3 0 53 6 2 77
33 55 76 32.087 -110.9 142 10 33 110 2014 7 3 0 54 15 2 77
34 55 76 33.428 -112.05 163 262 23 170 2014 7 3 4 35 15 2 79
34 55 76 33.405 -112.11 200 239 36 170 2014 7 3 4 36 15 2 79
34 55 76 33.364 -112.18 261 239 57 170 2014 7 3 4 37 15 2 79
34 55 76 33.292 -112.17 275 180 80 170 2014 7 3 4 38 15 2 79
34 55 76 33.22 -112.13 285 173 106 170 2014 7 3 4 39 15 2 79
34 55 76 33.146 -112.08 300 157 121 170 2014 7 3 4 40 15 2 79
34 55 76 33.062 -112.02 343 152 134 170 2014 7 3 4 41 6 2 79
34 55 76 32.95 -111.95 381 151 151 170 2014 7 3 4 42 6 2 60
34 55 76 32.854 -111.88 393 151 167 170 2014 7 3 4 43 16 2 60
34 55 76 32.762 -111.8 407 150 170 170 2014 7 3 4 44 15 2 60
34 55 76 32.619 -111.69 401 145 153 170 2014 7 3 4 45 15 2 60
34 55 76 32.58 -111.66 394 147 145 170 2014 7 3 4 46 15 2 60
34 55 76 32.511 -111.56 387 135 128 170 2014 7 3 4 47 15 2 60
34 55 76 32.465 -111.49 344 122 121 170 2014 7 3 4 48 6 2 77
34 55 76 32.415 -111.39 297 125 104 170 2014 7 3 4 49 15 2 77
34 55 76 32.371 -111.31 292 122 87 170 2014 7 3 4 50 15 2 77
34 55 76 32.326 -111.23 291 124 73 170 2014 7 3 4 51 6 2 77
34 55 76 32.284 -111.16 285 123 64 170 2014 7 3 4 52 15 2 77
34 55 76 32.246 -111.09 265 127 57 170 2014 7 3 4 53 15 2 77
34 55 76 32.207 -111.03 227 126 46 170 2014 7 3 4 54 15 2 77
34 55 76 32.177 -111 175 136 39 170 2014 7 3 4 55 15 2 77
34 55 76 32.148 -110.98 161 132 36 170 2014 7 3 4 56 15 2 77
34 55 76 32.126 -110.95 148 139 27 170 2014 7 3 4 57 16 2 77
35 55 76 33.425 -112.06 165 265 26 170 2014 7 3 5 5 16 2 79
35 55 76 33.404 -112.12 218 254 42 170 2014 7 3 5 6 15 2 79
35 55 76 33.352 -112.18 263 244 65 170 2014 7 3 5 7 6 2 79
35 55 76 33.281 -112.15 284 235 89 170 2014 7 3 5 8 15 2 79
35 55 76 33.209 -112.11 289 189 116 170 2014 7 3 5 9 6 2 79
35 55 76 33.136 -112.06 293 156 141 170 2014 7 3 5 10 15 2 79
35 55 76 33.061 -112.02 302 152 166 170 2014 7 3 5 11 15 2 79
35 55 76 32.955 -111.95 368 152 169 170 2014 7 3 5 12 15 2 60
35 55 76 32.955 -111.95 368 152 169 170 2014 7 3 5 13 6 2 60
35 55 76 32.767 -111.81 402 151 168 170 2014 7 3 5 14 15 2 60
35 55 76 32.677 -111.73 397 147 156 170 2014 7 3 5 15 16 2 60
35 55 76 32.621 -111.69 386 146 150 170 2014 7 3 5 16 6 2 60
35 55 76 32.519 -111.58 378 142 132 170 2014 7 3 5 17 16 2 60
35 55 76 32.466 -111.48 359 124 118 170 2014 7 3 5 18 15 2 77
35 55 76 32.417 -111.39 333 122 106 170 2014 7 3 5 19 16 2 77
35 55 76 32.383 -111.34 302 123 97 170 2014 7 3 5 20 16 2 77
35 55 76 32.343 -111.27 283 123 84 170 2014 7 3 5 21 16 2 77
35 55 76 32.329 -111.24 281 122 80 170 2014 7 3 5 22 16 2 77
35 55 76 32.257 -111.1 251 123 61 170 2014 7 3 5 23 15 2 77
35 55 76 32.235 -111.08 204 121 55 170 2014 7 3 5 24 6 2 77
35 55 76 32.203 -111.04 173 128 45 170 2014 7 3 5 25 6 2 77
35 55 76 32.17 -111 159 137 38 170 2014 7 3 5 26 6 2 77
35 55 76 32.142 -110.97 143 136 31 170 2014 7 3 5 27 15 2 77
36 55 76 33.427 -112.04 169 262 24 170 2014 7 3 6 52 15 2 79
36 55 76 33.407 -112.1 193 252 40 170 2014 7 3 6 53 6 2 79
36 55 76 33.356 -112.08 193 162 40 170 2014 7 3 6 54 16 2 79
36 55 76 33.298 -112.11 264 209 84 170 2014 7 3 6 55 6 2 79
36 55 76 33.235 -112.05 286 201 104 170 2014 7 3 6 56 6 2 79
36 55 76 33.163 -111.97 335 164 115 170 2014 7 3 6 57 6 2 79
36 55 76 33.082 -111.89 374 140 131 170 2014 7 3 6 58 6 2 79
36 55 76 32.983 -111.79 387 154 155 170 2014 7 3 6 59 6 2 60
36 55 76 32.897 -111.71 400 139 168 170 2014 7 3 7 0 6 2 60
36 55 76 32.807 -111.62 415 139 164 170 2014 7 3 7 1 16 2 60
36 55 76 32.72 -111.53 414 140 148 170 2014 7 3 7 2 15 2 60
36 55 76 32.635 -111.45 401 141 132 170 2014 7 3 7 3 15 2 60
36 55 76 32.552 -111.37 390 140 115 170 2014 7 3 7 4 16 2 77
36 55 76 32.476 -111.29 366 141 105 170 2014 7 3 7 5 15 2 77
36 55 76 32.41 -111.23 311 141 93 170 2014 7 3 7 6 6 2 77
36 55 76 32.351 -111.17 287 139 80 170 2014 7 3 7 7 16 2 77
36 55 76 32.297 -111.12 268 139 70 170 2014 7 3 7 8 15 2 77
36 55 76 32.252 -111.07 246 139 59 170 2014 7 3 7 9 6 2 77
36 55 76 32.211 -111.03 210 141 47 170 2014 7 3 7 10 15 2 77
36 55 76 32.177 -111 179 142 40 170 2014 7 3 7 11 6 2 77
36 55 76 32.144 -110.97 175 138 36 170 2014 7 3 7 12 16 2 77
37 55 76 33.436 -112.01 156 0 11 170 2014 7 3 16 16 6 2 79
37 55 76 33.434 -111.9 214 327 42 170 2014 7 3 16 18 6 2 79
37 55 76 33.41 -111.8 280 103 74 170 2014 7 3 16 19 6 2 79
37 55 76 33.337 -111.79 292 168 105 170 2014 7 3 16 20 6 2 79
37 55 76 33.261 -111.83 302 173 127 170 2014 7 3 16 21 6 2 79
37 55 76 33.171 -111.85 338 210 150 170 2014 7 3 16 22 6 2 79
37 55 76 33.096 -111.78 339 197 170 170 2014 7 3 16 23 6 2 79
37 55 76 33.002 -111.7 349 165 170 170 2014 7 3 16 24 6 2 79
37 55 76 32.923 -111.63 350 143 170 170 2014 7 3 16 25 6 2 60
37 55 76 32.844 -111.56 351 143 170 170 2014 7 3 16 26 7 2 60
37 55 76 32.746 -111.48 353 143 171 170 2014 7 3 16 27 6 2 60
37 55 76 32.654 -111.4 352 143 164 170 2014 7 3 16 28 6 2 60
37 55 76 32.593 -111.34 351 144 147 170 2014 7 3 16 29 6 2 60
37 55 76 32.525 -111.29 340 142 125 170 2014 7 3 16 30 6 2 77
37 55 76 32.449 -111.22 319 145 98 170 2014 7 3 16 31 6 2 77
37 55 76 32.387 -111.17 293 143 77 170 2014 7 3 16 32 6 2 77
37 55 76 32.333 -111.13 277 144 65 170 2014 7 3 16 33 6 2 77
37 55 76 32.26 -111.09 253 155 65 170 2014 7 3 16 34 6 2 77
37 55 76 32.218 -111.06 212 161 59 170 2014 7 3 16 35 6 2 77
37 55 76 32.17 -111 200 132 39 170 2014 7 3 16 36 6 2 77
37 55 76 32.14 -110.97 149 131 31 170 2014 7 3 16 37 6 2 77
38 55 76 33.436 -112.01 126 0 11 110 2014 7 3 14 42 6 2 79
38 55 76 33.379 -111.9 168 327 42 110 2014 7 3 14 44 6 2 79
38 55 76 33.324 -111.89 173 147 56 110 2014 7 3 14 45 6 2 79
38 55 76 33.275 -111.89 173 180 68 110 2014 7 3 14 46 14 2 79
38 55 76 33.223 -111.89 173 195 79 110 2014 7 3 14 47 6 2 79
38 55 76 33.176 -111.9 176 180 89 110 2014 7 3 14 48 6 2 79
38 55 76 33.126 -111.9 178 162 99 110 2014 7 3 14 49 6 2 79
38 55 76 33.076 -111.9 179 178 109 110 2014 7 3 14 50 6 2 79
38 55 76 33.009 -111.9 204 168 110 110 2014 7 3 14 51 6 2 79
38 55 76 32.946 -111.91 221 182 110 110 2014 7 3 14 52 9 2 60
38 55 76 32.884 -111.89 226 181 110 110 2014 7 3 14 53 6 2 60
38 55 76 32.827 -111.86 230 162 110 110 2014 7 3 14 54 6 2 60
38 55 76 32.776 -111.82 226 162 110 110 2014 7 3 14 55 6 2 60
38 55 76 32.726 -111.77 226 144 110 110 2014 7 3 14 56 6 2 60
38 55 76 32.689 -111.75 225 143 111 110 2014 7 3 14 57 6 2 60
38 55 76 32.628 -111.66 243 135 97 110 2014 7 3 14 58 6 2 60
38 55 76 32.592 -111.58 248 119 87 110 2014 7 3 14 59 6 2 60
38 55 76 32.564 -111.54 258 120 81 110 2014 7 3 15 0 6 2 60
38 55 76 32.517 -111.44 257 123 74 110 2014 7 3 15 1 7 2 77
38 55 76 32.489 -111.4 249 121 69 110 2014 7 3 15 2 6 2 77
38 55 76 32.448 -111.33 248 123 64 110 2014 7 3 15 3 6 2 77
38 55 76 32.4 -111.27 248 128 59 110 2014 7 3 15 4 6 2 77
38 55 76 32.357 -111.22 238 136 58 110 2014 7 3 15 5 6 2 77
38 55 76 32.296 -111.16 231 138 55 110 2014 7 3 15 6 9 2 77
38 55 76 32.257 -111.11 224 136 54 110 2014 7 3 15 7 6 2 77
38 55 76 32.218 -111.06 223 133 48 110 2014 7 3 15 8 6 2 77
38 55 76 32.179 -111.01 187 135 42 110 2014 7 3 15 9 6 2 77
38 55 76 32.14 -110.97 163 133 31 110 2014 7 3 15 10 6 2 77
39 55 76 33.436 -112.01 156 0 11 170 2014 7 3 14 52 9 2 79
39 55 76 33.367 -111.88 283 329 76 170 2014 7 3 14 54 6 2 79
39 55 76 33.334 -111.89 281 123 90 170 2014 7 3 14 55 6 2 79
39 55 76 33.255 -111.91 285 176 121 170 2014 7 3 14 56 6 2 79
39 55 76 33.147 -111.94 339 172 145 170 2014 7 3 14 57 6 2 79
39 55 76 33.046 -111.94 359 191 169 170 2014 7 3 14 58 6 2 79
39 55 76 32.945 -111.92 363 170 169 170 2014 7 3 14 59 6 2 60
39 55 76 32.853 -111.88 353 175 169 170 2014 7 3 15 0 6 2 60
39 55 76 32.774 -111.81 352 166 169 170 2014 7 3 15 1 7 2 60
39 55 76 32.646 -111.71 358 144 170 170 2014 7 3 15 2 6 2 60
39 55 76 32.594 -111.67 357 146 160 170 2014 7 3 15 3 6 2 60
39 55 76 32.526 -111.59 340 137 145 170 2014 7 3 15 4 6 2 60
39 55 76 32.5 -111.5 319 109 130 170 2014 7 3 15 5 6 2 77
39 55 76 32.483 -111.4 303 105 115 170 2014 7 3 15 6 9 2 77
39 55 76 32.433 -111.33 295 125 100 170 2014 7 3 15 7 6 2 77
39 55 76 32.373 -111.24 285 128 87 170 2014 7 3 15 8 6 2 77
39 55 76 32.319 -111.18 280 133 78 170 2014 7 3 15 9 6 2 77
39 55 76 32.269 -111.12 267 134 64 170 2014 7 3 15 10 6 2 77
39 55 76 32.223 -111.06 254 134 51 170 2014 7 3 15 11 6 2 77
39 55 76 32.188 -111.02 207 136 42 170 2014 7 3 15 12 6 2 77
39 55 76 32.145 -110.97 193 135 39 170 2014 7 3 15 13 6 2 77
39 55 76 32.132 -110.96 151 134 29 170 2014 7 3 15 14 6 2 77
40 55 76 33.433 -112.03 163 255 19 170 2014 7 3 17 49 6 2 79
40 55 76 33.413 -112.1 187 250 39 170 2014 7 3 17 50 6 2 79
40 55 76 33.386 -112.17 261 253 59 170 2014 7 3 17 51 7 2 79
40 55 76 33.311 -112.17 286 247 80 170 2014 7 3 17 52 6 2 79
40 55 76 33.227 -112.12 286 173 86 170 2014 7 3 17 53 6 2 79
40 55 76 33.155 -112.08 290 164 106 170 2014 7 3 17 54 6 2 79
40 55 76 33.077 -112.01 332 152 131 170 2014 7 3 17 55 6 2 79
40 55 76 32.999 -111.95 336 147 156 170 2014 7 3 17 56 6 2 79
40 55 76 32.919 -111.89 346 146 170 170 2014 7 3 17 57 6 2 60
40 55 76 32.82 -111.81 350 145 169 170 2014 7 3 17 58 6 2 60
40 55 76 32.743 -111.74 349 145 169 170 2014 7 3 17 59 6 2 60
40 55 76 32.657 -111.68 340 145 170 170 2014 7 3 18 0 6 2 60
40 55 76 32.585 -111.62 343 148 161 170 2014 7 3 18 1 6 2 60
40 55 76 32.509 -111.55 341 145 147 170 2014 7 3 18 2 6 2 60
40 55 76 32.479 -111.5 335 144 135 170 2014 7 3 18 3 6 2 77
40 55 76 32.403 -111.37 310 124 103 170 2014 7 3 18 4 6 2 77
40 55 76 32.386 -111.34 308 124 101 170 2014 7 3 18 5 6 2 77
40 55 76 32.344 -111.27 279 123 92 170 2014 7 3 18 6 6 2 77
40 55 76 32.308 -111.2 230 123 81 170 2014 7 3 18 7 6 2 77
40 55 76 32.27 -111.14 223 125 68 170 2014 7 3 18 8 6 2 77
40 55 76 32.229 -111.07 229 126 53 170 2014 7 3 18 9 6 2 77
40 55 76 32.187 -111.02 190 126 42 170 2014 7 3 18 10 6 2 77
40 55 76 32.154 -110.98 164 134 34 170 2014 7 3 18 11 6 2 77
40 55 76 32.126 -110.95 162 135 27 170 2014 7 3 18 12 6 2 77
41 55 76 33.433 -112.03 184 262 19 170 2014 7 3 19 48 6 2 79
41 55 76 33.412 -112.11 221 191 29 170 2014 7 3 19 49 6 2 79
41 55 76 33.313 -112.23 279 249 83 170 2014 7 3 19 51 6 2 79
41 55 76 33.313 -112.23 279 249 83 170 2014 7 3 19 51 6 2 79
41 55 76 33.182 -112.13 279 147 83 170 2014 7 3 19 52 6 2 79
41 55 76 33.168 -112.12 328 200 118 170 2014 7 3 19 53 6 2 79
41 55 76 33.091 -112.06 328 147 118 170 2014 7 3 19 54 6 2 79
41 55 76 33.005 -112 351 147 160 170 2014 7 3 19 55 6 2 79
41 55 76 32.919 -111.93 362 147 170 170 2014 7 3 19 56 6 2 60
41 55 76 32.834 -111.87 362 147 170 170 2014 7 3 19 57 6 2 60
41 55 76 32.819 -111.85 360 147 156 170 2014 7 3 19 58 6 2 60
41 55 76 32.748 -111.79 323 146 141 170 2014 7 3 19 59 6 2 60
41 55 76 32.68 -111.74 300 144 122 170 2014 7 3 20 0 6 2 60
41 55 76 32.561 -111.64 288 147 111 170 2014 7 3 20 1 6 2 60
41 55 76 32.493 -111.58 289 144 99 170 2014 7 3 20 2 6 2 60
41 55 76 32.436 -111.53 287 140 88 170 2014 7 3 20 3 6 2 77
41 55 76 32.379 -111.45 286 140 81 170 2014 7 3 20 4 6 2 77
41 55 76 32.327 -111.38 289 131 80 170 2014 7 3 20 5 6 2 77
41 55 76 32.31 -111.36 288 130 80 170 2014 7 3 20 6 7 2 77
41 55 76 32.26 -111.29 283 131 72 170 2014 7 3 20 7 6 2 77
41 55 76 32.208 -111.22 282 132 66 170 2014 7 3 20 8 6 2 77
41 55 76 32.114 -111.1 282 133 60 170 2014 7 3 20 9 6 2 77
41 55 76 32.064 -111.03 291 131 50 170 2014 7 3 20 10 16 2 77
41 55 76 32.043 -111 282 129 50 170 2014 7 3 20 11 6 2 77
41 55 76 32.005 -110.93 256 128 47 170 2014 7 3 20 12 6 2 77
41 55 76 31.984 -110.91 217 126 44 170 2014 7 3 20 13 6 2 77
41 55 76 32.021 -110.86 201 126 44 170 2014 7 3 20 14 6 2 77
41 55 76 32.062 -110.88 165 74 37 170 2014 7 3 20 15 6 2 77
42 55 76 33.424 -112.05 157 262 26 170 2014 7 3 21 19 6 2 79
42 55 76 33.404 -112.11 197 249 52 170 2014 7 3 21 20 7 2 79
42 55 76 33.367 -112.18 270 211 71 170 2014 7 3 21 21 10 2 79
42 55 76 33.29 -112.16 288 243 99 170 2014 7 3 21 22 6 2 79
42 55 76 33.216 -112.11 300 200 121 170 2014 7 3 21 23 6 2 79
42 55 76 33.115 -112.05 338 159 151 170 2014 7 3 21 24 6 2 79
42 55 76 33.027 -112 353 151 169 170 2014 7 3 21 25 8 2 79
42 55 76 32.932 -111.94 383 152 169 170 2014 7 3 21 26 6 2 60
42 55 76 32.842 -111.87 383 152 169 170 2014 7 3 21 27 6 2 60
42 55 76 32.757 -111.8 379 150 169 170 2014 7 3 21 28 6 2 60
42 55 76 32.669 -111.73 380 147 161 170 2014 7 3 21 29 6 2 60
42 55 76 32.569 -111.63 387 142 145 170 2014 7 3 21 30 6 2 60
42 55 76 32.498 -111.55 372 134 136 170 2014 7 3 21 31 6 2 60
42 55 76 32.428 -111.46 366 134 126 170 2014 7 3 21 32 6 2 77
42 55 76 32.36 -111.38 358 134 116 170 2014 7 3 21 33 6 2 77
42 55 76 32.296 -111.3 342 133 106 170 2014 7 3 21 34 6 2 77
42 55 76 32.245 -111.23 305 133 97 170 2014 7 3 21 35 6 2 77
42 55 76 32.189 -111.16 279 132 80 170 2014 7 3 21 36 6 2 77
42 55 76 32.126 -111.07 280 132 61 170 2014 7 3 21 37 6 2 77
42 55 76 32.096 -111.01 288 130 49 170 2014 7 3 21 38 6 2 77
42 55 76 32.058 -110.94 224 116 46 170 2014 7 3 21 39 6 2 77
42 55 76 32.053 -110.89 193 121 38 170 2014 7 3 21 40 6 2 77
42 55 76 32.087 -110.91 154 95 31 170 2014 7 3 21 41 6 2 77
43 55 76 33.429 -112.05 161 0 22 150 2014 7 3 22 55 6 2 79
43 55 76 33.376 -112.16 237 247 57 150 2014 7 3 22 57 6 2 79
43 55 76 33.304 -112.15 271 203 73 150 2014 7 3 22 58 6 2 79
43 55 76 33.219 -112.1 285 173 97 150 2014 7 3 22 59 6 2 79
43 55 76 33.146 -112.06 289 149 116 150 2014 7 3 23 1 6 2 79
43 55 76 33.146 -112.06 289 149 116 150 2014 7 3 23 1 6 2 79
43 55 76 32.989 -111.97 315 148 150 150 2014 7 3 23 2 6 2 60
43 55 76 32.904 -111.92 335 153 150 150 2014 7 3 23 3 6 2 60
43 55 76 32.825 -111.86 342 148 150 150 2014 7 3 23 4 6 2 60
43 55 76 32.746 -111.79 344 149 150 150 2014 7 3 23 5 6 2 60
43 55 76 32.652 -111.71 344 145 144 150 2014 7 3 23 6 6 2 60
43 55 76 32.577 -111.65 331 147 134 150 2014 7 3 23 7 6 2 60
43 55 76 32.521 -111.58 310 137 122 150 2014 7 3 23 8 6 2 60
43 55 76 32.477 -111.51 277 127 111 150 2014 7 3 23 9 6 2 77
43 55 76 32.445 -111.43 274 117 110 150 2014 7 3 23 10 6 2 77
43 55 76 32.409 -111.35 281 115 109 150 2014 7 3 23 11 6 2 77
43 55 76 32.377 -111.27 274 115 97 150 2014 7 3 23 12 6 2 77
43 55 76 32.347 -111.2 272 114 85 150 2014 7 3 23 13 6 2 77
43 55 76 32.301 -111.08 281 116 66 150 2014 7 3 23 14 6 2 77
43 55 76 32.241 -111.03 282 131 58 150 2014 7 3 23 15 6 2 77
43 55 76 32.176 -111 264 156 47 150 2014 7 3 23 16 6 2 77
43 55 76 32.12 -110.98 252 165 42 150 2014 7 3 23 17 6 2 77
43 55 76 32.077 -110.96 223 164 41 150 2014 7 3 23 18 6 2 77
43 55 76 32.056 -110.91 194 85 36 150 2014 7 3 23 20 6 2 77
44 55 76 33.436 -112.01 114 0 11 110 2014 7 3 23 16 6 2 79
44 55 76 33.39 -112.08 131 324 59 110 2014 7 3 23 18 6 2 79
44 55 76 33.333 -112.08 204 199 60 110 2014 7 3 23 19 6 2 79
44 55 76 33.283 -112.07 204 167 61 110 2014 7 3 23 20 6 2 79
44 55 76 33.233 -112.06 195 164 61 110 2014 7 3 23 21 6 2 79
44 55 76 33.167 -112.03 178 171 60 110 2014 7 3 23 22 6 2 79
44 55 76 33.136 -112.02 181 164 61 110 2014 7 3 23 23 6 2 79
44 55 76 33.078 -111.99 186 150 80 110 2014 7 3 23 24 6 2 79
44 55 76 33.022 -111.97 212 159 81 110 2014 7 3 23 25 6 2 79
44 55 76 32.967 -111.94 219 158 81 110 2014 7 3 23 26 6 2 60
44 55 76 32.914 -111.92 207 158 90 110 2014 7 3 23 27 6 2 60
44 55 76 32.874 -111.9 155 149 110 110 2014 7 3 23 28 6 2 60
44 55 76 32.828 -111.86 196 157 110 110 2014 7 3 23 29 6 2 60
44 55 76 32.78 -111.82 204 143 110 110 2014 7 3 23 30 6 2 60
44 55 76 32.734 -111.78 204 145 111 110 2014 7 3 23 31 6 2 60
44 55 76 32.681 -111.73 204 144 111 110 2014 7 3 23 32 6 2 60
44 55 76 32.624 -111.7 213 146 112 110 2014 7 3 23 33 6 2 60
44 55 76 32.58 -111.65 204 146 111 110 2014 7 3 23 34 6 2 60
44 55 76 32.536 -111.61 202 141 105 110 2014 7 3 23 35 7 2 60
44 55 76 32.501 -111.57 204 138 97 110 2014 7 3 23 36 17 2 60
44 55 76 32.46 -111.53 203 138 91 110 2014 7 3 23 37 6 2 77
44 55 76 32.419 -111.48 202 138 91 110 2014 7 3 23 38 6 2 77
44 55 76 32.381 -111.43 202 120 84 110 2014 7 3 23 39 6 2 77
44 55 76 32.353 -111.36 201 122 77 110 2014 7 3 23 40 6 2 77
44 55 76 32.336 -111.3 197 109 71 110 2014 7 3 23 41 6 2 77
44 55 76 32.315 -111.25 194 114 65 110 2014 7 3 23 42 6 2 77
44 55 76 32.294 -111.19 191 106 61 110 2014 7 3 23 43 6 2 77
44 55 76 32.277 -111.13 189 113 58 110 2014 7 3 23 44 6 2 77
44 55 76 32.245 -111.09 175 106 55 110 2014 7 3 23 45 6 2 77
44 55 76 32.214 -111.05 173 136 48 110 2014 7 3 23 46 6 2 77
44 55 76 32.179 -111.01 173 137 48 110 2014 7 3 23 47 6 2 77
44 55 76 32.166 -110.98 149 105 43 110 2014 7 3 23 48 6 2 77
44 55 76 32.163 -110.93 130 126 35 110 2014 7 3 23 49 6 2 77
44 55 76 32.136 -110.94 119 113 28 110 2014 7 3 23 50 6 2 77
45 55 76 33.429 -112.05 177 0 25 170 2014 7 4 22 24 6 2 79
45 55 76 33.408 -112.11 205 257 45 170 2014 7 4 22 25 15 2 79
45 55 76 33.352 -112.14 264 209 70 170 2014 7 4 22 26 6 2 79
45 55 76 33.281 -112.11 269 203 100 170 2014 7 4 22 27 15 2 79
45 55 76 33.206 -112.07 292 158 120 170 2014 7 4 22 28 6 2 79
45 55 76 33.131 -112.03 292 156 120 170 2014 7 4 22 29 6 2 79
45 55 76 33.026 -111.98 362 156 158 170 2014 7 4 22 30 16 2 79
45 55 76 32.928 -111.93 384 156 170 170 2014 7 4 22 31 15 2 60
45 55 76 32.829 -111.86 408 156 170 170 2014 7 4 22 32 6 2 60
45 55 76 32.735 -111.78 415 153 166 170 2014 7 4 22 33 6 2 60
45 55 76 32.624 -111.69 405 147 148 170 2014 7 4 22 34 6 2 60
45 55 76 32.537 -111.61 399 144 137 170 2014 7 4 22 35 15 2 60
45 55 76 32.462 -111.53 384 136 127 170 2014 7 4 22 36 6 2 77
45 55 76 32.407 -111.42 384 121 127 170 2014 7 4 22 37 17 2 77
45 55 76 32.34 -111.39 310 136 109 170 2014 7 4 22 38 6 2 77
45 55 76 32.28 -111.33 296 135 99 170 2014 7 4 22 39 15 2 77
45 55 76 32.211 -111.24 295 136 87 170 2014 7 4 22 40 15 2 77
45 55 76 32.159 -111.19 295 136 78 170 2014 7 4 22 41 6 2 77
45 55 76 32.093 -111.11 295 135 67 170 2014 7 4 22 42 15 2 77
45 55 76 32.059 -111.04 260 117 64 170 2014 7 4 22 43 16 2 77
45 55 76 32.039 -110.98 226 119 52 170 2014 7 4 22 44 15 2 77
45 55 76 32.045 -110.91 199 107 45 170 2014 7 4 22 45 6 2 77
45 55 76 32.082 -110.9 163 100 34 170 2014 7 4 22 46 16 2 77
46 55 76 33.433 -112.03 156 999 18 130 2014 7 4 0 7 6 2 79
46 55 76 33.431 -112.04 188 0 21 130 2014 7 4 0 8 6 2 79
46 55 76 33.405 -112.12 209 244 41 130 2014 7 4 0 9 6 2 79
46 55 76 33.359 -112.18 269 239 57 130 2014 7 4 0 10 6 2 79
46 55 76 33.284 -112.15 282 161 78 130 2014 7 4 0 11 6 2 79
46 55 76 33.212 -112.11 290 162 101 130 2014 7 4 0 12 6 2 79
46 55 76 33.138 -112.06 295 153 117 130 2014 7 4 0 13 6 2 79
46 55 76 33.059 -112.01 319 152 126 130 2014 7 4 0 14 8 2 79
46 55 76 32.972 -111.96 349 152 130 130 2014 7 4 0 15 7 2 60
46 55 76 32.884 -111.91 356 152 130 130 2014 7 4 0 16 6 2 60
46 55 76 32.788 -111.83 354 150 130 130 2014 7 4 0 17 6 2 60
46 55 76 32.706 -111.76 359 148 120 130 2014 7 4 0 18 6 2 60
46 55 76 32.619 -111.69 371 145 111 130 2014 7 4 0 19 6 2 60
46 55 76 32.538 -111.62 370 145 109 130 2014 7 4 0 20 6 2 60
46 55 76 32.473 -111.54 344 135 101 130 2014 7 4 0 21 6 2 77
46 55 76 32.414 -111.47 303 136 90 130 2014 7 4 0 22 6 2 77
46 55 76 32.355 -111.41 289 138 78 130 2014 7 4 0 23 6 2 77
46 55 76 32.298 -111.34 290 136 67 130 2014 7 4 0 24 6 2 77
46 55 76 32.231 -111.26 285 133 60 130 2014 7 4 0 25 6 2 77
46 55 76 32.179 -111.2 275 134 60 130 2014 7 4 0 26 6 2 77
46 55 76 32.131 -111.14 263 135 52 130 2014 7 4 0 27 6 2 77
46 55 76 32.083 -111.08 258 134 50 130 2014 7 4 0 28 6 2 77
46 55 76 32.045 -111.01 246 124 50 130 2014 7 4 0 29 6 2 77
46 55 76 32.024 -110.94 244 124 51 130 2014 7 4 0 30 6 2 77
46 55 76 32.067 -110.87 239 59 47 130 2014 7 4 0 31 6 2 77
46 55 76 32.082 -110.9 174 54 32 130 2014 7 4 0 32 6 2 77
47 55 76 33.667 -111.83 85 128 56 55 2014 7 4 4 44 16 2 79
47 55 76 33.617 -111.78 128 140 56 55 2014 7 4 4 46 6 2 79
47 55 76 33.6 -111.75 131 124 56 55 2014 7 4 4 47 16 2 79
47 55 76 33.567 -111.72 137 134 56 55 2014 7 4 4 48 15 2 79
47 55 76 33.533 -111.68 139 137 56 55 2014 7 4 4 49 16 2 79
47 55 76 33.5 -111.67 139 147 56 55 2014 7 4 4 50 16 2 79
47 55 76 33.467 -111.63 141 147 56 55 2014 7 4 4 51 6 2 79
47 55 76 33.433 -111.62 142 146 56 55 2014 7 4 4 52 15 2 79
47 55 76 33.4 -111.6 136 152 56 55 2014 7 4 4 53 15 2 79
47 55 76 33.367 -111.57 141 152 56 55 2014 7 4 4 54 6 2 79
47 55 76 33.333 -111.55 143 154 56 55 2014 7 4 4 55 16 2 79
47 55 76 33.283 -111.53 144 155 56 55 2014 7 4 4 56 15 2 79
47 55 76 33.25 -111.52 139 155 56 55 2014 7 4 4 57 7 2 79
47 55 76 33.217 -111.5 138 158 56 55 2014 7 4 4 58 15 2 79
47 55 76 33.183 -111.48 141 159 56 55 2014 7 4 4 59 15 2 79
47 55 76 33.155 -111.47 141 157 56 55 2014 7 4 5 0 15 2 79
47 55 76 33.12 -111.45 141 159 56 55 2014 7 4 5 1 6 2 79
47 55 76 33.086 -111.43 139 154 56 55 2014 7 4 5 2 16 2 79
47 55 76 33.051 -111.41 136 154 56 55 2014 7 4 5 3 16 2 79
47 55 76 33.017 -111.4 133 157 61 55 2014 7 4 5 4 15 2 79
47 55 76 32.99 -111.39 104 157 65 55 2014 7 4 5 5 6 2 60
47 55 76 32.96 -111.37 108 160 69 55 2014 7 4 5 6 6 2 60
47 55 76 32.929 -111.36 123 160 72 55 2014 7 4 5 7 15 2 60
47 55 76 32.898 -111.35 115 157 72 55 2014 7 4 5 8 15 2 60
47 55 76 32.864 -111.33 130 159 72 55 2014 7 4 5 9 6 2 60
47 55 76 32.83 -111.32 130 160 72 55 2014 7 4 5 10 16 2 60
47 55 76 32.796 -111.3 130 159 72 55 2014 7 4 5 11 15 2 60
47 55 76 32.758 -111.28 128 158 72 55 2014 7 4 5 12 15 2 60
47 55 76 32.726 -111.27 127 158 72 55 2014 7 4 5 13 15 2 60
47 55 76 32.693 -111.25 127 157 72 55 2014 7 4 5 14 15 2 60
47 55 76 32.66 -111.23 127 159 72 55 2014 7 4 5 15 16 2 60
47 55 76 32.629 -111.22 126 158 73 55 2014 7 4 5 16 15 2 60
47 55 76 32.595 -111.2 126 158 68 55 2014 7 4 5 17 15 2 60
47 55 76 32.557 -111.18 138 156 65 55 2014 7 4 5 18 15 2 60
47 55 76 32.52 -111.17 142 158 61 55 2014 7 4 5 19 15 2 77
47 55 76 32.484 -111.15 153 156 57 55 2014 7 4 5 20 16 2 77
47 55 76 32.444 -111.13 157 161 52 55 2014 7 4 5 21 6 2 77
47 55 76 32.401 -111.11 152 156 51 55 2014 7 4 5 22 15 2 77
47 55 76 32.366 -111.09 148 153 49 55 2014 7 4 5 23 15 2 77
47 55 76 32.329 -111.06 147 154 46 55 2014 7 4 5 24 15 2 77
47 55 76 32.289 -111.04 149 149 43 55 2014 7 4 5 25 15 2 77
47 55 76 32.249 -111.02 149 156 43 55 2014 7 4 5 26 16 2 77
47 55 76 32.214 -110.99 148 148 42 55 2014 7 4 5 27 6 2 77
47 55 76 32.185 -110.97 155 138 39 55 2014 7 4 5 28 16 2 77
47 55 76 32.152 -110.94 115 147 33 55 2014 7 4 5 29 15 2 77
48 55 76 33.6 -112.08 83 999 39 55 2014 7 4 22 35 15 2 79
48 55 76 33.554 -112.05 122 140 47 55 2014 7 4 22 36 6 2 79
48 55 76 33.517 -112.02 119 157 53 55 2014 7 4 22 37 17 2 79
48 55 76 33.529 -112.03 120 141 51 55 2014 7 4 22 38 6 2 79
48 55 76 33.503 -112 118 140 57 55 2014 7 4 22 39 15 2 79
48 55 76 33.429 -111.99 139 175 57 55 2014 7 4 22 40 15 2 79
48 55 76 33.417 -111.98 149 176 57 55 2014 7 4 22 41 6 2 79
48 55 76 33.347 -111.98 146 180 57 55 2014 7 4 22 42 15 2 79
48 55 76 33.308 -111.97 146 180 57 55 2014 7 4 22 43 16 2 79
48 55 76 33.3 -111.97 147 165 57 55 2014 7 4 22 44 15 2 79
48 55 76 33.273 -111.95 147 155 57 55 2014 7 4 22 45 6 2 79
48 55 76 33.23 -111.91 149 140 57 55 2014 7 4 22 46 16 2 79
48 55 76 33.167 -111.85 146 146 57 55 2014 7 4 22 47 15 2 79
48 55 76 33.163 -111.86 147 140 57 55 2014 7 4 22 48 15 2 79
48 55 76 33.128 -111.83 147 144 57 55 2014 7 4 22 49 15 2 79
48 55 76 33.093 -111.8 150 157 57 55 2014 7 4 22 50 6 2 79
48 55 76 33.059 -111.77 150 146 57 55 2014 7 4 22 51 6 2 79
48 55 76 33.026 -111.75 150 145 57 55 2014 7 4 22 52 15 2 79
48 55 76 32.993 -111.72 150 144 57 55 2014 7 4 22 53 6 2 79
48 55 76 32.959 -111.69 149 142 57 55 2014 7 4 22 54 6 2 60
48 55 76 32.925 -111.66 149 144 57 55 2014 7 4 22 55 15 2 60
48 55 76 32.884 -111.62 149 144 57 55 2014 7 4 22 56 16 2 60
48 55 76 32.849 -111.6 150 145 57 55 2014 7 4 22 57 6 2 60
48 55 76 32.816 -111.57 150 145 57 55 2014 7 4 22 58 6 2 60
48 55 76 32.782 -111.54 150 144 57 55 2014 7 4 22 59 16 2 60
48 55 76 32.747 -111.51 151 143 57 55 2014 7 4 23 0 16 2 60
48 55 76 32.695 -111.47 151 147 58 55 2014 7 4 23 1 16 2 60
48 55 76 32.659 -111.44 153 127 58 55 2014 7 4 23 2 6 2 60
48 55 76 32.625 -111.41 156 141 58 55 2014 7 4 23 3 15 2 60
48 55 76 32.587 -111.38 161 145 58 55 2014 7 4 23 4 6 2 60
48 55 76 32.573 -111.36 156 145 58 55 2014 7 4 23 5 6 2 60
48 55 76 32.539 -111.33 155 140 58 55 2014 7 4 23 6 6 2 77
48 55 76 32.483 -111.28 155 141 57 55 2014 7 4 23 7 15 2 77
48 55 76 32.464 -111.26 155 141 57 55 2014 7 4 23 8 6 2 77
48 55 76 32.429 -111.22 156 142 55 55 2014 7 4 23 9 6 2 77
48 55 76 32.381 -111.17 160 137 56 55 2014 7 4 23 10 16 2 77
48 55 76 32.346 -111.14 159 136 55 55 2014 7 4 23 11 15 2 77
48 55 76 32.307 -111.11 162 145 54 55 2014 7 4 23 12 16 2 77
48 55 76 32.267 -111.08 169 148 52 55 2014 7 4 23 13 16 2 77
48 55 76 32.25 -111.06 162 144 50 55 2014 7 4 23 14 6 2 77
48 55 76 32.215 -111.02 165 137 46 55 2014 7 4 23 15 15 2 77
48 55 76 32.172 -110.98 166 138 43 55 2014 7 4 23 16 6 2 77
48 55 76 32.166 -110.97 158 140 38 55 2014 7 4 23 17 6 2 77
48 55 76 32.142 -110.94 113 134 31 55 2014 7 4 23 18 6 2 77
49 55 76 33.431 -112.04 188 0 23 170 2014 7 4 7 23 15 2 79
49 55 76 33.409 -112.1 221 256 46 170 2014 7 4 7 24 15 2 79
49 55 76 33.374 -112.18 278 248 65 170 2014 7 4 7 25 6 2 79
49 55 76 33.301 -112.18 276 238 97 170 2014 7 4 7 26 6 2 79
49 55 76 33.227 -112.13 302 210 112 170 2014 7 4 7 27 15 2 79
49 55 76 33.143 -112.08 344 164 135 170 2014 7 4 7 28 6 2 79
49 55 76 33.059 -112.02 344 151 135 170 2014 7 4 7 29 6 2 79
49 55 76 32.967 -111.96 368 151 169 170 2014 7 4 7 30 15 2 60
49 55 76 32.877 -111.9 374 151 169 170 2014 7 4 7 31 15 2 60
49 55 76 32.791 -111.83 374 150 169 170 2014 7 4 7 32 15 2 60
49 55 76 32.706 -111.76 374 147 169 170 2014 7 4 7 33 16 2 60
49 55 76 32.604 -111.68 374 144 150 170 2014 7 4 7 34 6 2 60
49 55 76 32.529 -111.6 363 137 132 170 2014 7 4 7 35 15 2 60
49 55 76 32.471 -111.51 355 127 113 170 2014 7 4 7 36 6 2 77
49 55 76 32.417 -111.41 329 123 101 170 2014 7 4 7 37 16 2 77
49 55 76 32.379 -111.34 287 122 92 170 2014 7 4 7 38 6 2 77
49 55 76 32.376 -111.33 278 122 91 170 2014 7 4 7 39 15 2 77
49 55 76 32.336 -111.26 265 122 81 170 2014 7 4 7 40 6 2 77
49 55 76 32.258 -111.11 256 122 62 170 2014 7 4 7 41 15 2 77
49 55 76 32.218 -111.06 219 124 53 170 2014 7 4 7 42 15 2 77
49 55 76 32.218 -111.06 219 124 53 170 2014 7 4 7 43 6 2 77
49 55 76 32.149 -110.98 148 135 33 170 2014 7 4 7 44 15 2 77
50 55 76 33.436 -112.01 156 0 11 170 2014 7 4 23 56 6 2 79
50 55 76 33.4 -112.15 259 241 49 170 2014 7 4 23 58 6 2 79
50 55 76 33.35 -112.18 276 239 78 170 2014 7 4 23 59 6 2 79
50 55 76 33.267 -112.15 282 159 105 170 2014 7 5 0 0 6 2 79
50 55 76 33.211 -112.11 303 161 117 170 2014 7 5 0 1 16 2 79
50 55 76 33.127 -112.06 338 152 140 170 2014 7 5 0 2 6 2 79
50 55 76 33.041 -112 347 145 162 170 2014 7 5 0 3 6 2 79
50 55 76 32.947 -111.95 374 152 169 170 2014 7 5 0 4 16 2 60
50 55 76 32.853 -111.88 388 152 169 170 2014 7 5 0 5 16 2 60
50 55 76 32.764 -111.81 391 151 169 170 2014 7 5 0 6 6 2 60
50 55 76 32.622 -111.69 399 145 154 170 2014 7 5 0 7 16 2 60
50 55 76 32.541 -111.62 386 146 139 170 2014 7 5 0 8 15 2 60
50 55 76 32.487 -111.53 370 130 121 170 2014 7 5 0 9 16 2 77
50 55 76 32.43 -111.43 357 124 106 170 2014 7 5 0 10 6 2 77
50 55 76 32.398 -111.37 321 124 100 170 2014 7 5 0 11 6 2 77
50 55 76 32.352 -111.29 292 124 85 170 2014 7 5 0 12 16 2 77
50 55 76 32.305 -111.21 292 125 72 170 2014 7 5 0 13 15 2 77
50 55 76 32.258 -111.12 270 119 62 170 2014 7 5 0 14 6 2 77
50 55 76 32.232 -111.06 262 122 53 170 2014 7 5 0 15 6 2 77
50 55 76 32.176 -111.01 190 135 40 170 2014 7 5 0 16 6 2 77
50 55 76 32.149 -110.98 165 131 33 170 2014 7 5 0 17 15 2 77
51 55 76 33.431 -112.04 186 0 18 150 2014 7 4 2 39 15 2 79
51 55 76 33.4 -112.13 231 254 43 150 2014 7 4 2 40 6 2 79
51 55 76 33.367 -112.18 266 239 61 150 2014 7 4 2 41 6 2 79
51 55 76 33.283 -112.2 276 191 84 150 2014 7 4 2 42 6 2 79
51 55 76 33.218 -112.22 293 189 102 150 2014 7 4 2 43 6 2 79
51 55 76 33.133 -112.25 310 190 126 150 2014 7 4 2 44 6 2 79
51 55 76 33.044 -112.25 320 194 148 150 2014 7 4 2 45 6 2 79
51 55 76 32.949 -112.23 348 188 150 150 2014 7 4 2 46 6 2 64
51 55 76 32.857 -112.2 348 176 150 150 2014 7 4 2 47 15 2 64
51 55 76 32.782 -112.14 347 166 150 150 2014 7 4 2 48 16 2 60
51 55 76 32.743 -112.04 346 155 150 150 2014 7 4 2 49 6 2 60
51 55 76 32.716 -111.93 346 126 150 150 2014 7 4 2 50 6 2 60
51 55 76 32.681 -111.8 346 110 150 150 2014 7 4 2 51 6 2 60
51 55 76 32.663 -111.7 323 108 150 150 2014 7 4 2 52 6 2 60
51 55 76 32.659 -111.6 315 94 144 150 2014 7 4 2 53 6 2 60
51 55 76 32.654 -111.49 315 93 121 150 2014 7 4 2 54 6 2 60
51 55 76 32.656 -111.39 317 89 109 150 2014 7 4 2 55 6 2 60
51 55 76 32.591 -111.34 301 120 110 150 2014 7 4 2 56 6 2 60
51 55 76 32.548 -111.3 295 143 108 150 2014 7 4 2 57 6 2 60
51 55 76 32.469 -111.21 292 136 82 150 2014 7 4 2 58 16 2 77
51 55 76 32.436 -111.17 290 133 72 150 2014 7 4 2 59 6 2 77
51 55 76 32.354 -111.06 281 133 62 150 2014 7 4 3 0 6 2 77
51 55 76 32.298 -111.01 274 139 50 150 2014 7 4 3 1 16 2 77
51 55 76 32.243 -110.95 268 138 50 150 2014 7 4 3 2 6 2 77
51 55 76 32.187 -110.9 262 139 50 150 2014 7 4 3 3 6 2 77
51 55 76 32.162 -110.88 254 141 50 150 2014 7 4 3 4 16 2 77
51 55 76 32.105 -110.84 223 139 44 150 2014 7 4 3 5 16 2 77
51 55 76 32.075 -110.87 198 144 41 150 2014 7 4 3 6 6 2 77
51 55 76 32.092 -110.91 150 197 30 150 2014 7 4 3 7 6 2 77
52 55 76 33.417 -112.05 194 252 34 170 2014 7 4 6 16 16 2 79
52 55 76 33.411 -112.1 205 239 49 170 2014 7 4 6 17 16 2 79
52 55 76 33.385 -112.18 262 256 72 170 2014 7 4 6 18 6 2 79
52 55 76 33.283 -112.17 293 185 109 170 2014 7 4 6 19 16 2 79
52 55 76 33.237 -112.14 302 157 124 170 2014 7 4 6 20 16 2 79
52 55 76 33.159 -112.09 318 150 152 170 2014 7 4 6 21 6 2 79
52 55 76 33.078 -112.03 331 151 170 170 2014 7 4 6 22 6 2 79
52 55 76 32.993 -111.96 369 151 170 170 2014 7 4 6 23 16 2 60
52 55 76 32.921 -111.88 368 147 170 170 2014 7 4 6 24 6 2 60
52 55 76 32.838 -111.78 357 139 170 170 2014 7 4 6 25 6 2 60
52 55 76 32.768 -111.7 352 135 162 110 2014 7 4 6 26 6 2 60
52 55 76 32.697 -111.61 356 135 147 110 2014 7 4 6 27 6 2 60
52 55 76 32.627 -111.53 353 137 133 110 2014 7 4 6 28 6 2 60
52 55 76 32.553 -111.47 335 141 118 110 2014 7 4 6 29 15 2 77
52 55 76 32.484 -111.41 321 145 105 110 2014 7 4 6 30 6 2 77
52 55 76 32.431 -111.34 288 134 90 110 2014 7 4 6 31 16 2 77
52 55 76 32.38 -111.27 284 131 75 110 2014 7 4 6 32 6 2 77
52 55 76 32.331 -111.21 274 130 70 110 2014 7 4 6 33 6 2 77
52 55 76 32.287 -111.15 251 130 66 110 2014 7 4 6 34 6 2 77
52 55 76 32.248 -111.09 229 131 60 110 2014 7 4 6 35 15 2 77
52 55 76 32.208 -111.04 209 133 47 110 2014 7 4 6 36 6 2 77
52 55 76 32.172 -111 195 138 38 110 2014 7 4 6 37 6 2 77
52 55 76 32.145 -110.97 152 133 32 110 2014 7 4 6 38 6 2 77
52 55 76 32.137 -110.96 192 132 37 110 2014 7 4 6 39 6 2 77
53 55 76 33.436 -112.01 156 0 11 170 2014 7 4 7 39 15 2 79
53 55 76 33.4 -112.15 269 245 69 170 2014 7 4 7 41 15 2 79
53 55 76 33.317 -112.17 285 231 101 170 2014 7 4 7 42 15 2 79
53 55 76 33.286 -112.14 291 189 118 170 2014 7 4 7 43 6 2 79
53 55 76 33.204 -112.1 331 147 138 170 2014 7 4 7 44 15 2 79
53 55 76 33.114 -112.05 357 154 168 170 2014 7 4 7 45 15 2 79
53 55 76 33.023 -111.99 366 156 170 170 2014 7 4 7 46 16 2 79
53 55 76 32.928 -111.93 382 153 170 170 2014 7 4 7 47 15 2 60
53 55 76 32.84 -111.87 370 153 169 170 2014 7 4 7 48 15 2 60
53 55 76 32.757 -111.8 366 150 163 170 2014 7 4 7 49 15 2 60
53 55 76 32.611 -111.68 358 144 138 170 2014 7 4 7 50 15 2 60
53 55 76 32.594 -111.67 357 145 136 170 2014 7 4 7 51 15 2 60
53 55 76 32.523 -111.59 360 145 126 170 2014 7 4 7 52 6 2 60
53 55 76 32.495 -111.54 362 135 121 170 2014 7 4 7 53 6 2 60
53 55 76 32.381 -111.36 315 126 107 170 2014 7 4 7 54 15 2 77
53 55 76 32.345 -111.29 271 121 94 170 2014 7 4 7 55 15 2 77
53 55 76 32.307 -111.21 260 121 80 170 2014 7 4 7 56 15 2 77
53 55 76 32.273 -111.15 247 121 70 170 2014 7 4 7 57 15 2 77
53 55 76 32.238 -111.09 223 120 69 170 2014 7 4 7 58 15 2 77
53 55 76 32.204 -111.04 183 128 56 170 2014 7 4 7 59 15 2 77
53 55 76 32.188 -111.02 178 132 45 170 2014 7 4 8 0 6 2 77
53 55 76 32.166 -110.99 158 135 37 170 2014 7 4 8 1 15 2 77
53 55 76 32.133 -110.95 154 134 34 170 2014 7 4 8 2 15 2 77
54 55 76 33.436 -112.01 156 0 11 170 2014 7 4 16 8 6 2 79
54 55 76 33.417 -112.07 193 257 30 170 2014 7 4 16 9 6 2 79
54 55 76 33.414 -112.1 211 239 44 170 2014 7 4 16 10 6 2 79
54 55 76 33.386 -112.18 268 252 69 170 2014 7 4 16 11 6 2 79
54 55 76 33.247 -112.14 268 214 98 170 2014 7 4 16 12 15 2 79
54 55 76 33.182 -112.1 268 151 98 170 2014 7 4 16 13 15 2 79
54 55 76 33.177 -112.1 286 161 121 170 2014 7 4 16 14 6 2 79
54 55 76 33.083 -112.04 317 151 154 170 2014 7 4 16 15 16 2 79
54 55 76 32.997 -111.98 346 151 169 170 2014 7 4 16 16 6 2 60
54 55 76 32.899 -111.92 398 151 169 170 2014 7 4 16 17 15 2 60
54 55 76 32.804 -111.84 409 151 169 170 2014 7 4 16 18 6 2 60
54 55 76 32.665 -111.73 410 145 170 170 2014 7 4 16 19 15 2 60
54 55 76 32.594 -111.67 412 146 159 170 2014 7 4 16 20 6 2 60
54 55 76 32.517 -111.58 391 139 141 170 2014 7 4 16 21 6 2 60
54 55 76 32.461 -111.49 369 127 127 170 2014 7 4 16 22 16 2 77
54 55 76 32.413 -111.4 334 121 114 170 2014 7 4 16 23 6 2 77
54 55 76 32.371 -111.32 296 123 102 170 2014 7 4 16 24 15 2 77
54 55 76 32.331 -111.25 272 122 89 170 2014 7 4 16 25 15 2 77
54 55 76 32.292 -111.18 259 122 76 170 2014 7 4 16 26 15 2 77
54 55 76 32.255 -111.11 254 123 63 170 2014 7 4 16 27 6 2 77
54 55 76 32.211 -111.04 254 122 50 170 2014 7 4 16 28 16 2 77
54 55 76 32.169 -111 226 133 38 170 2014 7 4 16 29 6 2 77
54 55 76 32.204 -111.04 239 138 50 170 2014 7 4 16 30 16 2 77
55 55 76 33.426 -112.05 169 262 30 170 2014 7 4 15 8 6 2 79
55 55 76 33.405 -112.12 252 248 55 170 2014 7 4 15 9 15 2 79
55 55 76 33.349 -112.18 270 244 91 170 2014 7 4 15 10 15 2 79
55 55 76 33.281 -112.15 272 219 128 170 2014 7 4 15 11 15 2 79
55 55 76 33.206 -112.1 286 171 159 170 2014 7 4 15 12 18 2 79
55 55 76 33.126 -112.05 338 156 169 170 2014 7 4 15 13 6 2 79
55 55 76 33.042 -112 338 152 169 170 2014 7 4 15 14 15 2 79
55 55 76 33.027 -112 394 153 169 170 2014 7 4 15 15 6 2 79
55 55 76 32.908 -111.92 402 153 169 170 2014 7 4 15 16 6 2 60
55 55 76 32.817 -111.85 394 152 162 170 2014 7 4 15 17 6 2 60
55 55 76 32.695 -111.75 394 144 143 170 2014 7 4 15 18 6 2 60
55 55 76 32.567 -111.63 370 144 119 170 2014 7 4 15 19 15 2 60
55 55 76 32.532 -111.57 371 138 114 170 2014 7 4 15 20 6 2 60
55 55 76 32.47 -111.47 349 125 105 170 2014 7 4 15 21 15 2 77
55 55 76 32.426 -111.4 292 125 94 170 2014 7 4 15 22 16 2 77
55 55 76 32.382 -111.32 277 125 77 170 2014 7 4 15 23 6 2 77
55 55 76 32.335 -111.24 267 125 70 170 2014 7 4 15 24 6 2 77
55 55 76 32.294 -111.18 264 125 70 170 2014 7 4 15 25 15 2 77
55 55 76 32.275 -111.14 253 126 68 170 2014 7 4 15 26 6 2 77
55 55 76 32.215 -111.06 223 123 50 170 2014 7 4 15 27 15 2 77
55 55 76 32.179 -111.01 173 135 41 170 2014 7 4 15 28 6 2 77
55 55 76 32.146 -110.98 152 133 32 170 2014 7 4 15 29 16 2 77
55 55 76 32.138 -110.95 168 135 32 170 2014 7 4 15 30 6 2 77
56 55 76 33.43 -112.04 158 262 24 170 2014 7 4 17 48 6 2 79
56 55 76 33.408 -112.12 245 248 43 170 2014 7 4 17 49 6 2 79
56 55 76 33.363 -112.19 274 252 74 170 2014 7 4 17 50 16 2 79
56 55 76 33.293 -112.16 275 238 106 170 2014 7 4 17 51 6 2 79
56 55 76 33.213 -112.11 325 193 121 170 2014 7 4 17 52 6 2 79
56 55 76 33.133 -112.06 325 152 121 170 2014 7 4 17 53 6 2 79
56 55 76 33.037 -112 356 153 169 170 2014 7 4 17 54 15 2 79
56 55 76 32.942 -111.94 380 153 169 170 2014 7 4 17 55 15 2 60
56 55 76 32.942 -111.94 380 153 169 170 2014 7 4 17 56 6 2 60
56 55 76 32.743 -111.84 345 150 162 110 2014 7 4 17 57 16 2 60
56 55 76 32.652 -111.81 342 156 143 110 2014 7 4 17 58 6 2 60
56 55 76 32.6 -111.72 342 123 143 110 2014 7 4 17 59 6 2 60
56 55 76 32.527 -111.76 331 166 119 110 2014 7 4 18 0 16 2 60
56 55 76 32.51 -111.7 341 121 111 110 2014 7 4 18 1 6 2 60
56 55 76 32.49 -111.6 320 106 103 110 2014 7 4 18 2 8 2 60
56 55 76 32.453 -111.53 282 120 92 110 2014 7 4 18 3 6 2 77
56 55 76 32.408 -111.43 275 118 77 110 2014 7 4 18 4 6 2 77
56 55 76 32.336 -111.28 278 121 60 110 2014 7 4 18 5 15 2 77
56 55 76 32.3 -111.21 275 118 60 110 2014 7 4 18 6 15 2 77
56 55 76 32.296 -111.19 276 118 60 110 2014 7 4 18 7 6 2 77
56 55 76 32.261 -111.12 271 120 57 110 2014 7 4 18 8 6 2 77
56 55 76 32.223 -111.07 225 118 53 110 2014 7 4 18 9 16 2 77
56 55 76 32.19 -111.01 230 146 43 110 2014 7 4 18 10 16 2 77
56 55 76 32.157 -110.99 158 132 35 110 2014 7 4 18 11 15 2 77
56 55 76 32.126 -110.95 152 147 27 110 2014 7 4 18 12 16 2 77
57 55 76 33.427 -112.05 162 262 26 170 2014 7 4 19 32 16 2 79
57 55 76 33.383 -112.04 162 167 26 170 2014 7 4 19 33 15 2 79
57 55 76 33.408 -112.12 231 204 43 170 2014 7 4 19 34 6 2 79
57 55 76 33.362 -112.19 272 251 72 170 2014 7 4 19 35 16 2 79
57 55 76 33.218 -112.11 298 191 122 170 2014 7 4 19 36 16 2 79
57 55 76 33.218 -112.11 298 191 122 170 2014 7 4 19 37 6 2 79
57 55 76 33.136 -112.06 316 154 148 170 2014 7 4 19 38 6 2 79
57 55 76 32.942 -111.94 374 153 170 170 2014 7 4 19 39 15 2 60
57 55 76 32.849 -111.89 374 154 170 170 2014 7 4 19 40 15 2 60
57 55 76 32.851 -111.88 376 153 170 170 2014 7 4 19 41 6 2 60
57 55 76 32.763 -111.8 387 151 163 170 2014 7 4 19 42 6 2 60
57 55 76 32.594 -111.67 387 145 143 170 2014 7 4 19 43 16 2 60
57 55 76 32.535 -111.61 374 145 135 170 2014 7 4 19 44 16 2 60
57 55 76 32.466 -111.51 360 134 122 170 2014 7 4 19 45 16 2 77
57 55 76 32.4 -111.44 329 133 109 170 2014 7 4 19 46 6 2 77
57 55 76 32.343 -111.37 289 136 94 170 2014 7 4 19 47 16 2 77
57 55 76 32.288 -111.31 280 135 82 170 2014 7 4 19 48 6 2 77
57 55 76 32.231 -111.25 280 136 70 170 2014 7 4 19 49 6 2 77
57 55 76 32.172 -111.19 284 136 61 170 2014 7 4 19 50 16 2 77
57 55 76 32.145 -111.16 281 138 61 170 2014 7 4 19 51 6 2 77
57 55 76 32.058 -111.06 252 136 57 170 2014 7 4 19 52 15 2 77
57 55 76 32.024 -111 227 130 50 170 2014 7 4 19 53 16 2 77
57 55 76 32.012 -110.94 210 122 45 170 2014 7 4 19 54 15 2 77
57 55 76 32.048 -110.89 190 71 40 170 2014 7 4 19 55 15 2 77
57 55 76 32.087 -110.91 150 46 32 170 2014 7 4 19 56 15 2 77
58 55 76 33.436 -112.01 156 0 11 170 2014 7 4 21 21 15 2 79
58 55 76 33.43 -112.03 142 245 22 170 2014 7 4 21 22 6 2 79
58 55 76 33.412 -112.09 188 244 47 170 2014 7 4 21 23 6 2 79
58 55 76 33.367 -112.17 275 253 77 170 2014 7 4 21 24 6 2 79
58 55 76 33.311 -112.16 276 235 102 170 2014 7 4 21 25 15 2 79
58 55 76 33.234 -112.12 308 165 124 170 2014 7 4 21 26 15 2 79
58 55 76 33.151 -112.07 332 162 152 170 2014 7 4 21 27 16 2 79
58 55 76 33.043 -112 358 153 168 170 2014 7 4 21 28 6 2 79
58 55 76 32.948 -111.95 380 153 169 170 2014 7 4 21 29 6 2 60
58 55 76 32.855 -111.88 381 151 169 170 2014 7 4 21 30 6 2 60
58 55 76 32.767 -111.81 388 145 169 170 2014 7 4 21 31 6 2 60
58 55 76 32.679 -111.73 388 143 155 170 2014 7 4 21 32 15 2 60
58 55 76 32.6 -111.66 390 138 141 170 2014 7 4 21 33 6 2 60
58 55 76 32.516 -111.57 383 141 130 170 2014 7 4 21 34 6 2 60
58 55 76 32.436 -111.49 370 138 121 170 2014 7 4 21 35 18 2 77
58 55 76 32.364 -111.42 355 141 110 170 2014 7 4 21 36 6 2 77
58 55 76 32.3 -111.33 301 132 95 170 2014 7 4 21 37 16 2 77
58 55 76 32.248 -111.26 293 130 80 170 2014 7 4 21 38 16 2 77
58 55 76 32.197 -111.19 287 129 65 170 2014 7 4 21 39 16 2 77
58 55 76 32.146 -111.12 287 129 60 170 2014 7 4 21 40 6 2 77
58 55 76 32.098 -111.05 281 130 54 170 2014 7 4 21 41 6 2 77
58 55 76 32.058 -110.99 260 129 50 170 2014 7 4 21 42 16 2 77
58 55 76 32.035 -110.94 208 114 43 170 2014 7 4 21 43 16 2 77
58 55 76 32.061 -110.9 163 117 37 170 2014 7 4 21 44 18 2 77
58 55 76 32.098 -110.92 146 33 28 170 2014 7 4 21 45 6 2 77
