0 67.61 54.828 66.619 53.296 61.878 41.216 61.76 30.871 40.074 52.67 64.146 62.684 52.606 62.134 39.566 51.097 42.826 61.797 63.304 61.944 40.962
0 0 38.44 51.537 38.117 41.757 83.417 80.934 54.631 77.397 38.281 24.337 41.85 80.659 41.591 81.217 37.674 39.806 42.257 85.396 42.893 68.726
0 0 0 52.022 26.738 42.454 65.094 64.586 29.451 59.802 34.065 30.012 42.254 62.304 41.966 67.164 34.414 20.165 43.249 64.937 42.261 58.393
0 0 0 0 34.106 23.548 62.443 62.204 64.51 55.279 23.846 48.406 22.926 58.285 24.899 58.603 26.285 54.467 19.816 62.225 25.648 48.877
0 0 0 0 0 22.593 65.019 63.463 43.072 58.935 23.394 32.363 26.468 61.104 31.099 66.175 29.706 29.072 26.442 63.733 31.902 58.484
0 0 0 0 0 0 64.855 63.942 55.205 59.362 23.505 38.054 25.947 61.774 32.708 66.647 31.298 44.656 24.759 63.527 33.52 58.009
0 0 0 0 0 0 0 34.35 46.615 18.753 54.706 75.862 49.94 18.819 59.855 28.469 49.991 59.941 52.631 30.601 45.543 41.456
0 0 0 0 0 0 0 0 56.068 27.847 52.023 74.579 46.863 29.565 57.277 30.85 45.58 55.325 46.958 37.615 40.28 37.063
0 0 0 0 0 0 0 0 0 45.547 47.816 46.377 55.381 53.287 54.913 51.391 47.871 18.736 56.238 61.267 55.043 44.233
0 0 0 0 0 0 0 0 0 0 48.365 69.489 44.345 20.755 53.038 29.907 44.763 53.557 46.973 29.675 41.111 39.852
0 0 0 0 0 0 0 0 0 0 0 30.555 17.959 52.339 27.75 56.683 26.404 36.087 15.778 57.099 28.529 53.785
0 0 0 0 0 0 0 0 0 0 0 0 38.351 72.208 38.062 74.288 35.174 31.841 38.873 74.379 38.313 65.434
0 0 0 0 0 0 0 0 0 0 0 0 0 48.334 22.783 49.238 26.543 44.957 24.215 53.267 24.52 46.838
0 0 0 0 0 0 0 0 0 0 0 0 0 0 56.593 37.872 49.377 57.711 51.678 42.41 48.259 47.783
0 0 0 0 0 0 0 0 0 0 0 0 0 0 0 56.98 23.927 44.716 27.044 61.479 23.734 44.95
0 0 0 0 0 0 0 0 0 0 0 0 0 0 0 0 49.41 58.062 51.6 25.83 45.046 41.906
0 0 0 0 0 0 0 0 0 0 0 0 0 0 0 0 0 36.619 25.742 53.672 34.494 45.362
0 0 0 0 0 0 0 0 0 0 0 0 0 0 0 0 0 0 45.289 62.502 44.87 47.222
0 0 0 0 0 0 0 0 0 0 0 0 0 0 0 0 0 0 0 56.399 27.8 46.032
0 0 0 0 0 0 0 0 0 0 0 0 0 0 0 0 0 0 0 0 51.854 54.248
0 0 0 0 0 0 0 0 0 0 0 0 0 0 0 0 0 0 0 0 0 44.65
0 0 0 0 0 0 0 0 0 0 0 0 0 0 0 0 0 0 0 0 0 0
