0 5.7269 6.7122 4.6571 16.242 6.7122 5.6219 12.385 6.5985 9.2369 5.0343 8.5445 5.6433 6.4882 7.7367 6.6269 5.8122 7.662 8.3426 6.7122 5.9002 4.657 5.8937 8.3426 5.8728 5.9721 6.5879 5.9726 8.0507 7.8201 10.845 4.2224 8.5239 7.4929 5.9312 4.7249 5.0096 4.1474 5.1209 7.2637
0 0 8.8761 6.5118 17.728 9.1157 5.5662 13.707 5.9313 13.305 5.4726 9.0481 6.5099 10.917 7.6547 8.586 4.6569 9.3956 8.3426 9.054 5.7218 6.7337 6.465 13.27 9.4591 7.1787 7.2672 7.0764 9.6564 7.6547 15.488 5.9853 9.8802 6.4997 6.8218 9.5421 6.8218 5.5662 4.9109 5.1616
0 0 0 7.3905 17.935 7.2552 5.8732 13.266 7.4886 6.7122 6.0078 10.072 7.2575 7.5163 10.055 9.4959 7.439 8.4636 11.168 10.005 5.7644 6.0078 6.0078 7.9807 5.8311 6.2222 9.8215 7.9648 10.876 8.793 10.876 6.4693 11.369 8.2985 9.1324 6.7122 7.3979 5.8646 6.7122 6.6817
0 0 0 0 15.183 7.6015 6.5118 13.131 5.3053 11.824 5.5815 7.8835 5.8696 8.9587 6.7613 6.5358 6.5261 8.0677 5.9704 5.5388 5.3048 6.4908 5.7359 10.783 8.4387 6.5118 6.0323 7.0764 8.3382 7.8201 13.528 7.4421 8.3901 7.2626 5.5815 7.084 4.928 6.5118 6.5118 7.2626
0 0 0 0 0 14.605 15.027 18.033 16.291 16.979 17.073 17.749 12.173 17.489 11.683 10.86 17.992 11.182 13.238 11.276 14.379 17.413 14.91 16.788 16.822 14.192 12.801 12.703 9.3331 13.54 10.071 18.547 11.919 17.935 15.392 16.392 18.75 17.935 17.489 15.768
0 0 0 0 0 0 7.3433 13.131 6.5126 7.223 7.3474 7.6813 7.4195 7.8914 9.4367 7.9652 6.9966 7.7228 10.734 6.7318 7.0075 7.8672 5.902 7.6813 7.0933 8.231 9.3344 6.5338 9.6103 10.474 8.7939 7.3474 10.826 7.0005 8.8767 7.5788 7.5301 7.8914 6.7122 7.4571
0 0 0 0 0 0 0 12.499 6.3975 11.09 6.2481 6.7907 6.7179 8.318 7.5157 6.9205 5.8122 7.3257 7.266 6.1015 5.632 5.0051 4.4408 9.4256 7.5816 4.8366 5.8631 6.6873 7.9622 10.013 12.273 6.6006 8.541 7.267 6.6873 6.5113 6.7907 6.6006 6.8267 6.5453
0 0 0 0 0 0 0 0 14.438 13.131 13.985 12.499 12.104 11.262 10.725 11.395 11.461 10.911 13.648 12.34 13.825 13.613 11.457 12.146 14.295 13.561 10.846 11.395 11.366 11.781 13.648 12.499 13.928 12.842 13.131 14.248 12.499 12.146 13.087 12.146
0 0 0 0 0 0 0 0 0 10.627 5.9348 6.1631 8.5907 7.7498 8.3789 9.491 7.0808 8.6195 8.7911 8.5891 7.579 5.9348 7.5487 9.4822 7.403 6.5044 5.596 6.5868 10.27 10.474 12.255 5.8695 11.172 6.3752 5.9306 7.4886 5.807 5.4756 6.2287 4.4396
0 0 0 0 0 0 0 0 0 0 8.8287 8.0191 11.483 6.933 12.874 10.159 11.328 11.326 14.255 9.6538 10.985 6.5718 8.4775 8.3426 5.9726 8.6343 12.806 7.6985 8.8015 8.3789 9.109 8.1764 15.157 8.6343 12.765 5.3407 11.712 9.2771 10.694 11.575
0 0 0 0 0 0 0 0 0 0 0 8.3449 6.758 6.8264 7.4821 9.3134 6.5053 9.7696 8.5869 8.5709 7.0894 6.0078 4.9287 8.5231 4.9809 4.7068 6.8741 7.0764 9.2986 7.6872 10.983 5.6423 10.01 5.6429 5.3403 5.1311 5.128 4.1188 4.7124 5.8693
0 0 0 0 0 0 0 0 0 0 0 0 7.5652 8.0475 9.1285 8.3757 7.5819 8.4026 8.898 9.6197 7.8433 8.3449 6.2667 8.3426 7.7505 7.8109 8.5954 9.3979 9.4761 9.9962 11.09 6.7074 9.5035 8.7334 7.7526 7.8109 8.5954 9.5365 9.2332 9.5365
0 0 0 0 0 0 0 0 0 0 0 0 0 9.6719 5.928 4.5162 7.5168 5.8917 8.8789 5.0466 5.4476 6.8886 5.4637 10.252 8.3199 4.2152 6.0831 5.5338 5.8699 9.3111 13.052 7.4832 6.2287 7.6992 5.9418 6.7062 7.3583 7.341 5.9313 8.0686
0 0 0 0 0 0 0 0 0 0 0 0 0 0 10.798 10.529 8.5148 9.3442 12.138 9.6463 8.8816 6.0804 7.1349 6.8264 6.0828 6.9644 10.189 6.7855 10.244 9.5076 11.248 6.8264 12.411 5.9376 10.49 6.7682 8.8395 8.5539 7.82 8.6979
0 0 0 0 0 0 0 0 0 0 0 0 0 0 0 6.5796 9.0781 7.3953 8.3426 6.7122 7.1247 8.5231 7.3885 12.512 9.0559 7.7922 6.1895 7.7927 7.9569 10.021 14.941 8.5718 6.0037 8.793 6.7362 9.0644 8.7085 8.793 7.6972 7.6517
0 0 0 0 0 0 0 0 0 0 0 0 0 0 0 0 8.5148 5.814 8.5869 5.0466 5.3832 9.386 6.5055 9.8517 9.3192 6.0186 7.2956 5.9306 4.4009 9.831 11.983 9.5046 5.8708 9.1474 8.2372 8.3827 8.9059 9.1474 9.4959 9.5914
0 0 0 0 0 0 0 0 0 0 0 0 0 0 0 0 0 8.4907 6.2881 8.4825 4.8461 5.974 6.8248 10.525 7.7513 6.854 7.2955 7.7192 9.5786 8.978 13.945 5.4493 10.781 6.6047 5.3774 6.854 6.3117 5.3427 5.2043 6.6047
0 0 0 0 0 0 0 0 0 0 0 0 0 0 0 0 0 0 8.3426 6.7907 7.3895 10.138 7.3836 9.9802 9.4975 6.1869 5.5325 6.6098 6.5681 7.4373 14.555 10.286 5.8649 8.6195 8.0697 9.1728 9.3188 8.6195 8.4636 8.3701
0 0 0 0 0 0 0 0 0 0 0 0 0 0 0 0 0 0 0 5.9418 6.3118 8.5869 7.7888 14.542 10.491 7.4374 7.0215 8.5869 7.3736 8.0142 16.518 7.2329 7.3736 8.7911 7.4994 10.993 8.3426 8.7911 8.6365 8.5869
0 0 0 0 0 0 0 0 0 0 0 0 0 0 0 0 0 0 0 0 6.1931 8.8666 7.1489 10.055 8.3578 6.1219 5.948 5.0661 5.2298 8.5813 11.924 9.3152 6.2188 8.5891 6.7891 7.8079 8.4825 8.5891 8.7925 7.6517
0 0 0 0 0 0 0 0 0 0 0 0 0 0 0 0 0 0 0 0 0 6.9269 5.614 9.8582 7.2269 5.6391 5.7406 5.8251 6.0117 7.8163 12.691 6.5814 7.0353 7.8163 5.2371 6.5118 6.7047 5.7268 4.8725 7.579
0 0 0 0 0 0 0 0 0 0 0 0 0 0 0 0 0 0 0 0 0 0 5.4242 7.2397 3.9183 6.3224 7.1484 7.2702 9.5719 8.5813 10.008 5.9418 10.238 8.2985 6.2257 4.6395 6.5278 4.7218 5.2353 5.9438
0 0 0 0 0 0 0 0 0 0 0 0 0 0 0 0 0 0 0 0 0 0 0 8.2022 6.0829 5.4496 6.3955 5.0096 7.4791 8.9339 11.147 5.4433 7.7591 7.5487 6.4997 5.8937 5.9728 7.5487 5.8937 6.0089
0 0 0 0 0 0 0 0 0 0 0 0 0 0 0 0 0 0 0 0 0 0 0 0 7.2228 7.9153 12.429 7.7306 11.247 7.1575 10.04 8.3236 14.502 8.5878 12.874 8.3426 10.614 8.5309 9.5915 10.402
0 0 0 0 0 0 0 0 0 0 0 0 0 0 0 0 0 0 0 0 0 0 0 0 0 5.552 8.992 5.7345 9.1025 7.3238 9.1025 6.033 11.431 7.2228 8.9401 5.5507 8.3878 5.7283 7.4198 8.3402
0 0 0 0 0 0 0 0 0 0 0 0 0 0 0 0 0 0 0 0 0 0 0 0 0 0 6.1865 6.0786 6.3354 10.206 11.147 5.4717 7.3885 7.6763 6.4655 5.5518 6.1614 5.7997 6.6393 6.5044
0 0 0 0 0 0 0 0 0 0 0 0 0 0 0 0 0 0 0 0 0 0 0 0 0 0 0 5.901 7.3683 9.8707 14.867 6.8741 6.4239 7.3282 4.6756 8.5945 6.9333 7.3282 6.5313 4.5159
0 0 0 0 0 0 0 0 0 0 0 0 0 0 0 0 0 0 0 0 0 0 0 0 0 0 0 0 5.8703 10.875 9.8706 7.2569 8.2708 7.8125 7.0764 6.7435 7.648 7.8125 6.9516 5.6081
0 0 0 0 0 0 0 0 0 0 0 0 0 0 0 0 0 0 0 0 0 0 0 0 0 0 0 0 0 10.474 10.506 10.542 6.8145 9.5063 8.3382 8.499 10.308 9.5063 9.3191 10.27
0 0 0 0 0 0 0 0 0 0 0 0 0 0 0 0 0 0 0 0 0 0 0 0 0 0 0 0 0 0 9.2922 10.864 8.5239 8.6628 10.478 10.478 10.478 8.3789 7.2569 7.8201
0 0 0 0 0 0 0 0 0 0 0 0 0 0 0 0 0 0 0 0 0 0 0 0 0 0 0 0 0 0 0 10.542 17.098 11.096 14.986 9.4152 13.442 11.924 12.351 13.186
0 0 0 0 0 0 0 0 0 0 0 0 0 0 0 0 0 0 0 0 0 0 0 0 0 0 0 0 0 0 0 0 10.849 6.733 5.5327 6.4693 5.9738 4.677 6.801 5.8693
0 0 0 0 0 0 0 0 0 0 0 0 0 0 0 0 0 0 0 0 0 0 0 0 0 0 0 0 0 0 0 0 0 10.543 9.5591 10.665 10.718 10.543 10.274 9.9295
0 0 0 0 0 0 0 0 0 0 0 0 0 0 0 0 0 0 0 0 0 0 0 0 0 0 0 0 0 0 0 0 0 0 6.4655 6.7659 7.3553 5.988 7.3042 5.988
0 0 0 0 0 0 0 0 0 0 0 0 0 0 0 0 0 0 0 0 0 0 0 0 0 0 0 0 0 0 0 0 0 0 0 9.2326 4.2303 5.9306 6.9295 5.2361
0 0 0 0 0 0 0 0 0 0 0 0 0 0 0 0 0 0 0 0 0 0 0 0 0 0 0 0 0 0 0 0 0 0 0 0 6.9541 5.5518 6.9295 6.8026
0 0 0 0 0 0 0 0 0 0 0 0 0 0 0 0 0 0 0 0 0 0 0 0 0 0 0 0 0 0 0 0 0 0 0 0 0 4.6513 6.9295 5.4488
0 0 0 0 0 0 0 0 0 0 0 0 0 0 0 0 0 0 0 0 0 0 0 0 0 0 0 0 0 0 0 0 0 0 0 0 0 0 5.6435 5.9438
0 0 0 0 0 0 0 0 0 0 0 0 0 0 0 0 0 0 0 0 0 0 0 0 0 0 0 0 0 0 0 0 0 0 0 0 0 0 0 4.6577
0 0 0 0 0 0 0 0 0 0 0 0 0 0 0 0 0 0 0 0 0 0 0 0 0 0 0 0 0 0 0 0 0 0 0 0 0 0 0 0
