0 27.007 8.7891 14.04 16.622 34.21 18.323 12.945 10.738 14.461 17.537 16.229 12.243 16.328 30.271 16.202 15.102 20.335 13.103 10.418 16.494 15.28 16.967 25.636 14.192 15.971
0 0 25.62 14.983 15.258 18.406 13.966 16.417 22.674 21.189 16.666 17.441 25.286 20.057 15.29 18.607 14.801 17.318 15.773 22.529 16.665 15.175 14.469 11.255 23.507 15.213
0 0 0 13.945 16.062 33.179 18.238 13.157 9.0458 14.011 13.067 13.739 10.251 10.312 28.844 15.663 13.39 18.235 12.017 10.777 14.959 14.835 16.887 23.941 12.25 16.359
0 0 0 0 9.7288 21.171 12.72 10.581 10.432 10.305 9.9501 8.1963 13.988 9.5331 17.339 15.546 10.746 15.906 9.9755 12.323 9.5704 12.038 10.504 13.467 11.533 10.998
0 0 0 0 0 18.564 11.402 10.983 12.106 13.155 14.664 7.9563 16.285 10.312 15.477 14.163 11.767 16.811 10.615 13.934 9.918 10.232 14.072 13.647 13.203 12.04
0 0 0 0 0 0 18.998 28.153 28.746 21.753 24.967 20.626 32.635 24.823 9.6525 22.209 21.279 16.47 23.998 29.263 18.224 25.296 18.764 17.422 30.319 20.059
0 0 0 0 0 0 0 11.617 13.518 13.378 13.944 12.72 17.872 12.939 15.727 15.002 11.837 15.159 11.837 13.934 12.649 12.866 12.886 10.934 14.535 12.482
0 0 0 0 0 0 0 0 10.991 11.58 13.292 10.052 12.953 10.474 24.721 17.283 11.679 17.379 8.6429 10.242 11.667 10.035 11.026 17.268 11.218 14.338
0 0 0 0 0 0 0 0 0 13.293 16.201 11.414 12.327 8.9675 24.203 9.8982 10.814 15.532 11.495 11.754 11.461 9.5742 12.476 21.306 9.2211 10.942
0 0 0 0 0 0 0 0 0 0 14.15 10.529 14.134 12.873 17.703 16.031 9.9941 16.45 11.173 13.703 11.164 9.5261 13.486 14.84 14.012 12.715
0 0 0 0 0 0 0 0 0 0 0 11.086 12.167 12.502 21.374 13.857 8.3731 16.567 10.728 16.201 10.322 9.8209 12.357 16.318 11.724 12.771
0 0 0 0 0 0 0 0 0 0 0 0 13.006 9.9916 16.209 11.891 9.282 16.063 9.3161 13.189 14.959 9.2659 10.687 17.254 12.432 10.509
0 0 0 0 0 0 0 0 0 0 0 0 0 12.243 28.364 10.842 11.981 20.594 11.278 12.438 14.417 12.953 16.186 23.778 12.517 15.281
0 0 0 0 0 0 0 0 0 0 0 0 0 0 20.635 17.428 9.2571 17.211 10.614 10.069 14.198 9.6377 10.421 17.465 11.692 9.6377
0 0 0 0 0 0 0 0 0 0 0 0 0 0 0 17.919 16.787 17.812 20.052 25.581 13.968 21.006 14.915 14.114 26.313 15.84
0 0 0 0 0 0 0 0 0 0 0 0 0 0 0 0 17.487 15.718 8.8573 14.595 16.959 17.439 12.528 15.387 14.912 15.26
0 0 0 0 0 0 0 0 0 0 0 0 0 0 0 0 0 17.787 9.2399 12.536 11.335 11.495 11.72 15.426 12.405 11.153
0 0 0 0 0 0 0 0 0 0 0 0 0 0 0 0 0 0 16.028 15.476 16.871 16.874 15.858 15.627 16.178 15.45
0 0 0 0 0 0 0 0 0 0 0 0 0 0 0 0 0 0 0 10.772 9.9251 8.9231 11.679 14.371 12.257 9.0209
0 0 0 0 0 0 0 0 0 0 0 0 0 0 0 0 0 0 0 0 12.413 12.763 12.569 21.672 10.246 15.322
0 0 0 0 0 0 0 0 0 0 0 0 0 0 0 0 0 0 0 0 0 12.956 13.842 13.738 14.931 11.078
0 0 0 0 0 0 0 0 0 0 0 0 0 0 0 0 0 0 0 0 0 0 11.803 15.083 10.46 9.8635
0 0 0 0 0 0 0 0 0 0 0 0 0 0 0 0 0 0 0 0 0 0 0 13.326 13.466 12.886
0 0 0 0 0 0 0 0 0 0 0 0 0 0 0 0 0 0 0 0 0 0 0 0 21.977 14.077
0 0 0 0 0 0 0 0 0 0 0 0 0 0 0 0 0 0 0 0 0 0 0 0 0 12.144
0 0 0 0 0 0 0 0 0 0 0 0 0 0 0 0 0 0 0 0 0 0 0 0 0 0
