0 26.382 27.821 23.722 14.481 13.771 17.514 16.466 30.533 13.347 12.463 15.554 12.044 13.686
0 0 22.882 17.771 30.753 27.927 28.703 29.157 30.423 26.19 25.674 27.613 24.247 23.756
0 0 0 24.776 30.955 28.38 28.887 29.153 30.556 31.021 26.078 28.127 24.646 24.089
0 0 0 0 30.399 27.981 28.338 28.779 30.208 26.369 25.632 27.797 24.433 23.918
0 0 0 0 0 14.968 15.813 14.947 29.7 15.277 15.036 19.868 14.414 14.54
0 0 0 0 0 0 15.785 13.18 28.867 15.585 11.262 21.397 12.794 18.676
0 0 0 0 0 0 0 14.089 16.536 21.418 16.9 28.295 18.426 15.071
0 0 0 0 0 0 0 0 28.49 18.137 12.011 29.077 16.875 13.496
0 0 0 0 0 0 0 0 0 36.089 25.174 31.232 26.774 22.647
0 0 0 0 0 0 0 0 0 0 14.069 18.677 13.581 15.589
0 0 0 0 0 0 0 0 0 0 0 22.272 12.715 12.987
0 0 0 0 0 0 0 0 0 0 0 0 17.811 22.9
0 0 0 0 0 0 0 0 0 0 0 0 0 11.279
0 0 0 0 0 0 0 0 0 0 0 0 0 0
