0 28.574 31.787 29.56 28.44 31.277 31.355 28.085 23.626 23.677 23.513 23.656 24.846 26.667 29.371 32.278 23.445 31.073 27.472 31.78 24.545 23.788 22.961 24.34 28.39 25.717 30.048 25.023 33.023 29.944 22.712 23.164 30.108 22.88 24.34 26.743 22.734 23.423 23.159 14.691 31.073 23.138 31.861 23.655 24.521 47.192 26.203 24.4 23.614 22.98 24.205 31.341 28.347
0 0 17.233 8.4322 15.984 16.346 16.585 20.359 18.769 24.112 19.136 9.9051 26.098 10.786 19.485 20.359 21.789 18.799 10.308 20.359 17.818 19.485 16.192 22.819 15.731 10.173 20.945 18.769 21.17 8.0247 20.945 17.818 18.235 21.439 20.331 10.798 20.945 19.777 15.311 17.853 18.769 20.331 19.532 16.019 18.769 32.573 10.296 22.96 18.799 19.013 19.136 19.4 18.12
0 0 0 19.779 9.4349 13.508 9.3063 10.306 11.024 11.931 12.29 16.699 28.773 19.006 10.297 10.316 12.63 14.044 19.779 9.5321 11.931 11.293 13.145 12.171 10.297 18.084 13.107 12.171 12.488 18.193 12.58 11.726 14.052 10.379 13.109 19.112 11.931 12.802 17.015 18.974 12.181 11.219 11.235 10.418 12.802 47.192 18.769 22.532 11.072 12.171 14.305 10.569 11.205
0 0 0 0 19.036 19.371 19.535 23.117 21.615 27.432 22.534 11.024 27.524 11.931 22.463 23.117 24.691 21.979 11.444 23.117 20.702 22.463 19.515 25.717 18.481 11.504 24.375 21.615 24.319 5.8039 24.375 20.702 21.615 24.699 23.349 11.991 24.375 22.678 15.144 21.412 21.766 23.349 22.498 19.558 21.615 32.345 11.255 23.284 21.979 21.596 22.534 22.7 20.662
0 0 0 0 0 12.258 11.304 11.314 12.258 10.647 11.023 16.724 25.343 18.182 10.298 10.379 10.906 14.983 19.036 12.237 10.647 11.304 11.316 10.296 14.059 17.227 10.32 8.5719 11.37 17.281 9.437 10.873 13.117 11.192 13.482 18.236 11.33 12.253 15.613 16.16 10.363 9.9311 12.248 13.774 10.297 42.603 17.593 20.013 9.7853 10.296 17.196 15.853 14.996
0 0 0 0 0 0 11.314 13.202 14.134 11.697 11.83 16.264 28.725 18.547 11.234 12.256 11.674 13.202 19.371 12.258 11.697 11.314 14.122 11.278 14.995 17.595 14.143 11.312 12.604 17.665 11.726 11.671 11.232 11.234 13.987 18.617 12.258 11.948 16.378 18.7 10.383 11.312 12.246 13.739 11.948 44.224 18.053 22.952 11.235 12.226 17.058 11.234 10.379
0 0 0 0 0 0 0 12.148 11.273 12.142 12.477 16.131 28.756 18.726 10.296 6.7572 12.352 10.298 19.535 9.9681 12.142 11.52 11.837 11.356 11.301 17.776 10.315 9.5488 12.496 17.852 11.046 10.481 13.109 12.407 15.099 18.801 12.142 13.185 16.746 19.254 9.4324 11.444 7.6173 14.73 11.262 45.176 18.27 23.988 11.293 11.456 17.524 15.154 13.12
0 0 0 0 0 0 0 0 10.987 11.11 9.6573 19.558 25.51 22.349 10.065 10.35 10.383 14.985 23.117 13.1 10.911 11.236 10.36 11.162 14.983 21.409 10.513 12.821 12.354 21.501 9.8964 11.162 10.297 11.218 10.544 22.439 10.334 10.191 18.953 15.879 12.99 9.5465 10.486 11.703 12.163 45.211 21.99 20.713 10.317 11.318 17.169 15.629 10.367
0 0 0 0 0 0 0 0 0 8.4317 7.2463 17.994 20.302 20.732 10.296 11.555 11.314 11.341 21.615 12.164 8.4993 11.233 12.234 10.243 12.183 19.779 10.505 10.395 18.244 19.829 10.297 10.942 11.234 11.466 12.303 20.77 10.937 7.5359 17.335 11.235 13.195 8.4365 11.91 9.81 8.4249 46.061 20.359 22.886 10.871 14.24 16.836 14.911 12.266
0 0 0 0 0 0 0 0 0 0 9.3719 23.218 24.699 26.564 11.234 11.86 8.47 11.657 27.432 13.047 8.4257 11.235 12.234 12.255 14.05 25.609 11.293 11.239 18.286 25.654 10.298 7.8863 13.195 8.426 12.088 26.609 9.4459 12.253 22.909 11.236 12.067 5.6759 11.862 13.512 8.4373 43.342 25.907 22.529 11.234 13.28 17.196 12.071 14.056
0 0 0 0 0 0 0 0 0 0 0 18.235 19.779 21.649 10.506 11.869 10.296 12.2 22.534 12.56 7.6517 10.297 11.303 11.338 14.059 20.696 11.591 10.297 18.091 20.732 11.233 8.4397 13.106 8.7346 10.559 21.685 10.363 11.298 17.968 10.312 11.863 9.3622 11.667 12.536 9.361 46.077 20.945 23.766 7.4958 12.376 17.128 13.237 15
0 0 0 0 0 0 0 0 0 0 0 0 20 7.4317 18.647 19.558 20.96 17.93 11.246 19.558 16.999 18.647 16.449 21.99 15.946 8.4815 20.039 18.573 20.359 10.723 20.039 16.999 17.337 20.555 19.485 7.4933 20.039 18.952 12.241 18.539 17.994 19.485 18.696 15.697 17.994 33.455 11.24 23.455 17.93 18.248 18.235 18.512 17.365
0 0 0 0 0 0 0 0 0 0 0 0 0 19.448 26.187 29.114 22.087 28.449 20.009 28.681 21.138 19.828 19.266 23.117 26.097 19.558 27.327 21.577 31.142 27.163 21.615 20.435 27.77 21.979 21.447 19.723 21.615 20.071 12.731 18.631 28.449 20.702 29.287 19.806 20.731 32.573 19.296 24.2 19.279 20.302 19.859 27.919 24.614
0 0 0 0 0 0 0 0 0 0 0 0 0 0 21.652 22.349 23.897 21.132 7.4954 22.349 19.907 21.652 18.582 24.925 17.665 8.559 23.485 20.732 23.424 10.746 23.485 19.907 20.732 23.839 22.532 8.2521 23.485 21.882 12.255 20.5 20.9 22.532 21.689 18.648 20.732 32.469 10.091 23.618 21.132 20.86 21.649 21.832 19.932
0 0 0 0 0 0 0 0 0 0 0 0 0 0 0 11.233 10.307 12.183 22.463 12.668 12.168 11.606 15.065 12.255 11.244 20.702 7.5592 11.835 11.961 20.777 12.368 10.2 12.169 12.368 12.901 21.726 10.848 10.355 18.14 16.65 12.276 10.06 10.317 9.0188 10.262 44.224 21.184 19.527 10.137 14.084 17.005 12.674 15.084
0 0 0 0 0 0 0 0 0 0 0 0 0 0 0 0 11.697 13.118 23.117 9.361 11.86 11.472 12.002 11.657 9.3688 21.409 11.307 8.8832 12.059 21.501 12.17 12.17 14.048 11.751 13.158 22.439 11.86 12.292 18.953 19.18 9.4217 11.375 7.537 11.213 13.248 43.515 21.99 24.005 11.181 11.507 16.921 12.673 11.804
0 0 0 0 0 0 0 0 0 0 0 0 0 0 0 0 0 14.05 24.691 12.343 8.4993 10.299 12.261 8.3748 11.244 22.95 12.27 10.368 17.894 23.032 7.5491 10.298 12.482 11.39 10.312 23.978 10.297 9.3641 20.424 11.302 11.667 11.243 11.472 10.297 10.357 44.224 23.468 24.296 11.233 11.305 17.033 10.697 12.836
0 0 0 0 0 0 0 0 0 0 0 0 0 0 0 0 0 0 21.979 14.98 11.657 11.198 15.063 10.511 10.314 20.176 11.236 14.047 14.046 20.234 11.046 14.981 10.302 12.407 15.099 21.189 11.657 14.054 17.527 19.254 12.175 10.848 14.044 13.104 11.262 43.306 20.555 23.281 10.735 11.294 17.058 15.629 11.358
0 0 0 0 0 0 0 0 0 0 0 0 0 0 0 0 0 0 0 23.117 20.702 22.463 19.515 25.717 18.481 8.4939 24.375 21.615 24.319 10.689 24.375 20.702 21.615 24.699 23.349 10.372 24.375 22.678 11.298 21.412 21.766 23.349 22.498 19.558 21.615 32.345 9.3787 23.284 21.979 21.596 22.534 22.7 20.662
0 0 0 0 0 0 0 0 0 0 0 0 0 0 0 0 0 0 0 0 13.047 12.413 11.556 12.07 10.955 21.409 12.252 11.235 10.999 21.501 11.086 10.859 9.3711 11.37 13.212 22.439 13.047 11.279 18.953 19.387 9.3609 12.76 9.366 11.695 11.368 42.389 21.99 23.065 12.228 11.318 17.657 15.853 12.432
0 0 0 0 0 0 0 0 0 0 0 0 0 0 0 0 0 0 0 0 0 8.033 15.002 11.531 14.99 18.96 11.293 10.08 18.48 19.042 7.8906 8.4268 10.446 10.01 12.449 19.987 7.5395 10.94 16.441 11.306 13.12 8.437 11.862 13.732 8.4373 42.603 19.485 23.988 6.7808 13.123 14.41 10.019 15.605
0 0 0 0 0 0 0 0 0 0 0 0 0 0 0 0 0 0 0 0 0 0 12.237 11.238 9.6792 20.702 10.7 10.403 18.03 20.777 9.3636 7.5576 13.104 9.3489 10.098 21.726 10.299 12.263 18.14 10.081 11.845 12.171 11.634 11.961 9.3687 45.211 21.184 24.34 6.5803 10.3 18.109 15.154 12.059
0 0 0 0 0 0 0 0 0 0 0 0 0 0 0 0 0 0 0 0 0 0 0 15.063 14.06 17.658 11.296 12.234 17.7 17.653 10.373 10.419 13.112 11.542 8.3817 18.581 11.281 9.4057 14.868 13.191 13.191 15.065 11.358 12.234 14.122 45.363 17.818 24.2 9.4057 13.12 17.135 15.853 12.725
0 0 0 0 0 0 0 0 0 0 0 0 0 0 0 0 0 0 0 0 0 0 0 0 13.109 23.979 10.592 10.506 18.48 24.061 11.324 8.6232 11.766 11.324 12.533 25.007 9.4419 9.4506 21.455 9.7066 12.262 13.107 12.018 10.937 10.382 44.449 24.499 23.177 10.38 14.076 16.836 12.674 12.266
0 0 0 0 0 0 0 0 0 0 0 0 0 0 0 0 0 0 0 0 0 0 0 0 0 16.714 14.072 13.112 11.948 16.788 14.991 10.309 12.177 14.99 13.13 17.738 14.979 12.183 15.731 16.745 11.319 14.995 11.248 13.52 12.18 45.194 17.195 20.183 13.114 14.24 16.896 12.183 15.097
0 0 0 0 0 0 0 0 0 0 0 0 0 0 0 0 0 0 0 0 0 0 0 0 0 0 22.534 19.779 22.474 11.466 22.534 18.96 19.779 22.884 21.58 11.291 22.534 20.935 11.619 19.558 19.945 21.58 20.739 17.704 19.779 32.573 9.2952 23.281 20.176 19.932 20.696 20.877 19.006
0 0 0 0 0 0 0 0 0 0 0 0 0 0 0 0 0 0 0 0 0 0 0 0 0 0 0 10.348 11.397 22.567 9.9734 12.179 12.168 12.215 14.071 23.519 11.317 10.187 19.797 18.506 7.5517 11.248 10.378 13.447 10.371 45.211 22.762 22.952 10.463 9.7532 17.31 14.142 10.454
0 0 0 0 0 0 0 0 0 0 0 0 0 0 0 0 0 0 0 0 0 0 0 0 0 0 0 0 12.392 19.829 9.0981 8.4559 11.319 9.5154 11.213 20.77 10.617 13.196 18.058 15.396 12.264 11.236 9.292 12.237 9.8211 43.306 20.359 22.787 9.8971 13.298 17.246 14.481 13.117
0 0 0 0 0 0 0 0 0 0 0 0 0 0 0 0 0 0 0 0 0 0 0 0 0 0 0 0 0 22.502 18.48 17.384 12.669 15.068 17.492 23.453 18.286 17.688 20.601 24.155 13.195 17.927 11.8 17.98 18.573 40.802 22.819 22.993 17.72 16.602 17.502 13.237 15.097
0 0 0 0 0 0 0 0 0 0 0 0 0 0 0 0 0 0 0 0 0 0 0 0 0 0 0 0 0 0 22.567 19.042 19.816 22.935 21.652 10.139 22.567 21.016 15.267 19.574 19.992 21.652 20.816 17.722 19.829 30.773 13.115 22.289 20.234 20.036 20.732 20.923 19.113
0 0 0 0 0 0 0 0 0 0 0 0 0 0 0 0 0 0 0 0 0 0 0 0 0 0 0 0 0 0 0 7.5732 11.241 10.216 9.0197 23.519 12.249 11.309 19.797 10.519 11.446 12.172 11.808 7.6652 8.797 42.371 22.762 23.532 8.4004 10.494 17.021 13.237 14.996
0 0 0 0 0 0 0 0 0 0 0 0 0 0 0 0 0 0 0 0 0 0 0 0 0 0 0 0 0 0 0 0 10.629 11.493 10.226 19.987 8.5642 9.3668 16.441 10.807 10.509 7.4904 11.047 10.239 9.3616 43.306 19.485 23.941 7.4963 8.4553 16.165 14.109 12.206
0 0 0 0 0 0 0 0 0 0 0 0 0 0 0 0 0 0 0 0 0 0 0 0 0 0 0 0 0 0 0 0 0 14.042 13.128 20.77 14.978 12.251 18.487 19.46 9.3633 14.042 8.5756 13.352 14.048 44.224 20.039 23.063 14.042 10.962 18.011 14.976 11.242
0 0 0 0 0 0 0 0 0 0 0 0 0 0 0 0 0 0 0 0 0 0 0 0 0 0 0 0 0 0 0 0 0 0 6.85 23.89 10.375 12.253 20.205 12.196 11.581 12.189 11.738 8.502 8.6493 45.363 23.218 24.296 7.9791 12.356 17.196 12.591 14.056
0 0 0 0 0 0 0 0 0 0 0 0 0 0 0 0 0 0 0 0 0 0 0 0 0 0 0 0 0 0 0 0 0 0 0 22.603 12.249 13.185 19 14.04 14.919 10.481 14.917 13.658 8.959 46.061 22.043 24.007 11.693 11.604 17.524 15.154 13.12
0 0 0 0 0 0 0 0 0 0 0 0 0 0 0 0 0 0 0 0 0 0 0 0 0 0 0 0 0 0 0 0 0 0 0 0 23.519 21.962 11.324 20.518 20.947 22.603 21.764 18.667 20.77 32.345 11.233 24.451 21.189 20.962 21.685 21.878 20.036
0 0 0 0 0 0 0 0 0 0 0 0 0 0 0 0 0 0 0 0 0 0 0 0 0 0 0 0 0 0 0 0 0 0 0 0 0 12.277 19.797 9.3464 12.067 13.108 11.862 10.363 9.7152 42.371 22.762 22.882 11.33 7.4894 18.208 15.853 11.254
0 0 0 0 0 0 0 0 0 0 0 0 0 0 0 0 0 0 0 0 0 0 0 0 0 0 0 0 0 0 0 0 0 0 0 0 0 0 18.409 10.273 11.599 8.4683 12.251 12.382 10.387 40.575 21.453 23.125 11.322 11.097 18.77 14.481 10.941
0 0 0 0 0 0 0 0 0 0 0 0 0 0 0 0 0 0 0 0 0 0 0 0 0 0 0 0 0 0 0 0 0 0 0 0 0 0 0 16.969 17.335 19 18.183 15.822 17.335 33.447 13.269 22.859 17.527 17.568 19.339 18.182 16.665
0 0 0 0 0 0 0 0 0 0 0 0 0 0 0 0 0 0 0 0 0 0 0 0 0 0 0 0 0 0 0 0 0 0 0 0 0 0 0 0 18.829 11.235 19.235 12.456 11.414 47.192 19.693 23.214 9.1749 10.419 17.482 18.006 15.538
0 0 0 0 0 0 0 0 0 0 0 0 0 0 0 0 0 0 0 0 0 0 0 0 0 0 0 0 0 0 0 0 0 0 0 0 0 0 0 0 0 12.264 8.0695 14.669 11.599 44.295 20.359 23.353 11.528 13.142 19.147 14.411 14.153
0 0 0 0 0 0 0 0 0 0 0 0 0 0 0 0 0 0 0 0 0 0 0 0 0 0 0 0 0 0 0 0 0 0 0 0 0 0 0 0 0 0 11.528 12.316 12.178 45.159 22.043 24.229 11.234 13.15 16.914 11.984 13.197
0 0 0 0 0 0 0 0 0 0 0 0 0 0 0 0 0 0 0 0 0 0 0 0 0 0 0 0 0 0 0 0 0 0 0 0 0 0 0 0 0 0 0 11.727 11.947 39.679 21.227 23.718 11.318 11.068 18.011 15.916 11.558
0 0 0 0 0 0 0 0 0 0 0 0 0 0 0 0 0 0 0 0 0 0 0 0 0 0 0 0 0 0 0 0 0 0 0 0 0 0 0 0 0 0 0 0 10.641 42.645 17.853 23.877 12.831 12.376 17.196 14.481 14.056
0 0 0 0 0 0 0 0 0 0 0 0 0 0 0 0 0 0 0 0 0 0 0 0 0 0 0 0 0 0 0 0 0 0 0 0 0 0 0 0 0 0 0 0 0 44.259 20.359 23.065 8.4902 12.226 17.246 12.503 11.108
0 0 0 0 0 0 0 0 0 0 0 0 0 0 0 0 0 0 0 0 0 0 0 0 0 0 0 0 0 0 0 0 0 0 0 0 0 0 0 0 0 0 0 0 0 0 30.773 42.371 45.211 41.454 45.211 46.077 47.564
0 0 0 0 0 0 0 0 0 0 0 0 0 0 0 0 0 0 0 0 0 0 0 0 0 0 0 0 0 0 0 0 0 0 0 0 0 0 0 0 0 0 0 0 0 0 0 23.532 20.555 20.584 20.945 21.187 19.674
0 0 0 0 0 0 0 0 0 0 0 0 0 0 0 0 0 0 0 0 0 0 0 0 0 0 0 0 0 0 0 0 0 0 0 0 0 0 0 0 0 0 0 0 0 0 0 0 22.75 22.75 24.306 24.296 16.274
0 0 0 0 0 0 0 0 0 0 0 0 0 0 0 0 0 0 0 0 0 0 0 0 0 0 0 0 0 0 0 0 0 0 0 0 0 0 0 0 0 0 0 0 0 0 0 0 0 9.5538 16.914 11.605 14.993
0 0 0 0 0 0 0 0 0 0 0 0 0 0 0 0 0 0 0 0 0 0 0 0 0 0 0 0 0 0 0 0 0 0 0 0 0 0 0 0 0 0 0 0 0 0 0 0 0 0 15.66 11.095 15.735
0 0 0 0 0 0 0 0 0 0 0 0 0 0 0 0 0 0 0 0 0 0 0 0 0 0 0 0 0 0 0 0 0 0 0 0 0 0 0 0 0 0 0 0 0 0 0 0 0 0 0 11.778 21.437
0 0 0 0 0 0 0 0 0 0 0 0 0 0 0 0 0 0 0 0 0 0 0 0 0 0 0 0 0 0 0 0 0 0 0 0 0 0 0 0 0 0 0 0 0 0 0 0 0 0 0 0 12.836
0 0 0 0 0 0 0 0 0 0 0 0 0 0 0 0 0 0 0 0 0 0 0 0 0 0 0 0 0 0 0 0 0 0 0 0 0 0 0 0 0 0 0 0 0 0 0 0 0 0 0 0 0
