0 15.655 11.765 17.975 19.781 11.697 16.952 19.517 13.336 12.473 12.495 10.142 20.331 18.265 11.933 16.697 22.062 11.504 16.463 19.93 17.583 11.05 11.771 16.483 13.726 12.925 15.793 9.1385 13.341 12.414
0 0 16.349 15.038 18.165 15.897 7.9258 18.05 15.694 12.92 15.925 14.883 17.437 16.504 12.871 13.745 18.174 16.518 10.505 18.188 15.694 15.897 13.152 10.492 16.956 10.666 10.91 16.504 18.075 15.477
0 0 0 18.261 16.089 12.753 16.473 16.152 12.848 12.983 8.6182 12.921 18 10.281 9.8642 16.473 14.168 10.324 16.126 15.562 14.499 9.8411 10.439 15.982 10.202 11.753 15.565 9.6592 12.366 12.308
0 0 0 0 19.004 16.989 10.034 18.184 18.121 13.39 17.56 16.656 18.3 18.764 13.769 13.499 15.677 18.656 8.1849 19.044 18.091 17.124 14.19 11.448 17.678 12.558 7.6258 18.764 18.3 17.051
0 0 0 0 0 15.373 16.558 10.949 14.924 14.289 15.204 20.613 19.7 21.047 19.868 19.129 18.475 14.95 16.031 11.401 9.8555 16.581 14.705 16.006 19.596 15.538 20.694 18.435 17.714 24.389
0 0 0 0 0 0 15.917 14.269 12.523 12.706 14.415 11.279 18.157 14.619 14.123 17.437 16.965 12.471 16.542 14.576 14.262 12.962 10.521 14.583 10.009 14.328 16.452 11.429 10.864 14.232
0 0 0 0 0 0 0 17.149 17.089 9.6295 16.51 15.609 14.519 17.323 12.865 11.08 17.864 17.021 11.272 17.005 17.061 15.917 12.899 7.4365 16.624 10.019 8.0361 17.323 16.205 15.653
0 0 0 0 0 0 0 0 14.813 14.22 15.084 18.769 19.7 19.261 20.534 17.328 22.461 16.042 17.119 7.9889 8.9943 15.019 14.237 16.51 18.882 15.364 20.322 18.727 15.985 24.198
0 0 0 0 0 0 0 0 0 12.843 10.368 12.317 16.191 14.708 12.409 16.792 18.008 12.335 16.947 15.261 15.045 13.547 14.036 16.495 12.426 12.32 16.271 11.508 14.036 15.349
0 0 0 0 0 0 0 0 0 0 10.973 13.83 15.648 13.222 11.273 10.46 17.562 11.506 9.7479 14.981 12.811 11.711 12.112 13.395 12.865 9.3229 10.286 11.358 13.747 13.424
0 0 0 0 0 0 0 0 0 0 0 10.808 17.06 13.745 9.9474 16.592 17.976 12.262 16.474 14.909 14.668 11.217 12.034 16.466 11.704 12.657 16.721 9.1877 12.855 14.722
0 0 0 0 0 0 0 0 0 0 0 0 19.704 14.585 11.603 17.523 18.91 10.345 15.524 19.949 17.731 9.3884 10.39 15.338 10.864 12.856 16.153 9.9658 10.436 10.733
0 0 0 0 0 0 0 0 0 0 0 0 0 21.393 19.544 18.709 21.018 19.138 13.353 19.673 19.685 18.001 17.72 15.347 19.6 16.815 21.21 19.276 17.934 24.196
0 0 0 0 0 0 0 0 0 0 0 0 0 0 14.747 17.323 13.922 13.718 16.567 20.946 18.711 15.618 14.644 15.496 13.484 15.164 15.924 17.3 14.359 15.107
0 0 0 0 0 0 0 0 0 0 0 0 0 0 0 15.25 19.728 14.235 13.639 20.274 19.236 12.55 11.422 11.102 9.0798 9.7283 12.855 12.671 11.927 10.774
0 0 0 0 0 0 0 0 0 0 0 0 0 0 0 0 18.706 17.021 11.744 18.791 16.772 17.019 12.391 11.509 16.499 11.706 12.434 17.323 15.966 16.526
0 0 0 0 0 0 0 0 0 0 0 0 0 0 0 0 0 13.381 18.244 19.669 17.784 17.479 18.699 18.923 18.3 18.674 18.825 18.685 18.397 18.583
0 0 0 0 0 0 0 0 0 0 0 0 0 0 0 0 0 0 16.29 14.229 13.81 14.05 11.726 15.391 11.468 14.561 15.652 14.368 12.143 15.833
0 0 0 0 0 0 0 0 0 0 0 0 0 0 0 0 0 0 0 16.979 16.85 16.527 14.783 9.872 16.586 11.403 12.808 16.567 16.146 15.574
0 0 0 0 0 0 0 0 0 0 0 0 0 0 0 0 0 0 0 0 10.445 16.447 14.442 15.84 18.838 15.569 20.804 19.184 15.569 23.503
0 0 0 0 0 0 0 0 0 0 0 0 0 0 0 0 0 0 0 0 0 13.707 14.433 16.495 17.018 14.262 18.499 16.564 15.193 21.262
0 0 0 0 0 0 0 0 0 0 0 0 0 0 0 0 0 0 0 0 0 0 12.305 15.566 11.681 13.823 15.691 12.55 13.957 13.627
0 0 0 0 0 0 0 0 0 0 0 0 0 0 0 0 0 0 0 0 0 0 0 13.899 10.252 11.425 12.816 12.099 11.189 13.766
0 0 0 0 0 0 0 0 0 0 0 0 0 0 0 0 0 0 0 0 0 0 0 0 14.849 10.926 9.4393 15.715 14.955 15.138
0 0 0 0 0 0 0 0 0 0 0 0 0 0 0 0 0 0 0 0 0 0 0 0 0 12.169 16.837 11.188 13.055 11.096
0 0 0 0 0 0 0 0 0 0 0 0 0 0 0 0 0 0 0 0 0 0 0 0 0 0 11.223 11.23 12.843 12.839
0 0 0 0 0 0 0 0 0 0 0 0 0 0 0 0 0 0 0 0 0 0 0 0 0 0 0 15.924 15.897 15.538
0 0 0 0 0 0 0 0 0 0 0 0 0 0 0 0 0 0 0 0 0 0 0 0 0 0 0 0 13.413 12.25
0 0 0 0 0 0 0 0 0 0 0 0 0 0 0 0 0 0 0 0 0 0 0 0 0 0 0 0 0 11.052
0 0 0 0 0 0 0 0 0 0 0 0 0 0 0 0 0 0 0 0 0 0 0 0 0 0 0 0 0 0
