1 34 57 33.933 -118.47 194 0 27 150 1 15
1 34 57 33.883 -118.54 221 244 59 150 1 15
1 34 57 33.824 -118.56 285 211 80 150 1 15
1 34 57 33.817 -118.47 285 94 80 150 1 15
1 34 57 33.731 -118.53 294 137 111 170 1 2
1 34 57 33.691 -118.45 318 162 135 170 1 18
1 34 57 33.686 -118.22 359 105 162 170 1 18
1 34 57 33.683 -118.07 370 91 170 170 1 18
1 34 57 33.681 -117.95 376 90 170 170 1 18
1 34 57 33.681 -117.95 376 90 170 170 1 18
1 34 57 33.678 -117.82 376 91 170 170 1 18
1 34 57 33.676 -117.7 376 91 171 170 1 18
1 34 57 33.672 -117.56 397 91 170 170 1 26
1 34 57 33.669 -117.42 410 91 170 170 1 26
1 34 57 33.666 -117.29 413 91 170 170 1 26
1 34 57 33.661 -117.15 413 91 170 170 1 26
1 34 57 33.65 -116.93 405 92 171 170 1 26
1 34 57 33.65 -116.82 392 91 151 170 1 26
1 34 57 33.648 -116.75 387 89 141 170 1 26
1 34 57 33.65 -116.58 331 91 90 170 1 4
1 34 57 33.667 -116.5 241 81 89 170 1 4
1 34 57 33.683 -116.43 232 76 62 170 1 4
1 34 57 33.717 -116.38 227 73 34 170 1 4
1 34 57 33.75 -116.43 171 50 26 170 1 4
1 34 57 33.783 -116.47 152 0 13 170 1 4
2 34 57 33.934 -118.43 151.75 156.25 15.25 150 1 15
2 34 57 33.893 -118.45 177.12 233 31.375 150 1 15
2 34 57 33.845 -118.46 187.62 194.75 47.375 150 1 15
2 34 57 33.803 -118.43 191.88 169.75 61.875 150 1 15
2 34 57 33.772 -118.38 200.88 164 77 150 1 15
2 34 57 33.754 -118.32 204.5 134.25 89.75 150 1 2
2 34 57 33.746 -118.25 212 108.75 104 150 1 2
2 34 57 33.755 -118.19 215.25 100.75 114.88 150 1 2
2 34 57 33.767 -118.11 216.94 85.375 128 150 1 18
2 34 57 33.776 -118.03 221.12 81.75 137.62 150 1 18
2 34 57 33.775 -117.94 229.38 81.5 143.62 150 1 18
2 34 57 33.768 -117.86 241.31 89.812 147.81 150 1 18
2 34 57 33.762 -117.78 245.31 94.062 150 150 1 18
2 34 57 33.756 -117.7 251.88 94.75 150.12 150 1 18
2 34 57 33.75 -117.61 258.12 94.688 150.12 150 1 18
2 34 57 33.742 -117.52 261.19 94.438 150 150 1 26
2 34 57 33.734 -117.44 262.38 94.812 150.12 150 1 26
2 34 57 33.726 -117.37 262.69 95.812 150.12 150 1 26
2 34 57 33.719 -117.3 263.62 96.438 150.12 150 1 26
2 34 57 33.709 -117.2 262.88 95.25 150.12 150 1 26
2 34 57 33.702 -117.11 262.62 94 150.12 150 1 26
2 34 57 33.693 -117.02 263.38 94.875 150.25 150 1 26
2 34 57 33.697 -116.94 263.81 89.125 150.19 150 1 26
2 34 57 33.681 -116.86 263.88 92.875 148.31 150 1 26
2 34 57 33.676 -116.78 260 94 144.12 150 1 26
2 34 57 33.668 -116.7 244 94.75 132.12 150 1 26
2 34 57 33.673 -116.64 247 86 117.5 150 1 26
2 34 57 33.686 -116.56 244.25 79.375 101.75 150 1 4
2 34 57 33.712 -116.51 231.75 69 82.125 150 1 4
2 34 57 33.759 -116.46 216.38 96.5 52 150 1 4
2 34 57 33.79 -116.48 202.62 155.75 40.625 150 1 4
2 34 57 33.819 -116.5 157.12 98.5 15.875 150 1 4
