1 34 55 33.939 -118.45 177.03 96.947 24.974 330 1 15
1 34 55 33.902 -118.5 232.16 234.76 35.342 330 1 15
1 34 55 33.856 -118.53 263.82 213.03 54.105 330 1 15
1 34 55 33.784 -118.54 278 202.32 79.763 330 1 15
1 34 55 33.722 -118.5 294.13 176.13 102.95 330 1 2
1 34 55 33.672 -118.42 321.11 159.89 127.05 330 1 2
1 34 55 33.652 -118.31 342.79 134.32 148.13 330 1 18
1 34 55 33.649 -118.19 364.42 110.97 168.97 330 1 18
1 34 55 33.649 -118.06 376.76 95.632 188.95 330 1 18
1 34 55 33.649 -117.93 390.71 90.605 207.82 330 1 18
1 34 55 33.648 -117.78 403.11 89.737 227.89 330 1 18
1 34 55 33.646 -117.64 413.87 89.895 242.83 330 1 18
1 34 55 33.646 -117.51 424.21 90.053 256.63 330 1 51
1 34 55 33.644 -117.35 433.53 89.895 269.66 330 1 51
1 34 55 33.642 -117.2 437.87 90.947 278.39 330 1 51
1 34 55 33.639 -117.05 444.74 90.921 286.74 330 1 51
1 34 55 33.632 -116.91 449.53 92.605 293.76 330 1 51
1 34 55 33.629 -116.76 453.05 90.921 299.76 330 1 41
1 34 55 33.623 -116.59 457.47 91.711 305.61 330 1 41
1 34 55 33.619 -116.45 460.39 92.105 312.47 330 1 41
1 34 55 33.614 -116.3 460.83 91.711 317.46 330 1 41
1 34 55 33.609 -116.15 462.37 91.592 321.17 330 1 41
1 34 55 33.603 -115.98 463.97 91.658 324.5 330 1 41
1 34 55 33.6 -115.84 466.29 90.342 325.79 330 1 41
1 34 55 33.592 -115.67 467.11 90.605 326.34 330 1 41
1 34 55 33.584 -115.51 468.58 91.763 326.26 330 1 41
1 34 55 33.574 -115.35 470.38 91.671 326.21 330 1 41
1 34 55 33.565 -115.2 470.34 93.382 325.58 250 1 39
1 34 55 33.555 -115.04 469.71 93.658 325.21 250 1 39
1 34 55 33.544 -114.89 470.75 93.921 324.26 250 1 39
1 34 55 33.532 -114.74 471.08 94.645 321.11 250 1 39
1 34 55 33.517 -114.59 470.39 100.7 311.57 250 1 39
1 34 55 33.501 -114.43 465.82 96.447 294.11 250 1 39
1 34 55 33.486 -114.29 459.18 96.868 274.24 250 1 39
1 34 55 33.469 -114.15 447.32 101.84 257 250 1 39
1 34 55 33.447 -114 432.84 98.816 247.82 250 2 64
1 34 55 33.423 -113.87 422.18 100.86 244 250 2 64
1 34 55 33.397 -113.74 419.86 102.09 237.89 250 2 64
1 34 55 33.372 -113.6 416.96 102.29 227.21 250 2 64
1 34 55 33.347 -113.47 411.87 102.05 216.32 250 2 64
1 34 55 33.323 -113.34 402.82 101.8 202.53 250 2 64
1 34 55 33.303 -113.21 388.18 100.89 187.45 250 2 64
1 34 55 33.288 -113.09 370.91 98.224 173.54 250 2 64
1 34 55 33.285 -112.96 354.5 92.592 163 250 2 64
1 34 55 33.282 -112.84 338.55 91.618 156.16 250 2 64
1 34 55 33.282 -112.74 326.04 89.711 151.74 250 2 79
1 34 55 33.284 -112.63 317.75 88.132 143.57 250 2 79
1 34 55 33.285 -112.53 312.26 88.237 131.08 250 2 79
1 34 55 33.289 -112.43 304.79 87.184 117.5 250 2 79
1 34 55 33.297 -112.33 295.63 84.842 107.42 250 2 79
1 34 55 33.303 -112.24 283.03 84.158 98.184 250 2 79
1 34 55 33.313 -112.14 268.55 82.684 90.184 250 2 79
1 34 55 33.327 -112.06 252.95 80.447 82.368 250 2 79
1 34 55 33.341 -111.99 243.84 76.342 73.053 250 2 79
1 34 55 33.349 -111.91 237.87 78.684 62.211 250 2 79
1 34 55 33.372 -111.85 227.74 76.658 49.132 250 2 79
1 34 55 33.412 -111.85 207.16 128.26 36.868 250 2 79
1 34 55 33.43 -111.9 184.05 282.29 27.842 250 2 79
1 34 55 33.433 -111.95 158.26 271.68 19.526 250 2 79
1 34 55 33.434 -111.98 144.58 265.55 14.342 250 2 79
