1 34 62 33.936 -118.43 149.33 0 11 90 1 15
1 34 62 33.859 -118.47 203.33 224 41 90 1 15
1 34 62 33.805 -118.48 232.33 185 54.667 90 1 15
1 34 62 33.758 -118.48 242.33 181.33 61 90 1 15
1 34 62 33.683 -118.42 251 159 83.333 90 1 2
1 34 62 33.64 -118.37 266.33 143 93.667 90 1 2
1 34 62 33.594 -118.29 277.67 121.67 96.667 90 1 2
1 34 62 33.542 -118.18 285 119.67 97 90 1 2
1 34 62 33.503 -118.11 291.33 121.33 96.667 90 1 2
1 34 62 33.451 -118.01 290 119.67 96.333 90 1 2
1 34 62 33.411 -117.94 286.33 124.67 96.667 90 1 2
1 34 62 33.371 -117.85 286 121 96.333 90 1 2
1 34 62 33.325 -117.78 285.33 119.33 96.667 90 1 2
1 34 62 33.297 -117.71 284.33 126 96.667 90 1 2
1 34 62 33.222 -117.61 284 126.67 96.667 90 1 2
1 34 62 33.17 -117.54 283.17 135.33 96.333 90 1 9
1 34 62 33.109 -117.48 281.67 133.67 96.667 90 1 9
1 34 62 33.036 -117.43 269.67 143.33 95.667 90 1 9
1 34 62 32.979 -117.38 266 148.33 89.667 90 1 9
1 34 62 32.923 -117.32 271.67 142.33 79.333 90 1 9
1 34 62 32.869 -117.26 269 132.67 68 90 1 9
1 34 62 32.828 -117.2 271.33 132.67 59 90 1 9
1 34 62 32.785 -117.12 237.67 121 52.667 90 1 9
1 34 62 32.76 -117.06 220.67 116.33 44 90 1 9
1 34 62 32.716 -117.06 194 149.33 33.333 90 1 9
1 34 62 32.717 -117.12 158.67 227.67 15.333 90 1 9
1 34 62 32.728 -117.17 137.33 281 5.3333 90 1 9
1 34 62 32.73 -117.18 132.67 292.67 31.333 90 1 9
2 34 62 33.931 -118.44 173.21 0 16.5 110 1 15
2 34 62 33.884 -118.49 229.25 197.54 39.321 110 1 15
2 34 62 33.828 -118.51 244.61 213 57.964 110 1 15
2 34 62 33.76 -118.51 256.96 184.68 78.143 110 1 15
2 34 62 33.701 -118.47 271.39 160.57 94.393 110 1 2
2 34 62 33.657 -118.39 292.46 133.43 101.73 110 1 2
2 34 62 33.61 -118.31 312.02 124.05 104.12 110 1 2
2 34 62 33.567 -118.23 321.18 122.18 104.48 110 1 2
2 34 62 33.527 -118.15 322.64 121.26 104.45 110 1 2
2 34 62 33.483 -118.07 321.81 121.68 104.46 110 1 2
2 34 62 33.438 -117.99 322.47 122.04 104.46 110 1 2
2 34 62 33.396 -117.91 321.32 122.82 104.5 110 1 2
2 34 62 33.356 -117.83 319.85 121.93 104.5 110 1 2
2 34 62 33.313 -117.76 319.03 122.85 104.54 110 1 2
2 34 62 33.264 -117.67 312.04 124.35 104.19 110 1 2
2 34 62 33.207 -117.6 306.2 130.13 102.46 110 1 2
2 34 62 33.15 -117.52 299.98 132.52 98.696 110 1 9
2 34 62 33.081 -117.46 289.92 140.24 92.902 110 1 9
2 34 62 33.016 -117.4 279.25 144.96 86.018 110 1 9
2 34 62 32.954 -117.35 272.61 143.29 78.679 110 1 9
2 34 62 32.898 -117.29 263.96 136.43 72.464 110 1 9
2 34 62 32.859 -117.22 258.3 129.41 66.071 110 1 9
2 34 62 32.82 -117.15 250.29 122.18 61.071 110 1 9
2 34 62 32.794 -117.08 240.36 116.5 57.214 110 1 9
2 34 62 32.771 -117.02 232.61 111.11 53.286 110 1 9
2 34 62 32.736 -116.97 220.68 116.71 49.036 110 1 9
2 34 62 32.703 -116.98 208.93 166.61 41.821 110 1 9
2 34 62 32.697 -117.03 193.14 229.21 31.143 110 1 9
2 34 62 32.709 -117.09 169.39 280.96 20.464 110 1 9
2 34 62 32.718 -117.13 142.43 286.68 10.929 110 1 9
2 34 62 32.729 -117.17 136.25 283.71 4.5 110 1 9
